<TICKER>,<PER>,<DATE>,<TIME>,<OPEN>,<HIGH>,<LOW>,<CLOSE>,<VOL>,<OPENINT>
PRK.US,5,20211104,143000,134.38,134.38,133.31,133.31,308,0
PRK.US,5,20211104,144000,133,133.3,133,133.3,1064,0
PRK.US,5,20211104,144500,133.24,133.24,133.2,133.2,200,0
PRK.US,5,20211104,151500,132.02,132.02,132.02,132.02,100,0
PRK.US,5,20211104,152000,131.52,131.81,131.52,131.81,200,0
PRK.US,5,20211104,153000,131.75,131.75,131.74,131.74,200,0
PRK.US,5,20211104,154500,131.12,131.12,131.12,131.12,100,0
PRK.US,5,20211104,155000,130.87,130.87,130.87,130.87,100,0
PRK.US,5,20211104,155500,130.6,130.6,130.6,130.6,200,0
PRK.US,5,20211104,161000,130.81,131.21,130.81,131.21,200,0
PRK.US,5,20211104,164000,131.8,131.8,131.8,131.8,100,0
PRK.US,5,20211104,174000,131.26,131.61,131.26,131.61,400,0
PRK.US,5,20211104,180000,131.59,131.82,131.38,131.82,500,0
PRK.US,5,20211104,180500,131.84,131.95,131.84,131.95,300,0
PRK.US,5,20211104,182500,132.59,132.59,132.46,132.46,200,0
PRK.US,5,20211104,185000,132.14,132.14,132.14,132.14,100,0
PRK.US,5,20211104,190500,132,132,132,132,100,0
PRK.US,5,20211104,192500,131.78,131.78,131.74,131.74,200,0
PRK.US,5,20211104,193000,131.73,131.73,131.73,131.73,100,0
PRK.US,5,20211104,194000,132,132,132,132,106,0
PRK.US,5,20211104,194500,131.81,131.81,131.81,131.81,100,0
PRK.US,5,20211104,202000,132.16,132.16,132.16,132.16,100,0
PRK.US,5,20211104,202500,132.23,132.391,132.23,132.296,400,0
PRK.US,5,20211104,203000,132.45,132.62,132.35,132.62,1282,0
PRK.US,5,20211104,203500,132.55,132.62,132.38,132.62,500,0
PRK.US,5,20211104,204500,132.355,132.355,132.05,132.05,400,0
PRK.US,5,20211104,205000,132.55,132.75,131.96,132.75,1736,0
PRK.US,5,20211104,205500,133.21,133.21,132.73,133.14,1997,0
PRK.US,5,20211105,143000,133.15,133.15,133.15,133.15,782,0
PRK.US,5,20211105,143500,133.15,133.15,133.15,133.15,200,0
PRK.US,5,20211105,144000,133.15,133.2,133.15,133.2,561,0
PRK.US,5,20211105,144500,133.2,133.2,133.2,133.2,772,0
PRK.US,5,20211105,145000,133.3,133.3,133.25,133.3,945,0
PRK.US,5,20211105,145500,133.4,133.4,133.4,133.4,900,0
PRK.US,5,20211105,150000,133.71,133.71,133.25,133.65,1086,0
PRK.US,5,20211105,150500,133.9,133.9,133.9,133.9,100,0
PRK.US,5,20211105,153000,133.88,133.88,133.88,133.88,100,0
PRK.US,5,20211105,153500,133.88,133.9,133.88,133.9,937,0
PRK.US,5,20211105,154000,134.15,134.15,134.15,134.15,896,0
PRK.US,5,20211105,161000,135,135,135,135,642,0
PRK.US,5,20211105,161500,135.79,135.79,135.79,135.79,100,0
PRK.US,5,20211105,162000,135.8,135.8,135.72,135.72,200,0
PRK.US,5,20211105,162500,135.7,135.7,135.7,135.7,100,0
PRK.US,5,20211105,163000,135.5,135.5,135.5,135.5,600,0
PRK.US,5,20211105,163500,135.42,135.42,135.42,135.42,100,0
PRK.US,5,20211105,164000,135.12,135.12,135.12,135.12,100,0
PRK.US,5,20211105,164500,134.9,134.9,134.9,134.9,100,0
PRK.US,5,20211105,165000,135.07,135.07,135.07,135.07,100,0
PRK.US,5,20211105,170000,134.88,135.28,134.88,135.28,1898,0
PRK.US,5,20211105,171000,135.3,135.3,135.3,135.3,200,0
PRK.US,5,20211105,172000,135.22,135.22,135.09,135.09,200,0
PRK.US,5,20211105,173000,135.44,135.44,135.44,135.44,100,0
PRK.US,5,20211105,174500,135.27,135.5,135.27,135.5,530,0
PRK.US,5,20211105,175000,135.49,135.5,135.49,135.5,226,0
PRK.US,5,20211105,180000,135.43,135.43,135.43,135.43,100,0
PRK.US,5,20211105,182500,134.99,134.99,134.96,134.96,200,0
PRK.US,5,20211105,183000,134.85,134.85,134.85,134.85,100,0
PRK.US,5,20211105,184000,134.98,135,134.98,135,694,0
PRK.US,5,20211105,190500,135.61,135.67,135.61,135.67,496,0
PRK.US,5,20211105,191500,135.332,135.5,135.332,135.443,1575,0
PRK.US,5,20211105,194000,135,135,135,135,1171,0
PRK.US,5,20211105,195000,135.54,135.54,135.54,135.54,200,0
PRK.US,5,20211105,200000,135.28,135.28,135.28,135.28,217,0
PRK.US,5,20211105,201000,135.99,136,135.99,136,450,0
PRK.US,5,20211105,201500,136,136,136,136,100,0
PRK.US,5,20211105,202000,136,136,136,136,143,0
PRK.US,5,20211105,202500,135.926,135.926,135.926,135.926,102,0
PRK.US,5,20211105,203500,135.94,135.94,135.94,135.94,200,0
PRK.US,5,20211105,204500,135.94,136,135.94,135.96,1014,0
PRK.US,5,20211105,205000,136,136.02,136,136.02,700,0
PRK.US,5,20211105,205500,136.11,136.5,136.11,136.5,1119,0
PRK.US,5,20211108,153000,135.9,135.9,135.9,135.9,573,0
PRK.US,5,20211108,154000,136.44,137,136.44,137,339,0
PRK.US,5,20211108,162500,137.47,137.47,137.47,137.47,200,0
PRK.US,5,20211108,164500,137.49,137.95,137.49,137.95,200,0
PRK.US,5,20211108,170000,138,138,138,138,100,0
PRK.US,5,20211108,172000,136.997,136.997,136.997,136.997,439,0
PRK.US,5,20211108,173500,137.33,137.33,137.33,137.33,200,0
PRK.US,5,20211108,180000,137.23,137.23,137.23,137.23,100,0
PRK.US,5,20211108,185000,137.25,137.25,137.25,137.25,200,0
PRK.US,5,20211108,185500,137.25,137.25,137.25,137.25,200,0
PRK.US,5,20211108,192500,137.27,137.27,137.27,137.27,100,0
PRK.US,5,20211108,193000,137.25,137.25,137.25,137.25,100,0
PRK.US,5,20211108,210500,137.47,137.47,137.27,137.27,400,0
PRK.US,5,20211108,213000,137.64,137.64,137.43,137.43,200,0
PRK.US,5,20211108,214000,137.675,137.675,137.675,137.675,100,0
PRK.US,5,20211108,215000,137.54,137.565,137.39,137.39,300,0
PRK.US,5,20211108,215500,137.34,138.02,137.34,138.02,4068,0
PRK.US,5,20211109,153000,137.9,137.9,137.9,137.9,350,0
PRK.US,5,20211109,154500,136.8,136.8,136.8,136.8,100,0
PRK.US,5,20211109,160000,136.25,136.25,136.25,136.25,993,0
PRK.US,5,20211109,162000,137.24,137.24,137.24,137.24,100,0
PRK.US,5,20211109,163500,137.335,137.335,137.25,137.25,300,0
PRK.US,5,20211109,164000,137.49,137.49,137.49,137.49,100,0
PRK.US,5,20211109,165000,137.27,137.27,137.27,137.27,100,0
PRK.US,5,20211109,170500,137.16,137.16,137.16,137.16,100,0
PRK.US,5,20211109,171500,136.79,136.79,136.79,136.79,100,0
PRK.US,5,20211109,172000,136.98,136.98,136.98,136.98,200,0
PRK.US,5,20211109,173500,137.13,137.415,137.13,137.13,600,0
PRK.US,5,20211109,174500,137.3,137.3,137.3,137.3,200,0
PRK.US,5,20211109,175000,137.12,137.12,137.12,137.12,100,0
PRK.US,5,20211109,180500,137.08,137.08,137.07,137.07,200,0
PRK.US,5,20211109,181000,137.41,137.41,137.41,137.41,100,0
PRK.US,5,20211109,181500,137.33,137.33,137.3,137.3,200,0
PRK.US,5,20211109,182500,137.14,137.14,137.14,137.14,100,0
PRK.US,5,20211109,183000,137.005,137.005,137.005,137.005,100,0
PRK.US,5,20211109,184000,137.435,137.449,137.435,137.449,200,0
PRK.US,5,20211109,190500,137.77,137.77,137.77,137.77,100,0
PRK.US,5,20211109,191500,137.97,137.97,137.97,137.97,100,0
PRK.US,5,20211109,193000,137.8,137.8,137.8,137.8,100,0
PRK.US,5,20211109,195500,137.74,137.74,137.74,137.74,100,0
PRK.US,5,20211109,201000,137.4,137.6,137.4,137.6,300,0
PRK.US,5,20211109,203000,137.99,137.99,137.82,137.82,200,0
PRK.US,5,20211109,203500,138.02,138.13,137.93,138.13,359,0
PRK.US,5,20211109,204000,138.71,138.71,138.13,138.13,200,0
PRK.US,5,20211109,205500,138.17,138.27,138.17,138.27,200,0
PRK.US,5,20211109,213000,138.038,138.038,138.038,138.038,120,0
PRK.US,5,20211109,214000,138.195,138.195,138.19,138.19,200,0
PRK.US,5,20211109,215000,137.92,137.92,137.69,137.735,700,0
PRK.US,5,20211109,215500,137.9,138.29,137.78,138.29,5339,0
PRK.US,5,20211110,153000,137.99,137.99,137.99,137.99,258,0
PRK.US,5,20211110,153500,138.28,138.28,138.28,138.28,100,0
PRK.US,5,20211110,154500,138,138,138,138,100,0
PRK.US,5,20211110,155000,138.19,138.19,138.19,138.19,100,0
PRK.US,5,20211110,155500,137.85,137.85,137.85,137.85,100,0
PRK.US,5,20211110,160000,138.05,138.05,138.05,138.05,173,0
PRK.US,5,20211110,160500,138.05,138.05,138.05,138.05,100,0
PRK.US,5,20211110,161000,137.32,137.32,137.32,137.32,100,0
PRK.US,5,20211110,161500,137.81,137.81,137.81,137.81,100,0
PRK.US,5,20211110,163500,137.7,137.7,137.7,137.7,681,0
PRK.US,5,20211110,164000,137.64,137.7,137.64,137.7,381,0
PRK.US,5,20211110,165500,137.7,137.7,137.7,137.7,600,0
PRK.US,5,20211110,170500,137.56,137.56,137.48,137.48,200,0
PRK.US,5,20211110,174500,137.98,138.15,137.98,138.15,200,0
PRK.US,5,20211110,180500,138.08,138.26,138.08,138.215,500,0
PRK.US,5,20211110,181500,138.005,138.25,138.005,138.25,700,0
PRK.US,5,20211110,182000,138.25,138.25,138.25,138.25,100,0
PRK.US,5,20211110,183000,138.25,138.25,138.25,138.25,100,0
PRK.US,5,20211110,184000,138.24,138.24,138.1,138.1,200,0
PRK.US,5,20211110,184500,138.09,138.14,138.09,138.14,200,0
PRK.US,5,20211110,185000,138.19,138.19,138.19,138.19,100,0
PRK.US,5,20211110,192000,138.25,138.299,138.25,138.299,300,0
PRK.US,5,20211110,194000,138.6,138.83,138.6,138.83,200,0
PRK.US,5,20211110,200000,138.195,138.24,138.195,138.24,200,0
PRK.US,5,20211110,201000,138.5,138.5,138.5,138.5,100,0
PRK.US,5,20211110,202000,138.25,138.25,138.25,138.25,100,0
PRK.US,5,20211110,203000,138.25,138.25,138.25,138.25,100,0
PRK.US,5,20211110,203500,138.75,139.24,138.75,139.24,200,0
PRK.US,5,20211110,210000,139.38,139.38,139.38,139.38,100,0
PRK.US,5,20211110,211000,139.012,139.012,139.012,139.012,219,0
PRK.US,5,20211110,213000,139.02,139.02,139.02,139.02,100,0
PRK.US,5,20211110,213500,139.68,139.68,139.68,139.68,100,0
PRK.US,5,20211110,214000,139.45,139.6,139.45,139.6,400,0
PRK.US,5,20211110,214500,139.55,139.68,139.55,139.68,200,0
PRK.US,5,20211110,215000,139.69,139.88,139.69,139.88,600,0
PRK.US,5,20211110,215500,139.95,139.97,139.24,139.24,5248,0
PRK.US,5,20211111,153000,139.99,139.99,139.035,139.149,683,0
PRK.US,5,20211111,153500,138.75,139.2,138.75,139.2,1200,0
PRK.US,5,20211111,163000,139.142,139.142,139.142,139.142,100,0
PRK.US,5,20211111,173000,139.18,139.18,139.165,139.165,200,0
PRK.US,5,20211111,173500,139.35,139.35,139.35,139.35,300,0
PRK.US,5,20211111,174000,139.775,140,139.775,140,1086,0
PRK.US,5,20211111,175500,140.16,140.16,140,140,300,0
PRK.US,5,20211111,180000,139.76,140.07,139.7,139.76,1400,0
PRK.US,5,20211111,181000,140.15,140.15,140.15,140.15,100,0
PRK.US,5,20211111,182000,139.958,139.958,139.958,139.958,113,0
PRK.US,5,20211111,182500,140.5,140.5,140.5,140.5,100,0
PRK.US,5,20211111,183500,140.84,141,140.84,141,334,0
PRK.US,5,20211111,190000,141.11,141.11,141.11,141.11,100,0
PRK.US,5,20211111,190500,140.75,140.75,140.7,140.7,200,0
PRK.US,5,20211111,191500,140.75,140.75,140.75,140.75,100,0
PRK.US,5,20211111,201000,140.614,140.614,140.614,140.614,100,0
PRK.US,5,20211111,205000,140.04,140.04,140.04,140.04,100,0
PRK.US,5,20211111,210000,140.04,140.04,140.04,140.04,100,0
PRK.US,5,20211111,210500,140.2,140.2,140.2,140.2,137,0
PRK.US,5,20211111,212500,140.039,140.039,140.039,140.039,215,0
PRK.US,5,20211111,214500,140.5,140.68,140.42,140.42,1027,0
PRK.US,5,20211111,215000,140.53,140.53,140.35,140.39,300,0
PRK.US,5,20211111,215500,140.68,140.78,140.33,140.5,2509,0
PRK.US,5,20211112,153000,141.31,141.31,140.5,140.5,410,0
PRK.US,5,20211112,153500,140.75,140.75,140.75,140.75,100,0
PRK.US,5,20211112,154000,140.75,140.75,140.75,140.75,100,0
PRK.US,5,20211112,161500,139.8,139.8,139.8,139.8,100,0
PRK.US,5,20211112,170000,139.02,139.02,139.02,139.02,100,0
PRK.US,5,20211112,171000,138.86,139.199,138.86,139.199,787,0
PRK.US,5,20211112,171500,139.27,139.27,139.27,139.27,200,0
PRK.US,5,20211112,172000,139.46,139.46,139.33,139.33,300,0
PRK.US,5,20211112,173500,139.14,139.14,139.14,139.14,100,0
PRK.US,5,20211112,183500,138.85,138.85,138.85,138.85,100,0
PRK.US,5,20211112,193500,138.24,138.29,136.56,137.34,2540,0
PRK.US,5,20211112,194000,137.53,137.53,137.08,137.08,200,0
PRK.US,5,20211112,194500,137.625,137.9,137.625,137.9,500,0
PRK.US,5,20211112,195500,137.92,138.15,137.92,138.05,900,0
PRK.US,5,20211112,200500,138.065,138.065,138.065,138.065,100,0
PRK.US,5,20211112,201500,137.955,137.955,137.955,137.955,100,0
PRK.US,5,20211112,202500,138.25,138.25,138.24,138.25,300,0
PRK.US,5,20211112,203000,137.84,137.84,137.84,137.84,300,0
PRK.US,5,20211112,203500,138.5,138.5,138.5,138.5,100,0
PRK.US,5,20211112,211000,138.41,138.525,138.41,138.525,380,0
PRK.US,5,20211112,211500,138.64,138.64,138.64,138.64,100,0
PRK.US,5,20211112,213500,138.81,138.93,138.52,138.52,759,0
PRK.US,5,20211112,214500,138.6,138.799,138.59,138.59,1450,0
PRK.US,5,20211112,215500,138.41,138.65,138.41,138.65,3641,0
PRK.US,5,20211115,153000,138.73,138.73,137.88,137.88,393,0
PRK.US,5,20211115,160500,138.01,138.01,138.01,138.01,100,0
PRK.US,5,20211115,165500,138.28,138.5,138.205,138.49,1400,0
PRK.US,5,20211115,170500,138.335,138.335,138.335,138.335,100,0
PRK.US,5,20211115,172500,138.42,138.49,138.35,138.49,300,0
PRK.US,5,20211115,173000,138.48,138.48,138.473,138.48,500,0
PRK.US,5,20211115,180000,138.31,138.5,138.31,138.31,600,0
PRK.US,5,20211115,181000,138.6,138.6,138.6,138.6,100,0
PRK.US,5,20211115,190000,139.74,139.78,139.74,139.78,200,0
PRK.US,5,20211115,191000,139.91,139.91,139.41,139.41,200,0
PRK.US,5,20211115,192500,138.63,138.63,138.63,138.63,361,0
PRK.US,5,20211115,202500,138.82,138.82,138.5,138.5,4219,0
PRK.US,5,20211115,210500,138.79,138.79,138.63,138.7,1628,0
PRK.US,5,20211115,212000,138.72,138.72,138.72,138.72,300,0
PRK.US,5,20211115,212500,138.7,139,138.64,138.7,600,0
PRK.US,5,20211115,213000,138.82,138.82,138.82,138.82,300,0
PRK.US,5,20211115,213500,138.68,138.7,138.68,138.7,370,0
PRK.US,5,20211115,214000,138.89,138.92,138.89,138.92,200,0
PRK.US,5,20211115,215000,138.8,139.1,138.74,139.1,400,0
PRK.US,5,20211115,215500,139.33,139.68,139.33,139.38,15589,0
PRK.US,5,20211116,153000,139.52,139.87,139.52,139.87,313,0
PRK.US,5,20211116,153500,139,139,139,139,100,0
PRK.US,5,20211116,155000,139.3,140.07,139.12,140.003,2632,0
PRK.US,5,20211116,155500,139.855,139.855,139.855,139.855,100,0
PRK.US,5,20211116,160000,139.15,139.42,139.03,139.42,1900,0
PRK.US,5,20211116,160500,139.3,139.3,139.205,139.205,204,0
PRK.US,5,20211116,164000,139.3,139.3,139.3,139.3,194,0
PRK.US,5,20211116,175500,139.5,139.5,139.5,139.5,100,0
PRK.US,5,20211116,194500,139.62,139.92,139.62,139.92,1700,0
PRK.US,5,20211116,195500,140,140.05,140,140,500,0
PRK.US,5,20211116,204000,140.58,140.58,140.58,140.58,100,0
PRK.US,5,20211116,205500,140.21,140.21,140.21,140.21,100,0
PRK.US,5,20211116,210000,140.17,140.21,140.17,140.17,300,0
PRK.US,5,20211116,211000,140.21,140.41,140.21,140.41,200,0
PRK.US,5,20211116,212000,140.15,140.15,140.108,140.108,520,0
PRK.US,5,20211116,212500,140.1,140.13,140,140,500,0
PRK.US,5,20211116,213000,139.995,140,139.68,139.97,1600,0
PRK.US,5,20211116,213500,139.85,140.07,139.85,140.07,300,0
PRK.US,5,20211116,214000,140.06,140.06,139.95,140,500,0
PRK.US,5,20211116,214500,140,140.32,140,140.32,500,0
PRK.US,5,20211116,215000,140.07,140.29,140.07,140.29,300,0
PRK.US,5,20211116,215500,140,140.34,140,140.02,3554,0
PRK.US,5,20211117,153000,139.06,139.06,139.06,139.06,243,0
PRK.US,5,20211117,154000,138.7,138.7,138.7,138.7,100,0
PRK.US,5,20211117,154500,138.75,138.75,138.75,138.75,100,0
PRK.US,5,20211117,155500,138.75,138.83,138.75,138.83,500,0
PRK.US,5,20211117,161500,138.445,138.445,138.445,138.445,100,0
PRK.US,5,20211117,162000,138.39,138.75,138.39,138.75,300,0
PRK.US,5,20211117,162500,138.75,139.32,138.75,139.32,400,0
PRK.US,5,20211117,163000,138.379,138.379,138.35,138.35,200,0
PRK.US,5,20211117,163500,139.49,139.49,138.75,138.75,200,0
PRK.US,5,20211117,164000,139.005,139.25,138.75,138.75,400,0
PRK.US,5,20211117,170000,139.66,139.66,139.66,139.66,100,0
PRK.US,5,20211117,171000,139.02,139.02,138.92,138.92,300,0
PRK.US,5,20211117,171500,138.515,138.77,138.515,138.77,614,0
PRK.US,5,20211117,172500,138.72,138.75,138.72,138.75,964,0
PRK.US,5,20211117,173000,138.75,138.77,138.36,138.36,500,0
PRK.US,5,20211117,173500,138.75,138.75,138.75,138.75,300,0
PRK.US,5,20211117,174000,138.51,138.51,138.51,138.51,100,0
PRK.US,5,20211117,175000,138.405,138.405,138.405,138.405,260,0
PRK.US,5,20211117,181000,138.72,138.72,138.72,138.72,100,0
PRK.US,5,20211117,181500,138.455,138.455,138.455,138.455,100,0
PRK.US,5,20211117,182500,138.64,139.23,138.64,139.23,300,0
PRK.US,5,20211117,183500,138.81,138.81,138.81,138.81,100,0
PRK.US,5,20211117,185500,139.8,139.91,139.8,139.91,300,0
PRK.US,5,20211117,190000,139.89,140.095,139.87,140.095,400,0
PRK.US,5,20211117,194000,138.88,138.88,138.88,138.88,100,0
PRK.US,5,20211117,200500,139.1,139.1,139.1,139.1,100,0
PRK.US,5,20211117,201000,139.74,139.749,139.51,139.549,500,0
PRK.US,5,20211117,202500,139.79,139.79,139.79,139.79,100,0
PRK.US,5,20211117,203000,139.95,139.95,139.4,139.4,200,0
PRK.US,5,20211117,203500,139.31,139.73,139.31,139.73,200,0
PRK.US,5,20211117,204000,139.3,139.3,139.3,139.3,100,0
PRK.US,5,20211117,205500,139.72,139.72,139.72,139.72,100,0
PRK.US,5,20211117,210500,140.07,140.275,140.07,140.275,350,0
PRK.US,5,20211117,211500,140.74,140.76,140.27,140.27,400,0
PRK.US,5,20211117,212500,140.35,140.35,140.35,140.35,200,0
PRK.US,5,20211117,213000,140.39,140.585,140.39,140.585,200,0
PRK.US,5,20211117,213500,140.83,141.349,140.83,141.349,300,0
PRK.US,5,20211117,214500,140.75,141.199,140.75,141.15,1400,0
PRK.US,5,20211117,215000,141.25,141.48,141.25,141.48,800,0
PRK.US,5,20211117,215500,141.91,141.91,141.02,141.53,10877,0
PRK.US,5,20211118,153000,142,142,139.985,140.049,1152,0
PRK.US,5,20211118,160500,139.83,140.1,139.83,140.04,304,0
PRK.US,5,20211118,162500,139.71,139.71,139.71,139.71,310,0
PRK.US,5,20211118,163500,140.08,140.08,138.85,138.85,200,0
PRK.US,5,20211118,170500,140.17,140.17,140.17,140.17,400,0
PRK.US,5,20211118,175500,140.33,140.33,140.33,140.33,100,0
PRK.US,5,20211118,180500,140.27,140.27,140.27,140.27,100,0
PRK.US,5,20211118,181000,140.64,140.64,140.311,140.311,200,0
PRK.US,5,20211118,185500,140.57,140.74,140.57,140.74,1200,0
PRK.US,5,20211118,192000,140.57,140.61,140.5,140.512,1300,0
PRK.US,5,20211118,192500,140.301,140.34,140.1,140.1,1100,0
PRK.US,5,20211118,195000,140.22,140.22,140.11,140.11,266,0
PRK.US,5,20211118,200500,140.33,140.33,140.33,140.33,100,0
PRK.US,5,20211118,202500,140.07,140.09,140.07,140.09,200,0
PRK.US,5,20211118,203500,140.58,140.81,140.55,140.81,700,0
PRK.US,5,20211118,204000,140.85,140.85,140.85,140.85,100,0
PRK.US,5,20211118,210500,141.25,141.25,141.25,141.25,100,0
PRK.US,5,20211118,211500,141.13,141.13,141.12,141.12,300,0
PRK.US,5,20211118,212000,141.53,141.53,141.05,141.05,200,0
PRK.US,5,20211118,213000,141.28,141.36,141.01,141.01,300,0
PRK.US,5,20211118,214500,140.81,141.15,140.785,140.785,700,0
PRK.US,5,20211118,215000,140.715,141.28,140.63,140.63,700,0
PRK.US,5,20211118,215500,140.47,141.49,140.47,140.95,10531,0
PRK.US,5,20211119,153000,139.27,140.05,139.27,140.05,975,0
PRK.US,5,20211119,160500,138.65,138.65,138.64,138.64,200,0
PRK.US,5,20211119,162000,138.59,138.6,138.59,138.6,200,0
PRK.US,5,20211119,172000,138.91,138.91,138.91,138.91,100,0
PRK.US,5,20211119,174500,139,139,139,139,100,0
PRK.US,5,20211119,175000,139,139.115,139,139.01,700,0
PRK.US,5,20211119,181500,139.59,139.59,139.59,139.59,100,0
PRK.US,5,20211119,182000,139.71,139.71,139.71,139.71,100,0
PRK.US,5,20211119,190500,140.06,140.06,140.06,140.06,100,0
PRK.US,5,20211119,191500,140.17,140.18,140.17,140.18,200,0
PRK.US,5,20211119,193000,139.92,139.92,139.66,139.66,800,0
PRK.US,5,20211119,195500,139.68,139.68,139.68,139.68,100,0
PRK.US,5,20211119,200500,139.71,139.899,139.71,139.899,700,0
PRK.US,5,20211119,201000,139.75,139.78,139.75,139.78,200,0
PRK.US,5,20211119,202500,139.97,139.97,139.97,139.97,100,0
PRK.US,5,20211119,205500,139.99,139.99,139.99,139.99,100,0
PRK.US,5,20211119,210000,140.02,140.03,140.02,140.03,514,0
PRK.US,5,20211119,211500,140.03,140.049,140.03,140.049,300,0
PRK.US,5,20211119,212000,140.27,140.27,140.27,140.27,100,0
PRK.US,5,20211119,212500,140.296,140.296,140.296,140.296,100,0
PRK.US,5,20211119,213500,140.251,140.251,140.251,140.251,170,0
PRK.US,5,20211119,215000,140.26,140.26,140.26,140.26,538,0
PRK.US,5,20211119,215500,140.35,140.35,139.85,140.01,5581,0
PRK.US,5,20211122,153000,140.98,140.98,140.98,140.98,343,0
PRK.US,5,20211122,155000,141.9,141.9,141.9,141.9,300,0
PRK.US,5,20211122,155500,142.045,142.045,142.045,142.045,2225,0
PRK.US,5,20211122,160500,142.74,143,142.74,143,1353,0
PRK.US,5,20211122,161000,143.904,144,143.904,143.94,700,0
PRK.US,5,20211122,162500,143.64,143.64,143.64,143.64,100,0
PRK.US,5,20211122,165000,144.49,144.5,144.28,144.5,501,0
PRK.US,5,20211122,165500,145,145,144.98,145,604,0
PRK.US,5,20211122,172000,144.95,144.95,144.585,144.585,277,0
PRK.US,5,20211122,173000,144.58,144.58,144.239,144.239,453,0
PRK.US,5,20211122,174000,143.86,143.97,143.86,143.97,500,0
PRK.US,5,20211122,174500,143.659,144.49,143.659,144.49,200,0
PRK.US,5,20211122,183500,143.94,143.94,143.94,143.94,100,0
PRK.US,5,20211122,184000,143.83,143.83,143.83,143.83,100,0
PRK.US,5,20211122,184500,143.39,143.39,143.39,143.39,389,0
PRK.US,5,20211122,185000,143.2,143.2,142.53,142.53,300,0
PRK.US,5,20211122,193500,142.86,142.86,142.86,142.86,100,0
PRK.US,5,20211122,194500,143.44,143.5,143.44,143.5,200,0
PRK.US,5,20211122,195500,143.64,143.64,143.64,143.64,100,0
PRK.US,5,20211122,200000,143.753,143.753,143.753,143.753,196,0
PRK.US,5,20211122,200500,143.56,143.56,143.41,143.41,300,0
PRK.US,5,20211122,202500,142.55,142.55,142.55,142.55,100,0
PRK.US,5,20211122,203000,142.551,142.551,142.551,142.551,117,0
PRK.US,5,20211122,204000,143.38,143.38,143.38,143.38,100,0
PRK.US,5,20211122,204500,143.32,143.32,143.32,143.32,100,0
PRK.US,5,20211122,205500,143.36,143.36,143.36,143.36,100,0
PRK.US,5,20211122,210000,143.3,143.3,143.07,143.07,310,0
PRK.US,5,20211122,210500,143.09,143.09,143.09,143.09,500,0
PRK.US,5,20211122,211500,142.72,142.72,142.72,142.72,100,0
PRK.US,5,20211122,213000,142.5,142.5,142.5,142.5,300,0
PRK.US,5,20211122,213500,142.86,142.999,142.845,142.999,600,0
PRK.US,5,20211122,214000,142.72,142.72,142.72,142.72,100,0
PRK.US,5,20211122,214500,142.52,142.55,142.5,142.55,1000,0
PRK.US,5,20211122,215000,142.5,142.509,142.5,142.5,592,0
PRK.US,5,20211122,215500,142.5,142.5,142.17,142.17,6624,0
PRK.US,5,20211123,153000,142.9,142.9,142.9,142.9,187,0
PRK.US,5,20211123,154500,143.63,143.63,143.63,143.63,100,0
PRK.US,5,20211123,155500,144,144,144,144,213,0
PRK.US,5,20211123,160500,144.56,144.56,143.6,143.6,200,0
PRK.US,5,20211123,161000,143.94,143.94,143.72,143.72,200,0
PRK.US,5,20211123,162000,144.005,144.005,144.005,144.005,100,0
PRK.US,5,20211123,163500,143.788,143.935,143.788,143.935,200,0
PRK.US,5,20211123,164500,143.617,143.959,143.617,143.93,594,0
PRK.US,5,20211123,170500,144.499,144.499,144.46,144.499,400,0
PRK.US,5,20211123,171000,144.7,144.999,144.7,144.999,859,0
PRK.US,5,20211123,172500,144.53,144.53,144.5,144.5,200,0
PRK.US,5,20211123,175500,143.42,143.62,143.42,143.62,213,0
PRK.US,5,20211123,181500,143.12,143.12,143.12,143.12,125,0
PRK.US,5,20211123,182000,143.84,144.23,143.84,144.23,400,0
PRK.US,5,20211123,192000,143.66,144.465,143.52,144.465,300,0
PRK.US,5,20211123,193500,144.46,144.46,144.46,144.46,100,0
PRK.US,5,20211123,195000,144.47,144.54,144.47,144.54,200,0
PRK.US,5,20211123,195500,144.56,145.11,144.56,144.735,400,0
PRK.US,5,20211123,201500,144.41,144.41,144.41,144.41,100,0
PRK.US,5,20211123,204000,144.34,144.4,144.28,144.34,928,0
PRK.US,5,20211123,210000,145.08,145.08,145.08,145.08,100,0
PRK.US,5,20211123,212000,144.39,144.39,144.38,144.38,200,0
PRK.US,5,20211123,213000,144.5,144.5,144.5,144.5,100,0
PRK.US,5,20211123,213500,144.53,144.76,144.53,144.76,200,0
PRK.US,5,20211123,214000,144.255,144.34,144.25,144.25,367,0
PRK.US,5,20211123,214500,144.31,144.31,144.31,144.31,100,0
PRK.US,5,20211123,215500,144.54,145.33,144.42,144.42,7420,0
PRK.US,5,20211124,153000,144.31,144.31,144.31,144.31,146,0
PRK.US,5,20211124,154000,144.3,144.55,144.3,144.55,864,0
PRK.US,5,20211124,154500,143.9,145,143.9,144.65,1687,0
PRK.US,5,20211124,160000,144.48,144.79,144.48,144.79,400,0
PRK.US,5,20211124,160500,144.14,144.14,144.14,144.14,100,0
PRK.US,5,20211124,161500,144.53,144.53,144.53,144.53,400,0
PRK.US,5,20211124,162500,144.09,144.09,144.09,144.09,200,0
PRK.US,5,20211124,170000,143.703,143.703,143.703,143.703,115,0
PRK.US,5,20211124,171500,143.69,143.72,143.69,143.72,300,0
PRK.US,5,20211124,172000,143.72,143.72,143.72,143.72,100,0
PRK.US,5,20211124,180000,142.78,142.78,142.52,142.52,200,0
PRK.US,5,20211124,182000,143.05,143.05,143.05,143.05,100,0
PRK.US,5,20211124,184500,143.44,143.44,143.44,143.44,350,0
PRK.US,5,20211124,185000,143.155,143.155,143.155,143.155,161,0
PRK.US,5,20211124,190000,143.22,143.22,143.22,143.22,100,0
PRK.US,5,20211124,191500,142.91,143.25,142.91,143.25,200,0
PRK.US,5,20211124,192500,143.562,143.562,143.562,143.562,100,0
PRK.US,5,20211124,193000,143.35,143.35,143.35,143.35,115,0
PRK.US,5,20211124,194000,143.28,143.28,143.28,143.28,100,0
PRK.US,5,20211124,200000,143.66,143.84,143.66,143.84,300,0
PRK.US,5,20211124,200500,143.66,143.66,143.66,143.66,100,0
PRK.US,5,20211124,202500,143.51,143.51,143.49,143.49,200,0
PRK.US,5,20211124,203000,143.42,143.42,143.24,143.24,200,0
PRK.US,5,20211124,203500,143.29,143.56,143.29,143.52,300,0
PRK.US,5,20211124,213500,143.62,143.62,143.62,143.62,400,0
PRK.US,5,20211124,214000,143.69,143.69,143.69,143.69,100,0
PRK.US,5,20211124,215500,143.47,143.47,143.04,143.04,3832,0
PRK.US,5,20211126,153000,138.77,139.08,138.77,139.02,777,0
PRK.US,5,20211126,154000,139.19,139.19,139.19,139.19,100,0
PRK.US,5,20211126,161000,135.01,135.01,134.45,134.45,500,0
PRK.US,5,20211126,161500,134.401,134.725,133.99,133.99,300,0
PRK.US,5,20211126,162000,134.58,134.67,134.58,134.61,300,0
PRK.US,5,20211126,165500,133.72,134.41,133.67,134.41,430,0
PRK.US,5,20211126,170000,133.52,133.53,133.52,133.53,200,0
PRK.US,5,20211126,170500,134,134,133.73,133.73,554,0
PRK.US,5,20211126,171000,133.39,133.61,133.1,133.61,600,0
PRK.US,5,20211126,172000,133.15,133.31,133.15,133.31,200,0
PRK.US,5,20211126,172500,132.4,132.55,132.35,132.35,400,0
PRK.US,5,20211126,173000,132.44,132.44,132.34,132.34,300,0
PRK.US,5,20211126,173500,132.93,133.03,132.901,133.009,700,0
PRK.US,5,20211126,174500,133.425,133.48,133.425,133.48,200,0
PRK.US,5,20211126,175500,133.51,133.51,132.89,132.89,909,0
PRK.US,5,20211126,180500,133.04,133.04,133.04,133.04,100,0
PRK.US,5,20211126,182000,134.33,134.33,134.33,134.33,100,0
PRK.US,5,20211126,183000,133.78,133.78,133.78,133.78,100,0
PRK.US,5,20211126,183500,134.67,135.04,134.67,135.04,300,0
PRK.US,5,20211126,184000,134.69,134.69,134.58,134.58,400,0
PRK.US,5,20211126,185000,134.6,134.6,134.6,134.6,264,0
PRK.US,5,20211126,185500,134.08,134.08,134.08,134.08,100,0
PRK.US,5,20211126,190000,134.07,134.07,134.07,134.07,7362,0
PRK.US,5,20211129,153000,138.98,138.98,138.98,138.98,1272,0
PRK.US,5,20211129,160000,135.94,135.94,135.94,135.94,100,0
PRK.US,5,20211129,160500,136.07,136.07,135.49,135.49,300,0
PRK.US,5,20211129,161000,135.59,135.59,135.59,135.59,100,0
PRK.US,5,20211129,161500,135.32,135.5,135.32,135.5,682,0
PRK.US,5,20211129,162500,135.39,135.39,135.3,135.36,1575,0
PRK.US,5,20211129,163000,134.93,134.93,134.93,134.93,100,0
PRK.US,5,20211129,163500,134.5,134.5,134.1,134.1,1385,0
PRK.US,5,20211129,164500,134.11,134.11,134.11,134.11,100,0
PRK.US,5,20211129,172500,134.09,134.09,134.09,134.09,200,0
PRK.US,5,20211129,182500,135.47,135.47,135.47,135.47,200,0
PRK.US,5,20211129,183000,135.62,135.62,135.62,135.62,100,0
PRK.US,5,20211129,190500,135.74,135.74,135.74,135.74,100,0
PRK.US,5,20211129,191500,135.715,135.715,135.715,135.715,100,0
PRK.US,5,20211129,193500,135.18,135.18,135.18,135.18,100,0
PRK.US,5,20211129,194500,135.12,135.12,135.12,135.12,100,0
PRK.US,5,20211129,195500,134.82,134.82,134.82,134.82,100,0
PRK.US,5,20211129,200500,134.92,134.92,134.92,134.92,100,0
PRK.US,5,20211129,205000,134.83,135.34,134.82,135.34,1700,0
PRK.US,5,20211129,210000,135.44,135.44,135.44,135.44,100,0
PRK.US,5,20211129,210500,134.97,135.199,134.97,135.199,486,0
PRK.US,5,20211129,211000,135.36,135.36,135.36,135.36,100,0
PRK.US,5,20211129,212500,134.53,134.53,134.4,134.4,300,0
PRK.US,5,20211129,213000,134.07,134.07,134,134,288,0
PRK.US,5,20211129,214000,134.06,134.06,133.89,133.89,300,0
PRK.US,5,20211129,214500,133.58,133.89,133.37,133.89,1357,0
PRK.US,5,20211129,215000,133.56,134.24,133.56,133.6,4158,0
PRK.US,5,20211129,215500,133.59,134.04,133.34,133.84,17692,0
PRK.US,5,20211130,153000,131.72,131.72,131.72,131.72,287,0
PRK.US,5,20211130,155000,131.87,131.87,131.8,131.8,210,0
PRK.US,5,20211130,160500,132.49,132.49,132.49,132.49,100,0
PRK.US,5,20211130,165500,132.2,132.2,131.58,131.58,200,0
PRK.US,5,20211130,172000,132.6,132.6,132.6,132.6,100,0
PRK.US,5,20211130,174000,130.34,131.05,130.34,131.05,400,0
PRK.US,5,20211130,175500,130.99,130.99,130.99,130.99,296,0
PRK.US,5,20211130,181000,130.71,130.71,130.71,130.71,100,0
PRK.US,5,20211130,191000,130.22,130.22,130.22,130.22,100,0
PRK.US,5,20211130,191500,129.88,129.88,129.88,129.88,100,0
PRK.US,5,20211130,192500,130.05,130.05,130.05,130.05,100,0
PRK.US,5,20211130,193000,129.8,129.8,129.8,129.8,100,0
PRK.US,5,20211130,193500,129.945,129.945,129.945,129.945,314,0
PRK.US,5,20211130,194000,129.71,130.48,129.71,130.48,200,0
PRK.US,5,20211130,202000,131.29,131.36,131.29,131.36,200,0
PRK.US,5,20211130,204000,130.98,130.98,130.98,130.98,100,0
PRK.US,5,20211130,213000,131.35,131.35,131.34,131.34,200,0
PRK.US,5,20211130,213500,131.26,131.26,131.26,131.26,100,0
PRK.US,5,20211130,214000,131.2,131.2,131.2,131.2,150,0
PRK.US,5,20211130,214500,131.44,131.47,131.32,131.32,781,0
PRK.US,5,20211130,215000,131.03,131.03,129.73,129.73,1500,0
PRK.US,5,20211130,215500,129.72,130.35,129.72,130.09,12722,0
PRK.US,5,20211201,153000,133.52,133.52,133.52,133.52,423,0
PRK.US,5,20211201,153500,133.6,133.6,133.6,133.6,100,0
PRK.US,5,20211201,155500,133.5,133.5,133.5,133.5,239,0
PRK.US,5,20211201,160500,134.24,134.24,134.18,134.18,200,0
PRK.US,5,20211201,161000,134.16,134.16,134.16,134.16,100,0
PRK.US,5,20211201,162000,134.54,134.54,134.54,134.54,100,0
PRK.US,5,20211201,165500,133.91,133.91,133.91,133.91,100,0
PRK.US,5,20211201,171000,134.505,134.505,134.505,134.505,142,0
PRK.US,5,20211201,171500,134.745,134.745,134.745,134.745,100,0
PRK.US,5,20211201,172500,134.508,134.508,134.508,134.508,100,0
PRK.US,5,20211201,180000,133.36,133.7,133.36,133.7,200,0
PRK.US,5,20211201,180500,133.56,133.56,133.56,133.56,100,0
PRK.US,5,20211201,181000,134.07,134.07,134.07,134.07,100,0
PRK.US,5,20211201,183500,134.2,134.2,133.82,133.82,200,0
PRK.US,5,20211201,190500,133.2,133.2,133.06,133.06,200,0
PRK.US,5,20211201,194000,132.39,132.39,132.13,132.13,200,0
PRK.US,5,20211201,194500,132.19,132.19,132,132,300,0
PRK.US,5,20211201,201500,131.19,131.73,131.19,131.73,200,0
PRK.US,5,20211201,202000,131.55,131.55,131.55,131.55,100,0
PRK.US,5,20211201,202500,132.02,132.16,132.02,132.16,200,0
PRK.US,5,20211201,203000,132.59,132.65,132.59,132.65,200,0
PRK.US,5,20211201,203500,132.02,132.02,132.02,132.02,100,0
PRK.US,5,20211201,204000,131.96,131.96,131.96,131.96,100,0
PRK.US,5,20211201,210000,130.66,130.66,130.66,130.66,100,0
PRK.US,5,20211201,210500,131.04,131.04,130.79,130.79,300,0
PRK.US,5,20211201,212000,130.04,130.04,130.04,130.04,100,0
PRK.US,5,20211201,213000,130.42,130.78,130.39,130.78,700,0
PRK.US,5,20211201,213500,130.85,131,130.85,130.96,368,0
PRK.US,5,20211201,214500,131.02,131.02,131.02,131.02,100,0
PRK.US,5,20211201,215000,130.22,130.61,130.22,130.61,200,0
PRK.US,5,20211201,215500,130.51,130.53,129.87,130.01,1399,0
PRK.US,5,20211202,153000,130.72,130.72,130.72,130.72,124,0
PRK.US,5,20211202,153500,129.26,129.26,129.26,129.26,100,0
PRK.US,5,20211202,155500,133.52,133.52,133.52,133.52,100,0
PRK.US,5,20211202,161000,132.94,132.94,132.94,132.94,100,0
PRK.US,5,20211202,170000,132.27,132.27,132.27,132.27,100,0
PRK.US,5,20211202,171000,133.5,133.5,133.5,133.5,100,0
PRK.US,5,20211202,173000,133.46,133.46,133.46,133.46,100,0
PRK.US,5,20211202,191500,133.7,133.7,133.7,133.7,100,0
PRK.US,5,20211202,193000,134.62,134.91,134.6,134.89,700,0
PRK.US,5,20211202,194500,134.67,134.67,134.67,134.67,100,0
PRK.US,5,20211202,200000,134.98,134.98,134.98,134.98,100,0
PRK.US,5,20211202,201500,135.09,135.25,135.09,135.24,300,0
PRK.US,5,20211202,202500,135.22,135.49,135.22,135.49,400,0
PRK.US,5,20211202,203000,135.23,135.23,135.22,135.22,200,0
PRK.US,5,20211202,210500,134.58,134.65,134.58,134.65,200,0
PRK.US,5,20211202,212500,134.38,134.54,134.38,134.54,200,0
PRK.US,5,20211202,214000,134.3,134.615,134.27,134.615,300,0
PRK.US,5,20211202,214500,134.72,134.72,134.72,134.72,200,0
PRK.US,5,20211202,215000,135.01,135.01,134.85,134.85,200,0
PRK.US,5,20211202,215500,134.05,134.73,134.05,134.73,9586,0
PRK.US,5,20211203,153000,134.65,134.65,134.65,134.65,159,0
PRK.US,5,20211203,154000,133.32,134.12,133.32,134.12,200,0
PRK.US,5,20211203,155500,133.105,133.105,133.105,133.105,100,0
PRK.US,5,20211203,162000,133.01,133.01,133.01,133.01,239,0
PRK.US,5,20211203,163000,133.19,133.19,133.19,133.19,100,0
PRK.US,5,20211203,171000,132.68,132.68,132.68,132.68,100,0
PRK.US,5,20211203,171500,132.65,132.65,132.65,132.65,252,0
PRK.US,5,20211203,175500,132.85,132.85,132.85,132.85,100,0
PRK.US,5,20211203,191000,132.39,132.39,132.39,132.39,100,0
PRK.US,5,20211203,193500,131.84,131.84,131.535,131.535,201,0
PRK.US,5,20211203,194000,131.5,131.5,131.5,131.5,100,0
PRK.US,5,20211203,195500,132.24,132.24,132.24,132.24,100,0
PRK.US,5,20211203,202000,131.88,131.88,131.88,131.88,100,0
PRK.US,5,20211203,202500,131.915,131.915,131.915,131.915,200,0
PRK.US,5,20211203,204000,131.6,131.6,131.6,131.6,100,0
PRK.US,5,20211203,205500,131.69,131.69,131.69,131.69,200,0
PRK.US,5,20211203,210500,131.78,131.8,131.32,131.46,4415,0
PRK.US,5,20211203,211000,131.5,131.5,131.23,131.23,600,0
PRK.US,5,20211203,212000,131.47,131.5,131.47,131.5,2640,0
PRK.US,5,20211203,212500,131.5,131.5,131.5,131.5,600,0
PRK.US,5,20211203,214500,130.41,130.41,130.41,130.41,100,0
PRK.US,5,20211203,215000,130.89,131.44,130.89,131.355,500,0
PRK.US,5,20211203,215500,131.56,131.69,131.26,131.69,6136,0
PRK.US,5,20211206,153000,132.84,134.64,132.84,134.235,1024,0
PRK.US,5,20211206,153500,132.77,132.77,132.77,132.77,100,0
PRK.US,5,20211206,154000,134.3,134.3,134.3,134.3,100,0
PRK.US,5,20211206,154500,135.03,135.723,135,135,621,0
PRK.US,5,20211206,160000,136.02,136.888,136.02,136.888,222,0
PRK.US,5,20211206,170000,137.13,137.13,136.75,136.75,300,0
PRK.US,5,20211206,182500,136.71,136.71,136.71,136.71,100,0
PRK.US,5,20211206,190000,135.53,135.53,135.53,135.53,100,0
PRK.US,5,20211206,194000,135.296,136.03,135.296,136.03,216,0
PRK.US,5,20211206,194500,136.76,136.76,136.76,136.76,100,0
PRK.US,5,20211206,200500,136.16,136.16,136.16,136.16,100,0
PRK.US,5,20211206,201500,135.66,135.66,135.66,135.66,100,0
PRK.US,5,20211206,204000,134.95,134.96,134.95,134.96,300,0
PRK.US,5,20211206,205000,134.94,134.94,134.94,134.94,100,0
PRK.US,5,20211206,210000,135.42,135.42,135.42,135.42,100,0
PRK.US,5,20211206,211500,135.63,135.63,135.3,135.3,200,0
PRK.US,5,20211206,214000,135.04,135.2,135.04,135.2,200,0
PRK.US,5,20211206,214500,134.97,135.39,134.85,135.26,900,0
PRK.US,5,20211206,215000,134.86,134.86,134.86,134.86,200,0
PRK.US,5,20211206,215500,134.59,135.32,134.57,135.31,7470,0
PRK.US,5,20211207,153000,134.98,134.98,134.98,134.98,100,0
PRK.US,5,20211207,162500,135.86,135.86,135.86,135.86,100,0
PRK.US,5,20211207,163500,135.35,135.35,135.12,135.12,203,0
PRK.US,5,20211207,164000,135.33,135.33,135.33,135.33,100,0
PRK.US,5,20211207,165500,135.69,135.69,135.55,135.55,200,0
PRK.US,5,20211207,170500,135.59,135.59,135.56,135.56,200,0
PRK.US,5,20211207,175000,134.96,134.96,134.96,134.96,100,0
PRK.US,5,20211207,181500,134.44,134.44,134.44,134.44,100,0
PRK.US,5,20211207,192000,133.69,133.69,133.69,133.69,200,0
PRK.US,5,20211207,200500,133.93,133.93,133.93,133.93,100,0
PRK.US,5,20211207,202000,133.94,133.94,133.94,133.94,100,0
PRK.US,5,20211207,202500,134.325,134.325,134.09,134.09,200,0
PRK.US,5,20211207,203000,134.27,134.275,134.27,134.275,200,0
PRK.US,5,20211207,205000,134.5,134.5,134.5,134.5,100,0
PRK.US,5,20211207,205500,134.47,134.47,134.22,134.23,300,0
PRK.US,5,20211207,210500,134.28,134.35,134.28,134.35,308,0
PRK.US,5,20211207,212000,134.64,134.64,134.64,134.64,100,0
PRK.US,5,20211207,212500,134.05,134.05,134.05,134.05,100,0
PRK.US,5,20211207,213500,133.53,133.53,133.17,133.17,500,0
PRK.US,5,20211207,214000,133.56,133.58,133.56,133.58,200,0
PRK.US,5,20211207,214500,133.41,133.41,133.25,133.25,208,0
PRK.US,5,20211207,215500,133.82,133.85,133.41,133.85,5223,0
PRK.US,5,20211208,153000,132.55,132.55,132.55,132.55,529,0
PRK.US,5,20211208,153500,136.509,136.527,136.509,136.527,1802,0
PRK.US,5,20211208,155000,133.52,133.52,133.52,133.52,100,0
PRK.US,5,20211208,155500,135.8,135.8,135.8,135.8,100,0
PRK.US,5,20211208,161500,133.72,133.72,133.72,133.72,100,0
PRK.US,5,20211208,164000,133.22,133.37,133.22,133.37,400,0
PRK.US,5,20211208,174000,133.625,133.625,133.625,133.625,100,0
PRK.US,5,20211208,175000,134.27,134.27,133.97,133.97,292,0
PRK.US,5,20211208,180000,133.765,133.765,133.765,133.765,100,0
PRK.US,5,20211208,182500,133.01,133.01,133.01,133.01,265,0
PRK.US,5,20211208,185500,133.77,133.77,133.77,133.77,100,0
PRK.US,5,20211208,192000,133.575,133.575,133.575,133.575,100,0
PRK.US,5,20211208,200500,133.76,133.76,133.76,133.76,100,0
PRK.US,5,20211208,204000,133.56,133.56,133.56,133.56,100,0
PRK.US,5,20211208,213500,133.7,133.7,133.7,133.7,100,0
PRK.US,5,20211208,215500,134.38,134.42,134.33,134.33,2877,0
PRK.US,5,20211209,153000,132.29,132.29,132.29,132.29,188,0
PRK.US,5,20211209,153500,132.8,132.86,132.8,132.86,300,0
PRK.US,5,20211209,160500,133.65,133.65,133.65,133.65,100,0
PRK.US,5,20211209,165000,132.82,132.82,132.82,132.82,100,0
PRK.US,5,20211209,171000,132.59,132.59,132.59,132.59,100,0
PRK.US,5,20211209,172500,133.02,133.02,133.02,133.02,300,0
PRK.US,5,20211209,182000,133.83,133.83,133.83,133.83,100,0
PRK.US,5,20211209,182500,133.91,133.99,133.91,133.99,400,0
PRK.US,5,20211209,183500,134.18,134.18,134.18,134.18,300,0
PRK.US,5,20211209,190000,134.202,134.202,134.202,134.202,100,0
PRK.US,5,20211209,192000,134.1,134.1,134.1,134.1,100,0
PRK.US,5,20211209,202500,133.89,133.89,133.89,133.89,100,0
PRK.US,5,20211209,203500,133.695,133.695,133.695,133.695,106,0
PRK.US,5,20211209,204000,133.615,133.615,133.47,133.47,300,0
PRK.US,5,20211209,204500,133.6,133.78,133.6,133.78,200,0
PRK.US,5,20211209,212000,133.38,133.38,133.1,133.34,500,0
PRK.US,5,20211209,215000,133.12,133.12,133.12,133.12,100,0
PRK.US,5,20211209,215500,133.11,133.4,133.08,133.27,5558,0
PRK.US,5,20211210,153000,134.52,134.52,134.52,134.52,1142,0
PRK.US,5,20211210,153500,133.92,133.92,133.92,133.92,100,0
PRK.US,5,20211210,154500,134.466,134.466,134.466,134.466,263,0
PRK.US,5,20211210,155000,132.99,132.999,132.99,132.999,200,0
PRK.US,5,20211210,160000,133,133.878,133,133.878,256,0
PRK.US,5,20211210,161000,132.68,132.68,132.68,132.68,100,0
PRK.US,5,20211210,161500,133.77,134.04,133.77,133.99,461,0
PRK.US,5,20211210,162500,133.48,133.765,133.48,133.765,200,0
PRK.US,5,20211210,164000,133.59,133.59,133.59,133.59,300,0
PRK.US,5,20211210,170000,133.25,133.25,133.25,133.25,100,0
PRK.US,5,20211210,170500,133.2,133.2,133.2,133.2,333,0
PRK.US,5,20211210,171000,133.12,133.21,133.12,133.21,518,0
PRK.US,5,20211210,174000,132.99,132.99,132.99,132.99,100,0
PRK.US,5,20211210,180500,133.592,133.592,133.592,133.592,134,0
PRK.US,5,20211210,182000,133.55,133.55,133.55,133.55,119,0
PRK.US,5,20211210,183500,133.22,133.22,133.22,133.22,100,0
PRK.US,5,20211210,191000,133.67,133.76,133.605,133.76,500,0
PRK.US,5,20211210,193000,133.89,133.89,133.89,133.89,100,0
PRK.US,5,20211210,195000,134.25,134.27,134.25,134.27,200,0
PRK.US,5,20211210,195500,134.48,134.5,134.48,134.5,296,0
PRK.US,5,20211210,200000,134.26,134.26,134.26,134.26,100,0
PRK.US,5,20211210,202000,134.6,134.75,134.6,134.75,1849,0
PRK.US,5,20211210,202500,134.77,134.77,134.76,134.76,400,0
PRK.US,5,20211210,203000,134.76,134.76,134.75,134.75,200,0
PRK.US,5,20211210,204500,134.94,135,134.94,135,300,0
PRK.US,5,20211210,205000,135.01,135.01,135,135,461,0
PRK.US,5,20211210,205500,135,135,135,135,900,0
PRK.US,5,20211210,210000,135,135,135,135,325,0
PRK.US,5,20211210,210500,134.61,134.61,134.61,134.61,100,0
PRK.US,5,20211210,211500,135.1,135.25,135.03,135.25,1200,0
PRK.US,5,20211210,212000,135.25,135.39,135.25,135.39,300,0
PRK.US,5,20211210,212500,135.25,135.25,135.25,135.25,300,0
PRK.US,5,20211210,213500,135.75,135.75,135.6,135.6,397,0
PRK.US,5,20211210,214500,135.75,135.75,135.14,135.38,1054,0
PRK.US,5,20211210,215000,135.155,135.18,135.155,135.16,300,0
PRK.US,5,20211210,215500,135.01,135.63,134.89,135.26,4782,0
PRK.US,5,20211213,153000,135.7,135.7,135.7,135.7,162,0
PRK.US,5,20211213,154000,132.44,132.69,132.44,132.69,200,0
PRK.US,5,20211213,163000,135.13,135.13,134.88,135,500,0
PRK.US,5,20211213,163500,134.65,134.9,134.65,134.9,200,0
PRK.US,5,20211213,164000,133.54,133.611,133.54,133.611,400,0
PRK.US,5,20211213,165500,133.57,133.57,133.57,133.57,200,0
PRK.US,5,20211213,172000,133.58,133.58,133.58,133.58,100,0
PRK.US,5,20211213,174000,133.98,134.34,133.98,134.34,600,0
PRK.US,5,20211213,175000,134.91,134.91,134.91,134.91,100,0
PRK.US,5,20211213,180500,134.94,135.06,134.94,135.06,200,0
PRK.US,5,20211213,181000,135.62,135.62,135.23,135.23,200,0
PRK.US,5,20211213,182500,134.88,134.88,134.88,134.88,100,0
PRK.US,5,20211213,184000,134.27,134.27,134.27,134.27,100,0
PRK.US,5,20211213,190000,135.1,135.1,135.1,135.1,100,0
PRK.US,5,20211213,192000,135.055,135.35,135.055,135.35,200,0
PRK.US,5,20211213,192500,135.54,135.54,135.54,135.54,100,0
PRK.US,5,20211213,195000,135.31,135.31,134.93,134.93,300,0
PRK.US,5,20211213,195500,134.89,134.89,134.89,134.89,100,0
PRK.US,5,20211213,200500,134.47,134.47,134.47,134.47,100,0
PRK.US,5,20211213,202000,135.37,135.37,135.37,135.37,100,0
PRK.US,5,20211213,205500,135.555,135.555,135.53,135.55,500,0
PRK.US,5,20211213,212000,135.59,135.59,135.59,135.59,100,0
PRK.US,5,20211213,212500,135.067,135.067,135.067,135.067,600,0
PRK.US,5,20211213,213500,135.06,135.06,135.06,135.06,100,0
PRK.US,5,20211213,214500,135.12,135.12,134.12,134.12,1300,0
PRK.US,5,20211213,215500,134.15,134.86,134.08,134.08,9745,0
PRK.US,5,20211214,153000,131.94,131.94,131.94,131.94,547,0
PRK.US,5,20211214,153500,132.1,132.1,131.22,131.22,300,0
PRK.US,5,20211214,160000,135.918,135.918,135,135.68,1858,0
PRK.US,5,20211214,161500,136.3,136.5,136.3,136.5,770,0
PRK.US,5,20211214,162000,136.18,136.18,136.071,136.071,220,0
PRK.US,5,20211214,162500,136.22,136.22,136.22,136.22,100,0
PRK.US,5,20211214,163000,136.28,136.28,136.204,136.204,200,0
PRK.US,5,20211214,164000,135.39,135.39,135.39,135.39,100,0
PRK.US,5,20211214,170000,135.83,135.83,135.83,135.83,100,0
PRK.US,5,20211214,170500,136.05,136.05,136.05,136.05,300,0
PRK.US,5,20211214,171000,135.87,136.21,135.51,135.51,300,0
PRK.US,5,20211214,173000,135.58,135.59,134.729,134.729,500,0
PRK.US,5,20211214,181000,134.76,134.76,134.76,134.76,100,0
PRK.US,5,20211214,183500,133.71,133.71,133.71,133.71,100,0
PRK.US,5,20211214,192500,134.18,134.43,134.18,134.43,382,0
PRK.US,5,20211214,194000,133.93,134.12,133.93,134.12,200,0
PRK.US,5,20211214,200000,133.51,133.51,133.51,133.51,100,0
PRK.US,5,20211214,201000,133.74,133.74,133.74,133.74,100,0
PRK.US,5,20211214,202000,133.54,133.54,133.54,133.54,100,0
PRK.US,5,20211214,203000,133.17,133.24,133.17,133.24,300,0
PRK.US,5,20211214,205500,132.98,132.98,132.92,132.92,200,0
PRK.US,5,20211214,210000,132.98,133.13,132.98,133.01,400,0
PRK.US,5,20211214,211000,132.92,132.94,132.73,132.73,400,0
PRK.US,5,20211214,213000,133.18,133.18,133.18,133.18,200,0
PRK.US,5,20211214,213500,133.21,133.43,133.12,133.43,400,0
PRK.US,5,20211214,214000,133.55,133.55,132.89,133.115,400,0
PRK.US,5,20211214,214500,133.35,133.385,132.78,132.78,800,0
PRK.US,5,20211214,215000,133,133,131.96,131.97,400,0
PRK.US,5,20211214,215500,132.53,132.81,131.92,131.92,26222,0
PRK.US,5,20211215,153000,132.79,132.79,132.79,132.79,180,0
PRK.US,5,20211215,155000,130.43,130.43,130.43,130.43,100,0
PRK.US,5,20211215,160000,130.367,130.367,130.367,130.367,261,0
PRK.US,5,20211215,161500,130.36,130.36,130.36,130.36,1300,0
PRK.US,5,20211215,170000,131.85,132.04,131.85,132.04,200,0
PRK.US,5,20211215,170500,131.92,131.92,131.92,131.92,100,0
PRK.US,5,20211215,171000,132.25,132.25,132.25,132.25,100,0
PRK.US,5,20211215,172000,131.99,131.99,131.99,131.99,100,0
PRK.US,5,20211215,172500,131.87,131.87,131.87,131.87,100,0
PRK.US,5,20211215,173000,131.97,131.97,131.97,131.97,200,0
PRK.US,5,20211215,175000,132.44,132.44,132.44,132.44,100,0
PRK.US,5,20211215,180000,132.84,132.85,132.84,132.85,200,0
PRK.US,5,20211215,190000,133.32,133.32,133.32,133.32,100,0
PRK.US,5,20211215,193500,133.07,133.07,132.83,132.83,200,0
PRK.US,5,20211215,195500,132.65,132.65,132.22,132.38,500,0
PRK.US,5,20211215,200000,132.5,132.5,132.5,132.5,100,0
PRK.US,5,20211215,200500,132.9,133.72,132.9,133.59,480,0
PRK.US,5,20211215,201000,133.66,133.66,133.52,133.52,200,0
PRK.US,5,20211215,201500,133.37,133.37,133.37,133.37,100,0
PRK.US,5,20211215,202000,133.43,133.43,133.43,133.43,100,0
PRK.US,5,20211215,202500,132.91,132.91,132.91,132.91,200,0
PRK.US,5,20211215,204000,133.5,133.5,133.5,133.5,200,0
PRK.US,5,20211215,204500,133.49,133.49,133.49,133.49,100,0
PRK.US,5,20211215,205000,133.78,133.78,133.78,133.78,100,0
PRK.US,5,20211215,210000,133.49,133.49,132.99,132.99,200,0
PRK.US,5,20211215,210500,133.55,133.55,133.55,133.55,100,0
PRK.US,5,20211215,211500,134.21,134.465,134.21,134.31,500,0
PRK.US,5,20211215,212000,134.74,134.74,134.74,134.74,100,0
PRK.US,5,20211215,212500,134.35,134.35,134.06,134.13,400,0
PRK.US,5,20211215,213000,134.16,134.17,134.16,134.16,500,0
PRK.US,5,20211215,214000,134.23,134.26,133.74,133.74,1706,0
PRK.US,5,20211215,214500,133.909,134.035,133.48,133.48,1000,0
PRK.US,5,20211215,215000,133.16,133.16,132.6,133.02,1100,0
PRK.US,5,20211215,215500,133.04,133.56,132.77,133.56,18968,0
PRK.US,5,20211216,153000,134.9,134.9,134.21,134.21,258,0
PRK.US,5,20211216,155000,134.9,134.9,134.9,134.9,217,0
PRK.US,5,20211216,155500,135.46,135.46,135.46,135.46,100,0
PRK.US,5,20211216,160000,135.51,135.51,135.51,135.51,326,0
PRK.US,5,20211216,162500,135.84,135.84,135.82,135.82,300,0
PRK.US,5,20211216,165000,136.29,136.38,136.29,136.36,722,0
PRK.US,5,20211216,170000,136.56,136.67,136.44,136.62,500,0
PRK.US,5,20211216,172000,136.64,136.65,136.64,136.65,1073,0
PRK.US,5,20211216,173000,136.6,136.84,136.43,136.6,609,0
PRK.US,5,20211216,174000,136.24,136.81,136.24,136.805,800,0
PRK.US,5,20211216,175000,136.29,136.29,136.29,136.29,100,0
PRK.US,5,20211216,181000,136.3,136.3,136.3,136.3,100,0
PRK.US,5,20211216,182500,137.27,138.19,137.005,137.49,1450,0
PRK.US,5,20211216,184000,137.11,137.11,136.93,136.93,200,0
PRK.US,5,20211216,185000,136.42,136.44,136.42,136.44,200,0
PRK.US,5,20211216,190500,135.88,135.88,135.88,135.88,100,0
PRK.US,5,20211216,191500,136.55,136.55,136.55,136.55,100,0
PRK.US,5,20211216,193000,136.33,137.37,136.33,137.37,800,0
PRK.US,5,20211216,194000,137.24,137.24,137.14,137.19,300,0
PRK.US,5,20211216,195000,137.67,137.67,136.55,136.77,600,0
PRK.US,5,20211216,200500,136.74,136.74,136.74,136.74,100,0
PRK.US,5,20211216,202000,135.29,135.33,135.21,135.21,400,0
PRK.US,5,20211216,202500,135.15,135.15,134.81,135.1,1031,0
PRK.US,5,20211216,203000,134.81,134.81,134.6,134.6,200,0
PRK.US,5,20211216,203500,135.06,135.06,135.06,135.06,100,0
PRK.US,5,20211216,204000,134.73,134.73,134.44,134.44,200,0
PRK.US,5,20211216,204500,134.35,134.35,134.18,134.18,200,0
PRK.US,5,20211216,205000,134.34,134.34,134.34,134.34,100,0
PRK.US,5,20211216,210500,134.82,134.82,134.82,134.82,100,0
PRK.US,5,20211216,211000,134.79,134.93,134.79,134.93,400,0
PRK.US,5,20211216,211500,135,135,135,135,440308,0
PRK.US,5,20211216,212000,135.29,135.29,134.97,135.25,300,0
PRK.US,5,20211216,213000,134.93,135.51,134.93,135,347,0
PRK.US,5,20211216,213500,134.97,135.22,134.97,135.2,300,0
PRK.US,5,20211216,214500,135.12,135.12,134.31,134.79,1948,0
PRK.US,5,20211216,215000,134.7,134.89,134.7,134.85,900,0
PRK.US,5,20211216,215500,134.87,134.98,133.96,134.78,9515,0
PRK.US,5,20211217,153000,135,135,134.62,135,14520,0
PRK.US,5,20211217,153500,135,135,135,135,200,0
PRK.US,5,20211217,155000,133.735,134.5,132.04,134.5,331,0
PRK.US,5,20211217,160000,132.207,132.6,131.49,132.6,1035,0
PRK.US,5,20211217,160500,132.83,132.83,132.83,132.83,100,0
PRK.US,5,20211217,161000,131.68,132.95,131.68,132.95,200,0
PRK.US,5,20211217,161500,130.89,130.89,130.89,130.89,100,0
PRK.US,5,20211217,163000,132.6,133.34,132.6,133.34,308,0
PRK.US,5,20211217,163500,133.5,133.53,133.48,133.48,300,0
PRK.US,5,20211217,164000,134.33,134.33,134.33,134.33,100,0
PRK.US,5,20211217,165000,134.99,134.99,134.98,134.98,215,0
PRK.US,5,20211217,165500,134.5,134.86,134.341,134.341,700,0
PRK.US,5,20211217,170500,133.94,133.94,133.94,133.94,211,0
PRK.US,5,20211217,173000,133.39,133.39,133.39,133.39,100,0
PRK.US,5,20211217,173500,132.684,133.88,132.684,133.88,290,0
PRK.US,5,20211217,180000,132.9,132.9,132.9,132.9,145,0
PRK.US,5,20211217,182000,132.685,132.79,132.685,132.775,330,0
PRK.US,5,20211217,182500,132.83,132.95,132.83,132.95,300,0
PRK.US,5,20211217,183000,133.72,134.365,133.54,133.54,300,0
PRK.US,5,20211217,184000,133.785,133.785,133.785,133.785,100,0
PRK.US,5,20211217,185000,133.56,133.56,133.55,133.55,200,0
PRK.US,5,20211217,191500,134.01,134.03,134.01,134.03,200,0
PRK.US,5,20211217,192000,134.16,134.16,134.11,134.11,228,0
PRK.US,5,20211217,192500,133.98,133.98,133.98,133.98,100,0
PRK.US,5,20211217,193000,134.5,134.52,134.5,134.52,200,0
PRK.US,5,20211217,194500,134.3,134.54,134.3,134.48,300,0
PRK.US,5,20211217,195000,134.46,134.46,134.46,134.46,100,0
PRK.US,5,20211217,200000,134.82,134.82,134.82,134.82,100,0
PRK.US,5,20211217,200500,134.44,134.44,134.44,134.44,100,0
PRK.US,5,20211217,201000,134.79,134.79,134.58,134.58,200,0
PRK.US,5,20211217,202000,134.27,134.56,134.27,134.56,400,0
PRK.US,5,20211217,202500,134.33,134.33,134.33,134.33,100,0
PRK.US,5,20211217,203500,134.14,134.14,133.99,133.99,300,0
PRK.US,5,20211217,204000,134.175,134.43,134.175,134.38,600,0
PRK.US,5,20211217,204500,134.49,135.08,134.49,135.07,600,0
PRK.US,5,20211217,205000,134.615,134.615,134.5,134.5,200,0
PRK.US,5,20211217,205500,134.66,134.66,134.6,134.6,200,0
PRK.US,5,20211217,210000,134.9,134.9,134.5,134.7,2106,0
PRK.US,5,20211217,210500,134.63,135,134.5,135,300,0
PRK.US,5,20211217,211000,134.34,134.5,133.92,134.462,4100,0
PRK.US,5,20211217,211500,134.23,134.23,134.16,134.175,800,0
PRK.US,5,20211217,212000,133.81,134.28,133.19,134.28,2100,0
PRK.US,5,20211217,212500,133.985,134.28,133.76,133.825,2100,0
PRK.US,5,20211217,213000,133.03,133.5,133.03,133.5,800,0
PRK.US,5,20211217,213500,133.5,133.9,133.29,133.29,1400,0
PRK.US,5,20211217,214000,133.93,133.93,133.39,133.53,3000,0
PRK.US,5,20211217,214500,133.46,133.68,133.13,133.17,7592,0
PRK.US,5,20211217,215000,133.48,133.64,133.2,133.54,3621,0
PRK.US,5,20211217,215500,133.65,134.08,133.35,133.35,126219,0
PRK.US,5,20211220,153000,132.22,132.22,132.22,132.22,577,0
PRK.US,5,20211220,160500,132,132,132,132,220,0
PRK.US,5,20211220,161500,131.51,132.58,131.51,132.58,1268,0
PRK.US,5,20211220,162000,132.33,132.33,132.33,132.33,200,0
PRK.US,5,20211220,163500,130.81,130.81,130.81,130.81,100,0
PRK.US,5,20211220,164500,130.58,130.58,130.32,130.32,600,0
PRK.US,5,20211220,165500,130.11,130.21,129.98,130.15,400,0
PRK.US,5,20211220,170500,129.95,130.92,129.95,130.92,800,0
PRK.US,5,20211220,171000,130.29,130.29,130.29,130.29,100,0
PRK.US,5,20211220,171500,130.26,130.26,129.89,129.89,608,0
PRK.US,5,20211220,172000,130.14,130.14,130.14,130.14,100,0
PRK.US,5,20211220,172500,130.54,130.73,130.305,130.73,1100,0
PRK.US,5,20211220,173500,130.565,130.838,130.565,130.838,292,0
PRK.US,5,20211220,174500,131.47,131.96,131.332,131.96,1200,0
PRK.US,5,20211220,175000,131.73,132.24,131.73,132.24,300,0
PRK.US,5,20211220,175500,132.51,132.58,132.51,132.58,200,0
PRK.US,5,20211220,180000,132.23,132.25,132.22,132.25,300,0
PRK.US,5,20211220,181500,131.84,131.84,131.67,131.67,200,0
PRK.US,5,20211220,183000,131.03,131.03,130.54,130.97,885,0
PRK.US,5,20211220,185000,131.54,131.65,131.54,131.65,300,0
PRK.US,5,20211220,190500,131.71,131.71,131.71,131.71,100,0
PRK.US,5,20211220,192500,131.85,131.85,131.85,131.85,100,0
PRK.US,5,20211220,193000,131.78,131.78,131.62,131.62,200,0
PRK.US,5,20211220,194000,131.57,132.24,131.5,132.24,940,0
PRK.US,5,20211220,194500,131.79,131.79,131.79,131.79,100,0
PRK.US,5,20211220,200000,132.52,132.52,132.47,132.49,800,0
PRK.US,5,20211220,201000,132.06,132.06,132,132,527,0
PRK.US,5,20211220,203500,131.87,131.87,131.87,131.87,100,0
PRK.US,5,20211220,204000,131.85,131.85,131.85,131.85,100,0
PRK.US,5,20211220,205000,132.24,132.24,132.24,132.24,100,0
PRK.US,5,20211220,205500,131.75,131.75,131.75,131.75,100,0
PRK.US,5,20211220,210000,131.797,131.797,131.797,131.797,150,0
PRK.US,5,20211220,211500,132.44,132.99,132.44,132.99,200,0
PRK.US,5,20211220,212500,133.16,133.18,133.16,133.18,300,0
PRK.US,5,20211220,213000,132.81,132.81,132.49,132.49,200,0
PRK.US,5,20211220,214000,132.87,132.87,132.83,132.83,200,0
PRK.US,5,20211220,214500,132.56,132.705,132.18,132.18,944,0
PRK.US,5,20211220,215000,132.37,132.37,131.94,131.95,1400,0
PRK.US,5,20211220,215500,131.98,132.74,131.94,132.36,1612,0
PRK.US,5,20211221,153000,133.75,133.75,133.75,133.75,167,0
PRK.US,5,20211221,155000,134.91,134.91,134.91,134.91,105,0
PRK.US,5,20211221,160000,135,135,135,135,300,0
PRK.US,5,20211221,160500,134.78,134.78,134.78,134.78,100,0
PRK.US,5,20211221,162000,135,135.58,135,135.58,516,0
PRK.US,5,20211221,162500,135.47,135.47,135.47,135.47,100,0
PRK.US,5,20211221,163000,135.3,135.3,135.3,135.3,100,0
PRK.US,5,20211221,164000,135.13,135.51,135,135,500,0
PRK.US,5,20211221,170000,134.45,134.45,134.45,134.45,100,0
PRK.US,5,20211221,172000,134.02,134.39,134.02,134.39,406,0
PRK.US,5,20211221,173000,134.17,134.27,134.07,134.07,419,0
PRK.US,5,20211221,173500,134.6,134.6,134.6,134.6,300,0
PRK.US,5,20211221,174000,134.67,134.67,134.67,134.67,100,0
PRK.US,5,20211221,175500,134.92,134.92,134.92,134.92,100,0
PRK.US,5,20211221,180500,134.94,135.04,134.94,135.04,200,0
PRK.US,5,20211221,181000,134.9,134.9,134.9,134.9,100,0
PRK.US,5,20211221,181500,135.193,135.398,135.095,135.398,700,0
PRK.US,5,20211221,182500,135.01,135.01,135.01,135.01,100,0
PRK.US,5,20211221,183000,135.25,135.25,135.25,135.25,100,0
PRK.US,5,20211221,191000,135.46,135.64,135.46,135.57,300,0
PRK.US,5,20211221,191500,136,136,136,136,100,0
PRK.US,5,20211221,194500,135.775,135.775,135.61,135.75,600,0
PRK.US,5,20211221,195000,135.61,135.67,135.61,135.67,300,0
PRK.US,5,20211221,201000,135.81,135.86,135.81,135.86,300,0
PRK.US,5,20211221,201500,136.14,136.14,136,136,530,0
PRK.US,5,20211221,203500,135.59,135.59,135.59,135.59,100,0
PRK.US,5,20211221,204500,135.43,135.99,135.43,135.99,200,0
PRK.US,5,20211221,205500,135.21,135.7,135.21,135.7,300,0
PRK.US,5,20211221,211000,136.19,136.19,136.19,136.19,100,0
PRK.US,5,20211221,213000,136.16,136.16,135.85,135.85,200,0
PRK.US,5,20211221,213500,135.87,136.14,135.84,136.14,400,0
PRK.US,5,20211221,214000,135.81,135.885,135.8,135.8,400,0
PRK.US,5,20211221,214500,135.61,135.9,135.37,135.37,400,0
PRK.US,5,20211221,215000,135.41,136.105,135.41,135.67,974,0
PRK.US,5,20211221,215500,135.65,136.3,135.62,135.88,9779,0
PRK.US,5,20211222,153000,136.04,136.04,133.99,133.99,564,0
PRK.US,5,20211222,153500,135.86,135.86,135.86,135.86,100,0
PRK.US,5,20211222,162500,136.92,137,136.92,137,773,0
PRK.US,5,20211222,163000,137,137,137,137,166,0
PRK.US,5,20211222,163500,137.01,137.01,137.01,137.01,100,0
PRK.US,5,20211222,164500,136.98,136.98,136.98,136.98,100,0
PRK.US,5,20211222,172500,137.01,137.01,137.01,137.01,100,0
PRK.US,5,20211222,183000,137.158,137.158,136.551,136.551,493,0
PRK.US,5,20211222,185000,136.91,136.91,136.91,136.91,300,0
PRK.US,5,20211222,185500,137.49,137.54,137.49,137.54,394,0
PRK.US,5,20211222,192000,137.33,137.34,137.02,137.02,2145,0
PRK.US,5,20211222,200500,137,137,136.945,136.945,200,0
PRK.US,5,20211222,201500,137,137,137,137,200,0
PRK.US,5,20211222,202500,136.47,136.47,136.47,136.47,100,0
PRK.US,5,20211222,204000,136.534,136.534,136.11,136.11,200,0
PRK.US,5,20211222,204500,136.49,136.49,136.49,136.49,100,0
PRK.US,5,20211222,205000,136.88,136.88,136.88,136.88,100,0
PRK.US,5,20211222,210000,136.89,136.9,136.81,136.81,800,0
PRK.US,5,20211222,211000,136.94,137.11,136.94,136.94,700,0
PRK.US,5,20211222,211500,136.94,136.94,136.94,136.94,200,0
PRK.US,5,20211222,212000,136.98,137.11,136.95,137.11,3408,0
PRK.US,5,20211222,213000,137,137,137,137,100,0
PRK.US,5,20211222,214000,137.08,137.1,137.08,137.1,300,0
PRK.US,5,20211222,214500,137.04,137.23,136.95,136.95,1000,0
PRK.US,5,20211222,215000,137.05,137.44,137.05,137.39,1300,0
PRK.US,5,20211222,215500,137.26,137.75,136.89,137.74,4377,0
PRK.US,5,20211223,153000,136.9,137.45,136.9,137.45,1145,0
PRK.US,5,20211223,153500,138,138,138,138,3584,0
PRK.US,5,20211223,155500,138.25,138.74,138.25,138.74,700,0
PRK.US,5,20211223,160000,138.75,138.75,138.63,138.63,900,0
PRK.US,5,20211223,161000,138.735,138.735,137.91,138.43,500,0
PRK.US,5,20211223,163000,138.23,138.3,138.23,138.24,447,0
PRK.US,5,20211223,164500,138.3,138.3,138.3,138.3,305,0
PRK.US,5,20211223,174000,138.44,138.48,138.44,138.48,200,0
PRK.US,5,20211223,175500,138.4,138.4,138.4,138.4,100,0
PRK.US,5,20211223,180000,138.38,138.4,138.375,138.4,5145,0
PRK.US,5,20211223,182500,138.76,138.76,138.76,138.76,100,0
PRK.US,5,20211223,184500,138.7,138.7,138.7,138.7,100,0
PRK.US,5,20211223,185000,138.61,138.61,138.58,138.61,700,0
PRK.US,5,20211223,191000,138.64,138.64,138.64,138.64,392,0
PRK.US,5,20211223,192500,138.83,138.95,138.83,138.95,300,0
PRK.US,5,20211223,194000,139.15,139.15,138.845,138.845,300,0
PRK.US,5,20211223,194500,138.93,138.93,138.93,138.93,100,0
PRK.US,5,20211223,195000,139.05,139.05,139.05,139.05,100,0
PRK.US,5,20211223,201500,138.97,138.97,138.97,138.97,100,0
PRK.US,5,20211223,204000,138.9,139,138.56,138.73,1958,0
PRK.US,5,20211223,204500,138.7,138.7,138.7,138.7,100,0
PRK.US,5,20211223,205000,139.14,139.14,139.14,139.14,100,0
PRK.US,5,20211223,205500,138.92,138.92,138.92,138.92,100,0
PRK.US,5,20211223,210500,138.94,138.94,138.94,138.94,100,0
PRK.US,5,20211223,211000,138.8,138.94,138.8,138.94,200,0
PRK.US,5,20211223,211500,138.77,138.77,138.77,138.77,100,0
PRK.US,5,20211223,212500,138.415,138.95,138.415,138.95,200,0
PRK.US,5,20211223,213000,138.74,138.77,138.74,138.77,200,0
PRK.US,5,20211223,213500,138.63,138.63,138.63,138.63,100,0
PRK.US,5,20211223,214000,138.78,138.78,138.78,138.78,200,0
PRK.US,5,20211223,214500,138.81,138.94,138.66,138.84,400,0
PRK.US,5,20211223,215000,138.96,138.96,138.82,138.82,200,0
PRK.US,5,20211223,215500,138.66,138.69,137.92,138.17,4686,0
