<TICKER>,<PER>,<DATE>,<TIME>,<OPEN>,<HIGH>,<LOW>,<CLOSE>,<VOL>,<OPENINT>
VMM.US,5,20211104,144000,14.27,14.27,14.27,14.27,800,0
VMM.US,5,20211104,172500,14.1063,14.1063,14.1063,14.1063,500,0
VMM.US,5,20211104,183500,14.145,14.145,14.145,14.145,200,0
VMM.US,5,20211105,143000,14.07,14.07,14.07,14.07,2063,0
VMM.US,5,20211105,152000,14.27,14.27,14.27,14.27,100,0
VMM.US,5,20211105,154000,14.205,14.205,14.205,14.205,556,0
VMM.US,5,20211105,161000,14.205,14.27,14.205,14.27,258,0
VMM.US,5,20211105,170000,14.205,14.27,14.205,14.27,200,0
VMM.US,5,20211105,173000,14.27,14.27,14.27,14.27,300,0
VMM.US,5,20211105,180000,14.26,14.26,14.26,14.26,300,0
VMM.US,5,20211105,182500,14.26,14.26,14.26,14.26,300,0
VMM.US,5,20211105,184500,14.26,14.26,14.26,14.26,160,0
VMM.US,5,20211105,191000,14.26,14.26,14.26,14.26,100,0
VMM.US,5,20211105,194000,14.26,14.26,14.26,14.26,200,0
VMM.US,5,20211105,195000,14.235,14.235,14.235,14.235,100,0
VMM.US,5,20211105,205500,14.16,14.16,14.16,14.16,324,0
VMM.US,5,20211108,153000,14.22,14.22,14.22,14.22,456,0
VMM.US,5,20211108,160500,14.155,14.155,14.155,14.155,116,0
VMM.US,5,20211108,215000,14.1836,14.1836,14.1836,14.1836,200,0
VMM.US,5,20211109,172000,14.16,14.16,14.16,14.16,200,0
VMM.US,5,20211109,172500,14.16,14.16,14.16,14.16,300,0
VMM.US,5,20211109,173500,14.16,14.16,14.15,14.15,1500,0
VMM.US,5,20211109,190500,14.175,14.2,14.175,14.2,400,0
VMM.US,5,20211109,191000,14.2,14.2,14.2,14.2,400,0
VMM.US,5,20211109,191500,14.2,14.2,14.2,14.2,100,0
VMM.US,5,20211109,192000,14.2,14.2,14.2,14.2,100,0
VMM.US,5,20211109,215500,14.19,14.2098,14.19,14.2098,500,0
VMM.US,5,20211110,153000,14.2,14.2,14.1999,14.2,11121,0
VMM.US,5,20211110,153500,14.2043,14.2043,14.2043,14.2043,361,0
VMM.US,5,20211110,170500,14.23,14.23,14.23,14.23,461,0
VMM.US,5,20211110,174000,14.2,14.2,14.2,14.2,5502,0
VMM.US,5,20211110,175000,14.2,14.2,14.2,14.2,627,0
VMM.US,5,20211110,185500,14.2,14.2,14.2,14.2,100,0
VMM.US,5,20211110,190500,14.2,14.2,14.2,14.2,500,0
VMM.US,5,20211110,193000,14.2,14.2,14.2,14.2,1562,0
VMM.US,5,20211110,213500,14.21,14.21,14.2,14.2,1172,0
VMM.US,5,20211110,214000,14.24,14.24,14.24,14.24,201,0
VMM.US,5,20211110,215000,14.2,14.2,14.2,14.2,158,0
VMM.US,5,20211111,164500,14.15,14.15,14.15,14.15,100,0
VMM.US,5,20211111,165500,14.15,14.15,14.15,14.15,800,0
VMM.US,5,20211111,175500,14.1,14.1,14.04,14.04,8151,0
VMM.US,5,20211111,211000,14.11,14.11,14.1,14.11,352,0
VMM.US,5,20211111,215500,14.11,14.12,14.11,14.12,300,0
VMM.US,5,20211112,153000,14.19,14.19,14.19,14.19,447,0
VMM.US,5,20211112,161000,14.11,14.12,14.11,14.11,700,0
VMM.US,5,20211112,162500,14.04,14.04,14.03,14.03,5380,0
VMM.US,5,20211112,165500,14.03,14.04,14.03,14.0333,1594,0
VMM.US,5,20211112,171000,14.03,14.03,14.03,14.03,800,0
VMM.US,5,20211112,183500,14.04,14.04,14.03,14.03,1400,0
VMM.US,5,20211112,185000,14.04,14.04,14.03,14.03,998,0
VMM.US,5,20211112,212000,14.0331,14.0331,14.0331,14.0331,1000,0
VMM.US,5,20211115,153500,14.02,14.02,14.01,14.01,700,0
VMM.US,5,20211115,154000,14.0298,14.0298,14.0298,14.0298,639,0
VMM.US,5,20211115,154500,14.03,14.03,14.03,14.03,200,0
VMM.US,5,20211115,192000,14.03,14.03,14.03,14.03,200,0
VMM.US,5,20211115,201000,14.01,14.01,13.99,13.99,2900,0
VMM.US,5,20211115,202500,13.995,14,13.995,14,986,0
VMM.US,5,20211115,205500,14,14,14,14,1428,0
VMM.US,5,20211115,214000,14,14,13.9999,13.9999,3000,0
VMM.US,5,20211116,155000,13.98,13.98,13.96,13.96,1000,0
VMM.US,5,20211116,160000,13.96,13.97,13.95,13.9522,7061,0
VMM.US,5,20211116,161000,13.95,13.95,13.95,13.95,1425,0
VMM.US,5,20211116,163000,13.95,13.95,13.95,13.95,835,0
VMM.US,5,20211116,165000,13.94,13.94,13.94,13.94,100,0
VMM.US,5,20211116,165500,13.95,13.95,13.9427,13.9427,966,0
VMM.US,5,20211116,170000,13.95,13.95,13.95,13.95,200,0
VMM.US,5,20211116,171000,13.95,13.95,13.95,13.95,300,0
VMM.US,5,20211116,172500,13.95,13.95,13.95,13.95,900,0
VMM.US,5,20211116,183000,13.95,13.95,13.95,13.95,300,0
VMM.US,5,20211116,184000,13.95,13.95,13.95,13.95,1000,0
VMM.US,5,20211116,190500,13.945,13.945,13.94,13.94,350,0
VMM.US,5,20211116,192500,13.94,13.94,13.94,13.94,120,0
VMM.US,5,20211116,193000,13.95,13.95,13.95,13.95,300,0
VMM.US,5,20211116,201500,13.9302,13.9302,13.9302,13.9302,400,0
VMM.US,5,20211116,203500,13.95,13.95,13.95,13.95,135,0
VMM.US,5,20211116,215500,13.94,13.95,13.91,13.95,635,0
VMM.US,5,20211117,202000,13.95,13.95,13.95,13.95,1300,0
VMM.US,5,20211117,213000,13.94,13.9402,13.9,13.9107,3072,0
VMM.US,5,20211117,214000,13.92,13.9203,13.92,13.9203,2100,0
VMM.US,5,20211117,215500,13.93,13.95,13.91,13.91,1162,0
VMM.US,5,20211118,153000,13.86,13.86,13.86,13.86,197,0
VMM.US,5,20211118,154000,13.91,13.91,13.91,13.91,1100,0
VMM.US,5,20211118,155000,13.91,13.91,13.91,13.91,200,0
VMM.US,5,20211118,160000,13.88,13.88,13.88,13.88,200,0
VMM.US,5,20211118,161500,13.88,13.9,13.88,13.9,500,0
VMM.US,5,20211118,163000,13.88,13.88,13.88,13.88,200,0
VMM.US,5,20211118,164000,13.88,13.88,13.88,13.88,400,0
VMM.US,5,20211118,165500,13.87,13.87,13.87,13.87,400,0
VMM.US,5,20211118,170000,13.87,13.87,13.86,13.86,803,0
VMM.US,5,20211118,170500,13.83,13.83,13.82,13.82,5915,0
VMM.US,5,20211118,171000,13.81,13.81,13.8,13.8,1600,0
VMM.US,5,20211118,171500,13.7936,13.8,13.75,13.779,5401,0
VMM.US,5,20211118,174000,13.78,13.78,13.78,13.78,500,0
VMM.US,5,20211118,175000,13.793,13.793,13.793,13.793,500,0
VMM.US,5,20211118,180000,13.7965,13.7965,13.793,13.7965,1500,0
VMM.US,5,20211118,180500,13.79,13.8,13.79,13.7966,1625,0
VMM.US,5,20211118,181000,13.8,13.8,13.7966,13.7966,314,0
VMM.US,5,20211118,182000,13.84,13.85,13.84,13.843,1250,0
VMM.US,5,20211118,183000,13.88,13.88,13.879,13.879,585,0
VMM.US,5,20211118,183500,13.875,13.88,13.875,13.88,400,0
VMM.US,5,20211118,185500,13.89,13.9,13.88,13.9,1600,0
VMM.US,5,20211118,190000,13.8791,13.8791,13.8791,13.8791,470,0
VMM.US,5,20211118,191500,13.91,13.91,13.91,13.91,1566,0
VMM.US,5,20211118,215500,13.8,13.8,13.8,13.8,751,0
VMM.US,5,20211119,174500,13.86,13.86,13.86,13.86,147,0
VMM.US,5,20211119,181000,13.8307,13.8307,13.82,13.82,5182,0
VMM.US,5,20211119,185500,13.847,13.847,13.847,13.847,277,0
VMM.US,5,20211119,194500,13.825,13.825,13.825,13.825,100,0
VMM.US,5,20211119,201000,13.84,13.84,13.84,13.84,1850,0
VMM.US,5,20211119,211500,13.81,13.81,13.81,13.81,1000,0
VMM.US,5,20211119,212500,13.81,13.81,13.81,13.81,1250,0
VMM.US,5,20211119,213000,13.81,13.81,13.81,13.81,1000,0
VMM.US,5,20211119,213500,13.82,13.82,13.82,13.82,400,0
VMM.US,5,20211119,215000,13.84,13.84,13.8272,13.8272,3115,0
VMM.US,5,20211119,215500,13.84,13.84,13.8,13.815,1275,0
VMM.US,5,20211122,154000,13.77,13.78,13.77,13.77,400,0
VMM.US,5,20211122,170000,13.81,13.83,13.8,13.83,5300,0
VMM.US,5,20211122,203500,13.825,13.825,13.82,13.8241,700,0
VMM.US,5,20211122,213500,13.825,13.825,13.78,13.78,6375,0
VMM.US,5,20211122,215000,13.8,13.8,13.8,13.8,100,0
VMM.US,5,20211123,153500,13.82,13.82,13.82,13.82,453,0
VMM.US,5,20211123,155500,13.7881,13.7881,13.7881,13.7881,800,0
VMM.US,5,20211123,163000,13.79,13.79,13.79,13.79,100,0
VMM.US,5,20211123,171000,13.785,13.785,13.785,13.785,100,0
VMM.US,5,20211123,173500,13.79,13.79,13.79,13.79,100,0
VMM.US,5,20211123,183000,13.78,13.785,13.775,13.775,653,0
VMM.US,5,20211123,183500,13.77,13.775,13.77,13.77,538,0
VMM.US,5,20211123,184000,13.7497,13.7497,13.7497,13.7497,300,0
VMM.US,5,20211123,190000,13.75,13.75,13.75,13.75,1200,0
VMM.US,5,20211123,201500,13.75,13.75,13.75,13.75,100,0
VMM.US,5,20211123,213000,13.75,13.75,13.745,13.75,2813,0
VMM.US,5,20211123,213500,13.7499,13.75,13.7499,13.75,3000,0
VMM.US,5,20211123,214500,13.75,13.75,13.74,13.74,2109,0
VMM.US,5,20211123,215000,13.75,13.75,13.7498,13.7498,1264,0
VMM.US,5,20211123,215500,13.74,13.74,13.74,13.74,131,0
VMM.US,5,20211124,153000,13.55,13.7,13.55,13.7,13770,0
VMM.US,5,20211124,153500,13.69,13.69,13.69,13.69,192,0
VMM.US,5,20211124,155000,13.71,13.71,13.71,13.71,999,0
VMM.US,5,20211124,160500,13.7064,13.7064,13.7064,13.7064,1244,0
VMM.US,5,20211124,161000,13.68,13.6806,13.6703,13.6703,4300,0
VMM.US,5,20211124,171500,13.67,13.67,13.67,13.67,500,0
VMM.US,5,20211124,173000,13.67,13.67,13.67,13.67,1055,0
VMM.US,5,20211124,192000,13.7132,13.7132,13.7,13.7,500,0
VMM.US,5,20211124,194000,13.7,13.7,13.7,13.7,100,0
VMM.US,5,20211124,195000,13.73,13.73,13.73,13.73,1800,0
VMM.US,5,20211124,195500,13.72,13.72,13.71,13.71,2900,0
VMM.US,5,20211124,200000,13.71,13.71,13.71,13.71,1500,0
VMM.US,5,20211124,200500,13.71,13.71,13.7,13.7,600,0
VMM.US,5,20211124,201500,13.7,13.7,13.7,13.7,400,0
VMM.US,5,20211124,202000,13.7,13.7,13.7,13.7,700,0
VMM.US,5,20211124,202500,13.7,13.7,13.7,13.7,9500,0
VMM.US,5,20211124,203000,13.7,13.7,13.7,13.7,900,0
VMM.US,5,20211124,203500,13.7,13.7,13.7,13.7,1600,0
VMM.US,5,20211124,204000,13.7,13.7,13.7,13.7,800,0
VMM.US,5,20211124,204500,13.7,13.7,13.69,13.69,1400,0
VMM.US,5,20211124,205000,13.69,13.69,13.69,13.69,3800,0
VMM.US,5,20211124,205500,13.69,13.69,13.69,13.69,1600,0
VMM.US,5,20211124,210000,13.69,13.69,13.61,13.63,1100,0
VMM.US,5,20211124,210500,13.63,13.64,13.62,13.64,1400,0
VMM.US,5,20211124,211000,13.64,13.64,13.61,13.61,1600,0
VMM.US,5,20211124,211500,13.61,13.61,13.6,13.6,1800,0
VMM.US,5,20211124,212000,13.62,13.62,13.6,13.6,1700,0
VMM.US,5,20211124,212500,13.6,13.6,13.6,13.6,1200,0
VMM.US,5,20211124,213000,13.6,13.6,13.6,13.6,12400,0
VMM.US,5,20211124,213500,13.6,13.6,13.6,13.6,5500,0
VMM.US,5,20211124,214500,13.6,13.6,13.5916,13.595,5800,0
VMM.US,5,20211124,215000,13.6,13.6,13.6,13.6,1300,0
VMM.US,5,20211124,215500,13.6,13.6,13.6,13.6,15034,0
VMM.US,5,20211126,153000,13.68,13.68,13.64,13.64,1485,0
VMM.US,5,20211126,153500,13.65,13.65,13.64,13.64,360,0
VMM.US,5,20211126,154000,13.64,13.64,13.64,13.64,300,0
VMM.US,5,20211126,154500,13.57,13.57,13.57,13.57,100,0
VMM.US,5,20211126,155000,13.58,13.58,13.58,13.58,100,0
VMM.US,5,20211126,155500,13.57,13.57,13.57,13.57,100,0
VMM.US,5,20211126,160000,13.605,13.605,13.57,13.57,514,0
VMM.US,5,20211126,160500,13.6,13.6,13.6,13.6,100,0
VMM.US,5,20211126,161500,13.6056,13.6056,13.58,13.58,213,0
VMM.US,5,20211126,162500,13.58,13.58,13.58,13.58,100,0
VMM.US,5,20211126,163000,13.58,13.62,13.58,13.58,3939,0
VMM.US,5,20211126,163500,13.58,13.5839,13.58,13.58,818,0
VMM.US,5,20211126,164000,13.58,13.58,13.58,13.58,205,0
VMM.US,5,20211126,164500,13.51,13.51,13.51,13.51,100,0
VMM.US,5,20211126,165000,13.51,13.51,13.51,13.51,100,0
VMM.US,5,20211126,165500,13.51,13.51,13.51,13.51,100,0
VMM.US,5,20211126,170500,13.54,13.54,13.54,13.54,100,0
VMM.US,5,20211126,171000,13.54,13.54,13.54,13.54,100,0
VMM.US,5,20211126,171500,13.54,13.54,13.54,13.54,100,0
VMM.US,5,20211126,172500,13.54,13.54,13.54,13.54,100,0
VMM.US,5,20211126,173000,13.54,13.54,13.54,13.54,100,0
VMM.US,5,20211126,174000,13.55,13.55,13.55,13.55,100,0
VMM.US,5,20211126,174500,13.57,13.62,13.57,13.62,17858,0
VMM.US,5,20211126,175500,13.6205,13.63,13.6205,13.63,200,0
VMM.US,5,20211126,180000,13.62,13.62,13.62,13.62,200,0
VMM.US,5,20211126,180500,13.62,13.62,13.62,13.62,200,0
VMM.US,5,20211126,181000,13.6204,13.625,13.62,13.62,10250,0
VMM.US,5,20211126,181500,13.62,13.62,13.62,13.62,100,0
VMM.US,5,20211126,182000,13.62,13.62,13.62,13.62,200,0
VMM.US,5,20211126,183000,13.62,13.62,13.62,13.62,200,0
VMM.US,5,20211126,183500,13.62,13.62,13.62,13.62,200,0
VMM.US,5,20211126,184000,13.62,13.62,13.62,13.62,100,0
VMM.US,5,20211126,184500,13.62,13.62,13.62,13.62,300,0
VMM.US,5,20211126,185000,13.62,13.63,13.62,13.63,1400,0
VMM.US,5,20211126,185500,13.62,13.63,13.62,13.63,500,0
VMM.US,5,20211126,190000,13.59,13.59,13.59,13.59,221,0
VMM.US,5,20211129,153000,13.58,13.59,13.58,13.59,1155,0
VMM.US,5,20211129,155000,13.568,13.568,13.568,13.568,1347,0
VMM.US,5,20211129,160000,13.58,13.58,13.58,13.58,444,0
VMM.US,5,20211129,160500,13.57,13.57,13.57,13.57,100,0
VMM.US,5,20211129,165500,13.58,13.58,13.56,13.57,9824,0
VMM.US,5,20211129,171000,13.6,13.63,13.6,13.63,3800,0
VMM.US,5,20211129,174500,13.6,13.6,13.6,13.6,200,0
VMM.US,5,20211129,184000,13.6297,13.6297,13.615,13.621,3600,0
VMM.US,5,20211129,193500,13.6279,13.63,13.6279,13.63,10300,0
VMM.US,5,20211129,201500,13.645,13.645,13.645,13.645,100,0
VMM.US,5,20211129,203000,13.66,13.66,13.66,13.66,5400,0
VMM.US,5,20211129,204500,13.66,13.66,13.66,13.66,1100,0
VMM.US,5,20211129,205000,13.66,13.66,13.66,13.66,500,0
VMM.US,5,20211129,210500,13.66,13.66,13.64,13.66,2900,0
VMM.US,5,20211129,215500,13.66,13.66,13.66,13.66,289,0
VMM.US,5,20211130,153000,13.64,13.64,13.64,13.64,804,0
VMM.US,5,20211130,165000,13.61,13.61,13.61,13.61,100,0
VMM.US,5,20211130,172000,13.65,13.65,13.65,13.65,4100,0
VMM.US,5,20211130,174500,13.67,13.67,13.67,13.67,500,0
VMM.US,5,20211130,175500,13.67,13.67,13.67,13.67,300,0
VMM.US,5,20211130,180000,13.6799,13.68,13.6799,13.68,1475,0
VMM.US,5,20211130,182000,13.67,13.6702,13.67,13.67,914,0
VMM.US,5,20211130,182500,13.68,13.68,13.68,13.68,500,0
VMM.US,5,20211130,184000,13.68,13.68,13.68,13.68,500,0
VMM.US,5,20211130,185000,13.64,13.64,13.64,13.64,100,0
VMM.US,5,20211130,190000,13.63,13.63,13.63,13.63,100,0
VMM.US,5,20211130,193000,13.63,13.63,13.63,13.63,400,0
VMM.US,5,20211130,195500,13.64,13.64,13.63,13.63,400,0
VMM.US,5,20211130,202000,13.64,13.64,13.64,13.64,400,0
VMM.US,5,20211130,203000,13.6763,13.6763,13.6404,13.6404,745,0
VMM.US,5,20211130,203500,13.64,13.64,13.64,13.64,200,0
VMM.US,5,20211130,205000,13.64,13.64,13.64,13.64,300,0
VMM.US,5,20211130,210500,13.65,13.65,13.65,13.65,300,0
VMM.US,5,20211130,211000,13.64,13.64,13.64,13.64,200,0
VMM.US,5,20211130,212000,13.64,13.64,13.64,13.64,200,0
VMM.US,5,20211130,212500,13.64,13.64,13.64,13.64,200,0
VMM.US,5,20211130,213000,13.64,13.64,13.64,13.64,200,0
VMM.US,5,20211130,213500,13.655,13.66,13.655,13.66,300,0
VMM.US,5,20211130,214000,13.66,13.66,13.66,13.66,200,0
VMM.US,5,20211130,214500,13.66,13.66,13.66,13.66,200,0
VMM.US,5,20211130,215000,13.66,13.66,13.66,13.66,200,0
VMM.US,5,20211130,215500,13.66,13.66,13.66,13.66,298,0
VMM.US,5,20211201,153000,13.66,13.66,13.66,13.66,100,0
VMM.US,5,20211201,174500,13.698,13.698,13.682,13.682,1400,0
VMM.US,5,20211201,185500,13.71,13.71,13.71,13.71,340,0
VMM.US,5,20211201,191000,13.69,13.69,13.69,13.69,100,0
VMM.US,5,20211201,193000,13.6899,13.6899,13.6899,13.6899,100,0
VMM.US,5,20211201,210000,13.679,13.68,13.675,13.6799,1575,0
VMM.US,5,20211201,214500,13.675,13.675,13.675,13.675,100,0
VMM.US,5,20211201,215500,13.68,13.68,13.68,13.68,100,0
VMM.US,5,20211202,153000,13.68,13.69,13.68,13.69,700,0
VMM.US,5,20211202,154000,13.68,13.68,13.68,13.68,110,0
VMM.US,5,20211202,155500,13.65,13.68,13.65,13.68,5600,0
VMM.US,5,20211202,164000,13.6507,13.6507,13.6507,13.6507,100,0
VMM.US,5,20211202,165500,13.68,13.68,13.68,13.68,200,0
VMM.US,5,20211202,170000,13.66,13.66,13.66,13.66,100,0
VMM.US,5,20211202,180500,13.67,13.67,13.67,13.67,100,0
VMM.US,5,20211202,181500,13.67,13.672,13.67,13.672,500,0
VMM.US,5,20211202,183000,13.6601,13.68,13.6601,13.68,1871,0
VMM.US,5,20211202,184000,13.68,13.68,13.68,13.68,114,0
VMM.US,5,20211202,184500,13.66,13.66,13.66,13.66,100,0
VMM.US,5,20211202,192500,13.66,13.66,13.66,13.66,500,0
VMM.US,5,20211202,194500,13.66,13.6636,13.66,13.66,1000,0
VMM.US,5,20211202,201000,13.66,13.66,13.66,13.66,100,0
VMM.US,5,20211202,202000,13.666,13.68,13.665,13.68,17800,0
VMM.US,5,20211202,202500,13.67,13.68,13.67,13.67,9645,0
VMM.US,5,20211202,204000,13.68,13.68,13.68,13.68,100,0
VMM.US,5,20211202,205500,13.665,13.68,13.665,13.68,1000,0
VMM.US,5,20211202,210500,13.68,13.68,13.68,13.68,500,0
VMM.US,5,20211202,211000,13.6799,13.68,13.6799,13.68,1100,0
VMM.US,5,20211202,212000,13.67,13.68,13.665,13.68,1670,0
VMM.US,5,20211202,213500,13.68,13.68,13.68,13.68,7000,0
VMM.US,5,20211202,214000,13.68,13.68,13.68,13.68,3100,0
VMM.US,5,20211202,215000,13.68,13.72,13.6794,13.72,3565,0
VMM.US,5,20211202,215500,13.72,13.72,13.71,13.71,1783,0
VMM.US,5,20211203,153000,13.64,13.64,13.64,13.64,750,0
VMM.US,5,20211203,161000,13.64,13.64,13.64,13.64,106,0
VMM.US,5,20211203,163000,13.694,13.694,13.694,13.694,500,0
VMM.US,5,20211203,172500,13.7,13.7,13.7,13.7,1000,0
VMM.US,5,20211203,173500,13.7,13.7,13.7,13.7,790,0
VMM.US,5,20211203,174500,13.7,13.7,13.69,13.69,2490,0
VMM.US,5,20211203,175500,13.7,13.7,13.7,13.7,500,0
VMM.US,5,20211203,180000,13.7,13.7,13.7,13.7,1400,0
VMM.US,5,20211203,181500,13.7,13.7,13.69,13.69,2700,0
VMM.US,5,20211203,182000,13.69,13.69,13.69,13.69,300,0
VMM.US,5,20211203,183500,13.7,13.7,13.69,13.6977,8120,0
VMM.US,5,20211203,184000,13.7,13.7,13.7,13.7,1481,0
VMM.US,5,20211203,185500,13.72,13.72,13.72,13.72,9600,0
VMM.US,5,20211203,191000,13.72,13.72,13.72,13.72,100,0
VMM.US,5,20211203,201500,13.74,13.74,13.731,13.74,10560,0
VMM.US,5,20211203,211000,13.74,13.74,13.74,13.74,800,0
VMM.US,5,20211203,215500,13.71,13.74,13.7,13.7,2367,0
VMM.US,5,20211206,180500,13.7135,13.7135,13.685,13.685,729,0
VMM.US,5,20211206,181500,13.7,13.7,13.7,13.7,100,0
VMM.US,5,20211206,184500,13.6908,13.6908,13.6908,13.6908,1830,0
VMM.US,5,20211206,185500,13.72,13.724,13.7,13.724,16704,0
VMM.US,5,20211206,190000,13.72,13.72,13.715,13.72,3832,0
VMM.US,5,20211206,202000,13.72,13.72,13.72,13.72,200,0
VMM.US,5,20211206,203000,13.73,13.73,13.73,13.73,400,0
VMM.US,5,20211206,204000,13.72,13.73,13.72,13.73,200,0
VMM.US,5,20211206,214500,13.72,13.72,13.72,13.72,100,0
VMM.US,5,20211206,215500,13.74,13.75,13.74,13.74,787,0
VMM.US,5,20211207,153000,13.7,13.7,13.7,13.7,250,0
VMM.US,5,20211207,153500,13.75,13.75,13.75,13.75,2589,0
VMM.US,5,20211207,155500,13.76,13.76,13.76,13.76,1200,0
VMM.US,5,20211207,161500,13.77,13.78,13.77,13.78,400,0
VMM.US,5,20211207,165000,13.81,13.81,13.81,13.81,442,0
VMM.US,5,20211207,172000,13.8,13.8,13.8,13.8,1400,0
VMM.US,5,20211207,173000,13.79,13.81,13.785,13.81,21790,0
VMM.US,5,20211207,174000,13.81,13.81,13.81,13.81,20000,0
VMM.US,5,20211207,180500,13.785,13.81,13.785,13.81,500,0
VMM.US,5,20211207,182500,13.8053,13.82,13.8053,13.82,2332,0
VMM.US,5,20211207,183000,13.83,13.83,13.83,13.83,1477,0
VMM.US,5,20211207,183500,13.83,13.84,13.79,13.79,27600,0
VMM.US,5,20211207,184500,13.85,13.86,13.85,13.86,500,0
VMM.US,5,20211207,190500,13.86,13.86,13.86,13.86,114,0
VMM.US,5,20211207,192000,13.86,13.86,13.86,13.86,300,0
VMM.US,5,20211207,195000,13.86,13.86,13.86,13.86,352,0
VMM.US,5,20211207,201000,13.85,13.87,13.85,13.87,300,0
VMM.US,5,20211207,202500,13.87,13.87,13.87,13.87,300,0
VMM.US,5,20211207,203500,13.87,13.87,13.87,13.87,8214,0
VMM.US,5,20211207,204000,13.89,13.89,13.89,13.89,100,0
VMM.US,5,20211207,205500,13.92,13.92,13.92,13.92,100,0
VMM.US,5,20211207,213000,13.91,13.91,13.91,13.91,100,0
VMM.US,5,20211207,215000,13.91,13.91,13.91,13.91,800,0
VMM.US,5,20211207,215500,13.91,13.91,13.91,13.91,1007,0
VMM.US,5,20211208,154000,13.92,13.925,13.91,13.92,5994,0
VMM.US,5,20211208,155000,13.92,13.93,13.92,13.92,2262,0
VMM.US,5,20211208,155500,13.9209,13.9209,13.92,13.92,300,0
VMM.US,5,20211208,165500,13.92,13.92,13.9,13.91,6515,0
VMM.US,5,20211208,175000,13.92,13.93,13.92,13.93,1765,0
VMM.US,5,20211208,180500,13.96,13.96,13.96,13.96,516,0
VMM.US,5,20211208,181500,13.96,13.96,13.96,13.96,244,0
VMM.US,5,20211208,201000,13.95,13.95,13.95,13.95,489,0
VMM.US,5,20211208,201500,13.95,13.95,13.9,13.901,30337,0
VMM.US,5,20211208,202000,13.92,13.92,13.92,13.92,393,0
VMM.US,5,20211208,203500,13.92,13.92,13.92,13.92,100,0
VMM.US,5,20211208,210500,13.94,13.94,13.92,13.94,1215,0
VMM.US,5,20211208,212000,13.96,13.96,13.96,13.96,385,0
VMM.US,5,20211208,212500,13.96,13.97,13.96,13.97,992,0
VMM.US,5,20211208,215500,13.97,13.97,13.96,13.96,200,0
VMM.US,5,20211209,162500,13.93,13.93,13.87,13.87,2460,0
VMM.US,5,20211209,163500,13.87,13.88,13.83,13.83,3552,0
VMM.US,5,20211209,164000,13.84,13.84,13.83,13.83,1652,0
VMM.US,5,20211209,165000,13.81,13.83,13.81,13.83,4022,0
VMM.US,5,20211209,165500,13.86,13.86,13.86,13.86,253,0
VMM.US,5,20211209,175000,13.86,13.86,13.86,13.86,300,0
VMM.US,5,20211209,190500,13.91,13.91,13.91,13.91,150,0
VMM.US,5,20211209,192000,13.9099,13.9099,13.9099,13.9099,100,0
VMM.US,5,20211209,194500,13.86,13.86,13.86,13.86,100,0
VMM.US,5,20211209,202000,13.91,13.91,13.9,13.91,2000,0
VMM.US,5,20211209,211500,13.95,13.95,13.95,13.95,300,0
VMM.US,5,20211209,215500,13.95,13.95,13.92,13.95,434,0
VMM.US,5,20211210,153000,13.93,13.93,13.93,13.93,400,0
VMM.US,5,20211210,165500,14,14,14,14,643,0
VMM.US,5,20211210,174500,13.982,13.982,13.982,13.982,100,0
VMM.US,5,20211210,175000,14,14.03,14,14.03,3194,0
VMM.US,5,20211210,181000,14.05,14.05,14.05,14.05,200,0
VMM.US,5,20211210,183500,14.05,14.05,14.05,14.05,150,0
VMM.US,5,20211210,184000,14.05,14.0563,14.05,14.0501,500,0
VMM.US,5,20211210,185000,14.0547,14.0547,14.05,14.05,436,0
VMM.US,5,20211210,192000,14.0501,14.0567,14.05,14.0567,4593,0
VMM.US,5,20211210,193500,14.05,14.0519,14.05,14.0501,400,0
VMM.US,5,20211210,195000,14.05,14.05,14.05,14.05,100,0
VMM.US,5,20211210,202000,14.0501,14.0507,14.05,14.0501,700,0
VMM.US,5,20211210,214000,14.05,14.05,14.05,14.05,126,0
VMM.US,5,20211210,215500,14.08,14.08,14.011,14.011,500,0
VMM.US,5,20211213,160500,14.0369,14.0369,14.0369,14.0369,127,0
VMM.US,5,20211213,164000,14.0753,14.0753,14.0753,14.0753,500,0
VMM.US,5,20211213,180500,14.04,14.04,14.03,14.03,2807,0
VMM.US,5,20211213,182500,14.06,14.06,14.05,14.06,800,0
VMM.US,5,20211213,190000,14.06,14.06,14.06,14.06,100,0
VMM.US,5,20211213,203000,14.06,14.06,14.06,14.06,979,0
VMM.US,5,20211213,210000,14.06,14.07,14.06,14.06,4830,0
VMM.US,5,20211213,212000,14.04,14.04,14.04,14.04,800,0
VMM.US,5,20211213,212500,14.0401,14.0401,14.04,14.04,4100,0
VMM.US,5,20211213,214000,14.04,14.04,14.04,14.04,200,0
VMM.US,5,20211213,215500,13.9,13.9,13.9,13.9,1334,0
VMM.US,5,20211214,153000,13.97,13.98,13.97,13.98,667,0
VMM.US,5,20211214,155500,13.9,13.9224,13.9,13.9,2131,0
VMM.US,5,20211214,160000,13.9,13.9101,13.9,13.9,11300,0
VMM.US,5,20211214,194500,13.92,13.92,13.92,13.92,5100,0
VMM.US,5,20211214,195000,13.92,13.9279,13.9,13.92,49776,0
VMM.US,5,20211214,195500,13.92,13.92,13.92,13.92,10057,0
VMM.US,5,20211214,200000,13.93,13.93,13.93,13.93,400,0
VMM.US,5,20211214,203500,13.93,13.93,13.93,13.93,24800,0
VMM.US,5,20211214,210000,13.95,13.95,13.95,13.95,37583,0
VMM.US,5,20211215,154000,13.9406,13.9406,13.94,13.9406,2100,0
VMM.US,5,20211215,164000,13.982,13.982,13.958,13.958,1400,0
VMM.US,5,20211215,214500,13.95,13.96,13.95,13.95,1701,0
VMM.US,5,20211215,215000,13.96,13.96,13.95,13.95,343,0
VMM.US,5,20211215,215500,13.93,13.935,13.93,13.935,200,0
VMM.US,5,20211216,195000,13.9501,13.9501,13.95,13.95,378,0
VMM.US,5,20211216,201500,13.965,13.9799,13.965,13.9799,2500,0
VMM.US,5,20211216,202000,13.9686,13.98,13.95,13.96,3900,0
VMM.US,5,20211216,202500,13.98,14,13.98,14,287,0
VMM.US,5,20211216,204000,14,14,14,14,200,0
VMM.US,5,20211216,204500,14,14,14,14,200,0
VMM.US,5,20211216,213000,14.01,14.01,14,14,500,0
VMM.US,5,20211216,214500,14.01,14.02,14.01,14.02,638,0
VMM.US,5,20211216,215500,14,14,14,14,300,0
VMM.US,5,20211217,161500,14.0234,14.0234,14.0234,14.0234,1000,0
VMM.US,5,20211217,173500,14.02,14.02,14.02,14.02,200,0
VMM.US,5,20211217,175500,14.02,14.02,14.02,14.02,100,0
VMM.US,5,20211217,184500,14.01,14.01,14.005,14.005,300,0
VMM.US,5,20211217,205000,14.02,14.02,14.02,14.02,100,0
VMM.US,5,20211217,212500,14.02,14.02,14.02,14.02,100,0
VMM.US,5,20211217,215500,14.02,14.02,14.01,14.01,200,0
VMM.US,5,20211220,153000,13.89,13.89,13.89,13.89,767,0
VMM.US,5,20211220,162500,14,14.02,14,14.02,200,0
VMM.US,5,20211220,164500,14.03,14.03,14.0295,14.0295,1500,0
VMM.US,5,20211220,170000,14.06,14.06,14.02,14.02,332,0
VMM.US,5,20211220,170500,14.02,14.02,14.02,14.02,156,0
VMM.US,5,20211220,180500,14.04,14.04,14.04,14.04,400,0
VMM.US,5,20211220,185500,14.06,14.06,14.06,14.06,225,0
VMM.US,5,20211220,192000,14.03,14.03,14.03,14.03,100,0
VMM.US,5,20211220,193500,14.06,14.06,14.06,14.06,222,0
VMM.US,5,20211220,195500,14.05,14.05,14.05,14.05,786,0
VMM.US,5,20211220,201500,14.06,14.06,14.06,14.06,300,0
VMM.US,5,20211220,202000,14.07,14.07,14.07,14.07,200,0
VMM.US,5,20211220,202500,14.07,14.07,14.07,14.07,200,0
VMM.US,5,20211220,203000,14.07,14.07,14.07,14.07,112,0
VMM.US,5,20211220,213000,14.08,14.08,14.08,14.08,308,0
VMM.US,5,20211221,182500,14.03,14.04,14.03,14.035,556,0
VMM.US,5,20211221,200000,14.03,14.03,14.03,14.03,2367,0
VMM.US,5,20211221,213500,14.04,14.04,14.04,14.04,600,0
VMM.US,5,20211221,214000,14.055,14.055,14.055,14.055,200,0
VMM.US,5,20211221,215500,14.04,14.04,14.04,14.04,100,0
VMM.US,5,20211222,183500,14.1687,14.1687,14.131,14.1375,1700,0
VMM.US,5,20211222,193500,14.05,14.05,14.05,14.05,5500,0
VMM.US,5,20211222,194500,14.04,14.06,14.03,14.06,3934,0
VMM.US,5,20211222,203000,14.06,14.08,14.06,14.08,948,0
VMM.US,5,20211222,213500,14.09,14.09,14.09,14.09,295,0
VMM.US,5,20211222,215500,14.09,14.09,14.09,14.09,100,0
VMM.US,5,20211223,153000,13.85,13.85,13.85,13.85,6000,0
VMM.US,5,20211223,154000,13.99,13.9913,13.99,13.9913,800,0
VMM.US,5,20211223,155500,13.99,13.99,13.98,13.98,200,0
VMM.US,5,20211223,160500,13.93,13.93,13.93,13.93,468,0
VMM.US,5,20211223,161000,14,14,14,14,100,0
VMM.US,5,20211223,162000,13.96,13.96,13.96,13.96,400,0
VMM.US,5,20211223,163500,14.01,14.01,14,14,500,0
VMM.US,5,20211223,164000,13.99,13.99,13.99,13.99,500,0
VMM.US,5,20211223,165000,14,14,14,14,200,0
VMM.US,5,20211223,171500,13.9801,13.9801,13.9801,13.9801,800,0
VMM.US,5,20211223,172000,13.975,13.9899,13.975,13.9899,1233,0
VMM.US,5,20211223,175000,13.975,13.99,13.975,13.99,2200,0
VMM.US,5,20211223,191500,14.01,14.01,14.01,14.01,541,0
VMM.US,5,20211223,192000,14.01,14.01,14.01,14.01,100,0
VMM.US,5,20211223,215000,14.05,14.05,14.01,14.01,912,0
VMM.US,5,20211223,215500,14.05,14.07,14.05,14.0548,300,0
