<TICKER>,<PER>,<DATE>,<TIME>,<OPEN>,<HIGH>,<LOW>,<CLOSE>,<VOL>,<OPENINT>
FNX.US,5,20211104,143000,106.68,106.68,106.44,106.62,918,0
FNX.US,5,20211104,144000,106.72,106.75,106.72,106.75,300,0
FNX.US,5,20211104,144500,106.475,106.475,106.475,106.475,480,0
FNX.US,5,20211104,153500,106.87,106.87,106.87,106.87,225,0
FNX.US,5,20211104,154500,106.607,106.607,106.607,106.607,170,0
FNX.US,5,20211104,162500,105.827,105.827,105.815,105.815,400,0
FNX.US,5,20211104,163500,106.018,106.018,106.018,106.018,100,0
FNX.US,5,20211104,165000,106.013,106.013,105.96,105.96,394,0
FNX.US,5,20211104,165500,106.03,106.03,106.03,106.03,100,0
FNX.US,5,20211104,171000,106.15,106.17,106.12,106.12,500,0
FNX.US,5,20211104,171500,106.08,106.08,106.08,106.08,100,0
FNX.US,5,20211104,172000,106.04,106.13,106.021,106.077,2218,0
FNX.US,5,20211104,173000,106.02,106.02,106.01,106.01,300,0
FNX.US,5,20211104,173500,106.03,106.075,106.03,106.075,200,0
FNX.US,5,20211104,174000,106.05,106.05,106.02,106.04,350,0
FNX.US,5,20211104,180000,105.97,105.97,105.97,105.97,100,0
FNX.US,5,20211104,180500,105.9,105.9,105.9,105.9,117,0
FNX.US,5,20211104,182500,105.97,105.97,105.97,105.97,100,0
FNX.US,5,20211104,184000,105.95,105.95,105.95,105.95,100,0
FNX.US,5,20211104,185500,106.033,106.033,105.97,105.97,1049,0
FNX.US,5,20211104,191500,105.73,105.78,105.69,105.72,41996,0
FNX.US,5,20211104,192000,105.73,105.77,105.73,105.73,1055,0
FNX.US,5,20211104,192500,105.71,105.71,105.65,105.66,400,0
FNX.US,5,20211104,193000,105.61,105.61,105.61,105.61,100,0
FNX.US,5,20211104,193500,105.63,105.63,105.63,105.63,100,0
FNX.US,5,20211104,194000,105.63,105.709,105.63,105.709,365,0
FNX.US,5,20211104,194500,105.57,105.57,105.565,105.565,200,0
FNX.US,5,20211104,195000,105.58,105.58,105.565,105.57,300,0
FNX.US,5,20211104,195500,105.56,105.56,105.56,105.56,300,0
FNX.US,5,20211104,200000,105.62,105.65,105.62,105.65,200,0
FNX.US,5,20211104,200500,105.57,105.57,105.5,105.52,500,0
FNX.US,5,20211104,201000,105.57,105.57,105.57,105.57,100,0
FNX.US,5,20211104,201500,105.585,105.66,105.585,105.6,442,0
FNX.US,5,20211104,202000,105.71,105.71,105.71,105.71,200,0
FNX.US,5,20211104,202500,105.68,105.731,105.68,105.7,523,0
FNX.US,5,20211104,203000,105.7,105.7,105.7,105.7,100,0
FNX.US,5,20211104,203500,105.71,105.75,105.69,105.69,921,0
FNX.US,5,20211104,204000,105.57,105.57,105.57,105.57,100,0
FNX.US,5,20211104,204500,105.615,105.641,105.615,105.641,226,0
FNX.US,5,20211104,205000,105.71,105.73,105.69,105.73,800,0
FNX.US,5,20211104,205500,105.76,105.78,105.7,105.73,2088,0
FNX.US,5,20211105,143000,106.77,106.77,106.77,106.77,579,0
FNX.US,5,20211105,144500,107.478,107.478,107.478,107.478,3683,0
FNX.US,5,20211105,145500,107.33,107.33,107.19,107.265,465,0
FNX.US,5,20211105,150000,107.48,107.49,107.48,107.49,1000,0
FNX.US,5,20211105,152500,106.957,106.957,106.957,106.957,130,0
FNX.US,5,20211105,154000,106.9,106.9,106.9,106.9,100,0
FNX.US,5,20211105,160500,107.104,107.104,107.104,107.104,184,0
FNX.US,5,20211105,161000,107.17,107.17,107.17,107.17,177,0
FNX.US,5,20211105,161500,107.26,107.26,107.26,107.26,135,0
FNX.US,5,20211105,163500,107.08,107.118,107.08,107.118,672,0
FNX.US,5,20211105,171000,106.911,106.911,106.911,106.911,207,0
FNX.US,5,20211105,174500,106.85,106.87,106.82,106.82,741,0
FNX.US,5,20211105,175000,106.831,106.831,106.831,106.831,211,0
FNX.US,5,20211105,175500,106.93,106.93,106.93,106.93,149,0
FNX.US,5,20211105,180000,106.94,106.94,106.94,106.94,114,0
FNX.US,5,20211105,181500,106.715,106.715,106.715,106.715,100,0
FNX.US,5,20211105,182000,106.789,106.789,106.789,106.789,184,0
FNX.US,5,20211105,182500,106.59,106.59,106.59,106.59,211,0
FNX.US,5,20211105,183000,106.576,106.576,106.576,106.576,140,0
FNX.US,5,20211105,184000,106.546,106.546,106.441,106.441,532,0
FNX.US,5,20211105,185500,106.588,106.588,106.588,106.588,105,0
FNX.US,5,20211105,190500,106.72,106.72,106.72,106.72,100,0
FNX.US,5,20211105,191000,106.89,106.89,106.89,106.89,552,0
FNX.US,5,20211105,192000,106.86,106.86,106.77,106.77,323,0
FNX.US,5,20211105,192500,106.72,106.72,106.72,106.72,1333,0
FNX.US,5,20211105,194000,106.792,106.792,106.792,106.792,774,0
FNX.US,5,20211105,203000,106.88,106.94,106.88,106.94,300,0
FNX.US,5,20211105,203500,107.03,107.03,107,107,1300,0
FNX.US,5,20211105,204000,106.99,106.99,106.99,106.99,100,0
FNX.US,5,20211105,204500,106.912,106.912,106.912,106.912,155,0
FNX.US,5,20211105,205000,106.99,107.01,106.99,107.009,486,0
FNX.US,5,20211105,205500,106.98,106.98,106.945,106.98,2055,0
FNX.US,5,20211108,153000,107.63,107.79,107.63,107.79,867,0
FNX.US,5,20211108,154500,107.4,107.4,107.4,107.4,375,0
FNX.US,5,20211108,155500,107.35,107.35,107.24,107.24,200,0
FNX.US,5,20211108,160000,107.22,107.22,107.22,107.22,100,0
FNX.US,5,20211108,160500,107.264,107.264,107.264,107.264,120,0
FNX.US,5,20211108,163000,107.235,107.307,107.235,107.307,470,0
FNX.US,5,20211108,163500,107.42,107.44,107.42,107.44,310,0
FNX.US,5,20211108,164000,107.34,107.34,107.34,107.34,100,0
FNX.US,5,20211108,170500,107.41,107.41,107.273,107.273,600,0
FNX.US,5,20211108,171000,107.39,107.39,107.39,107.39,100,0
FNX.US,5,20211108,172000,107.43,107.43,107.43,107.43,150,0
FNX.US,5,20211108,172500,107.43,107.43,107.43,107.43,100,0
FNX.US,5,20211108,183000,107.22,107.256,107.22,107.256,345,0
FNX.US,5,20211108,184000,107.235,107.235,107.235,107.235,112,0
FNX.US,5,20211108,184500,107.261,107.261,107.261,107.261,842,0
FNX.US,5,20211108,190500,107.114,107.114,107.114,107.114,251,0
FNX.US,5,20211108,192000,107.045,107.045,107.045,107.045,327,0
FNX.US,5,20211108,192500,107.1,107.1,107.1,107.1,100,0
FNX.US,5,20211108,193500,107.09,107.09,107.08,107.08,638,0
FNX.US,5,20211108,194000,107.075,107.075,107.04,107.04,200,0
FNX.US,5,20211108,195500,107.04,107.16,107.03,107.16,2490,0
FNX.US,5,20211108,200000,107.16,107.16,107.16,107.16,200,0
FNX.US,5,20211108,201500,107.1,107.1,107.1,107.1,100,0
FNX.US,5,20211108,202500,106.98,106.98,106.93,106.93,249,0
FNX.US,5,20211108,203500,107.129,107.129,107.129,107.129,536,0
FNX.US,5,20211108,210000,107.01,107.01,107.01,107.01,100,0
FNX.US,5,20211108,210500,107.06,107.06,106.971,106.971,515,0
FNX.US,5,20211108,212000,107.069,107.069,107.069,107.069,115,0
FNX.US,5,20211108,214500,106.94,106.94,106.94,106.94,200,0
FNX.US,5,20211108,215000,107.01,107.01,107.01,107.01,100,0
FNX.US,5,20211108,215500,107.06,107.11,107.03,107.11,315,0
FNX.US,5,20211109,153000,107.15,107.15,107.15,107.15,241,0
FNX.US,5,20211109,155500,106.944,106.944,106.944,106.944,191,0
FNX.US,5,20211109,160000,106.78,106.78,106.78,106.78,104,0
FNX.US,5,20211109,161000,106.883,106.883,106.883,106.883,514,0
FNX.US,5,20211109,162500,107.05,107.05,107.05,107.05,100,0
FNX.US,5,20211109,164500,107.03,107.03,107.03,107.03,325,0
FNX.US,5,20211109,165500,106.935,106.935,106.935,106.935,1154,0
FNX.US,5,20211109,170500,107.05,107.05,107.05,107.05,190,0
FNX.US,5,20211109,172000,106.83,106.83,106.83,106.83,206,0
FNX.US,5,20211109,172500,106.87,106.87,106.87,106.87,191,0
FNX.US,5,20211109,185000,106.86,106.86,106.86,106.86,100,0
FNX.US,5,20211109,191000,107,107,107,107,299,0
FNX.US,5,20211109,192000,106.98,106.98,106.98,106.98,100,0
FNX.US,5,20211109,193000,106.975,106.975,106.975,106.975,100,0
FNX.US,5,20211109,194500,106.88,106.9,106.88,106.9,5300,0
FNX.US,5,20211109,200500,106.825,106.825,106.825,106.825,191,0
FNX.US,5,20211109,201000,106.77,106.81,106.77,106.77,402,0
FNX.US,5,20211109,202000,106.887,106.97,106.887,106.97,387,0
FNX.US,5,20211109,203500,106.879,106.879,106.879,106.879,157,0
FNX.US,5,20211109,204500,106.96,106.97,106.96,106.97,300,0
FNX.US,5,20211109,205500,106.86,106.86,106.86,106.86,235,0
FNX.US,5,20211109,211500,106.87,106.87,106.87,106.87,300,0
FNX.US,5,20211109,212500,106.93,106.93,106.93,106.93,100,0
FNX.US,5,20211109,213000,106.87,106.87,106.87,106.87,100,0
FNX.US,5,20211109,214000,106.97,106.98,106.97,106.98,300,0
FNX.US,5,20211109,214500,107.05,107.05,106.97,106.97,487,0
FNX.US,5,20211109,215500,106.96,106.97,106.96,106.97,600,0
FNX.US,5,20211110,154500,106.683,106.683,106.683,106.683,150,0
FNX.US,5,20211110,164500,106.643,106.659,106.58,106.58,559,0
FNX.US,5,20211110,165000,106.63,106.63,106.63,106.63,200,0
FNX.US,5,20211110,171500,106.862,106.862,106.862,106.862,113,0
FNX.US,5,20211110,173000,106.77,106.77,106.77,106.77,120,0
FNX.US,5,20211110,173500,106.78,106.78,106.78,106.78,269,0
FNX.US,5,20211110,175500,106.868,106.868,106.85,106.85,713,0
FNX.US,5,20211110,183000,106.61,106.61,106.61,106.61,200,0
FNX.US,5,20211110,184000,106.57,106.57,106.54,106.54,1809,0
FNX.US,5,20211110,190000,106.45,106.489,106.45,106.489,800,0
FNX.US,5,20211110,191000,106.459,106.459,106.459,106.459,600,0
FNX.US,5,20211110,191500,106.213,106.213,106.213,106.213,152,0
FNX.US,5,20211110,193000,106.141,106.141,106.141,106.141,225,0
FNX.US,5,20211110,195000,105.921,105.921,105.921,105.921,165,0
FNX.US,5,20211110,200500,105.79,105.79,105.79,105.79,197,0
FNX.US,5,20211110,202000,105.765,105.765,105.765,105.765,300,0
FNX.US,5,20211110,202500,105.58,105.58,105.58,105.58,303,0
FNX.US,5,20211110,210500,105.53,105.55,105.53,105.55,200,0
FNX.US,5,20211110,211500,105.8,105.8,105.8,105.8,155,0
FNX.US,5,20211110,212500,105.8,105.8,105.8,105.8,842,0
FNX.US,5,20211110,215500,105.74,105.74,105.74,105.74,396,0
FNX.US,5,20211111,153000,106.27,106.27,105.946,105.946,1492,0
FNX.US,5,20211111,153500,105.99,105.99,105.99,105.99,100,0
FNX.US,5,20211111,162000,106.194,106.194,106.194,106.194,359,0
FNX.US,5,20211111,171000,106.25,106.25,106.25,106.25,100,0
FNX.US,5,20211111,171500,106.242,106.242,106.242,106.242,618,0
FNX.US,5,20211111,172000,106.32,106.32,106.314,106.32,752,0
FNX.US,5,20211111,172500,106.24,106.24,106.23,106.23,200,0
FNX.US,5,20211111,175500,106.211,106.211,106.211,106.211,155,0
FNX.US,5,20211111,180500,106.33,106.33,106.33,106.33,100,0
FNX.US,5,20211111,182500,106.375,106.375,106.375,106.375,292,0
FNX.US,5,20211111,184000,106.522,106.522,106.522,106.522,100,0
FNX.US,5,20211111,184500,106.51,106.54,106.51,106.54,239,0
FNX.US,5,20211111,185500,106.43,106.51,106.43,106.43,1906,0
FNX.US,5,20211111,190000,106.48,106.48,106.424,106.424,760,0
FNX.US,5,20211111,192500,106.45,106.45,106.45,106.45,140,0
FNX.US,5,20211111,195500,106.441,106.5,106.441,106.5,409,0
FNX.US,5,20211111,201500,106.445,106.445,106.445,106.445,400,0
FNX.US,5,20211111,202000,106.407,106.48,106.407,106.458,939,0
FNX.US,5,20211111,204000,106.54,106.54,106.54,106.54,100,0
FNX.US,5,20211111,210000,106.509,106.509,106.509,106.509,127,0
FNX.US,5,20211111,211000,106.4,106.4,106.4,106.4,100,0
FNX.US,5,20211111,212000,106.442,106.442,106.442,106.442,723,0
FNX.US,5,20211111,213500,106.469,106.469,106.469,106.469,115,0
FNX.US,5,20211111,214000,106.496,106.496,106.43,106.43,578,0
FNX.US,5,20211111,214500,106.49,106.49,106.49,106.49,283,0
FNX.US,5,20211111,215500,106.35,106.35,106.35,106.35,114,0
FNX.US,5,20211112,153000,106.62,106.62,106.62,106.62,401,0
FNX.US,5,20211112,153500,106.628,106.628,106.625,106.625,300,0
FNX.US,5,20211112,154000,106.665,106.665,106.665,106.665,100,0
FNX.US,5,20211112,154500,106.76,106.76,106.76,106.76,100,0
FNX.US,5,20211112,155500,106.79,106.79,106.688,106.688,371,0
FNX.US,5,20211112,160500,106.562,106.562,106.562,106.562,629,0
FNX.US,5,20211112,161000,106.576,106.576,106.576,106.576,511,0
FNX.US,5,20211112,162500,106.4,106.4,106.4,106.4,100,0
FNX.US,5,20211112,170000,106.55,106.55,106.55,106.55,100,0
FNX.US,5,20211112,170500,106.54,106.54,106.54,106.54,200,0
FNX.US,5,20211112,171500,106.54,106.54,106.54,106.54,154,0
FNX.US,5,20211112,174000,106.61,106.61,106.61,106.61,165,0
FNX.US,5,20211112,181500,106.679,106.679,106.679,106.679,150,0
FNX.US,5,20211112,182000,106.75,106.75,106.65,106.65,600,0
FNX.US,5,20211112,185000,106.741,106.741,106.741,106.741,240,0
FNX.US,5,20211112,185500,106.77,106.77,106.77,106.77,140,0
FNX.US,5,20211112,191500,106.77,106.77,106.77,106.77,100,0
FNX.US,5,20211112,193000,106.72,106.788,106.72,106.788,1874,0
FNX.US,5,20211112,193500,106.76,106.76,106.76,106.76,200,0
FNX.US,5,20211112,194000,106.709,106.709,106.709,106.709,116,0
FNX.US,5,20211112,200000,106.705,106.705,106.705,106.705,372,0
FNX.US,5,20211112,200500,106.68,106.68,106.68,106.68,100,0
FNX.US,5,20211112,202000,106.64,106.64,106.64,106.64,132,0
FNX.US,5,20211112,202500,106.64,106.64,106.64,106.64,150,0
FNX.US,5,20211112,204500,106.65,106.65,106.65,106.65,1749,0
FNX.US,5,20211112,205500,106.73,106.73,106.73,106.73,140,0
FNX.US,5,20211112,210500,106.671,106.671,106.671,106.671,139,0
FNX.US,5,20211112,215000,106.73,106.73,106.73,106.73,100,0
FNX.US,5,20211112,215500,106.77,106.77,106.71,106.71,912,0
FNX.US,5,20211115,153000,107.15,107.35,107.15,107.35,561,0
FNX.US,5,20211115,153500,106.985,106.985,106.985,106.985,100,0
FNX.US,5,20211115,154000,106.87,106.87,106.87,106.87,100,0
FNX.US,5,20211115,155000,107,107,106.98,106.98,800,0
FNX.US,5,20211115,163000,107,107,107,107,100,0
FNX.US,5,20211115,164500,107.05,107.05,107.05,107.05,100,0
FNX.US,5,20211115,165500,107.025,107.068,107.025,107.068,401,0
FNX.US,5,20211115,170000,107.13,107.13,107.125,107.125,500,0
FNX.US,5,20211115,172500,106.905,106.905,106.905,106.905,137,0
FNX.US,5,20211115,174000,106.747,106.8,106.69,106.69,779,0
FNX.US,5,20211115,180000,106.611,106.611,106.611,106.611,190,0
FNX.US,5,20211115,182000,106.605,106.605,106.55,106.55,262,0
FNX.US,5,20211115,183000,106.71,106.71,106.71,106.71,300,0
FNX.US,5,20211115,183500,106.712,106.712,106.712,106.712,100,0
FNX.US,5,20211115,191000,106.932,106.932,106.9,106.9,423,0
FNX.US,5,20211115,191500,106.95,106.95,106.95,106.95,200,0
FNX.US,5,20211115,192000,106.88,106.88,106.87,106.87,200,0
FNX.US,5,20211115,192500,106.78,106.78,106.78,106.78,375,0
FNX.US,5,20211115,193000,106.875,106.875,106.875,106.875,100,0
FNX.US,5,20211115,193500,106.845,106.845,106.845,106.845,243,0
FNX.US,5,20211115,195500,106.799,106.87,106.799,106.83,840,0
FNX.US,5,20211115,202000,106.777,106.777,106.777,106.777,200,0
FNX.US,5,20211115,210000,106.84,106.871,106.84,106.87,1536,0
FNX.US,5,20211115,211000,106.83,106.85,106.83,106.85,500,0
FNX.US,5,20211115,211500,106.85,106.85,106.85,106.85,100,0
FNX.US,5,20211115,215500,106.666,106.84,106.666,106.76,863,0
FNX.US,5,20211116,153000,106.84,106.84,106.84,106.84,239,0
FNX.US,5,20211116,153500,106.56,106.56,106.56,106.56,100,0
FNX.US,5,20211116,154000,106.707,106.707,106.707,106.707,100,0
FNX.US,5,20211116,154500,106.78,106.79,106.78,106.79,200,0
FNX.US,5,20211116,155000,107.03,107.03,107.03,107.03,400,0
FNX.US,5,20211116,160500,106.77,106.77,106.77,106.77,100,0
FNX.US,5,20211116,163500,107,107,106.915,106.915,1050,0
FNX.US,5,20211116,165500,106.76,106.76,106.76,106.76,153,0
FNX.US,5,20211116,171000,106.9,106.9,106.9,106.9,450,0
FNX.US,5,20211116,174500,107.01,107.01,106.96,106.96,400,0
FNX.US,5,20211116,175500,107.075,107.075,107.02,107.02,381,0
FNX.US,5,20211116,180500,107.104,107.104,107.104,107.104,440,0
FNX.US,5,20211116,182500,107.11,107.11,107.11,107.11,543,0
FNX.US,5,20211116,185000,107.328,107.328,107.328,107.328,110,0
FNX.US,5,20211116,192000,107.35,107.35,107.35,107.35,100,0
FNX.US,5,20211116,192500,107.33,107.33,107.307,107.307,200,0
FNX.US,5,20211116,193000,107.332,107.332,107.332,107.332,271,0
FNX.US,5,20211116,193500,107.25,107.25,107.25,107.25,168,0
FNX.US,5,20211116,201000,107.175,107.175,107.175,107.175,358,0
FNX.US,5,20211116,202000,107.17,107.17,107.17,107.17,300,0
FNX.US,5,20211116,210500,107.21,107.21,107.21,107.21,100,0
FNX.US,5,20211116,211500,107.15,107.15,107.15,107.15,170,0
FNX.US,5,20211116,212000,107.2,107.21,107.19,107.2,6200,0
FNX.US,5,20211116,212500,107.07,107.07,107.07,107.07,100,0
FNX.US,5,20211116,213000,107.18,107.18,107.18,107.18,2509,0
FNX.US,5,20211116,214500,107.04,107.04,107.04,107.04,100,0
FNX.US,5,20211116,215500,106.99,106.99,106.94,106.96,2734,0
FNX.US,5,20211117,153000,106.74,106.95,106.74,106.95,940,0
FNX.US,5,20211117,154000,106.42,106.42,106.42,106.42,200,0
FNX.US,5,20211117,154500,106.35,106.57,106.35,106.519,473,0
FNX.US,5,20211117,155000,106.39,106.39,106.39,106.39,161,0
FNX.US,5,20211117,160000,106.1,106.1,106.1,106.1,100,0
FNX.US,5,20211117,161000,105.922,105.922,105.853,105.853,723,0
FNX.US,5,20211117,162500,105.95,105.95,105.95,105.95,3179,0
FNX.US,5,20211117,163000,106.095,106.095,106.084,106.084,334,0
FNX.US,5,20211117,163500,106.099,106.099,106.099,106.099,151,0
FNX.US,5,20211117,164500,106.12,106.12,106.12,106.12,100,0
FNX.US,5,20211117,165500,106.085,106.085,106.085,106.085,157,0
FNX.US,5,20211117,170000,106.14,106.14,106.102,106.102,1553,0
FNX.US,5,20211117,171000,106.18,106.18,106.18,106.18,266,0
FNX.US,5,20211117,171500,106,106,105.879,105.88,1107,0
FNX.US,5,20211117,172000,105.933,105.933,105.933,105.933,590,0
FNX.US,5,20211117,173000,105.85,105.85,105.85,105.85,200,0
FNX.US,5,20211117,173500,105.889,105.889,105.889,105.889,100,0
FNX.US,5,20211117,174000,105.911,105.911,105.911,105.911,707,0
FNX.US,5,20211117,174500,105.87,105.87,105.87,105.87,167,0
FNX.US,5,20211117,175000,105.894,105.894,105.812,105.872,435,0
FNX.US,5,20211117,180500,105.69,105.69,105.69,105.69,350,0
FNX.US,5,20211117,181000,105.709,105.709,105.709,105.709,155,0
FNX.US,5,20211117,181500,105.74,105.74,105.74,105.74,104,0
FNX.US,5,20211117,182500,105.62,105.634,105.62,105.634,410,0
FNX.US,5,20211117,183500,105.66,105.7,105.66,105.7,600,0
FNX.US,5,20211117,184000,105.62,105.62,105.61,105.61,200,0
FNX.US,5,20211117,190000,105.79,105.84,105.79,105.84,229,0
FNX.US,5,20211117,191000,105.84,105.84,105.84,105.84,281,0
FNX.US,5,20211117,192000,105.961,105.971,105.961,105.971,370,0
FNX.US,5,20211117,193000,105.953,105.953,105.953,105.953,121,0
FNX.US,5,20211117,194000,105.949,105.949,105.949,105.949,288,0
FNX.US,5,20211117,200000,105.945,105.945,105.945,105.945,109,0
FNX.US,5,20211117,201000,105.814,105.814,105.814,105.814,2197,0
FNX.US,5,20211117,202000,105.69,105.69,105.602,105.626,2887,0
FNX.US,5,20211117,202500,105.62,105.66,105.571,105.66,774,0
FNX.US,5,20211117,203000,105.68,105.68,105.68,105.68,100,0
FNX.US,5,20211117,203500,105.69,105.69,105.69,105.69,100,0
FNX.US,5,20211117,204000,105.78,105.78,105.74,105.74,319,0
FNX.US,5,20211117,210500,105.779,105.779,105.779,105.779,203,0
FNX.US,5,20211117,211000,105.805,105.805,105.805,105.805,150,0
FNX.US,5,20211117,212000,105.88,105.88,105.88,105.88,149,0
FNX.US,5,20211117,214500,105.97,105.97,105.97,105.97,100,0
FNX.US,5,20211117,215000,106.037,106.07,106,106.07,5100,0
FNX.US,5,20211117,215500,106.07,106.07,105.99,105.99,3078,0
FNX.US,5,20211118,153000,106.46,106.46,106.46,106.46,180,0
FNX.US,5,20211118,153500,106.08,106.364,106.06,106.364,1600,0
FNX.US,5,20211118,155500,105.829,105.829,105.829,105.829,423,0
FNX.US,5,20211118,164000,105.195,105.195,105.195,105.195,217,0
FNX.US,5,20211118,165500,105.458,105.509,105.456,105.509,1692,0
FNX.US,5,20211118,170000,105.48,105.48,105.395,105.395,595,0
FNX.US,5,20211118,170500,105.454,105.58,105.454,105.58,480,0
FNX.US,5,20211118,172500,105.69,105.69,105.69,105.69,107,0
FNX.US,5,20211118,174000,105.73,105.73,105.73,105.73,100,0
FNX.US,5,20211118,175000,105.593,105.593,105.593,105.593,100,0
FNX.US,5,20211118,182000,105.812,105.812,105.812,105.812,615,0
FNX.US,5,20211118,183500,105.72,105.72,105.72,105.72,210,0
FNX.US,5,20211118,184000,105.766,105.766,105.766,105.766,185,0
FNX.US,5,20211118,184500,105.68,105.68,105.67,105.67,200,0
FNX.US,5,20211118,185000,105.674,105.674,105.605,105.605,290,0
FNX.US,5,20211118,190000,105.54,105.629,105.54,105.629,350,0
FNX.US,5,20211118,193000,105.549,105.549,105.549,105.549,223,0
FNX.US,5,20211118,193500,105.579,105.579,105.552,105.552,214,0
FNX.US,5,20211118,195500,105.605,105.605,105.605,105.605,185,0
FNX.US,5,20211118,200500,105.639,105.719,105.61,105.61,497,0
FNX.US,5,20211118,201000,105.66,105.66,105.66,105.66,125,0
FNX.US,5,20211118,201500,105.64,105.64,105.64,105.64,102,0
FNX.US,5,20211118,202500,105.501,105.501,105.413,105.413,270,0
FNX.US,5,20211118,203500,105.51,105.51,105.51,105.51,145,0
FNX.US,5,20211118,204500,105.635,105.635,105.635,105.635,237,0
FNX.US,5,20211118,205000,105.67,105.69,105.67,105.69,725,0
FNX.US,5,20211118,205500,105.65,105.679,105.65,105.679,615,0
FNX.US,5,20211118,211500,105.62,105.62,105.62,105.62,620,0
FNX.US,5,20211118,213000,105.66,105.66,105.66,105.66,119,0
FNX.US,5,20211118,215000,105.63,105.63,105.63,105.63,100,0
FNX.US,5,20211119,153000,105.05,105.17,105.05,105.17,647,0
FNX.US,5,20211119,154500,105.09,105.09,105.09,105.09,103,0
FNX.US,5,20211119,161500,105.054,105.054,105.054,105.054,644,0
FNX.US,5,20211119,172500,105.25,105.25,105.25,105.25,100,0
FNX.US,5,20211119,173500,105.25,105.25,105.25,105.25,100,0
FNX.US,5,20211119,174000,105.31,105.33,105.29,105.3,2110,0
FNX.US,5,20211119,175000,105.175,105.175,105.175,105.175,127,0
FNX.US,5,20211119,183000,105.454,105.454,105.454,105.454,150,0
FNX.US,5,20211119,185500,105.45,105.45,105.45,105.45,190,0
FNX.US,5,20211119,192000,105.241,105.241,105.241,105.241,268,0
FNX.US,5,20211119,195000,104.952,104.952,104.952,104.952,473,0
FNX.US,5,20211119,201000,105.091,105.127,105.091,105.091,916,0
FNX.US,5,20211119,203000,105.1,105.1,105.055,105.06,500,0
FNX.US,5,20211119,203500,105.079,105.079,105.079,105.079,140,0
FNX.US,5,20211119,204000,105.119,105.119,105.119,105.119,100,0
FNX.US,5,20211119,210500,104.934,104.934,104.934,104.934,167,0
FNX.US,5,20211119,212000,104.906,104.906,104.906,104.906,150,0
FNX.US,5,20211119,212500,104.97,104.97,104.947,104.947,515,0
FNX.US,5,20211119,213000,104.938,104.938,104.938,104.938,151,0
FNX.US,5,20211119,213500,104.896,104.896,104.896,104.896,279,0
FNX.US,5,20211119,214000,104.85,104.85,104.77,104.77,637,0
FNX.US,5,20211119,214500,104.856,104.856,104.856,104.856,343,0
FNX.US,5,20211119,215500,104.81,104.82,104.81,104.82,345,0
FNX.US,5,20211122,153000,105.48,105.74,105.48,105.74,1090,0
FNX.US,5,20211122,155500,105.45,105.45,105.45,105.45,145,0
FNX.US,5,20211122,160000,105.82,105.82,105.82,105.82,100,0
FNX.US,5,20211122,161000,105.86,105.86,105.86,105.86,100,0
FNX.US,5,20211122,163500,106.015,106.015,106.015,106.015,183,0
FNX.US,5,20211122,164000,105.959,105.959,105.959,105.959,472,0
FNX.US,5,20211122,164500,105.992,105.992,105.992,105.992,227,0
FNX.US,5,20211122,165500,105.884,105.884,105.884,105.884,235,0
FNX.US,5,20211122,170000,105.81,105.81,105.79,105.79,218,0
FNX.US,5,20211122,172500,105.87,105.87,105.87,105.87,100,0
FNX.US,5,20211122,173000,105.851,105.851,105.851,105.851,115,0
FNX.US,5,20211122,174000,105.8,105.81,105.8,105.81,231,0
FNX.US,5,20211122,183000,105.31,105.31,105.31,105.31,100,0
FNX.US,5,20211122,190500,105.507,105.507,105.507,105.507,310,0
FNX.US,5,20211122,191500,105.508,105.508,105.508,105.508,100,0
FNX.US,5,20211122,194500,105.588,105.641,105.588,105.641,371,0
FNX.US,5,20211122,200500,105.66,105.66,105.66,105.66,152,0
FNX.US,5,20211122,201000,105.683,105.683,105.683,105.683,144,0
FNX.US,5,20211122,202000,105.72,105.72,105.72,105.72,400,0
FNX.US,5,20211122,203000,105.76,105.76,105.76,105.76,115,0
FNX.US,5,20211122,204500,105.894,105.91,105.87,105.87,785,0
FNX.US,5,20211122,205000,105.91,105.91,105.91,105.91,120,0
FNX.US,5,20211122,205500,105.954,105.954,105.954,105.954,100,0
FNX.US,5,20211122,214500,105.48,105.48,105.48,105.48,145,0
FNX.US,5,20211122,215000,105.3,105.3,105.2,105.201,300,0
FNX.US,5,20211122,215500,105.05,105.08,105.03,105.08,586,0
FNX.US,5,20211123,153000,105.06,105.06,105.06,105.06,1037,0
FNX.US,5,20211123,160000,105.218,105.218,105.218,105.218,249,0
FNX.US,5,20211123,163500,104.82,104.82,104.82,104.82,109,0
FNX.US,5,20211123,165000,104.761,104.761,104.761,104.761,201,0
FNX.US,5,20211123,165500,104.443,104.443,104.31,104.31,400,0
FNX.US,5,20211123,173000,104.59,104.59,104.59,104.59,100,0
FNX.US,5,20211123,173500,104.39,104.39,104.39,104.39,100,0
FNX.US,5,20211123,180000,104.5,104.5,104.5,104.5,100,0
FNX.US,5,20211123,180500,104.44,104.44,104.44,104.44,100,0
FNX.US,5,20211123,183500,104.76,104.76,104.76,104.76,139,0
FNX.US,5,20211123,185500,104.71,104.71,104.674,104.674,1223,0
FNX.US,5,20211123,191000,104.63,104.63,104.63,104.63,100,0
FNX.US,5,20211123,192000,104.54,104.567,104.54,104.567,361,0
FNX.US,5,20211123,194500,104.71,104.76,104.71,104.755,524,0
FNX.US,5,20211123,200500,104.752,104.753,104.752,104.753,328,0
FNX.US,5,20211123,201500,104.77,104.77,104.68,104.68,200,0
FNX.US,5,20211123,202000,104.84,104.84,104.84,104.84,100,0
FNX.US,5,20211123,202500,104.78,104.78,104.78,104.78,100,0
FNX.US,5,20211123,203000,104.76,104.76,104.628,104.628,300,0
FNX.US,5,20211123,204000,104.81,104.81,104.8,104.8,490,0
FNX.US,5,20211123,205000,104.9,104.9,104.9,104.9,100,0
FNX.US,5,20211123,205500,104.968,104.968,104.968,104.968,101,0
FNX.US,5,20211123,210000,104.84,104.84,104.84,104.84,170,0
FNX.US,5,20211123,210500,104.984,105.04,104.984,104.99,2600,0
FNX.US,5,20211123,211000,105,105,104.94,104.94,400,0
FNX.US,5,20211123,212000,104.809,104.82,104.809,104.82,670,0
FNX.US,5,20211123,213000,104.98,104.98,104.98,104.98,100,0
FNX.US,5,20211123,213500,105.02,105.02,105.02,105.02,100,0
FNX.US,5,20211123,214500,105.06,105.08,105.06,105.061,400,0
FNX.US,5,20211123,215000,105.14,105.15,105.14,105.15,470,0
FNX.US,5,20211123,215500,105.13,105.13,105.04,105.13,602,0
FNX.US,5,20211124,153000,104.49,104.52,104.49,104.52,1599,0
FNX.US,5,20211124,154000,104.358,104.358,104.325,104.325,380,0
FNX.US,5,20211124,161500,104.77,104.77,104.77,104.77,101,0
FNX.US,5,20211124,162500,104.801,104.801,104.801,104.801,119,0
FNX.US,5,20211124,164500,104.66,104.66,104.66,104.66,125,0
FNX.US,5,20211124,182000,104.64,104.66,104.64,104.66,238,0
FNX.US,5,20211124,184000,104.728,104.83,104.728,104.83,889,0
FNX.US,5,20211124,185000,104.785,104.785,104.785,104.785,100,0
FNX.US,5,20211124,192500,104.947,104.947,104.947,104.947,100,0
FNX.US,5,20211124,194500,104.948,104.979,104.901,104.979,944,0
FNX.US,5,20211124,195500,104.932,104.932,104.932,104.932,191,0
FNX.US,5,20211124,200000,104.82,104.82,104.82,104.82,100,0
FNX.US,5,20211124,203000,104.827,104.827,104.827,104.827,161,0
FNX.US,5,20211124,203500,104.8,104.8,104.8,104.8,308,0
FNX.US,5,20211124,204000,104.85,104.85,104.85,104.85,100,0
FNX.US,5,20211124,204500,104.91,104.91,104.91,104.91,100,0
FNX.US,5,20211124,210000,104.81,104.81,104.81,104.81,200,0
FNX.US,5,20211124,211000,105,105,105,105,400,0
FNX.US,5,20211124,212000,105.006,105.006,105.006,105.006,183,0
FNX.US,5,20211124,213000,105,105,104.911,104.911,1650,0
FNX.US,5,20211124,214500,104.96,104.96,104.92,104.92,200,0
FNX.US,5,20211126,154500,102,102,102,102,100,0
FNX.US,5,20211126,155000,101.65,101.65,101.65,101.65,100,0
FNX.US,5,20211126,155500,101.655,101.655,101.655,101.655,131,0
FNX.US,5,20211126,160000,101.7,101.7,101.615,101.615,500,0
FNX.US,5,20211126,160500,101.54,101.62,101.54,101.62,560,0
FNX.US,5,20211126,162000,101.32,101.74,101.3,101.74,545,0
FNX.US,5,20211126,162500,101.642,101.642,101.642,101.642,195,0
FNX.US,5,20211126,163000,101.66,101.66,101.66,101.66,144,0
FNX.US,5,20211126,163500,101.688,101.84,101.688,101.786,1800,0
FNX.US,5,20211126,164000,101.812,101.84,101.812,101.825,523,0
FNX.US,5,20211126,164500,101.63,101.67,101.46,101.555,12514,0
FNX.US,5,20211126,165000,101.49,101.62,101.49,101.62,620,0
FNX.US,5,20211126,165500,101.5,101.5,101.5,101.5,100,0
FNX.US,5,20211126,170000,101.37,101.37,101.37,101.37,100,0
FNX.US,5,20211126,170500,101.43,101.43,101.43,101.43,186,0
FNX.US,5,20211126,171000,101.4,101.4,101.304,101.304,250,0
FNX.US,5,20211126,172000,100.88,100.88,100.88,100.88,110,0
FNX.US,5,20211126,172500,100.98,100.98,100.98,100.98,160,0
FNX.US,5,20211126,173000,101.013,101.013,100.95,100.975,844,0
FNX.US,5,20211126,173500,101.19,101.36,101.19,101.36,300,0
FNX.US,5,20211126,174000,101.426,101.426,101.15,101.338,10921,0
FNX.US,5,20211126,175000,101.08,101.08,101.08,101.08,270,0
FNX.US,5,20211126,175500,101.03,101.03,101.03,101.03,100,0
FNX.US,5,20211126,180500,101.44,101.58,101.44,101.58,335,0
FNX.US,5,20211126,181500,101.74,101.74,101.74,101.74,100,0
FNX.US,5,20211126,182000,101.883,101.883,101.883,101.883,225,0
FNX.US,5,20211126,182500,101.94,101.94,101.94,101.94,100,0
FNX.US,5,20211126,183000,102.017,102.2,102.017,102.2,2773,0
FNX.US,5,20211126,184000,102.369,102.369,102.115,102.115,936,0
FNX.US,5,20211126,184500,102.19,102.19,102.06,102.06,300,0
FNX.US,5,20211126,185000,102.04,102.04,101.773,101.773,600,0
FNX.US,5,20211126,185500,101.78,101.78,101.78,101.78,100,0
FNX.US,5,20211126,190000,101.82,101.82,101.75,101.79,800,0
FNX.US,5,20211126,191500,101.869,101.869,101.869,101.869,0,0
FNX.US,5,20211129,153000,103.44,103.44,103.44,103.44,420,0
FNX.US,5,20211129,153500,102.755,102.755,102.565,102.75,475,0
FNX.US,5,20211129,154000,102.632,102.632,102.632,102.632,150,0
FNX.US,5,20211129,154500,102.51,102.51,102.51,102.51,100,0
FNX.US,5,20211129,155000,102.115,102.316,102.115,102.316,350,0
FNX.US,5,20211129,155500,102.275,102.292,102.275,102.275,485,0
FNX.US,5,20211129,160000,102.34,102.34,102.34,102.34,124,0
FNX.US,5,20211129,162500,101.765,101.765,101.765,101.765,100,0
FNX.US,5,20211129,164000,101.387,101.387,101.387,101.387,381,0
FNX.US,5,20211129,164500,101.566,101.566,101.566,101.566,206,0
FNX.US,5,20211129,170000,101.73,101.73,101.73,101.73,150,0
FNX.US,5,20211129,170500,101.78,101.78,101.78,101.78,100,0
FNX.US,5,20211129,172000,101.761,101.761,101.761,101.761,273,0
FNX.US,5,20211129,173000,101.685,101.685,101.56,101.56,206,0
FNX.US,5,20211129,173500,101.56,101.56,101.56,101.56,700,0
FNX.US,5,20211129,174000,101.89,101.89,101.89,101.89,100,0
FNX.US,5,20211129,174500,101.955,101.955,101.955,101.955,453,0
FNX.US,5,20211129,175000,101.884,101.884,101.884,101.884,113,0
FNX.US,5,20211129,175500,101.85,101.85,101.85,101.85,104,0
FNX.US,5,20211129,181500,102.21,102.21,102.21,102.21,100,0
FNX.US,5,20211129,182000,102.5,102.5,102.5,102.5,300,0
FNX.US,5,20211129,182500,102.56,102.59,102.56,102.56,1400,0
FNX.US,5,20211129,183000,102.65,102.65,102.65,102.65,100,0
FNX.US,5,20211129,190500,102.748,102.88,102.748,102.88,916,0
FNX.US,5,20211129,191500,102.6,102.6,102.6,102.6,100,0
FNX.US,5,20211129,192000,102.58,102.58,102.58,102.58,100,0
FNX.US,5,20211129,194000,102.355,102.355,102.355,102.355,119,0
FNX.US,5,20211129,194500,102.404,102.439,102.404,102.439,405,0
FNX.US,5,20211129,200500,102.444,102.444,102.444,102.444,509,0
FNX.US,5,20211129,201500,102.38,102.38,102.38,102.38,127,0
FNX.US,5,20211129,202000,102.437,102.437,102.437,102.437,100,0
FNX.US,5,20211129,202500,102.37,102.37,102.365,102.365,378,0
FNX.US,5,20211129,204000,102.2,102.243,102.2,102.243,852,0
FNX.US,5,20211129,205000,102.34,102.34,102.34,102.34,118,0
FNX.US,5,20211129,205500,102.178,102.178,102.178,102.178,100,0
FNX.US,5,20211129,210500,102.2,102.22,102.199,102.22,623,0
FNX.US,5,20211129,213000,102.042,102.162,102.042,102.162,257,0
FNX.US,5,20211129,214000,102.19,102.19,102.19,102.19,103,0
FNX.US,5,20211129,214500,101.975,101.975,101.975,101.975,101,0
FNX.US,5,20211129,215000,101.968,101.968,101.968,101.968,120,0
FNX.US,5,20211129,215500,101.89,101.89,101.89,101.89,1057,0
FNX.US,5,20211130,153000,101.759,101.759,101.1,101.482,2188,0
FNX.US,5,20211130,154000,101.11,101.11,101.106,101.106,855,0
FNX.US,5,20211130,155000,100.718,100.823,100.71,100.823,510,0
FNX.US,5,20211130,161500,100.77,100.78,100.77,100.78,1000,0
FNX.US,5,20211130,162000,100.548,100.548,100.494,100.494,1537,0
FNX.US,5,20211130,163500,101.13,101.13,100.916,100.916,357,0
FNX.US,5,20211130,165000,100.538,100.538,100.132,100.132,484,0
FNX.US,5,20211130,165500,100.109,100.109,100.109,100.109,150,0
FNX.US,5,20211130,171000,99.9032,99.9032,99.9032,99.9032,124,0
FNX.US,5,20211130,173000,99.86,99.86,99.78,99.78,594,0
FNX.US,5,20211130,173500,99.7,99.7,99.7,99.7,100,0
FNX.US,5,20211130,174000,99.7,99.7,99.47,99.47,267,0
FNX.US,5,20211130,175000,99.3399,99.3399,99.2896,99.2896,487,0
FNX.US,5,20211130,181000,99.05,99.05,99.05,99.05,18476,0
FNX.US,5,20211130,182000,99.3773,99.3834,99.3773,99.3834,255,0
FNX.US,5,20211130,184000,99.5486,99.5486,99.5486,99.5486,197,0
FNX.US,5,20211130,191000,98.9929,98.9929,98.9929,98.9929,300,0
FNX.US,5,20211130,192000,99.1346,99.1346,99.1346,99.1346,235,0
FNX.US,5,20211130,193000,99.1436,99.1436,99.1436,99.1436,970,0
FNX.US,5,20211130,193500,99.28,99.28,99.28,99.28,250,0
FNX.US,5,20211130,194000,99.4112,99.4112,99.4112,99.4112,584,0
FNX.US,5,20211130,195500,99.6795,99.6795,99.6795,99.6795,133,0
FNX.US,5,20211130,200500,99.7227,99.7227,99.675,99.675,519,0
FNX.US,5,20211130,201500,99.9045,99.9045,99.8434,99.8434,547,0
FNX.US,5,20211130,202500,99.8599,99.8599,99.8599,99.8599,230,0
FNX.US,5,20211130,203500,99.745,99.745,99.7302,99.7302,287,0
FNX.US,5,20211130,204000,99.745,99.745,99.745,99.745,155,0
FNX.US,5,20211130,204500,99.5757,99.5757,99.565,99.565,427,0
FNX.US,5,20211130,210500,99.685,99.685,99.685,99.685,141,0
FNX.US,5,20211130,211000,99.54,99.54,99.54,99.54,100,0
FNX.US,5,20211130,211500,99.55,99.66,99.55,99.66,459,0
FNX.US,5,20211130,212500,99.62,99.7,99.62,99.7,500,0
FNX.US,5,20211130,213000,99.69,99.7,99.68,99.695,700,0
FNX.US,5,20211130,213500,99.61,99.61,99.61,99.61,100,0
FNX.US,5,20211130,214000,99.786,99.786,99.786,99.786,200,0
FNX.US,5,20211130,214500,99.945,99.945,99.8982,99.8982,806,0
FNX.US,5,20211130,215000,99.6,99.6,99.6,99.6,200,0
FNX.US,5,20211130,215500,99.25,99.25,99.24,99.24,266,0
FNX.US,5,20211201,153000,100.94,101.13,100.753,100.753,707,0
FNX.US,5,20211201,154000,100.696,100.696,100.696,100.696,100,0
FNX.US,5,20211201,162000,101.617,101.617,101.617,101.617,252,0
FNX.US,5,20211201,162500,101.53,101.53,101.53,101.53,100,0
FNX.US,5,20211201,164000,101.12,101.12,101.12,101.12,148,0
FNX.US,5,20211201,165000,101.458,101.458,101.39,101.39,826,0
FNX.US,5,20211201,170000,101.481,101.481,101.481,101.481,439,0
FNX.US,5,20211201,170500,101.499,101.505,101.499,101.505,257,0
FNX.US,5,20211201,171500,101.6,101.6,101.6,101.6,200,0
FNX.US,5,20211201,173000,101.53,101.53,101.53,101.53,100,0
FNX.US,5,20211201,174000,101.4,101.4,101.4,101.4,189,0
FNX.US,5,20211201,175000,100.965,100.965,100.965,100.965,195,0
FNX.US,5,20211201,175500,100.702,100.702,100.702,100.702,312,0
FNX.US,5,20211201,182000,101.143,101.143,101.143,101.143,150,0
FNX.US,5,20211201,183500,101.034,101.034,101.034,101.034,103,0
FNX.US,5,20211201,184500,100.631,100.631,100.631,100.631,139,0
FNX.US,5,20211201,185000,100.38,100.38,100.38,100.38,100,0
FNX.US,5,20211201,193500,99.97,99.97,99.97,99.97,400,0
FNX.US,5,20211201,194000,99.93,99.93,99.85,99.85,300,0
FNX.US,5,20211201,195000,99.5324,99.5324,99.5324,99.5324,391,0
FNX.US,5,20211201,200000,99.61,99.61,99.61,99.61,176,0
FNX.US,5,20211201,200500,99.55,99.665,99.4165,99.4165,588,0
FNX.US,5,20211201,201500,99.2636,99.2636,99.2636,99.2636,250,0
FNX.US,5,20211201,202000,99.32,99.32,99.32,99.32,100,0
FNX.US,5,20211201,202500,99.3807,99.3807,99.3807,99.3807,145,0
FNX.US,5,20211201,203000,99.6174,99.67,99.6174,99.67,600,0
FNX.US,5,20211201,204000,99.2401,99.2401,99.2401,99.2401,135,0
FNX.US,5,20211201,205000,99.27,99.27,99.27,99.27,209,0
FNX.US,5,20211201,205500,99.36,99.37,99.36,99.37,1517,0
FNX.US,5,20211201,210500,98.83,98.83,98.795,98.795,537,0
FNX.US,5,20211201,212000,98.44,98.44,98.44,98.44,285,0
FNX.US,5,20211201,213000,98.42,98.42,98.42,98.42,136,0
FNX.US,5,20211201,214500,98.8,98.8,98.8,98.8,111,0
FNX.US,5,20211201,215000,97.98,97.98,97.98,97.98,100,0
FNX.US,5,20211201,215500,97.615,97.62,97.615,97.62,300,0
FNX.US,5,20211202,153000,97.85,97.85,97.85,97.85,1036,0
FNX.US,5,20211202,154500,98.91,98.91,98.91,98.91,400,0
FNX.US,5,20211202,161000,99.185,99.185,99.0904,99.0904,1584,0
FNX.US,5,20211202,163500,98.875,98.875,98.68,98.68,239,0
FNX.US,5,20211202,165000,98.7918,98.7918,98.7918,98.7918,195,0
FNX.US,5,20211202,165500,98.7311,99.04,98.7311,99.04,300,0
FNX.US,5,20211202,170000,99.14,99.14,99.14,99.14,100,0
FNX.US,5,20211202,171500,99.5599,99.5599,99.5599,99.5599,2944,0
FNX.US,5,20211202,172500,99.5378,99.5378,99.5378,99.5378,1621,0
FNX.US,5,20211202,173000,99.4357,99.4357,99.4357,99.4357,295,0
FNX.US,5,20211202,173500,99.445,99.445,99.445,99.445,1331,0
FNX.US,5,20211202,174000,99.656,99.656,99.656,99.656,192,0
FNX.US,5,20211202,180500,99.8083,99.8083,99.8083,99.8083,100,0
FNX.US,5,20211202,181500,99.8723,99.8723,99.8723,99.8723,285,0
FNX.US,5,20211202,182000,100,100,100,100,102,0
FNX.US,5,20211202,184500,99.965,100.027,99.9,100.027,1826,0
FNX.US,5,20211202,185000,99.7943,99.7943,99.7943,99.7943,110,0
FNX.US,5,20211202,190000,99.71,99.71,99.71,99.71,800,0
FNX.US,5,20211202,191500,99.8932,99.8999,99.861,99.861,443,0
FNX.US,5,20211202,192000,99.94,99.94,99.94,99.94,108,0
FNX.US,5,20211202,193500,99.8876,99.8876,99.8876,99.8876,152,0
FNX.US,5,20211202,195500,100.37,100.37,100.368,100.368,200,0
FNX.US,5,20211202,200000,100.43,100.43,100.43,100.43,112,0
FNX.US,5,20211202,200500,100.315,100.437,100.253,100.35,831,0
FNX.US,5,20211202,202000,100.22,100.418,100.22,100.418,348,0
FNX.US,5,20211202,202500,100.281,100.36,100.241,100.36,375,0
FNX.US,5,20211202,205000,100.23,100.23,100.17,100.17,400,0
FNX.US,5,20211202,210000,100.42,100.42,100.42,100.42,100,0
FNX.US,5,20211202,211000,100.2,100.2,100.2,100.2,100,0
FNX.US,5,20211202,211500,100.28,100.28,100.28,100.28,149,0
FNX.US,5,20211202,213000,100.31,100.329,100.31,100.329,200,0
FNX.US,5,20211202,213500,100.305,100.388,100.24,100.388,1110,0
FNX.US,5,20211202,214000,100.42,100.42,100.42,100.42,100,0
FNX.US,5,20211202,214500,100.38,100.465,100.38,100.465,466,0
FNX.US,5,20211202,215000,100.25,100.25,100.25,100.25,100,0
FNX.US,5,20211202,215500,99.98,100.07,99.98,100.07,300,0
FNX.US,5,20211203,153000,100.62,100.89,100.62,100.89,515,0
FNX.US,5,20211203,153500,100.22,100.22,100.22,100.22,100,0
FNX.US,5,20211203,161000,99.11,99.11,99.11,99.11,143,0
FNX.US,5,20211203,161500,99.4659,99.4659,99.4659,99.4659,588,0
FNX.US,5,20211203,162500,99.74,99.74,99.74,99.74,151,0
FNX.US,5,20211203,163500,99.3944,99.3944,99.3944,99.3944,271,0
FNX.US,5,20211203,170500,98.601,98.601,98.601,98.601,205,0
FNX.US,5,20211203,174000,99.09,99.09,99.09,99.09,100,0
FNX.US,5,20211203,174500,98.9096,98.9493,98.9096,98.9493,5764,0
FNX.US,5,20211203,180500,98.3439,98.3439,98.3439,98.3439,300,0
FNX.US,5,20211203,181500,98.9108,98.9108,98.9108,98.9108,121,0
FNX.US,5,20211203,185000,99.1639,99.1639,98.8715,98.8715,514,0
FNX.US,5,20211203,185500,98.87,98.87,98.7526,98.7526,356,0
FNX.US,5,20211203,191500,99.166,99.166,99.166,99.166,456,0
FNX.US,5,20211203,194000,98.5515,98.5515,98.5515,98.5515,303,0
FNX.US,5,20211203,194500,98.6086,98.6086,98.6086,98.6086,202,0
FNX.US,5,20211203,195000,98.68,98.68,98.68,98.68,100,0
FNX.US,5,20211203,195500,98.6113,98.6113,98.6113,98.6113,180,0
FNX.US,5,20211203,200000,98.7684,98.7684,98.7684,98.7684,203,0
FNX.US,5,20211203,200500,98.72,98.72,98.5,98.5,2307,0
FNX.US,5,20211203,201000,98.5499,98.5499,98.5,98.5,201,0
FNX.US,5,20211203,202500,98.5443,98.5443,98.5443,98.5443,114,0
FNX.US,5,20211203,203000,98.47,98.47,98.47,98.47,100,0
FNX.US,5,20211203,203500,98.4563,98.4563,98.4563,98.4563,100,0
FNX.US,5,20211203,204500,98.37,98.37,98.37,98.37,100,0
FNX.US,5,20211203,210500,98.2328,98.28,98.2328,98.27,1180,0
FNX.US,5,20211203,211000,98.3025,98.3025,98.3025,98.3025,300,0
FNX.US,5,20211203,211500,98.32,98.32,98.32,98.32,100,0
FNX.US,5,20211203,213500,98.7879,98.8688,98.6883,98.6883,495,0
FNX.US,5,20211203,214500,98.25,98.25,98.25,98.25,100,0
FNX.US,5,20211203,215500,98.71,98.8597,98.71,98.84,666,0
FNX.US,5,20211206,153000,99.69,99.69,99.69,99.69,163,0
FNX.US,5,20211206,155000,99.7,99.855,99.68,99.855,950,0
FNX.US,5,20211206,161500,100.38,100.38,100.38,100.38,200,0
FNX.US,5,20211206,162000,100.315,100.315,100.315,100.315,383,0
FNX.US,5,20211206,162500,100.365,100.365,100.365,100.365,132,0
FNX.US,5,20211206,164000,100.5,100.5,100.5,100.5,465,0
FNX.US,5,20211206,164500,100.423,100.423,100.423,100.423,557,0
FNX.US,5,20211206,170500,100.375,100.375,100.375,100.375,150,0
FNX.US,5,20211206,171000,100.205,100.205,100.205,100.205,100,0
FNX.US,5,20211206,171500,100.19,100.19,100.19,100.19,100,0
FNX.US,5,20211206,173500,100.39,100.39,100.39,100.39,150,0
FNX.US,5,20211206,174000,100.498,100.498,100.498,100.498,100,0
FNX.US,5,20211206,180500,100.39,100.39,100.39,100.39,100,0
FNX.US,5,20211206,184500,100.657,100.657,100.657,100.657,250,0
FNX.US,5,20211206,185000,100.67,100.704,100.67,100.704,200,0
FNX.US,5,20211206,190000,100.7,100.7,100.7,100.7,124,0
FNX.US,5,20211206,190500,100.803,100.803,100.803,100.803,100,0
FNX.US,5,20211206,191500,100.95,100.95,100.95,100.95,111,0
FNX.US,5,20211206,192500,101.1,101.1,101.1,101.1,600,0
FNX.US,5,20211206,194000,101.001,101.001,101.001,101.001,100,0
FNX.US,5,20211206,195000,101.239,101.239,101.13,101.13,324,0
FNX.US,5,20211206,201000,101.165,101.165,101.111,101.111,208,0
FNX.US,5,20211206,201500,101.12,101.12,101.12,101.12,185,0
FNX.US,5,20211206,202500,101.07,101.07,101.07,101.07,107,0
FNX.US,5,20211206,203000,101.16,101.16,101.16,101.16,300,0
FNX.US,5,20211206,204500,100.701,100.701,100.701,100.701,766,0
FNX.US,5,20211206,205000,100.69,100.69,100.69,100.69,161,0
FNX.US,5,20211206,205500,100.706,100.706,100.706,100.706,496,0
FNX.US,5,20211206,210000,100.789,100.789,100.789,100.789,180,0
FNX.US,5,20211206,214000,100.7,100.7,100.7,100.7,100,0
FNX.US,5,20211206,215000,100.6,100.6,100.6,100.6,100,0
FNX.US,5,20211206,215500,100.5,100.5,100.5,100.5,200,0
FNX.US,5,20211207,153000,101.76,101.76,101.76,101.76,1206,0
FNX.US,5,20211207,153500,102.175,102.175,102.175,102.175,149,0
FNX.US,5,20211207,160000,102.74,102.782,102.74,102.782,485,0
FNX.US,5,20211207,160500,102.792,102.792,102.792,102.792,150,0
FNX.US,5,20211207,161000,102.87,102.87,102.87,102.87,100,0
FNX.US,5,20211207,162000,102.88,102.88,102.88,102.88,339,0
FNX.US,5,20211207,162500,102.78,102.78,102.78,102.78,486,0
FNX.US,5,20211207,165500,103.049,103.049,103.049,103.049,320,0
FNX.US,5,20211207,171500,103.015,103.015,103.015,103.015,150,0
FNX.US,5,20211207,175500,102.825,102.825,102.825,102.825,240,0
FNX.US,5,20211207,180000,102.888,102.888,102.857,102.857,589,0
FNX.US,5,20211207,182500,102.91,102.91,102.91,102.91,303,0
FNX.US,5,20211207,183500,102.88,102.88,102.88,102.88,100,0
FNX.US,5,20211207,190000,102.921,102.921,102.865,102.865,733,0
FNX.US,5,20211207,191500,102.65,102.87,102.642,102.87,3100,0
FNX.US,5,20211207,192000,102.888,102.888,102.838,102.838,260,0
FNX.US,5,20211207,193000,102.844,102.844,102.844,102.844,188,0
FNX.US,5,20211207,194000,102.88,102.91,102.88,102.91,1690,0
FNX.US,5,20211207,194500,102.908,102.939,102.908,102.939,200,0
FNX.US,5,20211207,195500,102.914,102.914,102.914,102.914,998,0
FNX.US,5,20211207,200000,102.83,102.83,102.83,102.83,100,0
FNX.US,5,20211207,200500,102.838,102.94,102.838,102.94,471,0
FNX.US,5,20211207,201500,102.94,102.948,102.94,102.948,300,0
FNX.US,5,20211207,203500,102.88,102.88,102.88,102.88,200,0
FNX.US,5,20211207,204000,102.889,102.9,102.832,102.832,1004,0
FNX.US,5,20211207,205000,102.825,102.92,102.825,102.92,641,0
FNX.US,5,20211207,205500,102.907,102.907,102.907,102.907,110,0
FNX.US,5,20211207,210000,102.892,102.892,102.892,102.892,567,0
FNX.US,5,20211207,211500,102.82,102.82,102.82,102.82,100,0
FNX.US,5,20211207,212000,102.8,102.8,102.747,102.747,330,0
FNX.US,5,20211207,213500,102.41,102.41,102.41,102.41,100,0
FNX.US,5,20211207,214000,102.421,102.421,102.421,102.421,125,0
FNX.US,5,20211207,215500,102.37,102.37,102.37,102.37,198,0
FNX.US,5,20211208,153000,102.83,102.83,102.83,102.83,1748,0
FNX.US,5,20211208,163500,102.457,102.457,102.457,102.457,160,0
FNX.US,5,20211208,164500,102.46,102.46,102.44,102.44,200,0
FNX.US,5,20211208,165000,102.45,102.45,102.45,102.45,126,0
FNX.US,5,20211208,171500,102.693,102.693,102.693,102.693,224,0
FNX.US,5,20211208,173000,102.813,102.813,102.76,102.76,250,0
FNX.US,5,20211208,173500,102.788,102.8,102.69,102.69,1988,0
FNX.US,5,20211208,174000,102.766,102.766,102.766,102.766,250,0
FNX.US,5,20211208,175500,102.92,102.92,102.92,102.92,100,0
FNX.US,5,20211208,181000,102.918,102.918,102.918,102.918,354,0
FNX.US,5,20211208,181500,102.89,102.891,102.89,102.891,355,0
FNX.US,5,20211208,182000,102.85,102.85,102.85,102.85,100,0
FNX.US,5,20211208,182500,102.9,102.9,102.84,102.84,778,0
FNX.US,5,20211208,183000,102.89,102.89,102.89,102.89,121,0
FNX.US,5,20211208,190000,102.838,102.838,102.838,102.838,391,0
FNX.US,5,20211208,191500,102.88,102.88,102.88,102.88,136,0
FNX.US,5,20211208,192000,102.97,102.97,102.94,102.94,500,0
FNX.US,5,20211208,193000,102.916,102.916,102.916,102.916,300,0
FNX.US,5,20211208,193500,102.92,102.92,102.92,102.92,600,0
FNX.US,5,20211208,194500,102.9,102.9,102.9,102.9,100,0
FNX.US,5,20211208,200000,102.839,102.839,102.839,102.839,731,0
FNX.US,5,20211208,202000,102.78,102.81,102.78,102.81,200,0
FNX.US,5,20211208,202500,102.78,102.78,102.78,102.78,100,0
FNX.US,5,20211208,203500,102.825,102.825,102.825,102.825,262,0
FNX.US,5,20211208,204000,102.826,102.826,102.826,102.826,129,0
FNX.US,5,20211208,204500,102.774,102.774,102.774,102.774,226,0
FNX.US,5,20211208,205000,102.765,102.765,102.73,102.746,4112,0
FNX.US,5,20211208,205500,102.846,102.86,102.846,102.86,349,0
FNX.US,5,20211208,210000,102.83,102.83,102.83,102.83,100,0
FNX.US,5,20211208,211000,102.869,102.869,102.869,102.869,100,0
FNX.US,5,20211208,211500,102.86,102.87,102.86,102.87,200,0
FNX.US,5,20211208,212500,102.96,102.96,102.86,102.86,545,0
FNX.US,5,20211208,215000,102.925,102.925,102.925,102.925,650,0
FNX.US,5,20211208,215500,102.802,102.82,102.75,102.75,10908,0
FNX.US,5,20211209,153000,102.64,102.64,102.64,102.64,2997,0
FNX.US,5,20211209,154500,102.29,102.29,102.29,102.29,200,0
FNX.US,5,20211209,155000,102.15,102.15,102.15,102.15,100,0
FNX.US,5,20211209,160000,102.19,102.19,102.19,102.19,222,0
FNX.US,5,20211209,161000,102.46,102.46,102.35,102.35,210,0
FNX.US,5,20211209,161500,102.45,102.45,102.34,102.34,443,0
FNX.US,5,20211209,162000,102.25,102.25,102.25,102.25,100,0
FNX.US,5,20211209,171500,101.881,101.881,101.88,101.88,319,0
FNX.US,5,20211209,172000,102.02,102.02,102.02,102.02,100,0
FNX.US,5,20211209,172500,102,102,102,102,100,0
FNX.US,5,20211209,174000,102.02,102.02,102.02,102.02,100,0
FNX.US,5,20211209,174500,101.961,101.961,101.961,101.961,120,0
FNX.US,5,20211209,175000,102.04,102.04,102.04,102.04,600,0
FNX.US,5,20211209,181500,101.995,101.995,101.995,101.995,418,0
FNX.US,5,20211209,185000,102.2,102.2,102.2,102.2,102,0
FNX.US,5,20211209,185500,102.23,102.23,102.23,102.23,100,0
FNX.US,5,20211209,190000,102.224,102.224,102.224,102.224,130,0
FNX.US,5,20211209,192000,102.07,102.07,102.07,102.07,1025,0
FNX.US,5,20211209,192500,102.06,102.06,102.06,102.06,4947,0
FNX.US,5,20211209,195500,102.06,102.06,102.06,102.06,200,0
FNX.US,5,20211209,201000,102.02,102.02,102.02,102.02,232,0
FNX.US,5,20211209,201500,102.09,102.09,102.035,102.035,349,0
FNX.US,5,20211209,202500,101.866,101.866,101.866,101.866,686,0
FNX.US,5,20211209,203500,101.78,101.78,101.78,101.78,200,0
FNX.US,5,20211209,210000,101.69,101.78,101.69,101.78,1650,0
FNX.US,5,20211209,210500,101.65,101.65,101.65,101.65,500,0
FNX.US,5,20211209,211000,101.58,101.589,101.58,101.589,203,0
FNX.US,5,20211209,212000,101.48,101.48,101.48,101.48,438,0
FNX.US,5,20211209,212500,101.485,101.485,101.485,101.485,232,0
FNX.US,5,20211209,214000,101.608,101.71,101.608,101.71,219,0
FNX.US,5,20211209,214500,101.62,101.64,101.62,101.64,597,0
FNX.US,5,20211209,215000,101.6,101.6,101.6,101.6,100,0
FNX.US,5,20211209,215500,101.43,101.43,101.38,101.38,426,0
FNX.US,5,20211210,153000,101.96,101.96,101.91,101.91,523,0
FNX.US,5,20211210,154500,101.514,101.652,101.48,101.652,638,0
FNX.US,5,20211210,163000,101.35,101.35,101.35,101.35,100,0
FNX.US,5,20211210,163500,101.163,101.163,101.163,101.163,100,0
FNX.US,5,20211210,164000,101.13,101.173,101.13,101.173,200,0
FNX.US,5,20211210,164500,101.088,101.2,101.088,101.168,353,0
FNX.US,5,20211210,174000,100.885,100.885,100.885,100.885,131,0
FNX.US,5,20211210,183500,100.82,100.82,100.82,100.82,100,0
FNX.US,5,20211210,185500,100.912,100.912,100.912,100.912,225,0
FNX.US,5,20211210,191000,101.009,101.009,101.009,101.009,147,0
FNX.US,5,20211210,191500,101.03,101.03,101.03,101.03,100,0
FNX.US,5,20211210,193000,100.96,101.046,100.96,101.046,347,0
FNX.US,5,20211210,193500,101.019,101.019,101.019,101.019,276,0
FNX.US,5,20211210,194000,100.9,100.9,100.9,100.9,200,0
FNX.US,5,20211210,200000,100.95,100.95,100.95,100.95,500,0
FNX.US,5,20211210,200500,100.9,100.9,100.9,100.9,109,0
FNX.US,5,20211210,201000,100.995,100.995,100.978,100.978,488,0
FNX.US,5,20211210,202000,101.01,101.01,101.01,101.01,227,0
FNX.US,5,20211210,203000,100.97,100.97,100.96,100.96,400,0
FNX.US,5,20211210,203500,101.059,101.059,101.059,101.059,111,0
FNX.US,5,20211210,204000,101.099,101.099,101.04,101.04,240,0
FNX.US,5,20211210,205000,100.96,100.96,100.96,100.96,119,0
FNX.US,5,20211210,210000,100.858,100.858,100.858,100.858,100,0
FNX.US,5,20211210,210500,100.78,100.78,100.78,100.78,100,0
FNX.US,5,20211210,213000,101.09,101.09,101.09,101.09,100,0
FNX.US,5,20211210,213500,101.136,101.136,101.136,101.136,200,0
FNX.US,5,20211210,215500,101.176,101.27,101.176,101.27,875,0
FNX.US,5,20211213,153000,101.09,101.09,101.09,101.09,602,0
FNX.US,5,20211213,155000,100.46,100.46,100.46,100.46,200,0
FNX.US,5,20211213,160500,100.448,100.448,100.448,100.448,125,0
FNX.US,5,20211213,170500,100.057,100.057,100.057,100.057,281,0
FNX.US,5,20211213,172000,99.8986,99.8986,99.8986,99.8986,134,0
FNX.US,5,20211213,172500,99.8899,99.8899,99.8899,99.8899,1108,0
FNX.US,5,20211213,175000,99.71,99.71,99.71,99.71,520,0
FNX.US,5,20211213,181000,99.975,99.975,99.975,99.975,145,0
FNX.US,5,20211213,182000,99.975,99.975,99.975,99.975,578,0
FNX.US,5,20211213,182500,100.014,100.014,100.014,100.014,252,0
FNX.US,5,20211213,184000,100.086,100.086,100.086,100.086,500,0
FNX.US,5,20211213,190000,99.87,99.9,99.87,99.9,700,0
FNX.US,5,20211213,193000,99.89,99.89,99.88,99.885,323,0
FNX.US,5,20211213,193500,99.8727,99.8727,99.8727,99.8727,200,0
FNX.US,5,20211213,194500,99.9081,99.9081,99.9081,99.9081,434,0
FNX.US,5,20211213,200000,100.08,100.08,100.08,100.08,128,0
FNX.US,5,20211213,200500,99.9856,99.9856,99.9856,99.9856,129,0
FNX.US,5,20211213,205000,100.242,100.242,100.242,100.242,199,0
FNX.US,5,20211213,205500,100.22,100.22,100.22,100.22,340,0
FNX.US,5,20211213,210000,100.419,100.419,100.419,100.419,328,0
FNX.US,5,20211213,211500,100.405,100.405,100.405,100.405,268,0
FNX.US,5,20211213,213000,100.451,100.451,100.373,100.373,326,0
FNX.US,5,20211213,213500,100.475,100.475,100.475,100.475,100,0
FNX.US,5,20211213,215000,100.158,100.158,100.158,100.158,1192,0
FNX.US,5,20211214,161000,100.328,100.328,100.328,100.328,200,0
FNX.US,5,20211214,161500,100.274,100.274,100.208,100.208,369,0
FNX.US,5,20211214,163500,100.31,100.354,100.31,100.354,208,0
FNX.US,5,20211214,174000,99.9,99.9,99.9,99.9,100,0
FNX.US,5,20211214,175000,99.895,99.958,99.895,99.958,300,0
FNX.US,5,20211214,180000,99.66,99.66,99.5585,99.5585,205,0
FNX.US,5,20211214,180500,99.548,99.548,99.548,99.548,143,0
FNX.US,5,20211214,181000,99.675,99.675,99.675,99.675,150,0
FNX.US,5,20211214,184500,99.6105,99.6105,99.6105,99.6105,502,0
FNX.US,5,20211214,185500,99.5276,99.5276,99.5276,99.5276,187,0
FNX.US,5,20211214,194500,99.4467,99.4467,99.4467,99.4467,311,0
FNX.US,5,20211214,200500,99.46,99.622,99.46,99.622,611,0
FNX.US,5,20211214,203000,99.6399,99.64,99.61,99.64,482,0
FNX.US,5,20211214,203500,99.4764,99.5962,99.4764,99.5962,235,0
FNX.US,5,20211214,205000,99.47,99.47,99.47,99.47,100,0
FNX.US,5,20211214,211500,99.722,99.722,99.722,99.722,108,0
FNX.US,5,20211214,213000,99.81,99.81,99.81,99.81,2584,0
FNX.US,5,20211214,213500,99.88,99.88,99.88,99.88,100,0
FNX.US,5,20211214,214000,99.71,99.71,99.71,99.71,100,0
FNX.US,5,20211214,215000,99.5172,99.5172,99.5172,99.5172,100,0
FNX.US,5,20211214,215500,99.39,99.39,99.39,99.39,200,0
FNX.US,5,20211215,153000,99.9,99.9,99.9,99.9,290,0
FNX.US,5,20211215,155500,98.83,98.9875,98.83,98.9875,213,0
FNX.US,5,20211215,161000,99.01,99.01,99.01,99.01,400,0
FNX.US,5,20211215,165500,98.705,98.705,98.705,98.705,192,0
FNX.US,5,20211215,171000,98.8343,98.8343,98.8343,98.8343,104,0
FNX.US,5,20211215,172500,98.6501,98.6501,98.6501,98.6501,140,0
FNX.US,5,20211215,175500,98.8327,98.8327,98.8327,98.8327,1633,0
FNX.US,5,20211215,182000,98.69,98.69,98.69,98.69,100,0
FNX.US,5,20211215,183500,99.0588,99.0588,99.0363,99.0363,894,0
FNX.US,5,20211215,195500,99.225,99.225,99.225,99.225,100,0
FNX.US,5,20211215,201000,99.7779,99.7779,99.7779,99.7779,153,0
FNX.US,5,20211215,202500,99.405,99.405,99.405,99.405,101,0
FNX.US,5,20211215,203000,99.3984,99.4558,99.36,99.36,613,0
FNX.US,5,20211215,204500,99.6325,99.6325,99.6325,99.6325,685,0
FNX.US,5,20211215,210000,99.6493,99.6493,99.6493,99.6493,162,0
FNX.US,5,20211215,210500,99.9,99.9568,99.9,99.9568,786,0
FNX.US,5,20211215,211000,100.05,100.11,99.9815,100.11,675,0
FNX.US,5,20211215,213500,100.705,100.705,100.705,100.705,150,0
FNX.US,5,20211215,214000,100.601,100.601,100.601,100.601,353,0
FNX.US,5,20211215,215000,100.59,100.61,100.59,100.61,700,0
FNX.US,5,20211215,215500,100.483,100.483,100.483,100.483,139,0
FNX.US,5,20211216,153000,101.51,101.51,101.51,101.51,163,0
FNX.US,5,20211216,161000,101.01,101.01,101.01,101.01,1200,0
FNX.US,5,20211216,163000,101.499,101.499,101.499,101.499,100,0
FNX.US,5,20211216,164500,101.37,101.37,101.37,101.37,134,0
FNX.US,5,20211216,165000,101.507,101.507,101.507,101.507,148,0
FNX.US,5,20211216,170000,101.155,101.155,101.155,101.155,120,0
FNX.US,5,20211216,171000,101.17,101.17,101.17,101.17,239,0
FNX.US,5,20211216,172000,101.272,101.272,101.272,101.272,104,0
FNX.US,5,20211216,175500,100.951,101.08,100.951,101.08,897,0
FNX.US,5,20211216,181000,100.788,100.788,100.72,100.72,435,0
FNX.US,5,20211216,182000,100.889,100.889,100.889,100.889,130,0
FNX.US,5,20211216,193500,100.255,100.255,100.255,100.255,304,0
FNX.US,5,20211216,195000,100.334,100.334,100.334,100.334,230,0
FNX.US,5,20211216,200500,100.141,100.141,100.141,100.141,188,0
FNX.US,5,20211216,201000,100.15,100.15,100.15,100.15,100,0
FNX.US,5,20211216,201500,99.981,100.04,99.9394,99.9394,714,0
FNX.US,5,20211216,202500,99.8328,99.84,99.79,99.79,343,0
FNX.US,5,20211216,203000,99.7348,99.7348,99.7348,99.7348,499,0
FNX.US,5,20211216,204000,99.77,99.77,99.77,99.77,100,0
FNX.US,5,20211216,205000,99.3322,99.3322,99.3322,99.3322,122,0
FNX.US,5,20211216,210000,99.405,99.405,99.38,99.38,514,0
FNX.US,5,20211216,210500,99.62,99.62,99.52,99.52,526,0
FNX.US,5,20211216,211500,99.5699,99.5699,99.5699,99.5699,123,0
FNX.US,5,20211216,212000,99.54,99.54,99.54,99.54,100,0
FNX.US,5,20211216,213000,99.88,99.88,99.88,99.88,100,0
FNX.US,5,20211216,213500,99.8718,99.8718,99.8718,99.8718,148,0
FNX.US,5,20211216,214000,99.74,99.74,99.74,99.74,100,0
FNX.US,5,20211216,215000,99.57,99.81,99.57,99.81,200,0
FNX.US,5,20211216,215500,99.64,99.64,99.64,99.64,207,0
FNX.US,5,20211217,153000,98.9,98.9,98.9,98.9,1310,0
FNX.US,5,20211217,155500,98.39,98.39,98.39,98.39,100,0
FNX.US,5,20211217,162000,98.615,98.615,98.5066,98.5066,280,0
FNX.US,5,20211217,164500,99.6987,99.7772,99.6987,99.7537,566,0
FNX.US,5,20211217,165000,99.76,99.76,99.76,99.76,365,0
FNX.US,5,20211217,165500,100.07,100.07,100.07,100.07,100,0
FNX.US,5,20211217,170000,100.103,100.103,100.103,100.103,109,0
FNX.US,5,20211217,170500,100.1,100.1,100.1,100.1,100,0
FNX.US,5,20211217,173000,100.19,100.19,100.19,100.19,100,0
FNX.US,5,20211217,173500,100.07,100.07,99.85,99.85,315,0
FNX.US,5,20211217,174000,99.76,99.76,99.76,99.76,100,0
FNX.US,5,20211217,174500,99.635,99.635,99.58,99.58,773,0
FNX.US,5,20211217,175000,99.57,99.57,99.57,99.57,189,0
FNX.US,5,20211217,180000,99.43,99.43,99.43,99.43,152,0
FNX.US,5,20211217,181000,99.4256,99.4256,99.41,99.41,201,0
FNX.US,5,20211217,184000,99.615,99.615,99.615,99.615,140,0
FNX.US,5,20211217,185000,99.69,99.69,99.69,99.69,100,0
FNX.US,5,20211217,190000,99.6025,99.6025,99.6025,99.6025,148,0
FNX.US,5,20211217,193000,99.8963,99.8963,99.8963,99.8963,100,0
FNX.US,5,20211217,195500,99.93,100.017,99.93,100.017,562,0
FNX.US,5,20211217,202500,99.82,99.82,99.82,99.82,292,0
FNX.US,5,20211217,205500,99.72,99.72,99.72,99.72,2254,0
FNX.US,5,20211217,211000,99.79,99.79,99.79,99.79,145,0
FNX.US,5,20211217,213500,99.6012,99.6012,99.6012,99.6012,264,0
FNX.US,5,20211217,215000,99.3447,99.3447,99.3447,99.3447,111,0
FNX.US,5,20211217,215500,99.48,99.48,99.48,99.48,119,0
FNX.US,5,20211220,153000,97.8,97.8,97.8,97.8,4017,0
FNX.US,5,20211220,161000,97.3964,97.3964,97.3964,97.3964,710,0
FNX.US,5,20211220,162500,97.28,97.28,97.195,97.195,1342,0
FNX.US,5,20211220,163000,96.95,97.0317,96.95,97.015,489,0
FNX.US,5,20211220,164000,96.78,96.78,96.78,96.78,682,0
FNX.US,5,20211220,164500,96.7802,96.7802,96.7802,96.7802,103,0
FNX.US,5,20211220,165000,96.535,96.535,96.47,96.47,280,0
FNX.US,5,20211220,165500,96.4109,96.4109,96.4109,96.4109,548,0
FNX.US,5,20211220,173000,96.34,96.34,96.26,96.26,427,0
FNX.US,5,20211220,173500,96.337,96.337,96.337,96.337,110,0
FNX.US,5,20211220,174000,96.45,96.45,96.4442,96.4442,392,0
FNX.US,5,20211220,175500,96.7666,96.7666,96.7666,96.7666,258,0
FNX.US,5,20211220,182500,96.5497,96.5497,96.5497,96.5497,217,0
FNX.US,5,20211220,183000,96.4787,96.4787,96.4787,96.4787,350,0
FNX.US,5,20211220,183500,96.46,96.48,96.46,96.48,200,0
FNX.US,5,20211220,184500,96.43,96.43,96.43,96.43,133,0
FNX.US,5,20211220,185000,96.5667,96.5667,96.5667,96.5667,581,0
FNX.US,5,20211220,185500,96.53,96.53,96.53,96.53,8612,0
FNX.US,5,20211220,191000,96.4708,96.4708,96.4708,96.4708,204,0
FNX.US,5,20211220,191500,96.6451,96.6451,96.6451,96.6451,341,0
FNX.US,5,20211220,192000,96.6,96.6,96.6,96.6,100,0
FNX.US,5,20211220,193500,96.5771,96.5771,96.5771,96.5771,100,0
FNX.US,5,20211220,194500,96.9799,96.9799,96.9799,96.9799,247,0
FNX.US,5,20211220,195500,97.0277,97.04,97.0277,97.04,1017,0
FNX.US,5,20211220,200000,97.1755,97.1755,96.9956,96.9956,253,0
FNX.US,5,20211220,200500,97.08,97.08,96.98,96.98,258,0
FNX.US,5,20211220,201500,97.185,97.185,97.1293,97.1293,3512,0
FNX.US,5,20211220,202000,97.24,97.24,97.24,97.24,170,0
FNX.US,5,20211220,202500,97.1199,97.1199,97.084,97.084,260,0
FNX.US,5,20211220,203000,97.1016,97.1016,96.9819,96.9819,865,0
FNX.US,5,20211220,203500,96.91,96.91,96.91,96.91,100,0
FNX.US,5,20211220,204000,96.915,96.915,96.915,96.915,200,0
FNX.US,5,20211220,205500,97.1294,97.1294,97.1294,97.1294,151,0
FNX.US,5,20211220,210000,97.22,97.22,97.22,97.22,100,0
FNX.US,5,20211220,210500,97.18,97.18,97.11,97.11,375,0
FNX.US,5,20211220,211000,97.2183,97.2183,97.21,97.21,244,0
FNX.US,5,20211220,211500,97.22,97.22,97.22,97.22,100,0
FNX.US,5,20211220,212000,97.4184,97.4184,97.4184,97.4184,139,0
FNX.US,5,20211220,213000,97.38,97.38,97.38,97.38,572,0
FNX.US,5,20211220,213500,97.3113,97.37,97.3113,97.37,308,0
FNX.US,5,20211220,214000,97.325,97.325,97.325,97.325,285,0
FNX.US,5,20211220,214500,97.4,97.4,97.4,97.4,200,0
FNX.US,5,20211220,215000,97.5905,97.6,97.55,97.55,1918,0
FNX.US,5,20211220,215500,97.62,97.62,97.5,97.5,802,0
FNX.US,5,20211221,153000,98.69,98.69,98.4237,98.4237,1022,0
FNX.US,5,20211221,153500,99.1497,99.1497,99.1497,99.1497,100,0
FNX.US,5,20211221,162500,99.1901,99.1901,99.1901,99.1901,249,0
FNX.US,5,20211221,163000,99.22,99.2298,99.22,99.2298,354,0
FNX.US,5,20211221,163500,99.2,99.2,99.2,99.2,476,0
FNX.US,5,20211221,171500,99.411,99.411,99.411,99.411,112,0
FNX.US,5,20211221,175000,99.748,99.748,99.748,99.748,210,0
FNX.US,5,20211221,180000,99.73,99.73,99.73,99.73,270,0
FNX.US,5,20211221,183000,99.902,99.902,99.9,99.9,368,0
FNX.US,5,20211221,184000,99.9365,99.9365,99.893,99.893,463,0
FNX.US,5,20211221,190000,100.03,100.03,100.03,100.03,141,0
FNX.US,5,20211221,190500,99.9525,99.9525,99.9525,99.9525,157,0
FNX.US,5,20211221,191000,99.97,99.97,99.97,99.97,117,0
FNX.US,5,20211221,191500,100.059,100.059,100.059,100.059,690,0
FNX.US,5,20211221,193000,100.109,100.109,100.109,100.109,100,0
FNX.US,5,20211221,194000,100.17,100.17,100.17,100.17,287,0
FNX.US,5,20211221,202000,99.9521,99.9521,99.9521,99.9521,103,0
FNX.US,5,20211221,205000,100,100,100,100,401,0
FNX.US,5,20211221,214000,99.8274,99.8274,99.8274,99.8274,268,0
FNX.US,5,20211221,214500,99.78,99.78,99.78,99.78,200,0
FNX.US,5,20211221,215500,100.14,100.14,100.14,100.14,330,0
FNX.US,5,20211222,153000,100.41,100.41,100.41,100.41,211,0
FNX.US,5,20211222,161500,100.58,100.58,100.58,100.58,119,0
FNX.US,5,20211222,163500,100.54,100.54,100.54,100.54,200,0
FNX.US,5,20211222,165500,100.866,100.866,100.866,100.866,164,0
FNX.US,5,20211222,171000,100.855,100.881,100.855,100.881,2301,0
FNX.US,5,20211222,171500,100.847,100.847,100.847,100.847,189,0
FNX.US,5,20211222,173000,100.867,100.867,100.867,100.867,198,0
FNX.US,5,20211222,173500,100.9,100.911,100.89,100.911,371,0
FNX.US,5,20211222,181500,100.81,100.81,100.74,100.775,873,0
FNX.US,5,20211222,190000,101.08,101.08,101.08,101.08,119,0
FNX.US,5,20211222,191000,101.089,101.089,101.089,101.089,297,0
FNX.US,5,20211222,191500,101.085,101.085,101.085,101.085,223,0
FNX.US,5,20211222,193000,101.025,101.12,101.025,101.12,1363,0
FNX.US,5,20211222,194000,100.881,100.916,100.881,100.916,296,0
FNX.US,5,20211222,194500,100.988,100.988,100.933,100.933,266,0
FNX.US,5,20211222,195000,101.02,101.02,101.02,101.02,498,0
FNX.US,5,20211222,195500,100.97,100.97,100.97,100.97,411,0
FNX.US,5,20211222,200000,100.9,100.9,100.86,100.86,534,0
FNX.US,5,20211222,200500,100.859,100.859,100.859,100.859,201,0
FNX.US,5,20211222,201000,100.82,100.82,100.802,100.802,1472,0
FNX.US,5,20211222,201500,100.879,100.88,100.835,100.88,1065,0
FNX.US,5,20211222,202000,100.882,100.882,100.882,100.882,425,0
FNX.US,5,20211222,205500,100.79,100.833,100.79,100.833,967,0
FNX.US,5,20211222,210000,100.76,100.76,100.76,100.76,716,0
FNX.US,5,20211222,213500,100.863,100.863,100.863,100.863,141,0
FNX.US,5,20211222,215000,101.09,101.17,101.09,101.17,200,0
FNX.US,5,20211222,215500,101.04,101.04,101.04,101.04,100,0
FNX.US,5,20211223,153000,101.23,101.23,101.23,101.23,3323,0
FNX.US,5,20211223,155500,101.269,101.269,101.269,101.269,100,0
FNX.US,5,20211223,160500,101.175,101.18,101.17,101.18,600,0
FNX.US,5,20211223,161000,101.21,101.336,101.21,101.26,647,0
FNX.US,5,20211223,162500,101.31,101.31,101.31,101.31,334,0
FNX.US,5,20211223,164000,101.289,101.289,101.209,101.209,291,0
FNX.US,5,20211223,164500,101.225,101.255,101.225,101.255,444,0
FNX.US,5,20211223,170000,101.45,101.45,101.29,101.29,919,0
FNX.US,5,20211223,173000,101.45,101.45,101.45,101.45,200,0
FNX.US,5,20211223,173500,101.403,101.5,101.403,101.43,593,0
FNX.US,5,20211223,175000,101.39,101.39,101.36,101.377,1110,0
FNX.US,5,20211223,180500,101.43,101.43,101.38,101.38,413,0
FNX.US,5,20211223,181500,101.393,101.393,101.393,101.393,111,0
FNX.US,5,20211223,182000,101.399,101.399,101.399,101.399,140,0
FNX.US,5,20211223,182500,101.43,101.43,101.379,101.379,2198,0
FNX.US,5,20211223,183000,101.5,101.5,101.5,101.5,840,0
FNX.US,5,20211223,183500,101.51,101.51,101.477,101.477,300,0
FNX.US,5,20211223,184500,101.48,101.49,101.45,101.48,2000,0
FNX.US,5,20211223,185000,101.435,101.435,101.434,101.434,1058,0
FNX.US,5,20211223,185500,101.45,101.45,101.415,101.415,666,0
FNX.US,5,20211223,190500,101.378,101.378,101.378,101.378,154,0
FNX.US,5,20211223,191000,101.48,101.49,101.48,101.49,300,0
FNX.US,5,20211223,192500,101.43,101.43,101.395,101.395,516,0
FNX.US,5,20211223,193000,101.52,101.52,101.52,101.52,151,0
FNX.US,5,20211223,193500,101.5,101.51,101.5,101.51,200,0
FNX.US,5,20211223,195500,101.57,101.57,101.57,101.57,311,0
FNX.US,5,20211223,200000,101.624,101.624,101.624,101.624,132,0
FNX.US,5,20211223,200500,101.64,101.64,101.64,101.64,100,0
FNX.US,5,20211223,202000,101.66,101.66,101.66,101.66,590,0
FNX.US,5,20211223,202500,101.66,101.66,101.66,101.66,966,0
FNX.US,5,20211223,205000,101.52,101.61,101.52,101.61,895,0
FNX.US,5,20211223,205500,101.61,101.62,101.59,101.59,4981,0
FNX.US,5,20211223,210500,101.45,101.45,101.45,101.45,100,0
FNX.US,5,20211223,211500,101.515,101.515,101.515,101.515,287,0
FNX.US,5,20211223,212000,101.509,101.509,101.509,101.509,164,0
FNX.US,5,20211223,212500,101.53,101.53,101.515,101.515,966,0
FNX.US,5,20211223,213000,101.48,101.48,101.48,101.48,100,0
FNX.US,5,20211223,214500,101.62,101.62,101.62,101.62,100,0
FNX.US,5,20211223,215000,101.63,101.63,101.63,101.63,186,0
FNX.US,5,20211223,215500,101.51,101.51,101.42,101.42,1600,0
