<TICKER>,<PER>,<DATE>,<TIME>,<OPEN>,<HIGH>,<LOW>,<CLOSE>,<VOL>,<OPENINT>
SCOA.US,5,20211104,143000,9.82,9.82,9.82,9.82,100,0
SCOA.US,5,20211104,143500,9.82,9.82,9.82,9.82,100,0
SCOA.US,5,20211104,144000,9.8,9.82,9.8,9.82,700,0
SCOA.US,5,20211104,144500,9.82,9.82,9.82,9.82,100,0
SCOA.US,5,20211104,145500,9.82,9.82,9.82,9.82,100,0
SCOA.US,5,20211104,150000,9.82,9.82,9.82,9.82,100,0
SCOA.US,5,20211104,151500,9.82,9.85,9.82,9.85,300,0
SCOA.US,5,20211104,154500,9.84,9.84,9.84,9.84,100,0
SCOA.US,5,20211104,155500,9.84,9.84,9.84,9.84,100,0
SCOA.US,5,20211104,160000,9.84,9.84,9.84,9.84,100,0
SCOA.US,5,20211104,162000,9.84,9.84,9.84,9.84,100,0
SCOA.US,5,20211104,164000,9.85,9.85,9.85,9.85,100,0
SCOA.US,5,20211104,171000,9.835,9.835,9.835,9.835,100,0
SCOA.US,5,20211104,172000,9.83,9.83,9.83,9.83,100,0
SCOA.US,5,20211104,173000,9.84,9.84,9.84,9.84,100,0
SCOA.US,5,20211104,174500,9.83,9.83,9.83,9.83,100,0
SCOA.US,5,20211104,175500,9.83,9.83,9.83,9.83,100,0
SCOA.US,5,20211104,180500,9.83,9.83,9.83,9.83,100,0
SCOA.US,5,20211104,181500,9.83,9.83,9.83,9.83,100,0
SCOA.US,5,20211104,182500,9.84,9.84,9.83,9.83,200,0
SCOA.US,5,20211104,183500,9.83,9.83,9.83,9.83,100,0
SCOA.US,5,20211104,184500,9.83,9.83,9.83,9.83,100,0
SCOA.US,5,20211104,185000,9.83,9.83,9.83,9.83,100,0
SCOA.US,5,20211104,190000,9.83,9.84,9.83,9.84,200,0
SCOA.US,5,20211104,190500,9.83,9.83,9.83,9.83,100,0
SCOA.US,5,20211104,191500,9.83,9.83,9.81,9.81,1095,0
SCOA.US,5,20211104,192000,9.82,9.82,9.82,9.82,249,0
SCOA.US,5,20211104,192500,9.83,9.83,9.83,9.83,100,0
SCOA.US,5,20211104,193500,9.83,9.83,9.83,9.83,100,0
SCOA.US,5,20211104,194000,9.83,9.83,9.83,9.83,200,0
SCOA.US,5,20211104,194500,9.83,9.83,9.83,9.83,200,0
SCOA.US,5,20211104,195000,9.83,9.83,9.82,9.82,200,0
SCOA.US,5,20211104,200500,9.83,9.83,9.83,9.83,100,0
SCOA.US,5,20211104,201000,9.83,9.83,9.83,9.83,200,0
SCOA.US,5,20211104,202500,9.81,9.84,9.81,9.84,1778,0
SCOA.US,5,20211104,203000,9.84,9.84,9.84,9.84,100,0
SCOA.US,5,20211104,203500,9.835,9.835,9.83,9.83,200,0
SCOA.US,5,20211104,204000,9.835,9.835,9.835,9.835,100,0
SCOA.US,5,20211104,204500,9.84,9.84,9.84,9.84,200,0
SCOA.US,5,20211104,205000,9.835,9.84,9.835,9.84,300,0
SCOA.US,5,20211104,205500,9.84,9.85,9.84,9.85,7886,0
SCOA.US,5,20211105,143000,9.855,9.855,9.855,9.855,100,0
SCOA.US,5,20211105,144000,9.85,9.85,9.85,9.85,100,0
SCOA.US,5,20211105,205500,9.81,9.81,9.81,9.81,149,0
SCOA.US,5,20211108,165500,9.81,9.81,9.81,9.81,100,0
SCOA.US,5,20211108,170500,9.81,9.81,9.81,9.81,100,0
SCOA.US,5,20211108,171000,9.81,9.81,9.81,9.81,100,0
SCOA.US,5,20211108,172000,9.81,9.81,9.81,9.81,200,0
SCOA.US,5,20211108,172500,9.85,9.85,9.81,9.81,200,0
SCOA.US,5,20211108,173500,9.81,9.81,9.81,9.81,100,0
SCOA.US,5,20211108,174000,9.81,9.81,9.81,9.81,100,0
SCOA.US,5,20211108,175000,9.81,9.81,9.81,9.81,100,0
SCOA.US,5,20211108,175500,9.81,9.81,9.81,9.81,400,0
SCOA.US,5,20211108,180500,9.81,9.81,9.81,9.81,200,0
SCOA.US,5,20211108,181000,9.84,9.84,9.81,9.81,400,0
SCOA.US,5,20211108,181500,9.81,9.81,9.81,9.81,200,0
SCOA.US,5,20211108,182500,9.83,9.83,9.81,9.81,400,0
SCOA.US,5,20211108,183000,9.81,9.81,9.81,9.81,200,0
SCOA.US,5,20211108,183500,9.83,9.83,9.81,9.81,200,0
SCOA.US,5,20211108,185500,9.81,9.81,9.81,9.81,200,0
SCOA.US,5,20211108,190000,9.81,9.81,9.81,9.81,400,0
SCOA.US,5,20211108,190500,9.81,9.81,9.81,9.81,300,0
SCOA.US,5,20211108,191000,9.81,9.83,9.81,9.83,200,0
SCOA.US,5,20211108,191500,9.81,9.81,9.81,9.81,101,0
SCOA.US,5,20211108,192000,9.81,9.81,9.81,9.81,400,0
SCOA.US,5,20211108,192500,9.82,9.82,9.82,9.82,100,0
SCOA.US,5,20211108,193500,9.81,9.81,9.81,9.81,600,0
SCOA.US,5,20211108,194000,9.81,9.82,9.81,9.81,300,0
SCOA.US,5,20211108,195000,9.81,9.81,9.81,9.81,400,0
SCOA.US,5,20211108,195500,9.81,9.81,9.81,9.81,299,0
SCOA.US,5,20211108,200000,9.81,9.82,9.81,9.81,400,0
SCOA.US,5,20211108,200500,9.81,9.81,9.81,9.81,300,0
SCOA.US,5,20211108,201000,9.81,9.81,9.81,9.81,400,0
SCOA.US,5,20211108,204000,9.81,9.81,9.81,9.81,100,0
SCOA.US,5,20211108,205000,9.8,9.8,9.8,9.8,258,0
SCOA.US,5,20211108,213000,9.805,9.805,9.8,9.8,400,0
SCOA.US,5,20211108,213500,9.8,9.8,9.8,9.8,300,0
SCOA.US,5,20211108,214000,9.8,9.8,9.8,9.8,601,0
SCOA.US,5,20211108,214500,9.805,9.805,9.8,9.8,700,0
SCOA.US,5,20211108,215000,9.8,9.805,9.79,9.79,7586,0
SCOA.US,5,20211108,215500,9.81,9.81,9.79,9.79,1249,0
SCOA.US,5,20211109,163500,9.8,9.8,9.8,9.8,300,0
SCOA.US,5,20211109,183000,9.8,9.8,9.8,9.8,944,0
SCOA.US,5,20211109,185000,9.8,9.8,9.8,9.8,5000,0
SCOA.US,5,20211109,190000,9.8,9.8,9.8,9.8,100,0
SCOA.US,5,20211109,191000,9.83,9.83,9.83,9.83,100,0
SCOA.US,5,20211109,192000,9.82,9.82,9.82,9.82,200,0
SCOA.US,5,20211109,193000,9.81,9.81,9.8,9.8,300,0
SCOA.US,5,20211109,195000,9.82,9.82,9.82,9.82,100,0
SCOA.US,5,20211109,202500,9.8,9.8,9.8,9.8,100,0
SCOA.US,5,20211109,204500,9.81,9.81,9.81,9.81,100,0
SCOA.US,5,20211109,212000,9.8,9.8,9.8,9.8,116822,0
SCOA.US,5,20211109,212500,9.8,9.8,9.8,9.8,1700,0
SCOA.US,5,20211109,213000,9.8,9.8,9.8,9.8,400,0
SCOA.US,5,20211109,215000,9.8,9.8,9.79,9.8,300,0
SCOA.US,5,20211109,215500,9.79,9.79,9.79,9.79,1614,0
SCOA.US,5,20211110,154000,9.79,9.79,9.79,9.79,50000,0
SCOA.US,5,20211110,155000,9.82,9.82,9.82,9.82,300,0
SCOA.US,5,20211110,155500,9.82,9.82,9.82,9.82,200,0
SCOA.US,5,20211110,160000,9.82,9.82,9.82,9.82,200,0
SCOA.US,5,20211110,160500,9.82,9.82,9.82,9.82,200,0
SCOA.US,5,20211110,161000,9.82,9.82,9.82,9.82,200,0
SCOA.US,5,20211110,161500,9.82,9.82,9.82,9.82,200,0
SCOA.US,5,20211110,162000,9.82,9.82,9.82,9.82,200,0
SCOA.US,5,20211110,162500,9.82,9.82,9.82,9.82,100,0
SCOA.US,5,20211110,163000,9.82,9.82,9.82,9.82,100,0
SCOA.US,5,20211110,163500,9.82,9.82,9.82,9.82,200,0
SCOA.US,5,20211110,164000,9.82,9.82,9.82,9.82,200,0
SCOA.US,5,20211110,164500,9.82,9.82,9.82,9.82,200,0
SCOA.US,5,20211110,165000,9.82,9.82,9.82,9.82,100,0
SCOA.US,5,20211110,165500,9.82,9.82,9.82,9.82,200,0
SCOA.US,5,20211110,170000,9.82,9.82,9.82,9.82,100,0
SCOA.US,5,20211110,170500,9.82,9.82,9.82,9.82,200,0
SCOA.US,5,20211110,171000,9.82,9.82,9.82,9.82,100,0
SCOA.US,5,20211110,171500,9.82,9.82,9.82,9.82,200,0
SCOA.US,5,20211110,172500,9.82,9.82,9.82,9.82,200,0
SCOA.US,5,20211110,173000,9.82,9.82,9.82,9.82,100,0
SCOA.US,5,20211110,173500,9.82,9.82,9.82,9.82,100,0
SCOA.US,5,20211110,174000,9.82,9.82,9.82,9.82,100,0
SCOA.US,5,20211110,174500,9.82,9.82,9.82,9.82,200,0
SCOA.US,5,20211110,175000,9.82,9.82,9.82,9.82,100,0
SCOA.US,5,20211110,175500,9.82,9.82,9.82,9.82,100,0
SCOA.US,5,20211110,180000,9.82,9.82,9.82,9.82,100,0
SCOA.US,5,20211110,180500,9.82,9.82,9.82,9.82,100,0
SCOA.US,5,20211110,181000,9.82,9.82,9.82,9.82,200,0
SCOA.US,5,20211110,181500,9.79,9.82,9.79,9.82,300,0
SCOA.US,5,20211110,182000,9.82,9.82,9.82,9.82,100,0
SCOA.US,5,20211110,182500,9.82,9.82,9.82,9.82,100,0
SCOA.US,5,20211110,183500,9.82,9.82,9.82,9.82,100,0
SCOA.US,5,20211110,184000,9.82,9.82,9.82,9.82,100,0
SCOA.US,5,20211110,184500,9.82,9.82,9.82,9.82,100,0
SCOA.US,5,20211110,185000,9.82,9.82,9.82,9.82,100,0
SCOA.US,5,20211110,190000,9.82,9.82,9.82,9.82,100,0
SCOA.US,5,20211110,190500,9.82,9.82,9.82,9.82,100,0
SCOA.US,5,20211110,194500,9.805,9.805,9.805,9.805,100,0
SCOA.US,5,20211110,195000,9.82,9.82,9.82,9.82,100,0
SCOA.US,5,20211110,201000,9.82,9.82,9.82,9.82,100,0
SCOA.US,5,20211110,215000,9.82,9.82,9.82,9.82,100,0
SCOA.US,5,20211111,161000,9.8,9.82,9.8,9.82,573898,0
SCOA.US,5,20211111,164500,9.8,9.8,9.8,9.8,47826,0
SCOA.US,5,20211111,165000,9.82,9.82,9.81,9.81,1100,0
SCOA.US,5,20211111,170000,9.81,9.81,9.81,9.81,300,0
SCOA.US,5,20211111,170500,9.81,9.81,9.81,9.81,500,0
SCOA.US,5,20211111,171000,9.81,9.81,9.81,9.81,500,0
SCOA.US,5,20211111,171500,9.81,9.81,9.81,9.81,500,0
SCOA.US,5,20211111,172000,9.81,9.81,9.81,9.81,700,0
SCOA.US,5,20211111,172500,9.81,9.81,9.81,9.81,400,0
SCOA.US,5,20211111,173000,9.81,9.81,9.81,9.81,200,0
SCOA.US,5,20211111,173500,9.81,9.81,9.81,9.81,200,0
SCOA.US,5,20211111,174000,9.81,9.81,9.81,9.81,100,0
SCOA.US,5,20211111,174500,9.81,9.81,9.79,9.8,500,0
SCOA.US,5,20211111,175500,9.81,9.81,9.81,9.81,200,0
SCOA.US,5,20211111,180000,9.81,9.81,9.81,9.81,100,0
SCOA.US,5,20211111,180500,9.81,9.81,9.81,9.81,100,0
SCOA.US,5,20211111,181000,9.81,9.81,9.81,9.81,100,0
SCOA.US,5,20211111,181500,9.8,9.81,9.8,9.81,229,0
SCOA.US,5,20211111,182000,9.81,9.81,9.81,9.81,100,0
SCOA.US,5,20211111,182500,9.81,9.81,9.81,9.81,100,0
SCOA.US,5,20211111,191500,9.8,9.8,9.79,9.8,633912,0
SCOA.US,5,20211111,192000,9.81,9.81,9.81,9.81,100,0
SCOA.US,5,20211111,192500,9.81,9.81,9.81,9.81,100,0
SCOA.US,5,20211111,210000,9.81,9.81,9.81,9.81,4088,0
SCOA.US,5,20211111,210500,9.81,9.81,9.81,9.81,400,0
SCOA.US,5,20211111,212000,9.8,9.8,9.8,9.8,400,0
SCOA.US,5,20211111,212500,9.8,9.8,9.8,9.8,300,0
SCOA.US,5,20211111,215000,9.79,9.79,9.79,9.79,600,0
SCOA.US,5,20211111,215500,9.8,9.8,9.78,9.8,1057,0
SCOA.US,5,20211112,162500,9.79,9.79,9.79,9.79,176,0
SCOA.US,5,20211112,163500,9.8,9.8,9.8,9.8,500,0
SCOA.US,5,20211112,164000,9.8,9.8,9.799,9.8,2133,0
SCOA.US,5,20211112,164500,9.8,9.8,9.8,9.8,3033,0
SCOA.US,5,20211112,165000,9.8,9.8,9.8,9.8,4301,0
SCOA.US,5,20211112,165500,9.81,9.81,9.81,9.81,400,0
SCOA.US,5,20211112,170500,9.79,9.79,9.79,9.79,100,0
SCOA.US,5,20211112,172000,9.82,9.82,9.82,9.82,100,0
SCOA.US,5,20211112,174500,9.82,9.82,9.81,9.82,600,0
SCOA.US,5,20211112,175000,9.82,9.82,9.82,9.82,3194,0
SCOA.US,5,20211112,175500,9.82,9.83,9.81,9.83,2598,0
SCOA.US,5,20211112,180000,9.83,9.83,9.83,9.83,900,0
SCOA.US,5,20211112,181000,9.8001,9.8001,9.8001,9.8001,200,0
SCOA.US,5,20211112,182500,9.8,9.81,9.8,9.8,1800,0
SCOA.US,5,20211112,183000,9.8,9.8,9.8,9.8,2900,0
SCOA.US,5,20211112,184000,9.8,9.8,9.8,9.8,100,0
SCOA.US,5,20211112,184500,9.81,9.81,9.8,9.8,800,0
SCOA.US,5,20211112,185000,9.8,9.81,9.8,9.8,500,0
SCOA.US,5,20211112,190000,9.8,9.8,9.8,9.8,133,0
SCOA.US,5,20211112,190500,9.8,9.8,9.8,9.8,200,0
SCOA.US,5,20211112,191000,9.8,9.8,9.8,9.8,233,0
SCOA.US,5,20211112,191500,9.8,9.8,9.8,9.8,100,0
SCOA.US,5,20211112,192500,9.8,9.8,9.8,9.8,100,0
SCOA.US,5,20211112,193000,9.8,9.8,9.8,9.8,200,0
SCOA.US,5,20211112,193500,9.805,9.82,9.805,9.82,300,0
SCOA.US,5,20211112,194000,9.81,9.82,9.81,9.82,2934,0
SCOA.US,5,20211112,194500,9.83,9.83,9.83,9.83,1916,0
SCOA.US,5,20211112,195000,9.83,9.83,9.83,9.83,1500,0
SCOA.US,5,20211112,200500,9.8278,9.8278,9.8278,9.8278,150,0
SCOA.US,5,20211112,210000,9.83,9.84,9.83,9.84,1402,0
SCOA.US,5,20211112,210500,9.84,9.84,9.82,9.82,3499,0
SCOA.US,5,20211112,211000,9.825,9.825,9.825,9.825,1500,0
SCOA.US,5,20211112,211500,9.82,9.84,9.82,9.8225,4504,0
SCOA.US,5,20211112,213000,9.81,9.81,9.81,9.81,100,0
SCOA.US,5,20211112,215500,9.809,9.809,9.8,9.8,1037,0
SCOA.US,5,20211115,153000,9.82,9.82,9.81,9.81,1300,0
SCOA.US,5,20211115,154000,9.805,9.805,9.805,9.805,300,0
SCOA.US,5,20211115,154500,9.805,9.805,9.805,9.805,400,0
SCOA.US,5,20211115,155000,9.805,9.805,9.805,9.805,100,0
SCOA.US,5,20211115,155500,9.805,9.805,9.8,9.8,338,0
SCOA.US,5,20211115,160500,9.81,9.81,9.81,9.81,100,0
SCOA.US,5,20211115,161000,9.81,9.81,9.81,9.81,200,0
SCOA.US,5,20211115,161500,9.81,9.81,9.79,9.79,100600,0
SCOA.US,5,20211115,162000,9.79,9.79,9.79,9.79,81266,0
SCOA.US,5,20211115,163000,9.79,9.79,9.79,9.79,600,0
SCOA.US,5,20211115,165000,9.79,9.79,9.79,9.79,500,0
SCOA.US,5,20211115,165500,9.8,9.8,9.788,9.788,200,0
SCOA.US,5,20211115,170500,9.785,9.785,9.785,9.785,400,0
SCOA.US,5,20211115,171000,9.79,9.79,9.79,9.79,100,0
SCOA.US,5,20211115,171500,9.785,9.785,9.785,9.785,200,0
SCOA.US,5,20211115,172000,9.785,9.785,9.785,9.785,200,0
SCOA.US,5,20211115,173500,9.79,9.79,9.79,9.79,100,0
SCOA.US,5,20211115,174000,9.79,9.79,9.79,9.79,200,0
SCOA.US,5,20211115,175000,9.79,9.79,9.79,9.79,100,0
SCOA.US,5,20211115,180500,9.79,9.79,9.79,9.79,100,0
SCOA.US,5,20211115,181500,9.79,9.79,9.79,9.79,100,0
SCOA.US,5,20211115,182500,9.79,9.79,9.79,9.79,100,0
SCOA.US,5,20211115,183000,9.79,9.79,9.79,9.79,1105,0
SCOA.US,5,20211115,183500,9.79,9.79,9.79,9.79,200,0
SCOA.US,5,20211115,184000,9.79,9.79,9.79,9.79,100,0
SCOA.US,5,20211115,184500,9.79,9.79,9.79,9.79,200,0
SCOA.US,5,20211115,185000,9.79,9.79,9.79,9.79,100,0
SCOA.US,5,20211115,185500,9.79,9.79,9.79,9.79,100,0
SCOA.US,5,20211115,190000,9.79,9.79,9.79,9.79,1100,0
SCOA.US,5,20211115,190500,9.79,9.79,9.79,9.79,100,0
SCOA.US,5,20211115,191000,9.79,9.79,9.79,9.79,100,0
SCOA.US,5,20211115,191500,9.79,9.79,9.79,9.79,200,0
SCOA.US,5,20211115,192000,9.79,9.79,9.79,9.79,100,0
SCOA.US,5,20211115,192500,9.79,9.79,9.79,9.79,100,0
SCOA.US,5,20211115,193500,9.79,9.79,9.79,9.79,100,0
SCOA.US,5,20211115,194000,9.79,9.79,9.79,9.79,100,0
SCOA.US,5,20211115,194500,9.79,9.79,9.79,9.79,2010,0
SCOA.US,5,20211115,195500,9.79,9.79,9.79,9.79,100,0
SCOA.US,5,20211115,200500,9.79,9.79,9.79,9.79,100,0
SCOA.US,5,20211115,201500,9.79,9.79,9.79,9.79,100,0
SCOA.US,5,20211115,202000,9.79,9.79,9.79,9.79,100,0
SCOA.US,5,20211115,203500,9.79,9.79,9.79,9.79,100,0
SCOA.US,5,20211115,204000,9.79,9.79,9.79,9.79,100,0
SCOA.US,5,20211115,205000,9.79,9.79,9.79,9.79,100,0
SCOA.US,5,20211115,205500,9.79,9.79,9.79,9.79,100,0
SCOA.US,5,20211115,210500,9.785,9.79,9.785,9.79,3300,0
SCOA.US,5,20211115,211500,9.8,9.8,9.8,9.8,200,0
SCOA.US,5,20211115,212000,9.79,9.79,9.79,9.79,500,0
SCOA.US,5,20211115,212500,9.79,9.79,9.79,9.79,200,0
SCOA.US,5,20211115,213500,9.785,9.79,9.785,9.79,200,0
SCOA.US,5,20211115,214000,9.785,9.785,9.785,9.785,200,0
SCOA.US,5,20211115,214500,9.79,9.79,9.785,9.785,400,0
SCOA.US,5,20211115,215000,9.785,9.79,9.785,9.785,900,0
SCOA.US,5,20211115,215500,9.785,9.79,9.78,9.79,3422,0
SCOA.US,5,20211116,153000,9.78,9.78,9.78,9.78,102,0
SCOA.US,5,20211116,165500,9.795,9.795,9.795,9.795,100,0
SCOA.US,5,20211116,171500,9.795,9.795,9.795,9.795,100,0
SCOA.US,5,20211116,183500,9.78,9.78,9.78,9.78,29728,0
SCOA.US,5,20211116,184000,9.79,9.79,9.79,9.79,100,0
SCOA.US,5,20211116,185000,9.79,9.79,9.79,9.79,100,0
SCOA.US,5,20211116,185500,9.79,9.79,9.79,9.79,100,0
SCOA.US,5,20211116,190000,9.79,9.79,9.79,9.79,100,0
SCOA.US,5,20211116,191000,9.79,9.79,9.79,9.79,100,0
SCOA.US,5,20211116,191500,9.79,9.79,9.79,9.79,100,0
SCOA.US,5,20211116,192000,9.79,9.79,9.79,9.79,100,0
SCOA.US,5,20211116,192500,9.79,9.79,9.79,9.79,100,0
SCOA.US,5,20211116,193000,9.79,9.79,9.79,9.79,100,0
SCOA.US,5,20211116,194000,9.79,9.79,9.79,9.79,100,0
SCOA.US,5,20211116,194500,9.79,9.79,9.79,9.79,100,0
SCOA.US,5,20211116,195000,9.79,9.79,9.79,9.79,100,0
SCOA.US,5,20211116,195500,9.79,9.79,9.79,9.79,100,0
SCOA.US,5,20211116,200000,9.79,9.79,9.79,9.79,100,0
SCOA.US,5,20211116,200500,9.79,9.79,9.79,9.79,100,0
SCOA.US,5,20211116,201000,9.79,9.79,9.79,9.79,23200,0
SCOA.US,5,20211116,201500,9.8,9.8,9.8,9.8,100,0
SCOA.US,5,20211116,202500,9.8,9.8,9.79,9.79,200,0
SCOA.US,5,20211116,204500,9.8,9.8,9.8,9.8,100,0
SCOA.US,5,20211116,210500,9.8,9.8,9.8,9.8,100,0
SCOA.US,5,20211116,212000,9.8,9.8,9.8,9.8,100,0
SCOA.US,5,20211116,213500,9.8,9.8,9.8,9.8,100,0
SCOA.US,5,20211116,214500,9.8,9.8,9.8,9.8,100,0
SCOA.US,5,20211116,215000,9.8,9.8,9.8,9.8,100,0
SCOA.US,5,20211116,215500,9.8,9.8,9.8,9.8,200,0
SCOA.US,5,20211117,170500,9.79,9.795,9.79,9.795,315,0
SCOA.US,5,20211117,172500,9.79,9.79,9.79,9.79,100,0
SCOA.US,5,20211117,181500,9.79,9.8,9.79,9.8,1164,0
SCOA.US,5,20211117,192000,9.79,9.8,9.79,9.8,783,0
SCOA.US,5,20211117,192500,9.79,9.8,9.79,9.8,1530,0
SCOA.US,5,20211117,194500,9.79,9.795,9.79,9.795,300,0
SCOA.US,5,20211117,200000,9.79,9.79,9.79,9.79,100,0
SCOA.US,5,20211117,203500,9.79,9.79,9.79,9.79,47767,0
SCOA.US,5,20211117,211000,9.78,9.78,9.78,9.78,49355,0
SCOA.US,5,20211117,211500,9.79,9.79,9.785,9.79,15733,0
SCOA.US,5,20211117,213000,9.79,9.79,9.79,9.79,36263,0
SCOA.US,5,20211117,214000,9.79,9.79,9.79,9.79,1700,0
SCOA.US,5,20211117,214500,9.795,9.795,9.795,9.795,100,0
SCOA.US,5,20211117,215000,9.79,9.79,9.79,9.79,300,0
SCOA.US,5,20211117,215500,9.79,9.79,9.79,9.79,5694,0
SCOA.US,5,20211118,153000,9.78,9.78,9.78,9.78,100,0
SCOA.US,5,20211118,175500,9.78,9.78,9.78,9.78,176,0
SCOA.US,5,20211118,190500,9.78,9.78,9.78,9.78,769,0
SCOA.US,5,20211118,192500,9.78,9.78,9.78,9.78,5339,0
SCOA.US,5,20211118,194000,9.78,9.78,9.78,9.78,300,0
SCOA.US,5,20211118,194500,9.78,9.78,9.78,9.78,300,0
SCOA.US,5,20211118,195500,9.78,9.78,9.78,9.78,300,0
SCOA.US,5,20211118,200000,9.78,9.78,9.78,9.78,100,0
SCOA.US,5,20211118,200500,9.78,9.78,9.78,9.78,200,0
SCOA.US,5,20211118,201000,9.78,9.78,9.78,9.78,200,0
SCOA.US,5,20211118,201500,9.78,9.78,9.78,9.78,117,0
SCOA.US,5,20211118,202000,9.78,9.78,9.78,9.78,100,0
SCOA.US,5,20211118,202500,9.78,9.78,9.78,9.78,400,0
SCOA.US,5,20211118,203500,9.78,9.78,9.78,9.78,100,0
SCOA.US,5,20211118,204000,9.78,9.78,9.78,9.78,400,0
SCOA.US,5,20211118,204500,9.78,9.78,9.78,9.78,300,0
SCOA.US,5,20211118,205000,9.78,9.78,9.78,9.78,300,0
SCOA.US,5,20211118,205500,9.78,9.78,9.78,9.78,100,0
SCOA.US,5,20211118,210000,9.78,9.78,9.78,9.78,100,0
SCOA.US,5,20211118,210500,9.78,9.78,9.78,9.78,300,0
SCOA.US,5,20211118,211500,9.78,9.78,9.78,9.78,500,0
SCOA.US,5,20211118,212000,9.78,9.78,9.78,9.78,200,0
SCOA.US,5,20211118,212500,9.78,9.78,9.78,9.78,100,0
SCOA.US,5,20211118,213000,9.78,9.78,9.78,9.78,600,0
SCOA.US,5,20211118,214000,9.78,9.78,9.78,9.78,200,0
SCOA.US,5,20211118,214500,9.78,9.78,9.78,9.78,800,0
SCOA.US,5,20211118,215000,9.78,9.78,9.78,9.78,1000,0
SCOA.US,5,20211119,155500,9.7755,9.7755,9.7755,9.7755,100,0
SCOA.US,5,20211119,162500,9.78,9.78,9.78,9.78,100,0
SCOA.US,5,20211119,175000,9.772,9.78,9.772,9.78,3644,0
SCOA.US,5,20211119,180000,9.78,9.78,9.78,9.78,600,0
SCOA.US,5,20211119,181500,9.78,9.78,9.78,9.78,100,0
SCOA.US,5,20211119,183000,9.78,9.78,9.78,9.78,400,0
SCOA.US,5,20211119,185000,9.78,9.78,9.78,9.78,100,0
SCOA.US,5,20211119,192000,9.7701,9.7701,9.7701,9.7701,300,0
SCOA.US,5,20211119,193000,9.77,9.775,9.77,9.775,10600,0
SCOA.US,5,20211119,194500,9.775,9.775,9.775,9.775,100,0
SCOA.US,5,20211119,195000,9.775,9.775,9.775,9.775,100,0
SCOA.US,5,20211119,202500,9.78,9.78,9.78,9.78,100,0
SCOA.US,5,20211119,205000,9.78,9.78,9.78,9.78,100,0
SCOA.US,5,20211119,210500,9.775,9.775,9.775,9.775,100,0
SCOA.US,5,20211119,211000,9.775,9.775,9.775,9.775,100,0
SCOA.US,5,20211119,211500,9.78,9.78,9.78,9.78,100,0
SCOA.US,5,20211119,212000,9.78,9.78,9.78,9.78,100,0
SCOA.US,5,20211119,212500,9.78,9.78,9.78,9.78,200,0
SCOA.US,5,20211119,213000,9.78,9.78,9.78,9.78,200,0
SCOA.US,5,20211119,213500,9.78,9.78,9.78,9.78,300,0
SCOA.US,5,20211119,214000,9.78,9.78,9.78,9.78,200,0
SCOA.US,5,20211119,214500,9.78,9.78,9.78,9.78,300,0
SCOA.US,5,20211119,215000,9.78,9.78,9.78,9.78,200,0
SCOA.US,5,20211119,215500,9.79,9.79,9.77,9.78,1155,0
SCOA.US,5,20211122,153000,9.8,9.8,9.8,9.8,61142,0
SCOA.US,5,20211122,155500,9.79,9.81,9.79,9.81,2323,0
SCOA.US,5,20211122,162000,9.7902,9.7902,9.7902,9.7902,300,0
SCOA.US,5,20211122,180000,9.79,9.7901,9.79,9.7901,1756,0
SCOA.US,5,20211122,214500,9.7981,9.7981,9.7981,9.7981,257,0
SCOA.US,5,20211122,215500,9.8,9.8,9.8,9.8,280,0
SCOA.US,5,20211123,154500,9.795,9.795,9.795,9.795,6900,0
SCOA.US,5,20211123,170500,9.78,9.78,9.78,9.78,100,0
SCOA.US,5,20211123,193500,9.78,9.8,9.76,9.8,341012,0
SCOA.US,5,20211123,201500,9.78,9.79,9.78,9.79,50295,0
SCOA.US,5,20211123,215000,9.77,9.77,9.77,9.77,6903,0
SCOA.US,5,20211123,215500,9.76,9.76,9.76,9.76,1600,0
SCOA.US,5,20211124,153000,9.8,9.8,9.8,9.8,1122,0
SCOA.US,5,20211124,204000,9.8,9.8,9.8,9.8,1800,0
SCOA.US,5,20211124,204500,9.79,9.79,9.79,9.79,2000,0
SCOA.US,5,20211124,215500,9.7601,9.7601,9.7601,9.7601,100,0
SCOA.US,5,20211126,153000,9.78,9.78,9.76,9.77,3039,0
SCOA.US,5,20211126,160500,9.77,9.77,9.77,9.77,17075,0
SCOA.US,5,20211126,162500,9.75,9.75,9.75,9.75,100,0
SCOA.US,5,20211126,165500,9.77,9.77,9.77,9.77,31034,0
SCOA.US,5,20211126,170000,9.77,9.77,9.77,9.77,400,0
SCOA.US,5,20211126,182000,9.77,9.77,9.77,9.77,14683,0
SCOA.US,5,20211126,184500,9.75,9.75,9.75,9.75,900,0
SCOA.US,5,20211129,153000,9.79,9.79,9.75,9.77,41684,0
SCOA.US,5,20211129,154000,9.78,9.78,9.77,9.77,16100,0
SCOA.US,5,20211129,161000,9.79,9.79,9.79,9.79,100,0
SCOA.US,5,20211129,162000,9.79,9.79,9.79,9.79,100,0
SCOA.US,5,20211129,163000,9.77,9.79,9.77,9.79,340099,0
SCOA.US,5,20211129,164500,9.79,9.79,9.79,9.79,100,0
SCOA.US,5,20211129,165500,9.79,9.79,9.79,9.79,100,0
SCOA.US,5,20211129,170000,9.78,9.78,9.78,9.78,200000,0
SCOA.US,5,20211129,171000,9.79,9.79,9.79,9.79,100,0
SCOA.US,5,20211129,172500,9.79,9.79,9.79,9.79,5165,0
SCOA.US,5,20211129,174000,9.79,9.79,9.79,9.79,1700,0
SCOA.US,5,20211129,181000,9.8,9.8,9.8,9.8,100,0
SCOA.US,5,20211129,182000,9.79,9.79,9.79,9.79,500,0
SCOA.US,5,20211129,183000,9.8,9.8,9.8,9.8,100,0
SCOA.US,5,20211129,184500,9.8,9.8,9.8,9.8,100,0
SCOA.US,5,20211129,190000,9.8,9.8,9.8,9.8,100,0
SCOA.US,5,20211129,192000,9.8,9.8,9.8,9.8,100,0
SCOA.US,5,20211129,193500,9.8,9.8,9.8,9.8,100,0
SCOA.US,5,20211129,194000,9.79,9.79,9.76,9.76,43331,0
SCOA.US,5,20211129,203000,9.8,9.8,9.8,9.8,100,0
SCOA.US,5,20211129,204500,9.8,9.8,9.8,9.8,100,0
SCOA.US,5,20211129,210000,9.8,9.8,9.8,9.8,100,0
SCOA.US,5,20211129,211500,9.8,9.8,9.8,9.8,100,0
SCOA.US,5,20211129,215500,9.8,9.8,9.8,9.8,100,0
SCOA.US,5,20211130,170000,9.78,9.78,9.78,9.78,4153,0
SCOA.US,5,20211130,194500,9.78,9.78,9.78,9.78,720,0
SCOA.US,5,20211130,205500,9.79,9.79,9.79,9.79,7386,0
SCOA.US,5,20211130,212000,9.8,9.8,9.8,9.8,100,0
SCOA.US,5,20211130,212500,9.8,9.8,9.8,9.8,100,0
SCOA.US,5,20211130,213000,9.79,9.79,9.79,9.79,100,0
SCOA.US,5,20211130,213500,9.79,9.79,9.79,9.79,100,0
SCOA.US,5,20211130,214000,9.79,9.79,9.79,9.79,100,0
SCOA.US,5,20211130,214500,9.8,9.8,9.8,9.8,300,0
SCOA.US,5,20211130,215000,9.8,9.8,9.8,9.8,400,0
SCOA.US,5,20211130,215500,9.8,9.8,9.78,9.78,2989,0
SCOA.US,5,20211201,153000,9.8,9.8,9.785,9.785,74041,0
SCOA.US,5,20211201,163500,9.78,9.78,9.78,9.78,400,0
SCOA.US,5,20211201,175500,9.77,9.78,9.77,9.78,13700,0
SCOA.US,5,20211201,185500,9.79,9.79,9.79,9.79,100,0
SCOA.US,5,20211201,210500,9.79,9.79,9.785,9.785,10737,0
SCOA.US,5,20211201,213000,9.785,9.785,9.785,9.785,100,0
SCOA.US,5,20211201,214500,9.77,9.77,9.77,9.77,100,0
SCOA.US,5,20211202,174000,9.77,9.77,9.77,9.77,6400,0
SCOA.US,5,20211202,180500,9.77,9.77,9.77,9.77,91104,0
SCOA.US,5,20211202,182000,9.8,9.8,9.8,9.8,105,0
SCOA.US,5,20211202,194000,9.7701,9.8,9.77,9.8,1476,0
SCOA.US,5,20211202,204000,9.77,9.77,9.77,9.77,90000,0
SCOA.US,5,20211202,212000,9.785,9.785,9.785,9.785,105,0
SCOA.US,5,20211202,214000,9.785,9.785,9.785,9.785,100,0
SCOA.US,5,20211202,215500,9.77,9.785,9.77,9.785,400,0
SCOA.US,5,20211203,202000,9.7603,9.7603,9.7603,9.7603,200,0
SCOA.US,5,20211203,205500,9.77,9.785,9.76,9.785,894,0
SCOA.US,5,20211203,215500,9.8,9.8,9.8,9.8,200,0
SCOA.US,5,20211206,153500,9.79,9.79,9.77,9.77,900,0
SCOA.US,5,20211206,205500,9.785,9.785,9.785,9.785,300,0
SCOA.US,5,20211206,210000,9.77,9.77,9.77,9.77,700,0
SCOA.US,5,20211206,210500,9.77,9.77,9.77,9.77,1500,0
SCOA.US,5,20211206,211000,9.77,9.77,9.77,9.77,2300,0
SCOA.US,5,20211206,212000,9.77,9.77,9.77,9.77,4499,0
SCOA.US,5,20211206,213000,9.78,9.78,9.78,9.78,100,0
SCOA.US,5,20211206,213500,9.77,9.77,9.77,9.77,4742,0
SCOA.US,5,20211206,214000,9.77,9.77,9.77,9.77,1700,0
SCOA.US,5,20211206,214500,9.77,9.77,9.77,9.77,1200,0
SCOA.US,5,20211206,215000,9.77,9.77,9.77,9.77,1388,0
SCOA.US,5,20211206,215500,9.77,9.77,9.77,9.77,1505,0
SCOA.US,5,20211207,155000,9.76,9.76,9.76,9.76,884,0
SCOA.US,5,20211207,174000,9.78,9.79,9.78,9.79,514,0
SCOA.US,5,20211207,195500,9.79,9.79,9.79,9.79,7100,0
SCOA.US,5,20211207,215500,9.79,9.79,9.79,9.79,200,0
SCOA.US,5,20211208,160000,9.77,9.77,9.77,9.77,100,0
SCOA.US,5,20211208,201000,9.77,9.77,9.77,9.77,1000,0
SCOA.US,5,20211208,213500,9.77,9.77,9.77,9.77,999,0
SCOA.US,5,20211208,215000,9.77,9.77,9.77,9.77,1888,0
SCOA.US,5,20211208,215500,9.79,9.79,9.79,9.79,1376,0
SCOA.US,5,20211209,190000,9.79,9.79,9.79,9.79,661,0
SCOA.US,5,20211209,192000,9.7601,9.7601,9.7601,9.7601,100,0
SCOA.US,5,20211209,214000,9.78,9.78,9.78,9.78,100,0
SCOA.US,5,20211209,215000,9.78,9.78,9.78,9.78,100,0
SCOA.US,5,20211209,215500,9.77,9.77,9.77,9.77,100,0
SCOA.US,5,20211210,154500,9.76,9.76,9.76,9.76,200,0
SCOA.US,5,20211210,171000,9.76,9.76,9.76,9.76,4883,0
SCOA.US,5,20211210,171500,9.76,9.76,9.75,9.76,86219,0
SCOA.US,5,20211210,183000,9.76,9.76,9.76,9.76,1038,0
SCOA.US,5,20211210,183500,9.76,9.76,9.76,9.76,100,0
SCOA.US,5,20211210,184000,9.76,9.76,9.76,9.76,100,0
SCOA.US,5,20211210,184500,9.76,9.76,9.76,9.76,200,0
SCOA.US,5,20211210,185000,9.76,9.76,9.76,9.76,200,0
SCOA.US,5,20211210,185500,9.76,9.76,9.76,9.76,100,0
SCOA.US,5,20211210,190500,9.765,9.77,9.765,9.77,2090,0
SCOA.US,5,20211210,194000,9.7699,9.77,9.7698,9.77,4800,0
SCOA.US,5,20211210,194500,9.7699,9.7699,9.7699,9.7699,800,0
SCOA.US,5,20211210,202500,9.7699,9.7699,9.7689,9.7689,1750,0
SCOA.US,5,20211210,215500,9.76,9.76,9.76,9.76,148,0
SCOA.US,5,20211213,154500,9.76,9.76,9.76,9.76,300,0
SCOA.US,5,20211213,173000,9.76,9.76,9.76,9.76,2460,0
SCOA.US,5,20211213,174000,9.75,9.75,9.75,9.75,100,0
SCOA.US,5,20211213,180000,9.75,9.75,9.75,9.75,33155,0
SCOA.US,5,20211213,195500,9.75,9.75,9.75,9.75,500846,0
SCOA.US,5,20211213,200500,9.7501,9.7501,9.7501,9.7501,499,0
SCOA.US,5,20211213,211000,9.755,9.76,9.755,9.76,5119,0
SCOA.US,5,20211213,213000,9.75,9.76,9.75,9.75,29195,0
SCOA.US,5,20211213,213500,9.75,9.75,9.74,9.74,2500,0
SCOA.US,5,20211213,214500,9.745,9.75,9.745,9.75,1000,0
SCOA.US,5,20211213,215000,9.74,9.74,9.74,9.74,779,0
SCOA.US,5,20211213,215500,9.75,9.75,9.73,9.73,640,0
SCOA.US,5,20211214,160500,9.74,9.74,9.74,9.74,5000,0
SCOA.US,5,20211214,161000,9.74,9.74,9.74,9.74,100,0
SCOA.US,5,20211214,162000,9.74,9.74,9.74,9.74,100,0
SCOA.US,5,20211214,163000,9.75,9.75,9.74,9.74,1335512,0
SCOA.US,5,20211214,163500,9.74,9.74,9.74,9.74,100,0
SCOA.US,5,20211214,164500,9.74,9.75,9.74,9.75,6613,0
SCOA.US,5,20211214,165500,9.75,9.75,9.75,9.75,100,0
SCOA.US,5,20211214,171000,9.75,9.75,9.75,9.75,100,0
SCOA.US,5,20211214,172000,9.7484,9.7484,9.7484,9.7484,600,0
SCOA.US,5,20211214,173000,9.74,9.74,9.74,9.74,800,0
SCOA.US,5,20211214,173500,9.75,9.75,9.75,9.75,100,0
SCOA.US,5,20211214,174000,9.74,9.74,9.74,9.74,34600,0
SCOA.US,5,20211214,182000,9.75,9.75,9.75,9.75,100,0
SCOA.US,5,20211214,184500,9.75,9.75,9.75,9.75,100,0
SCOA.US,5,20211214,191500,9.75,9.75,9.75,9.75,100,0
SCOA.US,5,20211214,194000,9.75,9.75,9.75,9.75,100,0
SCOA.US,5,20211214,200500,9.75,9.75,9.75,9.75,100,0
SCOA.US,5,20211214,203000,9.75,9.75,9.75,9.75,100,0
SCOA.US,5,20211214,205500,9.75,9.75,9.75,9.75,100,0
SCOA.US,5,20211214,211500,9.74,9.74,9.73,9.73,400,0
SCOA.US,5,20211214,213500,9.74,9.74,9.74,9.74,100,0
SCOA.US,5,20211214,214500,9.74,9.75,9.74,9.75,200,0
SCOA.US,5,20211214,215500,9.75,9.75,9.75,9.75,100,0
SCOA.US,5,20211215,153000,9.75,9.75,9.74,9.75,1000,0
SCOA.US,5,20211215,153500,9.75,9.75,9.75,9.75,500,0
SCOA.US,5,20211215,163500,9.75,9.75,9.75,9.75,400,0
SCOA.US,5,20211215,171000,9.76,9.76,9.76,9.76,263,0
SCOA.US,5,20211215,194500,9.7401,9.7401,9.7401,9.7401,400,0
SCOA.US,5,20211215,210500,9.75,9.75,9.75,9.75,1100,0
SCOA.US,5,20211215,215000,9.76,9.76,9.76,9.76,100,0
SCOA.US,5,20211215,215500,9.76,9.76,9.75,9.75,300,0
SCOA.US,5,20211216,153000,9.75,9.75,9.74,9.74,519,0
SCOA.US,5,20211216,154000,9.75,9.75,9.75,9.75,100,0
SCOA.US,5,20211216,154500,9.75,9.75,9.75,9.75,300,0
SCOA.US,5,20211216,155000,9.75,9.75,9.75,9.75,3600,0
SCOA.US,5,20211216,155500,9.75,9.75,9.74,9.74,22692,0
SCOA.US,5,20211216,160000,9.74,9.75,9.74,9.74,7300,0
SCOA.US,5,20211216,161000,9.74,9.74,9.74,9.74,400,0
SCOA.US,5,20211216,161500,9.74,9.74,9.74,9.74,500,0
SCOA.US,5,20211216,162000,9.74,9.74,9.74,9.74,800,0
SCOA.US,5,20211216,162500,9.74,9.74,9.74,9.74,1100,0
SCOA.US,5,20211216,163000,9.74,9.74,9.74,9.74,700,0
SCOA.US,5,20211216,163500,9.74,9.74,9.74,9.74,700,0
SCOA.US,5,20211216,164500,9.74,9.74,9.74,9.74,200,0
SCOA.US,5,20211216,165000,9.74,9.74,9.74,9.74,700,0
SCOA.US,5,20211216,165500,9.74,9.74,9.74,9.74,1100,0
SCOA.US,5,20211216,170000,9.74,9.74,9.74,9.74,1200,0
SCOA.US,5,20211216,170500,9.74,9.74,9.74,9.74,1100,0
SCOA.US,5,20211216,171000,9.74,9.74,9.74,9.74,1300,0
SCOA.US,5,20211216,171500,9.74,9.74,9.74,9.74,1000,0
SCOA.US,5,20211216,172000,9.74,9.74,9.74,9.74,1257,0
SCOA.US,5,20211216,174000,9.74,9.74,9.74,9.74,600,0
SCOA.US,5,20211216,175000,9.74,9.74,9.74,9.74,300,0
SCOA.US,5,20211216,175500,9.74,9.74,9.74,9.74,200,0
SCOA.US,5,20211216,180000,9.74,9.74,9.74,9.74,100,0
SCOA.US,5,20211216,180500,9.74,9.74,9.74,9.74,300,0
SCOA.US,5,20211216,181000,9.74,9.74,9.74,9.74,200,0
SCOA.US,5,20211216,181500,9.74,9.74,9.74,9.74,200,0
SCOA.US,5,20211216,182000,9.74,9.74,9.74,9.74,200,0
SCOA.US,5,20211216,182500,9.74,9.74,9.74,9.74,600,0
SCOA.US,5,20211216,184000,9.74,9.74,9.74,9.74,3499,0
SCOA.US,5,20211216,184500,9.74,9.74,9.74,9.74,200,0
SCOA.US,5,20211216,185000,9.74,9.74,9.74,9.74,200,0
SCOA.US,5,20211216,185500,9.74,9.74,9.74,9.74,1100,0
SCOA.US,5,20211216,190000,9.74,9.74,9.74,9.74,1300,0
SCOA.US,5,20211216,190500,9.74,9.74,9.74,9.74,1300,0
SCOA.US,5,20211216,191000,9.74,9.74,9.74,9.74,1300,0
SCOA.US,5,20211216,191500,9.74,9.74,9.74,9.74,1300,0
SCOA.US,5,20211216,192000,9.74,9.745,9.74,9.74,2000,0
SCOA.US,5,20211216,192500,9.74,9.74,9.74,9.74,1400,0
SCOA.US,5,20211216,193000,9.74,9.74,9.74,9.74,1500,0
SCOA.US,5,20211216,193500,9.74,9.74,9.74,9.74,1500,0
SCOA.US,5,20211216,194500,9.74,9.74,9.74,9.74,200,0
SCOA.US,5,20211216,195000,9.74,9.74,9.74,9.74,200,0
SCOA.US,5,20211216,195500,9.74,9.74,9.74,9.74,100,0
SCOA.US,5,20211216,200000,9.74,9.74,9.74,9.74,200,0
SCOA.US,5,20211216,200500,9.74,9.74,9.74,9.74,200,0
SCOA.US,5,20211216,201000,9.74,9.74,9.74,9.74,200,0
SCOA.US,5,20211216,201500,9.74,9.74,9.74,9.74,200,0
SCOA.US,5,20211216,202000,9.74,9.74,9.74,9.74,200,0
SCOA.US,5,20211216,202500,9.74,9.74,9.74,9.74,200,0
SCOA.US,5,20211216,203000,9.74,9.74,9.74,9.74,100,0
SCOA.US,5,20211216,203500,9.74,9.74,9.74,9.74,200,0
SCOA.US,5,20211216,204000,9.74,9.74,9.74,9.74,200,0
SCOA.US,5,20211216,204500,9.74,9.74,9.74,9.74,600,0
SCOA.US,5,20211216,205000,9.74,9.74,9.74,9.74,700,0
SCOA.US,5,20211216,205500,9.74,9.74,9.74,9.74,800,0
SCOA.US,5,20211216,210000,9.74,9.74,9.74,9.74,700,0
SCOA.US,5,20211216,210500,9.74,9.74,9.74,9.74,1100,0
SCOA.US,5,20211216,211000,9.74,9.74,9.74,9.74,800,0
SCOA.US,5,20211216,211500,9.74,9.74,9.74,9.74,900,0
SCOA.US,5,20211216,212000,9.74,9.74,9.74,9.74,800,0
SCOA.US,5,20211216,212500,9.74,9.74,9.74,9.74,900,0
SCOA.US,5,20211216,213000,9.74,9.74,9.74,9.74,900,0
SCOA.US,5,20211216,213500,9.74,9.74,9.74,9.74,1100,0
SCOA.US,5,20211216,214000,9.745,9.745,9.74,9.74,1000,0
SCOA.US,5,20211216,214500,9.74,9.74,9.74,9.74,1700,0
SCOA.US,5,20211216,215000,9.74,9.74,9.74,9.74,2800,0
SCOA.US,5,20211216,215500,9.74,9.74,9.74,9.74,5411,0
SCOA.US,5,20211217,153500,9.74,9.74,9.74,9.74,956,0
SCOA.US,5,20211217,154000,9.74,9.74,9.74,9.74,500,0
SCOA.US,5,20211217,165500,9.75,9.75,9.75,9.75,812,0
SCOA.US,5,20211217,170500,9.7561,9.7561,9.7561,9.7561,4079,0
SCOA.US,5,20211217,182000,9.74,9.74,9.74,9.74,100,0
SCOA.US,5,20211217,193000,9.7401,9.7401,9.7401,9.7401,175,0
SCOA.US,5,20211217,215000,9.74,9.74,9.74,9.74,100,0
SCOA.US,5,20211217,215500,9.75,9.75,9.75,9.75,300,0
SCOA.US,5,20211220,153000,9.74,9.74,9.74,9.74,2507,0
SCOA.US,5,20211220,163000,9.74,9.74,9.74,9.74,1800,0
SCOA.US,5,20211220,194500,9.74,9.74,9.74,9.74,2758,0
SCOA.US,5,20211221,153000,9.74,9.74,9.74,9.74,5184,0
SCOA.US,5,20211221,154500,9.745,9.745,9.745,9.745,400,0
SCOA.US,5,20211221,161500,9.74,9.74,9.74,9.74,4330,0
SCOA.US,5,20211221,163500,9.75,9.75,9.7499,9.7499,768,0
SCOA.US,5,20211221,170000,9.745,9.745,9.745,9.745,100,0
SCOA.US,5,20211221,173500,9.745,9.745,9.745,9.745,36400,0
SCOA.US,5,20211221,174000,9.75,9.75,9.75,9.75,5180,0
SCOA.US,5,20211221,181000,9.745,9.745,9.745,9.745,100,0
SCOA.US,5,20211221,184500,9.745,9.745,9.745,9.745,100,0
SCOA.US,5,20211221,191500,9.745,9.745,9.745,9.745,100,0
SCOA.US,5,20211221,192500,9.745,9.745,9.745,9.745,100,0
SCOA.US,5,20211221,203500,9.74,9.74,9.74,9.74,100,0
SCOA.US,5,20211221,210000,9.745,9.75,9.745,9.75,5100,0
SCOA.US,5,20211221,212000,9.75,9.75,9.74,9.74,75627,0
SCOA.US,5,20211221,214500,9.75,9.75,9.75,9.75,100,0
SCOA.US,5,20211221,215500,9.75,9.75,9.75,9.75,100,0
SCOA.US,5,20211222,153000,9.74,9.74,9.74,9.74,107,0
SCOA.US,5,20211222,161500,9.75,9.75,9.75,9.75,28071,0
SCOA.US,5,20211222,162500,9.75,9.75,9.75,9.75,600,0
SCOA.US,5,20211222,163500,9.75,9.75,9.75,9.75,600,0
SCOA.US,5,20211222,164500,9.75,9.75,9.75,9.75,579,0
SCOA.US,5,20211222,165500,9.75,9.75,9.75,9.75,555,0
SCOA.US,5,20211222,170500,9.75,9.75,9.75,9.75,557,0
SCOA.US,5,20211222,171500,9.75,9.75,9.75,9.75,514,0
SCOA.US,5,20211222,172000,9.7501,9.7501,9.75,9.75,240,0
SCOA.US,5,20211222,172500,9.75,9.75,9.75,9.75,518,0
SCOA.US,5,20211222,173000,9.75,9.75,9.75,9.75,244,0
SCOA.US,5,20211222,203000,9.7501,9.7501,9.7501,9.7501,1000,0
SCOA.US,5,20211222,215500,9.75,9.76,9.75,9.76,294,0
SCOA.US,5,20211223,160500,9.7624,9.79,9.7624,9.79,200,0
SCOA.US,5,20211223,181000,9.75,9.75,9.75,9.75,100,0
SCOA.US,5,20211223,183500,9.75,9.75,9.75,9.75,211221,0
SCOA.US,5,20211223,184000,9.75,9.75,9.745,9.75,200408,0
SCOA.US,5,20211223,192000,9.74,9.74,9.74,9.74,445,0
SCOA.US,5,20211223,193000,9.74,9.74,9.74,9.74,440,0
SCOA.US,5,20211223,194000,9.74,9.74,9.74,9.74,438,0
SCOA.US,5,20211223,195000,9.74,9.75,9.74,9.75,5469,0
SCOA.US,5,20211223,200000,9.74,9.74,9.74,9.74,450,0
SCOA.US,5,20211223,212500,9.75,9.75,9.75,9.75,100200,0
SCOA.US,5,20211223,213000,9.75,9.75,9.75,9.75,100,0
SCOA.US,5,20211223,213500,9.75,9.75,9.75,9.75,300,0
SCOA.US,5,20211223,214000,9.75,9.75,9.75,9.75,100,0
SCOA.US,5,20211223,214500,9.75,9.75,9.75,9.75,200,0
SCOA.US,5,20211223,215000,9.75,9.75,9.75,9.75,200,0
SCOA.US,5,20211223,215500,9.75,9.75,9.74,9.74,600,0
