<TICKER>,<PER>,<DATE>,<TIME>,<OPEN>,<HIGH>,<LOW>,<CLOSE>,<VOL>,<OPENINT>
SCPS.US,5,20211104,143000,3.57,3.57,3.57,3.57,452,0
SCPS.US,5,20211104,145500,3.61,3.61,3.61,3.61,100,0
SCPS.US,5,20211104,150500,3.58,3.58,3.58,3.58,100,0
SCPS.US,5,20211104,151500,3.5402,3.58,3.5402,3.55,4700,0
SCPS.US,5,20211104,152000,3.57,3.58,3.57,3.58,800,0
SCPS.US,5,20211104,152500,3.57,3.5841,3.57,3.5841,500,0
SCPS.US,5,20211104,154000,3.5965,3.5965,3.565,3.565,600,0
SCPS.US,5,20211104,155500,3.5255,3.5255,3.5255,3.5255,500,0
SCPS.US,5,20211104,160000,3.56,3.56,3.56,3.56,100,0
SCPS.US,5,20211104,160500,3.56,3.56,3.56,3.56,200,0
SCPS.US,5,20211104,163500,3.6,3.6,3.5649,3.6,1400,0
SCPS.US,5,20211104,165000,3.58,3.58,3.57,3.57,1000,0
SCPS.US,5,20211104,165500,3.5623,3.5623,3.5623,3.5623,150,0
SCPS.US,5,20211104,172000,3.58,3.58,3.58,3.58,100,0
SCPS.US,5,20211104,175000,3.55,3.55,3.55,3.55,100,0
SCPS.US,5,20211104,183500,3.58,3.58,3.58,3.58,110,0
SCPS.US,5,20211104,184000,3.6,3.6,3.6,3.6,100,0
SCPS.US,5,20211104,190000,3.58,3.595,3.58,3.595,200,0
SCPS.US,5,20211104,191000,3.6189,3.6189,3.6189,3.6189,2000,0
SCPS.US,5,20211104,192500,3.6198,3.641,3.59,3.59,5140,0
SCPS.US,5,20211104,193000,3.6109,3.6109,3.6,3.6,395,0
SCPS.US,5,20211104,201000,3.56,3.56,3.56,3.56,548,0
SCPS.US,5,20211104,201500,3.64,3.64,3.64,3.64,100,0
SCPS.US,5,20211104,202500,3.63,3.63,3.63,3.63,1200,0
SCPS.US,5,20211104,203500,3.62,3.62,3.61,3.61,1389,0
SCPS.US,5,20211104,204500,3.62,3.62,3.58,3.58,300,0
SCPS.US,5,20211104,205500,3.5897,3.5897,3.56,3.56,992,0
SCPS.US,5,20211105,143000,3.56,3.5779,3.56,3.5779,424,0
SCPS.US,5,20211105,143500,3.56,3.56,3.47,3.47,1815,0
SCPS.US,5,20211105,144000,3.4856,3.6,3.4856,3.6,430,0
SCPS.US,5,20211105,145000,3.49,3.49,3.49,3.49,100,0
SCPS.US,5,20211105,150000,3.4701,3.4701,3.47,3.47,300,0
SCPS.US,5,20211105,155000,3.4806,3.4806,3.4806,3.4806,400,0
SCPS.US,5,20211105,164500,3.475,3.475,3.47,3.47,1740,0
SCPS.US,5,20211105,165500,3.47,3.47,3.47,3.47,100,0
SCPS.US,5,20211105,170500,3.571,3.571,3.571,3.571,250,0
SCPS.US,5,20211105,173000,3.5,3.53,3.5,3.53,597,0
SCPS.US,5,20211105,175500,3.52,3.55,3.52,3.55,300,0
SCPS.US,5,20211105,181000,3.51,3.51,3.51,3.51,721,0
SCPS.US,5,20211105,183500,3.53,3.58,3.53,3.58,2823,0
SCPS.US,5,20211105,192000,3.58,3.58,3.58,3.58,100,0
SCPS.US,5,20211105,193500,3.57,3.57,3.57,3.57,400,0
SCPS.US,5,20211105,194500,3.57,3.57,3.57,3.57,3100,0
SCPS.US,5,20211105,195000,3.57,3.57,3.564,3.57,2563,0
SCPS.US,5,20211105,200500,3.575,3.575,3.57,3.57,300,0
SCPS.US,5,20211105,201000,3.5698,3.63,3.5698,3.62,7294,0
SCPS.US,5,20211105,201500,3.5801,3.5801,3.5801,3.5801,500,0
SCPS.US,5,20211105,202000,3.63,3.67,3.62,3.67,1098,0
SCPS.US,5,20211105,202500,3.65,3.65,3.65,3.65,100,0
SCPS.US,5,20211105,203000,3.61,3.6113,3.61,3.61,2800,0
SCPS.US,5,20211105,203500,3.64,3.64,3.605,3.605,1800,0
SCPS.US,5,20211105,204500,3.65,3.65,3.6061,3.6061,250,0
SCPS.US,5,20211105,205000,3.625,3.625,3.6,3.6007,2999,0
SCPS.US,5,20211105,205500,3.6,3.63,3.59,3.63,2101,0
SCPS.US,5,20211108,153000,3.68,3.68,3.68,3.68,410,0
SCPS.US,5,20211108,155000,3.6325,3.6325,3.5974,3.5974,800,0
SCPS.US,5,20211108,155500,3.63,3.63,3.63,3.63,150,0
SCPS.US,5,20211108,160000,3.61,3.625,3.58,3.625,1089,0
SCPS.US,5,20211108,165000,3.64,3.64,3.64,3.64,250,0
SCPS.US,5,20211108,170000,3.64,3.64,3.64,3.64,100,0
SCPS.US,5,20211108,172000,3.5638,3.5638,3.5638,3.5638,100,0
SCPS.US,5,20211108,174000,3.6399,3.6399,3.6399,3.6399,300,0
SCPS.US,5,20211108,190500,3.5826,3.5826,3.58,3.58,200,0
SCPS.US,5,20211108,191000,3.61,3.61,3.61,3.61,100,0
SCPS.US,5,20211108,195000,3.64,3.64,3.64,3.64,100,0
SCPS.US,5,20211108,213000,3.58,3.58,3.58,3.58,100,0
SCPS.US,5,20211108,215000,3.58,3.58,3.58,3.58,250,0
SCPS.US,5,20211108,215500,3.59,3.6,3.59,3.6,216,0
SCPS.US,5,20211109,160500,3.5633,3.5633,3.5633,3.5633,103,0
SCPS.US,5,20211109,165500,3.5801,3.5801,3.5801,3.5801,950,0
SCPS.US,5,20211109,173000,3.6024,3.6024,3.56,3.56,1217,0
SCPS.US,5,20211109,174000,3.66,3.66,3.66,3.66,100,0
SCPS.US,5,20211109,174500,3.62,3.62,3.62,3.62,300,0
SCPS.US,5,20211109,185500,3.57,3.57,3.57,3.57,150,0
SCPS.US,5,20211109,191000,3.57,3.57,3.57,3.57,100,0
SCPS.US,5,20211109,191500,3.58,3.58,3.58,3.58,100,0
SCPS.US,5,20211109,192500,3.582,3.582,3.582,3.582,850,0
SCPS.US,5,20211109,193500,3.56,3.56,3.56,3.56,100,0
SCPS.US,5,20211109,194500,3.55,3.55,3.55,3.55,2000,0
SCPS.US,5,20211109,200000,3.56,3.56,3.51,3.51,550,0
SCPS.US,5,20211109,201500,3.57,3.57,3.57,3.57,100,0
SCPS.US,5,20211109,203000,3.5,3.5,3.5,3.5,400,0
SCPS.US,5,20211109,203500,3.56,3.56,3.56,3.56,100,0
SCPS.US,5,20211109,210500,3.53,3.53,3.53,3.53,100,0
SCPS.US,5,20211109,213000,3.535,3.535,3.535,3.535,200,0
SCPS.US,5,20211109,215000,3.51,3.51,3.5,3.5,315,0
SCPS.US,5,20211109,215500,3.525,3.57,3.5,3.5,959,0
SCPS.US,5,20211110,153000,3.5,3.5,3.5,3.5,532,0
SCPS.US,5,20211110,161500,3.545,3.545,3.545,3.545,350,0
SCPS.US,5,20211110,162500,3.53,3.53,3.53,3.53,153,0
SCPS.US,5,20211110,164000,3.56,3.56,3.53,3.53,250,0
SCPS.US,5,20211110,164500,3.5,3.5,3.45,3.45,3181,0
SCPS.US,5,20211110,165000,3.45,3.45,3.45,3.45,100,0
SCPS.US,5,20211110,170000,3.5,3.5,3.5,3.5,200,0
SCPS.US,5,20211110,171500,3.51,3.51,3.51,3.51,100,0
SCPS.US,5,20211110,174500,3.47,3.47,3.47,3.47,100,0
SCPS.US,5,20211110,182000,3.47,3.58,3.47,3.58,365,0
SCPS.US,5,20211110,183000,3.57,3.58,3.57,3.58,200,0
SCPS.US,5,20211110,190000,3.4736,3.57,3.4736,3.5531,610,0
SCPS.US,5,20211110,194000,3.4961,3.4961,3.4961,3.4961,500,0
SCPS.US,5,20211110,201000,3.465,3.465,3.465,3.465,100,0
SCPS.US,5,20211110,202500,3.45,3.45,3.445,3.445,2972,0
SCPS.US,5,20211110,203000,3.445,3.445,3.44,3.44,200,0
SCPS.US,5,20211110,203500,3.46,3.47,3.46,3.47,200,0
SCPS.US,5,20211110,204000,3.46,3.46,3.46,3.46,100,0
SCPS.US,5,20211110,210500,3.43,3.43,3.43,3.43,100,0
SCPS.US,5,20211110,211000,3.43,3.43,3.43,3.43,400,0
SCPS.US,5,20211110,211500,3.45,3.4735,3.45,3.4735,419,0
SCPS.US,5,20211110,214500,3.47,3.47,3.47,3.47,1300,0
SCPS.US,5,20211110,215000,3.55,3.57,3.526,3.57,900,0
SCPS.US,5,20211110,215500,3.4875,3.58,3.4875,3.57,1135,0
SCPS.US,5,20211111,153000,3.55,3.55,3.55,3.55,240,0
SCPS.US,5,20211111,155500,3.505,3.505,3.505,3.505,1000,0
SCPS.US,5,20211111,161000,3.51,3.51,3.5,3.5,300,0
SCPS.US,5,20211111,162500,3.42,3.42,3.42,3.42,148,0
SCPS.US,5,20211111,164500,3.46,3.46,3.46,3.46,300,0
SCPS.US,5,20211111,170000,3.48,3.48,3.48,3.48,200,0
SCPS.US,5,20211111,172000,3.485,3.485,3.485,3.485,100,0
SCPS.US,5,20211111,191500,3.5,3.5,3.47,3.495,700,0
SCPS.US,5,20211111,192000,3.47,3.495,3.47,3.495,300,0
SCPS.US,5,20211111,195000,3.4828,3.4828,3.4828,3.4828,115,0
SCPS.US,5,20211111,195500,3.4701,3.4701,3.4701,3.4701,5000,0
SCPS.US,5,20211111,201000,3.51,3.51,3.51,3.51,100,0
SCPS.US,5,20211111,201500,3.51,3.51,3.495,3.495,200,0
SCPS.US,5,20211111,202500,3.52,3.52,3.47,3.47,500,0
SCPS.US,5,20211111,204000,3.48,3.495,3.42,3.4202,8351,0
SCPS.US,5,20211111,205500,3.41,3.5,3.41,3.5,200,0
SCPS.US,5,20211111,210500,3.49,3.49,3.49,3.49,100,0
SCPS.US,5,20211111,211000,3.49,3.49,3.49,3.49,100,0
SCPS.US,5,20211111,211500,3.48,3.48,3.4,3.4003,3400,0
SCPS.US,5,20211111,212000,3.48,3.48,3.48,3.48,100,0
SCPS.US,5,20211111,212500,3.48,3.48,3.48,3.48,100,0
SCPS.US,5,20211111,213500,3.47,3.48,3.47,3.47,400,0
SCPS.US,5,20211111,214500,3.47,3.48,3.47,3.47,400,0
SCPS.US,5,20211111,215000,3.47,3.47,3.47,3.47,200,0
SCPS.US,5,20211111,215500,3.47,3.5,3.42,3.42,1351,0
SCPS.US,5,20211112,153000,3.48,3.48,3.48,3.48,102,0
SCPS.US,5,20211112,155500,3.48,3.48,3.48,3.48,300,0
SCPS.US,5,20211112,160000,3.42,3.55,3.42,3.485,1420,0
SCPS.US,5,20211112,160500,3.54,3.54,3.53,3.54,3800,0
SCPS.US,5,20211112,161000,3.53,3.53,3.52,3.52,229,0
SCPS.US,5,20211112,164500,3.4323,3.48,3.4319,3.4353,1100,0
SCPS.US,5,20211112,165500,3.52,3.52,3.52,3.52,200,0
SCPS.US,5,20211112,172000,3.462,3.49,3.462,3.49,910,0
SCPS.US,5,20211112,173500,3.5116,3.5116,3.5116,3.5116,600,0
SCPS.US,5,20211112,181500,3.52,3.52,3.52,3.52,100,0
SCPS.US,5,20211112,182500,3.52,3.52,3.52,3.52,5000,0
SCPS.US,5,20211112,191500,3.47,3.48,3.43,3.43,4400,0
SCPS.US,5,20211112,194000,3.4873,3.4873,3.4844,3.4844,200,0
SCPS.US,5,20211112,194500,3.48,3.48,3.47,3.48,1500,0
SCPS.US,5,20211112,201500,3.455,3.455,3.455,3.455,100,0
SCPS.US,5,20211112,202500,3.455,3.455,3.455,3.455,200,0
SCPS.US,5,20211112,205000,3.46,3.46,3.41,3.4449,2091,0
SCPS.US,5,20211112,211500,3.4585,3.4585,3.4585,3.4585,100,0
SCPS.US,5,20211112,214000,3.45,3.45,3.45,3.45,200,0
SCPS.US,5,20211112,215000,3.4529,3.4529,3.4529,3.4529,102,0
SCPS.US,5,20211112,215500,3.46,3.49,3.45,3.49,921,0
SCPS.US,5,20211115,153000,3.54,3.55,3.54,3.55,255,0
SCPS.US,5,20211115,153500,3.545,3.545,3.545,3.545,185,0
SCPS.US,5,20211115,155500,3.5,3.51,3.5,3.5,1200,0
SCPS.US,5,20211115,160500,3.455,3.455,3.455,3.455,100,0
SCPS.US,5,20211115,161500,3.43,3.43,3.43,3.43,181,0
SCPS.US,5,20211115,162000,3.48,3.49,3.48,3.4898,1000,0
SCPS.US,5,20211115,162500,3.49,3.49,3.49,3.49,100,0
SCPS.US,5,20211115,163000,3.43,3.43,3.4,3.4,2698,0
SCPS.US,5,20211115,163500,3.48,3.48,3.48,3.48,100,0
SCPS.US,5,20211115,164000,3.49,3.49,3.49,3.49,100,0
SCPS.US,5,20211115,165000,3.44,3.44,3.44,3.44,100,0
SCPS.US,5,20211115,170500,3.414,3.44,3.414,3.44,400,0
SCPS.US,5,20211115,171500,3.44,3.44,3.44,3.44,400,0
SCPS.US,5,20211115,172500,3.45,3.45,3.45,3.45,100,0
SCPS.US,5,20211115,185000,3.45,3.45,3.45,3.45,100,0
SCPS.US,5,20211115,192000,3.4302,3.4302,3.4302,3.4302,994,0
SCPS.US,5,20211115,192500,3.48,3.48,3.48,3.48,100,0
SCPS.US,5,20211115,194500,3.47,3.479,3.47,3.479,2000,0
SCPS.US,5,20211115,195000,3.48,3.48,3.48,3.48,100,0
SCPS.US,5,20211115,200000,3.46,3.49,3.46,3.49,200,0
SCPS.US,5,20211115,202000,3.49,3.49,3.49,3.49,200,0
SCPS.US,5,20211115,210000,3.45,3.45,3.45,3.45,100,0
SCPS.US,5,20211115,210500,3.5,3.5,3.5,3.5,100,0
SCPS.US,5,20211115,214000,3.4977,3.4977,3.4977,3.4977,100,0
SCPS.US,5,20211115,214500,3.5,3.5,3.49,3.49,229,0
SCPS.US,5,20211115,215000,3.5,3.5,3.48,3.48,300,0
SCPS.US,5,20211115,215500,3.49,3.53,3.49,3.52,2344,0
SCPS.US,5,20211116,153000,3.55,3.55,3.5,3.5,1102,0
SCPS.US,5,20211116,154000,3.46,3.46,3.4,3.4,800,0
SCPS.US,5,20211116,155500,3.455,3.455,3.455,3.455,100,0
SCPS.US,5,20211116,162000,3.4528,3.4528,3.4528,3.4528,100,0
SCPS.US,5,20211116,162500,3.44,3.44,3.44,3.44,100,0
SCPS.US,5,20211116,165500,3.43,3.43,3.43,3.43,100,0
SCPS.US,5,20211116,170500,3.4201,3.4201,3.42,3.42,211,0
SCPS.US,5,20211116,175500,3.42,3.42,3.42,3.42,200,0
SCPS.US,5,20211116,181000,3.4181,3.4181,3.4181,3.4181,200,0
SCPS.US,5,20211116,182500,3.41,3.41,3.41,3.41,100,0
SCPS.US,5,20211116,183500,3.4,3.4,3.4,3.4,907,0
SCPS.US,5,20211116,184000,3.41,3.41,3.41,3.41,600,0
SCPS.US,5,20211116,184500,3.37,3.38,3.37,3.38,3093,0
SCPS.US,5,20211116,185000,3.38,3.38,3.38,3.38,200,0
SCPS.US,5,20211116,190000,3.4,3.4,3.4,3.4,296,0
SCPS.US,5,20211116,190500,3.37,3.37,3.37,3.37,300,0
SCPS.US,5,20211116,191000,3.41,3.41,3.41,3.41,100,0
SCPS.US,5,20211116,191500,3.41,3.41,3.41,3.41,4040,0
SCPS.US,5,20211116,192000,3.41,3.42,3.41,3.42,6550,0
SCPS.US,5,20211116,192500,3.44,3.49,3.44,3.49,1229,0
SCPS.US,5,20211116,193000,3.44,3.49,3.44,3.49,250,0
SCPS.US,5,20211116,193500,3.46,3.46,3.46,3.46,150,0
SCPS.US,5,20211116,194000,3.48,3.48,3.48,3.48,100,0
SCPS.US,5,20211116,195000,3.49,3.49,3.49,3.49,100,0
SCPS.US,5,20211116,200000,3.49,3.49,3.49,3.49,512,0
SCPS.US,5,20211116,201000,3.49,3.49,3.49,3.49,413,0
SCPS.US,5,20211116,202000,3.55,3.55,3.55,3.55,100,0
SCPS.US,5,20211116,202500,3.55,3.55,3.55,3.55,100,0
SCPS.US,5,20211116,203000,3.44,3.44,3.44,3.44,287,0
SCPS.US,5,20211116,203500,3.55,3.55,3.55,3.55,100,0
SCPS.US,5,20211116,204500,3.55,3.55,3.55,3.55,100,0
SCPS.US,5,20211116,205000,3.4401,3.4401,3.4401,3.4401,1000,0
SCPS.US,5,20211116,205500,3.55,3.55,3.55,3.55,100,0
SCPS.US,5,20211116,210500,3.54,3.54,3.54,3.54,100,0
SCPS.US,5,20211116,211000,3.5,3.5,3.5,3.5,201,0
SCPS.US,5,20211116,211500,3.52,3.52,3.52,3.52,100,0
SCPS.US,5,20211116,212500,3.55,3.55,3.515,3.55,700,0
SCPS.US,5,20211116,213000,3.49,3.49,3.49,3.49,100,0
SCPS.US,5,20211116,214000,3.51,3.51,3.51,3.51,100,0
SCPS.US,5,20211116,215000,3.49,3.5,3.48,3.48,1701,0
SCPS.US,5,20211116,215500,3.5,3.54,3.48,3.54,983,0
SCPS.US,5,20211117,153000,3.49,3.49,3.49,3.49,236,0
SCPS.US,5,20211117,153500,3.45,3.45,3.45,3.45,600,0
SCPS.US,5,20211117,162500,3.45,3.45,3.45,3.45,1000,0
SCPS.US,5,20211117,165500,3.51,3.51,3.47,3.47,2326,0
SCPS.US,5,20211117,172000,3.5,3.5,3.5,3.5,4200,0
SCPS.US,5,20211117,173000,3.5,3.5,3.5,3.5,2557,0
SCPS.US,5,20211117,173500,3.5199,3.5199,3.5199,3.5199,200,0
SCPS.US,5,20211117,181500,3.47,3.47,3.46,3.46,200,0
SCPS.US,5,20211117,182000,3.4693,3.47,3.46,3.46,650,0
SCPS.US,5,20211117,191500,3.46,3.47,3.46,3.47,2700,0
SCPS.US,5,20211117,193000,3.46,3.46,3.4593,3.4593,1200,0
SCPS.US,5,20211117,195000,3.455,3.455,3.45,3.45,200,0
SCPS.US,5,20211117,200500,3.45,3.45,3.45,3.45,9850,0
SCPS.US,5,20211117,203500,3.395,3.395,3.395,3.395,100,0
SCPS.US,5,20211117,210000,3.395,3.395,3.395,3.395,100,0
SCPS.US,5,20211117,211000,3.39,3.39,3.39,3.39,100,0
SCPS.US,5,20211117,213500,3.38,3.38,3.35,3.35,2636,0
SCPS.US,5,20211117,214000,3.375,3.375,3.375,3.375,200,0
SCPS.US,5,20211117,214500,3.375,3.4,3.375,3.4,1400,0
SCPS.US,5,20211117,215000,3.38,3.39,3.37,3.37,300,0
SCPS.US,5,20211117,215500,3.36,3.4,3.36,3.4,547,0
SCPS.US,5,20211118,153500,3.385,3.385,3.385,3.385,100,0
SCPS.US,5,20211118,154000,3.3562,3.3562,3.3562,3.3562,100,0
SCPS.US,5,20211118,154500,3.35,3.3501,3.3,3.3,1897,0
SCPS.US,5,20211118,155000,3.31,3.31,3.31,3.31,203,0
SCPS.US,5,20211118,160500,3.3344,3.3344,3.3,3.3,924,0
SCPS.US,5,20211118,162000,3.24,3.26,3.24,3.26,817,0
SCPS.US,5,20211118,163500,3.32,3.32,3.2416,3.2416,840,0
SCPS.US,5,20211118,164000,3.28,3.28,3.19,3.19,903,0
SCPS.US,5,20211118,165000,3.24,3.24,3.24,3.24,200,0
SCPS.US,5,20211118,165500,3.2399,3.2399,3.2399,3.2399,1208,0
SCPS.US,5,20211118,171500,3.2,3.2669,3.2,3.2669,2420,0
SCPS.US,5,20211118,172000,3.24,3.24,3.24,3.24,300,0
SCPS.US,5,20211118,172500,3.24,3.24,3.24,3.24,115,0
SCPS.US,5,20211118,174500,3.24,3.24,3.24,3.24,200,0
SCPS.US,5,20211118,175500,3.24,3.24,3.24,3.24,300,0
SCPS.US,5,20211118,180000,3.24,3.24,3.24,3.24,200,0
SCPS.US,5,20211118,180500,3.24,3.2402,3.24,3.2402,4936,0
SCPS.US,5,20211118,183000,3.204,3.2098,3.204,3.2098,1200,0
SCPS.US,5,20211118,184000,3.21,3.21,3.2,3.2,200,0
SCPS.US,5,20211118,184500,3.2,3.22,3.2,3.22,1488,0
SCPS.US,5,20211118,191000,3.2201,3.23,3.22,3.22,1700,0
SCPS.US,5,20211118,192000,3.229,3.229,3.2,3.2,2000,0
SCPS.US,5,20211118,202000,3.19,3.2199,3.19,3.2199,503,0
SCPS.US,5,20211118,204000,3.2087,3.23,3.2087,3.23,9833,0
SCPS.US,5,20211118,204500,3.265,3.28,3.25,3.25,9849,0
SCPS.US,5,20211118,212500,3.245,3.245,3.245,3.245,155,0
SCPS.US,5,20211118,213000,3.25,3.25,3.25,3.25,100,0
SCPS.US,5,20211118,215500,3.2554,3.2554,3.25,3.25,1664,0
SCPS.US,5,20211119,153000,3.21,3.21,3.21,3.21,586,0
SCPS.US,5,20211119,154000,3.2757,3.2757,3.2757,3.2757,200,0
SCPS.US,5,20211119,155500,3.2981,3.2981,3.2981,3.2981,149,0
SCPS.US,5,20211119,160500,3.25,3.252,3.25,3.252,1200,0
SCPS.US,5,20211119,162000,3.22,3.22,3.21,3.2102,2062,0
SCPS.US,5,20211119,163000,3.2,3.2,3.2,3.2,1327,0
SCPS.US,5,20211119,163500,3.17,3.17,3.12,3.1309,4723,0
SCPS.US,5,20211119,164000,3.1834,3.1834,3.1834,3.1834,200,0
SCPS.US,5,20211119,165500,3.19,3.19,3.18,3.18,1800,0
SCPS.US,5,20211119,170000,3.18,3.19,3.18,3.19,300,0
SCPS.US,5,20211119,170500,3.2,3.2,3.2,3.2,100,0
SCPS.US,5,20211119,171000,3.18,3.18,3.18,3.18,168,0
SCPS.US,5,20211119,173000,3.15,3.15,3.15,3.15,227,0
SCPS.US,5,20211119,175500,3.15,3.15,3.145,3.15,4394,0
SCPS.US,5,20211119,180000,3.16,3.16,3.16,3.16,100,0
SCPS.US,5,20211119,181000,3.1507,3.1507,3.1507,3.1507,100,0
SCPS.US,5,20211119,182000,3.1849,3.1849,3.1849,3.1849,1200,0
SCPS.US,5,20211119,184500,3.18,3.18,3.18,3.18,1000,0
SCPS.US,5,20211119,185000,3.1898,3.1898,3.184,3.184,951,0
SCPS.US,5,20211119,190000,3.2,3.2,3.1997,3.2,755,0
SCPS.US,5,20211119,190500,3.1907,3.1907,3.1907,3.1907,100,0
SCPS.US,5,20211119,194000,3.18,3.1804,3.18,3.1804,700,0
SCPS.US,5,20211119,194500,3.15,3.15,3.12,3.12,960,0
SCPS.US,5,20211119,195500,3.13,3.13,3.12,3.12,2535,0
SCPS.US,5,20211119,200500,3.135,3.135,3.135,3.135,100,0
SCPS.US,5,20211119,202000,3.14,3.14,3.14,3.14,400,0
SCPS.US,5,20211119,203000,3.13,3.13,3.13,3.13,1000,0
SCPS.US,5,20211119,204000,3.1201,3.1201,3.1201,3.1201,100,0
SCPS.US,5,20211119,204500,3.12,3.12,3.12,3.12,100,0
SCPS.US,5,20211119,205500,3.09,3.09,3.09,3.09,100,0
SCPS.US,5,20211119,213500,3.09,3.09,3.05,3.05,1073,0
SCPS.US,5,20211119,214000,3.09,3.09,3.09,3.09,100,0
SCPS.US,5,20211119,214500,3.1,3.1,3.1,3.1,100,0
SCPS.US,5,20211119,215000,3.11,3.11,3.11,3.11,380,0
SCPS.US,5,20211119,215500,3.115,3.13,3.115,3.125,3031,0
SCPS.US,5,20211122,153000,3.12,3.12,3.06,3.06,1799,0
SCPS.US,5,20211122,153500,3.03,3.06,2.89,2.945,9095,0
SCPS.US,5,20211122,154000,2.9995,2.9995,2.96,2.96,601,0
SCPS.US,5,20211122,154500,2.95,2.95,2.9,2.9,3190,0
SCPS.US,5,20211122,155000,2.95,2.95,2.94,2.94,560,0
SCPS.US,5,20211122,155500,2.96,2.96,2.96,2.96,200,0
SCPS.US,5,20211122,160000,2.95,2.975,2.95,2.975,200,0
SCPS.US,5,20211122,160500,2.95,2.98,2.945,2.96,4900,0
SCPS.US,5,20211122,161000,2.96,2.96,2.91,2.96,2701,0
SCPS.US,5,20211122,161500,2.96,2.96,2.89,2.89,2500,0
SCPS.US,5,20211122,162500,2.89,2.95,2.89,2.8903,3994,0
SCPS.US,5,20211122,163000,2.8903,2.92,2.89,2.915,2781,0
SCPS.US,5,20211122,163500,2.89,2.9182,2.89,2.915,488,0
SCPS.US,5,20211122,164000,2.92,2.92,2.88,2.88,2670,0
SCPS.US,5,20211122,164500,2.89,2.9273,2.87,2.905,5044,0
SCPS.US,5,20211122,165000,2.89,2.905,2.8827,2.89,2478,0
SCPS.US,5,20211122,165500,2.88,2.92,2.88,2.8805,2500,0
SCPS.US,5,20211122,170000,2.88,2.88,2.88,2.88,100,0
SCPS.US,5,20211122,170500,2.89,2.89,2.89,2.89,200,0
SCPS.US,5,20211122,171000,2.905,2.905,2.905,2.905,100,0
SCPS.US,5,20211122,171500,2.89,2.92,2.89,2.92,200,0
SCPS.US,5,20211122,172000,2.905,2.905,2.905,2.905,200,0
SCPS.US,5,20211122,172500,2.9,2.91,2.9,2.91,250,0
SCPS.US,5,20211122,173000,2.9,2.92,2.87,2.87,5055,0
SCPS.US,5,20211122,173500,2.84,2.8651,2.84,2.8651,248,0
SCPS.US,5,20211122,174500,2.84,2.85,2.84,2.84,2898,0
SCPS.US,5,20211122,175000,2.82,2.82,2.8,2.8,723,0
SCPS.US,5,20211122,175500,2.78,2.78,2.75,2.7501,2592,0
SCPS.US,5,20211122,180000,2.76,2.76,2.7501,2.7501,500,0
SCPS.US,5,20211122,181000,2.79,2.79,2.79,2.79,408,0
SCPS.US,5,20211122,181500,2.79,2.79,2.79,2.79,300,0
SCPS.US,5,20211122,182000,2.7701,2.7701,2.77,2.77,230,0
SCPS.US,5,20211122,182500,2.8,2.8,2.8,2.8,200,0
SCPS.US,5,20211122,183000,2.79,2.79,2.79,2.79,750,0
SCPS.US,5,20211122,183500,2.785,2.785,2.7841,2.7841,3250,0
SCPS.US,5,20211122,184500,2.785,2.785,2.785,2.785,200,0
SCPS.US,5,20211122,190000,2.7892,2.7898,2.7892,2.7898,1100,0
SCPS.US,5,20211122,191500,2.7801,2.7801,2.7801,2.7801,250,0
SCPS.US,5,20211122,192500,2.7801,2.7801,2.7801,2.7801,800,0
SCPS.US,5,20211122,193000,2.78,2.785,2.78,2.785,200,0
SCPS.US,5,20211122,193500,2.7799,2.7799,2.7799,2.7799,340,0
SCPS.US,5,20211122,194000,2.775,2.775,2.775,2.775,100,0
SCPS.US,5,20211122,194500,2.77,2.78,2.77,2.78,1300,0
SCPS.US,5,20211122,195000,2.7773,2.78,2.775,2.78,2400,0
SCPS.US,5,20211122,195500,2.7784,2.7784,2.7784,2.7784,100,0
SCPS.US,5,20211122,200500,2.7791,2.7791,2.775,2.775,200,0
SCPS.US,5,20211122,201000,2.775,2.775,2.775,2.775,100,0
SCPS.US,5,20211122,201500,2.7717,2.7717,2.7717,2.7717,3000,0
SCPS.US,5,20211122,202000,2.775,2.78,2.775,2.775,1423,0
SCPS.US,5,20211122,202500,2.775,2.7799,2.775,2.775,4300,0
SCPS.US,5,20211122,203500,2.78,2.78,2.7784,2.7799,1324,0
SCPS.US,5,20211122,204000,2.78,2.78,2.775,2.7758,1935,0
SCPS.US,5,20211122,204500,2.775,2.79,2.775,2.79,1842,0
SCPS.US,5,20211122,205000,2.8195,2.85,2.815,2.8493,4780,0
SCPS.US,5,20211122,210500,2.83,2.83,2.83,2.83,700,0
SCPS.US,5,20211122,211000,2.79,2.79,2.79,2.79,200,0
SCPS.US,5,20211122,211500,2.79,2.79,2.78,2.78,1830,0
SCPS.US,5,20211122,213000,2.78,2.78,2.77,2.78,1200,0
SCPS.US,5,20211122,214000,2.7799,2.7799,2.7799,2.7799,329,0
SCPS.US,5,20211122,214500,2.775,2.775,2.775,2.775,100,0
SCPS.US,5,20211122,215000,2.7701,2.7701,2.75,2.76,4386,0
SCPS.US,5,20211122,215500,2.755,2.77,2.75,2.76,3792,0
SCPS.US,5,20211123,153000,2.75,2.7541,2.75,2.75,2419,0
SCPS.US,5,20211123,153500,2.86,2.86,2.85,2.85,255,0
SCPS.US,5,20211123,160500,2.8499,2.8499,2.8499,2.8499,400,0
SCPS.US,5,20211123,163500,2.8011,2.8056,2.8011,2.8056,212,0
SCPS.US,5,20211123,170500,2.8012,2.8012,2.8012,2.8012,500,0
SCPS.US,5,20211123,171000,2.82,2.82,2.82,2.82,200,0
SCPS.US,5,20211123,171500,2.8001,2.8001,2.8001,2.8001,100,0
SCPS.US,5,20211123,173500,2.8001,2.8001,2.8001,2.8001,500,0
SCPS.US,5,20211123,174000,2.8,2.8,2.8,2.8,100,0
SCPS.US,5,20211123,180000,2.8006,2.8006,2.8006,2.8006,473,0
SCPS.US,5,20211123,184000,2.8099,2.8099,2.805,2.805,456,0
SCPS.US,5,20211123,185000,2.8099,2.82,2.805,2.805,2023,0
SCPS.US,5,20211123,191000,2.8,2.8,2.78,2.79,2933,0
SCPS.US,5,20211123,191500,2.79,2.79,2.79,2.79,100,0
SCPS.US,5,20211123,193500,2.785,2.785,2.785,2.785,100,0
SCPS.US,5,20211123,200000,2.7825,2.785,2.76,2.7675,3048,0
SCPS.US,5,20211123,200500,2.7625,2.765,2.7625,2.765,300,0
SCPS.US,5,20211123,204500,2.765,2.77,2.765,2.765,382,0
SCPS.US,5,20211123,205500,2.765,2.765,2.765,2.765,1110,0
SCPS.US,5,20211123,211500,2.765,2.77,2.765,2.765,500,0
SCPS.US,5,20211123,212500,2.77,2.77,2.7601,2.7601,1900,0
SCPS.US,5,20211123,213500,2.77,2.78,2.765,2.765,823,0
SCPS.US,5,20211123,214000,2.7699,2.7699,2.765,2.765,1520,0
SCPS.US,5,20211123,214500,2.77,2.77,2.765,2.765,200,0
SCPS.US,5,20211123,215000,2.77,2.77,2.76,2.765,1556,0
SCPS.US,5,20211123,215500,2.765,2.765,2.75,2.75,2717,0
SCPS.US,5,20211124,153000,2.86,2.86,2.86,2.86,2011,0
SCPS.US,5,20211124,154000,2.85,2.85,2.85,2.85,100,0
SCPS.US,5,20211124,155000,2.769,2.79,2.73,2.73,4500,0
SCPS.US,5,20211124,155500,2.8404,2.8404,2.79,2.79,400,0
SCPS.US,5,20211124,160000,2.85,2.85,2.85,2.85,140,0
SCPS.US,5,20211124,161000,2.74,2.74,2.74,2.74,942,0
SCPS.US,5,20211124,164000,2.7431,2.7431,2.7431,2.7431,150,0
SCPS.US,5,20211124,164500,2.775,2.775,2.73,2.73,1670,0
SCPS.US,5,20211124,165500,2.7789,2.7789,2.7789,2.7789,126,0
SCPS.US,5,20211124,170000,2.755,2.755,2.755,2.755,300,0
SCPS.US,5,20211124,171000,2.74,2.7403,2.73,2.7403,834,0
SCPS.US,5,20211124,173000,2.77,2.81,2.76,2.785,16325,0
SCPS.US,5,20211124,174000,2.78,2.785,2.75,2.78,4260,0
SCPS.US,5,20211124,175000,2.785,2.785,2.75,2.75,13186,0
SCPS.US,5,20211124,175500,2.75,2.75,2.72,2.72,2602,0
SCPS.US,5,20211124,180000,2.72,2.72,2.695,2.7109,1100,0
SCPS.US,5,20211124,181500,2.69,2.72,2.69,2.72,2800,0
SCPS.US,5,20211124,184000,2.7,2.75,2.7,2.75,1600,0
SCPS.US,5,20211124,184500,2.8,2.81,2.785,2.81,1100,0
SCPS.US,5,20211124,190500,2.79,2.79,2.7,2.74,2389,0
SCPS.US,5,20211124,191500,2.78,2.78,2.78,2.78,500,0
SCPS.US,5,20211124,192000,2.72,2.72,2.72,2.72,100,0
SCPS.US,5,20211124,192500,2.705,2.705,2.705,2.705,600,0
SCPS.US,5,20211124,193500,2.684,2.684,2.684,2.684,100,0
SCPS.US,5,20211124,194000,2.745,2.745,2.745,2.745,300,0
SCPS.US,5,20211124,194500,2.82,2.82,2.82,2.82,360,0
SCPS.US,5,20211124,195000,2.6802,2.6802,2.6802,2.6802,1054,0
SCPS.US,5,20211124,200500,2.7,2.7,2.7,2.7,100,0
SCPS.US,5,20211124,203000,2.7588,2.7588,2.7588,2.7588,150,0
SCPS.US,5,20211124,204000,2.72,2.72,2.72,2.72,300,0
SCPS.US,5,20211124,205000,2.72,2.75,2.72,2.75,200,0
SCPS.US,5,20211124,205500,2.72,2.72,2.72,2.72,100,0
SCPS.US,5,20211124,211500,2.7994,2.7994,2.7406,2.7406,370,0
SCPS.US,5,20211124,213000,2.75,2.78,2.7,2.75,6660,0
SCPS.US,5,20211124,213500,2.72,2.72,2.69,2.72,4930,0
SCPS.US,5,20211124,215500,2.7481,2.8,2.73,2.8,2831,0
SCPS.US,5,20211126,153000,2.7,2.7,2.7,2.7,457,0
SCPS.US,5,20211126,153500,2.6905,2.75,2.6905,2.75,300,0
SCPS.US,5,20211126,154500,2.75,2.75,2.75,2.75,200,0
SCPS.US,5,20211126,161500,2.7015,2.7015,2.7015,2.7015,1800,0
SCPS.US,5,20211126,163500,2.6915,2.6915,2.6915,2.6915,500,0
SCPS.US,5,20211126,164000,2.6967,2.6967,2.69,2.69,835,0
SCPS.US,5,20211126,164500,2.7399,2.7399,2.7399,2.7399,350,0
SCPS.US,5,20211126,165500,2.665,2.665,2.665,2.665,100,0
SCPS.US,5,20211126,170500,2.64,2.64,2.64,2.64,360,0
SCPS.US,5,20211126,172500,2.67,2.67,2.65,2.65,5100,0
SCPS.US,5,20211126,173000,2.68,2.69,2.675,2.675,2346,0
SCPS.US,5,20211126,173500,2.66,2.66,2.66,2.66,102,0
SCPS.US,5,20211126,175000,2.65,2.65,2.65,2.65,100,0
SCPS.US,5,20211126,175500,2.6799,2.6799,2.6799,2.6799,100,0
SCPS.US,5,20211126,181000,2.67,2.67,2.64,2.64,3018,0
SCPS.US,5,20211126,181500,2.6,2.64,2.6,2.6074,2341,0
SCPS.US,5,20211126,182000,2.6399,2.6399,2.6399,2.6399,379,0
SCPS.US,5,20211126,182500,2.6,2.61,2.6,2.6,1422,0
SCPS.US,5,20211126,184000,2.61,2.61,2.6,2.61,1578,0
SCPS.US,5,20211126,185000,2.5922,2.6099,2.5922,2.6099,200,0
SCPS.US,5,20211126,185500,2.57,2.61,2.54,2.61,1054,0
SCPS.US,5,20211126,190000,2.57,2.57,2.57,2.57,129,0
SCPS.US,5,20211129,153000,2.68,2.68,2.68,2.68,906,0
SCPS.US,5,20211129,153500,2.7,2.729,2.68,2.729,950,0
SCPS.US,5,20211129,154500,2.73,2.73,2.6411,2.6411,403,0
SCPS.US,5,20211129,155000,2.72,2.72,2.72,2.72,2500,0
SCPS.US,5,20211129,155500,2.72,2.8,2.71,2.8,4910,0
SCPS.US,5,20211129,160000,2.7961,2.7961,2.75,2.75,1200,0
SCPS.US,5,20211129,160500,2.79,2.79,2.75,2.77,1184,0
SCPS.US,5,20211129,161000,2.75,2.764,2.75,2.764,1475,0
SCPS.US,5,20211129,162500,2.745,2.745,2.745,2.745,100,0
SCPS.US,5,20211129,164500,2.73,2.73,2.73,2.73,400,0
SCPS.US,5,20211129,170000,2.715,2.75,2.715,2.75,200,0
SCPS.US,5,20211129,171000,2.715,2.715,2.715,2.715,100,0
SCPS.US,5,20211129,172000,2.71,2.71,2.71,2.71,100,0
SCPS.US,5,20211129,172500,2.71,2.71,2.71,2.71,1000,0
SCPS.US,5,20211129,174000,2.71,2.71,2.71,2.71,100,0
SCPS.US,5,20211129,174500,2.6738,2.7,2.6738,2.7,334,0
SCPS.US,5,20211129,181500,2.7,2.7,2.7,2.7,100,0
SCPS.US,5,20211129,182500,2.69,2.7,2.69,2.7,564,0
SCPS.US,5,20211129,183000,2.7,2.7,2.7,2.7,100,0
SCPS.US,5,20211129,184000,2.7,2.7,2.7,2.7,929,0
SCPS.US,5,20211129,184500,2.6729,2.6729,2.6729,2.6729,581,0
SCPS.US,5,20211129,185000,2.7,2.7,2.66,2.68,1475,0
SCPS.US,5,20211129,190000,2.695,2.695,2.62,2.62,4484,0
SCPS.US,5,20211129,193500,2.675,2.675,2.675,2.675,1000,0
SCPS.US,5,20211129,194500,2.65,2.71,2.6202,2.71,10009,0
SCPS.US,5,20211129,200000,2.665,2.665,2.665,2.665,100,0
SCPS.US,5,20211129,200500,2.6259,2.7,2.6259,2.6834,1000,0
SCPS.US,5,20211129,201000,2.64,2.65,2.64,2.64,300,0
SCPS.US,5,20211129,201500,2.64,2.64,2.64,2.64,1400,0
SCPS.US,5,20211129,202000,2.64,2.64,2.64,2.64,800,0
SCPS.US,5,20211129,203000,2.62,2.64,2.62,2.64,1950,0
SCPS.US,5,20211129,203500,2.6044,2.635,2.6044,2.635,1100,0
SCPS.US,5,20211129,205500,2.62,2.65,2.59,2.5989,3754,0
SCPS.US,5,20211129,210000,2.59,2.59,2.59,2.59,1000,0
SCPS.US,5,20211129,211000,2.59,2.66,2.59,2.6537,1672,0
SCPS.US,5,20211129,212000,2.635,2.635,2.635,2.635,200,0
SCPS.US,5,20211129,212500,2.64,2.64,2.64,2.64,100,0
SCPS.US,5,20211129,213000,2.63,2.63,2.62,2.62,800,0
SCPS.US,5,20211129,214000,2.59,2.595,2.59,2.59,400,0
SCPS.US,5,20211129,214500,2.6,2.6,2.6,2.6,100,0
SCPS.US,5,20211129,215000,2.6,2.6,2.53,2.575,10159,0
SCPS.US,5,20211129,215500,2.54,2.6,2.54,2.57,1902,0
SCPS.US,5,20211130,153000,2.57,2.57,2.5187,2.5187,512,0
SCPS.US,5,20211130,153500,2.5124,2.5124,2.5124,2.5124,1000,0
SCPS.US,5,20211130,161000,2.52,2.59,2.52,2.59,200,0
SCPS.US,5,20211130,162000,2.52,2.52,2.52,2.52,100,0
SCPS.US,5,20211130,163500,2.5024,2.55,2.5,2.5,1806,0
SCPS.US,5,20211130,164000,2.46,2.46,2.45,2.4517,983,0
SCPS.US,5,20211130,170500,2.45,2.485,2.42,2.485,5100,0
SCPS.US,5,20211130,171000,2.48,2.48,2.48,2.48,250,0
SCPS.US,5,20211130,175000,2.47,2.47,2.47,2.47,176,0
SCPS.US,5,20211130,180500,2.429,2.429,2.429,2.429,280,0
SCPS.US,5,20211130,181000,2.4101,2.4101,2.4101,2.4101,300,0
SCPS.US,5,20211130,181500,2.4473,2.4473,2.43,2.43,1000,0
SCPS.US,5,20211130,183000,2.4001,2.4001,2.4001,2.4001,200,0
SCPS.US,5,20211130,184500,2.45,2.45,2.45,2.45,100,0
SCPS.US,5,20211130,185000,2.44,2.44,2.44,2.44,100,0
SCPS.US,5,20211130,194000,2.4497,2.45,2.4497,2.45,2151,0
SCPS.US,5,20211130,195500,2.445,2.445,2.445,2.445,100,0
SCPS.US,5,20211130,200000,2.45,2.47,2.45,2.465,4016,0
SCPS.US,5,20211130,200500,2.464,2.5,2.4402,2.5,3054,0
SCPS.US,5,20211130,212500,2.5,2.5,2.5,2.5,500,0
SCPS.US,5,20211130,213500,2.53,2.53,2.53,2.53,100,0
SCPS.US,5,20211130,214500,2.54,2.54,2.54,2.54,100,0
SCPS.US,5,20211130,215500,2.49,2.49,2.47,2.47,300,0
SCPS.US,5,20211201,153000,2.57,2.57,2.57,2.57,140,0
SCPS.US,5,20211201,153500,2.5227,2.545,2.5227,2.545,1175,0
SCPS.US,5,20211201,154000,2.535,2.535,2.535,2.535,150,0
SCPS.US,5,20211201,155000,2.5823,2.5823,2.578,2.578,395,0
SCPS.US,5,20211201,161000,2.4701,2.4701,2.4701,2.4701,1000,0
SCPS.US,5,20211201,163000,2.4613,2.4613,2.4613,2.4613,1195,0
SCPS.US,5,20211201,164500,2.6099,2.6099,2.46,2.46,300,0
SCPS.US,5,20211201,171500,2.5,2.5,2.5,2.5,200,0
SCPS.US,5,20211201,173500,2.57,2.59,2.57,2.58,300,0
SCPS.US,5,20211201,174000,2.58,2.58,2.58,2.58,300,0
SCPS.US,5,20211201,175000,2.58,2.58,2.58,2.58,100,0
SCPS.US,5,20211201,182000,2.535,2.535,2.535,2.535,2498,0
SCPS.US,5,20211201,182500,2.55,2.55,2.55,2.55,1700,0
SCPS.US,5,20211201,184000,2.58,2.58,2.58,2.58,200,0
SCPS.US,5,20211201,192000,2.51,2.51,2.43,2.4329,2210,0
SCPS.US,5,20211201,194000,2.42,2.42,2.38,2.42,2555,0
SCPS.US,5,20211201,195000,2.38,2.38,2.38,2.38,1383,0
SCPS.US,5,20211201,195500,2.35,2.35,2.35,2.35,100,0
SCPS.US,5,20211201,200000,2.36,2.36,2.36,2.36,280,0
SCPS.US,5,20211201,202000,2.38,2.3852,2.33,2.38,10150,0
SCPS.US,5,20211201,202500,2.37,2.37,2.37,2.37,525,0
SCPS.US,5,20211201,203500,2.35,2.39,2.35,2.3895,4200,0
SCPS.US,5,20211201,204000,2.38,2.44,2.3795,2.44,6696,0
SCPS.US,5,20211201,204500,2.445,2.45,2.44,2.45,400,0
SCPS.US,5,20211201,205000,2.41,2.41,2.4,2.4,200,0
SCPS.US,5,20211201,210000,2.37,2.37,2.37,2.37,200,0
SCPS.US,5,20211201,210500,2.36,2.36,2.36,2.36,300,0
SCPS.US,5,20211201,211000,2.3477,2.36,2.3045,2.36,1300,0
SCPS.US,5,20211201,211500,2.3599,2.3599,2.35,2.35,200,0
SCPS.US,5,20211201,212500,2.3243,2.3243,2.3,2.3,1100,0
SCPS.US,5,20211201,213000,2.34,2.34,2.34,2.34,200,0
SCPS.US,5,20211201,213500,2.38,2.38,2.38,2.38,182,0
SCPS.US,5,20211201,214500,2.37,2.37,2.37,2.37,100,0
SCPS.US,5,20211201,215500,2.335,2.35,2.32,2.33,1716,0
SCPS.US,5,20211202,153000,2.37,2.37,2.37,2.37,100,0
SCPS.US,5,20211202,155000,2.35,2.3749,2.26,2.3749,11960,0
SCPS.US,5,20211202,160500,2.17,2.2656,2.14,2.2,5436,0
SCPS.US,5,20211202,161000,2.2652,2.2652,2.2652,2.2652,203,0
SCPS.US,5,20211202,162000,2.22,2.22,2.205,2.205,1225,0
SCPS.US,5,20211202,162500,2.21,2.21,2.21,2.21,300,0
SCPS.US,5,20211202,164500,2.1982,2.1982,2.1982,2.1982,100,0
SCPS.US,5,20211202,170000,2.18,2.2064,2.18,2.2064,1197,0
SCPS.US,5,20211202,171000,2.2,2.24,2.2,2.2398,1456,0
SCPS.US,5,20211202,183000,2.26,2.26,2.26,2.26,500,0
SCPS.US,5,20211202,184500,2.25,2.25,2.25,2.25,100,0
SCPS.US,5,20211202,190500,2.2585,2.2589,2.2585,2.2589,1200,0
SCPS.US,5,20211202,191000,2.26,2.26,2.26,2.26,100,0
SCPS.US,5,20211202,191500,2.27,2.27,2.27,2.27,100,0
SCPS.US,5,20211202,194500,2.28,2.28,2.28,2.28,500,0
SCPS.US,5,20211202,201500,2.28,2.29,2.28,2.29,200,0
SCPS.US,5,20211202,202000,2.295,2.315,2.28,2.28,1156,0
SCPS.US,5,20211202,204000,2.2701,2.2781,2.2701,2.2781,890,0
SCPS.US,5,20211202,204500,2.28,2.28,2.27,2.27,444,0
SCPS.US,5,20211202,205500,2.25,2.25,2.25,2.25,766,0
SCPS.US,5,20211202,210000,2.275,2.28,2.275,2.28,400,0
SCPS.US,5,20211202,214000,2.28,2.28,2.28,2.28,110,0
SCPS.US,5,20211202,214500,2.28,2.3,2.2789,2.29,2132,0
SCPS.US,5,20211202,215000,2.305,2.305,2.305,2.305,200,0
SCPS.US,5,20211202,215500,2.33,2.33,2.28,2.28,566,0
SCPS.US,5,20211203,153000,2.24,2.24,2.24,2.24,1577,0
SCPS.US,5,20211203,154000,2.1934,2.1934,2.1934,2.1934,150,0
SCPS.US,5,20211203,155000,2.18,2.18,2.17,2.18,1199,0
SCPS.US,5,20211203,155500,2.2,2.2,2.2,2.2,100,0
SCPS.US,5,20211203,160000,2.1501,2.1501,2.15,2.15,2300,0
SCPS.US,5,20211203,161000,2.18,2.18,2.18,2.18,100,0
SCPS.US,5,20211203,161500,2.1501,2.1501,2.1501,2.1501,100,0
SCPS.US,5,20211203,163000,2.1755,2.1755,2.12,2.12,16115,0
SCPS.US,5,20211203,163500,2.15,2.15,2.1201,2.1201,367,0
SCPS.US,5,20211203,164000,2.13,2.13,2.13,2.13,351,0
SCPS.US,5,20211203,165500,2.16,2.1699,2.16,2.1699,200,0
SCPS.US,5,20211203,170000,2.17,2.17,2.17,2.17,100,0
SCPS.US,5,20211203,171500,2.17,2.17,2.17,2.17,1000,0
SCPS.US,5,20211203,172000,2.14,2.14,2.14,2.14,300,0
SCPS.US,5,20211203,172500,2.14,2.14,2.14,2.14,575,0
SCPS.US,5,20211203,173000,2.14,2.14,2.14,2.14,251,0
SCPS.US,5,20211203,174000,2.17,2.18,2.17,2.18,200,0
SCPS.US,5,20211203,174500,2.14,2.15,2.14,2.15,2028,0
SCPS.US,5,20211203,175500,2.14,2.14,2.14,2.14,121,0
SCPS.US,5,20211203,181500,2.17,2.17,2.17,2.17,100,0
SCPS.US,5,20211203,183000,2.13,2.13,2.13,2.13,344,0
SCPS.US,5,20211203,184000,2.13,2.145,2.13,2.14,1192,0
SCPS.US,5,20211203,184500,2.15,2.15,2.15,2.15,100,0
SCPS.US,5,20211203,190000,2.13,2.16,2.13,2.16,4844,0
SCPS.US,5,20211203,190500,2.16,2.16,2.16,2.16,650,0
SCPS.US,5,20211203,191500,2.13,2.13,2.13,2.13,700,0
SCPS.US,5,20211203,192000,2.15,2.15,2.13,2.13,3100,0
SCPS.US,5,20211203,200000,2.17,2.17,2.17,2.17,400,0
SCPS.US,5,20211203,201000,2.15,2.15,2.15,2.15,1000,0
SCPS.US,5,20211203,203500,2.12,2.145,2.12,2.145,648,0
SCPS.US,5,20211203,204000,2.13,2.13,2.13,2.13,200,0
SCPS.US,5,20211203,204500,2.13,2.17,2.13,2.17,1150,0
SCPS.US,5,20211203,205000,2.13,2.13,2.1,2.1,1375,0
SCPS.US,5,20211203,210500,2.1,2.1,2.05,2.07,1060,0
SCPS.US,5,20211203,211000,2.0838,2.0838,2.0838,2.0838,100,0
SCPS.US,5,20211203,212500,2.1,2.1,2.1,2.1,200,0
SCPS.US,5,20211203,213000,2.1,2.1465,2.1,2.1416,1202,0
SCPS.US,5,20211203,213500,2.1,2.1,2.0901,2.0925,1400,0
SCPS.US,5,20211203,214000,2.095,2.095,2.095,2.095,100,0
SCPS.US,5,20211203,214500,2.09,2.09,2.09,2.09,100,0
SCPS.US,5,20211203,215000,2.1,2.1,2.0901,2.1,700,0
SCPS.US,5,20211203,215500,2.09,2.095,2.09,2.09,1568,0
SCPS.US,5,20211206,153000,2.11,2.11,2.11,2.11,144,0
SCPS.US,5,20211206,153500,2.08,2.08,2.08,2.08,301,0
SCPS.US,5,20211206,155000,2.1177,2.1177,2.11,2.11,600,0
SCPS.US,5,20211206,160500,2.11,2.11,2.11,2.11,100,0
SCPS.US,5,20211206,162000,2.07,2.07,2.07,2.07,100,0
SCPS.US,5,20211206,163000,2.13,2.13,2.13,2.13,474,0
SCPS.US,5,20211206,163500,2.105,2.105,2.105,2.105,100,0
SCPS.US,5,20211206,165000,2.0901,2.0901,2.0901,2.0901,100,0
SCPS.US,5,20211206,170000,2.11,2.11,2.0915,2.0915,574,0
SCPS.US,5,20211206,172500,2.1,2.1,2.1,2.1,100,0
SCPS.US,5,20211206,173000,2.1289,2.1289,2.1289,2.1289,100,0
SCPS.US,5,20211206,174000,2.1001,2.1001,2.1001,2.1001,100,0
SCPS.US,5,20211206,174500,2.1,2.12,2.05,2.05,7246,0
SCPS.US,5,20211206,175500,2.04,2.04,2.04,2.04,100,0
SCPS.US,5,20211206,180000,2.035,2.05,2.035,2.05,6783,0
SCPS.US,5,20211206,181000,2.03,2.03,2.03,2.03,200,0
SCPS.US,5,20211206,181500,2.05,2.05,2.05,2.05,100,0
SCPS.US,5,20211206,182000,2.05,2.05,2.05,2.05,100,0
SCPS.US,5,20211206,182500,2.04,2.04,2.04,2.04,200,0
SCPS.US,5,20211206,183000,2.045,2.05,2.04,2.05,3725,0
SCPS.US,5,20211206,184000,2.0425,2.0425,2.0425,2.0425,200,0
SCPS.US,5,20211206,184500,2.045,2.045,2.0301,2.0301,1718,0
SCPS.US,5,20211206,185000,2.04,2.04,2.04,2.04,100,0
SCPS.US,5,20211206,190000,2.035,2.035,2.035,2.035,390,0
SCPS.US,5,20211206,190500,2.03,2.0325,2.03,2.0311,300,0
SCPS.US,5,20211206,191000,2.03,2.04,2.03,2.04,310,0
SCPS.US,5,20211206,191500,2.035,2.035,2.035,2.035,400,0
SCPS.US,5,20211206,192500,2.02,2.02,2.02,2.02,100,0
SCPS.US,5,20211206,193000,2.025,2.03,2.025,2.0299,1300,0
SCPS.US,5,20211206,194000,2.08,2.08,2.08,2.08,105,0
SCPS.US,5,20211206,195000,2.12,2.13,2.12,2.13,200,0
SCPS.US,5,20211206,200500,2.1299,2.1299,2.1299,2.1299,150,0
SCPS.US,5,20211206,201500,2.1228,2.1228,2.1228,2.1228,5000,0
SCPS.US,5,20211206,202000,2.0901,2.0901,2.0901,2.0901,100,0
SCPS.US,5,20211206,203000,2.115,2.13,2.115,2.13,300,0
SCPS.US,5,20211206,203500,2.15,2.15,2.15,2.15,150,0
SCPS.US,5,20211206,204500,2.15,2.15,2.15,2.15,100,0
SCPS.US,5,20211206,205000,2.24,2.26,2.205,2.205,300,0
SCPS.US,5,20211206,205500,2.2,2.2,2.195,2.195,500,0
SCPS.US,5,20211206,210000,2.18,2.2036,2.165,2.165,831,0
SCPS.US,5,20211206,210500,2.175,2.175,2.175,2.175,200,0
SCPS.US,5,20211206,211500,2.15,2.15,2.14,2.14,700,0
SCPS.US,5,20211206,212000,2.15,2.15,2.15,2.15,100,0
SCPS.US,5,20211206,213000,2.14,2.145,2.14,2.14,500,0
SCPS.US,5,20211206,214000,2.125,2.14,2.125,2.14,200,0
SCPS.US,5,20211206,214500,2.13,2.13,2.13,2.13,300,0
SCPS.US,5,20211206,215000,2.14,2.15,2.14,2.15,200,0
SCPS.US,5,20211206,215500,2.135,2.135,2.1075,2.11,3137,0
SCPS.US,5,20211207,153000,2.18,2.18,2.18,2.18,343,0
SCPS.US,5,20211207,153500,2.2,2.2,2.2,2.2,300,0
SCPS.US,5,20211207,154500,2.24,2.24,2.24,2.24,100,0
SCPS.US,5,20211207,155000,2.24,2.24,2.205,2.205,404,0
SCPS.US,5,20211207,161000,2.23,2.23,2.23,2.23,200,0
SCPS.US,5,20211207,162000,2.2293,2.2298,2.2293,2.2298,300,0
SCPS.US,5,20211207,163000,2.2401,2.3,2.2401,2.3,400,0
SCPS.US,5,20211207,163500,2.3,2.3,2.3,2.3,200,0
SCPS.US,5,20211207,170000,2.25,2.25,2.25,2.25,100,0
SCPS.US,5,20211207,170500,2.24,2.25,2.2,2.2,4985,0
SCPS.US,5,20211207,173000,2.22,2.22,2.22,2.22,200,0
SCPS.US,5,20211207,173500,2.22,2.22,2.19,2.205,400,0
SCPS.US,5,20211207,174500,2.22,2.22,2.22,2.22,100,0
SCPS.US,5,20211207,175000,2.22,2.22,2.22,2.22,100,0
SCPS.US,5,20211207,175500,2.2199,2.24,2.2199,2.24,250,0
SCPS.US,5,20211207,181000,2.24,2.24,2.24,2.24,100,0
SCPS.US,5,20211207,181500,2.26,2.26,2.26,2.26,100,0
SCPS.US,5,20211207,183500,2.24,2.24,2.24,2.24,100,0
SCPS.US,5,20211207,184500,2.25,2.25,2.25,2.25,270,0
SCPS.US,5,20211207,190000,2.25,2.25,2.25,2.25,100,0
SCPS.US,5,20211207,191000,2.29,2.3,2.275,2.275,1700,0
SCPS.US,5,20211207,192000,2.2803,2.2803,2.27,2.27,300,0
SCPS.US,5,20211207,192500,2.2601,2.28,2.21,2.25,4940,0
SCPS.US,5,20211207,193000,2.28,2.28,2.28,2.28,200,0
SCPS.US,5,20211207,194000,2.28,2.28,2.18,2.18,5086,0
SCPS.US,5,20211207,194500,2.18,2.19,2.18,2.19,1900,0
SCPS.US,5,20211207,195500,2.2,2.21,2.2,2.21,300,0
SCPS.US,5,20211207,200000,2.2,2.2,2.2,2.2,275,0
SCPS.US,5,20211207,200500,2.2001,2.23,2.15,2.15,15235,0
SCPS.US,5,20211207,201000,2.16,2.16,2.14,2.14,1330,0
SCPS.US,5,20211207,201500,2.13,2.13,2.1,2.1,6200,0
SCPS.US,5,20211207,202000,2.15,2.15,2.15,2.15,100,0
SCPS.US,5,20211207,202500,2.1499,2.1499,2.1499,2.1499,100,0
SCPS.US,5,20211207,203500,2.15,2.17,2.1483,2.17,3508,0
SCPS.US,5,20211207,204000,2.17,2.17,2.17,2.17,100,0
SCPS.US,5,20211207,210000,2.17,2.17,2.17,2.17,1029,0
SCPS.US,5,20211207,210500,2.165,2.165,2.14,2.1501,3606,0
SCPS.US,5,20211207,212000,2.18,2.18,2.18,2.18,100,0
SCPS.US,5,20211207,213500,2.15,2.15,2.15,2.15,299,0
SCPS.US,5,20211207,215000,2.14,2.18,2.13,2.165,738,0
SCPS.US,5,20211207,215500,2.159,2.21,2.15,2.16,1615,0
SCPS.US,5,20211208,153000,2.17,2.2,2.1642,2.2,15038,0
SCPS.US,5,20211208,153500,2.2,2.2225,2.18,2.21,8789,0
SCPS.US,5,20211208,154000,2.2099,2.21,2.18,2.18,8562,0
SCPS.US,5,20211208,154500,2.16,2.19,2.08,2.0868,11571,0
SCPS.US,5,20211208,155000,2.1548,2.1599,2.08,2.11,8366,0
SCPS.US,5,20211208,155500,2.08,2.15,2.04,2.04,10126,0
SCPS.US,5,20211208,160000,2.04,2.085,2.03,2.05,3991,0
SCPS.US,5,20211208,160500,2.1127,2.1127,2.0999,2.0999,2654,0
SCPS.US,5,20211208,161000,2.0899,2.1,2.0801,2.1,3510,0
SCPS.US,5,20211208,161500,2.12,2.12,2.1128,2.1128,500,0
SCPS.US,5,20211208,162000,2.1,2.1,2.085,2.0986,2292,0
SCPS.US,5,20211208,162500,2.1,2.1196,2.095,2.1196,3780,0
SCPS.US,5,20211208,163000,2.08,2.0901,2.08,2.0901,1100,0
SCPS.US,5,20211208,163500,2.1,2.1,2.1,2.1,1145,0
SCPS.US,5,20211208,164500,2.12,2.12,2.105,2.11,1260,0
SCPS.US,5,20211208,165000,2.0901,2.12,2.0901,2.12,638,0
SCPS.US,5,20211208,165500,2.12,2.12,2.1,2.1,1200,0
SCPS.US,5,20211208,170500,2.1199,2.1199,2.1199,2.1199,2414,0
SCPS.US,5,20211208,171000,2.0903,2.1002,2.0903,2.1002,1600,0
SCPS.US,5,20211208,171500,2.09,2.091,2.02,2.06,28010,0
SCPS.US,5,20211208,172000,2.03,2.094,2,2.03,10890,0
SCPS.US,5,20211208,172500,2.03,2.07,2.02,2.07,3581,0
SCPS.US,5,20211208,173000,2.08,2.1,2.075,2.075,380,0
SCPS.US,5,20211208,173500,2.09,2.1,2.09,2.1,1862,0
SCPS.US,5,20211208,174000,2.08,2.11,2.07,2.08,1003,0
SCPS.US,5,20211208,174500,2.0872,2.0872,2.0872,2.0872,200,0
SCPS.US,5,20211208,175000,2.08,2.15,2.08,2.12,6250,0
SCPS.US,5,20211208,175500,2.1489,2.1499,2.1454,2.1454,4200,0
SCPS.US,5,20211208,180000,2.12,2.12,2.07,2.1,3635,0
SCPS.US,5,20211208,180500,2.09,2.1148,2.09,2.1,9810,0
SCPS.US,5,20211208,181000,2.12,2.12,2.105,2.105,275,0
SCPS.US,5,20211208,182000,2.1,2.1,2.1,2.1,400,0
SCPS.US,5,20211208,183000,2.12,2.12,2.12,2.12,100,0
SCPS.US,5,20211208,184000,2.13,2.13,2.13,2.13,100,0
SCPS.US,5,20211208,184500,2.13,2.13,2.102,2.102,600,0
SCPS.US,5,20211208,185000,2.1,2.1,2.1,2.1,375,0
SCPS.US,5,20211208,185500,2.1,2.1,2.1,2.1,1947,0
SCPS.US,5,20211208,190000,2.1262,2.14,2.122,2.14,4899,0
SCPS.US,5,20211208,191000,2.14,2.14,2.14,2.14,1825,0
SCPS.US,5,20211208,191500,2.11,2.12,2.04,2.11,10510,0
SCPS.US,5,20211208,192500,2.13,2.13,2.13,2.13,100,0
SCPS.US,5,20211208,193500,2.1379,2.18,2.13,2.16,5974,0
SCPS.US,5,20211208,194000,2.1533,2.1533,2.15,2.15,297,0
SCPS.US,5,20211208,194500,2.18,2.21,2.03,2.05,78720,0
SCPS.US,5,20211208,195000,2.055,2.08,2.04,2.08,36135,0
SCPS.US,5,20211208,195500,2.113,2.113,2.09,2.09,300,0
SCPS.US,5,20211208,200500,2.11,2.11,2.11,2.11,200,0
SCPS.US,5,20211208,201000,2.09,2.12,2.08,2.12,1150,0
SCPS.US,5,20211208,201500,2.11,2.11,2.11,2.11,100,0
SCPS.US,5,20211208,203000,2.116,2.12,2.09,2.09,738,0
SCPS.US,5,20211208,203500,2.1,2.1,2.09,2.09,847,0
SCPS.US,5,20211208,204000,2.08,2.08,2.08,2.08,980,0
SCPS.US,5,20211208,204500,2.12,2.12,2.12,2.12,100,0
SCPS.US,5,20211208,205000,2.095,2.095,2.095,2.095,145,0
SCPS.US,5,20211208,210000,2.11,2.1199,2.11,2.1199,1100,0
SCPS.US,5,20211208,210500,2.12,2.139,2.1,2.139,1323,0
SCPS.US,5,20211208,211000,2.12,2.12,2.1,2.1,820,0
SCPS.US,5,20211208,211500,2.11,2.125,2.11,2.125,403,0
SCPS.US,5,20211208,212000,2.12,2.12,2.12,2.12,400,0
SCPS.US,5,20211208,213000,2.1189,2.1189,2.115,2.115,200,0
SCPS.US,5,20211208,213500,2.12,2.12,2.11,2.11,400,0
SCPS.US,5,20211208,214000,2.11,2.12,2.11,2.12,5800,0
SCPS.US,5,20211208,214500,2.13,2.19,2.13,2.19,18830,0
SCPS.US,5,20211208,215000,2.18,2.1893,2.16,2.16,1783,0
SCPS.US,5,20211208,215500,2.18,2.19,2.15,2.18,4206,0
SCPS.US,5,20211209,153000,2.16,2.165,2.16,2.16,3113,0
SCPS.US,5,20211209,153500,2.17,2.17,2.1435,2.15,1200,0
SCPS.US,5,20211209,154500,2.1406,2.17,2.1406,2.17,850,0
SCPS.US,5,20211209,155500,2.165,2.165,2.165,2.165,100,0
SCPS.US,5,20211209,160000,2.17,2.17,2.17,2.17,100,0
SCPS.US,5,20211209,161000,2.17,2.17,2.17,2.17,815,0
SCPS.US,5,20211209,161500,2.15,2.16,2.1301,2.1301,4122,0
SCPS.US,5,20211209,162000,2.13,2.14,2.12,2.1201,2345,0
SCPS.US,5,20211209,162500,2.135,2.15,2.135,2.15,200,0
SCPS.US,5,20211209,163000,2.12,2.12,2.12,2.12,260,0
SCPS.US,5,20211209,164500,2.135,2.135,2.135,2.135,500,0
SCPS.US,5,20211209,171000,2.1601,2.17,2.1601,2.1699,3570,0
SCPS.US,5,20211209,171500,2.1678,2.19,2.165,2.19,3491,0
SCPS.US,5,20211209,172000,2.2,2.2,2.185,2.185,1300,0
SCPS.US,5,20211209,173000,2.18,2.18,2.18,2.18,4588,0
SCPS.US,5,20211209,173500,2.18,2.18,2.17,2.17,600,0
SCPS.US,5,20211209,174000,2.18,2.18,2.17,2.17,200,0
SCPS.US,5,20211209,174500,2.18,2.18,2.175,2.175,450,0
SCPS.US,5,20211209,175000,2.18,2.19,2.18,2.19,700,0
SCPS.US,5,20211209,180000,2.19,2.19,2.19,2.19,460,0
SCPS.US,5,20211209,181000,2.19,2.19,2.18,2.19,900,0
SCPS.US,5,20211209,181500,2.195,2.195,2.195,2.195,100,0
SCPS.US,5,20211209,182000,2.2,2.2,2.2,2.2,100,0
SCPS.US,5,20211209,182500,2.195,2.195,2.1909,2.1909,200,0
SCPS.US,5,20211209,183000,2.1901,2.24,2.17,2.215,17877,0
SCPS.US,5,20211209,183500,2.2,2.2,2.19,2.2,2141,0
SCPS.US,5,20211209,184000,2.1999,2.1999,2.19,2.1922,583,0
SCPS.US,5,20211209,184500,2.19,2.19,2.16,2.16,2402,0
SCPS.US,5,20211209,185000,2.14,2.14,2.14,2.14,2314,0
SCPS.US,5,20211209,190000,2.2,2.2,2.2,2.2,300,0
SCPS.US,5,20211209,190500,2.2,2.2,2.2,2.2,300,0
SCPS.US,5,20211209,191000,2.2,2.2,2.2,2.2,400,0
SCPS.US,5,20211209,191500,2.2,2.2,2.2,2.2,100,0
SCPS.US,5,20211209,192000,2.2,2.2,2.2,2.2,110,0
SCPS.US,5,20211209,192500,2.2,2.2,2.18,2.2,390,0
SCPS.US,5,20211209,193000,2.2,2.2,2.2,2.2,100,0
SCPS.US,5,20211209,194000,2.2,2.2,2.2,2.2,100,0
SCPS.US,5,20211209,195000,2.16,2.2,2.16,2.2,2060,0
SCPS.US,5,20211209,195500,2.2,2.2,2.2,2.2,100,0
SCPS.US,5,20211209,201000,2.2,2.2,2.2,2.2,100,0
SCPS.US,5,20211209,203500,2.174,2.174,2.174,2.174,1000,0
SCPS.US,5,20211209,204000,2.1985,2.2,2.1985,2.2,200,0
SCPS.US,5,20211209,204500,2.1948,2.1948,2.1948,2.1948,182,0
SCPS.US,5,20211209,205500,2.2,2.2,2.15,2.16,5008,0
SCPS.US,5,20211209,210000,2.1301,2.16,2.1301,2.1387,400,0
SCPS.US,5,20211209,210500,2.19,2.19,2.19,2.19,100,0
SCPS.US,5,20211209,211000,2.17,2.17,2.14,2.17,600,0
SCPS.US,5,20211209,211500,2.15,2.17,2.15,2.17,200,0
SCPS.US,5,20211209,213000,2.19,2.19,2.19,2.19,100,0
SCPS.US,5,20211209,213500,2.19,2.19,2.19,2.19,100,0
SCPS.US,5,20211209,214000,2.18,2.18,2.13,2.14,700,0
SCPS.US,5,20211209,214500,2.13,2.14,2.13,2.14,1829,0
SCPS.US,5,20211209,215000,2.12,2.17,2.12,2.15,5500,0
SCPS.US,5,20211209,215500,2.13,2.17,2.11,2.11,2390,0
SCPS.US,5,20211210,153000,2.17,2.17,2.17,2.17,100,0
SCPS.US,5,20211210,153500,2.16,2.16,2.1201,2.1201,4000,0
SCPS.US,5,20211210,154000,2.1201,2.1201,2.1201,2.1201,1000,0
SCPS.US,5,20211210,154500,2.1869,2.1869,2.1832,2.1832,600,0
SCPS.US,5,20211210,161500,2.14,2.14,2.13,2.13,4833,0
SCPS.US,5,20211210,162500,2.13,2.16,2.13,2.16,288,0
SCPS.US,5,20211210,164000,2.17,2.17,2.155,2.155,788,0
SCPS.US,5,20211210,165000,2.1303,2.1303,2.1303,2.1303,110,0
SCPS.US,5,20211210,170000,2.15,2.15,2.09,2.09,6065,0
SCPS.US,5,20211210,171000,2.1009,2.1009,2.1,2.1009,1244,0
SCPS.US,5,20211210,172500,2.0999,2.0999,2.0999,2.0999,1000,0
SCPS.US,5,20211210,173500,2.115,2.1532,2.115,2.1532,1623,0
SCPS.US,5,20211210,174000,2.09,2.09,2.09,2.09,227,0
SCPS.US,5,20211210,174500,2.0923,2.0923,2.0923,2.0923,180,0
SCPS.US,5,20211210,175500,2.12,2.135,2.12,2.12,545,0
SCPS.US,5,20211210,180500,2.12,2.12,2.12,2.12,600,0
SCPS.US,5,20211210,183500,2.1199,2.1199,2.1199,2.1199,2000,0
SCPS.US,5,20211210,184000,2.096,2.12,2.096,2.11,350,0
SCPS.US,5,20211210,190500,2.12,2.12,2.09,2.09,4370,0
SCPS.US,5,20211210,191000,2.1,2.1,2.1,2.1,100,0
SCPS.US,5,20211210,193500,2.1,2.1,2.06,2.1,5381,0
SCPS.US,5,20211210,194000,2.09,2.09,2.09,2.09,100,0
SCPS.US,5,20211210,201500,2.0779,2.0779,2.0779,2.0779,560,0
SCPS.US,5,20211210,203000,2.09,2.09,2.09,2.09,100,0
SCPS.US,5,20211210,203500,2.1,2.11,2.1,2.11,1358,0
SCPS.US,5,20211210,204000,2.11,2.11,2.11,2.11,324,0
SCPS.US,5,20211210,205500,2.1062,2.1062,2.1062,2.1062,200,0
SCPS.US,5,20211210,211000,2.095,2.095,2.095,2.095,800,0
SCPS.US,5,20211210,212000,2.1099,2.1099,2.1099,2.1099,500,0
SCPS.US,5,20211210,213500,2.1,2.1,2.0921,2.0921,600,0
SCPS.US,5,20211210,214000,2.08,2.1,2.08,2.09,412,0
SCPS.US,5,20211210,215000,2.08,2.08,2.08,2.08,1000,0
SCPS.US,5,20211210,215500,2.09,2.1,2.08,2.1,4918,0
SCPS.US,5,20211213,153000,2.06,2.06,2.06,2.06,916,0
SCPS.US,5,20211213,153500,2.0569,2.0569,2.0569,2.0569,200,0
SCPS.US,5,20211213,154000,2.085,2.085,2.07,2.07,1500,0
SCPS.US,5,20211213,154500,2.05,2.06,2.03,2.03,3675,0
SCPS.US,5,20211213,155000,2.0309,2.035,2.02,2.02,3180,0
SCPS.US,5,20211213,155500,2.01,2.05,2.01,2.0499,1000,0
SCPS.US,5,20211213,160000,2,2,1.95,1.95,22779,0
SCPS.US,5,20211213,160500,1.99,1.99,1.96,1.9836,650,0
SCPS.US,5,20211213,161000,1.9813,1.9873,1.93,1.9357,6058,0
SCPS.US,5,20211213,161500,1.96,1.96,1.93,1.96,800,0
SCPS.US,5,20211213,162000,1.965,1.97,1.965,1.97,1465,0
SCPS.US,5,20211213,162500,1.96,1.96,1.96,1.96,100,0
SCPS.US,5,20211213,163000,1.9501,1.9853,1.9501,1.9853,824,0
SCPS.US,5,20211213,163500,1.9899,1.9899,1.98,1.98,1100,0
SCPS.US,5,20211213,164000,1.9601,1.9601,1.96,1.96,900,0
SCPS.US,5,20211213,164500,1.97,1.97,1.97,1.97,125,0
SCPS.US,5,20211213,165000,1.99,1.99,1.99,1.99,100,0
SCPS.US,5,20211213,170000,1.96,1.9605,1.96,1.9605,1400,0
SCPS.US,5,20211213,170500,1.9605,1.9694,1.9605,1.9694,1321,0
SCPS.US,5,20211213,171000,1.965,1.965,1.96,1.96,2414,0
SCPS.US,5,20211213,171500,1.95,1.96,1.95,1.96,1976,0
SCPS.US,5,20211213,172500,1.95,1.9583,1.95,1.9583,201,0
SCPS.US,5,20211213,174000,1.945,1.945,1.94,1.94,2615,0
SCPS.US,5,20211213,175000,1.93,1.93,1.92,1.93,2350,0
SCPS.US,5,20211213,175500,1.92,1.92,1.9115,1.9115,1500,0
SCPS.US,5,20211213,180000,1.92,1.92,1.87,1.87,3617,0
SCPS.US,5,20211213,180500,1.8683,1.87,1.8683,1.87,2230,0
SCPS.US,5,20211213,181000,1.8902,1.8902,1.8902,1.8902,1000,0
SCPS.US,5,20211213,182500,1.92,1.92,1.915,1.915,440,0
SCPS.US,5,20211213,183000,1.915,1.9299,1.915,1.9299,300,0
SCPS.US,5,20211213,183500,1.93,1.93,1.91,1.91,3200,0
SCPS.US,5,20211213,185500,1.9088,1.91,1.905,1.9097,3654,0
SCPS.US,5,20211213,191000,1.94,1.94,1.94,1.94,100,0
SCPS.US,5,20211213,191500,1.9101,1.9101,1.9101,1.9101,210,0
SCPS.US,5,20211213,192000,1.9291,1.9291,1.9201,1.9201,1823,0
SCPS.US,5,20211213,192500,1.92,1.92,1.92,1.92,660,0
SCPS.US,5,20211213,193500,1.9246,1.9246,1.9201,1.9201,400,0
SCPS.US,5,20211213,194500,1.97,2.02,1.95,2.02,3000,0
SCPS.US,5,20211213,200500,1.995,1.995,1.98,1.98,400,0
SCPS.US,5,20211213,202000,2,2,2,2,100,0
SCPS.US,5,20211213,202500,2,2,2,2,100,0
SCPS.US,5,20211213,203000,2,2,1.999,2,2100,0
SCPS.US,5,20211213,205500,2,2,1.99,1.99,654,0
SCPS.US,5,20211213,210000,1.99,1.99,1.99,1.99,400,0
SCPS.US,5,20211213,210500,1.99,1.99,1.99,1.99,346,0
SCPS.US,5,20211213,211000,2.01,2.01,2.0099,2.0099,1550,0
SCPS.US,5,20211213,211500,2.02,2.02,2.02,2.02,200,0
SCPS.US,5,20211213,212500,2.005,2.005,2.005,2.005,200,0
SCPS.US,5,20211213,214500,2.01,2.01,2.01,2.01,300,0
SCPS.US,5,20211213,215000,2.02,2.02,2.02,2.02,200,0
SCPS.US,5,20211213,215500,2.0199,2.02,2,2,3948,0
SCPS.US,5,20211214,153000,2.01,2.01,2.01,2.01,1200,0
SCPS.US,5,20211214,153500,1.992,1.992,1.992,1.992,300,0
SCPS.US,5,20211214,154000,1.96,1.96,1.9501,1.9501,2000,0
SCPS.US,5,20211214,155000,1.98,1.98,1.92,1.92,1113,0
SCPS.US,5,20211214,155500,1.9101,1.9101,1.91,1.91,1000,0
SCPS.US,5,20211214,160000,1.97,1.97,1.9115,1.9115,1000,0
SCPS.US,5,20211214,160500,1.91,1.91,1.91,1.91,630,0
SCPS.US,5,20211214,161000,1.9,1.929,1.89,1.929,1485,0
SCPS.US,5,20211214,161500,1.8901,1.8901,1.8901,1.8901,519,0
SCPS.US,5,20211214,162000,1.9552,1.9552,1.9552,1.9552,200,0
SCPS.US,5,20211214,162500,1.935,1.9599,1.935,1.9599,230,0
SCPS.US,5,20211214,163500,1.91,1.91,1.91,1.91,109,0
SCPS.US,5,20211214,164500,1.91,1.91,1.86,1.86,9194,0
SCPS.US,5,20211214,165000,1.96,1.96,1.96,1.96,100,0
SCPS.US,5,20211214,170000,1.92,1.92,1.92,1.92,341,0
SCPS.US,5,20211214,170500,1.95,1.95,1.92,1.92,1762,0
SCPS.US,5,20211214,171000,1.8667,1.8667,1.8667,1.8667,3992,0
SCPS.US,5,20211214,172000,1.915,1.915,1.905,1.905,200,0
SCPS.US,5,20211214,172500,1.9,1.905,1.8999,1.8999,5246,0
SCPS.US,5,20211214,173000,1.8801,1.8999,1.8801,1.8999,5900,0
SCPS.US,5,20211214,173500,1.898,1.9,1.8862,1.9,599,0
SCPS.US,5,20211214,174000,1.89,1.89,1.89,1.89,1000,0
SCPS.US,5,20211214,175000,1.9,1.9,1.89,1.89,1100,0
SCPS.US,5,20211214,180500,1.898,1.898,1.898,1.898,100,0
SCPS.US,5,20211214,181000,1.9,1.9,1.9,1.9,200,0
SCPS.US,5,20211214,182000,1.8985,1.8985,1.8985,1.8985,718,0
SCPS.US,5,20211214,183000,1.9,1.9,1.88,1.88,1421,0
SCPS.US,5,20211214,185500,1.89,1.89,1.89,1.89,100,0
SCPS.US,5,20211214,190000,1.89,1.89,1.89,1.89,200,0
SCPS.US,5,20211214,191000,1.91,1.91,1.91,1.91,200,0
SCPS.US,5,20211214,194000,1.91,1.91,1.91,1.91,100,0
SCPS.US,5,20211214,195500,1.875,1.875,1.875,1.875,200,0
SCPS.US,5,20211214,203000,1.89,1.89,1.89,1.89,200,0
SCPS.US,5,20211214,204000,1.89,1.89,1.89,1.89,100,0
SCPS.US,5,20211214,210500,1.88,1.88,1.8702,1.8702,5000,0
SCPS.US,5,20211214,211500,1.88,1.88,1.87,1.87,1160,0
SCPS.US,5,20211214,212000,1.8859,1.89,1.8859,1.89,207,0
SCPS.US,5,20211214,212500,1.89,1.89,1.88,1.89,400,0
SCPS.US,5,20211214,213000,1.89,1.89,1.89,1.89,100,0
SCPS.US,5,20211214,214500,1.89,1.89,1.8848,1.89,2316,0
SCPS.US,5,20211214,215000,1.89,1.91,1.89,1.91,500,0
SCPS.US,5,20211214,215500,1.92,1.92,1.9,1.9,1238,0
SCPS.US,5,20211215,153000,1.84,1.84,1.84,1.84,2625,0
SCPS.US,5,20211215,153500,1.86,1.88,1.86,1.88,450,0
SCPS.US,5,20211215,155000,1.88,1.88,1.88,1.88,100,0
SCPS.US,5,20211215,155500,1.865,1.865,1.85,1.85,1800,0
SCPS.US,5,20211215,160000,1.87,1.87,1.85,1.86,1750,0
SCPS.US,5,20211215,160500,1.82,1.825,1.79,1.79,12071,0
SCPS.US,5,20211215,161000,1.8262,1.8262,1.8001,1.8001,542,0
SCPS.US,5,20211215,161500,1.8,1.8,1.8,1.8,666,0
SCPS.US,5,20211215,162500,1.815,1.822,1.76,1.822,3070,0
SCPS.US,5,20211215,163000,1.7626,1.7626,1.7626,1.7626,1300,0
SCPS.US,5,20211215,164000,1.76,1.81,1.76,1.81,1300,0
SCPS.US,5,20211215,165000,1.7946,1.8,1.7915,1.8,4524,0
SCPS.US,5,20211215,171000,1.78,1.78,1.76,1.76,2699,0
SCPS.US,5,20211215,171500,1.75,1.77,1.75,1.77,5500,0
SCPS.US,5,20211215,172000,1.77,1.79,1.77,1.79,200,0
SCPS.US,5,20211215,173500,1.78,1.79,1.75,1.79,835,0
SCPS.US,5,20211215,175000,1.75,1.78,1.75,1.78,700,0
SCPS.US,5,20211215,180000,1.7508,1.7508,1.7501,1.7501,605,0
SCPS.US,5,20211215,181000,1.7531,1.7531,1.75,1.75,1450,0
SCPS.US,5,20211215,182500,1.77,1.77,1.77,1.77,200,0
SCPS.US,5,20211215,185000,1.77,1.77,1.77,1.77,100,0
SCPS.US,5,20211215,185500,1.77,1.77,1.77,1.77,100,0
SCPS.US,5,20211215,194500,1.77,1.77,1.77,1.77,100,0
SCPS.US,5,20211215,195000,1.77,1.77,1.77,1.77,500,0
SCPS.US,5,20211215,195500,1.77,1.77,1.75,1.75,400,0
SCPS.US,5,20211215,200000,1.7589,1.7589,1.7589,1.7589,100,0
SCPS.US,5,20211215,200500,1.76,1.81,1.76,1.8,9623,0
SCPS.US,5,20211215,201500,1.82,1.82,1.82,1.82,1736,0
SCPS.US,5,20211215,202000,1.8026,1.83,1.8026,1.83,1089,0
SCPS.US,5,20211215,202500,1.83,1.83,1.83,1.83,200,0
SCPS.US,5,20211215,203500,1.83,1.83,1.81,1.81,500,0
SCPS.US,5,20211215,204000,1.8142,1.8142,1.8142,1.8142,273,0
SCPS.US,5,20211215,205000,1.85,1.87,1.85,1.87,200,0
SCPS.US,5,20211215,205500,1.87,1.87,1.87,1.87,100,0
SCPS.US,5,20211215,210000,1.87,1.87,1.87,1.87,100,0
SCPS.US,5,20211215,210500,1.87,1.87,1.87,1.87,602,0
SCPS.US,5,20211215,211000,1.87,1.87,1.87,1.87,100,0
SCPS.US,5,20211215,212000,1.87,1.9,1.87,1.9,925,0
SCPS.US,5,20211215,212500,1.9,1.9,1.9,1.9,224,0
SCPS.US,5,20211215,213000,1.89,1.9,1.89,1.9,1428,0
SCPS.US,5,20211215,213500,1.89,1.89,1.84,1.85,5519,0
SCPS.US,5,20211215,214000,1.85,1.85,1.845,1.85,524,0
SCPS.US,5,20211215,214500,1.85,1.85,1.8,1.8,5687,0
SCPS.US,5,20211215,215000,1.84,1.98,1.84,1.98,12984,0
SCPS.US,5,20211215,215500,1.99,1.99,1.97,1.98,26416,0
SCPS.US,5,20211216,153000,1.91,1.91,1.91,1.91,2100,0
SCPS.US,5,20211216,154000,1.91,1.91,1.91,1.91,500,0
SCPS.US,5,20211216,155000,1.89,1.93,1.89,1.93,462,0
SCPS.US,5,20211216,155500,1.93,1.93,1.93,1.93,100,0
SCPS.US,5,20211216,161000,1.89,1.89,1.89,1.89,400,0
SCPS.US,5,20211216,161500,1.89,1.93,1.89,1.93,900,0
SCPS.US,5,20211216,162000,1.93,1.93,1.93,1.93,100,0
SCPS.US,5,20211216,162500,1.93,1.94,1.93,1.94,400,0
SCPS.US,5,20211216,163000,1.94,1.94,1.905,1.905,660,0
SCPS.US,5,20211216,163500,1.9152,1.9152,1.9152,1.9152,100,0
SCPS.US,5,20211216,164000,1.8707,1.8707,1.8707,1.8707,1000,0
SCPS.US,5,20211216,164500,1.8702,1.905,1.8502,1.9,5000,0
SCPS.US,5,20211216,165000,1.94,1.94,1.8801,1.8801,1475,0
SCPS.US,5,20211216,165500,1.93,1.93,1.93,1.93,200,0
SCPS.US,5,20211216,170000,1.8802,1.92,1.8802,1.92,1600,0
SCPS.US,5,20211216,170500,1.89,1.89,1.89,1.89,100,0
SCPS.US,5,20211216,172000,1.9,1.9,1.8701,1.8701,1100,0
SCPS.US,5,20211216,173000,1.8702,1.9,1.87,1.9,7100,0
SCPS.US,5,20211216,173500,1.9,1.93,1.9,1.93,200,0
SCPS.US,5,20211216,174500,1.92,1.93,1.9,1.9,400,0
SCPS.US,5,20211216,175000,1.875,1.875,1.8502,1.8502,1367,0
SCPS.US,5,20211216,175500,1.85,1.89,1.83,1.8302,24817,0
SCPS.US,5,20211216,180000,1.9,1.9,1.9,1.9,100,0
SCPS.US,5,20211216,180500,1.9,1.9,1.9,1.9,200,0
SCPS.US,5,20211216,181000,1.9,1.9,1.9,1.9,100,0
SCPS.US,5,20211216,181500,1.9,1.9,1.9,1.9,100,0
SCPS.US,5,20211216,182000,1.9,1.9,1.865,1.865,200,0
SCPS.US,5,20211216,183000,1.9,1.9,1.83,1.83,300,0
SCPS.US,5,20211216,183500,1.9,1.9,1.89,1.89,200,0
SCPS.US,5,20211216,184000,1.855,1.855,1.855,1.855,100,0
SCPS.US,5,20211216,191000,1.875,1.88,1.85,1.86,3700,0
SCPS.US,5,20211216,192000,1.83,1.83,1.83,1.83,100,0
SCPS.US,5,20211216,192500,1.845,1.845,1.845,1.845,541,0
SCPS.US,5,20211216,193000,1.845,1.86,1.845,1.86,200,0
SCPS.US,5,20211216,194500,1.845,1.845,1.83,1.83,583,0
SCPS.US,5,20211216,195500,1.845,1.8565,1.845,1.8565,371,0
SCPS.US,5,20211216,200500,1.86,1.86,1.86,1.86,200,0
SCPS.US,5,20211216,201000,1.845,1.85,1.845,1.85,200,0
SCPS.US,5,20211216,202000,1.83,1.85,1.83,1.85,446,0
SCPS.US,5,20211216,202500,1.86,1.86,1.86,1.86,100,0
SCPS.US,5,20211216,203500,1.845,1.86,1.845,1.85,8600,0
SCPS.US,5,20211216,204000,1.85,1.86,1.85,1.86,600,0
SCPS.US,5,20211216,204500,1.86,1.86,1.83,1.845,772,0
SCPS.US,5,20211216,205000,1.86,1.86,1.86,1.86,100,0
SCPS.US,5,20211216,205500,1.86,1.86,1.86,1.86,100,0
SCPS.US,5,20211216,210000,1.86,1.86,1.86,1.86,100,0
SCPS.US,5,20211216,210500,1.86,1.86,1.86,1.86,100,0
SCPS.US,5,20211216,211000,1.845,1.86,1.845,1.85,700,0
SCPS.US,5,20211216,212000,1.85,1.86,1.85,1.86,801,0
SCPS.US,5,20211216,212500,1.86,1.86,1.86,1.86,100,0
SCPS.US,5,20211216,213000,1.84,1.84,1.84,1.84,100,0
SCPS.US,5,20211216,213500,1.85,1.86,1.85,1.86,1100,0
SCPS.US,5,20211216,214000,1.84,1.86,1.84,1.86,600,0
SCPS.US,5,20211216,214500,1.83,1.87,1.83,1.87,753,0
SCPS.US,5,20211216,215000,1.87,1.96,1.87,1.96,11016,0
SCPS.US,5,20211216,215500,1.98,1.99,1.84,1.94,55814,0
SCPS.US,5,20211217,153000,1.9,1.9,1.9,1.9,643,0
SCPS.US,5,20211217,154500,1.9061,1.9061,1.9024,1.9024,1450,0
SCPS.US,5,20211217,155000,1.94,1.94,1.94,1.94,150,0
SCPS.US,5,20211217,160000,1.91,1.91,1.91,1.91,100,0
SCPS.US,5,20211217,160500,1.9,1.92,1.86,1.88,7935,0
SCPS.US,5,20211217,161000,1.88,1.885,1.88,1.885,1900,0
SCPS.US,5,20211217,162500,1.885,1.89,1.885,1.89,400,0
SCPS.US,5,20211217,163000,1.9,1.9,1.9,1.9,100,0
SCPS.US,5,20211217,164000,1.935,1.97,1.935,1.97,1100,0
SCPS.US,5,20211217,164500,1.97,1.972,1.97,1.97,400,0
SCPS.US,5,20211217,165500,1.9652,1.9652,1.9652,1.9652,100,0
SCPS.US,5,20211217,170000,1.965,1.965,1.9,1.935,9788,0
SCPS.US,5,20211217,171000,1.935,1.935,1.935,1.935,100,0
SCPS.US,5,20211217,171500,1.945,1.9666,1.945,1.9666,600,0
SCPS.US,5,20211217,172000,1.95,1.95,1.95,1.95,100,0
SCPS.US,5,20211217,173000,1.955,1.955,1.955,1.955,100,0
SCPS.US,5,20211217,173500,1.94,1.94,1.94,1.94,500,0
SCPS.US,5,20211217,174000,1.94,1.96,1.89,1.89,800,0
SCPS.US,5,20211217,175500,1.925,1.9309,1.925,1.9309,1090,0
SCPS.US,5,20211217,180500,1.95,1.95,1.95,1.95,100,0
SCPS.US,5,20211217,181500,1.94,1.94,1.94,1.94,100,0
SCPS.US,5,20211217,182000,1.91,1.91,1.84,1.87,5384,0
SCPS.US,5,20211217,182500,1.845,1.845,1.845,1.845,100,0
SCPS.US,5,20211217,183500,1.8573,1.9,1.85,1.9,7088,0
SCPS.US,5,20211217,185000,1.94,1.96,1.94,1.96,200,0
SCPS.US,5,20211217,192000,1.9049,1.9049,1.9049,1.9049,200,0
SCPS.US,5,20211217,200000,1.92,1.93,1.92,1.92,6821,0
SCPS.US,5,20211217,201000,1.92,1.92,1.92,1.92,100,0
SCPS.US,5,20211217,201500,1.91,1.9101,1.9,1.9,1200,0
SCPS.US,5,20211217,203000,1.9,1.91,1.9,1.91,800,0
SCPS.US,5,20211217,203500,1.91,1.91,1.91,1.91,700,0
SCPS.US,5,20211217,204000,1.9,1.9,1.9,1.9,100,0
SCPS.US,5,20211217,210000,1.91,1.92,1.91,1.92,3938,0
SCPS.US,5,20211217,210500,1.95,1.96,1.95,1.96,870,0
SCPS.US,5,20211217,211000,1.97,1.97,1.97,1.97,100,0
SCPS.US,5,20211217,211500,1.97,1.97,1.97,1.97,100,0
SCPS.US,5,20211217,212000,1.97,1.97,1.97,1.97,100,0
SCPS.US,5,20211217,213500,1.95,1.96,1.95,1.96,500,0
SCPS.US,5,20211217,214000,1.96,1.96,1.96,1.96,100,0
SCPS.US,5,20211217,214500,1.96,1.9684,1.96,1.96,555,0
SCPS.US,5,20211217,215000,1.97,2,1.96,2,7361,0
SCPS.US,5,20211217,215500,1.99,2,1.9,1.99,91376,0
SCPS.US,5,20211220,153000,1.96,1.96,1.96,1.96,113,0
SCPS.US,5,20211220,160000,1.9269,1.9269,1.9269,1.9269,2000,0
SCPS.US,5,20211220,160500,1.93,1.96,1.93,1.95,456,0
SCPS.US,5,20211220,161000,1.9217,1.9217,1.9217,1.9217,100,0
SCPS.US,5,20211220,161500,1.92,1.92,1.92,1.92,100,0
SCPS.US,5,20211220,163000,1.9253,1.9253,1.9253,1.9253,125,0
SCPS.US,5,20211220,170000,1.945,1.96,1.945,1.96,1200,0
SCPS.US,5,20211220,170500,1.96,1.96,1.95,1.95,200,0
SCPS.US,5,20211220,171000,1.96,1.96,1.96,1.96,200,0
SCPS.US,5,20211220,171500,1.95,1.95,1.93,1.94,2095,0
SCPS.US,5,20211220,172000,1.94,1.94,1.89,1.9,1592,0
SCPS.US,5,20211220,175500,1.89,1.89,1.89,1.89,101,0
SCPS.US,5,20211220,180000,1.93,1.93,1.93,1.93,100,0
SCPS.US,5,20211220,180500,1.93,1.93,1.93,1.93,200,0
SCPS.US,5,20211220,181500,1.93,1.93,1.93,1.93,180,0
SCPS.US,5,20211220,190000,1.9284,1.9284,1.9284,1.9284,130,0
SCPS.US,5,20211220,192000,1.91,1.91,1.88,1.9,4432,0
SCPS.US,5,20211220,192500,1.92,1.92,1.91,1.92,900,0
SCPS.US,5,20211220,194000,1.91,1.915,1.9,1.915,800,0
SCPS.US,5,20211220,195000,1.9,1.9,1.88,1.88,800,0
SCPS.US,5,20211220,200000,1.875,1.9,1.875,1.9,2010,0
SCPS.US,5,20211220,200500,1.9,1.9,1.9,1.9,100,0
SCPS.US,5,20211220,201500,1.9,1.9,1.9,1.9,1200,0
SCPS.US,5,20211220,203000,1.89,1.89,1.89,1.89,1000,0
SCPS.US,5,20211220,204500,1.92,1.92,1.92,1.92,100,0
SCPS.US,5,20211220,211000,1.93,1.94,1.9272,1.93,600,0
SCPS.US,5,20211220,211500,1.9276,1.9276,1.9276,1.9276,100,0
SCPS.US,5,20211220,212000,1.9201,1.9273,1.9201,1.9273,1600,0
SCPS.US,5,20211220,212500,1.9273,1.93,1.9273,1.93,200,0
SCPS.US,5,20211220,213000,1.9373,1.9373,1.936,1.936,200,0
SCPS.US,5,20211220,213500,1.92,1.92,1.88,1.92,5100,0
SCPS.US,5,20211220,214000,1.935,1.94,1.91,1.9273,3100,0
SCPS.US,5,20211220,214500,1.93,1.94,1.88,1.89,13415,0
SCPS.US,5,20211220,215000,1.96,2,1.93,1.97,36770,0
SCPS.US,5,20211220,215500,1.965,2.01,1.9,2.01,26828,0
SCPS.US,5,20211221,153000,1.99,1.99,1.99,1.99,991,0
SCPS.US,5,20211221,155500,2.0099,2.0099,1.9908,2,39285,0
SCPS.US,5,20211221,160000,2,2.01,1.99,2,1430,0
SCPS.US,5,20211221,160500,2,2,2,2,500,0
SCPS.US,5,20211221,161000,2,2,2,2,100,0
SCPS.US,5,20211221,161500,2,2,2,2,100,0
SCPS.US,5,20211221,162000,1.99,1.99,1.9,1.94,6440,0
SCPS.US,5,20211221,162500,1.95,1.95,1.95,1.95,100,0
SCPS.US,5,20211221,163500,1.95,1.97,1.95,1.97,1941,0
SCPS.US,5,20211221,164000,1.97,1.97,1.97,1.97,100,0
SCPS.US,5,20211221,164500,1.99,1.99,1.99,1.99,100,0
SCPS.US,5,20211221,165000,1.96,1.96,1.95,1.95,1100,0
SCPS.US,5,20211221,165500,1.98,1.98,1.98,1.98,250,0
SCPS.US,5,20211221,170500,1.95,2,1.95,2,200,0
SCPS.US,5,20211221,171000,2,2.01,1.99,2,1615,0
SCPS.US,5,20211221,172500,2,2.01,1.9845,1.9845,1388,0
SCPS.US,5,20211221,174000,2.02,2.02,2.02,2.02,100,0
SCPS.US,5,20211221,175000,1.9952,1.9952,1.99,1.99,500,0
SCPS.US,5,20211221,175500,1.98,1.98,1.98,1.98,100,0
SCPS.US,5,20211221,180000,2.01,2.01,2.01,2.01,100,0
SCPS.US,5,20211221,180500,2.0085,2.0085,1.99,1.99,300,0
SCPS.US,5,20211221,181500,1.99,1.99,1.99,1.99,100,0
SCPS.US,5,20211221,182500,1.98,1.98,1.98,1.98,200,0
SCPS.US,5,20211221,183000,1.98,1.98,1.97,1.97,200,0
SCPS.US,5,20211221,184500,1.98,1.98,1.94,1.97,1300,0
SCPS.US,5,20211221,190000,1.93,1.96,1.93,1.96,200,0
SCPS.US,5,20211221,191500,1.96,1.96,1.9552,1.9552,200,0
SCPS.US,5,20211221,192000,1.9231,1.9231,1.9231,1.9231,1000,0
SCPS.US,5,20211221,192500,1.92,1.92,1.92,1.92,100,0
SCPS.US,5,20211221,194000,1.9434,1.9434,1.9434,1.9434,100,0
SCPS.US,5,20211221,194500,1.95,1.95,1.93,1.93,250,0
SCPS.US,5,20211221,195000,1.93,1.95,1.93,1.94,739,0
SCPS.US,5,20211221,200000,1.94,1.94,1.94,1.94,100,0
SCPS.US,5,20211221,200500,1.91,1.91,1.91,1.91,100,0
SCPS.US,5,20211221,201500,1.94,1.98,1.94,1.98,3406,0
SCPS.US,5,20211221,202000,1.98,1.98,1.98,1.98,100,0
SCPS.US,5,20211221,203000,1.98,1.98,1.98,1.98,200,0
SCPS.US,5,20211221,204000,1.93,1.93,1.93,1.93,100,0
SCPS.US,5,20211221,205500,1.98,1.98,1.93,1.98,400,0
SCPS.US,5,20211221,210000,1.94,1.98,1.94,1.955,917,0
SCPS.US,5,20211221,211500,1.97,1.97,1.93,1.96,300,0
SCPS.US,5,20211221,212500,1.93,1.95,1.91,1.935,4680,0
SCPS.US,5,20211221,213000,1.96,1.96,1.95,1.96,1127,0
SCPS.US,5,20211221,214500,1.92,1.95,1.92,1.95,200,0
SCPS.US,5,20211221,215000,1.96,2.03,1.96,2,28094,0
SCPS.US,5,20211221,215500,2,2.06,2,2.06,99591,0
SCPS.US,5,20211222,153000,2.03,2.03,1.96,1.96,6763,0
SCPS.US,5,20211222,153500,2,2.0135,2,2.0135,200,0
SCPS.US,5,20211222,154000,1.9652,1.9652,1.9652,1.9652,248,0
SCPS.US,5,20211222,154500,1.9601,2.0065,1.9601,2.0065,1235,0
SCPS.US,5,20211222,155000,2.02,2.02,1.99,2.01,2514,0
SCPS.US,5,20211222,155500,2.01,2.01,2.01,2.01,100,0
SCPS.US,5,20211222,160000,1.985,1.985,1.985,1.985,700,0
SCPS.US,5,20211222,161000,1.985,1.985,1.97,1.985,18505,0
SCPS.US,5,20211222,161500,2,2,1.99,1.995,1200,0
SCPS.US,5,20211222,162000,2,2.02,2,2.01,600,0
SCPS.US,5,20211222,162500,2.02,2.02,2.02,2.02,100,0
SCPS.US,5,20211222,163000,2.02,2.02,2.01,2.01,600,0
SCPS.US,5,20211222,164000,2,2,2,2,3300,0
SCPS.US,5,20211222,164500,2.007,2.0073,2.007,2.0073,423,0
SCPS.US,5,20211222,165000,2,2,2,2,1000,0
SCPS.US,5,20211222,170000,2.0001,2.0001,2.0001,2.0001,103,0
SCPS.US,5,20211222,170500,2.01,2.01,2.01,2.01,100,0
SCPS.US,5,20211222,172000,2.0001,2.0183,2.0001,2.01,1917,0
SCPS.US,5,20211222,180000,2.01,2.0173,2.01,2.01,300,0
SCPS.US,5,20211222,182000,2.015,2.02,2.015,2.02,200,0
SCPS.US,5,20211222,182500,2.02,2.02,2.02,2.02,827,0
SCPS.US,5,20211222,183000,2.02,2.04,2.02,2.04,400,0
SCPS.US,5,20211222,183500,2.04,2.04,2.04,2.04,200,0
SCPS.US,5,20211222,184500,2.04,2.04,2.04,2.04,1018,0
SCPS.US,5,20211222,190000,2.04,2.04,2.04,2.04,300,0
SCPS.US,5,20211222,190500,2.03,2.05,2.03,2.05,1000,0
SCPS.US,5,20211222,192000,2.0496,2.05,2.0496,2.05,3000,0
SCPS.US,5,20211222,192500,2.0502,2.08,2.0502,2.08,7229,0
SCPS.US,5,20211222,193000,2.09,2.11,2.09,2.11,3270,0
SCPS.US,5,20211222,193500,2.1,2.1,2.08,2.08,5100,0
SCPS.US,5,20211222,194000,2.0802,2.09,2.0802,2.085,700,0
SCPS.US,5,20211222,194500,2.089,2.089,2.08,2.08,300,0
SCPS.US,5,20211222,195000,2.085,2.085,2.085,2.085,200,0
SCPS.US,5,20211222,195500,2.08,2.0802,2.08,2.0802,2894,0
SCPS.US,5,20211222,200000,2.07,2.07,1.93,2,20949,0
SCPS.US,5,20211222,200500,2.01,2.02,1.99,2.02,704,0
SCPS.US,5,20211222,201000,2.0041,2.0312,2.0041,2.0312,600,0
SCPS.US,5,20211222,203000,2.03,2.03,2.03,2.03,100,0
SCPS.US,5,20211222,211500,2.03,2.03,2.03,2.03,100,0
SCPS.US,5,20211222,213000,2.01,2.05,2.01,2.05,1959,0
SCPS.US,5,20211222,214000,1.9905,1.9905,1.9905,1.9905,1000,0
SCPS.US,5,20211222,214500,2.0001,2.0001,2.0001,2.0001,1000,0
SCPS.US,5,20211222,215000,2.01,2.01,2.01,2.01,200,0
SCPS.US,5,20211222,215500,2.02,2.02,2,2,1266,0
SCPS.US,5,20211223,153000,1.98,1.98,1.97,1.97,517,0
SCPS.US,5,20211223,153500,1.99,1.99,1.98,1.98,2200,0
SCPS.US,5,20211223,154000,1.98,1.98,1.98,1.98,100,0
SCPS.US,5,20211223,155000,1.99,1.99,1.99,1.99,1100,0
SCPS.US,5,20211223,155500,1.975,1.975,1.975,1.975,200,0
SCPS.US,5,20211223,160000,1.99,1.99,1.96,1.96,1840,0
SCPS.US,5,20211223,161000,1.9632,1.9632,1.9632,1.9632,350,0
SCPS.US,5,20211223,161500,1.975,1.975,1.9601,1.9601,1600,0
SCPS.US,5,20211223,162500,1.97,1.97,1.9425,1.9425,2290,0
SCPS.US,5,20211223,163000,1.955,1.955,1.955,1.955,100,0
SCPS.US,5,20211223,163500,1.95,1.95,1.95,1.95,100,0
SCPS.US,5,20211223,164500,1.94,1.94,1.94,1.94,654,0
SCPS.US,5,20211223,165000,1.945,1.9501,1.945,1.95,2400,0
SCPS.US,5,20211223,165500,1.95,1.95,1.95,1.95,680,0
SCPS.US,5,20211223,170000,1.9553,1.9553,1.94,1.94,230,0
SCPS.US,5,20211223,171000,1.96,1.96,1.96,1.96,490,0
SCPS.US,5,20211223,172500,1.95,1.95,1.95,1.95,247,0
SCPS.US,5,20211223,173500,1.9581,1.9581,1.9581,1.9581,100,0
SCPS.US,5,20211223,174000,1.96,1.96,1.96,1.96,100,0
SCPS.US,5,20211223,174500,1.9409,1.9409,1.9409,1.9409,200,0
SCPS.US,5,20211223,175000,1.96,1.96,1.96,1.96,100,0
SCPS.US,5,20211223,175500,1.94,1.94,1.94,1.94,385,0
SCPS.US,5,20211223,181000,1.94,1.94,1.92,1.92,1248,0
SCPS.US,5,20211223,182500,1.9499,1.9581,1.91,1.9581,930,0
SCPS.US,5,20211223,183000,1.9532,1.9532,1.9532,1.9532,100,0
SCPS.US,5,20211223,183500,1.9131,1.9131,1.9131,1.9131,900,0
SCPS.US,5,20211223,184000,1.91,1.93,1.91,1.93,1600,0
SCPS.US,5,20211223,185500,1.8906,1.8906,1.8906,1.8906,500,0
SCPS.US,5,20211223,190000,1.92,1.95,1.91,1.91,300,0
SCPS.US,5,20211223,191000,1.93,1.93,1.93,1.93,500,0
SCPS.US,5,20211223,192500,1.91,1.91,1.91,1.91,643,0
SCPS.US,5,20211223,193500,1.97,1.97,1.97,1.97,1000,0
SCPS.US,5,20211223,194000,1.92,1.92,1.92,1.92,100,0
SCPS.US,5,20211223,194500,1.9239,1.9422,1.9239,1.9422,1700,0
SCPS.US,5,20211223,195000,1.92,1.92,1.92,1.92,100,0
SCPS.US,5,20211223,200000,1.95,1.95,1.92,1.92,200,0
SCPS.US,5,20211223,200500,1.91,1.91,1.91,1.91,1857,0
SCPS.US,5,20211223,201500,1.8847,1.94,1.8847,1.94,1600,0
SCPS.US,5,20211223,202000,1.95,1.95,1.95,1.95,100,0
SCPS.US,5,20211223,202500,1.92,1.945,1.92,1.945,400,0
SCPS.US,5,20211223,203500,1.9,1.92,1.9,1.92,200,0
SCPS.US,5,20211223,205000,1.8973,1.8973,1.8973,1.8973,200,0
SCPS.US,5,20211223,210500,1.89,1.91,1.89,1.91,200,0
SCPS.US,5,20211223,211000,1.9062,1.9062,1.9062,1.9062,350,0
SCPS.US,5,20211223,212000,1.91,1.91,1.91,1.91,100,0
SCPS.US,5,20211223,213000,1.91,1.91,1.91,1.91,100,0
SCPS.US,5,20211223,213500,1.9,1.9,1.9,1.9,100,0
SCPS.US,5,20211223,214000,1.91,1.91,1.91,1.91,100,0
SCPS.US,5,20211223,215000,1.91,1.91,1.91,1.91,100,0
SCPS.US,5,20211223,215500,1.91,1.92,1.9,1.91,2002,0
