<TICKER>,<PER>,<DATE>,<TIME>,<OPEN>,<HIGH>,<LOW>,<CLOSE>,<VOL>,<OPENINT>
SYBT.US,5,20211104,143000,64.12,64.37,63.835,63.835,962,0
SYBT.US,5,20211104,144500,64.01,64.01,63.89,63.89,200,0
SYBT.US,5,20211104,145000,63.885,63.885,63.885,63.885,100,0
SYBT.US,5,20211104,145500,63.855,63.855,63.855,63.855,100,0
SYBT.US,5,20211104,151500,63.68,63.68,63.68,63.68,100,0
SYBT.US,5,20211104,152000,63.625,63.625,63.3925,63.3925,800,0
SYBT.US,5,20211104,152500,63.46,63.605,63.41,63.6,1200,0
SYBT.US,5,20211104,153000,63.5,63.5,63.5,63.5,100,0
SYBT.US,5,20211104,153500,63.645,63.645,63.645,63.645,200,0
SYBT.US,5,20211104,154000,63.65,63.67,63.65,63.67,200,0
SYBT.US,5,20211104,154500,63.63,63.65,63.63,63.65,200,0
SYBT.US,5,20211104,155000,63.37,63.37,63.37,63.37,100,0
SYBT.US,5,20211104,155500,63.47,63.47,63.47,63.47,100,0
SYBT.US,5,20211104,160000,63.445,63.445,63.445,63.445,100,0
SYBT.US,5,20211104,161000,63.4,63.45,63.4,63.45,200,0
SYBT.US,5,20211104,162000,63.69,63.69,63.635,63.635,200,0
SYBT.US,5,20211104,162500,63.38,63.38,63.34,63.34,200,0
SYBT.US,5,20211104,164500,63.805,63.805,63.805,63.805,200,0
SYBT.US,5,20211104,165500,63.67,63.715,63.54,63.715,374,0
SYBT.US,5,20211104,170500,63.545,63.545,63.42,63.49,400,0
SYBT.US,5,20211104,172000,63.42,63.45,63.37,63.37,300,0
SYBT.US,5,20211104,172500,63.31,63.4,63.31,63.4,600,0
SYBT.US,5,20211104,173500,63.32,63.32,63.32,63.32,100,0
SYBT.US,5,20211104,174000,63.24,63.24,63.23,63.23,200,0
SYBT.US,5,20211104,174500,63.34,63.42,63.34,63.42,300,0
SYBT.US,5,20211104,175000,63.37,63.39,63.36,63.39,500,0
SYBT.US,5,20211104,180000,63.35,63.35,63.35,63.35,201,0
SYBT.US,5,20211104,180500,63.36,63.36,63.34,63.35,500,0
SYBT.US,5,20211104,181000,63.395,63.48,63.395,63.395,300,0
SYBT.US,5,20211104,182000,63.41,63.41,63.41,63.41,100,0
SYBT.US,5,20211104,182500,63.36,63.485,63.36,63.485,1000,0
SYBT.US,5,20211104,183000,63.41,63.41,63.41,63.41,100,0
SYBT.US,5,20211104,183500,63.415,63.535,63.36,63.425,500,0
SYBT.US,5,20211104,185000,63.34,63.34,63.34,63.34,100,0
SYBT.US,5,20211104,185500,63.34,63.34,63.34,63.34,100,0
SYBT.US,5,20211104,191500,63.395,63.395,63.28,63.28,700,0
SYBT.US,5,20211104,192000,63.35,63.35,63.35,63.35,100,0
SYBT.US,5,20211104,192500,63.3,63.3,63.3,63.3,100,0
SYBT.US,5,20211104,193500,63.32,63.32,63.16,63.16,400,0
SYBT.US,5,20211104,194000,63.285,63.285,63.285,63.285,100,0
SYBT.US,5,20211104,194500,63.16,63.16,63.08,63.08,303,0
SYBT.US,5,20211104,195000,63.15,63.2,63.15,63.2,701,0
SYBT.US,5,20211104,195500,63.27,63.27,63.2,63.2,300,0
SYBT.US,5,20211104,200000,63.3,63.3,63.19,63.19,200,0
SYBT.US,5,20211104,200500,63.16,63.305,63.16,63.19,400,0
SYBT.US,5,20211104,201000,63.19,63.26,63.155,63.24,900,0
SYBT.US,5,20211104,201500,63.195,63.2,63.195,63.2,200,0
SYBT.US,5,20211104,202000,63.21,63.27,63.21,63.27,1050,0
SYBT.US,5,20211104,202500,63.265,63.265,63.23,63.23,200,0
SYBT.US,5,20211104,203000,63.17,63.17,63.17,63.17,100,0
SYBT.US,5,20211104,203500,63.19,63.345,63.17,63.295,2400,0
SYBT.US,5,20211104,204000,63.25,63.27,63.21,63.23,1100,0
SYBT.US,5,20211104,204500,63.295,63.39,63.27,63.37,1200,0
SYBT.US,5,20211104,205000,63.31,63.48,63.31,63.47,500,0
SYBT.US,5,20211104,205500,63.49,63.66,63.43,63.58,7920,0
SYBT.US,5,20211105,143000,64.19,64.19,64.19,64.19,621,0
SYBT.US,5,20211105,143500,63.5,63.5,63.5,63.5,100,0
SYBT.US,5,20211105,144000,64.4,64.43,64.4,64.43,600,0
SYBT.US,5,20211105,144500,64.43,64.47,64.43,64.47,1630,0
SYBT.US,5,20211105,150000,64.53,64.56,64.53,64.56,200,0
SYBT.US,5,20211105,150500,64.5,64.5,64.5,64.5,200,0
SYBT.US,5,20211105,151500,64.46,64.46,64.46,64.46,100,0
SYBT.US,5,20211105,152000,64.25,64.25,64.24,64.24,400,0
SYBT.US,5,20211105,154000,64.47,64.47,64.47,64.47,100,0
SYBT.US,5,20211105,154500,64.49,64.5,64.47,64.5,900,0
SYBT.US,5,20211105,155000,64.59,64.591,64.59,64.591,250,0
SYBT.US,5,20211105,155500,64.66,64.66,64.66,64.66,100,0
SYBT.US,5,20211105,160000,64.66,64.66,64.66,64.66,150,0
SYBT.US,5,20211105,160500,64.85,64.95,64.85,64.95,300,0
SYBT.US,5,20211105,161000,65.44,65.44,65.44,65.44,119,0
SYBT.US,5,20211105,161500,65.35,65.35,65.35,65.35,100,0
SYBT.US,5,20211105,162000,65.35,65.39,65.3,65.39,661,0
SYBT.US,5,20211105,163000,65.28,65.3,65.28,65.3,200,0
SYBT.US,5,20211105,163500,65.07,65.18,64.95,64.9601,900,0
SYBT.US,5,20211105,164000,65.11,65.11,65.11,65.11,100,0
SYBT.US,5,20211105,164500,64.96,65.04,64.86,65.04,700,0
SYBT.US,5,20211105,165000,65,65,65,65,100,0
SYBT.US,5,20211105,170500,65.11,65.11,65.11,65.11,100,0
SYBT.US,5,20211105,171000,65.23,65.23,65.2,65.2,200,0
SYBT.US,5,20211105,171500,65.27,65.27,65.27,65.27,100,0
SYBT.US,5,20211105,172000,65.33,65.33,65.27,65.27,200,0
SYBT.US,5,20211105,173000,65.28,65.36,65.28,65.36,500,0
SYBT.US,5,20211105,173500,65.2,65.2,65.07,65.07,500,0
SYBT.US,5,20211105,174000,65.19,65.19,65.04,65.13,500,0
SYBT.US,5,20211105,174500,65.26,65.26,65.26,65.26,100,0
SYBT.US,5,20211105,175000,65.36,65.47,65.36,65.47,300,0
SYBT.US,5,20211105,180000,65.63,65.63,65.42,65.42,300,0
SYBT.US,5,20211105,181000,65.36,65.36,65.28,65.28,300,0
SYBT.US,5,20211105,181500,65.49,65.49,65.48,65.49,400,0
SYBT.US,5,20211105,182000,65.6699,65.6699,65.6699,65.6699,500,0
SYBT.US,5,20211105,182500,65.42,65.42,65.42,65.42,100,0
SYBT.US,5,20211105,183000,65.6,65.76,65.6,65.62,500,0
SYBT.US,5,20211105,183500,65.7043,65.7043,65.7043,65.7043,100,0
SYBT.US,5,20211105,184000,65.5493,65.5493,65.5493,65.5493,200,0
SYBT.US,5,20211105,184500,65.47,65.47,65.46,65.47,300,0
SYBT.US,5,20211105,185500,65.54,65.54,65.54,65.54,200,0
SYBT.US,5,20211105,190500,65.48,65.685,65.4,65.685,800,0
SYBT.US,5,20211105,191000,65.63,65.63,65.63,65.63,300,0
SYBT.US,5,20211105,191500,65.7,65.7,65.6425,65.6425,200,0
SYBT.US,5,20211105,192000,65.475,65.475,65.315,65.315,600,0
SYBT.US,5,20211105,192500,65.46,65.53,65.46,65.53,300,0
SYBT.US,5,20211105,193000,65.44,65.44,65.44,65.44,100,0
SYBT.US,5,20211105,193500,65.43,65.51,65.38,65.5,1316,0
SYBT.US,5,20211105,195500,65.45,65.5,65.45,65.5,4198,0
SYBT.US,5,20211105,200500,65.6,65.89,65.6,65.82,500,0
SYBT.US,5,20211105,201000,65.78,65.78,65.67,65.67,800,0
SYBT.US,5,20211105,202000,65.66,65.66,65.66,65.66,100,0
SYBT.US,5,20211105,202500,65.65,65.69,65.65,65.655,600,0
SYBT.US,5,20211105,203000,65.66,65.66,65.66,65.66,200,0
SYBT.US,5,20211105,203500,65.69,65.69,65.59,65.59,655,0
SYBT.US,5,20211105,204000,65.62,65.62,65.53,65.55,600,0
SYBT.US,5,20211105,204500,65.63,65.69,65.63,65.69,800,0
SYBT.US,5,20211105,205000,65.69,66.02,65.69,66.02,1230,0
SYBT.US,5,20211105,205500,65.92,66.02,65.86,65.97,13111,0
SYBT.US,5,20211108,153000,66.21,66.21,66.21,66.21,520,0
SYBT.US,5,20211108,154500,65.45,65.45,65.45,65.45,100,0
SYBT.US,5,20211108,155500,66.22,66.22,65.97,66,900,0
SYBT.US,5,20211108,160500,65.82,65.82,65.82,65.82,100,0
SYBT.US,5,20211108,161500,65.9,66.21,65.9,66.21,786,0
SYBT.US,5,20211108,162000,66.21,66.25,66.21,66.25,277,0
SYBT.US,5,20211108,162500,66.2698,66.36,66.2698,66.36,300,0
SYBT.US,5,20211108,163000,66.19,66.19,66.19,66.19,500,0
SYBT.US,5,20211108,163500,66.2752,66.2752,66.25,66.25,359,0
SYBT.US,5,20211108,164500,66.46,66.57,66.46,66.57,1425,0
SYBT.US,5,20211108,165000,66.42,66.42,66.42,66.42,200,0
SYBT.US,5,20211108,170000,66.53,66.54,66.44,66.44,400,0
SYBT.US,5,20211108,170500,66.4,66.4,66.4,66.4,100,0
SYBT.US,5,20211108,172000,66.48,66.48,66.47,66.48,500,0
SYBT.US,5,20211108,172500,66.48,66.48,66.48,66.48,400,0
SYBT.US,5,20211108,174000,66.43,66.43,66.43,66.43,100,0
SYBT.US,5,20211108,174500,66.58,66.58,66.58,66.58,100,0
SYBT.US,5,20211108,175000,66.5618,66.5618,66.5618,66.5618,159,0
SYBT.US,5,20211108,175500,66.7,66.7,66.7,66.7,100,0
SYBT.US,5,20211108,180000,66.73,66.73,66.73,66.73,100,0
SYBT.US,5,20211108,180500,66.575,66.575,66.575,66.575,100,0
SYBT.US,5,20211108,181500,66.5,66.5,66.5,66.5,600,0
SYBT.US,5,20211108,182500,66.43,66.43,66.43,66.43,300,0
SYBT.US,5,20211108,185000,66.32,66.32,66.275,66.275,300,0
SYBT.US,5,20211108,191000,66.3,66.3,66.3,66.3,100,0
SYBT.US,5,20211108,193000,66.37,66.37,66.27,66.27,369,0
SYBT.US,5,20211108,193500,66.21,66.21,66.2,66.2,300,0
SYBT.US,5,20211108,194000,66.3,66.3,66.3,66.3,100,0
SYBT.US,5,20211108,194500,66.22,66.22,66.14,66.14,500,0
SYBT.US,5,20211108,195500,66.18,66.2,66.18,66.2,300,0
SYBT.US,5,20211108,201000,66.2,66.2,65.98,66,2200,0
SYBT.US,5,20211108,201500,66,66,66,66,100,0
SYBT.US,5,20211108,202500,65.64,65.69,65.64,65.69,208,0
SYBT.US,5,20211108,203000,65.86,65.86,65.86,65.86,100,0
SYBT.US,5,20211108,204500,65.99,66,65.99,66,200,0
SYBT.US,5,20211108,205500,65.98,65.98,65.98,65.98,100,0
SYBT.US,5,20211108,210000,66,66,66,66,100,0
SYBT.US,5,20211108,210500,66,66,66,66,300,0
SYBT.US,5,20211108,211500,66.09,66.1,66.09,66.1,200,0
SYBT.US,5,20211108,212000,66.31,66.31,66.31,66.31,100,0
SYBT.US,5,20211108,212500,66.22,66.22,66.09,66.16,500,0
SYBT.US,5,20211108,213500,66.29,66.37,66.29,66.37,500,0
SYBT.US,5,20211108,214000,66.31,66.31,66.31,66.31,200,0
SYBT.US,5,20211108,214500,66.19,66.19,66.19,66.19,100,0
SYBT.US,5,20211108,215000,66.23,66.32,66.23,66.32,300,0
SYBT.US,5,20211108,215500,66.27,66.38,66.24,66.35,6048,0
SYBT.US,5,20211109,153000,66.1,66.1,66,66,691,0
SYBT.US,5,20211109,155000,65.36,65.61,65.3501,65.61,823,0
SYBT.US,5,20211109,160000,65.59,65.69,65.53,65.65,500,0
SYBT.US,5,20211109,160500,65.74,65.93,65.74,65.93,1300,0
SYBT.US,5,20211109,161000,65.75,65.89,65.75,65.89,999,0
SYBT.US,5,20211109,162000,65.73,65.8,65.53,65.74,1430,0
SYBT.US,5,20211109,162500,65.75,65.75,65.75,65.75,498,0
SYBT.US,5,20211109,163500,65.67,65.67,65.67,65.67,258,0
SYBT.US,5,20211109,164000,65.58,65.58,65.58,65.58,100,0
SYBT.US,5,20211109,164500,65.5,65.5,65.5,65.5,300,0
SYBT.US,5,20211109,165500,65.52,65.52,65.52,65.52,100,0
SYBT.US,5,20211109,170000,65.5032,65.5032,65.5032,65.5032,200,0
SYBT.US,5,20211109,171000,65.69,65.69,65.69,65.69,100,0
SYBT.US,5,20211109,173000,65.72,65.72,65.72,65.72,100,0
SYBT.US,5,20211109,173500,65.666,65.74,65.666,65.74,843,0
SYBT.US,5,20211109,174000,65.75,66,65.75,66,3414,0
SYBT.US,5,20211109,174500,65.91,65.91,65.91,65.91,200,0
SYBT.US,5,20211109,175000,66,66,66,66,100,0
SYBT.US,5,20211109,175500,65.85,65.85,65.75,65.75,806,0
SYBT.US,5,20211109,180000,65.94,65.94,65.91,65.91,200,0
SYBT.US,5,20211109,181000,65.92,66.01,65.92,66.01,300,0
SYBT.US,5,20211109,183000,66.04,66.05,66.04,66.05,300,0
SYBT.US,5,20211109,183500,65.97,65.97,65.75,65.75,760,0
SYBT.US,5,20211109,195500,66.19,66.19,66.19,66.19,100,0
SYBT.US,5,20211109,205500,66.5176,66.5176,66.5176,66.5176,115,0
SYBT.US,5,20211109,210000,66.5,66.5,66.5,66.5,100,0
SYBT.US,5,20211109,210500,66.41,66.525,66.41,66.525,200,0
SYBT.US,5,20211109,211000,66.66,66.66,66.66,66.66,100,0
SYBT.US,5,20211109,211500,66.65,66.65,66.46,66.46,600,0
SYBT.US,5,20211109,212000,66.54,66.54,66.54,66.54,100,0
SYBT.US,5,20211109,212500,66.54,66.54,66.54,66.54,200,0
SYBT.US,5,20211109,213500,66.58,66.58,66.58,66.58,200,0
SYBT.US,5,20211109,214000,66.56,66.59,66.56,66.59,200,0
SYBT.US,5,20211109,215000,66.52,66.52,66.37,66.37,300,0
SYBT.US,5,20211109,215500,66.4,66.59,66.4,66.52,5032,0
SYBT.US,5,20211110,153000,66.75,66.75,66.75,66.75,434,0
SYBT.US,5,20211110,153500,66.84,66.93,66.84,66.93,600,0
SYBT.US,5,20211110,154500,67,67,66.89,66.89,400,0
SYBT.US,5,20211110,155000,67,67,67,67,100,0
SYBT.US,5,20211110,160000,67,67.1,66.89,67.1,1335,0
SYBT.US,5,20211110,161500,66.79,66.8,66.78,66.78,300,0
SYBT.US,5,20211110,163000,66.91,66.91,66.79,66.79,200,0
SYBT.US,5,20211110,163500,67.03,67.08,67.03,67.08,495,0
SYBT.US,5,20211110,164500,67.0101,67.13,67.0101,67.085,2010,0
SYBT.US,5,20211110,165500,67.09,67.09,67.08,67.08,1000,0
SYBT.US,5,20211110,170500,67.17,67.17,66.9,66.9,200,0
SYBT.US,5,20211110,171500,67.035,67.035,67.035,67.035,100,0
SYBT.US,5,20211110,173000,67.09,67.09,67.06,67.06,200,0
SYBT.US,5,20211110,174500,67.03,67.03,67.03,67.03,100,0
SYBT.US,5,20211110,175000,66.93,66.93,66.89,66.89,200,0
SYBT.US,5,20211110,175500,67,67,66.985,66.985,200,0
SYBT.US,5,20211110,181000,66.83,66.83,66.83,66.83,100,0
SYBT.US,5,20211110,183000,66.81,66.91,66.81,66.91,200,0
SYBT.US,5,20211110,183500,66.71,66.71,66.71,66.71,100,0
SYBT.US,5,20211110,185500,66.82,66.82,66.82,66.82,100,0
SYBT.US,5,20211110,190000,66.74,66.74,66.74,66.74,100,0
SYBT.US,5,20211110,192000,66.81,66.81,66.81,66.81,100,0
SYBT.US,5,20211110,193000,66.89,66.89,66.89,66.89,700,0
SYBT.US,5,20211110,195000,66.71,66.71,66.71,66.71,300,0
SYBT.US,5,20211110,195500,66.82,66.82,66.82,66.82,100,0
SYBT.US,5,20211110,200000,66.69,66.69,66.69,66.69,100,0
SYBT.US,5,20211110,200500,66.745,66.745,66.7,66.7,600,0
SYBT.US,5,20211110,201000,66.7,66.7,66.68,66.7,600,0
SYBT.US,5,20211110,201500,66.7,66.81,66.7,66.81,900,0
SYBT.US,5,20211110,203500,66.82,66.89,66.82,66.89,200,0
SYBT.US,5,20211110,204000,66.84,66.84,66.84,66.84,100,0
SYBT.US,5,20211110,204500,66.88,66.89,66.88,66.89,200,0
SYBT.US,5,20211110,205000,66.92,66.99,66.92,66.99,200,0
SYBT.US,5,20211110,210500,66.91,66.91,66.91,66.91,100,0
SYBT.US,5,20211110,212000,66.92,66.99,66.92,66.99,352,0
SYBT.US,5,20211110,212500,66.99,67.02,66.99,67.02,600,0
SYBT.US,5,20211110,213500,67,67,67,67,800,0
SYBT.US,5,20211110,214000,67,67.07,67,67.07,1009,0
SYBT.US,5,20211110,214500,66.95,67.06,66.88,67.03,1300,0
SYBT.US,5,20211110,215000,67.06,67.25,67,67.25,2592,0
SYBT.US,5,20211110,215500,67.055,67.2,67.02,67.02,10130,0
SYBT.US,5,20211111,153000,66.86,66.86,66.86,66.86,1808,0
SYBT.US,5,20211111,160000,67.2,67.21,67.1,67.1,400,0
SYBT.US,5,20211111,161500,67.1,67.1,67.1,67.1,100,0
SYBT.US,5,20211111,162500,67.08,67.08,67.08,67.08,400,0
SYBT.US,5,20211111,164500,67.05,67.05,66.89,66.89,800,0
SYBT.US,5,20211111,180500,66.96,67.145,66.96,67,1424,0
SYBT.US,5,20211111,181500,67.03,67.05,67.01,67.05,300,0
SYBT.US,5,20211111,182000,67.15,67.15,67.15,67.15,100,0
SYBT.US,5,20211111,182500,67.22,67.22,67.21,67.22,300,0
SYBT.US,5,20211111,183000,67.255,67.35,67.255,67.35,1100,0
SYBT.US,5,20211111,183500,67.29,67.29,67.29,67.29,100,0
SYBT.US,5,20211111,184000,67.29,67.29,67.29,67.29,200,0
SYBT.US,5,20211111,184500,67.4,67.4,67.4,67.4,100,0
SYBT.US,5,20211111,185500,67.38,67.38,67.35,67.35,200,0
SYBT.US,5,20211111,190000,67.35,67.35,67.32,67.32,200,0
SYBT.US,5,20211111,190500,67.28,67.28,67.28,67.28,100,0
SYBT.US,5,20211111,192000,67.35,67.35,67.33,67.33,200,0
SYBT.US,5,20211111,193000,67.37,67.37,67.37,67.37,100,0
SYBT.US,5,20211111,194500,67.4,67.4,67.4,67.4,100,0
SYBT.US,5,20211111,195000,67.3,67.34,67.23,67.34,587,0
SYBT.US,5,20211111,200000,67.29,67.29,67.29,67.29,100,0
SYBT.US,5,20211111,200500,67.24,67.34,67.24,67.34,300,0
SYBT.US,5,20211111,201000,67.28,67.28,67.2,67.275,400,0
SYBT.US,5,20211111,202000,67.22,67.22,67.22,67.22,100,0
SYBT.US,5,20211111,202500,67.31,67.31,67.31,67.31,100,0
SYBT.US,5,20211111,203000,67.2,67.2,67.2,67.2,100,0
SYBT.US,5,20211111,204000,67.15,67.15,67.15,67.15,100,0
SYBT.US,5,20211111,210000,67.15,67.15,67.15,67.15,100,0
SYBT.US,5,20211111,212500,67.13,67.13,67.13,67.13,100,0
SYBT.US,5,20211111,213500,67.04,67.1,67,67.1,954,0
SYBT.US,5,20211111,214000,67.18,67.24,67.18,67.24,200,0
SYBT.US,5,20211111,214500,67.32,67.35,67.28,67.28,500,0
SYBT.US,5,20211111,215000,67.27,67.27,67.27,67.27,100,0
SYBT.US,5,20211111,215500,67.28,67.36,67.21,67.21,5459,0
SYBT.US,5,20211112,153000,67.11,67.11,64.485,66.63,1426,0
SYBT.US,5,20211112,154000,65.8575,65.8575,65.8575,65.8575,112,0
SYBT.US,5,20211112,162000,66.38,66.38,66.38,66.38,100,0
SYBT.US,5,20211112,162500,66.38,66.38,66.38,66.38,200,0
SYBT.US,5,20211112,164500,66.1,66.1,65.81,65.94,1874,0
SYBT.US,5,20211112,170500,65.83,65.83,65.6,65.6,600,0
SYBT.US,5,20211112,171000,65.835,65.84,65.835,65.84,240,0
SYBT.US,5,20211112,172500,65.99,65.99,65.99,65.99,100,0
SYBT.US,5,20211112,174000,66.12,66.12,66.12,66.12,100,0
SYBT.US,5,20211112,174500,66.14,66.14,66.14,66.14,100,0
SYBT.US,5,20211112,180500,66.21,66.21,66.21,66.21,100,0
SYBT.US,5,20211112,181000,66.12,66.12,66.12,66.12,100,0
SYBT.US,5,20211112,183500,66.04,66.04,66.04,66.04,200,0
SYBT.US,5,20211112,184500,65.875,65.875,65.875,65.875,133,0
SYBT.US,5,20211112,185500,66.05,66.05,66.05,66.05,100,0
SYBT.US,5,20211112,190500,66.17,66.17,66.17,66.17,100,0
SYBT.US,5,20211112,191000,66.2,66.2,66.2,66.2,100,0
SYBT.US,5,20211112,191500,66.18,66.18,66.17,66.17,200,0
SYBT.US,5,20211112,192500,66.17,66.18,66.17,66.17,500,0
SYBT.US,5,20211112,194000,65.81,65.83,65.81,65.83,300,0
SYBT.US,5,20211112,195000,65.87,65.89,65.815,65.89,508,0
SYBT.US,5,20211112,195500,65.79,65.79,65.79,65.79,100,0
SYBT.US,5,20211112,200000,65.86,65.885,65.81,65.81,500,0
SYBT.US,5,20211112,201500,65.95,66.01,65.95,66.01,518,0
SYBT.US,5,20211112,202000,65.89,65.89,65.89,65.89,100,0
SYBT.US,5,20211112,202500,65.83,65.83,65.83,65.83,100,0
SYBT.US,5,20211112,203500,65.94,65.94,65.94,65.94,200,0
SYBT.US,5,20211112,204500,66.07,66.07,66.07,66.07,100,0
SYBT.US,5,20211112,205000,66.07,66.12,66.04,66.12,300,0
SYBT.US,5,20211112,210500,66.01,66.01,65.91,65.95,600,0
SYBT.US,5,20211112,212500,65.9,65.98,65.855,65.98,901,0
SYBT.US,5,20211112,213500,66.14,66.14,65.94,65.94,300,0
SYBT.US,5,20211112,214000,65.87,65.87,65.82,65.83,700,0
SYBT.US,5,20211112,214500,65.75,65.75,65.72,65.72,400,0
SYBT.US,5,20211112,215000,65.72,65.8744,65.72,65.8,900,0
SYBT.US,5,20211112,215500,65.725,65.86,65.72,65.72,7084,0
SYBT.US,5,20211115,153000,66.04,66.04,66.04,66.04,442,0
SYBT.US,5,20211115,155500,65.79,65.79,65.79,65.79,100,0
SYBT.US,5,20211115,160500,65.77,65.77,65.77,65.77,100,0
SYBT.US,5,20211115,163500,65.65,65.65,65.61,65.61,250,0
SYBT.US,5,20211115,164000,65.49,65.49,65.49,65.49,100,0
SYBT.US,5,20211115,171000,65.7988,65.7988,65.7,65.7,450,0
SYBT.US,5,20211115,180500,65.5,65.51,65.5,65.51,400,0
SYBT.US,5,20211115,181500,65.34,65.34,65.34,65.34,100,0
SYBT.US,5,20211115,182000,65.33,65.33,65.33,65.33,300,0
SYBT.US,5,20211115,182500,65.6412,65.6412,65.6412,65.6412,147,0
SYBT.US,5,20211115,183000,65.59,65.59,65.59,65.59,100,0
SYBT.US,5,20211115,185000,65.62,65.62,65.62,65.62,100,0
SYBT.US,5,20211115,191500,65.64,65.64,65.63,65.63,200,0
SYBT.US,5,20211115,192500,65.56,65.56,65.56,65.56,100,0
SYBT.US,5,20211115,194500,65.6,65.6,65.6,65.6,100,0
SYBT.US,5,20211115,200500,65.7,65.7,65.7,65.7,100,0
SYBT.US,5,20211115,202000,65.81,65.81,65.81,65.81,100,0
SYBT.US,5,20211115,203500,65.87,65.89,65.72,65.89,2087,0
SYBT.US,5,20211115,204500,65.86,66.01,65.86,66.01,200,0
SYBT.US,5,20211115,205500,65.96,65.97,65.96,65.97,300,0
SYBT.US,5,20211115,211500,65.96,65.96,65.96,65.96,200,0
SYBT.US,5,20211115,213500,65.79,65.79,65.7,65.7,200,0
SYBT.US,5,20211115,214000,65.73,65.785,65.73,65.785,200,0
SYBT.US,5,20211115,214500,65.785,65.785,65.785,65.785,100,0
SYBT.US,5,20211115,215000,65.705,65.81,65.62,65.8,700,0
SYBT.US,5,20211115,215500,65.84,65.94,65.76,65.94,8769,0
SYBT.US,5,20211116,153000,65.73,65.73,65.63,65.63,349,0
SYBT.US,5,20211116,153500,65.2,65.2,65.2,65.2,150,0
SYBT.US,5,20211116,154500,65.78,65.79,65.78,65.79,200,0
SYBT.US,5,20211116,160500,65.69,65.69,65.69,65.69,100,0
SYBT.US,5,20211116,161000,65.57,65.57,65.48,65.48,200,0
SYBT.US,5,20211116,161500,65.31,65.31,65.31,65.31,100,0
SYBT.US,5,20211116,162000,65.24,65.47,65.24,65.47,200,0
SYBT.US,5,20211116,163000,65.57,65.57,65.57,65.57,200,0
SYBT.US,5,20211116,163500,65.56,65.56,65.56,65.56,100,0
SYBT.US,5,20211116,165000,65.31,65.31,65.31,65.31,100,0
SYBT.US,5,20211116,165500,65.35,65.35,65.35,65.35,100,0
SYBT.US,5,20211116,170500,65.38,65.39,65.16,65.22,1601,0
SYBT.US,5,20211116,171000,65.18,65.18,65.18,65.18,100,0
SYBT.US,5,20211116,172000,65.32,65.32,65.32,65.32,200,0
SYBT.US,5,20211116,173000,65.5,65.5,65.5,65.5,100,0
SYBT.US,5,20211116,174000,65.44,65.44,65.36,65.36,414,0
SYBT.US,5,20211116,175000,65.24,65.24,65.24,65.24,200,0
SYBT.US,5,20211116,175500,65.17,65.32,65.11,65.32,1041,0
SYBT.US,5,20211116,181500,65.38,65.38,65.38,65.38,100,0
SYBT.US,5,20211116,182000,65.2902,65.2902,65.2902,65.2902,498,0
SYBT.US,5,20211116,183500,65.66,65.66,65.66,65.66,200,0
SYBT.US,5,20211116,184000,65.7548,65.7548,65.58,65.58,850,0
SYBT.US,5,20211116,184500,65.68,65.71,65.58,65.58,300,0
SYBT.US,5,20211116,185000,65.62,65.62,65.62,65.62,100,0
SYBT.US,5,20211116,191000,65.57,65.57,65.57,65.57,100,0
SYBT.US,5,20211116,191500,65.7,65.7,65.5,65.57,1098,0
SYBT.US,5,20211116,192000,65.44,65.44,65.44,65.44,300,0
SYBT.US,5,20211116,192500,65.385,65.385,65.385,65.385,100,0
SYBT.US,5,20211116,193000,65.48,65.48,65.48,65.48,100,0
SYBT.US,5,20211116,193500,65.475,65.56,65.46,65.46,500,0
SYBT.US,5,20211116,194500,65.46,65.46,65.46,65.46,100,0
SYBT.US,5,20211116,195000,65.58,65.58,65.58,65.58,100,0
SYBT.US,5,20211116,195500,65.44,65.44,65.44,65.44,100,0
SYBT.US,5,20211116,200000,65.38,65.53,65.38,65.53,200,0
SYBT.US,5,20211116,200500,65.41,65.41,65.41,65.41,200,0
SYBT.US,5,20211116,202000,65.43,65.43,65.29,65.29,300,0
SYBT.US,5,20211116,202500,65.435,65.5,65.38,65.5,700,0
SYBT.US,5,20211116,203000,65.49,65.65,65.39,65.65,800,0
SYBT.US,5,20211116,203500,65.57,65.695,65.57,65.65,300,0
SYBT.US,5,20211116,204000,65.65,65.66,65.64,65.66,300,0
SYBT.US,5,20211116,204500,65.62,65.62,65.62,65.62,200,0
SYBT.US,5,20211116,205500,65.51,65.67,65.43,65.67,500,0
SYBT.US,5,20211116,210000,65.57,65.57,65.57,65.57,100,0
SYBT.US,5,20211116,211000,65.54,65.57,65.54,65.57,200,0
SYBT.US,5,20211116,211500,65.62,65.62,65.62,65.62,100,0
SYBT.US,5,20211116,212000,65.45,65.545,65.31,65.31,700,0
SYBT.US,5,20211116,212500,65.47,65.47,65.47,65.47,100,0
SYBT.US,5,20211116,213000,65.38,65.52,65.38,65.425,300,0
SYBT.US,5,20211116,213500,65.28,65.28,65.28,65.28,100,0
SYBT.US,5,20211116,214000,65.405,65.54,65.4,65.41,500,0
SYBT.US,5,20211116,214500,65.555,65.555,65.44,65.44,700,0
SYBT.US,5,20211116,215000,65.56,65.65,65.35,65.535,1363,0
SYBT.US,5,20211116,215500,65.5,65.65,65.44,65.64,12544,0
SYBT.US,5,20211117,153000,65.3,65.3,65.3,65.3,356,0
SYBT.US,5,20211117,153500,65.11,65.11,65.11,65.11,102,0
SYBT.US,5,20211117,154000,65.09,65.09,64.55,64.8,400,0
SYBT.US,5,20211117,155000,64.6,64.6,64.6,64.6,109,0
SYBT.US,5,20211117,163000,64.69,64.69,64.69,64.69,100,0
SYBT.US,5,20211117,164000,64.66,64.66,64.66,64.66,654,0
SYBT.US,5,20211117,164500,64.66,64.66,64.66,64.66,100,0
SYBT.US,5,20211117,165000,64.53,64.53,64.53,64.53,100,0
SYBT.US,5,20211117,170500,64.64,64.64,64.64,64.64,100,0
SYBT.US,5,20211117,171000,64.59,64.59,64.59,64.59,100,0
SYBT.US,5,20211117,171500,64.5,64.5,64.48,64.48,200,0
SYBT.US,5,20211117,172000,64.48,64.48,64.48,64.48,100,0
SYBT.US,5,20211117,172500,64.49,64.55,64.49,64.55,300,0
SYBT.US,5,20211117,173000,64.48,64.48,64.48,64.48,200,0
SYBT.US,5,20211117,173500,64.48,64.48,64.48,64.48,100,0
SYBT.US,5,20211117,175500,64.5,64.51,64.5,64.51,200,0
SYBT.US,5,20211117,180000,64.58,64.58,64.45,64.45,448,0
SYBT.US,5,20211117,181500,64.62,64.62,64.62,64.62,200,0
SYBT.US,5,20211117,182000,64.69,64.69,64.69,64.69,200,0
SYBT.US,5,20211117,182500,64.68,64.68,64.5447,64.5447,397,0
SYBT.US,5,20211117,191000,64.95,64.95,64.95,64.95,100,0
SYBT.US,5,20211117,194500,64.84,64.84,64.7,64.7,400,0
SYBT.US,5,20211117,200500,64.75,64.75,64.75,64.75,100,0
SYBT.US,5,20211117,201500,64.77,64.77,64.76,64.76,240,0
SYBT.US,5,20211117,202000,64.76,64.76,64.74,64.74,200,0
SYBT.US,5,20211117,203000,64.81,64.83,64.81,64.83,400,0
SYBT.US,5,20211117,203500,64.95,64.95,64.945,64.945,224,0
SYBT.US,5,20211117,204000,64.96,64.97,64.96,64.97,200,0
SYBT.US,5,20211117,204500,65.01,65.01,64.94,64.94,200,0
SYBT.US,5,20211117,205000,64.88,64.88,64.84,64.84,400,0
SYBT.US,5,20211117,205500,64.83,64.83,64.83,64.83,100,0
SYBT.US,5,20211117,210000,64.87,64.87,64.87,64.87,100,0
SYBT.US,5,20211117,211000,65.11,65.11,65.11,65.11,100,0
SYBT.US,5,20211117,211500,65.28,65.28,65.28,65.28,100,0
SYBT.US,5,20211117,213000,65.22,65.22,65.22,65.22,300,0
SYBT.US,5,20211117,213500,65.22,65.22,65.2,65.2,200,0
SYBT.US,5,20211117,214000,65.18,65.18,65.11,65.11,200,0
SYBT.US,5,20211117,215000,65.21,65.255,65.2037,65.255,739,0
SYBT.US,5,20211117,215500,65.285,65.34,65.27,65.34,10088,0
SYBT.US,5,20211118,153000,65.15,65.75,65.15,65.75,221,0
SYBT.US,5,20211118,154500,65.57,65.57,65.57,65.57,100,0
SYBT.US,5,20211118,160000,65.215,65.215,65.215,65.215,100,0
SYBT.US,5,20211118,163500,65.07,65.07,65.07,65.07,100,0
SYBT.US,5,20211118,164000,65.27,65.27,65.27,65.27,100,0
SYBT.US,5,20211118,165500,65.25,65.25,65.25,65.25,100,0
SYBT.US,5,20211118,170500,65.31,65.48,65.31,65.42,300,0
SYBT.US,5,20211118,171000,65.36,65.38,65.35,65.35,400,0
SYBT.US,5,20211118,172000,65.31,65.31,65.31,65.31,100,0
SYBT.US,5,20211118,173000,65.34,65.34,65.34,65.34,100,0
SYBT.US,5,20211118,173500,65.25,65.25,65.22,65.245,300,0
SYBT.US,5,20211118,174500,65.16,65.16,65.16,65.16,100,0
SYBT.US,5,20211118,175000,65.25,65.25,65.25,65.25,100,0
SYBT.US,5,20211118,175500,65.34,65.34,65.34,65.34,100,0
SYBT.US,5,20211118,181000,65.445,65.445,65.445,65.445,100,0
SYBT.US,5,20211118,183000,65.29,65.385,65.29,65.385,200,0
SYBT.US,5,20211118,183500,65.465,65.465,65.35,65.35,300,0
SYBT.US,5,20211118,184000,65.5,65.5,65.5,65.5,100,0
SYBT.US,5,20211118,184500,65.425,65.425,65.425,65.425,100,0
SYBT.US,5,20211118,185500,65.44,65.44,65.44,65.44,100,0
SYBT.US,5,20211118,190000,65.43,65.43,65.43,65.43,100,0
SYBT.US,5,20211118,191000,65.65,65.65,65.65,65.65,100,0
SYBT.US,5,20211118,191500,65.655,65.655,65.605,65.605,200,0
SYBT.US,5,20211118,192500,65.55,65.55,65.55,65.55,100,0
SYBT.US,5,20211118,193000,65.43,65.5,65.395,65.5,400,0
SYBT.US,5,20211118,194000,65.37,65.4,65.37,65.38,400,0
SYBT.US,5,20211118,194500,65.63,65.675,65.63,65.67,300,0
SYBT.US,5,20211118,195000,65.5,65.5,65.25,65.485,1600,0
SYBT.US,5,20211118,195500,65.4,65.4,65.27,65.4,520,0
SYBT.US,5,20211118,201500,65.39,65.39,65.33,65.33,200,0
SYBT.US,5,20211118,202000,65.39,65.39,65.3,65.3,200,0
SYBT.US,5,20211118,202500,65.3,65.3,65.3,65.3,100,0
SYBT.US,5,20211118,203000,65.2,65.2,65.19,65.19,200,0
SYBT.US,5,20211118,203500,65.25,65.28,65.23,65.28,400,0
SYBT.US,5,20211118,204000,65.39,65.39,65.39,65.39,100,0
SYBT.US,5,20211118,204500,65.39,65.39,65.28,65.28,500,0
SYBT.US,5,20211118,205000,65.36,65.36,65.36,65.36,100,0
SYBT.US,5,20211118,210000,65.39,65.4,65.39,65.4,200,0
SYBT.US,5,20211118,211000,65.32,65.32,65.32,65.32,100,0
SYBT.US,5,20211118,212000,65.2,65.385,65.19,65.385,300,0
SYBT.US,5,20211118,212500,65.395,65.395,65.395,65.395,100,0
SYBT.US,5,20211118,213500,65.355,65.355,65.25,65.25,201,0
SYBT.US,5,20211118,214000,65.09,65.21,65.07,65.14,1000,0
SYBT.US,5,20211118,214500,65.16,65.39,65.16,65.29,1629,0
SYBT.US,5,20211118,215000,65.33,65.33,65.21,65.25,2028,0
SYBT.US,5,20211118,215500,65.17,65.39,65.11,65.19,20203,0
SYBT.US,5,20211119,153000,64.58,64.58,64.58,64.58,1401,0
SYBT.US,5,20211119,154500,65.06,65.06,65.06,65.06,100,0
SYBT.US,5,20211119,160500,64.37,64.37,64.36,64.36,200,0
SYBT.US,5,20211119,162500,64.34,64.36,64.23,64.23,300,0
SYBT.US,5,20211119,163500,64.55,64.55,64.55,64.55,100,0
SYBT.US,5,20211119,164000,64.55,64.55,64.55,64.55,200,0
SYBT.US,5,20211119,164500,64.67,64.67,64.67,64.67,100,0
SYBT.US,5,20211119,172000,64.815,64.815,64.75,64.75,400,0
SYBT.US,5,20211119,172500,64.64,64.64,64.54,64.54,200,0
SYBT.US,5,20211119,173500,64.51,64.51,64.51,64.51,100,0
SYBT.US,5,20211119,174000,64.501,64.501,64.501,64.501,100,0
SYBT.US,5,20211119,174500,64.5,64.5,64.5,64.5,100,0
SYBT.US,5,20211119,175000,64.57,64.57,64.57,64.57,250,0
SYBT.US,5,20211119,180000,64.59,64.59,64.59,64.59,156,0
SYBT.US,5,20211119,181000,64.72,64.865,64.72,64.865,300,0
SYBT.US,5,20211119,181500,64.8327,64.8327,64.8327,64.8327,100,0
SYBT.US,5,20211119,183500,65.0789,65.0789,65.0789,65.0789,275,0
SYBT.US,5,20211119,184500,65.015,65.015,65.015,65.015,100,0
SYBT.US,5,20211119,185000,64.97,64.985,64.93,64.93,300,0
SYBT.US,5,20211119,191500,64.94,64.94,64.94,64.94,100,0
SYBT.US,5,20211119,192500,64.99,64.99,64.86,64.86,200,0
SYBT.US,5,20211119,193500,64.8,64.8,64.8,64.8,100,0
SYBT.US,5,20211119,195500,64.62,64.62,64.62,64.62,100,0
SYBT.US,5,20211119,200500,64.7,64.71,64.7,64.71,400,0
SYBT.US,5,20211119,201000,64.65,64.6825,64.47,64.47,2600,0
SYBT.US,5,20211119,202000,64.52,64.59,64.52,64.59,200,0
SYBT.US,5,20211119,202500,64.56,64.63,64.46,64.63,300,0
SYBT.US,5,20211119,203000,64.64,64.64,64.64,64.64,100,0
SYBT.US,5,20211119,203500,64.54,64.57,64.54,64.57,300,0
SYBT.US,5,20211119,204000,64.65,64.66,64.65,64.66,200,0
SYBT.US,5,20211119,205500,64.51,64.51,64.49,64.49,300,0
SYBT.US,5,20211119,210000,64.54,64.54,64.54,64.54,159,0
SYBT.US,5,20211119,210500,64.53,64.53,64.53,64.53,100,0
SYBT.US,5,20211119,212000,64.47,64.52,64.47,64.52,500,0
SYBT.US,5,20211119,212500,64.48,64.5,64.48,64.5,200,0
SYBT.US,5,20211119,213500,64.52,64.605,64.5,64.535,777,0
SYBT.US,5,20211119,214000,64.39,64.45,64.39,64.41,400,0
SYBT.US,5,20211119,214500,64.47,64.52,64.46,64.52,700,0
SYBT.US,5,20211119,215000,64.51,64.535,64.46,64.46,400,0
SYBT.US,5,20211119,215500,64.43,64.47,64.35,64.4,8119,0
SYBT.US,5,20211122,153000,64.89,64.93,64.85,64.85,1182,0
SYBT.US,5,20211122,153500,64.9,65.01,64.9,65.01,1358,0
SYBT.US,5,20211122,154000,65.01,65.01,65,65,200,0
SYBT.US,5,20211122,155000,64.64,64.7375,64.56,64.7375,465,0
SYBT.US,5,20211122,160500,65.39,65.43,65.39,65.43,1300,0
SYBT.US,5,20211122,161000,65.43,65.53,65.42,65.43,400,0
SYBT.US,5,20211122,162000,65.51,65.51,65.51,65.51,105,0
SYBT.US,5,20211122,164000,65.64,65.66,65.64,65.66,200,0
SYBT.US,5,20211122,164500,65.51,65.6,65.43,65.58,500,0
SYBT.US,5,20211122,165000,65.54,65.61,65.36,65.55,716,0
SYBT.US,5,20211122,165500,65.71,65.71,65.56,65.56,400,0
SYBT.US,5,20211122,170000,65.855,65.855,65.66,65.66,500,0
SYBT.US,5,20211122,170500,65.68,65.68,65.68,65.68,200,0
SYBT.US,5,20211122,171000,65.74,66.22,65.74,66.22,300,0
SYBT.US,5,20211122,171500,66.05,66.05,66.05,66.05,100,0
SYBT.US,5,20211122,172000,66.1,66.24,65.99,66.24,1100,0
SYBT.US,5,20211122,172500,66.22,66.25,66.22,66.23,300,0
SYBT.US,5,20211122,173500,66.19,66.2,66.19,66.2,200,0
SYBT.US,5,20211122,175500,65.79,65.79,65.63,65.64,600,0
SYBT.US,5,20211122,180000,65.65,65.65,65.65,65.65,400,0
SYBT.US,5,20211122,181500,65.49,65.49,65.49,65.49,100,0
SYBT.US,5,20211122,184000,65.35,65.35,65.35,65.35,100,0
SYBT.US,5,20211122,185000,65.39,65.39,65.39,65.39,500,0
SYBT.US,5,20211122,185500,65.46,65.46,65.46,65.46,300,0
SYBT.US,5,20211122,190000,65.49,65.49,65.28,65.28,500,0
SYBT.US,5,20211122,192000,65.19,65.19,65.19,65.19,200,0
SYBT.US,5,20211122,192500,65.21,65.21,65.19,65.19,200,0
SYBT.US,5,20211122,193500,65.22,65.22,65.22,65.22,100,0
SYBT.US,5,20211122,194000,65.27,65.34,65.11,65.34,896,0
SYBT.US,5,20211122,194500,64.87,65.08,64.87,64.92,400,0
SYBT.US,5,20211122,195500,65.21,65.21,65.21,65.21,200,0
SYBT.US,5,20211122,200500,65.15,65.15,65.15,65.15,100,0
SYBT.US,5,20211122,203000,65.3,65.59,65.3,65.59,800,0
SYBT.US,5,20211122,203500,65.61,65.625,65.61,65.625,200,0
SYBT.US,5,20211122,205000,65.52,65.52,65.52,65.52,200,0
SYBT.US,5,20211122,210000,65.41,65.545,65.38,65.39,400,0
SYBT.US,5,20211122,211500,65.555,65.555,65.555,65.555,100,0
SYBT.US,5,20211122,212000,65.535,65.535,65.535,65.535,100,0
SYBT.US,5,20211122,213500,65.46,65.46,65.46,65.46,200,0
SYBT.US,5,20211122,214000,65.45,65.52,65.36,65.36,807,0
SYBT.US,5,20211122,214500,65.26,65.26,65.09,65.09,300,0
SYBT.US,5,20211122,215000,65.02,65.06,65.02,65.06,300,0
SYBT.US,5,20211122,215500,65,65.17,64.78,64.82,10387,0
SYBT.US,5,20211123,153000,65.13,65.13,65.13,65.13,471,0
SYBT.US,5,20211123,153500,64.83,64.83,64.83,64.83,100,0
SYBT.US,5,20211123,154000,64.97,64.97,64.97,64.97,100,0
SYBT.US,5,20211123,154500,64.97,65.21,64.7,64.9602,1798,0
SYBT.US,5,20211123,155500,64.98,64.98,64.98,64.98,100,0
SYBT.US,5,20211123,160000,64.97,64.97,64.87,64.87,600,0
SYBT.US,5,20211123,160500,64.84,65.08,64.84,64.97,600,0
SYBT.US,5,20211123,161000,64.82,64.82,64.81,64.81,700,0
SYBT.US,5,20211123,161500,64.81,64.85,64.81,64.85,700,0
SYBT.US,5,20211123,162000,64.9,65.2,64.87,64.95,1000,0
SYBT.US,5,20211123,162500,64.85,65.03,64.85,64.9,600,0
SYBT.US,5,20211123,163000,64.975,65.2,64.93,65.2,1000,0
SYBT.US,5,20211123,163500,64.96,64.98,64.96,64.98,300,0
SYBT.US,5,20211123,164000,64.93,64.93,64.91,64.91,200,0
SYBT.US,5,20211123,164500,64.8,64.82,64.8,64.82,600,0
SYBT.US,5,20211123,165000,65.01,65.01,64.85,64.85,700,0
SYBT.US,5,20211123,165500,64.95,64.95,64.95,64.95,100,0
SYBT.US,5,20211123,170000,65.03,65.06,64.82,64.82,1028,0
SYBT.US,5,20211123,170500,64.92,64.96,64.86,64.94,672,0
SYBT.US,5,20211123,171000,64.8,64.8,64.8,64.8,400,0
SYBT.US,5,20211123,171500,64.79,64.79,64.56,64.56,477,0
SYBT.US,5,20211123,172000,64.59,64.59,64.59,64.59,200,0
SYBT.US,5,20211123,172500,64.59,64.59,64.34,64.34,800,0
SYBT.US,5,20211123,173000,64.28,64.63,64.28,64.345,800,0
SYBT.US,5,20211123,173500,64.25,64.28,64.25,64.28,200,0
SYBT.US,5,20211123,174000,64.29,64.29,64.2,64.23,500,0
SYBT.US,5,20211123,174500,64.35,64.53,64.35,64.53,800,0
SYBT.US,5,20211123,175000,64.49,64.49,64.48,64.48,500,0
SYBT.US,5,20211123,175500,64.46,64.46,64.35,64.41,700,0
SYBT.US,5,20211123,180000,64.39,64.39,64.39,64.39,200,0
SYBT.US,5,20211123,180500,64.37,64.37,64.37,64.37,100,0
SYBT.US,5,20211123,181000,64.43,64.43,64.34,64.34,300,0
SYBT.US,5,20211123,182000,64.43,64.43,64.43,64.43,100,0
SYBT.US,5,20211123,182500,64.59,64.59,64.51,64.51,900,0
SYBT.US,5,20211123,183000,64.47,64.47,64.47,64.47,100,0
SYBT.US,5,20211123,184000,64.77,64.77,64.77,64.77,100,0
SYBT.US,5,20211123,184500,64.77,64.77,64.77,64.77,100,0
SYBT.US,5,20211123,185500,64.78,64.78,64.76,64.76,300,0
SYBT.US,5,20211123,191500,64.68,64.68,64.62,64.64,500,0
SYBT.US,5,20211123,192000,64.65,64.65,64.65,64.65,100,0
SYBT.US,5,20211123,193000,64.57,64.75,64.57,64.75,200,0
SYBT.US,5,20211123,193500,64.775,64.775,64.775,64.775,207,0
SYBT.US,5,20211123,194500,64.8,64.8,64.8,64.8,100,0
SYBT.US,5,20211123,195500,64.73,64.73,64.68,64.68,600,0
SYBT.US,5,20211123,200000,64.56,64.6,64.53,64.6,600,0
SYBT.US,5,20211123,201000,64.72,64.72,64.72,64.72,200,0
SYBT.US,5,20211123,201500,64.67,64.72,64.67,64.72,200,0
SYBT.US,5,20211123,202500,64.91,64.98,64.91,64.98,200,0
SYBT.US,5,20211123,203000,64.81,64.81,64.69,64.69,200,0
SYBT.US,5,20211123,204500,64.56,64.56,64.56,64.56,117,0
SYBT.US,5,20211123,210000,64.86,64.88,64.84,64.88,300,0
SYBT.US,5,20211123,210500,65.05,65.05,65.01,65.01,500,0
SYBT.US,5,20211123,211500,64.925,64.925,64.925,64.925,100,0
SYBT.US,5,20211123,212000,64.65,64.78,64.65,64.78,200,0
SYBT.US,5,20211123,212500,64.79,64.79,64.79,64.79,100,0
SYBT.US,5,20211123,213000,64.87,64.87,64.82,64.83,400,0
SYBT.US,5,20211123,213500,64.92,64.94,64.9,64.9,300,0
SYBT.US,5,20211123,214000,64.95,65.06,64.9,65.01,700,0
SYBT.US,5,20211123,214500,65.01,65.06,65.01,65.06,200,0
SYBT.US,5,20211123,215000,65.07,65.15,65.03,65.15,1000,0
SYBT.US,5,20211123,215500,65.06,65.25,64.92,65.25,12959,0
SYBT.US,5,20211124,153000,64.86,64.86,64.86,64.86,628,0
SYBT.US,5,20211124,153500,65.25,65.25,65.18,65.18,200,0
SYBT.US,5,20211124,155500,65.25,65.52,65.07,65.52,2300,0
SYBT.US,5,20211124,160000,65.41,65.41,65.25,65.25,200,0
SYBT.US,5,20211124,160500,65.11,65.48,65.11,65.48,200,0
SYBT.US,5,20211124,161500,65.61,65.61,65.61,65.61,200,0
SYBT.US,5,20211124,163000,65.72,65.72,65.6,65.6,200,0
SYBT.US,5,20211124,163500,65.75,65.75,65.75,65.75,100,0
SYBT.US,5,20211124,164500,65.87,65.87,65.87,65.87,100,0
SYBT.US,5,20211124,165000,65.81,65.9,65.81,65.9,400,0
SYBT.US,5,20211124,165500,65.825,65.825,65.825,65.825,181,0
SYBT.US,5,20211124,170000,65.92,65.93,65.825,65.928,650,0
SYBT.US,5,20211124,170500,65.93,65.95,65.93,65.95,662,0
SYBT.US,5,20211124,171000,66,66,65.925,65.925,200,0
SYBT.US,5,20211124,171500,65.95,65.95,65.95,65.95,100,0
SYBT.US,5,20211124,172000,65.77,65.77,65.77,65.77,100,0
SYBT.US,5,20211124,173000,65.79,65.79,65.705,65.705,200,0
SYBT.US,5,20211124,174500,65.56,65.89,65.525,65.885,3586,0
SYBT.US,5,20211124,175000,65.89,66.12,65.89,65.935,1503,0
SYBT.US,5,20211124,175500,66.2,66.25,66.095,66.25,400,0
SYBT.US,5,20211124,180000,66.2,66.21,66.2,66.21,300,0
SYBT.US,5,20211124,180500,66.33,66.4,66.28,66.4,400,0
SYBT.US,5,20211124,181500,66.53,66.69,66.53,66.55,340,0
SYBT.US,5,20211124,182000,66.69,66.76,66.68,66.76,1600,0
SYBT.US,5,20211124,182500,66.82,66.82,66.54,66.81,1620,0
SYBT.US,5,20211124,183000,67,67.08,66.85,67.08,3364,0
SYBT.US,5,20211124,183500,67.02,67.02,66.88,66.98,2681,0
SYBT.US,5,20211124,185000,66.7,66.8022,66.69,66.69,400,0
SYBT.US,5,20211124,190000,66.55,66.55,66.55,66.55,100,0
SYBT.US,5,20211124,192000,66.66,66.66,66.66,66.66,100,0
SYBT.US,5,20211124,192500,66.57,66.57,66.45,66.55,600,0
SYBT.US,5,20211124,193000,66.47,66.47,66.47,66.47,100,0
SYBT.US,5,20211124,193500,66.56,66.7,66.56,66.7,228,0
SYBT.US,5,20211124,195000,66.99,66.99,66.99,66.99,300,0
SYBT.US,5,20211124,195500,66.9,66.9,66.84,66.84,2600,0
SYBT.US,5,20211124,200000,66.9,66.99,66.885,66.99,1417,0
SYBT.US,5,20211124,200500,66.99,66.99,66.8,66.93,400,0
SYBT.US,5,20211124,201000,66.79,66.87,66.78,66.83,800,0
SYBT.US,5,20211124,201500,66.94,66.94,66.92,66.92,200,0
SYBT.US,5,20211124,202500,66.88,66.94,66.79,66.86,1043,0
SYBT.US,5,20211124,203000,66.82,66.87,66.79,66.87,600,0
SYBT.US,5,20211124,203500,67,67,66.935,66.935,500,0
SYBT.US,5,20211124,204000,66.85,66.85,66.79,66.79,600,0
SYBT.US,5,20211124,204500,66.79,66.79,66.49,66.49,2090,0
SYBT.US,5,20211124,205500,66.55,66.56,66.5,66.5,600,0
SYBT.US,5,20211124,210000,66.54,66.54,66.54,66.54,100,0
SYBT.US,5,20211124,211000,66.62,66.63,66.62,66.63,200,0
SYBT.US,5,20211124,211500,66.695,66.695,66.55,66.57,400,0
SYBT.US,5,20211124,212000,66.58,66.59,66.58,66.59,400,0
SYBT.US,5,20211124,212500,66.57,66.57,66.57,66.57,100,0
SYBT.US,5,20211124,213000,66.71,66.75,66.61,66.74,500,0
SYBT.US,5,20211124,213500,66.75,66.75,66.75,66.75,100,0
SYBT.US,5,20211124,214000,66.59,66.71,66.59,66.71,723,0
SYBT.US,5,20211124,214500,66.75,66.75,66.65,66.75,400,0
SYBT.US,5,20211124,215000,66.7,66.77,66.57,66.77,2872,0
SYBT.US,5,20211124,215500,66.83,66.85,66.59,66.84,13536,0
SYBT.US,5,20211126,153000,64.97,64.97,64.97,64.97,829,0
SYBT.US,5,20211126,154500,64.1,64.1,64.1,64.1,100,0
SYBT.US,5,20211126,155000,64.34,64.34,63.85,64.18,1400,0
SYBT.US,5,20211126,155500,63.385,63.93,63.385,63.725,824,0
SYBT.US,5,20211126,160000,63.32,63.32,63.32,63.32,100,0
SYBT.US,5,20211126,160500,63.11,63.3,63.1,63.13,600,0
SYBT.US,5,20211126,161000,63.19,63.19,63.18,63.18,200,0
SYBT.US,5,20211126,161500,62.47,62.87,62.34,62.62,2300,0
SYBT.US,5,20211126,162000,62.42,62.52,62.4,62.52,956,0
SYBT.US,5,20211126,163000,62.17,62.32,62.17,62.32,200,0
SYBT.US,5,20211126,163500,62.36,62.61,62.085,62.61,1000,0
SYBT.US,5,20211126,164500,62.13,62.13,62.08,62.08,200,0
SYBT.US,5,20211126,165000,62.29,62.335,62.19,62.335,800,0
SYBT.US,5,20211126,165500,62.07,62.07,62.07,62.07,100,0
SYBT.US,5,20211126,170000,62.16,62.21,61.98,62.04,1100,0
SYBT.US,5,20211126,170500,62,62.01,62,62,1182,0
SYBT.US,5,20211126,171000,61.99,62.1,61.78,61.82,1192,0
SYBT.US,5,20211126,171500,61.96,61.96,61.96,61.96,100,0
SYBT.US,5,20211126,172000,61.61,61.86,61.61,61.86,300,0
SYBT.US,5,20211126,172500,61.67,61.76,61.67,61.7249,400,0
SYBT.US,5,20211126,173000,61.73,61.73,61.61,61.64,500,0
SYBT.US,5,20211126,173500,61.6638,61.6638,61.6638,61.6638,100,0
SYBT.US,5,20211126,174000,61.7546,61.7546,61.75,61.75,352,0
SYBT.US,5,20211126,174500,61.74,61.74,61.74,61.74,100,0
SYBT.US,5,20211126,175500,61.49,61.75,61.49,61.52,1057,0
SYBT.US,5,20211126,180500,61.59,61.59,61.59,61.59,100,0
SYBT.US,5,20211126,181000,61.825,61.97,61.825,61.97,500,0
SYBT.US,5,20211126,181500,62,62,61.89,61.89,600,0
SYBT.US,5,20211126,182000,61.86,61.86,61.86,61.86,100,0
SYBT.US,5,20211126,182500,61.92,61.92,61.73,61.73,200,0
SYBT.US,5,20211126,183000,61.96,61.96,61.96,61.96,100,0
SYBT.US,5,20211126,183500,62.2,62.2,62.2,62.2,100,0
SYBT.US,5,20211126,184000,62.15,62.1759,62.02,62.1382,1350,0
SYBT.US,5,20211126,185000,61.9,61.99,61.9,61.95,966,0
SYBT.US,5,20211126,185500,61.83,62.22,61.83,62.22,769,0
SYBT.US,5,20211126,190000,62,62,62,62,8693,0
SYBT.US,5,20211129,153000,62.81,62.81,62.16,62.16,673,0
SYBT.US,5,20211129,153500,62.81,63.74,62.81,62.925,400,0
SYBT.US,5,20211129,154000,62.83,62.83,62.83,62.83,100,0
SYBT.US,5,20211129,154500,62.59,62.59,62.59,62.59,100,0
SYBT.US,5,20211129,161500,62.18,62.18,62.18,62.18,100,0
SYBT.US,5,20211129,162000,62.56,62.56,62.41,62.41,572,0
SYBT.US,5,20211129,163500,61.78,61.78,61.72,61.72,200,0
SYBT.US,5,20211129,164000,61.7,61.7,61.35,61.69,300,0
SYBT.US,5,20211129,164500,61.87,61.87,61.725,61.725,200,0
SYBT.US,5,20211129,165000,61.715,61.715,61.715,61.715,100,0
SYBT.US,5,20211129,165500,61.81,61.81,61.81,61.81,200,0
SYBT.US,5,20211129,170500,61.775,61.775,61.775,61.775,100,0
SYBT.US,5,20211129,171500,61.51,61.51,61.51,61.51,127,0
SYBT.US,5,20211129,172000,61.42,61.52,61.41,61.5,600,0
SYBT.US,5,20211129,172500,61.41,61.41,61.25,61.25,300,0
SYBT.US,5,20211129,173000,61.325,61.52,61.325,61.435,500,0
SYBT.US,5,20211129,173500,61.46,61.495,61.455,61.485,400,0
SYBT.US,5,20211129,175000,61.76,61.76,61.55,61.61,400,0
SYBT.US,5,20211129,175500,61.58,61.58,61.32,61.32,400,0
SYBT.US,5,20211129,180500,61.58,61.58,61.58,61.58,100,0
SYBT.US,5,20211129,181500,61.52,61.54,61.52,61.54,200,0
SYBT.US,5,20211129,182000,61.61,61.62,61.54,61.54,300,0
SYBT.US,5,20211129,184000,61.62,61.62,61.58,61.58,300,0
SYBT.US,5,20211129,185000,61.6,61.6,61.6,61.6,100,0
SYBT.US,5,20211129,185500,61.51,61.61,61.51,61.61,200,0
SYBT.US,5,20211129,190000,61.75,61.75,61.75,61.75,100,0
SYBT.US,5,20211129,190500,61.65,61.65,61.63,61.63,400,0
SYBT.US,5,20211129,191500,61.62,61.63,61.62,61.63,300,0
SYBT.US,5,20211129,192500,61.6,61.6,61.6,61.6,200,0
SYBT.US,5,20211129,193500,61.52,61.52,61.46,61.46,200,0
SYBT.US,5,20211129,194000,61.46,61.46,61.46,61.46,100,0
SYBT.US,5,20211129,195000,61.39,61.39,61.39,61.39,100,0
SYBT.US,5,20211129,200000,61.45,61.48,61.45,61.47,433,0
SYBT.US,5,20211129,202000,61.46,61.46,61.43,61.43,500,0
SYBT.US,5,20211129,202500,61.4,61.4,61.27,61.27,1700,0
SYBT.US,5,20211129,203000,61.39,61.39,61.32,61.33,400,0
SYBT.US,5,20211129,203500,61.28,61.31,61.28,61.31,200,0
SYBT.US,5,20211129,204000,61.43,61.43,61.43,61.43,100,0
SYBT.US,5,20211129,204500,61.35,61.35,61.33,61.33,200,0
SYBT.US,5,20211129,205000,61.33,61.33,61.32,61.32,300,0
SYBT.US,5,20211129,205500,61.25,61.25,61.25,61.25,378,0
SYBT.US,5,20211129,210000,61.21,61.21,61.21,61.21,100,0
SYBT.US,5,20211129,210500,61.365,61.365,61.365,61.365,100,0
SYBT.US,5,20211129,211000,61.32,61.32,61.32,61.32,100,0
SYBT.US,5,20211129,211500,61.365,61.365,61.365,61.365,100,0
SYBT.US,5,20211129,212000,61.18,61.18,61.18,61.18,200,0
SYBT.US,5,20211129,212500,61.22,61.26,61.16,61.26,300,0
SYBT.US,5,20211129,213000,61.03,61.21,60.99,61.07,1900,0
SYBT.US,5,20211129,213500,61.19,61.2,61.11,61.16,600,0
SYBT.US,5,20211129,214000,61.13,61.13,61.13,61.13,100,0
SYBT.US,5,20211129,214500,61.06,61.12,60.91,60.99,1457,0
SYBT.US,5,20211129,215000,60.91,60.96,60.77,60.86,1000,0
SYBT.US,5,20211129,215500,60.88,60.97,60.77,60.77,9772,0
SYBT.US,5,20211130,153000,60.13,60.13,59.62,59.66,844,0
SYBT.US,5,20211130,155000,60.77,61.03,60.77,61.03,219,0
SYBT.US,5,20211130,155500,59.77,60,59.77,59.95,300,0
SYBT.US,5,20211130,160000,59.97,59.97,59.95,59.97,536,0
SYBT.US,5,20211130,160500,60.1,60.1,60.1,60.1,104,0
SYBT.US,5,20211130,161500,60.23,60.23,60.13,60.13,1032,0
SYBT.US,5,20211130,162000,59.91,59.92,59.91,59.92,400,0
SYBT.US,5,20211130,163000,59.82,59.85,59.71,59.76,1100,0
SYBT.US,5,20211130,163500,59.76,59.92,59.76,59.92,910,0
SYBT.US,5,20211130,164000,59.93,59.94,59.9,59.93,800,0
SYBT.US,5,20211130,170000,59.93,59.93,59.93,59.93,100,0
SYBT.US,5,20211130,170500,60.01,60.04,60.01,60.04,200,0
SYBT.US,5,20211130,171000,60.23,60.23,60.23,60.23,121,0
SYBT.US,5,20211130,172500,60.49,60.49,60.32,60.32,200,0
SYBT.US,5,20211130,173000,60.28,60.28,60.06,60.06,1165,0
SYBT.US,5,20211130,174000,59.98,59.98,59.98,59.98,100,0
SYBT.US,5,20211130,175500,59.66,59.81,59.66,59.81,300,0
SYBT.US,5,20211130,180500,59.725,59.725,59.725,59.725,100,0
SYBT.US,5,20211130,182000,59.75,59.75,59.695,59.695,200,0
SYBT.US,5,20211130,183000,59.71,59.71,59.685,59.685,400,0
SYBT.US,5,20211130,183500,59.79,59.79,59.79,59.79,300,0
SYBT.US,5,20211130,184500,59.82,59.82,59.7,59.7,379,0
SYBT.US,5,20211130,185000,59.765,59.765,59.73,59.74,400,0
SYBT.US,5,20211130,190500,59.67,59.67,59.58,59.59,400,0
SYBT.US,5,20211130,191000,59.5,59.52,59.49,59.52,400,0
SYBT.US,5,20211130,193000,59.565,59.565,59.53,59.53,200,0
SYBT.US,5,20211130,193500,59.67,59.67,59.67,59.67,100,0
SYBT.US,5,20211130,195000,59.82,59.82,59.82,59.82,200,0
SYBT.US,5,20211130,195500,59.87,59.87,59.83,59.87,345,0
SYBT.US,5,20211130,200000,59.86,59.86,59.76,59.76,500,0
SYBT.US,5,20211130,200500,59.78,59.78,59.78,59.78,300,0
SYBT.US,5,20211130,201000,59.78,59.85,59.78,59.85,265,0
SYBT.US,5,20211130,201500,59.75,59.75,59.75,59.75,100,0
SYBT.US,5,20211130,202000,59.85,60.0899,59.85,59.9,381,0
SYBT.US,5,20211130,202500,59.92,59.92,59.92,59.92,100,0
SYBT.US,5,20211130,203500,59.91,59.99,59.9,59.91,757,0
SYBT.US,5,20211130,204000,59.87,59.87,59.82,59.82,300,0
SYBT.US,5,20211130,204500,59.9107,59.9107,59.775,59.775,924,0
SYBT.US,5,20211130,205000,59.765,59.765,59.765,59.765,100,0
SYBT.US,5,20211130,210000,59.84,59.84,59.84,59.84,100,0
SYBT.US,5,20211130,210500,59.87,59.87,59.85,59.85,200,0
SYBT.US,5,20211130,211000,59.92,59.98,59.92,59.95,400,0
SYBT.US,5,20211130,211500,60.01,60.01,59.95,59.95,300,0
SYBT.US,5,20211130,212000,60.06,60.085,60.06,60.085,400,0
SYBT.US,5,20211130,213000,60.165,60.32,60.15,60.32,300,0
SYBT.US,5,20211130,213500,60.44,60.44,60.44,60.44,100,0
SYBT.US,5,20211130,214000,60.44,60.44,60.44,60.44,100,0
SYBT.US,5,20211130,214500,60.59,60.76,60.58,60.75,500,0
SYBT.US,5,20211130,215000,60.61,60.61,58.68,59.28,13439,0
SYBT.US,5,20211130,215500,59.22,59.91,59.16,59.83,35709,0
SYBT.US,5,20211201,153000,61.11,61.11,61.11,61.11,1252,0
SYBT.US,5,20211201,153500,60.83,60.83,60.83,60.83,100,0
SYBT.US,5,20211201,154500,61.08,61.08,60.95,61,434,0
SYBT.US,5,20211201,160000,61.56,61.56,61.45,61.45,200,0
SYBT.US,5,20211201,160500,61.545,61.545,61.51,61.51,400,0
SYBT.US,5,20211201,161000,61.94,62.16,61.94,62.16,200,0
SYBT.US,5,20211201,161500,61.72,61.72,61.72,61.72,100,0
SYBT.US,5,20211201,163000,61.84,62.01,61.72,61.73,565,0
SYBT.US,5,20211201,164000,61.71,61.71,61.58,61.58,700,0
SYBT.US,5,20211201,164500,61.58,61.635,61.54,61.635,2887,0
SYBT.US,5,20211201,165000,61.735,61.735,61.735,61.735,100,0
SYBT.US,5,20211201,165500,61.63,61.63,61.62,61.62,300,0
SYBT.US,5,20211201,170500,61.7,61.71,61.7,61.71,200,0
SYBT.US,5,20211201,171000,62.07,62.07,62.07,62.07,100,0
SYBT.US,5,20211201,171500,62.01,62.2,62,62.025,600,0
SYBT.US,5,20211201,172000,62.15,62.19,62.15,62.19,200,0
SYBT.US,5,20211201,172500,62.285,62.285,62.285,62.285,200,0
SYBT.US,5,20211201,173000,62.2,62.2,62.2,62.2,100,0
SYBT.US,5,20211201,173500,62.36,62.36,62.27,62.27,250,0
SYBT.US,5,20211201,174000,62.21,62.21,62.18,62.18,200,0
SYBT.US,5,20211201,174500,62.17,62.17,62.02,62.15,900,0
SYBT.US,5,20211201,175000,62.06,62.06,62.05,62.05,200,0
SYBT.US,5,20211201,180000,62.1,62.1,62.1,62.1,100,0
SYBT.US,5,20211201,180500,61.93,61.93,61.93,61.93,100,0
SYBT.US,5,20211201,181000,62.04,62.23,62.04,62.23,600,0
SYBT.US,5,20211201,182000,62.245,62.26,62.18,62.26,400,0
SYBT.US,5,20211201,182500,62.21,62.219,62.12,62.12,600,0
SYBT.US,5,20211201,183000,62.17,62.23,62.17,62.23,500,0
SYBT.US,5,20211201,183500,62.315,62.315,62.21,62.21,400,0
SYBT.US,5,20211201,184500,62.19,62.23,62.19,62.23,500,0
SYBT.US,5,20211201,185000,62.125,62.125,61.98,61.98,300,0
SYBT.US,5,20211201,190500,61.74,61.74,61.51,61.58,500,0
SYBT.US,5,20211201,191500,61.57,61.57,61.57,61.57,100,0
SYBT.US,5,20211201,192000,61.12,61.345,61.12,61.345,200,0
SYBT.US,5,20211201,192500,61.41,61.41,61.41,61.41,399,0
SYBT.US,5,20211201,193000,61.39,61.39,61.17,61.17,750,0
SYBT.US,5,20211201,193500,61.37,61.37,61.35,61.36,306,0
SYBT.US,5,20211201,194000,61.37,61.37,61.17,61.32,400,0
SYBT.US,5,20211201,194500,61.23,61.23,61.08,61.16,600,0
SYBT.US,5,20211201,195000,61.17,61.17,61.11,61.11,300,0
SYBT.US,5,20211201,195500,61.075,61.075,61.075,61.075,100,0
SYBT.US,5,20211201,200000,61.02,61.12,60.97,60.97,300,0
SYBT.US,5,20211201,200500,60.91,60.91,60.91,60.91,200,0
SYBT.US,5,20211201,201500,60.6925,60.83,60.65,60.65,1088,0
SYBT.US,5,20211201,202000,60.79,60.89,60.79,60.89,400,0
SYBT.US,5,20211201,202500,61.04,61.04,61.02,61.03,400,0
SYBT.US,5,20211201,203000,61.03,61.17,61.03,61.17,618,0
SYBT.US,5,20211201,203500,60.99,61.05,60.99,61.05,327,0
SYBT.US,5,20211201,204000,60.95,60.98,60.715,60.715,3876,0
SYBT.US,5,20211201,204500,60.77,60.77,60.77,60.77,100,0
SYBT.US,5,20211201,205000,60.775,60.775,60.65,60.72,700,0
SYBT.US,5,20211201,205500,60.7,60.71,60.7,60.71,400,0
SYBT.US,5,20211201,210000,60.6,60.67,60.45,60.45,676,0
SYBT.US,5,20211201,210500,60.52,60.52,60.23,60.465,400,0
SYBT.US,5,20211201,211000,60.46,60.46,60.35,60.415,400,0
SYBT.US,5,20211201,211500,60.31,60.31,60.31,60.31,100,0
SYBT.US,5,20211201,212500,60.22,60.36,60.2,60.36,812,0
SYBT.US,5,20211201,213000,60.48,60.48,60.36,60.48,600,0
SYBT.US,5,20211201,213500,60.52,60.56,60.395,60.56,1338,0
SYBT.US,5,20211201,214000,60.47,60.62,60.47,60.62,400,0
SYBT.US,5,20211201,214500,60.7,60.7,60.27,60.27,1000,0
SYBT.US,5,20211201,215000,60.3,60.38,60.22,60.22,800,0
SYBT.US,5,20211201,215500,60.16,60.31,60.01,60.02,13593,0
SYBT.US,5,20211202,153000,60.73,60.73,60.73,60.73,737,0
SYBT.US,5,20211202,153500,60.71,60.71,60.7,60.71,300,0
SYBT.US,5,20211202,161500,61.17,61.17,61.1,61.1,200,0
SYBT.US,5,20211202,163000,61.6,61.6,61.26,61.26,500,0
SYBT.US,5,20211202,164000,61.16,61.16,61.16,61.16,100,0
SYBT.US,5,20211202,164500,61.15,61.315,61.15,61.315,305,0
SYBT.US,5,20211202,165000,61.33,61.33,61.18,61.18,200,0
SYBT.US,5,20211202,170000,61.365,61.64,61.365,61.64,400,0
SYBT.US,5,20211202,170500,61.56,61.56,61.55,61.55,400,0
SYBT.US,5,20211202,171000,61.43,61.43,61.42,61.43,434,0
SYBT.US,5,20211202,171500,61.575,61.575,61.575,61.575,100,0
SYBT.US,5,20211202,172000,61.665,61.665,61.64,61.64,200,0
SYBT.US,5,20211202,173000,61.66,61.66,61.66,61.66,100,0
SYBT.US,5,20211202,173500,61.69,61.69,61.69,61.69,525,0
SYBT.US,5,20211202,174500,61.59,61.59,61.59,61.59,100,0
SYBT.US,5,20211202,182500,61.77,61.77,61.77,61.77,400,0
SYBT.US,5,20211202,184000,61.85,61.85,61.85,61.85,100,0
SYBT.US,5,20211202,184500,62.0071,62.0071,62.0071,62.0071,300,0
SYBT.US,5,20211202,190000,61.76,61.76,61.71,61.71,300,0
SYBT.US,5,20211202,191500,61.94,61.94,61.94,61.94,200,0
SYBT.US,5,20211202,192000,61.86,61.86,61.86,61.86,100,0
SYBT.US,5,20211202,193000,61.82,61.82,61.82,61.82,200,0
SYBT.US,5,20211202,194000,62.19,62.25,62.19,62.25,300,0
SYBT.US,5,20211202,194500,62.12,62.21,62.12,62.21,200,0
SYBT.US,5,20211202,195500,62.32,62.4,62.32,62.4,600,0
SYBT.US,5,20211202,200000,62.37,62.4,62.37,62.4,200,0
SYBT.US,5,20211202,200500,62.5,62.5,62.5,62.5,131,0
SYBT.US,5,20211202,201000,62.48,62.48,62.48,62.48,100,0
SYBT.US,5,20211202,202500,62.44,62.47,62.36,62.47,600,0
SYBT.US,5,20211202,203000,62.53,62.53,62.39,62.39,900,0
SYBT.US,5,20211202,204500,62.41,62.41,62.41,62.41,203,0
SYBT.US,5,20211202,210500,62.34,62.34,62.34,62.34,200,0
SYBT.US,5,20211202,211000,62.13,62.13,62.1,62.1,200,0
SYBT.US,5,20211202,212000,62.18,62.18,62.18,62.18,100,0
SYBT.US,5,20211202,212500,62.07,62.12,62.06,62.12,300,0
SYBT.US,5,20211202,213000,62.1,62.135,62.1,62.135,200,0
SYBT.US,5,20211202,213500,62.33,62.33,62.33,62.33,100,0
SYBT.US,5,20211202,214000,62.115,62.115,62.115,62.115,100,0
SYBT.US,5,20211202,214500,61.98,62.11,61.98,62.06,300,0
SYBT.US,5,20211202,215000,62.495,62.495,62.12,62.12,755,0
SYBT.US,5,20211202,215500,62.08,62.34,62.08,62.32,1551,0
SYBT.US,5,20211203,153000,62.5,62.5,61.86,61.86,476,0
SYBT.US,5,20211203,155000,61.385,61.385,61.385,61.385,100,0
SYBT.US,5,20211203,155500,61.72,61.72,61.38,61.38,200,0
SYBT.US,5,20211203,161000,61.44,61.44,61.44,61.44,100,0
SYBT.US,5,20211203,162000,61.64,61.805,61.64,61.805,484,0
SYBT.US,5,20211203,162500,61.73,61.73,61.68,61.68,504,0
SYBT.US,5,20211203,163000,61.6,61.6,61.6,61.6,100,0
SYBT.US,5,20211203,163500,61.56,61.56,61.56,61.56,100,0
SYBT.US,5,20211203,164000,61.44,61.44,61.44,61.44,100,0
SYBT.US,5,20211203,164500,61.24,61.24,61.24,61.24,100,0
SYBT.US,5,20211203,165500,61.05,61.08,61.05,61.08,200,0
SYBT.US,5,20211203,170000,61.1984,61.1984,60.99,60.99,500,0
SYBT.US,5,20211203,171000,61.18,61.18,61.18,61.18,218,0
SYBT.US,5,20211203,171500,61.3,61.3,61.24,61.24,200,0
SYBT.US,5,20211203,172000,61.36,61.43,61.315,61.43,300,0
SYBT.US,5,20211203,173500,61.23,61.43,61.23,61.43,549,0
SYBT.US,5,20211203,174000,61.28,61.35,61.28,61.35,200,0
SYBT.US,5,20211203,174500,61.3,61.3,61.3,61.3,100,0
SYBT.US,5,20211203,175000,61.24,61.24,61.04,61.12,600,0
SYBT.US,5,20211203,175500,60.98,60.985,60.87,60.87,300,0
SYBT.US,5,20211203,180000,60.94,60.94,60.94,60.94,100,0
SYBT.US,5,20211203,181000,61.36,61.36,61.36,61.36,100,0
SYBT.US,5,20211203,181500,61.31,61.31,61.31,61.31,100,0
SYBT.US,5,20211203,183000,61.24,61.24,61.24,61.24,300,0
SYBT.US,5,20211203,183500,61.18,61.18,61.18,61.18,334,0
SYBT.US,5,20211203,184500,61.29,61.37,61.29,61.37,200,0
SYBT.US,5,20211203,185500,61.01,61.05,61.01,61.01,1100,0
SYBT.US,5,20211203,191000,61.11,61.11,61.11,61.11,200,0
SYBT.US,5,20211203,191500,61.13,61.13,61.13,61.13,100,0
SYBT.US,5,20211203,193000,61.03,61.03,61.03,61.03,100,0
SYBT.US,5,20211203,193500,60.86,60.86,60.86,60.86,100,0
SYBT.US,5,20211203,194000,60.825,60.84,60.825,60.84,400,0
SYBT.US,5,20211203,194500,60.81,60.81,60.81,60.81,100,0
SYBT.US,5,20211203,200000,60.9,60.97,60.9,60.97,300,0
SYBT.US,5,20211203,200500,60.935,60.935,60.935,60.935,100,0
SYBT.US,5,20211203,201000,60.94,60.94,60.89,60.89,400,0
SYBT.US,5,20211203,201500,60.965,60.965,60.88,60.88,200,0
SYBT.US,5,20211203,202000,60.82,60.87,60.82,60.87,400,0
SYBT.US,5,20211203,202500,60.875,60.95,60.875,60.95,500,0
SYBT.US,5,20211203,203500,60.945,60.945,60.945,60.945,100,0
SYBT.US,5,20211203,204000,60.89,60.89,60.82,60.89,800,0
SYBT.US,5,20211203,205500,60.85,60.85,60.85,60.85,100,0
SYBT.US,5,20211203,210000,60.81,60.9,60.79,60.9,1300,0
SYBT.US,5,20211203,211000,60.91,60.91,60.91,60.91,200,0
SYBT.US,5,20211203,212500,61.02,61.02,61.02,61.02,100,0
SYBT.US,5,20211203,213500,61.19,61.19,60.96,61.03,700,0
SYBT.US,5,20211203,214000,60.96,60.96,60.96,60.96,100,0
SYBT.US,5,20211203,214500,60.915,60.92,60.88,60.88,800,0
SYBT.US,5,20211203,215000,60.93,61.125,60.93,61.125,1000,0
SYBT.US,5,20211203,215500,61.22,61.28,61.07,61.09,9871,0
SYBT.US,5,20211206,153000,61.99,61.99,61.99,61.99,1152,0
SYBT.US,5,20211206,154000,62.09,62.1,61.507,61.507,670,0
SYBT.US,5,20211206,154500,62.13,62.375,61.93,62.09,1501,0
SYBT.US,5,20211206,155000,62.09,62.1,62.09,62.1,200,0
SYBT.US,5,20211206,160000,62.58,62.77,62.52,62.77,300,0
SYBT.US,5,20211206,160500,62.34,62.34,62.34,62.34,100,0
SYBT.US,5,20211206,162000,62.61,62.61,62.57,62.57,200,0
SYBT.US,5,20211206,162500,62.57,62.57,62.39,62.39,200,0
SYBT.US,5,20211206,164000,62.575,62.575,62.575,62.575,100,0
SYBT.US,5,20211206,165000,62.61,62.61,62.61,62.61,100,0
SYBT.US,5,20211206,170000,62.86,62.86,62.71,62.71,500,0
SYBT.US,5,20211206,170500,62.67,62.67,62.67,62.67,625,0
SYBT.US,5,20211206,171500,62.6,62.6,62.59,62.59,300,0
SYBT.US,5,20211206,174500,62.32,62.32,62.155,62.155,300,0
SYBT.US,5,20211206,180000,62.24,62.26,62.24,62.26,200,0
SYBT.US,5,20211206,183500,62.38,62.38,62.38,62.38,200,0
SYBT.US,5,20211206,184500,62.28,62.28,62.28,62.28,100,0
SYBT.US,5,20211206,185500,62.29,62.29,62.28,62.28,200,0
SYBT.US,5,20211206,190000,62.28,62.28,62.28,62.28,100,0
SYBT.US,5,20211206,192500,62.52,62.56,62.52,62.56,200,0
SYBT.US,5,20211206,193000,62.67,62.67,62.66,62.66,200,0
SYBT.US,5,20211206,193500,62.67,62.75,62.67,62.75,200,0
SYBT.US,5,20211206,194500,62.97,63.15,62.97,63.15,300,0
SYBT.US,5,20211206,195000,63.234,63.234,63.23,63.23,395,0
SYBT.US,5,20211206,195500,63.38,63.38,63.38,63.38,100,0
SYBT.US,5,20211206,201000,63.08,63.265,63.08,63.265,500,0
SYBT.US,5,20211206,201500,63.2,63.2,63.075,63.075,200,0
SYBT.US,5,20211206,202500,63.14,63.14,63.14,63.14,100,0
SYBT.US,5,20211206,203000,63.04,63.07,63.04,63.04,300,0
SYBT.US,5,20211206,203500,63.11,63.11,63.11,63.11,100,0
SYBT.US,5,20211206,204000,62.99,63.04,62.84,62.84,500,0
SYBT.US,5,20211206,205500,62.91,63.16,62.91,63.16,300,0
SYBT.US,5,20211206,210500,62.87,62.9596,62.87,62.9596,414,0
SYBT.US,5,20211206,211500,63.01,63.18,62.955,62.97,1200,0
SYBT.US,5,20211206,212000,62.82,62.82,62.82,62.82,100,0
SYBT.US,5,20211206,212500,62.66,62.66,62.65,62.65,200,0
SYBT.US,5,20211206,213000,62.64,62.64,62.64,62.64,100,0
SYBT.US,5,20211206,214500,62.78,62.83,62.78,62.79,400,0
SYBT.US,5,20211206,215000,62.75,62.845,62.72,62.845,600,0
SYBT.US,5,20211206,215500,62.69,62.87,62.69,62.71,8965,0
SYBT.US,5,20211207,153000,63.3,63.3,63.3,63.3,501,0
SYBT.US,5,20211207,153500,62.58,62.58,62.58,62.58,100,0
SYBT.US,5,20211207,154500,63.11,63.11,63.11,63.11,200,0
SYBT.US,5,20211207,155000,62.3076,63.1,62.3076,63.1,330,0
SYBT.US,5,20211207,161000,62.7182,62.925,62.66,62.745,700,0
SYBT.US,5,20211207,162500,62.5,62.71,62.5,62.71,600,0
SYBT.US,5,20211207,163500,62.42,62.42,62.42,62.42,100,0
SYBT.US,5,20211207,165000,62.675,62.675,62.52,62.52,300,0
SYBT.US,5,20211207,170500,62.7,62.72,62.55,62.55,300,0
SYBT.US,5,20211207,171000,62.44,62.44,62.44,62.44,100,0
SYBT.US,5,20211207,171500,62.415,62.415,62.415,62.415,100,0
SYBT.US,5,20211207,172500,62.35,62.35,62.3,62.3,200,0
SYBT.US,5,20211207,173000,62.2,62.285,62.2,62.285,200,0
SYBT.US,5,20211207,175000,62.25,62.345,62.24,62.24,300,0
SYBT.US,5,20211207,180000,62.32,62.32,62.32,62.32,100,0
SYBT.US,5,20211207,181000,62.17,62.17,62.16,62.16,200,0
SYBT.US,5,20211207,181500,62.13,62.13,62.045,62.045,200,0
SYBT.US,5,20211207,185000,61.92,62.135,61.92,62.135,500,0
SYBT.US,5,20211207,185500,62.04,62.04,62.04,62.04,100,0
SYBT.US,5,20211207,191000,61.93,61.93,61.925,61.925,300,0
SYBT.US,5,20211207,191500,61.91,62.01,61.91,62.01,200,0
SYBT.US,5,20211207,193000,61.89,61.93,61.89,61.93,200,0
SYBT.US,5,20211207,193500,61.9131,61.9131,61.9131,61.9131,200,0
SYBT.US,5,20211207,194500,61.98,62.09,61.98,62.09,400,0
SYBT.US,5,20211207,195000,62.15,62.15,62.15,62.15,150,0
SYBT.US,5,20211207,195500,62,62,62,62,100,0
SYBT.US,5,20211207,200000,61.92,61.92,61.92,61.92,100,0
SYBT.US,5,20211207,200500,62.03,62.07,62.03,62.07,200,0
SYBT.US,5,20211207,202000,62.175,62.175,62.175,62.175,100,0
SYBT.US,5,20211207,202500,62.235,62.235,62.235,62.235,600,0
SYBT.US,5,20211207,210000,62.07,62.07,62.07,62.07,100,0
SYBT.US,5,20211207,210500,62.23,62.26,62.23,62.26,300,0
SYBT.US,5,20211207,211000,62.24,62.24,62.24,62.24,200,0
SYBT.US,5,20211207,211500,62.275,62.38,62.275,62.37,300,0
SYBT.US,5,20211207,213000,62.01,62.02,61.935,62.02,700,0
SYBT.US,5,20211207,214000,61.95,61.98,61.875,61.875,900,0
SYBT.US,5,20211207,214500,61.82,61.82,61.56,61.605,3000,0
SYBT.US,5,20211207,215000,61.49,61.57,61.29,61.44,3347,0
SYBT.US,5,20211207,215500,61.48,61.77,61.47,61.61,4116,0
SYBT.US,5,20211208,153000,62.08,62.08,61.3134,61.3134,519,0
SYBT.US,5,20211208,162000,61.39,61.495,61.23,61.34,600,0
SYBT.US,5,20211208,162500,61.34,61.439,61.34,61.34,300,0
SYBT.US,5,20211208,163000,61.26,61.7,61.26,61.7,800,0
SYBT.US,5,20211208,165500,61.595,61.595,61.51,61.51,400,0
SYBT.US,5,20211208,170500,61.52,61.52,61.52,61.52,100,0
SYBT.US,5,20211208,172500,61.755,61.755,61.755,61.755,100,0
SYBT.US,5,20211208,173000,61.88,61.88,61.88,61.88,100,0
SYBT.US,5,20211208,174000,61.89,62.05,61.89,62.05,200,0
SYBT.US,5,20211208,175000,62.13,62.13,62.07,62.07,400,0
SYBT.US,5,20211208,175500,62.125,62.125,62.125,62.125,100,0
SYBT.US,5,20211208,180000,62.195,62.44,62.12,62.44,800,0
SYBT.US,5,20211208,180500,62.46,62.46,62.46,62.46,100,0
SYBT.US,5,20211208,181000,62.48,62.56,62.47,62.47,1000,0
SYBT.US,5,20211208,181500,62.415,62.435,62.415,62.435,300,0
SYBT.US,5,20211208,182000,62.51,62.51,62.51,62.51,400,0
SYBT.US,5,20211208,183000,62.495,62.495,62.46,62.46,200,0
SYBT.US,5,20211208,184000,61.96,61.96,61.96,61.96,100,0
SYBT.US,5,20211208,185500,62.03,62.03,62.03,62.03,100,0
SYBT.US,5,20211208,190000,61.9943,61.9943,61.9943,61.9943,161,0
SYBT.US,5,20211208,191000,62.05,62.05,62.04,62.04,200,0
SYBT.US,5,20211208,193000,62.03,62.155,62.03,62.155,400,0
SYBT.US,5,20211208,194500,61.94,61.94,61.94,61.94,100,0
SYBT.US,5,20211208,195500,61.94,62.11,61.94,62.11,400,0
SYBT.US,5,20211208,201500,62.1,62.1,62.1,62.1,100,0
SYBT.US,5,20211208,204000,61.962,62.1,61.962,62.09,939,0
SYBT.US,5,20211208,205000,62.35,62.35,62.12,62.12,400,0
SYBT.US,5,20211208,205500,62.155,62.155,62.155,62.155,100,0
SYBT.US,5,20211208,210500,62.175,62.175,62.175,62.175,100,0
SYBT.US,5,20211208,211000,62.19,62.19,62.19,62.19,100,0
SYBT.US,5,20211208,211500,62.2,62.2,62.2,62.2,200,0
SYBT.US,5,20211208,212000,62.22,62.34,62.22,62.34,200,0
SYBT.US,5,20211208,212500,62.33,62.33,62.33,62.33,100,0
SYBT.US,5,20211208,213000,62.36,62.36,62.36,62.36,100,0
SYBT.US,5,20211208,213500,62.345,62.345,62.285,62.285,537,0
SYBT.US,5,20211208,214000,62.26,62.28,62.26,62.28,200,0
SYBT.US,5,20211208,214500,62.41,62.475,62.4,62.47,1414,0
SYBT.US,5,20211208,215000,62.44,62.54,62.44,62.54,500,0
SYBT.US,5,20211208,215500,62.51,62.56,62.39,62.43,8136,0
SYBT.US,5,20211209,153000,62.14,62.14,62.14,62.14,523,0
SYBT.US,5,20211209,153500,61.77,61.77,61.77,61.77,100,0
SYBT.US,5,20211209,154500,61.93,61.93,61.93,61.93,200,0
SYBT.US,5,20211209,155000,61.74,61.9,61.7,61.9,644,0
SYBT.US,5,20211209,155500,62.06,62.06,62.06,62.06,107,0
SYBT.US,5,20211209,161000,62.38,62.38,62.38,62.38,100,0
SYBT.US,5,20211209,161500,62.38,62.62,62.22,62.62,400,0
SYBT.US,5,20211209,162000,62.535,62.535,62.535,62.535,100,0
SYBT.US,5,20211209,162500,62.15,62.15,62.15,62.15,100,0
SYBT.US,5,20211209,163000,62.11,62.11,62.11,62.11,100,0
SYBT.US,5,20211209,163500,62.23,62.23,62.045,62.045,200,0
SYBT.US,5,20211209,164000,62.25,62.44,62.25,62.44,200,0
SYBT.US,5,20211209,165000,62.275,62.275,61.95,61.95,300,0
SYBT.US,5,20211209,165500,62.115,62.29,62.115,62.29,200,0
SYBT.US,5,20211209,171000,62.115,62.115,62.115,62.115,100,0
SYBT.US,5,20211209,171500,62.08,62.08,62.08,62.08,100,0
SYBT.US,5,20211209,172000,61.975,62,61.975,62,275,0
SYBT.US,5,20211209,173000,62.09,62.24,62.09,62.24,300,0
SYBT.US,5,20211209,174500,62.075,62.075,62.075,62.075,100,0
SYBT.US,5,20211209,175000,62.16,62.16,62.16,62.16,100,0
SYBT.US,5,20211209,180500,62.05,62.42,62.05,62.295,820,0
SYBT.US,5,20211209,181000,62.45,62.52,62.4388,62.52,521,0
SYBT.US,5,20211209,184500,62.31,62.31,62.25,62.25,200,0
SYBT.US,5,20211209,185000,62.34,62.425,62.34,62.425,400,0
SYBT.US,5,20211209,190500,62.445,62.445,62.445,62.445,100,0
SYBT.US,5,20211209,192500,62.2735,62.2735,62.2735,62.2735,125,0
SYBT.US,5,20211209,193000,62.34,62.39,62.33,62.39,500,0
SYBT.US,5,20211209,193500,62.33,62.36,62.33,62.35,300,0
SYBT.US,5,20211209,194500,62.28,62.28,62.25,62.25,600,0
SYBT.US,5,20211209,195000,62.255,62.255,62.255,62.255,100,0
SYBT.US,5,20211209,200000,62.285,62.3,62.16,62.16,500,0
SYBT.US,5,20211209,201500,61.9843,61.9843,61.9843,61.9843,100,0
SYBT.US,5,20211209,202500,61.91,62.01,61.91,61.99,500,0
SYBT.US,5,20211209,204000,61.8,61.8,61.8,61.8,260,0
SYBT.US,5,20211209,205000,61.87,61.87,61.87,61.87,100,0
SYBT.US,5,20211209,205500,61.82,61.8446,61.82,61.8446,200,0
SYBT.US,5,20211209,210000,61.86,61.86,61.86,61.86,100,0
SYBT.US,5,20211209,212000,61.71,61.83,61.71,61.7621,2600,0
SYBT.US,5,20211209,212500,61.95,61.95,61.75,61.76,1050,0
SYBT.US,5,20211209,213000,61.81,61.94,61.81,61.94,200,0
SYBT.US,5,20211209,214000,61.95,61.95,61.885,61.885,225,0
SYBT.US,5,20211209,214500,61.81,61.81,61.81,61.81,300,0
SYBT.US,5,20211209,215000,61.82,61.82,61.82,61.82,100,0
SYBT.US,5,20211209,215500,61.78,61.81,61.76,61.81,9923,0
SYBT.US,5,20211210,153000,62.28,62.28,62.28,62.28,278,0
SYBT.US,5,20211210,153500,62.02,62.02,62,62,300,0
SYBT.US,5,20211210,154000,61.85,61.85,61.85,61.85,100,0
SYBT.US,5,20211210,155000,61.51,61.51,61.51,61.51,100,0
SYBT.US,5,20211210,155500,61.52,61.52,61.13,61.13,300,0
SYBT.US,5,20211210,160000,61.125,61.375,61.125,61.375,200,0
SYBT.US,5,20211210,161500,61.58,61.58,61.295,61.295,500,0
SYBT.US,5,20211210,162500,61.305,61.305,61.305,61.305,100,0
SYBT.US,5,20211210,163500,61.585,61.585,61.585,61.585,100,0
SYBT.US,5,20211210,164000,61.575,61.6,61.38,61.585,596,0
SYBT.US,5,20211210,164500,61.39,61.39,61.39,61.39,100,0
SYBT.US,5,20211210,165500,61.305,61.305,61.305,61.305,100,0
SYBT.US,5,20211210,170500,61.24,61.24,61.24,61.24,100,0
SYBT.US,5,20211210,171000,61.02,61.02,61.02,61.02,500,0
SYBT.US,5,20211210,171500,60.855,60.855,60.855,60.855,100,0
SYBT.US,5,20211210,172000,61.06,61.06,61.06,61.06,100,0
SYBT.US,5,20211210,173000,60.895,60.895,60.895,60.895,100,0
SYBT.US,5,20211210,174000,61.2,61.2,61.2,61.2,100,0
SYBT.US,5,20211210,175500,61.22,61.3,61.22,61.3,300,0
SYBT.US,5,20211210,181000,61.27,61.27,61.25,61.25,200,0
SYBT.US,5,20211210,183000,61.24,61.24,61.24,61.24,200,0
SYBT.US,5,20211210,183500,61.235,61.235,61.235,61.235,100,0
SYBT.US,5,20211210,185000,61.19,61.19,61.19,61.19,100,0
SYBT.US,5,20211210,185500,61.11,61.11,61.11,61.11,100,0
SYBT.US,5,20211210,191500,61.07,61.07,61.07,61.07,100,0
SYBT.US,5,20211210,193500,61.17,61.17,61.17,61.17,200,0
SYBT.US,5,20211210,194500,61.22,61.22,61.22,61.22,100,0
SYBT.US,5,20211210,200000,61.205,61.26,61.205,61.25,500,0
SYBT.US,5,20211210,200500,61.21,61.21,61.21,61.21,100,0
SYBT.US,5,20211210,203000,61.45,61.515,61.42,61.42,500,0
SYBT.US,5,20211210,204000,61.4,61.47,61.4,61.47,200,0
SYBT.US,5,20211210,205000,61.39,61.39,61.39,61.39,100,0
SYBT.US,5,20211210,205500,61.42,61.42,61.38,61.38,600,0
SYBT.US,5,20211210,210500,61.42,61.42,61.42,61.42,100,0
SYBT.US,5,20211210,212000,61.744,61.744,61.68,61.68,850,0
SYBT.US,5,20211210,214000,61.66,61.66,61.6,61.6,200,0
SYBT.US,5,20211210,214500,61.56,61.56,61.56,61.56,100,0
SYBT.US,5,20211210,215000,61.655,61.66,61.62,61.65,400,0
SYBT.US,5,20211210,215500,61.7,61.8,61.635,61.64,10044,0
SYBT.US,5,20211213,153000,61.25,62.25,61.25,62.25,1050,0
SYBT.US,5,20211213,154000,61.86,61.875,61.86,61.875,200,0
SYBT.US,5,20211213,154500,61.725,61.725,61.02,61.685,400,0
SYBT.US,5,20211213,155000,61.71,61.71,61.04,61.485,500,0
SYBT.US,5,20211213,155500,61.45,61.49,61.45,61.49,200,0
SYBT.US,5,20211213,160000,61.58,61.58,61.2695,61.2695,225,0
SYBT.US,5,20211213,160500,61.445,61.445,61.445,61.445,100,0
SYBT.US,5,20211213,161000,61.46,61.46,61.46,61.46,100,0
SYBT.US,5,20211213,161500,61.41,61.41,61.41,61.41,100,0
SYBT.US,5,20211213,162000,61.37,61.41,61.3125,61.3125,900,0
SYBT.US,5,20211213,162500,61.43,61.43,61.37,61.37,400,0
SYBT.US,5,20211213,164000,61.69,61.69,61.69,61.69,100,0
SYBT.US,5,20211213,165000,61.43,61.52,61.41,61.52,300,0
SYBT.US,5,20211213,170000,61.205,61.21,61.015,61.11,700,0
SYBT.US,5,20211213,170500,61.11,61.11,61.11,61.11,100,0
SYBT.US,5,20211213,171500,61.13,61.225,61.13,61.225,200,0
SYBT.US,5,20211213,172000,61.1365,61.1365,61.1365,61.1365,110,0
SYBT.US,5,20211213,173000,61.13,61.13,61.13,61.13,100,0
SYBT.US,5,20211213,173500,61.25,61.37,61.215,61.37,500,0
SYBT.US,5,20211213,175500,61.34,61.34,61.34,61.34,100,0
SYBT.US,5,20211213,180500,61.57,61.83,61.57,61.83,200,0
SYBT.US,5,20211213,182000,61.69,61.69,61.69,61.69,100,0
SYBT.US,5,20211213,183000,61.74,61.74,61.72,61.72,200,0
SYBT.US,5,20211213,183500,61.715,61.715,61.715,61.715,100,0
SYBT.US,5,20211213,184000,61.895,61.895,61.895,61.895,100,0
SYBT.US,5,20211213,185000,61.78,61.78,61.78,61.78,100,0
SYBT.US,5,20211213,191000,61.65,61.65,61.65,61.65,100,0
SYBT.US,5,20211213,191500,61.7396,61.7396,61.7396,61.7396,115,0
SYBT.US,5,20211213,193500,61.73,61.73,61.575,61.64,500,0
SYBT.US,5,20211213,195000,61.56,61.56,61.56,61.56,100,0
SYBT.US,5,20211213,201000,61.56,61.56,61.56,61.56,234,0
SYBT.US,5,20211213,202000,61.81,61.81,61.81,61.81,100,0
SYBT.US,5,20211213,202500,61.835,61.94,61.73,61.92,500,0
SYBT.US,5,20211213,203500,62.12,62.12,62.115,62.115,200,0
SYBT.US,5,20211213,211000,62.17,62.17,62.17,62.17,100,0
SYBT.US,5,20211213,211500,62.21,62.21,62.18,62.18,200,0
SYBT.US,5,20211213,213500,62.05,62.06,62.05,62.06,200,0
SYBT.US,5,20211213,214000,62.03,62.03,62.03,62.03,100,0
SYBT.US,5,20211213,214500,62.05,62.05,62.05,62.05,100,0
SYBT.US,5,20211213,215000,61.89,61.89,61.615,61.615,900,0
SYBT.US,5,20211213,215500,61.69,61.8,61.63,61.69,16168,0
SYBT.US,5,20211214,153000,61.5,61.5,61.5,61.5,647,0
SYBT.US,5,20211214,153500,61.11,61.11,61.11,61.11,100,0
SYBT.US,5,20211214,154000,61.84,61.85,61.84,61.85,200,0
SYBT.US,5,20211214,155000,62.48,62.48,61.47,62.455,1400,0
SYBT.US,5,20211214,155500,62.48,62.65,62.33,62.65,900,0
SYBT.US,5,20211214,160000,61.95,61.95,61.95,61.95,100,0
SYBT.US,5,20211214,163000,62.63,62.63,62.63,62.63,200,0
SYBT.US,5,20211214,163500,62.33,62.365,62.33,62.365,200,0
SYBT.US,5,20211214,164500,62.595,62.595,62.595,62.595,120,0
SYBT.US,5,20211214,165000,62.33,62.33,62.33,62.33,100,0
SYBT.US,5,20211214,171000,62.35,62.39,62.35,62.39,200,0
SYBT.US,5,20211214,172500,62.47,62.47,62.47,62.47,100,0
SYBT.US,5,20211214,173500,62.48,62.48,62.42,62.42,300,0
SYBT.US,5,20211214,174000,62.45,62.48,62.45,62.48,200,0
SYBT.US,5,20211214,174500,62.48,62.48,62.48,62.48,100,0
SYBT.US,5,20211214,175000,62.48,62.48,62.48,62.48,963,0
SYBT.US,5,20211214,175500,62.12,62.12,62.12,62.12,100,0
SYBT.US,5,20211214,181000,62.17,62.17,62.17,62.17,100,0
SYBT.US,5,20211214,185000,62.16,62.21,62.095,62.095,300,0
SYBT.US,5,20211214,185500,62.095,62.095,62.095,62.095,100,0
SYBT.US,5,20211214,190000,62,62,62,62,100,0
SYBT.US,5,20211214,191500,62.155,62.155,62.155,62.155,100,0
SYBT.US,5,20211214,192500,62.17,62.17,62.17,62.17,200,0
SYBT.US,5,20211214,193000,62.225,62.225,62.225,62.225,100,0
SYBT.US,5,20211214,194000,62.24,62.24,62.24,62.24,200,0
SYBT.US,5,20211214,194500,62.23,62.23,62.23,62.23,100,0
SYBT.US,5,20211214,195000,62.12,62.12,62.12,62.12,100,0
SYBT.US,5,20211214,195500,62.15,62.15,62.15,62.15,100,0
SYBT.US,5,20211214,201500,61.96,62.01,61.96,62.01,200,0
SYBT.US,5,20211214,202000,61.98,62,61.98,62,200,0
SYBT.US,5,20211214,203500,61.885,61.885,61.885,61.885,100,0
SYBT.US,5,20211214,204500,61.83,61.83,61.83,61.83,100,0
SYBT.US,5,20211214,211500,61.8,61.8,61.8,61.8,100,0
SYBT.US,5,20211214,212000,61.95,61.95,61.95,61.95,200,0
SYBT.US,5,20211214,212500,62.05,62.05,62.05,62.05,100,0
SYBT.US,5,20211214,213000,62.065,62.11,62.065,62.11,354,0
SYBT.US,5,20211214,213500,62.07,62.35,62.07,62.35,325,0
SYBT.US,5,20211214,214000,62.12,62.12,62.12,62.12,200,0
SYBT.US,5,20211214,214500,62.04,62.21,62.04,62.21,200,0
SYBT.US,5,20211214,215500,61.88,62.07,61.87,62.04,19444,0
SYBT.US,5,20211215,153000,61.87,61.87,61.87,61.87,732,0
SYBT.US,5,20211215,155000,62.3,62.3,62.3,62.3,100,0
SYBT.US,5,20211215,161000,61.67,61.67,61.67,61.67,100,0
SYBT.US,5,20211215,162500,61.83,61.83,61.83,61.83,100,0
SYBT.US,5,20211215,163000,61.75,61.97,61.75,61.97,300,0
SYBT.US,5,20211215,164000,61.99,61.99,61.99,61.99,100,0
SYBT.US,5,20211215,164500,61.75,61.75,61.75,61.75,200,0
SYBT.US,5,20211215,165500,62.04,62.04,61.84,61.84,200,0
SYBT.US,5,20211215,170000,61.99,61.99,61.89,61.89,400,0
SYBT.US,5,20211215,171000,61.79,61.96,61.79,61.79,300,0
SYBT.US,5,20211215,174000,61.9,61.91,61.9,61.91,200,0
SYBT.US,5,20211215,175000,61.98,61.98,61.98,61.98,100,0
SYBT.US,5,20211215,180000,62.03,62.03,61.93,61.93,500,0
SYBT.US,5,20211215,180500,61.99,61.99,61.99,61.99,100,0
SYBT.US,5,20211215,182000,61.9,61.93,61.9,61.93,250,0
SYBT.US,5,20211215,182500,61.95,61.96,61.95,61.96,500,0
SYBT.US,5,20211215,183500,62.255,62.255,62.255,62.255,100,0
SYBT.US,5,20211215,184500,62.11,62.11,62.11,62.11,100,0
SYBT.US,5,20211215,190000,62.23,62.23,62.23,62.23,100,0
SYBT.US,5,20211215,192000,62.11,62.11,62.11,62.11,100,0
SYBT.US,5,20211215,194500,62.11,62.11,62.11,62.11,100,0
SYBT.US,5,20211215,195000,62.06,62.1,61.98,61.98,1019,0
SYBT.US,5,20211215,195500,61.97,61.97,61.97,61.97,200,0
SYBT.US,5,20211215,200000,61.99,62,61.99,62,300,0
SYBT.US,5,20211215,201000,62.585,62.585,62.39,62.39,200,0
SYBT.US,5,20211215,202500,62.13,62.13,62.13,62.13,100,0
SYBT.US,5,20211215,203000,62.2364,62.2364,62.07,62.13,1706,0
SYBT.US,5,20211215,203500,62.34,62.34,62.2,62.21,500,0
SYBT.US,5,20211215,205000,62.22,62.22,62.22,62.22,100,0
SYBT.US,5,20211215,210000,62.23,62.23,62.23,62.23,100,0
SYBT.US,5,20211215,210500,62.26,62.68,62.26,62.68,933,0
SYBT.US,5,20211215,211000,62.8,62.8,62.8,62.8,200,0
SYBT.US,5,20211215,211500,62.7,62.9,62.69,62.9,900,0
SYBT.US,5,20211215,212000,62.84,62.89,62.76,62.76,1500,0
SYBT.US,5,20211215,212500,62.72,62.72,62.72,62.72,100,0
SYBT.US,5,20211215,213500,62.535,62.535,62.535,62.535,100,0
SYBT.US,5,20211215,214000,62.39,62.39,62.39,62.39,200,0
SYBT.US,5,20211215,215000,62.11,62.13,62.11,62.13,600,0
SYBT.US,5,20211215,215500,62.01,62.33,61.92,62.32,2593,0
SYBT.US,5,20211216,153000,62.88,62.88,62.85,62.85,926,0
SYBT.US,5,20211216,154500,62.89,62.9,62.89,62.9,300,0
SYBT.US,5,20211216,155000,62.95,62.95,62.94,62.94,200,0
SYBT.US,5,20211216,160500,62.7,63.03,62.32,62.32,2518,0
SYBT.US,5,20211216,161000,62.17,62.66,62.17,62.66,725,0
SYBT.US,5,20211216,162500,62.94,62.98,62.94,62.97,454,0
SYBT.US,5,20211216,163500,62.8468,62.8468,62.8468,62.8468,569,0
SYBT.US,5,20211216,164500,63.06,63.06,63.06,63.06,100,0
SYBT.US,5,20211216,165500,63.1,63.12,63.1,63.1,982,0
SYBT.US,5,20211216,170500,63.02,63.02,63.02,63.02,100,0
SYBT.US,5,20211216,173000,63.27,63.28,63.27,63.28,400,0
SYBT.US,5,20211216,174500,63.13,63.13,63.13,63.13,100,0
SYBT.US,5,20211216,175000,63.17,63.17,63.17,63.17,100,0
SYBT.US,5,20211216,182000,63.19,63.31,63.19,63.31,300,0
SYBT.US,5,20211216,182500,63.11,63.11,63.11,63.11,100,0
SYBT.US,5,20211216,183500,63.06,63.06,63.06,63.06,300,0
SYBT.US,5,20211216,184500,62.84,62.84,62.84,62.84,100,0
SYBT.US,5,20211216,185000,62.76,62.76,62.66,62.66,200,0
SYBT.US,5,20211216,185500,62.65,62.65,62.65,62.65,200,0
SYBT.US,5,20211216,190500,62.61,62.61,62.33,62.4,500,0
SYBT.US,5,20211216,193000,62.41,62.51,62.4,62.51,300,0
SYBT.US,5,20211216,200500,62.74,62.74,62.74,62.74,100,0
SYBT.US,5,20211216,201000,62.47,62.47,62.47,62.47,200,0
SYBT.US,5,20211216,201500,62.17,62.17,62.08,62.08,300,0
SYBT.US,5,20211216,202000,62.145,62.145,62.145,62.145,100,0
SYBT.US,5,20211216,203500,62.17,62.19,62.17,62.19,200,0
SYBT.US,5,20211216,204000,62.28,62.3,62.28,62.3,323,0
SYBT.US,5,20211216,204500,62.04,62.06,61.89,61.89,400,0
SYBT.US,5,20211216,210000,62.16,62.16,62.16,62.16,200,0
SYBT.US,5,20211216,211000,62.01,62.03,62.01,62.03,200,0
SYBT.US,5,20211216,211500,62.12,62.12,62.12,62.12,100,0
SYBT.US,5,20211216,213000,62.34,62.36,62.12,62.12,700,0
SYBT.US,5,20211216,213500,62.15,62.15,62.15,62.15,200,0
SYBT.US,5,20211216,214000,62.33,62.33,62.33,62.33,100,0
SYBT.US,5,20211216,214500,62.1,62.15,62.09,62.15,400,0
SYBT.US,5,20211216,215000,62.1,62.28,62.06,62.28,700,0
SYBT.US,5,20211216,215500,62.17,62.31,62.11,62.25,12640,0
SYBT.US,5,20211217,153000,62.38,62.68,62.38,62.68,20689,0
SYBT.US,5,20211217,154000,61.55,61.55,61.55,61.55,100,0
SYBT.US,5,20211217,154500,61.4,61.4,61.4,61.4,196,0
SYBT.US,5,20211217,155000,62,62,61.21,61.21,3414,0
SYBT.US,5,20211217,155500,60.76,60.76,60.62,60.62,200,0
SYBT.US,5,20211217,160000,60.84,60.85,60.84,60.84,300,0
SYBT.US,5,20211217,161000,60.51,60.51,60.51,60.51,700,0
SYBT.US,5,20211217,161500,60.62,60.62,60.5,60.5,300,0
SYBT.US,5,20211217,163000,60.73,60.73,60.73,60.73,100,0
SYBT.US,5,20211217,163500,60.72,60.96,60.72,60.96,500,0
SYBT.US,5,20211217,164000,60.95,61.02,60.94,61.02,618,0
SYBT.US,5,20211217,165000,61.36,61.36,61.36,61.36,100,0
SYBT.US,5,20211217,170000,61.47,61.47,61.47,61.47,200,0
SYBT.US,5,20211217,171000,61.58,61.58,61.58,61.58,100,0
SYBT.US,5,20211217,171500,61.32,61.32,61.32,61.32,200,0
SYBT.US,5,20211217,172000,61.09,61.09,61,61,1000,0
SYBT.US,5,20211217,174500,60.94,60.94,60.61,60.61,1433,0
SYBT.US,5,20211217,175500,60.61,60.61,60.61,60.61,100,0
SYBT.US,5,20211217,181500,60.86,60.9,60.8,60.88,808,0
SYBT.US,5,20211217,182000,60.6882,60.6882,60.67,60.67,600,0
SYBT.US,5,20211217,183000,60.77,60.77,60.77,60.77,100,0
SYBT.US,5,20211217,185000,60.81,60.81,60.77,60.77,500,0
SYBT.US,5,20211217,192000,61,61.03,61,61.03,1500,0
SYBT.US,5,20211217,192500,61.03,61.03,61.03,61.03,100,0
SYBT.US,5,20211217,193500,61.11,61.22,61.105,61.21,1800,0
SYBT.US,5,20211217,195000,61.02,61.02,61.02,61.02,300,0
SYBT.US,5,20211217,195500,61.02,61.02,61.02,61.02,400,0
SYBT.US,5,20211217,200000,61,61,61,61,200,0
SYBT.US,5,20211217,200500,61.14,61.14,61.14,61.14,100,0
SYBT.US,5,20211217,201000,61.01,61.02,60.89,60.89,1300,0
SYBT.US,5,20211217,201500,60.88,60.88,60.88,60.88,100,0
SYBT.US,5,20211217,202000,60.895,60.97,60.895,60.97,226,0
SYBT.US,5,20211217,202500,60.82,60.82,60.82,60.82,100,0
SYBT.US,5,20211217,203500,60.81,60.81,60.81,60.81,700,0
SYBT.US,5,20211217,204000,60.82,60.82,60.82,60.82,100,0
SYBT.US,5,20211217,204500,60.81,60.81,60.765,60.765,200,0
SYBT.US,5,20211217,205000,60.69,60.69,60.67,60.67,200,0
SYBT.US,5,20211217,205500,60.66,60.67,60.65,60.65,300,0
SYBT.US,5,20211217,210000,60.67,60.67,60.67,60.67,100,0
SYBT.US,5,20211217,210500,60.83,60.83,60.83,60.83,100,0
SYBT.US,5,20211217,211500,60.7,60.71,60.7,60.71,600,0
SYBT.US,5,20211217,212000,60.79,60.79,60.71,60.71,200,0
SYBT.US,5,20211217,212500,60.71,60.71,60.68,60.68,200,0
SYBT.US,5,20211217,213000,60.68,60.68,60.51,60.51,700,0
SYBT.US,5,20211217,213500,60.52,60.65,60.52,60.65,600,0
SYBT.US,5,20211217,214000,60.61,60.61,60.51,60.55,968,0
SYBT.US,5,20211217,214500,60.56,60.56,60.36,60.36,700,0
SYBT.US,5,20211217,215000,60.7,61.74,60.435,61.17,17826,0
SYBT.US,5,20211217,215500,61.03,61.03,60.59,60.79,85018,0
SYBT.US,5,20211220,161500,59.32,59.44,59.32,59.44,300,0
SYBT.US,5,20211220,162500,59.21,59.21,59.1084,59.1084,292,0
SYBT.US,5,20211220,163000,59.04,59.06,59.04,59.05,300,0
SYBT.US,5,20211220,164000,59.01,59.01,59.01,59.01,100,0
SYBT.US,5,20211220,164500,59.05,59.05,58.92,58.92,435,0
SYBT.US,5,20211220,165500,58.78,58.78,58.72,58.72,580,0
SYBT.US,5,20211220,170000,58.86,58.88,58.86,58.88,200,0
SYBT.US,5,20211220,170500,58.765,58.765,58.6,58.6,372,0
SYBT.US,5,20211220,172000,58.685,58.685,58.685,58.685,100,0
SYBT.US,5,20211220,172500,58.57,58.57,58.57,58.57,100,0
SYBT.US,5,20211220,173500,58.69,58.69,58.64,58.64,300,0
SYBT.US,5,20211220,174000,58.81,58.9,58.81,58.9,200,0
SYBT.US,5,20211220,174500,58.9,58.92,58.825,58.825,300,0
SYBT.US,5,20211220,175000,58.9,59,58.82,59,1873,0
SYBT.US,5,20211220,181500,58.939,58.939,58.939,58.939,142,0
SYBT.US,5,20211220,182500,58.92,58.92,58.92,58.92,300,0
SYBT.US,5,20211220,184000,58.95,58.95,58.93,58.93,200,0
SYBT.US,5,20211220,184500,58.9,58.91,58.81,58.81,500,0
SYBT.US,5,20211220,185500,58.82,58.82,58.82,58.82,100,0
SYBT.US,5,20211220,190500,58.6274,58.6274,58.6274,58.6274,103,0
SYBT.US,5,20211220,191500,58.78,58.78,58.78,58.78,200,0
SYBT.US,5,20211220,192000,58.781,58.781,58.781,58.781,100,0
SYBT.US,5,20211220,193500,58.89,58.89,58.89,58.89,100,0
SYBT.US,5,20211220,194000,58.99,58.99,58.92,58.92,200,0
SYBT.US,5,20211220,195500,58.95,58.95,58.89,58.89,800,0
SYBT.US,5,20211220,200000,58.94,58.95,58.91,58.91,1027,0
SYBT.US,5,20211220,200500,58.75,58.77,58.71,58.74,1400,0
SYBT.US,5,20211220,201000,58.84,58.84,58.56,58.56,1967,0
SYBT.US,5,20211220,202500,58.56,58.63,58.5,58.63,1305,0
SYBT.US,5,20211220,203000,58.55,58.595,58.53,58.595,15169,0
SYBT.US,5,20211220,203500,58.46,58.54,58.46,58.51,1205,0
SYBT.US,5,20211220,204500,58.57,58.57,58.55,58.55,200,0
SYBT.US,5,20211220,205000,58.6,58.72,58.6,58.635,1100,0
SYBT.US,5,20211220,205500,58.6,58.72,58.6,58.72,500,0
SYBT.US,5,20211220,210000,58.71,58.71,58.5,58.5,2400,0
SYBT.US,5,20211220,210500,58.64,58.85,58.62,58.7,3050,0
SYBT.US,5,20211220,211000,58.67,58.82,58.65,58.75,900,0
SYBT.US,5,20211220,211500,58.675,58.91,58.675,58.91,2955,0
SYBT.US,5,20211220,212000,58.8,58.81,58.6,58.72,1858,0
SYBT.US,5,20211220,212500,58.72,58.86,58.7,58.75,5000,0
SYBT.US,5,20211220,213000,58.58,58.6,58.56,58.57,700,0
SYBT.US,5,20211220,213500,58.55,58.9,58.55,58.9,300,0
SYBT.US,5,20211220,214000,58.67,58.79,58.56,58.64,2753,0
SYBT.US,5,20211220,214500,58.65,58.86,58.61,58.645,5301,0
SYBT.US,5,20211220,215000,58.64,58.79,58.47,58.59,6181,0
SYBT.US,5,20211220,215500,58.5,58.81,58.41,58.69,21353,0
SYBT.US,5,20211221,153000,59.24,59.62,59.24,59.5,814,0
SYBT.US,5,20211221,153500,59.5,59.55,59.48,59.55,1706,0
SYBT.US,5,20211221,154000,59.6,59.6,59.6,59.6,100,0
SYBT.US,5,20211221,154500,59.6,59.7,59.6,59.62,500,0
SYBT.US,5,20211221,155000,59.8,59.91,59.8,59.91,1200,0
SYBT.US,5,20211221,155500,59.81,60.19,59.81,60.08,1300,0
SYBT.US,5,20211221,160500,59.84,59.84,59.8,59.8,318,0
SYBT.US,5,20211221,161000,59.87,60.09,59.87,60.09,400,0
SYBT.US,5,20211221,161500,60.5,60.5,60.5,60.5,100,0
SYBT.US,5,20211221,162000,60.43,60.43,60.43,60.43,100,0
SYBT.US,5,20211221,162500,60.41,60.41,60.31,60.31,300,0
SYBT.US,5,20211221,165500,59.83,59.93,59.82,59.93,300,0
SYBT.US,5,20211221,170500,59.95,60.1,59.78,60.1,400,0
SYBT.US,5,20211221,171000,59.905,59.905,59.905,59.905,100,0
SYBT.US,5,20211221,172500,59.87,60.01,59.87,60.01,200,0
SYBT.US,5,20211221,173000,59.92,59.92,59.91,59.92,400,0
SYBT.US,5,20211221,174500,59.72,59.72,59.72,59.72,100,0
SYBT.US,5,20211221,175000,59.85,59.85,59.85,59.85,100,0
SYBT.US,5,20211221,180500,59.93,60.22,59.93,60.22,600,0
SYBT.US,5,20211221,181000,60.15,60.23,60.15,60.23,400,0
SYBT.US,5,20211221,183000,60.3,60.43,60.14,60.34,1852,0
SYBT.US,5,20211221,183500,60.2491,60.2491,60.2491,60.2491,170,0
SYBT.US,5,20211221,185000,60.385,60.46,60.385,60.42,600,0
SYBT.US,5,20211221,190000,60.35,60.35,60.35,60.35,100,0
SYBT.US,5,20211221,190500,60.33,60.41,60.33,60.41,200,0
SYBT.US,5,20211221,191000,60.34,60.34,60.33,60.33,300,0
SYBT.US,5,20211221,192500,60.38,60.38,60.38,60.38,300,0
SYBT.US,5,20211221,193000,60.303,60.303,60.303,60.303,676,0
SYBT.US,5,20211221,193500,60.37,60.39,60.3,60.3,700,0
SYBT.US,5,20211221,194000,60.31,60.34,60.19,60.34,689,0
SYBT.US,5,20211221,195000,60.19,60.19,60.19,60.19,100,0
SYBT.US,5,20211221,195500,60.19,60.22,60.19,60.22,300,0
SYBT.US,5,20211221,200000,60.17,60.17,60.17,60.17,100,0
SYBT.US,5,20211221,200500,60.17,60.17,60.17,60.17,200,0
SYBT.US,5,20211221,201000,60.22,60.258,60.22,60.258,970,0
SYBT.US,5,20211221,202000,60.16,60.16,60.16,60.16,100,0
SYBT.US,5,20211221,203000,60.07,60.07,60.07,60.07,100,0
SYBT.US,5,20211221,203500,59.92,59.95,59.92,59.94,700,0
SYBT.US,5,20211221,204000,59.88,59.88,59.81,59.81,600,0
SYBT.US,5,20211221,204500,59.88,59.88,59.88,59.88,100,0
SYBT.US,5,20211221,205000,59.89,59.89,59.89,59.89,200,0
SYBT.US,5,20211221,205500,60,60,60,60,200,0
SYBT.US,5,20211221,210000,60.02,60.13,60,60.11,1000,0
SYBT.US,5,20211221,210500,60.05,60.05,60.05,60.05,100,0
SYBT.US,5,20211221,211000,60.13,60.19,60.13,60.19,200,0
SYBT.US,5,20211221,211500,60.165,60.165,60.0975,60.13,1300,0
SYBT.US,5,20211221,212000,60.15,60.16,60.13,60.13,400,0
SYBT.US,5,20211221,212500,60.16,60.16,60.1,60.1,300,0
SYBT.US,5,20211221,213500,60.14,60.14,60.05,60.08,800,0
SYBT.US,5,20211221,214000,60.09,60.09,60.02,60.02,200,0
SYBT.US,5,20211221,214500,59.975,60.03,59.975,60.03,413,0
SYBT.US,5,20211221,215000,60.21,60.25,60.21,60.25,600,0
SYBT.US,5,20211221,215500,60.2,60.24,60.1,60.17,13257,0
SYBT.US,5,20211222,153000,60.27,61,59.69,61,740,0
SYBT.US,5,20211222,155000,59.98,59.98,59.98,59.98,100,0
SYBT.US,5,20211222,155500,60.06,60.06,60.06,60.06,100,0
SYBT.US,5,20211222,160000,60.2249,60.2249,60.2249,60.2249,430,0
SYBT.US,5,20211222,162500,60.275,60.32,60.275,60.28,802,0
SYBT.US,5,20211222,163000,60.42,60.42,60.01,60.01,5500,0
SYBT.US,5,20211222,163500,60.175,60.18,60.175,60.18,200,0
SYBT.US,5,20211222,164000,60.17,60.17,60.17,60.17,100,0
SYBT.US,5,20211222,164500,60.115,60.115,60.115,60.115,100,0
SYBT.US,5,20211222,165000,60.115,60.115,60.115,60.115,100,0
SYBT.US,5,20211222,170500,60.115,60.115,60,60,600,0
SYBT.US,5,20211222,171500,59.96,60.09,59.96,60.09,660,0
SYBT.US,5,20211222,173500,60.425,60.425,60.425,60.425,100,0
SYBT.US,5,20211222,174000,60.6299,60.6299,60.6299,60.6299,959,0
SYBT.US,5,20211222,175000,60.29,60.29,60.29,60.29,100,0
SYBT.US,5,20211222,175500,60.29,60.29,60.27,60.27,500,0
SYBT.US,5,20211222,180000,60.44,60.44,60.44,60.44,100,0
SYBT.US,5,20211222,181500,60.48,60.48,60.48,60.48,100,0
SYBT.US,5,20211222,182000,60.5789,60.5789,60.5789,60.5789,706,0
SYBT.US,5,20211222,183500,60.57,60.57,60.57,60.57,100,0
SYBT.US,5,20211222,184000,60.76,60.76,60.76,60.76,100,0
SYBT.US,5,20211222,184500,60.65,60.65,60.65,60.65,100,0
SYBT.US,5,20211222,191500,60.67,60.67,60.57,60.57,200,0
SYBT.US,5,20211222,193000,60.66,60.66,60.66,60.66,100,0
SYBT.US,5,20211222,193500,60.625,60.625,60.625,60.625,100,0
SYBT.US,5,20211222,194000,60.62,60.72,60.62,60.72,4000,0
SYBT.US,5,20211222,194500,60.8,60.84,60.8,60.84,255,0
SYBT.US,5,20211222,195500,60.935,60.935,60.935,60.935,100,0
SYBT.US,5,20211222,201000,60.94,60.94,60.94,60.94,100,0
SYBT.US,5,20211222,201500,60.955,60.955,60.955,60.955,100,0
SYBT.US,5,20211222,202000,60.9,60.9,60.89,60.89,300,0
SYBT.US,5,20211222,202500,60.77,60.77,60.77,60.77,200,0
SYBT.US,5,20211222,203000,60.7036,60.76,60.7,60.72,400,0
SYBT.US,5,20211222,203500,60.62,60.675,60.58,60.58,300,0
SYBT.US,5,20211222,204000,60.52,60.54,60.45,60.45,400,0
SYBT.US,5,20211222,204500,60.56,60.56,60.56,60.56,200,0
SYBT.US,5,20211222,205500,60.69,60.8,60.69,60.8,300,0
SYBT.US,5,20211222,211000,60.86,60.86,60.86,60.86,100,0
SYBT.US,5,20211222,211500,60.88,60.88,60.88,60.88,100,0
SYBT.US,5,20211222,212000,60.845,60.845,60.845,60.845,100,0
SYBT.US,5,20211222,212500,60.96,60.96,60.96,60.96,100,0
SYBT.US,5,20211222,213000,61.02,61.02,61.02,61.02,700,0
SYBT.US,5,20211222,213500,60.95,60.95,60.935,60.935,300,0
SYBT.US,5,20211222,214000,60.96,60.96,60.96,60.96,200,0
SYBT.US,5,20211222,214500,61.1,61.15,61.08,61.08,400,0
SYBT.US,5,20211222,215000,61.03,61.19,61.03,61.045,600,0
SYBT.US,5,20211222,215500,61.11,61.17,60.99,61.17,7789,0
SYBT.US,5,20211223,153000,61.59,61.59,61.59,61.59,293,0
SYBT.US,5,20211223,153500,61.73,62.5999,61.73,62.5999,300,0
SYBT.US,5,20211223,154000,61.495,61.495,61.495,61.495,100,0
SYBT.US,5,20211223,154500,62.5899,62.5899,62.5899,62.5899,100,0
SYBT.US,5,20211223,160000,61.8423,61.8423,61.8423,61.8423,100,0
SYBT.US,5,20211223,160500,61.73,61.74,61.73,61.74,200,0
SYBT.US,5,20211223,162500,61.48,61.55,61.26,61.274,2180,0
SYBT.US,5,20211223,163000,61.26,61.64,61.26,61.64,300,0
SYBT.US,5,20211223,163500,61.66,61.66,61.66,61.66,100,0
SYBT.US,5,20211223,164500,61.66,61.66,61.52,61.52,200,0
SYBT.US,5,20211223,170000,61.71,61.71,61.6,61.6,400,0
SYBT.US,5,20211223,170500,61.635,61.8163,61.51,61.51,400,0
SYBT.US,5,20211223,171000,61.5,61.5,61.5,61.5,1000,0
SYBT.US,5,20211223,172000,61.39,61.39,61.39,61.39,100,0
SYBT.US,5,20211223,174500,61.47,61.47,61.225,61.225,200,0
SYBT.US,5,20211223,175000,61.6,61.6,61.6,61.6,100,0
SYBT.US,5,20211223,175500,61.48,61.48,61.48,61.48,100,0
SYBT.US,5,20211223,180500,61.56,61.56,61.56,61.56,100,0
SYBT.US,5,20211223,182000,61.6,61.6,61.6,61.6,131,0
SYBT.US,5,20211223,182500,61.6,61.68,61.53,61.625,688,0
SYBT.US,5,20211223,183000,61.7,61.73,61.7,61.73,400,0
SYBT.US,5,20211223,183500,61.65,61.77,61.65,61.77,200,0
SYBT.US,5,20211223,185000,61.6299,61.6299,61.6299,61.6299,105,0
SYBT.US,5,20211223,190000,61.555,61.555,61.555,61.555,175,0
SYBT.US,5,20211223,192500,61.63,61.7104,61.63,61.7104,300,0
SYBT.US,5,20211223,210500,61.74,61.74,61.74,61.74,100,0
SYBT.US,5,20211223,211500,61.7,61.7,61.7,61.7,100,0
SYBT.US,5,20211223,212000,61.63,61.75,61.63,61.75,200,0
SYBT.US,5,20211223,214000,61.68,61.682,61.5339,61.5339,3319,0
SYBT.US,5,20211223,214500,61.54,61.55,61.515,61.55,500,0
SYBT.US,5,20211223,215000,61.77,61.77,61.77,61.77,100,0
SYBT.US,5,20211223,215500,61.73,61.74,61.52,61.66,6771,0
