<TICKER>,<PER>,<DATE>,<TIME>,<OPEN>,<HIGH>,<LOW>,<CLOSE>,<VOL>,<OPENINT>
TALKW.US,5,20211104,143000,0.7,0.7,0.68,0.68,5601,0
TALKW.US,5,20211104,143500,0.68,0.68,0.68,0.68,900,0
TALKW.US,5,20211104,144000,0.68,0.68,0.68,0.68,200,0
TALKW.US,5,20211104,150000,0.660601,0.660601,0.63,0.66,9011,0
TALKW.US,5,20211104,150500,0.66,0.66,0.66,0.66,200,0
TALKW.US,5,20211104,151000,0.66,0.66,0.66,0.66,600,0
TALKW.US,5,20211104,155500,0.66,0.66,0.66,0.66,190,0
TALKW.US,5,20211104,160000,0.65,0.65,0.65,0.65,300,0
TALKW.US,5,20211104,161500,0.648951,0.6579,0.648951,0.6579,350,0
TALKW.US,5,20211104,171000,0.64,0.6579,0.6367,0.6579,1500,0
TALKW.US,5,20211104,180500,0.6367,0.6572,0.6303,0.6572,2600,0
TALKW.US,5,20211104,181000,0.65,0.65,0.65,0.65,200,0
TALKW.US,5,20211104,185500,0.65,0.6572,0.65,0.6572,1000,0
TALKW.US,5,20211104,194000,0.64,0.6572,0.6306,0.6572,700,0
TALKW.US,5,20211104,201000,0.6308,0.6315,0.62,0.62,10390,0
TALKW.US,5,20211104,205000,0.6388,0.6388,0.62,0.62,750,0
TALKW.US,5,20211104,205500,0.65,0.65,0.6203,0.65,3900,0
TALKW.US,5,20211105,143000,0.6527,0.6596,0.6521,0.6596,5399,0
TALKW.US,5,20211105,143500,0.6596,0.6599,0.6596,0.6599,923,0
TALKW.US,5,20211105,151000,0.639951,0.639951,0.639951,0.639951,250,0
TALKW.US,5,20211105,155000,0.6216,0.6216,0.6213,0.6213,1470,0
TALKW.US,5,20211105,155500,0.6517,0.6517,0.6517,0.6517,200,0
TALKW.US,5,20211105,171500,0.6423,0.649,0.6407,0.649,2270,0
TALKW.US,5,20211105,173500,0.6214,0.6499,0.6214,0.6499,250,0
TALKW.US,5,20211105,181000,0.6217,0.6499,0.62,0.6486,9690,0
TALKW.US,5,20211105,185500,0.6104,0.6468,0.6103,0.6468,3200,0
TALKW.US,5,20211105,192500,0.6208,0.6399,0.6208,0.6399,1582,0
TALKW.US,5,20211105,194000,0.6208,0.6208,0.6208,0.6208,100,0
TALKW.US,5,20211105,194500,0.62,0.6206,0.61,0.61,8900,0
TALKW.US,5,20211105,195000,0.61,0.61,0.598618,0.6,8858,0
TALKW.US,5,20211105,195500,0.6,0.63,0.6,0.63,2700,0
TALKW.US,5,20211105,200000,0.62015,0.62015,0.62015,0.62015,100,0
TALKW.US,5,20211105,201000,0.6005,0.6297,0.6004,0.6297,2000,0
TALKW.US,5,20211105,204500,0.62,0.62,0.62,0.62,100,0
TALKW.US,5,20211105,205500,0.6012,0.6399,0.6011,0.6399,3300,0
TALKW.US,5,20211108,153000,0.65,0.65,0.6,0.6299,6821,0
TALKW.US,5,20211108,153500,0.63,0.63,0.63,0.63,200,0
TALKW.US,5,20211108,155500,0.61,0.61,0.6013,0.6013,10000,0
TALKW.US,5,20211108,161500,0.6289,0.6289,0.6289,0.6289,100,0
TALKW.US,5,20211108,165500,0.6014,0.602,0.5922,0.5922,17148,0
TALKW.US,5,20211108,170000,0.5922,0.595,0.555,0.595,12479,0
TALKW.US,5,20211108,170500,0.576,0.625,0.557,0.62,21250,0
TALKW.US,5,20211108,171000,0.6201,0.6201,0.6201,0.6201,100,0
TALKW.US,5,20211108,171500,0.6299,0.6299,0.62,0.6299,3200,0
TALKW.US,5,20211108,172000,0.63,0.63,0.6,0.6,17900,0
TALKW.US,5,20211108,172500,0.6003,0.6003,0.6001,0.6001,700,0
TALKW.US,5,20211108,173000,0.63,0.63,0.6237,0.6237,11640,0
TALKW.US,5,20211108,173500,0.63,0.63,0.63,0.63,100,0
TALKW.US,5,20211108,174000,0.63,0.63,0.63,0.63,200,0
TALKW.US,5,20211108,174500,0.63,0.63,0.63,0.63,100,0
TALKW.US,5,20211108,175000,0.63,0.63,0.615,0.615,800,0
TALKW.US,5,20211108,180000,0.615101,0.615101,0.615101,0.615101,100,0
TALKW.US,5,20211108,181000,0.6298,0.63,0.629699,0.63,1100,0
TALKW.US,5,20211108,181500,0.63,0.63,0.63,0.63,300,0
TALKW.US,5,20211108,182000,0.63,0.63,0.63,0.63,100,0
TALKW.US,5,20211108,182500,0.63,0.63,0.63,0.63,100,0
TALKW.US,5,20211108,183000,0.63,0.64,0.63,0.64,5919,0
TALKW.US,5,20211108,183500,0.6499,0.6499,0.64,0.64,900,0
TALKW.US,5,20211108,184000,0.64,0.64,0.6181,0.6181,1100,0
TALKW.US,5,20211108,184500,0.6181,0.6181,0.6181,0.6181,100,0
TALKW.US,5,20211108,201500,0.622499,0.622499,0.622499,0.622499,200,0
TALKW.US,5,20211108,202500,0.622501,0.622501,0.622501,0.622501,100,0
TALKW.US,5,20211108,211000,0.615,0.615,0.615,0.615,225,0
TALKW.US,5,20211108,213500,0.6001,0.615,0.6001,0.615,5100,0
TALKW.US,5,20211108,214000,0.615,0.615,0.615,0.615,100,0
TALKW.US,5,20211108,215000,0.615,0.615,0.6,0.615,3300,0
TALKW.US,5,20211108,215500,0.615,0.615,0.615,0.615,2000,0
TALKW.US,5,20211109,153000,0.6016,0.65,0.6016,0.65,6460,0
TALKW.US,5,20211109,153500,0.6499,0.6499,0.6499,0.6499,200,0
TALKW.US,5,20211109,154000,0.64,0.6402,0.64,0.64,1100,0
TALKW.US,5,20211109,160500,0.6374,0.6374,0.6374,0.6374,813,0
TALKW.US,5,20211109,162500,0.635,0.635,0.6001,0.6004,492,0
TALKW.US,5,20211109,163000,0.6002,0.6002,0.600178,0.600178,300,0
TALKW.US,5,20211109,170000,0.6005,0.6005,0.6004,0.6004,900,0
TALKW.US,5,20211109,171500,0.6009,0.6009,0.6009,0.6009,300,0
TALKW.US,5,20211109,180000,0.6009,0.6009,0.6009,0.6009,110,0
TALKW.US,5,20211109,182000,0.6001,0.6001,0.6001,0.6001,250,0
TALKW.US,5,20211109,185500,0.6001,0.6001,0.6,0.6,3000,0
TALKW.US,5,20211109,195000,0.60505,0.60505,0.60505,0.60505,200,0
TALKW.US,5,20211109,200000,0.6001,0.6001,0.6001,0.6001,100,0
TALKW.US,5,20211109,200500,0.6001,0.6001,0.6001,0.6001,822,0
TALKW.US,5,20211109,201000,0.6,0.614999,0.6,0.614999,7790,0
TALKW.US,5,20211109,205500,0.63,0.63,0.63,0.63,911,0
TALKW.US,5,20211109,211500,0.6001,0.6001,0.6001,0.6001,200,0
TALKW.US,5,20211109,214500,0.5951,0.5952,0.5951,0.5952,200,0
TALKW.US,5,20211109,215500,0.6001,0.6001,0.6,0.6,850,0
TALKW.US,5,20211110,153000,0.639,0.6494,0.639,0.64,4300,0
TALKW.US,5,20211110,153500,0.64,0.64,0.64,0.64,3200,0
TALKW.US,5,20211110,154000,0.6399,0.64,0.6399,0.64,200,0
TALKW.US,5,20211110,154500,0.61,0.61,0.61,0.61,1900,0
TALKW.US,5,20211110,155000,0.6098,0.618184,0.5903,0.5903,6375,0
TALKW.US,5,20211110,155500,0.6,0.6,0.6,0.6,1802,0
TALKW.US,5,20211110,160000,0.5904,0.6102,0.5904,0.6102,764,0
TALKW.US,5,20211110,165500,0.6,0.6,0.6,0.6,4142,0
TALKW.US,5,20211110,170000,0.61,0.61,0.61,0.61,100,0
TALKW.US,5,20211110,174500,0.61,0.61,0.61,0.61,800,0
TALKW.US,5,20211110,180500,0.6003,0.61,0.6003,0.61,1100,0
TALKW.US,5,20211110,181000,0.61,0.61,0.6,0.6,1326,0
TALKW.US,5,20211110,181500,0.6001,0.6004,0.591,0.591,5200,0
TALKW.US,5,20211110,185000,0.5921,0.5921,0.5921,0.5921,400,0
TALKW.US,5,20211110,190000,0.5921,0.6011,0.5921,0.6,500,0
TALKW.US,5,20211110,191500,0.6,0.6,0.6,0.6,350,0
TALKW.US,5,20211110,194500,0.5921,0.5921,0.5905,0.5905,3586,0
TALKW.US,5,20211110,201500,0.5905,0.5921,0.59,0.5921,16601,0
TALKW.US,5,20211110,202500,0.59,0.59,0.59,0.59,100,0
TALKW.US,5,20211110,204000,0.59,0.5901,0.59,0.5901,5602,0
TALKW.US,5,20211110,211000,0.59,0.59,0.59,0.59,804,0
TALKW.US,5,20211110,211500,0.59,0.5921,0.59,0.5921,14175,0
TALKW.US,5,20211110,213000,0.5921,0.5921,0.5921,0.5921,200,0
TALKW.US,5,20211110,214500,0.5921,0.5921,0.5921,0.5921,188,0
TALKW.US,5,20211110,215000,0.5921,0.6,0.5911,0.5922,5600,0
TALKW.US,5,20211110,215500,0.5922,0.5922,0.5922,0.5922,500,0
TALKW.US,5,20211111,153000,0.6,0.64,0.6,0.64,5688,0
TALKW.US,5,20211111,153500,0.6399,0.6399,0.6399,0.6399,200,0
TALKW.US,5,20211111,154000,0.6,0.6,0.59,0.59,1750,0
TALKW.US,5,20211111,154500,0.59,0.59,0.59,0.59,985,0
TALKW.US,5,20211111,155500,0.6,0.6,0.6,0.6,6100,0
TALKW.US,5,20211111,160500,0.59,0.59,0.59,0.59,250,0
TALKW.US,5,20211111,162000,0.59,0.590001,0.59,0.590001,4030,0
TALKW.US,5,20211111,162500,0.59,0.59,0.585,0.585,5007,0
TALKW.US,5,20211111,170000,0.599799,0.599799,0.599799,0.599799,200,0
TALKW.US,5,20211111,170500,0.589951,0.589951,0.589951,0.589951,200,0
TALKW.US,5,20211111,171000,0.5999,0.5999,0.5999,0.5999,10800,0
TALKW.US,5,20211111,180500,0.590817,0.590817,0.581101,0.581101,2800,0
TALKW.US,5,20211111,185000,0.5816,0.5816,0.576,0.579101,3212,0
TALKW.US,5,20211111,193500,0.58,0.58,0.579101,0.58,6380,0
TALKW.US,5,20211111,194000,0.5761,0.5761,0.5761,0.5761,100,0
TALKW.US,5,20211111,202000,0.5761,0.5761,0.576,0.576,900,0
TALKW.US,5,20211111,204000,0.5752,0.5752,0.575,0.575,1493,0
TALKW.US,5,20211111,204500,0.575,0.575,0.575,0.575,100,0
TALKW.US,5,20211111,210500,0.575,0.575,0.575,0.575,300,0
TALKW.US,5,20211111,211500,0.575,0.575,0.575,0.575,500,0
TALKW.US,5,20211111,212000,0.5751,0.5751,0.5751,0.5751,500,0
TALKW.US,5,20211111,212500,0.575,0.575,0.575,0.575,600,0
TALKW.US,5,20211111,213000,0.575,0.575,0.575,0.575,400,0
TALKW.US,5,20211111,214000,0.575,0.575,0.575,0.575,1400,0
TALKW.US,5,20211111,215500,0.575,0.575,0.575,0.575,168,0
TALKW.US,5,20211112,153000,0.625,0.625,0.57,0.57,11475,0
TALKW.US,5,20211112,153500,0.58,0.58,0.58,0.58,1100,0
TALKW.US,5,20211112,154500,0.6099,0.6199,0.6098,0.6199,4200,0
TALKW.US,5,20211112,155500,0.609899,0.609899,0.59005,0.59005,800,0
TALKW.US,5,20211112,160000,0.6,0.6,0.6,0.6,1000,0
TALKW.US,5,20211112,162000,0.58,0.58,0.58,0.58,540,0
TALKW.US,5,20211112,171500,0.58,0.58,0.58,0.58,2100,0
TALKW.US,5,20211112,174500,0.577,0.577,0.5755,0.5755,400,0
TALKW.US,5,20211112,175000,0.57705,0.58,0.5755,0.58,26000,0
TALKW.US,5,20211112,193500,0.6,0.6,0.5999,0.5999,400,0
TALKW.US,5,20211112,194000,0.580101,0.580101,0.580101,0.580101,379,0
TALKW.US,5,20211112,201000,0.58,0.58,0.58,0.58,1073,0
TALKW.US,5,20211112,202000,0.599899,0.607,0.599601,0.605481,16300,0
TALKW.US,5,20211112,210500,0.6199,0.64,0.6199,0.63,4982,0
TALKW.US,5,20211112,211000,0.6398,0.6398,0.6398,0.6398,15578,0
TALKW.US,5,20211112,213500,0.6237,0.6237,0.6237,0.6237,1000,0
TALKW.US,5,20211115,153000,0.6464,0.6464,0.630101,0.630101,3100,0
TALKW.US,5,20211115,154000,0.620101,0.620101,0.620101,0.620101,5000,0
TALKW.US,5,20211115,164000,0.6461,0.6463,0.6461,0.6463,1500,0
TALKW.US,5,20211115,164500,0.6463,0.6463,0.61,0.6459,4400,0
TALKW.US,5,20211115,165000,0.6459,0.6459,0.6459,0.6459,100,0
TALKW.US,5,20211115,185000,0.6399,0.6399,0.6399,0.6399,516,0
TALKW.US,5,20211115,192500,0.634949,0.6399,0.634949,0.6399,2300,0
TALKW.US,5,20211115,195000,0.63,0.6303,0.63,0.6303,485,0
TALKW.US,5,20211115,201500,0.6399,0.6399,0.6399,0.6399,500,0
TALKW.US,5,20211115,210000,0.63,0.6399,0.625,0.6301,9300,0
TALKW.US,5,20211115,210500,0.64,0.64,0.64,0.64,600,0
TALKW.US,5,20211115,213000,0.6388,0.6394,0.6388,0.6388,600,0
TALKW.US,5,20211115,214500,0.6356,0.6356,0.6356,0.6356,1000,0
TALKW.US,5,20211115,215500,0.65,0.65,0.65,0.65,2000,0
TALKW.US,5,20211116,153000,0.44,0.44,0.4,0.4197,13525,0
TALKW.US,5,20211116,153500,0.4001,0.4197,0.375,0.41,3072,0
TALKW.US,5,20211116,154000,0.409,0.409,0.35,0.35,68615,0
TALKW.US,5,20211116,154500,0.352,0.360101,0.35,0.36,14188,0
TALKW.US,5,20211116,155000,0.3679,0.3749,0.3679,0.374699,1400,0
TALKW.US,5,20211116,155500,0.3748,0.39,0.37,0.39,43146,0
TALKW.US,5,20211116,160000,0.382,0.4148,0.3799,0.3899,41600,0
TALKW.US,5,20211116,160500,0.3799,0.44,0.3799,0.4198,67450,0
TALKW.US,5,20211116,161000,0.4197,0.4398,0.403899,0.4398,900,0
TALKW.US,5,20211116,161500,0.42,0.437,0.4001,0.41,10600,0
TALKW.US,5,20211116,162000,0.4001,0.4001,0.40005,0.4001,6370,0
TALKW.US,5,20211116,162500,0.40005,0.41,0.4,0.41,7017,0
TALKW.US,5,20211116,163000,0.4099,0.4101,0.4099,0.41,9403,0
TALKW.US,5,20211116,163500,0.41915,0.41915,0.41915,0.41915,2000,0
TALKW.US,5,20211116,164000,0.41915,0.41915,0.41915,0.41915,2500,0
TALKW.US,5,20211116,164500,0.41,0.41915,0.41,0.41915,4846,0
TALKW.US,5,20211116,165500,0.41965,0.4282,0.411,0.4111,8195,0
TALKW.US,5,20211116,170000,0.4111,0.4294,0.411,0.4294,19100,0
TALKW.US,5,20211116,170500,0.43,0.43,0.43,0.43,3500,0
TALKW.US,5,20211116,171000,0.4114,0.4299,0.4112,0.413,29100,0
TALKW.US,5,20211116,171500,0.4212,0.4212,0.41,0.4164,3200,0
TALKW.US,5,20211116,172000,0.4101,0.42,0.4,0.4099,10498,0
TALKW.US,5,20211116,172500,0.41,0.4101,0.41,0.410075,6900,0
TALKW.US,5,20211116,173000,0.41005,0.415,0.41005,0.4145,20000,0
TALKW.US,5,20211116,174000,0.42,0.42,0.415,0.415,7220,0
TALKW.US,5,20211116,174500,0.415,0.415,0.415,0.415,830,0
TALKW.US,5,20211116,175000,0.4101,0.4101,0.4101,0.4101,200,0
TALKW.US,5,20211116,180000,0.41005,0.4101,0.41005,0.4101,13700,0
TALKW.US,5,20211116,180500,0.4101,0.4101,0.4101,0.4101,100,0
TALKW.US,5,20211116,181000,0.4101,0.4101,0.41005,0.4101,2700,0
TALKW.US,5,20211116,181500,0.4101,0.4101,0.41005,0.4101,22400,0
TALKW.US,5,20211116,182000,0.4199,0.4199,0.415,0.415,750,0
TALKW.US,5,20211116,182500,0.4138,0.415,0.4121,0.4122,33200,0
TALKW.US,5,20211116,183000,0.4125,0.4496,0.41243,0.42,5350,0
TALKW.US,5,20211116,183500,0.4325,0.4325,0.4325,0.4325,1800,0
TALKW.US,5,20211116,184000,0.424,0.446999,0.424,0.446999,10000,0
TALKW.US,5,20211116,184500,0.4153,0.4347,0.4152,0.4347,1400,0
TALKW.US,5,20211116,185000,0.449,0.46,0.4475,0.4475,9200,0
TALKW.US,5,20211116,185500,0.4429,0.4507,0.4429,0.4507,200,0
TALKW.US,5,20211116,190000,0.4351,0.4351,0.435,0.435,1800,0
TALKW.US,5,20211116,190500,0.4428,0.4428,0.43535,0.43535,6900,0
TALKW.US,5,20211116,191000,0.43515,0.43515,0.43515,0.43515,500,0
TALKW.US,5,20211116,191500,0.4351,0.4351,0.4351,0.4351,500,0
TALKW.US,5,20211116,192000,0.435,0.435,0.416201,0.42555,1860,0
TALKW.US,5,20211116,195000,0.4258,0.425801,0.4258,0.425801,705,0
TALKW.US,5,20211116,195500,0.4258,0.4258,0.42575,0.42575,2001,0
TALKW.US,5,20211116,200000,0.4257,0.4257,0.4257,0.4257,100,0
TALKW.US,5,20211116,201000,0.4258,0.4258,0.42575,0.42575,300,0
TALKW.US,5,20211116,201500,0.42575,0.435,0.42575,0.435,1601,0
TALKW.US,5,20211116,202000,0.43035,0.43035,0.43035,0.43035,100,0
TALKW.US,5,20211116,203000,0.4305,0.4305,0.4163,0.4163,1400,0
TALKW.US,5,20211116,203500,0.4162,0.42325,0.4158,0.4159,6390,0
TALKW.US,5,20211116,204000,0.4159,0.43,0.4159,0.43,700,0
TALKW.US,5,20211116,204500,0.43015,0.43015,0.43015,0.43015,100,0
TALKW.US,5,20211116,205000,0.43015,0.4305,0.4301,0.4305,2695,0
TALKW.US,5,20211116,210000,0.4304,0.4304,0.4304,0.4304,405,0
TALKW.US,5,20211116,210500,0.434856,0.434856,0.434856,0.434856,200,0
TALKW.US,5,20211116,211000,0.43095,0.43095,0.4158,0.4158,12205,0
TALKW.US,5,20211116,211500,0.4152,0.4152,0.4152,0.4152,200,0
TALKW.US,5,20211116,212000,0.4153,0.4153,0.41525,0.41525,300,0
TALKW.US,5,20211116,213000,0.4153,0.4159,0.415,0.4159,19441,0
TALKW.US,5,20211116,214000,0.415,0.415,0.415,0.415,2700,0
TALKW.US,5,20211116,215000,0.415,0.415,0.3913,0.3913,13346,0
TALKW.US,5,20211116,215500,0.3913,0.4,0.39125,0.4,4000,0
TALKW.US,5,20211117,153000,0.4,0.4,0.3925,0.3925,5805,0
TALKW.US,5,20211117,154500,0.385001,0.3999,0.385001,0.3999,225,0
TALKW.US,5,20211117,160000,0.399,0.399,0.3989,0.3989,1250,0
TALKW.US,5,20211117,160500,0.3999,0.3999,0.3999,0.3999,100,0
TALKW.US,5,20211117,161500,0.4,0.4,0.4,0.4,280,0
TALKW.US,5,20211117,162000,0.4,0.429,0.4,0.429,21211,0
TALKW.US,5,20211117,162500,0.41455,0.429,0.4002,0.4106,8150,0
TALKW.US,5,20211117,163000,0.4106,0.42,0.4012,0.41105,2180,0
TALKW.US,5,20211117,164000,0.42,0.42,0.42,0.42,100,0
TALKW.US,5,20211117,165000,0.419899,0.42,0.411,0.41105,2610,0
TALKW.US,5,20211117,165500,0.4111,0.4111,0.4111,0.4111,100,0
TALKW.US,5,20211117,170000,0.4111,0.42,0.4022,0.4111,6900,0
TALKW.US,5,20211117,171000,0.4234,0.4234,0.4234,0.4234,100,0
TALKW.US,5,20211117,172000,0.42,0.42,0.4022,0.41445,2100,0
TALKW.US,5,20211117,172500,0.41445,0.429,0.4144,0.4288,34281,0
TALKW.US,5,20211117,173000,0.429,0.4349,0.429,0.4349,6880,0
TALKW.US,5,20211117,173500,0.4349,0.435,0.43,0.435,16200,0
TALKW.US,5,20211117,174000,0.43,0.44,0.43,0.4399,26200,0
TALKW.US,5,20211117,174500,0.4399,0.47,0.4399,0.47,16600,0
TALKW.US,5,20211117,175000,0.4599,0.4699,0.4599,0.4674,7200,0
TALKW.US,5,20211117,175500,0.4649,0.489799,0.449,0.46,23595,0
TALKW.US,5,20211117,180000,0.4501,0.4699,0.4501,0.4601,2200,0
TALKW.US,5,20211117,181500,0.4601,0.4602,0.4601,0.4602,1000,0
TALKW.US,5,20211117,182000,0.44,0.44,0.44,0.44,100,0
TALKW.US,5,20211117,182500,0.43,0.43,0.43,0.43,491,0
TALKW.US,5,20211117,183000,0.44,0.4448,0.44,0.4448,800,0
TALKW.US,5,20211117,185500,0.42,0.44,0.42,0.44,2900,0
TALKW.US,5,20211117,190000,0.4363,0.44,0.4206,0.4303,1600,0
TALKW.US,5,20211117,190500,0.4301,0.43505,0.4301,0.4301,800,0
TALKW.US,5,20211117,191000,0.44,0.44,0.44,0.44,100,0
TALKW.US,5,20211117,191500,0.44,0.44,0.435,0.435,600,0
TALKW.US,5,20211117,192000,0.44,0.44,0.44,0.44,100,0
TALKW.US,5,20211117,193000,0.435,0.435,0.435,0.435,300,0
TALKW.US,5,20211117,193500,0.44,0.45,0.44,0.45,2000,0
TALKW.US,5,20211117,194000,0.45,0.45,0.45,0.45,100,0
TALKW.US,5,20211117,194500,0.45,0.45,0.45,0.45,200,0
TALKW.US,5,20211117,195000,0.44995,0.44995,0.44995,0.44995,5000,0
TALKW.US,5,20211117,195500,0.44995,0.4799,0.44995,0.4799,28200,0
TALKW.US,5,20211117,200500,0.4798,0.4799,0.4798,0.4799,6292,0
TALKW.US,5,20211117,201000,0.4798,0.4798,0.4602,0.4602,1420,0
TALKW.US,5,20211117,201500,0.4602,0.4627,0.4602,0.4627,300,0
TALKW.US,5,20211117,203000,0.4604,0.4627,0.4603,0.4618,4000,0
TALKW.US,5,20211117,203500,0.4618,0.4618,0.4618,0.4618,200,0
TALKW.US,5,20211117,204000,0.4627,0.4627,0.4627,0.4627,200,0
TALKW.US,5,20211117,205000,0.4676,0.4676,0.4676,0.4676,100,0
TALKW.US,5,20211117,211000,0.4603,0.4604,0.4397,0.4573,5586,0
TALKW.US,5,20211117,211500,0.4573,0.4573,0.44,0.44,3050,0
TALKW.US,5,20211117,212000,0.4749,0.4749,0.45,0.45,200,0
TALKW.US,5,20211117,212500,0.4699,0.4699,0.45,0.45,900,0
TALKW.US,5,20211117,213000,0.4501,0.4501,0.4501,0.4501,100,0
TALKW.US,5,20211117,215000,0.4501,0.4501,0.42,0.43,24337,0
TALKW.US,5,20211117,215500,0.43,0.475,0.42,0.475,26539,0
TALKW.US,5,20211118,153000,0.5,0.5,0.4101,0.4128,14136,0
TALKW.US,5,20211118,153500,0.4866,0.4866,0.4866,0.4866,100,0
TALKW.US,5,20211118,154000,0.4445,0.4866,0.44,0.4866,2407,0
TALKW.US,5,20211118,155500,0.4477,0.4477,0.4477,0.4477,200,0
TALKW.US,5,20211118,160500,0.4121,0.4688,0.4121,0.4688,5100,0
TALKW.US,5,20211118,164000,0.412101,0.412101,0.412101,0.412101,700,0
TALKW.US,5,20211118,164500,0.4599,0.4599,0.44995,0.44995,200,0
TALKW.US,5,20211118,175000,0.45,0.45,0.45,0.45,590,0
TALKW.US,5,20211118,183000,0.43,0.43,0.43,0.43,1576,0
TALKW.US,5,20211118,183500,0.41,0.41,0.41,0.41,292,0
TALKW.US,5,20211118,184500,0.4101,0.43,0.4101,0.43,600,0
TALKW.US,5,20211118,185500,0.4123,0.4123,0.4123,0.4123,100,0
TALKW.US,5,20211118,190500,0.429701,0.429701,0.429701,0.429701,101,0
TALKW.US,5,20211118,191500,0.42,0.42,0.42,0.42,100,0
TALKW.US,5,20211118,200500,0.4494,0.4494,0.4347,0.4347,200,0
TALKW.US,5,20211118,203500,0.42,0.42,0.42,0.42,100,0
TALKW.US,5,20211118,204000,0.4201,0.4201,0.4122,0.4122,1600,0
TALKW.US,5,20211118,204500,0.4297,0.4297,0.4297,0.4297,100,0
TALKW.US,5,20211118,210500,0.4121,0.4494,0.41,0.4475,7393,0
TALKW.US,5,20211118,211000,0.4012,0.4117,0.4012,0.4117,2300,0
TALKW.US,5,20211118,212000,0.4248,0.4248,0.4248,0.4248,100,0
TALKW.US,5,20211118,213000,0.42475,0.42475,0.41,0.41,1100,0
TALKW.US,5,20211118,215000,0.4121,0.4121,0.4121,0.4121,300,0
TALKW.US,5,20211118,215500,0.420101,0.4438,0.42,0.4438,3862,0
TALKW.US,5,20211119,153000,0.44,0.44,0.44,0.44,5600,0
TALKW.US,5,20211119,155500,0.45,0.45,0.45,0.45,300,0
TALKW.US,5,20211119,160000,0.4599,0.4599,0.44,0.44,17302,0
TALKW.US,5,20211119,163500,0.44,0.44,0.4013,0.411125,5500,0
TALKW.US,5,20211119,164000,0.42995,0.44,0.4012,0.44,1100,0
TALKW.US,5,20211119,164500,0.435,0.435,0.435,0.435,500,0
TALKW.US,5,20211119,165000,0.43495,0.43495,0.43495,0.43495,5500,0
TALKW.US,5,20211119,173500,0.44,0.44,0.44,0.44,100,0
TALKW.US,5,20211119,174500,0.4177,0.4177,0.4177,0.4177,731,0
TALKW.US,5,20211119,181500,0.42885,0.42885,0.42885,0.42885,1200,0
TALKW.US,5,20211119,182500,0.4265,0.4277,0.42,0.4277,600,0
TALKW.US,5,20211119,183000,0.42415,0.4277,0.42415,0.4277,1100,0
TALKW.US,5,20211119,191000,0.4177,0.4177,0.4177,0.4177,600,0
TALKW.US,5,20211119,192500,0.42,0.42,0.42,0.42,2000,0
TALKW.US,5,20211119,194000,0.4188,0.4188,0.4188,0.4188,200,0
TALKW.US,5,20211119,194500,0.4177,0.41885,0.4177,0.4177,4500,0
TALKW.US,5,20211119,195500,0.418275,0.41885,0.4177,0.41885,6375,0
TALKW.US,5,20211119,202500,0.4189,0.4288,0.4177,0.4288,4125,0
TALKW.US,5,20211119,203500,0.4288,0.4288,0.4288,0.4288,110,0
TALKW.US,5,20211119,210000,0.4177,0.4288,0.4177,0.4277,11302,0
TALKW.US,5,20211119,210500,0.4177,0.4277,0.41,0.41,20912,0
TALKW.US,5,20211119,211000,0.41,0.423999,0.41,0.423999,400,0
TALKW.US,5,20211119,212500,0.424,0.438,0.41,0.41,2933,0
TALKW.US,5,20211119,215500,0.4201,0.4368,0.42,0.4368,901,0
TALKW.US,5,20211122,153000,0.3734,0.4534,0.3734,0.43,40626,0
TALKW.US,5,20211122,154500,0.4,0.4,0.4,0.4,5000,0
TALKW.US,5,20211122,155000,0.4,0.4293,0.3998,0.4194,11680,0
TALKW.US,5,20211122,160500,0.4114,0.41147,0.4002,0.4012,9378,0
TALKW.US,5,20211122,161000,0.41,0.41,0.41,0.41,100,0
TALKW.US,5,20211122,161500,0.4052,0.4052,0.4002,0.4002,1965,0
TALKW.US,5,20211122,162000,0.4002,0.4002,0.4002,0.4002,250,0
TALKW.US,5,20211122,163000,0.41,0.41,0.41,0.41,100,0
TALKW.US,5,20211122,163500,0.4002,0.4002,0.4002,0.4002,200,0
TALKW.US,5,20211122,164000,0.4001,0.4001,0.4,0.4,948,0
TALKW.US,5,20211122,164500,0.4,0.4,0.4,0.4,100,0
TALKW.US,5,20211122,165000,0.4,0.4,0.4,0.4,900,0
TALKW.US,5,20211122,165500,0.4,0.4,0.4,0.4,300,0
TALKW.US,5,20211122,170000,0.4,0.4,0.4,0.4,600,0
TALKW.US,5,20211122,170500,0.4,0.4,0.4,0.4,400,0
TALKW.US,5,20211122,171000,0.4,0.4,0.4,0.4,300,0
TALKW.US,5,20211122,171500,0.4,0.4,0.4,0.4,500,0
TALKW.US,5,20211122,172000,0.4,0.4,0.4,0.4,400,0
TALKW.US,5,20211122,172500,0.4,0.41,0.4,0.4,800,0
TALKW.US,5,20211122,173000,0.4,0.4,0.4,0.4,400,0
TALKW.US,5,20211122,173500,0.4,0.4,0.4,0.4,800,0
TALKW.US,5,20211122,174000,0.4,0.4,0.4,0.4,600,0
TALKW.US,5,20211122,174500,0.4,0.4,0.4,0.4,5840,0
TALKW.US,5,20211122,175000,0.4,0.4,0.4,0.4,4600,0
TALKW.US,5,20211122,175500,0.4,0.4,0.4,0.4,11700,0
TALKW.US,5,20211122,180000,0.4,0.4,0.4,0.4,3100,0
TALKW.US,5,20211122,180500,0.4,0.4,0.38,0.38,2429,0
TALKW.US,5,20211122,181000,0.380099,0.3801,0.38,0.3801,3701,0
TALKW.US,5,20211122,181500,0.38,0.38,0.3301,0.3302,34048,0
TALKW.US,5,20211122,182000,0.3302,0.3302,0.3301,0.3302,1869,0
TALKW.US,5,20211122,183000,0.33,0.3312,0.33,0.3306,16200,0
TALKW.US,5,20211122,183500,0.3451,0.3451,0.3303,0.3303,11800,0
TALKW.US,5,20211122,184000,0.3306,0.34,0.3303,0.3317,6400,0
TALKW.US,5,20211122,184500,0.33135,0.34,0.331,0.34,3400,0
TALKW.US,5,20211122,190000,0.335149,0.335149,0.335149,0.335149,2000,0
TALKW.US,5,20211122,190500,0.3303,0.3303,0.3303,0.3303,400,0
TALKW.US,5,20211122,191000,0.3304,0.3304,0.3304,0.3304,500,0
TALKW.US,5,20211122,191500,0.339899,0.339899,0.3304,0.3305,7500,0
TALKW.US,5,20211122,192000,0.33055,0.3306,0.3305,0.3306,7481,0
TALKW.US,5,20211122,192500,0.3306,0.3306,0.3201,0.330299,24975,0
TALKW.US,5,20211122,193000,0.32,0.3304,0.32,0.3303,10800,0
TALKW.US,5,20211122,193500,0.3401,0.3401,0.3401,0.3401,1200,0
TALKW.US,5,20211122,195000,0.36,0.360101,0.36,0.360101,999,0
TALKW.US,5,20211122,204000,0.3767,0.3767,0.3767,0.3767,1000,0
TALKW.US,5,20211122,205500,0.36,0.36,0.33,0.3303,10100,0
TALKW.US,5,20211122,210000,0.3768,0.3768,0.3768,0.3768,100,0
TALKW.US,5,20211122,215000,0.3307,0.3307,0.3307,0.3307,200,0
TALKW.US,5,20211122,215500,0.3308,0.3308,0.3308,0.3308,600,0
TALKW.US,5,20211123,153000,0.34,0.3497,0.34,0.340101,9321,0
TALKW.US,5,20211123,161500,0.35,0.35,0.35,0.35,1100,0
TALKW.US,5,20211123,162500,0.349899,0.349899,0.34,0.34,2117,0
TALKW.US,5,20211123,163000,0.333,0.333,0.3201,0.3201,1900,0
TALKW.US,5,20211123,163500,0.320301,0.34,0.320301,0.34,5600,0
TALKW.US,5,20211123,164000,0.3368,0.34,0.3351,0.3351,10300,0
TALKW.US,5,20211123,164500,0.3351,0.34,0.3351,0.34,5033,0
TALKW.US,5,20211123,165000,0.340101,0.340101,0.34,0.34,28599,0
TALKW.US,5,20211123,170000,0.34,0.34,0.3216,0.3225,21468,0
TALKW.US,5,20211123,170500,0.3366,0.34,0.3366,0.34,2984,0
TALKW.US,5,20211123,171000,0.321701,0.321701,0.321701,0.321701,100,0
TALKW.US,5,20211123,171500,0.321701,0.321701,0.321701,0.321701,300,0
TALKW.US,5,20211123,175000,0.3302,0.3302,0.3302,0.3302,1000,0
TALKW.US,5,20211123,190000,0.34,0.34,0.34,0.34,1497,0
TALKW.US,5,20211123,201500,0.34,0.34,0.34,0.34,497,0
TALKW.US,5,20211123,202000,0.33,0.33,0.33,0.33,1840,0
TALKW.US,5,20211123,211000,0.35,0.35,0.33505,0.3351,13534,0
TALKW.US,5,20211123,211500,0.354,0.3553,0.354,0.3553,3200,0
TALKW.US,5,20211123,212000,0.3301,0.3301,0.3301,0.3301,10000,0
TALKW.US,5,20211123,212500,0.3301,0.34,0.3301,0.3381,41800,0
TALKW.US,5,20211123,214500,0.3375,0.34,0.3303,0.34,1400,0
TALKW.US,5,20211123,215500,0.3794,0.3794,0.3793,0.3793,742,0
TALKW.US,5,20211124,153000,0.3501,0.3501,0.3501,0.3501,300,0
TALKW.US,5,20211124,153500,0.3253,0.3397,0.3212,0.33,2800,0
TALKW.US,5,20211124,154000,0.3214,0.3214,0.3214,0.3214,1400,0
TALKW.US,5,20211124,154500,0.3795,0.3795,0.3214,0.3214,662,0
TALKW.US,5,20211124,162000,0.3555,0.3555,0.3555,0.3555,100,0
TALKW.US,5,20211124,164000,0.3311,0.3311,0.3311,0.3311,300,0
TALKW.US,5,20211124,164500,0.3311,0.3311,0.3311,0.3311,500,0
TALKW.US,5,20211124,165000,0.34,0.341,0.34,0.341,500,0
TALKW.US,5,20211124,165500,0.341,0.341,0.341,0.341,500,0
TALKW.US,5,20211124,170000,0.341,0.341,0.341,0.341,300,0
TALKW.US,5,20211124,170500,0.341,0.341,0.34,0.34,500,0
TALKW.US,5,20211124,171000,0.34,0.34,0.34,0.34,700,0
TALKW.US,5,20211124,171500,0.34,0.34,0.34,0.34,200,0
TALKW.US,5,20211124,172000,0.34,0.34,0.34,0.34,200,0
TALKW.US,5,20211124,172500,0.34,0.34,0.3312,0.3312,300,0
TALKW.US,5,20211124,173000,0.3312,0.3315,0.3312,0.3315,200,0
TALKW.US,5,20211124,173500,0.34,0.34,0.34,0.34,600,0
TALKW.US,5,20211124,174000,0.34,0.34,0.34,0.34,300,0
TALKW.US,5,20211124,174500,0.34,0.34,0.3311,0.3311,1199,0
TALKW.US,5,20211124,175000,0.3311,0.3311,0.3311,0.3311,400,0
TALKW.US,5,20211124,175500,0.3311,0.3315,0.3311,0.3311,700,0
TALKW.US,5,20211124,180000,0.3311,0.3315,0.3311,0.3315,500,0
TALKW.US,5,20211124,180500,0.35,0.35,0.3322,0.3322,398,0
TALKW.US,5,20211124,181000,0.3322,0.335,0.3322,0.335,200,0
TALKW.US,5,20211124,181500,0.34,0.34,0.34,0.34,600,0
TALKW.US,5,20211124,182000,0.34,0.34,0.34,0.34,200,0
TALKW.US,5,20211124,182500,0.34,0.34,0.34,0.34,100,0
TALKW.US,5,20211124,183000,0.34,0.34,0.34,0.34,500,0
TALKW.US,5,20211124,183500,0.34,0.34,0.34,0.34,200,0
TALKW.US,5,20211124,184000,0.34,0.34,0.34,0.34,100,0
TALKW.US,5,20211124,184500,0.34,0.34,0.3322,0.3322,200,0
TALKW.US,5,20211124,185000,0.3322,0.345,0.3322,0.345,300,0
TALKW.US,5,20211124,185500,0.345,0.345,0.345,0.345,300,0
TALKW.US,5,20211124,190000,0.345,0.345,0.345,0.345,300,0
TALKW.US,5,20211124,190500,0.345,0.345,0.345,0.345,400,0
TALKW.US,5,20211124,191000,0.345,0.345,0.34,0.34,500,0
TALKW.US,5,20211124,191500,0.34,0.36,0.34,0.34,3001,0
TALKW.US,5,20211124,192000,0.34,0.34,0.3312,0.3315,800,0
TALKW.US,5,20211124,192500,0.3311,0.3322,0.3311,0.3322,400,0
TALKW.US,5,20211124,193000,0.3322,0.3322,0.3311,0.3322,600,0
TALKW.US,5,20211124,193500,0.3311,0.3311,0.3311,0.3311,200,0
TALKW.US,5,20211124,194000,0.3311,0.34,0.3311,0.34,200,0
TALKW.US,5,20211124,194500,0.34,0.34,0.34,0.34,400,0
TALKW.US,5,20211124,195000,0.34,0.34,0.34,0.34,200,0
TALKW.US,5,20211124,195500,0.34,0.34,0.34,0.34,400,0
TALKW.US,5,20211124,200000,0.34,0.34,0.3322,0.3322,600,0
TALKW.US,5,20211124,200500,0.34,0.34,0.34,0.34,100,0
TALKW.US,5,20211124,201000,0.34,0.34,0.34,0.34,200,0
TALKW.US,5,20211124,201500,0.34,0.34,0.34,0.34,500,0
TALKW.US,5,20211124,202000,0.34,0.34,0.34,0.34,400,0
TALKW.US,5,20211124,202500,0.34,0.345,0.34,0.345,300,0
TALKW.US,5,20211124,203000,0.362199,0.362199,0.345,0.345,700,0
TALKW.US,5,20211124,203500,0.345,0.345,0.345,0.345,200,0
TALKW.US,5,20211124,204000,0.345,0.345,0.34,0.34,200,0
TALKW.US,5,20211124,204500,0.34,0.34,0.34,0.34,300,0
TALKW.US,5,20211124,205000,0.34,0.34,0.34,0.34,600,0
TALKW.US,5,20211124,205500,0.34,0.34,0.34,0.34,100,0
TALKW.US,5,20211124,210000,0.34,0.34,0.34,0.34,800,0
TALKW.US,5,20211124,210500,0.331,0.34,0.33,0.34,1200,0
TALKW.US,5,20211124,211000,0.34,0.34,0.33,0.33,3701,0
TALKW.US,5,20211124,211500,0.33,0.34,0.33,0.34,1000,0
TALKW.US,5,20211124,212000,0.34,0.34,0.33,0.3301,500,0
TALKW.US,5,20211124,212500,0.3301,0.3301,0.33,0.33,300,0
TALKW.US,5,20211124,213000,0.3301,0.3301,0.3301,0.3301,700,0
TALKW.US,5,20211124,213500,0.3301,0.3301,0.33,0.33,200,0
TALKW.US,5,20211124,214000,0.33,0.33,0.33,0.33,500,0
TALKW.US,5,20211124,214500,0.33,0.33,0.33,0.33,300,0
TALKW.US,5,20211124,215000,0.33,0.33,0.33,0.33,2190,0
TALKW.US,5,20211124,215500,0.33,0.34,0.33,0.34,1941,0
TALKW.US,5,20211126,153000,0.3301,0.3305,0.3301,0.3305,5448,0
TALKW.US,5,20211126,154500,0.34,0.34,0.34,0.34,1000,0
TALKW.US,5,20211126,162000,0.34,0.34,0.34,0.34,600,0
TALKW.US,5,20211126,162500,0.34,0.34,0.34,0.34,200,0
TALKW.US,5,20211126,163000,0.34,0.34,0.34,0.34,600,0
TALKW.US,5,20211126,163500,0.34,0.34,0.34,0.34,800,0
TALKW.US,5,20211126,164000,0.34,0.34,0.34,0.34,300,0
TALKW.US,5,20211126,164500,0.34,0.34,0.34,0.34,400,0
TALKW.US,5,20211126,165000,0.34,0.34,0.34,0.34,600,0
TALKW.US,5,20211126,165500,0.34,0.34,0.33,0.33,7900,0
TALKW.US,5,20211126,170000,0.33,0.33,0.33,0.33,600,0
TALKW.US,5,20211126,170500,0.33,0.332,0.33,0.332,600,0
TALKW.US,5,20211126,171000,0.33,0.333899,0.33,0.331761,10122,0
TALKW.US,5,20211126,174000,0.33,0.33,0.33,0.33,1900,0
TALKW.US,5,20211126,174500,0.33,0.33,0.33,0.33,300,0
TALKW.US,5,20211126,175000,0.33,0.34,0.33,0.338,39000,0
TALKW.US,5,20211126,175500,0.33,0.33,0.33,0.33,500,0
TALKW.US,5,20211126,180000,0.33,0.33,0.33,0.33,400,0
TALKW.US,5,20211126,180500,0.33,0.33,0.33,0.33,400,0
TALKW.US,5,20211126,181000,0.33,0.335,0.33,0.335,400,0
TALKW.US,5,20211126,181500,0.34,0.34,0.33,0.33,400,0
TALKW.US,5,20211126,182000,0.33,0.33,0.33,0.33,200,0
TALKW.US,5,20211126,182500,0.33,0.33,0.33,0.33,800,0
TALKW.US,5,20211126,183000,0.33,0.33,0.33,0.33,500,0
TALKW.US,5,20211126,183500,0.33,0.33,0.33,0.33,400,0
TALKW.US,5,20211126,184000,0.33,0.34,0.33,0.34,5400,0
TALKW.US,5,20211126,184500,0.34,0.3466,0.34,0.34,900,0
TALKW.US,5,20211126,185000,0.34,0.34,0.34,0.34,3299,0
TALKW.US,5,20211126,185500,0.34,0.34,0.34,0.34,2300,0
TALKW.US,5,20211126,190000,0.34,0.34,0.34,0.34,200,0
TALKW.US,5,20211129,153000,0.36,0.363483,0.36,0.363483,2200,0
TALKW.US,5,20211129,154000,0.3102,0.3102,0.3102,0.3102,3000,0
TALKW.US,5,20211129,155000,0.3101,0.3101,0.3101,0.3101,1475,0
TALKW.US,5,20211129,161000,0.3103,0.3105,0.3103,0.3105,1200,0
TALKW.US,5,20211129,161500,0.3162,0.31621,0.3162,0.3162,500,0
TALKW.US,5,20211129,164500,0.3105,0.3105,0.3105,0.3105,100,0
TALKW.US,5,20211129,180500,0.335321,0.335321,0.3209,0.3209,1800,0
TALKW.US,5,20211129,181500,0.3225,0.3234,0.3225,0.3234,2000,0
TALKW.US,5,20211129,192000,0.3226,0.3226,0.3226,0.3226,500,0
TALKW.US,5,20211129,203000,0.33,0.33,0.33,0.33,334,0
TALKW.US,5,20211129,212500,0.33,0.3301,0.33,0.33,1321,0
TALKW.US,5,20211130,153000,0.34,0.34,0.3205,0.3205,4750,0
TALKW.US,5,20211130,153500,0.32,0.32,0.32,0.32,2000,0
TALKW.US,5,20211130,154000,0.3101,0.3101,0.31,0.31,950,0
TALKW.US,5,20211130,155500,0.301,0.301,0.301,0.301,500,0
TALKW.US,5,20211130,162500,0.3102,0.3127,0.3102,0.3127,300,0
TALKW.US,5,20211130,172000,0.32,0.32,0.3103,0.3115,13100,0
TALKW.US,5,20211130,173000,0.3104,0.3104,0.3104,0.3104,600,0
TALKW.US,5,20211130,180000,0.3104,0.3302,0.3104,0.3302,200,0
TALKW.US,5,20211130,184500,0.3103,0.3103,0.3103,0.3103,500,0
TALKW.US,5,20211130,185000,0.3103,0.3103,0.3103,0.3103,700,0
TALKW.US,5,20211130,185500,0.3103,0.3103,0.3103,0.3103,1000,0
TALKW.US,5,20211130,190000,0.3103,0.36,0.3103,0.3103,1150,0
TALKW.US,5,20211130,190500,0.3103,0.3103,0.3103,0.3103,1400,0
TALKW.US,5,20211130,191000,0.3103,0.3103,0.3103,0.3103,1200,0
TALKW.US,5,20211130,191500,0.3103,0.3103,0.3103,0.3103,1100,0
TALKW.US,5,20211130,192000,0.3103,0.3103,0.3103,0.3103,700,0
TALKW.US,5,20211130,192500,0.3103,0.3103,0.3103,0.3103,1000,0
TALKW.US,5,20211130,193000,0.3103,0.3103,0.3103,0.3103,1500,0
TALKW.US,5,20211130,193500,0.3103,0.3103,0.3103,0.3103,1000,0
TALKW.US,5,20211130,194000,0.3103,0.3203,0.3103,0.3103,600,0
TALKW.US,5,20211130,194500,0.3203,0.3203,0.3103,0.3103,700,0
TALKW.US,5,20211130,195000,0.3106,0.340049,0.3103,0.3103,1000,0
TALKW.US,5,20211130,195500,0.3103,0.3203,0.3103,0.3203,1600,0
TALKW.US,5,20211130,200000,0.3106,0.3203,0.3106,0.3203,1800,0
TALKW.US,5,20211130,200500,0.3203,0.3203,0.3105,0.3203,800,0
TALKW.US,5,20211130,201000,0.3103,0.3203,0.3103,0.3203,600,0
TALKW.US,5,20211130,201500,0.3203,0.3203,0.3106,0.3203,1300,0
TALKW.US,5,20211130,202000,0.3203,0.3203,0.3106,0.3106,1000,0
TALKW.US,5,20211130,202500,0.3203,0.3203,0.3106,0.3203,900,0
TALKW.US,5,20211130,203000,0.3203,0.3203,0.3203,0.3203,800,0
TALKW.US,5,20211130,203500,0.3203,0.33,0.3203,0.33,800,0
TALKW.US,5,20211130,204000,0.326,0.33,0.32,0.33,600,0
TALKW.US,5,20211130,204500,0.32,0.33,0.32,0.326,800,0
TALKW.US,5,20211130,205000,0.32,0.33,0.32,0.32,3200,0
TALKW.US,5,20211130,205500,0.32,0.32,0.32,0.32,600,0
TALKW.US,5,20211130,210000,0.32,0.32,0.32,0.32,1400,0
TALKW.US,5,20211130,210500,0.32,0.32,0.32,0.32,1900,0
TALKW.US,5,20211130,211000,0.32,0.32,0.3103,0.32,3600,0
TALKW.US,5,20211130,211500,0.3102,0.32,0.3102,0.3102,3600,0
TALKW.US,5,20211130,212000,0.3102,0.32,0.3102,0.3111,6400,0
TALKW.US,5,20211130,212500,0.310425,0.310425,0.31025,0.310275,1300,0
TALKW.US,5,20211130,213000,0.310275,0.310275,0.310275,0.310275,700,0
TALKW.US,5,20211130,213500,0.310275,0.310275,0.31025,0.310275,600,0
TALKW.US,5,20211130,214000,0.310275,0.32,0.3102,0.3102,8145,0
TALKW.US,5,20211130,214500,0.3102,0.3102,0.3102,0.3102,900,0
TALKW.US,5,20211130,215000,0.32,0.3202,0.3103,0.32,4800,0
TALKW.US,5,20211130,215500,0.32,0.32,0.32,0.32,2700,0
TALKW.US,5,20211201,160000,0.3501,0.3501,0.3501,0.3501,300,0
TALKW.US,5,20211201,170500,0.35,0.35,0.35,0.35,1000,0
TALKW.US,5,20211201,171500,0.35,0.3501,0.32705,0.3271,7185,0
TALKW.US,5,20211201,173000,0.333,0.333,0.31,0.31,3293,0
TALKW.US,5,20211201,174000,0.3224,0.333,0.3224,0.3224,1700,0
TALKW.US,5,20211201,174500,0.3224,0.3224,0.3224,0.3224,1600,0
TALKW.US,5,20211201,175000,0.3224,0.3224,0.3224,0.3224,1800,0
TALKW.US,5,20211201,175500,0.3224,0.3224,0.3102,0.3201,2000,0
TALKW.US,5,20211201,180000,0.3224,0.3224,0.3102,0.3224,1600,0
TALKW.US,5,20211201,180500,0.3102,0.3224,0.3102,0.3224,2000,0
TALKW.US,5,20211201,181000,0.3201,0.3224,0.3102,0.3224,1600,0
TALKW.US,5,20211201,181500,0.3224,0.3224,0.3102,0.3224,2000,0
TALKW.US,5,20211201,182000,0.3224,0.3224,0.3102,0.3224,1900,0
TALKW.US,5,20211201,182500,0.3201,0.3224,0.3102,0.3224,2600,0
TALKW.US,5,20211201,183000,0.3224,0.3224,0.3105,0.3224,2000,0
TALKW.US,5,20211201,183500,0.3224,0.3305,0.3101,0.3199,12100,0
TALKW.US,5,20211201,184000,0.3109,0.33,0.3106,0.33,3500,0
TALKW.US,5,20211201,184500,0.3137,0.33,0.3101,0.33,4300,0
TALKW.US,5,20211201,185000,0.33,0.33,0.3132,0.33,2900,0
TALKW.US,5,20211201,185500,0.32,0.33,0.3127,0.33,3200,0
TALKW.US,5,20211201,190000,0.3227,0.33,0.3128,0.33,4800,0
TALKW.US,5,20211201,190500,0.33,0.33,0.33,0.33,1000,0
TALKW.US,5,20211201,191000,0.3162,0.33,0.316,0.33,6100,0
TALKW.US,5,20211201,191500,0.32,0.33,0.32,0.33,1800,0
TALKW.US,5,20211201,192000,0.33,0.33,0.33,0.33,3500,0
TALKW.US,5,20211201,192500,0.33,0.33,0.3263,0.3264,2500,0
TALKW.US,5,20211201,193000,0.313,0.32635,0.313,0.3259,900,0
TALKW.US,5,20211201,193500,0.3131,0.3293,0.3131,0.3293,3500,0
TALKW.US,5,20211201,194000,0.3154,0.33,0.3154,0.33,3200,0
TALKW.US,5,20211201,194500,0.33,0.33,0.3198,0.33,1800,0
TALKW.US,5,20211201,195000,0.33,0.33,0.32,0.33,2800,0
TALKW.US,5,20211201,195500,0.3154,0.33,0.3154,0.33,6300,0
TALKW.US,5,20211201,200500,0.3165,0.33,0.3165,0.3209,3800,0
TALKW.US,5,20211201,201000,0.33,0.33,0.3131,0.33,2900,0
TALKW.US,5,20211201,201500,0.3184,0.33,0.3164,0.3215,4800,0
TALKW.US,5,20211201,202000,0.3182,0.33,0.3181,0.33,3700,0
TALKW.US,5,20211201,202500,0.3201,0.33,0.31505,0.33,11500,0
TALKW.US,5,20211201,203000,0.3194,0.33,0.3188,0.33,3000,0
TALKW.US,5,20211201,203500,0.33,0.33,0.318901,0.33,4265,0
TALKW.US,5,20211201,204000,0.33,0.33,0.3208,0.33,2935,0
TALKW.US,5,20211201,204500,0.321,0.33,0.32,0.33,4365,0
TALKW.US,5,20211201,205000,0.3198,0.33,0.3188,0.33,3600,0
TALKW.US,5,20211201,205500,0.33,0.33,0.3208,0.33,3700,0
TALKW.US,5,20211201,210000,0.3208,0.33,0.3208,0.33,3800,0
TALKW.US,5,20211201,210500,0.3208,0.33,0.3188,0.33,3100,0
TALKW.US,5,20211201,211000,0.3208,0.33,0.32,0.33,11235,0
TALKW.US,5,20211201,211500,0.33,0.33,0.319,0.33,6639,0
TALKW.US,5,20211201,212000,0.33,0.33,0.33,0.33,500,0
TALKW.US,5,20211201,212500,0.321,0.33,0.319,0.33,3300,0
TALKW.US,5,20211201,213000,0.3208,0.33,0.3206,0.3206,2722,0
TALKW.US,5,20211201,213500,0.321,0.321,0.301,0.319,2100,0
TALKW.US,5,20211201,214000,0.311,0.311,0.311,0.311,100,0
TALKW.US,5,20211201,214500,0.3012,0.3012,0.3,0.3,1380,0
TALKW.US,5,20211201,215500,0.3,0.3,0.3,0.3,622,0
TALKW.US,5,20211202,153000,0.3022,0.3022,0.3022,0.3022,200,0
TALKW.US,5,20211202,153500,0.3022,0.3022,0.3,0.3,4529,0
TALKW.US,5,20211202,154000,0.300101,0.300101,0.3,0.3,5863,0
TALKW.US,5,20211202,160000,0.3002,0.3004,0.3,0.3,1293,0
TALKW.US,5,20211202,160500,0.3,0.3,0.3,0.3,200,0
TALKW.US,5,20211202,161000,0.2975,0.3,0.295,0.3,18055,0
TALKW.US,5,20211202,161500,0.3,0.3,0.3,0.3,3200,0
TALKW.US,5,20211202,163500,0.3,0.3,0.3,0.3,100,0
TALKW.US,5,20211202,164500,0.3,0.3,0.2802,0.299,10823,0
TALKW.US,5,20211202,165500,0.3,0.3,0.2804,0.285,1112,0
TALKW.US,5,20211202,171000,0.3,0.3,0.3,0.3,5500,0
TALKW.US,5,20211202,174000,0.3,0.3,0.3,0.3,300,0
TALKW.US,5,20211202,183500,0.29515,0.29515,0.29515,0.29515,1000,0
TALKW.US,5,20211202,184000,0.2804,0.2962,0.2804,0.2962,20001,0
TALKW.US,5,20211202,190000,0.3,0.3,0.3,0.3,400,0
TALKW.US,5,20211202,191500,0.29,0.3,0.29,0.3,8100,0
TALKW.US,5,20211202,192500,0.3,0.3,0.3,0.3,500,0
TALKW.US,5,20211202,193500,0.2866,0.3,0.2866,0.29015,10500,0
TALKW.US,5,20211202,210000,0.280401,0.280401,0.280401,0.280401,2000,0
TALKW.US,5,20211202,213000,0.3,0.3,0.295,0.296,10908,0
TALKW.US,5,20211202,215500,0.3,0.3,0.3,0.3,500,0
TALKW.US,5,20211203,153000,0.25,0.2891,0.25,0.2891,3600,0
TALKW.US,5,20211203,153500,0.29,0.29,0.29,0.29,100,0
TALKW.US,5,20211203,161000,0.2994,0.2994,0.28475,0.29,11500,0
TALKW.US,5,20211203,162500,0.289875,0.29,0.28975,0.29,4500,0
TALKW.US,5,20211203,163000,0.289875,0.29,0.289875,0.2899,700,0
TALKW.US,5,20211203,163500,0.28,0.28,0.28,0.28,500,0
TALKW.US,5,20211203,170500,0.29,0.29,0.29,0.29,270,0
TALKW.US,5,20211203,184000,0.3,0.3,0.3,0.3,640,0
TALKW.US,5,20211203,194500,0.29,0.29,0.29,0.29,50000,0
TALKW.US,5,20211203,195000,0.29,0.29,0.29,0.29,37100,0
TALKW.US,5,20211203,202000,0.280101,0.280101,0.280101,0.280101,225,0
TALKW.US,5,20211203,205000,0.280001,0.280001,0.280001,0.280001,4000,0
TALKW.US,5,20211203,213500,0.28,0.28,0.28,0.28,400,0
TALKW.US,5,20211203,215000,0.27,0.27,0.2501,0.2501,5615,0
TALKW.US,5,20211206,153000,0.29,0.29,0.29,0.29,1000,0
TALKW.US,5,20211206,154500,0.28,0.28,0.28,0.28,5000,0
TALKW.US,5,20211206,155500,0.27,0.27,0.263,0.263,62300,0
TALKW.US,5,20211206,161500,0.263,0.27,0.2602,0.2602,2000,0
TALKW.US,5,20211206,162000,0.2611,0.2611,0.2611,0.2611,700,0
TALKW.US,5,20211206,163500,0.267551,0.267551,0.267551,0.267551,1000,0
TALKW.US,5,20211206,165500,0.275,0.275,0.275,0.275,400,0
TALKW.US,5,20211206,171500,0.267651,0.267651,0.2676,0.2676,9100,0
TALKW.US,5,20211206,172000,0.2639,0.2639,0.2639,0.2639,600,0
TALKW.US,5,20211206,185000,0.27,0.27,0.27,0.27,500,0
TALKW.US,5,20211206,191500,0.2737,0.2738,0.2712,0.2712,2500,0
TALKW.US,5,20211206,194000,0.27305,0.2731,0.273,0.2731,700,0
TALKW.US,5,20211206,201500,0.273049,0.273049,0.273049,0.273049,200,0
TALKW.US,5,20211206,202000,0.2712,0.2712,0.2712,0.2712,1000,0
TALKW.US,5,20211206,204000,0.27305,0.27305,0.2711,0.2715,2300,0
TALKW.US,5,20211206,204500,0.2711,0.2725,0.27,0.27,3300,0
TALKW.US,5,20211206,213000,0.265,0.265,0.2626,0.2626,2900,0
TALKW.US,5,20211206,213500,0.27,0.27,0.27,0.27,100,0
TALKW.US,5,20211207,155500,0.2901,0.2901,0.2813,0.2813,300,0
TALKW.US,5,20211207,160500,0.2812,0.2812,0.2812,0.2812,400,0
TALKW.US,5,20211207,161500,0.3,0.3,0.2999,0.3,400,0
TALKW.US,5,20211207,163000,0.2906,0.2999,0.2813,0.2813,5000,0
TALKW.US,5,20211207,163500,0.2859,0.2859,0.2835,0.2835,200,0
TALKW.US,5,20211207,165000,0.28355,0.28355,0.281199,0.281199,6300,0
TALKW.US,5,20211207,172500,0.2812,0.2812,0.2812,0.2812,300,0
TALKW.US,5,20211207,173000,0.28115,0.2812,0.28115,0.2812,400,0
TALKW.US,5,20211207,183000,0.2812,0.2812,0.2812,0.2812,200,0
TALKW.US,5,20211207,184000,0.2812,0.2812,0.27,0.2701,5540,0
TALKW.US,5,20211207,194000,0.27455,0.27455,0.2701,0.2745,5100,0
TALKW.US,5,20211207,194500,0.2746,0.2746,0.2746,0.2746,1000,0
TALKW.US,5,20211207,200000,0.2701,0.2701,0.2561,0.2676,47372,0
TALKW.US,5,20211207,201000,0.256799,0.256799,0.256799,0.256799,200,0
TALKW.US,5,20211207,204000,0.2625,0.2626,0.2625,0.2626,2600,0
TALKW.US,5,20211207,210000,0.2626,0.2626,0.2626,0.2626,500,0
TALKW.US,5,20211207,211500,0.2631,0.2631,0.2631,0.2631,4688,0
TALKW.US,5,20211207,212000,0.299,0.299,0.299,0.299,20000,0
TALKW.US,5,20211207,213000,0.27,0.2701,0.27,0.2701,9000,0
TALKW.US,5,20211207,214500,0.27,0.2845,0.27,0.277,14124,0
TALKW.US,5,20211207,215500,0.27,0.27,0.27,0.27,500,0
TALKW.US,5,20211208,154000,0.286,0.2878,0.286,0.2878,300,0
TALKW.US,5,20211208,160000,0.2878,0.2878,0.2878,0.2878,200,0
TALKW.US,5,20211208,165000,0.2811,0.2811,0.2811,0.2811,100,0
TALKW.US,5,20211208,170500,0.281,0.281003,0.281,0.281003,1187,0
TALKW.US,5,20211208,172500,0.27,0.2708,0.27,0.2708,25500,0
TALKW.US,5,20211208,180500,0.2701,0.2701,0.2701,0.2701,500,0
TALKW.US,5,20211208,185000,0.2701,0.2701,0.27,0.27,6030,0
TALKW.US,5,20211208,190000,0.2701,0.2701,0.27,0.27,2100,0
TALKW.US,5,20211208,191000,0.2701,0.2701,0.27,0.27,500,0
TALKW.US,5,20211208,193500,0.27,0.2701,0.26505,0.2701,700,0
TALKW.US,5,20211208,202500,0.275,0.275,0.275,0.275,500,0
TALKW.US,5,20211208,211000,0.272,0.272,0.272,0.272,300,0
TALKW.US,5,20211209,153000,0.275,0.275,0.275,0.275,450,0
TALKW.US,5,20211209,155000,0.275,0.275,0.2749,0.275,2400,0
TALKW.US,5,20211209,161000,0.2651,0.2652,0.2651,0.2651,2600,0
TALKW.US,5,20211209,162000,0.2651,0.2651,0.2511,0.2651,5240,0
TALKW.US,5,20211209,162500,0.2581,0.2581,0.2515,0.2515,2300,0
TALKW.US,5,20211209,163500,0.2515,0.252,0.2515,0.252,1000,0
TALKW.US,5,20211209,164000,0.252,0.2672,0.251,0.2672,6200,0
TALKW.US,5,20211209,174500,0.2672,0.2672,0.2672,0.2672,500,0
TALKW.US,5,20211209,185000,0.2749,0.2749,0.2749,0.2749,250,0
TALKW.US,5,20211209,192500,0.27,0.27,0.27,0.27,400,0
TALKW.US,5,20211209,211000,0.27,0.27,0.27,0.27,4400,0
TALKW.US,5,20211209,215500,0.265,0.265,0.265,0.265,200,0
TALKW.US,5,20211210,160500,0.26,0.26,0.2533,0.2555,39780,0
TALKW.US,5,20211210,161000,0.2532,0.265,0.2532,0.265,2500,0
TALKW.US,5,20211210,161500,0.256435,0.2566,0.256435,0.2566,200,0
TALKW.US,5,20211210,162000,0.26,0.26,0.26,0.26,33000,0
TALKW.US,5,20211210,162500,0.26,0.26,0.2566,0.2567,18550,0
TALKW.US,5,20211210,165500,0.257,0.257,0.257,0.257,1335,0
TALKW.US,5,20211210,171000,0.2586,0.2586,0.2566,0.2566,3050,0
TALKW.US,5,20211210,192500,0.26,0.2602,0.26,0.26,7469,0
TALKW.US,5,20211210,193000,0.2555,0.2555,0.2555,0.2555,300,0
TALKW.US,5,20211210,204500,0.26,0.26,0.26,0.26,250,0
TALKW.US,5,20211210,215000,0.26,0.26,0.251,0.2555,21950,0
TALKW.US,5,20211210,215500,0.2502,0.26,0.2502,0.26,1296,0
TALKW.US,5,20211213,153000,0.2949,0.2949,0.2949,0.2949,9975,0
TALKW.US,5,20211213,154000,0.2873,0.2873,0.2873,0.2873,100,0
TALKW.US,5,20211213,160500,0.27,0.27,0.26,0.26,2100,0
TALKW.US,5,20211213,163000,0.261001,0.261101,0.261001,0.261101,830,0
TALKW.US,5,20211213,163500,0.261,0.261,0.261,0.261,100,0
TALKW.US,5,20211213,165000,0.265,0.265,0.265,0.265,1000,0
TALKW.US,5,20211213,181500,0.2699,0.2699,0.2699,0.2699,200,0
TALKW.US,5,20211213,182500,0.26495,0.26495,0.26495,0.26495,400,0
TALKW.US,5,20211213,190000,0.265,0.265,0.265,0.265,550,0
TALKW.US,5,20211213,195000,0.26,0.26,0.26,0.26,1500,0
TALKW.US,5,20211213,203000,0.26,0.26,0.26,0.26,54347,0
TALKW.US,5,20211213,215000,0.2601,0.2601,0.2551,0.26,4824,0
TALKW.US,5,20211213,215500,0.2551,0.26,0.2551,0.2551,800,0
TALKW.US,5,20211214,154000,0.27695,0.27695,0.27695,0.27695,400,0
TALKW.US,5,20211214,154500,0.2798,0.2798,0.2798,0.2798,114,0
TALKW.US,5,20211214,155500,0.27,0.27,0.27,0.27,150,0
TALKW.US,5,20211214,160000,0.272,0.272,0.272,0.272,100,0
TALKW.US,5,20211214,160500,0.26,0.26,0.26,0.26,500,0
TALKW.US,5,20211214,161000,0.26,0.26,0.26,0.26,400,0
TALKW.US,5,20211214,161500,0.26,0.26,0.26,0.26,400,0
TALKW.US,5,20211214,162000,0.26,0.26,0.26,0.26,2700,0
TALKW.US,5,20211214,162500,0.26,0.26,0.26,0.26,800,0
TALKW.US,5,20211214,163000,0.26,0.26,0.26,0.26,200,0
TALKW.US,5,20211214,163500,0.26,0.26,0.26,0.26,200,0
TALKW.US,5,20211214,164000,0.26,0.26,0.26,0.26,400,0
TALKW.US,5,20211214,164500,0.26,0.26,0.26,0.26,200,0
TALKW.US,5,20211214,165000,0.26,0.26,0.2501,0.2501,400,0
TALKW.US,5,20211214,165500,0.2501,0.2501,0.2501,0.2501,400,0
TALKW.US,5,20211214,170000,0.2501,0.2501,0.2501,0.2501,300,0
TALKW.US,5,20211214,170500,0.2501,0.2501,0.25,0.25,600,0
TALKW.US,5,20211214,171000,0.25,0.256436,0.25,0.25,11200,0
TALKW.US,5,20211214,171500,0.25,0.25,0.25,0.25,300,0
TALKW.US,5,20211214,172000,0.25,0.25,0.25,0.25,100,0
TALKW.US,5,20211214,182000,0.24,0.25194,0.24,0.24,3984,0
TALKW.US,5,20211214,182500,0.235,0.235,0.235,0.235,1000,0
TALKW.US,5,20211214,184500,0.2303,0.2303,0.2303,0.2303,200,0
TALKW.US,5,20211214,185500,0.2303,0.2303,0.2303,0.2303,1200,0
TALKW.US,5,20211214,192000,0.2302,0.2302,0.2302,0.2302,3000,0
TALKW.US,5,20211214,211000,0.24,0.24,0.2356,0.2356,3100,0
TALKW.US,5,20211214,211500,0.2351,0.24,0.2351,0.24,2000,0
TALKW.US,5,20211214,212000,0.24,0.24,0.24,0.24,502,0
TALKW.US,5,20211214,212500,0.24,0.24,0.24,0.24,1400,0
TALKW.US,5,20211214,213000,0.24,0.24,0.24,0.24,4198,0
TALKW.US,5,20211214,213500,0.248451,0.248451,0.248451,0.248451,1725,0
TALKW.US,5,20211214,215500,0.24,0.24,0.24,0.24,423,0
TALKW.US,5,20211215,154500,0.2567,0.2567,0.2567,0.2567,370,0
TALKW.US,5,20211215,155000,0.23,0.231,0.23,0.231,500,0
TALKW.US,5,20211215,155500,0.231,0.231,0.23,0.23,1200,0
TALKW.US,5,20211215,160000,0.23,0.23,0.23,0.23,900,0
TALKW.US,5,20211215,160500,0.23,0.23,0.23,0.23,1300,0
TALKW.US,5,20211215,161000,0.23,0.23,0.23,0.23,1000,0
TALKW.US,5,20211215,161500,0.23,0.23,0.23,0.23,700,0
TALKW.US,5,20211215,162000,0.23,0.23,0.23,0.23,1000,0
TALKW.US,5,20211215,162500,0.23,0.23,0.23,0.23,1300,0
TALKW.US,5,20211215,163000,0.23,0.23,0.23,0.23,600,0
TALKW.US,5,20211215,163500,0.23,0.23,0.23,0.23,200,0
TALKW.US,5,20211215,164000,0.23,0.23,0.23,0.23,900,0
TALKW.US,5,20211215,164500,0.23,0.23,0.2207,0.2207,900,0
TALKW.US,5,20211215,165000,0.2004,0.2004,0.2004,0.2004,594,0
TALKW.US,5,20211215,165500,0.2004,0.2004,0.2004,0.2004,1502,0
TALKW.US,5,20211215,170500,0.2177,0.2177,0.21015,0.21015,3575,0
TALKW.US,5,20211215,171000,0.200301,0.200301,0.2,0.2001,9619,0
TALKW.US,5,20211215,171500,0.2,0.2003,0.2,0.2003,2300,0
TALKW.US,5,20211215,175000,0.212699,0.212699,0.212699,0.212699,500,0
TALKW.US,5,20211215,181500,0.21,0.21,0.21,0.21,160,0
TALKW.US,5,20211215,183000,0.2114,0.2114,0.2114,0.2114,150,0
TALKW.US,5,20211215,183500,0.2113,0.2113,0.2113,0.2113,100,0
TALKW.US,5,20211215,184500,0.2011,0.2011,0.201,0.201,4960,0
TALKW.US,5,20211215,185500,0.201,0.201,0.19,0.19,34940,0
TALKW.US,5,20211215,190000,0.19,0.2033,0.1897,0.2033,19797,0
TALKW.US,5,20211215,192500,0.203199,0.203199,0.203199,0.203199,1000,0
TALKW.US,5,20211215,193000,0.2033,0.22,0.2033,0.22,2600,0
TALKW.US,5,20211215,193500,0.2299,0.2299,0.223,0.223,2203,0
TALKW.US,5,20211215,205500,0.223,0.23265,0.223,0.2326,6345,0
TALKW.US,5,20211215,212000,0.231299,0.231299,0.231299,0.231299,400,0
TALKW.US,5,20211215,212500,0.200201,0.200201,0.200201,0.200201,2100,0
TALKW.US,5,20211215,213000,0.21,0.21,0.21,0.21,1300,0
TALKW.US,5,20211215,215500,0.23,0.23,0.23,0.23,1369,0
TALKW.US,5,20211216,153000,0.2191,0.2191,0.2191,0.2191,226,0
TALKW.US,5,20211216,160000,0.207,0.207,0.207,0.207,500,0
TALKW.US,5,20211216,162000,0.228,0.228,0.228,0.228,1000,0
TALKW.US,5,20211216,165500,0.208,0.208,0.2006,0.204,19700,0
TALKW.US,5,20211216,170000,0.2006,0.2006,0.2006,0.2006,4200,0
TALKW.US,5,20211216,171500,0.2006,0.227,0.2006,0.2006,11700,0
TALKW.US,5,20211216,172000,0.20105,0.22,0.2006,0.215999,4100,0
TALKW.US,5,20211216,174000,0.21,0.21,0.209,0.209,1100,0
TALKW.US,5,20211216,174500,0.209,0.209,0.209,0.209,126,0
TALKW.US,5,20211216,175500,0.209,0.209,0.209,0.209,1250,0
TALKW.US,5,20211216,183500,0.2091,0.2091,0.2091,0.2091,366,0
TALKW.US,5,20211216,185500,0.2091,0.2091,0.2091,0.2091,100,0
TALKW.US,5,20211216,190500,0.209,0.209,0.209,0.209,210,0
TALKW.US,5,20211216,193000,0.2091,0.2091,0.2091,0.2091,200,0
TALKW.US,5,20211216,204000,0.2091,0.2091,0.2091,0.2091,1000,0
TALKW.US,5,20211216,204500,0.209,0.209,0.209,0.209,414,0
TALKW.US,5,20211216,215000,0.2051,0.2051,0.2051,0.2051,400,0
TALKW.US,5,20211216,215500,0.2051,0.209,0.205,0.205,4363,0
TALKW.US,5,20211217,154000,0.209,0.209,0.209,0.209,951,0
TALKW.US,5,20211217,161000,0.2007,0.2007,0.2006,0.2006,6200,0
TALKW.US,5,20211217,161500,0.2006,0.2006,0.2006,0.2006,1250,0
TALKW.US,5,20211217,162000,0.2005,0.2005,0.2,0.2,4899,0
TALKW.US,5,20211217,162500,0.2001,0.2001,0.2001,0.2001,2700,0
TALKW.US,5,20211217,163000,0.2001,0.2001,0.2001,0.2001,100,0
TALKW.US,5,20211217,163500,0.2,0.2,0.2,0.2,1200,0
TALKW.US,5,20211217,164000,0.2,0.2,0.2,0.2,1300,0
TALKW.US,5,20211217,164500,0.2,0.2,0.2,0.2,1200,0
TALKW.US,5,20211217,165000,0.2,0.2001,0.2,0.2,2200,0
TALKW.US,5,20211217,165500,0.2001,0.21,0.2001,0.21,12949,0
TALKW.US,5,20211217,170000,0.21,0.21,0.21,0.21,1600,0
TALKW.US,5,20211217,170500,0.215,0.215,0.215,0.215,1200,0
TALKW.US,5,20211217,171000,0.2167,0.22,0.2167,0.22,3454,0
TALKW.US,5,20211217,171500,0.22,0.22,0.22,0.22,1100,0
TALKW.US,5,20211217,172000,0.22,0.22,0.22,0.22,1000,0
TALKW.US,5,20211217,172500,0.225,0.23,0.225,0.23,9144,0
TALKW.US,5,20211217,173000,0.23,0.23,0.23,0.23,1400,0
TALKW.US,5,20211217,173500,0.23,0.2354,0.23,0.23,1600,0
TALKW.US,5,20211217,174000,0.23,0.24,0.23,0.24,900,0
TALKW.US,5,20211217,174500,0.23,0.23,0.23,0.23,900,0
TALKW.US,5,20211217,175000,0.23,0.23,0.23,0.23,1100,0
TALKW.US,5,20211217,175500,0.23,0.23,0.23,0.23,1200,0
TALKW.US,5,20211217,180000,0.23,0.23,0.23,0.23,800,0
TALKW.US,5,20211217,180500,0.23,0.23,0.23,0.23,1000,0
TALKW.US,5,20211217,181000,0.23,0.23,0.23,0.23,900,0
TALKW.US,5,20211217,181500,0.23,0.23,0.23,0.23,600,0
TALKW.US,5,20211217,182000,0.23,0.2301,0.23,0.230078,1400,0
TALKW.US,5,20211217,182500,0.23,0.23,0.23,0.23,1800,0
TALKW.US,5,20211217,183000,0.23,0.2306,0.23,0.2306,1200,0
TALKW.US,5,20211217,183500,0.2306,0.2306,0.2306,0.2306,700,0
TALKW.US,5,20211217,184000,0.2306,0.2306,0.2306,0.2306,1000,0
TALKW.US,5,20211217,184500,0.2306,0.2306,0.2306,0.2306,900,0
TALKW.US,5,20211217,185000,0.2306,0.2306,0.2306,0.2306,700,0
TALKW.US,5,20211217,185500,0.2306,0.2306,0.2306,0.2306,600,0
TALKW.US,5,20211217,190000,0.2306,0.2306,0.2306,0.2306,800,0
TALKW.US,5,20211217,190500,0.2307,0.2307,0.2306,0.2306,650,0
TALKW.US,5,20211217,191000,0.2306,0.2306,0.2306,0.2306,400,0
TALKW.US,5,20211217,191500,0.2306,0.2306,0.2306,0.2306,1000,0
TALKW.US,5,20211217,192000,0.2306,0.235,0.2306,0.235,700,0
TALKW.US,5,20211217,192500,0.235,0.235,0.235,0.235,400,0
TALKW.US,5,20211217,193000,0.235,0.235,0.235,0.235,600,0
TALKW.US,5,20211217,193500,0.235,0.235,0.235,0.235,800,0
TALKW.US,5,20211217,194000,0.235,0.235,0.235,0.235,900,0
TALKW.US,5,20211217,194500,0.235,0.235,0.235,0.235,500,0
TALKW.US,5,20211217,195000,0.235,0.235,0.235,0.235,600,0
TALKW.US,5,20211217,195500,0.235,0.235,0.235,0.235,1000,0
TALKW.US,5,20211217,200000,0.235,0.235,0.235,0.235,4000,0
TALKW.US,5,20211217,200500,0.235,0.235,0.2311,0.235,8109,0
TALKW.US,5,20211217,201000,0.235,0.235,0.2306,0.2306,1000,0
TALKW.US,5,20211217,201500,0.2306,0.2306,0.215,0.215,2300,0
TALKW.US,5,20211217,202000,0.201,0.201,0.1901,0.1901,1201,0
TALKW.US,5,20211217,202500,0.2,0.2,0.2,0.2,1200,0
TALKW.US,5,20211217,203000,0.1903,0.2,0.1903,0.2,999,0
TALKW.US,5,20211217,203500,0.2,0.2,0.2,0.2,1000,0
TALKW.US,5,20211217,204000,0.2,0.2,0.2,0.2,1600,0
TALKW.US,5,20211217,204500,0.2,0.2,0.2,0.2,1300,0
TALKW.US,5,20211217,205000,0.2,0.2,0.2,0.2,700,0
TALKW.US,5,20211217,205500,0.2,0.2,0.2,0.2,1700,0
TALKW.US,5,20211217,210000,0.2,0.2,0.2,0.2,1500,0
TALKW.US,5,20211217,210500,0.2,0.2,0.2,0.2,1800,0
TALKW.US,5,20211217,211000,0.2,0.2,0.2,0.2,1600,0
TALKW.US,5,20211217,211500,0.2,0.2,0.1902,0.1902,14300,0
TALKW.US,5,20211217,212000,0.1902,0.2306,0.1902,0.2,4700,0
TALKW.US,5,20211217,212500,0.2,0.2,0.2,0.2,1200,0
TALKW.US,5,20211217,213000,0.2,0.2,0.2,0.2,2800,0
TALKW.US,5,20211217,213500,0.2,0.2051,0.2,0.2051,2300,0
TALKW.US,5,20211217,214000,0.205,0.205,0.205,0.205,2700,0
TALKW.US,5,20211217,214500,0.205,0.205,0.205,0.205,2400,0
TALKW.US,5,20211217,215000,0.205,0.205,0.205,0.205,1433,0
TALKW.US,5,20211217,215500,0.205,0.2306,0.205,0.205,5100,0
TALKW.US,5,20211220,164000,0.2122,0.2122,0.2122,0.2122,2000,0
TALKW.US,5,20211220,180500,0.2122,0.2122,0.2122,0.2122,500,0
TALKW.US,5,20211220,185500,0.2299,0.2299,0.228183,0.228183,800,0
TALKW.US,5,20211220,191000,0.215,0.215,0.215,0.215,600,0
TALKW.US,5,20211220,193500,0.2151,0.2151,0.2151,0.2151,2000,0
TALKW.US,5,20211220,203000,0.215,0.215,0.215,0.215,11900,0
TALKW.US,5,20211220,213500,0.22,0.22,0.22,0.22,100,0
TALKW.US,5,20211220,215000,0.22,0.22,0.22,0.22,5000,0
TALKW.US,5,20211221,153000,0.2,0.22,0.2,0.22,6200,0
TALKW.US,5,20211221,154000,0.234,0.2398,0.233929,0.233929,900,0
TALKW.US,5,20211221,160000,0.2203,0.2203,0.22,0.22,800,0
TALKW.US,5,20211221,161000,0.222251,0.222251,0.22,0.222251,600,0
TALKW.US,5,20211221,163500,0.22,0.22,0.22,0.22,1000,0
TALKW.US,5,20211221,164000,0.22,0.22,0.22,0.22,400,0
TALKW.US,5,20211221,165000,0.22,0.22,0.22,0.22,2000,0
TALKW.US,5,20211221,170000,0.2201,0.2201,0.2201,0.2201,500,0
TALKW.US,5,20211221,171000,0.23,0.23,0.23,0.23,9000,0
TALKW.US,5,20211221,172000,0.2369,0.2369,0.2369,0.2369,2372,0
TALKW.US,5,20211221,172500,0.23,0.23,0.23,0.23,1000,0
TALKW.US,5,20211221,174000,0.23,0.2399,0.23,0.2399,2100,0
TALKW.US,5,20211221,174500,0.2399,0.2399,0.2399,0.2399,300,0
TALKW.US,5,20211221,180000,0.24,0.24,0.24,0.24,1000,0
TALKW.US,5,20211221,183000,0.24,0.240009,0.2399,0.2399,2400,0
TALKW.US,5,20211221,183500,0.24,0.242,0.24,0.242,200,0
TALKW.US,5,20211221,184000,0.24,0.24,0.24,0.24,1000,0
TALKW.US,5,20211221,184500,0.2399,0.2399,0.2399,0.2399,100,0
TALKW.US,5,20211221,185000,0.2399,0.2399,0.2399,0.2399,2500,0
TALKW.US,5,20211221,185500,0.2399,0.2399,0.22,0.220031,20532,0
TALKW.US,5,20211221,192000,0.2201,0.2201,0.2201,0.2201,700,0
TALKW.US,5,20211221,192500,0.22,0.22,0.22,0.22,1500,0
TALKW.US,5,20211221,203000,0.2279,0.2279,0.2279,0.2279,200,0
TALKW.US,5,20211221,211000,0.2201,0.2201,0.2201,0.2201,1000,0
TALKW.US,5,20211221,213000,0.22,0.22,0.22,0.22,4500,0
TALKW.US,5,20211221,214000,0.22,0.22,0.22,0.22,100,0
TALKW.US,5,20211222,153000,0.24,0.24,0.24,0.24,6500,0
TALKW.US,5,20211222,155000,0.2103,0.222326,0.21,0.222326,4900,0
TALKW.US,5,20211222,161500,0.21,0.21,0.2,0.2,2550,0
TALKW.US,5,20211222,163000,0.201,0.201,0.2,0.2,3000,0
TALKW.US,5,20211222,163500,0.2,0.2,0.2,0.2,1600,0
TALKW.US,5,20211222,164500,0.2,0.205251,0.2,0.205251,398,0
TALKW.US,5,20211222,171500,0.201,0.201,0.201,0.201,200,0
TALKW.US,5,20211222,172000,0.201,0.207,0.201,0.201,400,0
TALKW.US,5,20211222,172500,0.207,0.207,0.201,0.201,500,0
TALKW.US,5,20211222,173000,0.201,0.201,0.201,0.201,100,0
TALKW.US,5,20211222,173500,0.201,0.201,0.201,0.201,200,0
TALKW.US,5,20211222,174000,0.201,0.201,0.201,0.201,300,0
TALKW.US,5,20211222,174500,0.202,0.202,0.202,0.202,100,0
TALKW.US,5,20211222,175000,0.202,0.204,0.202,0.204,300,0
TALKW.US,5,20211222,175500,0.202,0.202,0.202,0.202,200,0
TALKW.US,5,20211222,180000,0.205,0.205,0.205,0.205,100,0
TALKW.US,5,20211222,180500,0.208,0.208,0.208,0.208,100,0
TALKW.US,5,20211222,181000,0.208,0.208,0.2052,0.2052,700,0
TALKW.US,5,20211222,181500,0.205,0.205,0.205,0.205,200,0
TALKW.US,5,20211222,182000,0.205,0.205,0.202,0.202,200,0
TALKW.US,5,20211222,182500,0.205,0.2083,0.205,0.2083,300,0
TALKW.US,5,20211222,183000,0.202,0.202,0.202,0.202,200,0
TALKW.US,5,20211222,183500,0.202,0.202,0.202,0.202,100,0
TALKW.US,5,20211222,184000,0.2083,0.2083,0.202,0.202,2450,0
TALKW.US,5,20211222,184500,0.202,0.202,0.202,0.202,200,0
TALKW.US,5,20211222,185000,0.202,0.202,0.202,0.202,300,0
TALKW.US,5,20211222,185500,0.202,0.204921,0.202,0.202,1100,0
TALKW.US,5,20211222,190000,0.202,0.202,0.201,0.201,500,0
TALKW.US,5,20211222,190500,0.201,0.201,0.201,0.201,200,0
TALKW.US,5,20211222,191000,0.201,0.201,0.201,0.201,200,0
TALKW.US,5,20211222,191500,0.201,0.201,0.201,0.201,100,0
TALKW.US,5,20211222,192000,0.2055,0.21,0.2055,0.21,4400,0
TALKW.US,5,20211222,192500,0.21,0.21,0.21,0.21,200,0
TALKW.US,5,20211222,193000,0.21,0.21,0.21,0.21,300,0
TALKW.US,5,20211222,193500,0.21,0.210001,0.201,0.2011,6800,0
TALKW.US,5,20211222,194000,0.201,0.201,0.201,0.201,100,0
TALKW.US,5,20211222,194500,0.201,0.201,0.201,0.201,200,0
TALKW.US,5,20211222,195000,0.2195,0.22,0.201,0.201,6700,0
TALKW.US,5,20211222,195500,0.201,0.22,0.201,0.22,2800,0
TALKW.US,5,20211222,200000,0.22,0.22,0.22,0.22,1050,0
TALKW.US,5,20211222,200500,0.22,0.22,0.202,0.202,1450,0
TALKW.US,5,20211222,201000,0.202,0.22,0.202,0.22,2150,0
TALKW.US,5,20211222,201500,0.22,0.22,0.22,0.22,600,0
TALKW.US,5,20211222,202000,0.22,0.22,0.22,0.22,400,0
TALKW.US,5,20211222,202500,0.22,0.22,0.22,0.22,100,0
TALKW.US,5,20211222,203000,0.22,0.22,0.22,0.22,500,0
TALKW.US,5,20211222,203500,0.22,0.22,0.22,0.22,600,0
TALKW.US,5,20211222,204000,0.22,0.221351,0.21,0.21,2209,0
TALKW.US,5,20211222,204500,0.21,0.21,0.21,0.21,4300,0
TALKW.US,5,20211222,205000,0.21,0.210001,0.205,0.210001,3596,0
TALKW.US,5,20211222,205500,0.21,0.21,0.21,0.21,100,0
TALKW.US,5,20211222,210000,0.21,0.2101,0.21,0.21,800,0
TALKW.US,5,20211222,210500,0.21,0.21,0.21,0.21,100,0
TALKW.US,5,20211222,211000,0.21,0.21,0.21,0.21,2225,0
TALKW.US,5,20211222,211500,0.21,0.21,0.21,0.21,800,0
TALKW.US,5,20211222,212000,0.21,0.21,0.21,0.21,400,0
TALKW.US,5,20211222,212500,0.21,0.21,0.21,0.21,200,0
TALKW.US,5,20211222,213000,0.21,0.21,0.21,0.21,600,0
TALKW.US,5,20211222,213500,0.21,0.21,0.21,0.21,200,0
TALKW.US,5,20211222,214000,0.21,0.21,0.21,0.21,300,0
TALKW.US,5,20211222,214500,0.21,0.21,0.21,0.21,300,0
TALKW.US,5,20211222,215000,0.21,0.21,0.21,0.21,1000,0
TALKW.US,5,20211222,215500,0.21,0.21,0.21,0.21,2190,0
TALKW.US,5,20211223,154000,0.22,0.22,0.22,0.22,403,0
TALKW.US,5,20211223,161500,0.2225,0.23,0.2225,0.23,1400,0
TALKW.US,5,20211223,162000,0.23,0.23,0.23,0.23,497,0
TALKW.US,5,20211223,170000,0.23,0.23,0.23,0.23,100,0
TALKW.US,5,20211223,170500,0.2301,0.2301,0.2301,0.2301,100,0
TALKW.US,5,20211223,172500,0.23,0.23,0.23,0.23,1100,0
TALKW.US,5,20211223,173000,0.23,0.23,0.23,0.23,2085,0
TALKW.US,5,20211223,173500,0.23,0.23,0.23,0.23,100,0
TALKW.US,5,20211223,174000,0.23,0.23,0.23,0.23,200,0
TALKW.US,5,20211223,174500,0.23,0.2301,0.23,0.23,1900,0
TALKW.US,5,20211223,175000,0.23,0.23,0.23,0.23,3300,0
TALKW.US,5,20211223,175500,0.2139,0.2139,0.2139,0.2139,100,0
TALKW.US,5,20211223,180000,0.2013,0.2013,0.201,0.201,1600,0
TALKW.US,5,20211223,180500,0.2001,0.201,0.2,0.2,2247,0
TALKW.US,5,20211223,181000,0.19115,0.2,0.1911,0.1999,24049,0
TALKW.US,5,20211223,181500,0.2,0.2,0.2,0.2,10000,0
TALKW.US,5,20211223,183000,0.2,0.2,0.2,0.2,1000,0
TALKW.US,5,20211223,183500,0.1911,0.2,0.19,0.1985,5901,0
TALKW.US,5,20211223,185000,0.19,0.19,0.19,0.19,2500,0
TALKW.US,5,20211223,185500,0.19,0.19,0.1717,0.1717,12959,0
TALKW.US,5,20211223,190000,0.1717,0.18,0.1717,0.18,1100,0
TALKW.US,5,20211223,191500,0.1798,0.18,0.1798,0.18,1600,0
TALKW.US,5,20211223,192000,0.1799,0.18,0.1799,0.18,16985,0
TALKW.US,5,20211223,192500,0.2,0.21,0.2,0.21,1800,0
TALKW.US,5,20211223,194500,0.21,0.21,0.21,0.21,5000,0
TALKW.US,5,20211223,195000,0.21,0.21,0.21,0.21,1000,0
TALKW.US,5,20211223,195500,0.21,0.21,0.1919,0.1919,1822,0
TALKW.US,5,20211223,202500,0.2092,0.2092,0.2092,0.2092,800,0
TALKW.US,5,20211223,203500,0.2101,0.2101,0.2101,0.2101,250,0
TALKW.US,5,20211223,210000,0.21,0.21,0.21,0.21,1000,0
TALKW.US,5,20211223,211000,0.21,0.21,0.1921,0.192196,3599,0
TALKW.US,5,20211223,212000,0.196,0.2,0.196,0.2,2000,0
TALKW.US,5,20211223,212500,0.192,0.192,0.19,0.19,2401,0
TALKW.US,5,20211223,213500,0.2,0.2,0.198251,0.198251,200,0
TALKW.US,5,20211223,215500,0.2,0.21,0.2,0.21,2100,0
