<TICKER>,<PER>,<DATE>,<TIME>,<OPEN>,<HIGH>,<LOW>,<CLOSE>,<VOL>,<OPENINT>
TCBK.US,5,20211104,143000,46.35,46.35,46.24,46.24,1091,0
TCBK.US,5,20211104,144000,46.24,46.24,46.08,46.11,500,0
TCBK.US,5,20211104,145000,45.79,45.79,45.79,45.79,300,0
TCBK.US,5,20211104,150000,45.65,45.72,45.58,45.58,400,0
TCBK.US,5,20211104,150500,45.52,45.52,45.52,45.52,100,0
TCBK.US,5,20211104,152500,45.04,45.31,45.04,45.31,300,0
TCBK.US,5,20211104,153000,45.38,45.38,45.38,45.38,100,0
TCBK.US,5,20211104,154500,45.09,45.19,45.09,45.19,200,0
TCBK.US,5,20211104,155000,45.06,45.1,45.06,45.1,200,0
TCBK.US,5,20211104,155500,45.12,45.3,45.12,45.3,2391,0
TCBK.US,5,20211104,161000,45.2,45.23,45.2,45.2,666,0
TCBK.US,5,20211104,162500,45.17,45.17,45.17,45.17,100,0
TCBK.US,5,20211104,163500,45.16,45.18,45.16,45.18,200,0
TCBK.US,5,20211104,164500,45.285,45.285,45.11,45.11,300,0
TCBK.US,5,20211104,170500,45.19,45.19,45.19,45.19,100,0
TCBK.US,5,20211104,173000,44.99,44.99,44.99,44.99,100,0
TCBK.US,5,20211104,174000,44.973,45.025,44.973,45.025,200,0
TCBK.US,5,20211104,175000,45.1,45.1,45.1,45.1,100,0
TCBK.US,5,20211104,180000,45.13,45.22,45.1,45.22,300,0
TCBK.US,5,20211104,181500,45.23,45.24,45.23,45.24,200,0
TCBK.US,5,20211104,182500,45.19,45.19,45.16,45.18,300,0
TCBK.US,5,20211104,183500,45.33,45.33,45.33,45.33,100,0
TCBK.US,5,20211104,185000,45.27,45.27,45.27,45.27,200,0
TCBK.US,5,20211104,190000,45.17,45.17,45.17,45.17,100,0
TCBK.US,5,20211104,190500,45.28,45.28,45.28,45.28,100,0
TCBK.US,5,20211104,191500,45.12,45.12,45.11,45.11,200,0
TCBK.US,5,20211104,193500,45.09,45.1,45.05,45.05,800,0
TCBK.US,5,20211104,194500,45.03,45.03,45.03,45.03,100,0
TCBK.US,5,20211104,195500,45.14,45.2,45.14,45.2,400,0
TCBK.US,5,20211104,200000,45.245,45.25,45.245,45.25,283,0
TCBK.US,5,20211104,202000,45.41,45.41,45.4,45.4,400,0
TCBK.US,5,20211104,202500,45.28,45.28,45.27,45.27,200,0
TCBK.US,5,20211104,203000,45.31,45.31,45.31,45.31,100,0
TCBK.US,5,20211104,203500,45.45,45.5,45.42,45.42,600,0
TCBK.US,5,20211104,204000,45.47,45.52,45.47,45.52,500,0
TCBK.US,5,20211104,204500,45.49,45.49,45.49,45.49,100,0
TCBK.US,5,20211104,205000,45.44,45.51,45.36,45.51,1300,0
TCBK.US,5,20211104,205500,45.52,45.73,45.52,45.63,10034,0
TCBK.US,5,20211105,143000,46.01,46.01,45.74,45.74,940,0
TCBK.US,5,20211105,150000,46.305,46.43,46.27,46.43,851,0
TCBK.US,5,20211105,150500,46.46,46.46,46.41,46.41,300,0
TCBK.US,5,20211105,151000,46.33,46.33,46.33,46.33,100,0
TCBK.US,5,20211105,151500,46.15,46.15,46.15,46.15,100,0
TCBK.US,5,20211105,152000,46.175,46.175,46.175,46.175,100,0
TCBK.US,5,20211105,152500,46.175,46.175,46.175,46.175,100,0
TCBK.US,5,20211105,153000,46.41,46.48,46.34,46.34,1100,0
TCBK.US,5,20211105,153500,46.54,46.55,46.54,46.55,200,0
TCBK.US,5,20211105,154000,46.55,46.82,46.55,46.82,950,0
TCBK.US,5,20211105,154500,46.67,46.67,46.66,46.66,200,0
TCBK.US,5,20211105,155000,46.82,46.89,46.62,46.62,800,0
TCBK.US,5,20211105,155500,46.805,46.805,46.54,46.54,2077,0
TCBK.US,5,20211105,160000,46.585,46.81,46.585,46.65,720,0
TCBK.US,5,20211105,160500,46.82,46.85,46.68,46.84,900,0
TCBK.US,5,20211105,161000,46.93,47.1,46.87,47.1,700,0
TCBK.US,5,20211105,161500,46.8,47.1,46.8,47.1,300,0
TCBK.US,5,20211105,162000,47.09,47.2,47.01,47.2,400,0
TCBK.US,5,20211105,162500,47.26,47.26,46.9366,46.9366,1100,0
TCBK.US,5,20211105,164000,46.53,46.53,46.53,46.53,100,0
TCBK.US,5,20211105,164500,46.75,46.91,46.75,46.91,600,0
TCBK.US,5,20211105,165000,46.89,46.89,46.89,46.89,200,0
TCBK.US,5,20211105,170000,46.68,46.82,46.68,46.8,300,0
TCBK.US,5,20211105,171000,46.69,46.74,46.69,46.73,800,0
TCBK.US,5,20211105,171500,46.69,46.69,46.69,46.69,100,0
TCBK.US,5,20211105,172000,46.75,46.75,46.75,46.75,100,0
TCBK.US,5,20211105,173000,46.75,46.75,46.75,46.75,300,0
TCBK.US,5,20211105,174500,46.75,46.75,46.75,46.75,200,0
TCBK.US,5,20211105,175000,46.8164,46.8164,46.8164,46.8164,201,0
TCBK.US,5,20211105,175500,46.86,46.86,46.86,46.86,300,0
TCBK.US,5,20211105,180500,46.485,46.485,46.485,46.485,100,0
TCBK.US,5,20211105,181000,46.68,46.69,46.68,46.69,300,0
TCBK.US,5,20211105,181500,46.73,46.73,46.58,46.58,200,0
TCBK.US,5,20211105,183000,46.61,46.64,46.61,46.64,300,0
TCBK.US,5,20211105,184000,46.63,46.63,46.55,46.55,400,0
TCBK.US,5,20211105,184500,46.475,46.475,46.475,46.475,100,0
TCBK.US,5,20211105,185000,46.59,46.59,46.59,46.59,100,0
TCBK.US,5,20211105,185500,46.62,46.62,46.53,46.53,400,0
TCBK.US,5,20211105,190500,46.55,46.64,46.52,46.64,600,0
TCBK.US,5,20211105,191000,46.67,46.67,46.67,46.67,100,0
TCBK.US,5,20211105,191500,46.66,46.66,46.615,46.65,600,0
TCBK.US,5,20211105,192000,46.58,46.58,46.47,46.47,800,0
TCBK.US,5,20211105,192500,46.49,46.57,46.49,46.49,300,0
TCBK.US,5,20211105,193000,46.54,46.54,46.54,46.54,100,0
TCBK.US,5,20211105,193500,46.39,46.5,46.39,46.42,500,0
TCBK.US,5,20211105,194000,46.41,46.41,46.41,46.41,100,0
TCBK.US,5,20211105,194500,46.51,46.51,46.4,46.49,400,0
TCBK.US,5,20211105,195500,46.43,46.43,46.43,46.43,100,0
TCBK.US,5,20211105,200000,46.435,46.435,46.415,46.415,200,0
TCBK.US,5,20211105,200500,46.56,46.56,46.56,46.56,100,0
TCBK.US,5,20211105,201000,46.67,46.67,46.56,46.56,200,0
TCBK.US,5,20211105,201500,46.56,46.7,46.56,46.7,300,0
TCBK.US,5,20211105,202000,46.54,46.6,46.52,46.6,600,0
TCBK.US,5,20211105,202500,46.605,46.605,46.605,46.605,100,0
TCBK.US,5,20211105,203000,46.67,46.67,46.45,46.45,500,0
TCBK.US,5,20211105,203500,46.6,46.63,46.6,46.62,800,0
TCBK.US,5,20211105,204000,46.67,46.67,46.56,46.64,800,0
TCBK.US,5,20211105,204500,46.5814,46.73,46.5814,46.73,1200,0
TCBK.US,5,20211105,205000,46.72,46.81,46.71,46.74,1100,0
TCBK.US,5,20211105,205500,46.84,46.84,46.67,46.67,17669,0
TCBK.US,5,20211108,153000,46.4,47,46.4,47,349,0
TCBK.US,5,20211108,154500,46.67,46.67,46.67,46.67,106,0
TCBK.US,5,20211108,160000,46.17,46.58,46.17,46.58,223,0
TCBK.US,5,20211108,160500,46.71,46.71,46.71,46.71,100,0
TCBK.US,5,20211108,161000,46.72,46.72,46.72,46.72,100,0
TCBK.US,5,20211108,161500,46.68,46.68,46.68,46.68,300,0
TCBK.US,5,20211108,165500,46.84,46.84,46.84,46.84,100,0
TCBK.US,5,20211108,170500,46.96,46.96,46.96,46.96,100,0
TCBK.US,5,20211108,171500,46.92,46.92,46.92,46.92,100,0
TCBK.US,5,20211108,172000,46.92,46.92,46.84,46.84,296,0
TCBK.US,5,20211108,172500,47.0366,47.0366,47.0366,47.0366,190,0
TCBK.US,5,20211108,173500,47.01,47.01,47.01,47.01,100,0
TCBK.US,5,20211108,174000,47,47,47,47,100,0
TCBK.US,5,20211108,182000,47.1783,47.1783,47.1783,47.1783,124,0
TCBK.US,5,20211108,184000,46.95,46.96,46.95,46.96,200,0
TCBK.US,5,20211108,191000,46.88,46.88,46.88,46.88,100,0
TCBK.US,5,20211108,191500,46.8,46.85,46.8,46.85,200,0
TCBK.US,5,20211108,193000,46.95,46.95,46.95,46.95,100,0
TCBK.US,5,20211108,201000,46.83,46.83,46.83,46.83,100,0
TCBK.US,5,20211108,201500,46.745,46.76,46.745,46.75,300,0
TCBK.US,5,20211108,204000,46.58,46.58,46.41,46.43,600,0
TCBK.US,5,20211108,204500,46.71,46.71,46.71,46.71,100,0
TCBK.US,5,20211108,210000,46.7,46.7,46.7,46.7,200,0
TCBK.US,5,20211108,212000,47.06,47.06,46.855,46.89,400,0
TCBK.US,5,20211108,212500,46.855,46.855,46.81,46.84,600,0
TCBK.US,5,20211108,213000,46.92,46.92,46.92,46.92,100,0
TCBK.US,5,20211108,214000,46.83,46.83,46.79,46.79,200,0
TCBK.US,5,20211108,214500,46.8,46.95,46.8,46.93,400,0
TCBK.US,5,20211108,215000,46.895,47.09,46.895,47.09,1200,0
TCBK.US,5,20211108,215500,47.08,47.08,46.81,47.04,10936,0
TCBK.US,5,20211109,153000,46.81,46.81,46.61,46.61,901,0
TCBK.US,5,20211109,153500,46.6,46.6,46.6,46.6,300,0
TCBK.US,5,20211109,154000,47.12,47.12,46.61,46.68,1300,0
TCBK.US,5,20211109,154500,46.39,46.39,46.39,46.39,100,0
TCBK.US,5,20211109,155000,46.6,46.6,46.6,46.6,101,0
TCBK.US,5,20211109,160000,46.6,46.6,46.2901,46.475,1476,0
TCBK.US,5,20211109,160500,46.4,46.45,46.37,46.38,800,0
TCBK.US,5,20211109,161000,46.31,46.31,46.31,46.31,199,0
TCBK.US,5,20211109,161500,46.4,46.4,46.39,46.39,200,0
TCBK.US,5,20211109,162500,46.56,46.56,46.56,46.56,100,0
TCBK.US,5,20211109,170500,46.48,46.48,46.48,46.48,100,0
TCBK.US,5,20211109,171500,46.29,46.29,46.29,46.29,100,0
TCBK.US,5,20211109,173000,46.38,46.38,46.38,46.38,100,0
TCBK.US,5,20211109,174000,46.46,46.48,46.38,46.48,323,0
TCBK.US,5,20211109,174500,46.41,46.41,46.41,46.41,116,0
TCBK.US,5,20211109,175000,46.56,46.58,46.56,46.58,200,0
TCBK.US,5,20211109,175500,46.55,46.55,46.55,46.55,100,0
TCBK.US,5,20211109,180000,46.55,46.55,46.48,46.48,200,0
TCBK.US,5,20211109,181000,46.555,46.555,46.555,46.555,100,0
TCBK.US,5,20211109,182000,46.545,46.545,46.545,46.545,100,0
TCBK.US,5,20211109,182500,46.47,46.47,46.47,46.47,100,0
TCBK.US,5,20211109,184000,46.54,46.62,46.54,46.555,2100,0
TCBK.US,5,20211109,185000,46.56,46.56,46.555,46.555,395,0
TCBK.US,5,20211109,190000,46.585,46.62,46.585,46.62,2800,0
TCBK.US,5,20211109,190500,46.64,46.71,46.64,46.71,500,0
TCBK.US,5,20211109,191000,46.68,46.68,46.59,46.6,700,0
TCBK.US,5,20211109,191500,46.655,46.655,46.655,46.655,102,0
TCBK.US,5,20211109,192000,46.62,46.62,46.62,46.62,100,0
TCBK.US,5,20211109,193500,46.53,46.53,46.53,46.53,100,0
TCBK.US,5,20211109,195000,46.57,46.57,46.57,46.57,100,0
TCBK.US,5,20211109,195500,46.62,46.62,46.62,46.62,200,0
TCBK.US,5,20211109,200500,46.52,46.52,46.52,46.52,100,0
TCBK.US,5,20211109,201000,46.52,46.545,46.52,46.545,253,0
TCBK.US,5,20211109,202000,46.535,46.54,46.535,46.54,300,0
TCBK.US,5,20211109,202500,46.5,46.5,46.5,46.5,100,0
TCBK.US,5,20211109,203000,46.53,46.6,46.53,46.53,1710,0
TCBK.US,5,20211109,204000,46.57,46.585,46.57,46.585,200,0
TCBK.US,5,20211109,205000,46.62,46.62,46.62,46.62,100,0
TCBK.US,5,20211109,205500,46.66,46.77,46.66,46.73,600,0
TCBK.US,5,20211109,210500,46.735,46.735,46.71,46.72,300,0
TCBK.US,5,20211109,211500,46.67,46.725,46.67,46.725,200,0
TCBK.US,5,20211109,212000,46.67,46.82,46.67,46.82,400,0
TCBK.US,5,20211109,212500,46.74,46.74,46.74,46.74,100,0
TCBK.US,5,20211109,213000,46.71,46.71,46.71,46.71,100,0
TCBK.US,5,20211109,213500,46.675,46.675,46.675,46.675,100,0
TCBK.US,5,20211109,214000,46.725,46.77,46.7,46.77,2307,0
TCBK.US,5,20211109,214500,46.78,46.78,46.71,46.71,600,0
TCBK.US,5,20211109,215000,46.61,46.655,46.61,46.61,500,0
TCBK.US,5,20211109,215500,46.67,46.82,46.58,46.81,12370,0
TCBK.US,5,20211110,153000,46.9,46.92,46.52,46.92,1239,0
TCBK.US,5,20211110,153500,47.06,47.095,47.06,47.095,300,0
TCBK.US,5,20211110,154500,47.47,47.47,47.38,47.38,246,0
TCBK.US,5,20211110,155500,47.38,47.38,47.38,47.38,400,0
TCBK.US,5,20211110,160000,46.95,46.95,46.95,46.95,100,0
TCBK.US,5,20211110,161000,47.02,47.02,47,47,200,0
TCBK.US,5,20211110,163500,47.03,47.08,47.01,47.08,538,0
TCBK.US,5,20211110,164000,47.135,47.135,47.135,47.135,300,0
TCBK.US,5,20211110,165000,46.99,46.99,46.99,46.99,100,0
TCBK.US,5,20211110,165500,47.055,47.055,47.055,47.055,200,0
TCBK.US,5,20211110,170000,47.055,47.055,47.03,47.03,207,0
TCBK.US,5,20211110,172000,46.99,46.99,46.99,46.99,100,0
TCBK.US,5,20211110,173000,47.05,47.05,47.03,47.03,200,0
TCBK.US,5,20211110,175000,46.99,46.99,46.99,46.99,100,0
TCBK.US,5,20211110,175500,46.97,46.97,46.97,46.97,100,0
TCBK.US,5,20211110,191500,46.91,46.91,46.91,46.91,100,0
TCBK.US,5,20211110,192500,47.01,47.01,47.01,47.01,100,0
TCBK.US,5,20211110,193500,47.07,47.07,47.07,47.07,200,0
TCBK.US,5,20211110,194000,46.94,46.94,46.94,46.94,100,0
TCBK.US,5,20211110,195000,46.95,46.95,46.95,46.95,200,0
TCBK.US,5,20211110,200000,46.86,46.96,46.84,46.84,412,0
TCBK.US,5,20211110,200500,46.9,46.9,46.9,46.9,200,0
TCBK.US,5,20211110,201500,46.905,46.98,46.905,46.945,1635,0
TCBK.US,5,20211110,202000,46.88,46.97,46.87,46.9,900,0
TCBK.US,5,20211110,202500,46.9,46.9,46.9,46.9,200,0
TCBK.US,5,20211110,203500,46.9,46.93,46.9,46.93,212,0
TCBK.US,5,20211110,204000,47.01,47.01,46.69,46.69,6573,0
TCBK.US,5,20211110,204500,46.72,46.72,46.72,46.72,100,0
TCBK.US,5,20211110,205000,46.79,46.92,46.79,46.875,4500,0
TCBK.US,5,20211110,205500,46.87,46.87,46.865,46.865,200,0
TCBK.US,5,20211110,210000,46.855,46.925,46.82,46.92,1176,0
TCBK.US,5,20211110,210500,46.95,46.95,46.95,46.95,200,0
TCBK.US,5,20211110,211500,47.005,47.005,46.93,46.95,300,0
TCBK.US,5,20211110,212000,47.01,47.05,46.96,47.05,700,0
TCBK.US,5,20211110,212500,47.045,47.045,47.045,47.045,100,0
TCBK.US,5,20211110,213000,47.05,47.05,46.98,46.98,200,0
TCBK.US,5,20211110,213500,47.01,47.01,46.98,47.01,700,0
TCBK.US,5,20211110,214000,47.08,47.08,47.03,47.03,400,0
TCBK.US,5,20211110,214500,47.02,47.05,46.99,46.995,400,0
TCBK.US,5,20211110,215000,47.04,47.04,46.975,47.01,834,0
TCBK.US,5,20211110,215500,47.1,47.1,46.87,46.87,14253,0
TCBK.US,5,20211111,153000,47.14,47.14,47.14,47.14,731,0
TCBK.US,5,20211111,155000,47.235,47.235,47.235,47.235,100,0
TCBK.US,5,20211111,161000,47.18,47.18,47.18,47.18,200,0
TCBK.US,5,20211111,164500,47.05,47.05,47.05,47.05,100,0
TCBK.US,5,20211111,165500,47.06,47.06,47.05,47.05,200,0
TCBK.US,5,20211111,173500,47.145,47.21,47.145,47.21,400,0
TCBK.US,5,20211111,174500,47.1,47.1,47.1,47.1,200,0
TCBK.US,5,20211111,180500,47.14,47.15,47.14,47.15,553,0
TCBK.US,5,20211111,182500,47.26,47.26,47.26,47.26,100,0
TCBK.US,5,20211111,183000,47.18,47.18,47.18,47.18,200,0
TCBK.US,5,20211111,183500,47.29,47.35,47.29,47.35,400,0
TCBK.US,5,20211111,184500,47.35,47.35,47.32,47.32,300,0
TCBK.US,5,20211111,185000,47.35,47.35,47.35,47.35,100,0
TCBK.US,5,20211111,185500,47.34,47.34,47.34,47.34,200,0
TCBK.US,5,20211111,190500,47.29,47.29,47.29,47.29,200,0
TCBK.US,5,20211111,191000,47.25,47.28,47.25,47.28,300,0
TCBK.US,5,20211111,192500,47.34,47.34,47.2975,47.31,400,0
TCBK.US,5,20211111,193500,47.25,47.25,47.25,47.25,100,0
TCBK.US,5,20211111,194000,47.26,47.28,47.26,47.28,200,0
TCBK.US,5,20211111,194500,47.26,47.26,47.26,47.26,200,0
TCBK.US,5,20211111,200000,47.25,47.25,47.25,47.25,100,0
TCBK.US,5,20211111,201000,47.18,47.18,47.18,47.18,100,0
TCBK.US,5,20211111,202000,47.19,47.23,47.19,47.23,400,0
TCBK.US,5,20211111,203000,47.26,47.26,47.26,47.26,100,0
TCBK.US,5,20211111,203500,47.27,47.28,47.16,47.16,1300,0
TCBK.US,5,20211111,204000,47.16,47.16,47.16,47.16,200,0
TCBK.US,5,20211111,204500,47.15,47.16,47.13,47.13,400,0
TCBK.US,5,20211111,210000,47.19,47.19,47.19,47.19,200,0
TCBK.US,5,20211111,210500,47.25,47.25,47.25,47.25,100,0
TCBK.US,5,20211111,211500,47.18,47.18,47.18,47.18,300,0
TCBK.US,5,20211111,212000,47.18,47.18,47.18,47.18,100,0
TCBK.US,5,20211111,212500,47.0901,47.17,47.0901,47.17,604,0
TCBK.US,5,20211111,213000,47.155,47.155,47.155,47.155,100,0
TCBK.US,5,20211111,213500,47.17,47.17,47.15,47.16,900,0
TCBK.US,5,20211111,214000,47.24,47.25,47.2,47.2,500,0
TCBK.US,5,20211111,214500,47.26,47.3,47.22,47.3,1400,0
TCBK.US,5,20211111,215000,47.28,47.28,47.13,47.13,1200,0
TCBK.US,5,20211111,215500,47.23,47.28,47.14,47.18,13347,0
TCBK.US,5,20211112,153000,46.81,46.97,44.98,46.94,850,0
TCBK.US,5,20211112,154500,46.905,46.905,46.895,46.895,200,0
TCBK.US,5,20211112,155000,46.985,47.04,46.985,47.04,500,0
TCBK.US,5,20211112,160000,46.77,46.77,46.68,46.68,200,0
TCBK.US,5,20211112,161000,46.445,46.445,46.445,46.445,100,0
TCBK.US,5,20211112,163000,46.23,46.23,46.23,46.23,100,0
TCBK.US,5,20211112,163500,46.26,46.26,46.26,46.26,200,0
TCBK.US,5,20211112,171000,46.215,46.215,46.09,46.09,4700,0
TCBK.US,5,20211112,171500,46.305,46.305,46.305,46.305,4500,0
TCBK.US,5,20211112,172000,46.32,46.32,46.32,46.32,400,0
TCBK.US,5,20211112,173500,46.4,46.4,46.4,46.4,200,0
TCBK.US,5,20211112,175000,46.4958,46.4958,46.4958,46.4958,105,0
TCBK.US,5,20211112,175500,46.33,46.33,46.33,46.33,100,0
TCBK.US,5,20211112,181500,46.42,46.42,46.33,46.33,200,0
TCBK.US,5,20211112,183000,46.408,46.408,46.408,46.408,281,0
TCBK.US,5,20211112,184000,46.32,46.32,46.32,46.32,100,0
TCBK.US,5,20211112,185000,46.3,46.3,46.3,46.3,100,0
TCBK.US,5,20211112,192000,46.28,46.28,46.28,46.28,142,0
TCBK.US,5,20211112,193000,46.09,46.09,46.09,46.09,100,0
TCBK.US,5,20211112,193500,46.23,46.23,46.16,46.16,200,0
TCBK.US,5,20211112,195000,46.1,46.1,46.1,46.1,100,0
TCBK.US,5,20211112,200500,46.14,46.2,46.14,46.15,600,0
TCBK.US,5,20211112,201000,46.23,46.23,46.23,46.23,200,0
TCBK.US,5,20211112,202000,46.28,46.28,46.28,46.28,100,0
TCBK.US,5,20211112,203000,46.28,46.32,46.28,46.32,300,0
TCBK.US,5,20211112,203500,46.32,46.47,46.32,46.47,900,0
TCBK.US,5,20211112,204000,46.5,46.5,46.5,46.5,100,0
TCBK.US,5,20211112,205000,46.51,46.51,46.5,46.5,300,0
TCBK.US,5,20211112,210000,46.49,46.49,46.49,46.49,300,0
TCBK.US,5,20211112,210500,46.355,46.41,46.355,46.41,800,0
TCBK.US,5,20211112,212000,46.48,46.49,46.48,46.49,200,0
TCBK.US,5,20211112,212500,46.51,46.51,46.51,46.51,100,0
TCBK.US,5,20211112,213000,46.515,46.57,46.515,46.53,1000,0
TCBK.US,5,20211112,213500,46.54,46.55,46.49,46.52,500,0
TCBK.US,5,20211112,214000,46.48,46.48,46.48,46.48,100,0
TCBK.US,5,20211112,214500,46.38,46.39,46.38,46.39,400,0
TCBK.US,5,20211112,215000,46.35,46.35,46.35,46.35,100,0
TCBK.US,5,20211112,215500,46.27,46.49,46.27,46.31,10773,0
TCBK.US,5,20211115,153000,46.6,46.6,46.6,46.6,672,0
TCBK.US,5,20211115,154000,46.37,46.37,46.37,46.37,400,0
TCBK.US,5,20211115,154500,46.61,46.61,46.35,46.35,200,0
TCBK.US,5,20211115,155000,46.21,46.21,46.21,46.21,100,0
TCBK.US,5,20211115,160500,46.51,46.76,46.51,46.76,359,0
TCBK.US,5,20211115,162500,46.72,46.72,46.7,46.7,300,0
TCBK.US,5,20211115,164500,46.82,46.82,46.82,46.82,100,0
TCBK.US,5,20211115,165000,46.52,46.52,46.52,46.52,100,0
TCBK.US,5,20211115,165500,46.63,46.63,46.63,46.63,300,0
TCBK.US,5,20211115,174500,46.435,46.47,46.435,46.47,300,0
TCBK.US,5,20211115,181000,46.4459,46.4459,46.4459,46.4459,163,0
TCBK.US,5,20211115,181500,46.44,46.44,46.44,46.44,100,0
TCBK.US,5,20211115,182000,46.56,46.56,46.56,46.56,1600,0
TCBK.US,5,20211115,183000,46.58,46.58,46.58,46.58,100,0
TCBK.US,5,20211115,184500,46.57,46.57,46.51,46.56,600,0
TCBK.US,5,20211115,185000,46.52,46.58,46.52,46.58,300,0
TCBK.US,5,20211115,190000,46.6,46.61,46.6,46.61,400,0
TCBK.US,5,20211115,191000,46.505,46.505,46.505,46.505,100,0
TCBK.US,5,20211115,191500,46.56,46.56,46.56,46.56,400,0
TCBK.US,5,20211115,193000,46.45,46.45,46.45,46.45,100,0
TCBK.US,5,20211115,194000,46.43,46.43,46.43,46.43,200,0
TCBK.US,5,20211115,195000,46.44,46.44,46.44,46.44,100,0
TCBK.US,5,20211115,200000,46.3621,46.3902,46.35,46.35,857,0
TCBK.US,5,20211115,201000,46.3247,46.3247,46.2722,46.2722,1306,0
TCBK.US,5,20211115,202000,46.38,46.38,46.38,46.38,400,0
TCBK.US,5,20211115,202500,46.37,46.37,46.33,46.33,800,0
TCBK.US,5,20211115,203500,46.4,46.4,46.4,46.4,100,0
TCBK.US,5,20211115,204500,46.43,46.43,46.43,46.43,100,0
TCBK.US,5,20211115,205000,46.42,46.425,46.42,46.425,200,0
TCBK.US,5,20211115,205500,46.42,46.44,46.42,46.44,200,0
TCBK.US,5,20211115,210500,46.44,46.44,46.44,46.44,100,0
TCBK.US,5,20211115,211000,46.42,46.42,46.42,46.42,200,0
TCBK.US,5,20211115,211500,46.45,46.45,46.45,46.45,100,0
TCBK.US,5,20211115,212000,46.41,46.41,46.4,46.4,300,0
TCBK.US,5,20211115,212500,46.42,46.42,46.4,46.4,200,0
TCBK.US,5,20211115,213000,46.37,46.38,46.34,46.34,400,0
TCBK.US,5,20211115,213500,46.26,46.385,46.25,46.31,900,0
TCBK.US,5,20211115,214000,46.3,46.3,46.3,46.3,100,0
TCBK.US,5,20211115,214500,46.25,46.26,46.22,46.235,900,0
TCBK.US,5,20211115,215000,46.19,46.27,46.16,46.25,800,0
TCBK.US,5,20211115,215500,46.27,46.37,46.2,46.33,13972,0
TCBK.US,5,20211116,153000,46.19,46.44,45.915,45.915,547,0
TCBK.US,5,20211116,154000,45.855,45.855,45.84,45.84,500,0
TCBK.US,5,20211116,154500,45.95,45.99,45.95,45.99,200,0
TCBK.US,5,20211116,155000,46.09,46.21,46.09,46.21,200,0
TCBK.US,5,20211116,155500,46.25,46.25,46.25,46.25,100,0
TCBK.US,5,20211116,160000,45.96,46,45.96,46,200,0
TCBK.US,5,20211116,160500,46.02,46.02,46.02,46.02,100,0
TCBK.US,5,20211116,161500,45.81,45.88,45.81,45.88,400,0
TCBK.US,5,20211116,163500,45.87,45.88,45.77,45.855,900,0
TCBK.US,5,20211116,164000,45.88,45.88,45.81,45.81,200,0
TCBK.US,5,20211116,165500,45.71,45.71,45.71,45.71,100,0
TCBK.US,5,20211116,170000,45.88,45.88,45.88,45.88,100,0
TCBK.US,5,20211116,171000,45.84,45.84,45.82,45.82,200,0
TCBK.US,5,20211116,171500,45.94,45.94,45.94,45.94,100,0
TCBK.US,5,20211116,172500,45.85,45.88,45.85,45.88,220,0
TCBK.US,5,20211116,173500,45.86,45.86,45.86,45.86,200,0
TCBK.US,5,20211116,180000,45.93,45.93,45.93,45.93,100,0
TCBK.US,5,20211116,181000,46,46.01,45.9571,45.9571,549,0
TCBK.US,5,20211116,181500,45.99,46,45.99,46,200,0
TCBK.US,5,20211116,182500,46.06,46.07,46.06,46.07,300,0
TCBK.US,5,20211116,183500,46.21,46.23,46.21,46.23,200,0
TCBK.US,5,20211116,184000,46.2585,46.2585,46.2585,46.2585,121,0
TCBK.US,5,20211116,185500,46.24,46.25,46.2,46.2,500,0
TCBK.US,5,20211116,192000,46.21,46.21,46.19,46.19,200,0
TCBK.US,5,20211116,193000,46.24,46.24,46.24,46.24,100,0
TCBK.US,5,20211116,194500,46.18,46.19,46.14,46.15,600,0
TCBK.US,5,20211116,200000,46.15,46.15,46.13,46.13,200,0
TCBK.US,5,20211116,200500,46.06,46.1,46.04,46.1,500,0
TCBK.US,5,20211116,201500,46.03,46.07,46.02,46.02,300,0
TCBK.US,5,20211116,202000,46.05,46.05,46.05,46.05,100,0
TCBK.US,5,20211116,202500,46.06,46.06,46.02,46.03,400,0
TCBK.US,5,20211116,203000,46.02,46.1,46.02,46.1,700,0
TCBK.US,5,20211116,203500,46.08,46.115,46.05,46.115,300,0
TCBK.US,5,20211116,204000,46.11,46.115,46.11,46.115,200,0
TCBK.US,5,20211116,204500,46.05,46.05,46.05,46.05,100,0
TCBK.US,5,20211116,205500,46.03,46.07,46.03,46.07,300,0
TCBK.US,5,20211116,210000,46.05,46.05,46.02,46.02,200,0
TCBK.US,5,20211116,211000,46.09,46.09,46.09,46.09,100,0
TCBK.US,5,20211116,211500,46.07,46.07,46.05,46.07,474,0
TCBK.US,5,20211116,212000,45.99,45.99,45.97,45.97,200,0
TCBK.US,5,20211116,212500,45.95,45.99,45.95,45.99,300,0
TCBK.US,5,20211116,213000,45.98,45.98,45.98,45.98,200,0
TCBK.US,5,20211116,213500,45.99,45.99,45.99,45.99,200,0
TCBK.US,5,20211116,214000,46,46.03,46,46.02,817,0
TCBK.US,5,20211116,214500,46.05,46.06,46.04,46.06,429,0
TCBK.US,5,20211116,215000,46.03,46.03,45.95,45.95,500,0
TCBK.US,5,20211116,215500,45.94,46.15,45.94,46.04,10018,0
TCBK.US,5,20211117,153000,45.74,45.74,45.74,45.74,485,0
TCBK.US,5,20211117,153500,45.28,45.28,45.275,45.275,200,0
TCBK.US,5,20211117,155000,45.5,45.5,45.5,45.5,100,0
TCBK.US,5,20211117,155500,45.275,45.275,45.275,45.275,100,0
TCBK.US,5,20211117,160000,45.12,45.12,45.115,45.115,200,0
TCBK.US,5,20211117,161000,45.1,45.1,45.1,45.1,100,0
TCBK.US,5,20211117,161500,45.16,45.17,45.16,45.17,400,0
TCBK.US,5,20211117,162500,45.18,45.28,45.18,45.28,300,0
TCBK.US,5,20211117,163000,45.2596,45.2596,45.25,45.25,251,0
TCBK.US,5,20211117,164000,45.255,45.26,45.25,45.25,760,0
TCBK.US,5,20211117,164500,45.37,45.37,45.37,45.37,100,0
TCBK.US,5,20211117,165000,45.33,45.33,45.26,45.26,400,0
TCBK.US,5,20211117,171000,45.16,45.16,45.16,45.16,100,0
TCBK.US,5,20211117,171500,45.15,45.15,45.08,45.13,600,0
TCBK.US,5,20211117,173500,45.08,45.08,45.07,45.07,300,0
TCBK.US,5,20211117,174500,45.08,45.09,45.08,45.09,200,0
TCBK.US,5,20211117,180500,45.075,45.075,45.06,45.06,200,0
TCBK.US,5,20211117,181000,45.1494,45.1494,45.1494,45.1494,179,0
TCBK.US,5,20211117,182000,45.26,45.26,45.26,45.26,100,0
TCBK.US,5,20211117,183000,45.19,45.19,45.19,45.19,100,0
TCBK.US,5,20211117,183500,45.193,45.193,45.193,45.193,200,0
TCBK.US,5,20211117,184500,45.3,45.37,45.3,45.35,1000,0
TCBK.US,5,20211117,185000,45.37,45.445,45.37,45.445,300,0
TCBK.US,5,20211117,185500,45.48,45.48,45.48,45.48,100,0
TCBK.US,5,20211117,190000,45.74,45.74,45.6899,45.6899,1000,0
TCBK.US,5,20211117,191000,45.555,45.555,45.545,45.545,275,0
TCBK.US,5,20211117,191500,45.54,45.54,45.54,45.54,200,0
TCBK.US,5,20211117,192000,45.525,45.63,45.51,45.63,867,0
TCBK.US,5,20211117,194000,45.51,45.51,45.5,45.5,781,0
TCBK.US,5,20211117,195500,45.305,45.315,45.305,45.315,200,0
TCBK.US,5,20211117,202000,45.32,45.33,45.2401,45.2401,1820,0
TCBK.US,5,20211117,203500,45.245,45.37,45.245,45.37,200,0
TCBK.US,5,20211117,204000,45.3,45.3,45.3,45.3,100,0
TCBK.US,5,20211117,204500,45.36,45.44,45.36,45.4,1000,0
TCBK.US,5,20211117,210000,45.46,45.46,45.46,45.46,500,0
TCBK.US,5,20211117,210500,45.36,45.54,45.36,45.54,500,0
TCBK.US,5,20211117,212000,45.435,45.435,45.435,45.435,100,0
TCBK.US,5,20211117,213000,45.435,45.445,45.435,45.445,200,0
TCBK.US,5,20211117,213500,45.6,45.645,45.54,45.645,1000,0
TCBK.US,5,20211117,214000,45.61,45.67,45.6,45.6,300,0
TCBK.US,5,20211117,214500,45.67,45.67,45.495,45.57,800,0
TCBK.US,5,20211117,215000,45.53,45.565,45.53,45.565,200,0
TCBK.US,5,20211117,215500,45.56,45.6,45.43,45.6,12973,0
TCBK.US,5,20211118,153000,45.5,45.5,45.5,45.5,1484,0
TCBK.US,5,20211118,154000,45.6,45.65,45.6,45.65,3691,0
TCBK.US,5,20211118,155000,45.4,45.47,45.4,45.41,400,0
TCBK.US,5,20211118,155500,45.29,45.29,45.29,45.29,100,0
TCBK.US,5,20211118,163500,45.21,45.21,45.18,45.18,200,0
TCBK.US,5,20211118,164000,45.26,45.415,45.26,45.415,540,0
TCBK.US,5,20211118,170500,45.39,45.43,45.39,45.43,400,0
TCBK.US,5,20211118,171000,45.36,45.37,45.36,45.37,200,0
TCBK.US,5,20211118,171500,45.42,45.42,45.42,45.42,100,0
TCBK.US,5,20211118,175500,45.34,45.34,45.34,45.34,100,0
TCBK.US,5,20211118,180500,45.25,45.25,45.25,45.25,100,0
TCBK.US,5,20211118,181000,45.24,45.24,45.21,45.21,200,0
TCBK.US,5,20211118,181500,45.285,45.285,45.285,45.285,100,0
TCBK.US,5,20211118,182500,45.405,45.405,45.405,45.405,100,0
TCBK.US,5,20211118,184500,45.27,45.27,45.27,45.27,100,0
TCBK.US,5,20211118,190000,45.42,45.5,45.42,45.46,400,0
TCBK.US,5,20211118,190500,45.47,45.47,45.47,45.47,100,0
TCBK.US,5,20211118,192000,45.5,45.59,45.5,45.5,400,0
TCBK.US,5,20211118,193500,45.495,45.495,45.495,45.495,100,0
TCBK.US,5,20211118,194500,45.57,45.59,45.57,45.59,500,0
TCBK.US,5,20211118,195000,45.69,45.69,45.44,45.45,600,0
TCBK.US,5,20211118,195500,45.46,45.46,45.46,45.46,100,0
TCBK.US,5,20211118,200500,45.575,45.575,45.575,45.575,200,0
TCBK.US,5,20211118,201500,45.5,45.5,45.5,45.5,100,0
TCBK.US,5,20211118,202000,45.49,45.49,45.42,45.435,300,0
TCBK.US,5,20211118,203000,45.35,45.35,45.3,45.3,300,0
TCBK.US,5,20211118,203500,45.37,45.43,45.37,45.43,700,0
TCBK.US,5,20211118,204000,45.44,45.48,45.43,45.48,400,0
TCBK.US,5,20211118,205000,45.48,45.48,45.48,45.48,100,0
TCBK.US,5,20211118,210500,45.515,45.515,45.515,45.515,100,0
TCBK.US,5,20211118,211500,45.46,45.585,45.46,45.57,400,0
TCBK.US,5,20211118,212000,45.455,45.455,45.455,45.455,100,0
TCBK.US,5,20211118,212500,45.59,45.59,45.59,45.59,100,0
TCBK.US,5,20211118,213000,45.52,45.53,45.52,45.53,200,0
TCBK.US,5,20211118,213500,45.56,45.56,45.49,45.49,400,0
TCBK.US,5,20211118,214000,45.545,45.545,45.41,45.475,1200,0
TCBK.US,5,20211118,214500,45.5,45.55,45.42,45.55,991,0
TCBK.US,5,20211118,215000,45.44,45.51,45.42,45.51,2111,0
TCBK.US,5,20211118,215500,45.52,45.57,45.38,45.42,26497,0
TCBK.US,5,20211119,153000,44.86,44.98,44.73,44.835,2667,0
TCBK.US,5,20211119,160500,44.59,44.59,44.25,44.25,500,0
TCBK.US,5,20211119,161500,44.44,44.44,44.44,44.44,100,0
TCBK.US,5,20211119,164000,44.69,44.69,44.69,44.69,100,0
TCBK.US,5,20211119,164500,44.72,44.72,44.72,44.72,100,0
TCBK.US,5,20211119,171000,44.78,44.78,44.78,44.78,100,0
TCBK.US,5,20211119,172500,44.65,44.655,44.65,44.655,367,0
TCBK.US,5,20211119,174500,44.78,44.78,44.78,44.78,100,0
TCBK.US,5,20211119,180500,44.75,44.75,44.68,44.68,318,0
TCBK.US,5,20211119,181000,44.79,44.79,44.79,44.79,200,0
TCBK.US,5,20211119,183500,44.9,44.91,44.9,44.91,200,0
TCBK.US,5,20211119,184500,44.98,44.98,44.98,44.98,500,0
TCBK.US,5,20211119,192500,44.97,44.97,44.95,44.95,800,0
TCBK.US,5,20211119,193000,44.93,44.93,44.93,44.93,100,0
TCBK.US,5,20211119,193500,44.85,44.85,44.85,44.85,120,0
TCBK.US,5,20211119,195500,44.82,44.82,44.75,44.75,200,0
TCBK.US,5,20211119,204500,44.77,44.78,44.76,44.76,300,0
TCBK.US,5,20211119,211500,44.74,44.74,44.74,44.74,100,0
TCBK.US,5,20211119,212000,44.705,44.705,44.64,44.64,200,0
TCBK.US,5,20211119,212500,44.76,44.76,44.76,44.76,199,0
TCBK.US,5,20211119,213000,44.7,44.7,44.69,44.69,599,0
TCBK.US,5,20211119,213500,44.71,44.71,44.71,44.71,100,0
TCBK.US,5,20211119,214500,44.7,44.7,44.64,44.64,600,0
TCBK.US,5,20211119,215000,44.63,44.66,44.56,44.66,400,0
TCBK.US,5,20211119,215500,44.59,44.76,44.58,44.74,11530,0
TCBK.US,5,20211122,153000,45.31,45.31,44.3504,44.3504,2646,0
TCBK.US,5,20211122,153500,44.91,45.27,44.91,45.27,200,0
TCBK.US,5,20211122,154000,45.31,45.31,45.31,45.31,100,0
TCBK.US,5,20211122,154500,45.16,45.16,45.16,45.16,200,0
TCBK.US,5,20211122,155000,45.33,45.41,45.33,45.35,500,0
TCBK.US,5,20211122,155500,45.34,45.34,45.34,45.34,200,0
TCBK.US,5,20211122,160000,45.3,45.48,45.27,45.48,300,0
TCBK.US,5,20211122,161000,45.68,45.76,45.68,45.76,200,0
TCBK.US,5,20211122,161500,45.76,45.76,45.46,45.46,821,0
TCBK.US,5,20211122,163000,45.54,45.72,45.54,45.72,300,0
TCBK.US,5,20211122,163500,45.82,45.83,45.82,45.82,500,0
TCBK.US,5,20211122,164500,45.825,45.825,45.72,45.8,1485,0
TCBK.US,5,20211122,165000,45.84,45.84,45.84,45.84,200,0
TCBK.US,5,20211122,170000,45.95,45.95,45.95,45.95,100,0
TCBK.US,5,20211122,171000,45.97,45.97,45.97,45.97,100,0
TCBK.US,5,20211122,172500,45.95,45.95,45.95,45.95,100,0
TCBK.US,5,20211122,173000,46.21,46.21,46.21,46.21,100,0
TCBK.US,5,20211122,173500,46.23,46.23,46.23,46.23,100,0
TCBK.US,5,20211122,174000,46.1,46.1,46.04,46.04,200,0
TCBK.US,5,20211122,174500,46.2931,46.2931,46.0664,46.0664,590,0
TCBK.US,5,20211122,175000,46.05,46.05,46.05,46.05,100,0
TCBK.US,5,20211122,175500,45.875,46.1,45.875,46.1,800,0
TCBK.US,5,20211122,180000,46.04,46.04,46.04,46.04,100,0
TCBK.US,5,20211122,182000,45.87,45.87,45.87,45.87,100,0
TCBK.US,5,20211122,182500,45.97,45.97,45.97,45.97,100,0
TCBK.US,5,20211122,184000,45.82,45.82,45.82,45.82,100,0
TCBK.US,5,20211122,184500,45.69,45.69,45.69,45.69,100,0
TCBK.US,5,20211122,185000,45.82,45.82,45.82,45.82,100,0
TCBK.US,5,20211122,185500,45.755,45.755,45.67,45.67,825,0
TCBK.US,5,20211122,191000,45.67,45.67,45.5,45.5,400,0
TCBK.US,5,20211122,194000,45.31,45.31,45.23,45.28,300,0
TCBK.US,5,20211122,194500,45.26,45.26,45.25,45.255,300,0
TCBK.US,5,20211122,195500,45.44,45.51,45.44,45.51,200,0
TCBK.US,5,20211122,200000,45.57,45.58,45.57,45.58,200,0
TCBK.US,5,20211122,200500,45.52,45.52,45.38,45.385,600,0
TCBK.US,5,20211122,202000,45.48,45.53,45.455,45.53,700,0
TCBK.US,5,20211122,203000,45.49,45.49,45.49,45.49,100,0
TCBK.US,5,20211122,203500,45.635,45.68,45.635,45.67,2600,0
TCBK.US,5,20211122,204000,45.8,45.8,45.65,45.66,400,0
TCBK.US,5,20211122,205000,45.74,45.74,45.74,45.74,100,0
TCBK.US,5,20211122,210000,45.58,45.7,45.54,45.625,1600,0
TCBK.US,5,20211122,210500,45.61,45.61,45.61,45.61,200,0
TCBK.US,5,20211122,211000,45.71,45.71,45.71,45.71,600,0
TCBK.US,5,20211122,211500,45.65,45.68,45.55,45.68,700,0
TCBK.US,5,20211122,213000,45.56,45.56,45.55,45.55,200,0
TCBK.US,5,20211122,213500,45.57,45.57,45.57,45.57,300,0
TCBK.US,5,20211122,214000,45.61,45.61,45.49,45.49,400,0
TCBK.US,5,20211122,215000,45.63,45.63,45.25,45.3,500,0
TCBK.US,5,20211122,215500,45.31,45.43,45.26,45.26,9907,0
TCBK.US,5,20211123,153000,45.61,45.61,45.61,45.61,463,0
TCBK.US,5,20211123,153500,45.565,45.75,45.565,45.715,300,0
TCBK.US,5,20211123,154000,45.665,45.74,45.55,45.74,900,0
TCBK.US,5,20211123,155000,45.69,45.69,45.61,45.61,300,0
TCBK.US,5,20211123,155500,45.6,45.705,45.58,45.705,300,0
TCBK.US,5,20211123,160000,45.615,45.615,45.615,45.615,100,0
TCBK.US,5,20211123,160500,45.67,45.67,45.67,45.67,100,0
TCBK.US,5,20211123,162000,45.9,45.9,45.9,45.9,100,0
TCBK.US,5,20211123,163500,45.7,45.78,45.68,45.78,500,0
TCBK.US,5,20211123,170500,45.73,45.75,45.73,45.74,400,0
TCBK.US,5,20211123,171000,45.77,45.77,45.61,45.61,200,0
TCBK.US,5,20211123,171500,45.61,45.61,45.61,45.61,100,0
TCBK.US,5,20211123,173000,45.37,45.37,45.37,45.37,100,0
TCBK.US,5,20211123,173500,45.53,45.53,45.53,45.53,200,0
TCBK.US,5,20211123,180000,45.51,45.51,45.51,45.51,100,0
TCBK.US,5,20211123,184500,45.71,45.72,45.71,45.72,400,0
TCBK.US,5,20211123,185000,45.72,45.72,45.72,45.72,100,0
TCBK.US,5,20211123,190500,45.64,45.74,45.64,45.74,1000,0
TCBK.US,5,20211123,191000,45.72,45.72,45.72,45.72,200,0
TCBK.US,5,20211123,193000,45.76,45.76,45.75,45.75,200,0
TCBK.US,5,20211123,194000,45.75,45.75,45.75,45.75,100,0
TCBK.US,5,20211123,200000,45.79,45.79,45.69,45.69,200,0
TCBK.US,5,20211123,200500,45.83,45.83,45.82,45.82,400,0
TCBK.US,5,20211123,202000,45.78,45.79,45.78,45.79,300,0
TCBK.US,5,20211123,203000,45.8,45.8,45.8,45.8,200,0
TCBK.US,5,20211123,204000,45.81,45.81,45.7,45.7,770,0
TCBK.US,5,20211123,210000,45.82,45.82,45.815,45.815,232,0
TCBK.US,5,20211123,210500,45.87,45.92,45.83,45.92,300,0
TCBK.US,5,20211123,211500,45.845,45.845,45.77,45.77,300,0
TCBK.US,5,20211123,212000,45.7,45.77,45.7,45.77,400,0
TCBK.US,5,20211123,212500,45.79,45.89,45.79,45.79,400,0
TCBK.US,5,20211123,213500,45.815,45.87,45.815,45.86,400,0
TCBK.US,5,20211123,214000,45.94,45.94,45.89,45.89,200,0
TCBK.US,5,20211123,214500,45.92,46.02,45.92,46.02,552,0
TCBK.US,5,20211123,215000,46.05,46.06,45.97,45.97,1000,0
TCBK.US,5,20211123,215500,45.96,46.04,45.89,45.89,16608,0
TCBK.US,5,20211124,153000,45.61,45.61,45.54,45.54,573,0
TCBK.US,5,20211124,153500,45.3775,45.77,45.3775,45.77,200,0
TCBK.US,5,20211124,154000,45.54,45.75,45.54,45.75,505,0
TCBK.US,5,20211124,155500,45.55,45.55,45.39,45.39,700,0
TCBK.US,5,20211124,160500,45.54,45.71,45.54,45.71,200,0
TCBK.US,5,20211124,161000,45.72,45.72,45.72,45.72,200,0
TCBK.US,5,20211124,162000,45.67,45.67,45.67,45.67,300,0
TCBK.US,5,20211124,162500,45.52,45.645,45.52,45.645,330,0
TCBK.US,5,20211124,164000,45.635,45.635,45.635,45.635,100,0
TCBK.US,5,20211124,165000,45.49,45.49,45.49,45.49,100,0
TCBK.US,5,20211124,165500,45.48,45.48,45.43,45.43,622,0
TCBK.US,5,20211124,170000,45.58,45.58,45.58,45.58,400,0
TCBK.US,5,20211124,171000,45.51,45.51,45.51,45.51,100,0
TCBK.US,5,20211124,172500,45.45,45.45,45.44,45.44,200,0
TCBK.US,5,20211124,174000,45.3,45.3,45.3,45.3,100,0
TCBK.US,5,20211124,174500,45.29,45.29,45.29,45.29,100,0
TCBK.US,5,20211124,175000,45.32,45.32,45.32,45.32,200,0
TCBK.US,5,20211124,181500,45.335,45.335,45.335,45.335,100,0
TCBK.US,5,20211124,182000,45.335,45.44,45.335,45.44,200,0
TCBK.US,5,20211124,183500,45.41,45.41,45.41,45.41,100,0
TCBK.US,5,20211124,185000,45.61,45.61,45.61,45.61,126,0
TCBK.US,5,20211124,190500,45.55,45.55,45.4,45.4,200,0
TCBK.US,5,20211124,191000,45.41,45.42,45.2201,45.295,2658,0
TCBK.US,5,20211124,192500,45.31,45.31,45.31,45.31,100,0
TCBK.US,5,20211124,193500,45.34,45.34,45.3,45.3,400,0
TCBK.US,5,20211124,194000,45.4,45.4,45.4,45.4,100,0
TCBK.US,5,20211124,194500,45.4,45.4,45.4,45.4,200,0
TCBK.US,5,20211124,195000,45.39,45.465,45.37,45.37,300,0
TCBK.US,5,20211124,195500,45.42,45.42,45.42,45.42,100,0
TCBK.US,5,20211124,201500,45.27,45.27,45.27,45.27,100,0
TCBK.US,5,20211124,202500,45.34,45.405,45.34,45.405,200,0
TCBK.US,5,20211124,203500,45.375,45.375,45.375,45.375,100,0
TCBK.US,5,20211124,204500,45.41,45.41,45.41,45.41,100,0
TCBK.US,5,20211124,205500,45.36,45.36,45.36,45.36,200,0
TCBK.US,5,20211124,210000,45.42,45.42,45.42,45.42,500,0
TCBK.US,5,20211124,211500,45.39,45.39,45.39,45.39,200,0
TCBK.US,5,20211124,212500,45.47,45.47,45.43,45.43,400,0
TCBK.US,5,20211124,213000,45.4,45.4,45.4,45.4,200,0
TCBK.US,5,20211124,213500,45.45,45.45,45.41,45.41,300,0
TCBK.US,5,20211124,214000,45.42,45.43,45.37,45.43,600,0
TCBK.US,5,20211124,214500,45.39,45.39,45.35,45.35,200,0
TCBK.US,5,20211124,215000,45.37,45.37,45.37,45.37,200,0
TCBK.US,5,20211124,215500,45.39,45.47,45.3,45.31,6737,0
TCBK.US,5,20211126,153000,44,44.475,43.86,44.07,1547,0
TCBK.US,5,20211126,153500,43.32,43.84,43.32,43.84,300,0
TCBK.US,5,20211126,154000,43.75,43.88,43.55,43.88,622,0
TCBK.US,5,20211126,154500,43.79,43.79,43.44,43.44,200,0
TCBK.US,5,20211126,155000,43.28,43.32,42.86,42.92,1492,0
TCBK.US,5,20211126,155500,42.55,42.55,42.49,42.49,200,0
TCBK.US,5,20211126,160000,42.48,42.66,42.44,42.62,800,0
TCBK.US,5,20211126,160500,42.63,42.63,42.62,42.62,300,0
TCBK.US,5,20211126,161000,42.52,42.6555,42.42,42.6555,900,0
TCBK.US,5,20211126,161500,42.35,42.35,42.14,42.27,1000,0
TCBK.US,5,20211126,162000,42.5,42.71,42.5,42.71,300,0
TCBK.US,5,20211126,162500,42.94,42.94,42.75,42.75,300,0
TCBK.US,5,20211126,163000,42.4,42.75,42.36,42.75,500,0
TCBK.US,5,20211126,164000,42.52,42.96,42.52,42.96,800,0
TCBK.US,5,20211126,165000,42.56,42.66,42.39,42.5,1500,0
TCBK.US,5,20211126,170000,42.35,42.35,42.22,42.22,600,0
TCBK.US,5,20211126,170500,42.48,42.48,42.3,42.3,300,0
TCBK.US,5,20211126,171000,42.3,42.3,42.05,42.05,800,0
TCBK.US,5,20211126,172000,42,42,41.82,41.95,300,0
TCBK.US,5,20211126,172500,42.01,42.01,41.78,41.78,300,0
TCBK.US,5,20211126,173000,41.83,42.08,41.76,42.08,600,0
TCBK.US,5,20211126,173500,41.92,42.11,41.92,42.08,400,0
TCBK.US,5,20211126,174000,42.41,42.41,42.39,42.39,300,0
TCBK.US,5,20211126,174500,42.27,42.27,42.2,42.2,300,0
TCBK.US,5,20211126,175000,42.2,42.2,42.03,42.03,1100,0
TCBK.US,5,20211126,175500,42.13,42.13,42.13,42.13,100,0
TCBK.US,5,20211126,180000,42.06,42.1605,42.06,42.1605,519,0
TCBK.US,5,20211126,180500,42.3,42.3,42.3,42.3,195,0
TCBK.US,5,20211126,181500,42.4,42.41,42.37,42.41,600,0
TCBK.US,5,20211126,182000,42.46,42.46,42.37,42.37,200,0
TCBK.US,5,20211126,182500,42.34,42.34,42.34,42.34,200,0
TCBK.US,5,20211126,183000,42.45,42.56,42.45,42.56,300,0
TCBK.US,5,20211126,183500,42.8,42.82,42.67,42.67,600,0
TCBK.US,5,20211126,184000,42.64,42.66,42.61,42.62,505,0
TCBK.US,5,20211126,185000,42.72,42.72,42.72,42.72,100,0
TCBK.US,5,20211126,185500,42.51,42.79,42.51,42.79,2545,0
TCBK.US,5,20211126,190000,42.81,42.82,42.6,42.6,17592,0
TCBK.US,5,20211129,153000,43.56,43.82,43.545,43.82,1672,0
TCBK.US,5,20211129,153500,43.12,43.12,43.015,43.015,700,0
TCBK.US,5,20211129,155000,42.99,42.99,42.905,42.905,270,0
TCBK.US,5,20211129,155500,42.83,42.84,42.71,42.83,2403,0
TCBK.US,5,20211129,160500,42.98,42.99,42.89,42.89,600,0
TCBK.US,5,20211129,162500,42.59,42.82,42.59,42.82,350,0
TCBK.US,5,20211129,163000,42.75,42.75,42.61,42.62,400,0
TCBK.US,5,20211129,163500,42.46,42.52,42.425,42.52,1123,0
TCBK.US,5,20211129,164000,42.59,42.59,42.52,42.52,300,0
TCBK.US,5,20211129,165500,42.42,42.48,42.41,42.48,810,0
TCBK.US,5,20211129,170000,42.53,42.53,42.53,42.53,100,0
TCBK.US,5,20211129,170500,42.7,42.7,42.7,42.7,100,0
TCBK.US,5,20211129,171500,42.53,42.53,42.53,42.53,100,0
TCBK.US,5,20211129,172500,42.53,42.53,42.38,42.38,200,0
TCBK.US,5,20211129,173500,42.55,42.55,42.55,42.55,100,0
TCBK.US,5,20211129,175000,42.76,42.76,42.76,42.76,100,0
TCBK.US,5,20211129,180000,42.78,42.78,42.78,42.78,200,0
TCBK.US,5,20211129,180500,42.82,42.82,42.79,42.79,600,0
TCBK.US,5,20211129,181500,42.91,42.91,42.91,42.91,200,0
TCBK.US,5,20211129,182000,42.93,42.995,42.93,42.995,200,0
TCBK.US,5,20211129,182500,43,43.1,43,43.1,400,0
TCBK.US,5,20211129,183500,43.08,43.09,43.03,43.09,1400,0
TCBK.US,5,20211129,184500,43.215,43.215,43.215,43.215,100,0
TCBK.US,5,20211129,190000,43.33,43.33,43.33,43.33,100,0
TCBK.US,5,20211129,190500,43.245,43.32,43.245,43.32,300,0
TCBK.US,5,20211129,191500,43.295,43.34,43.295,43.34,200,0
TCBK.US,5,20211129,192000,43.32,43.32,43.32,43.32,100,0
TCBK.US,5,20211129,192500,43.275,43.31,43.19,43.26,900,0
TCBK.US,5,20211129,193000,43.19,43.295,43.19,43.295,653,0
TCBK.US,5,20211129,193500,43.22,43.28,43.17,43.23,1100,0
TCBK.US,5,20211129,194000,43.22,43.22,43.21,43.21,200,0
TCBK.US,5,20211129,194500,43.13,43.13,43.13,43.13,100,0
TCBK.US,5,20211129,195000,43.12,43.12,43.12,43.12,100,0
TCBK.US,5,20211129,195500,43.11,43.11,43.11,43.11,142,0
TCBK.US,5,20211129,200000,43.105,43.17,43.105,43.17,400,0
TCBK.US,5,20211129,200500,43.15,43.15,43.15,43.15,100,0
TCBK.US,5,20211129,201500,43.15,43.17,43.12,43.15,900,0
TCBK.US,5,20211129,202000,43.16,43.16,43.1,43.14,1300,0
TCBK.US,5,20211129,203000,43.2,43.2,43.2,43.2,200,0
TCBK.US,5,20211129,203500,43.16,43.18,43.13,43.18,1003,0
TCBK.US,5,20211129,204000,43.21,43.25,43.21,43.25,300,0
TCBK.US,5,20211129,204500,43.24,43.245,43.24,43.245,220,0
TCBK.US,5,20211129,205000,43.175,43.175,43.175,43.175,100,0
TCBK.US,5,20211129,205500,43.1595,43.1595,43.1595,43.1595,200,0
TCBK.US,5,20211129,210000,43.25,43.29,43.25,43.255,500,0
TCBK.US,5,20211129,210500,43.255,43.255,43.21,43.24,400,0
TCBK.US,5,20211129,211000,43.2,43.2,43.2,43.2,200,0
TCBK.US,5,20211129,211500,43.25,43.25,43.155,43.155,400,0
TCBK.US,5,20211129,212000,43.07,43.15,43.07,43.1,500,0
TCBK.US,5,20211129,212500,43.07,43.15,43.02,43.02,1200,0
TCBK.US,5,20211129,213000,43.015,43.015,42.91,42.97,500,0
TCBK.US,5,20211129,213500,42.97,43.06,42.97,43.02,400,0
TCBK.US,5,20211129,214000,42.93,42.97,42.91,42.92,1928,0
TCBK.US,5,20211129,214500,42.94,42.94,42.83,42.91,1900,0
TCBK.US,5,20211129,215000,42.6,42.94,42.6,42.94,1500,0
TCBK.US,5,20211129,215500,42.99,43.04,42.9,42.9,14413,0
TCBK.US,5,20211130,153000,42.27,42.27,42.27,42.27,600,0
TCBK.US,5,20211130,153500,42.64,42.64,42.43,42.43,1700,0
TCBK.US,5,20211130,154000,42.59,42.59,42.45,42.45,500,0
TCBK.US,5,20211130,154500,42.16,42.25,42.15,42.25,300,0
TCBK.US,5,20211130,155000,42.32,42.32,42.32,42.32,100,0
TCBK.US,5,20211130,160000,42.325,42.325,42.325,42.325,100,0
TCBK.US,5,20211130,162000,42.35,42.35,42.35,42.35,100,0
TCBK.US,5,20211130,163000,42.355,42.355,42.355,42.355,100,0
TCBK.US,5,20211130,163500,42.42,42.62,42.42,42.62,373,0
TCBK.US,5,20211130,164000,42.61,42.645,42.55,42.64,769,0
TCBK.US,5,20211130,165000,42.56,42.65,42.55,42.58,415,0
TCBK.US,5,20211130,165500,42.58,42.64,42.57,42.64,300,0
TCBK.US,5,20211130,170000,42.48,42.49,42.41,42.48,1400,0
TCBK.US,5,20211130,170500,42.35,42.52,42.35,42.52,300,0
TCBK.US,5,20211130,171000,42.39,42.57,42.39,42.535,800,0
TCBK.US,5,20211130,171500,42.615,42.69,42.58,42.69,500,0
TCBK.US,5,20211130,172000,42.705,42.715,42.63,42.705,700,0
TCBK.US,5,20211130,172500,42.59,42.625,42.5,42.51,462,0
TCBK.US,5,20211130,173000,42.605,42.65,42.605,42.65,400,0
TCBK.US,5,20211130,173500,42.54,42.545,42.43,42.485,700,0
TCBK.US,5,20211130,174000,42.51,42.51,42.51,42.51,100,0
TCBK.US,5,20211130,174500,42.41,42.41,42.35,42.35,200,0
TCBK.US,5,20211130,175000,42.325,42.325,42.32,42.32,200,0
TCBK.US,5,20211130,175500,42.28,42.38,42.25,42.33,700,0
TCBK.US,5,20211130,180000,42.37,42.37,42.35,42.35,208,0
TCBK.US,5,20211130,181000,42.45,42.45,42.45,42.45,100,0
TCBK.US,5,20211130,182000,42.48,42.525,42.48,42.51,300,0
TCBK.US,5,20211130,182500,42.48,42.54,42.46,42.54,1100,0
TCBK.US,5,20211130,183000,42.47,42.49,42.47,42.47,400,0
TCBK.US,5,20211130,183500,42.48,42.48,42.475,42.475,200,0
TCBK.US,5,20211130,184000,42.47,42.52,42.465,42.52,500,0
TCBK.US,5,20211130,184500,42.465,42.465,42.465,42.465,100,0
TCBK.US,5,20211130,185000,42.44,42.44,42.44,42.44,100,0
TCBK.US,5,20211130,185500,42.46,42.485,42.43,42.475,400,0
TCBK.US,5,20211130,190000,42.43,42.44,42.41,42.41,500,0
TCBK.US,5,20211130,190500,42.375,42.375,42.375,42.375,200,0
TCBK.US,5,20211130,191000,42.365,42.37,42.215,42.22,700,0
TCBK.US,5,20211130,191500,42.34,42.34,42.34,42.34,200,0
TCBK.US,5,20211130,192500,42.25,42.25,42.24,42.24,200,0
TCBK.US,5,20211130,194000,42.34,42.35,42.34,42.35,400,0
TCBK.US,5,20211130,195000,42.43,42.43,42.38,42.38,400,0
TCBK.US,5,20211130,201000,42.43,42.43,42.43,42.43,100,0
TCBK.US,5,20211130,201500,42.43,42.43,42.41,42.41,600,0
TCBK.US,5,20211130,202000,42.44,42.44,42.44,42.44,400,0
TCBK.US,5,20211130,203000,42.39,42.39,42.39,42.39,100,0
TCBK.US,5,20211130,205000,42.32,42.32,42.17,42.17,200,0
TCBK.US,5,20211130,210000,42.36,42.36,42.36,42.36,300,0
TCBK.US,5,20211130,210500,42.4,42.4,42.4,42.4,100,0
TCBK.US,5,20211130,212000,42.45,42.46,42.41,42.41,1100,0
TCBK.US,5,20211130,212500,42.41,42.41,42.41,42.41,100,0
TCBK.US,5,20211130,213500,42.44,42.44,42.44,42.44,100,0
TCBK.US,5,20211130,214000,42.56,42.57,42.56,42.57,400,0
TCBK.US,5,20211130,214500,42.63,42.67,42.55,42.55,900,0
TCBK.US,5,20211130,215000,42.55,42.55,41.62,41.87,5139,0
TCBK.US,5,20211130,215500,41.87,42.25,41.87,42.16,29654,0
TCBK.US,5,20211201,153000,43.17,43.17,43.17,43.17,580,0
TCBK.US,5,20211201,153500,42.45,42.45,42.45,42.45,100,0
TCBK.US,5,20211201,155500,43.41,43.46,43.41,43.46,200,0
TCBK.US,5,20211201,160000,43.39,43.69,43.39,43.64,1100,0
TCBK.US,5,20211201,160500,43.72,43.72,43.4825,43.4825,200,0
TCBK.US,5,20211201,161000,43.7,43.7025,43.7,43.7025,200,0
TCBK.US,5,20211201,162500,43.83,43.83,43.65,43.65,500,0
TCBK.US,5,20211201,163000,43.73,43.75,43.685,43.685,600,0
TCBK.US,5,20211201,163500,43.8975,43.8975,43.8975,43.8975,325,0
TCBK.US,5,20211201,164000,43.62,43.62,43.62,43.62,100,0
TCBK.US,5,20211201,164500,43.71,43.725,43.64,43.69,700,0
TCBK.US,5,20211201,165500,43.56,43.6,43.56,43.6,200,0
TCBK.US,5,20211201,170000,43.595,43.65,43.595,43.65,206,0
TCBK.US,5,20211201,170500,43.7,43.7,43.7,43.7,176,0
TCBK.US,5,20211201,172000,43.84,43.84,43.79,43.79,200,0
TCBK.US,5,20211201,173000,43.85,43.85,43.85,43.85,100,0
TCBK.US,5,20211201,173500,43.87,43.87,43.87,43.87,200,0
TCBK.US,5,20211201,174000,43.81,43.81,43.73,43.73,200,0
TCBK.US,5,20211201,174500,43.74,43.8,43.7,43.7,453,0
TCBK.US,5,20211201,175000,43.695,43.695,43.62,43.62,1056,0
TCBK.US,5,20211201,180000,43.54,43.54,43.54,43.54,100,0
TCBK.US,5,20211201,181500,43.68,43.78,43.68,43.78,300,0
TCBK.US,5,20211201,182000,43.785,43.785,43.785,43.785,100,0
TCBK.US,5,20211201,182500,43.67,43.67,43.67,43.67,100,0
TCBK.US,5,20211201,183500,43.55,43.55,43.55,43.55,100,0
TCBK.US,5,20211201,184500,43.555,43.63,43.555,43.63,200,0
TCBK.US,5,20211201,185000,43.645,43.645,43.53,43.605,300,0
TCBK.US,5,20211201,185500,43.49,43.49,43.48,43.48,200,0
TCBK.US,5,20211201,190500,43.33,43.33,43.33,43.33,100,0
TCBK.US,5,20211201,191500,43.33,43.33,43.33,43.33,100,0
TCBK.US,5,20211201,192000,43.125,43.125,43.12,43.12,300,0
TCBK.US,5,20211201,193000,43.16,43.33,43.155,43.33,400,0
TCBK.US,5,20211201,194000,43.27,43.27,43.11,43.11,300,0
TCBK.US,5,20211201,195000,42.73,43.02,42.73,42.82,1100,0
TCBK.US,5,20211201,195500,42.54,42.84,42.54,42.84,500,0
TCBK.US,5,20211201,200500,43.03,43.03,42.925,42.93,400,0
TCBK.US,5,20211201,201000,42.77,42.85,42.77,42.85,300,0
TCBK.US,5,20211201,201500,42.69,42.69,42.66,42.66,300,0
TCBK.US,5,20211201,202000,42.885,43,42.76,42.995,600,0
TCBK.US,5,20211201,202500,42.98,42.98,42.98,42.98,100,0
TCBK.US,5,20211201,203000,43.02,43.02,43.02,43.02,200,0
TCBK.US,5,20211201,203500,43.155,43.155,43.02,43.02,400,0
TCBK.US,5,20211201,204000,42.93,42.95,42.835,42.91,1060,0
TCBK.US,5,20211201,205000,42.865,42.865,42.865,42.865,190,0
TCBK.US,5,20211201,210000,42.77,42.77,42.7375,42.7375,340,0
TCBK.US,5,20211201,210500,42.685,42.78,42.66,42.66,509,0
TCBK.US,5,20211201,211000,42.68,42.7,42.68,42.7,200,0
TCBK.US,5,20211201,211500,42.595,42.595,42.595,42.595,200,0
TCBK.US,5,20211201,212000,42.55,42.64,42.55,42.64,200,0
TCBK.US,5,20211201,212500,42.615,42.72,42.615,42.72,400,0
TCBK.US,5,20211201,213500,42.595,42.595,42.595,42.595,200,0
TCBK.US,5,20211201,214000,42.62,42.62,42.62,42.62,100,0
TCBK.US,5,20211201,214500,42.59,42.675,42.58,42.675,1000,0
TCBK.US,5,20211201,215000,42.425,42.55,42.41,42.55,500,0
TCBK.US,5,20211201,215500,42.53,42.53,42.17,42.17,18391,0
TCBK.US,5,20211202,153000,42.73,42.74,42.73,42.74,1051,0
TCBK.US,5,20211202,153500,42.22,42.52,42.22,42.265,500,0
TCBK.US,5,20211202,154000,42.53,42.53,42.53,42.53,100,0
TCBK.US,5,20211202,154500,42.53,42.53,42.53,42.53,100,0
TCBK.US,5,20211202,155000,42.59,42.86,42.59,42.86,600,0
TCBK.US,5,20211202,155500,42.88,42.88,42.88,42.88,100,0
TCBK.US,5,20211202,160500,42.88,42.919,42.67,42.805,700,0
TCBK.US,5,20211202,161000,42.95,43.11,42.95,43.045,900,0
TCBK.US,5,20211202,163000,43.26,43.26,43.19,43.19,400,0
TCBK.US,5,20211202,163500,42.99,42.99,42.99,42.99,100,0
TCBK.US,5,20211202,164000,42.985,42.985,42.985,42.985,100,0
TCBK.US,5,20211202,164500,42.765,43.05,42.765,43.05,200,0
TCBK.US,5,20211202,165500,43.175,43.175,43.17,43.17,200,0
TCBK.US,5,20211202,170000,43.16,43.215,43.16,43.215,227,0
TCBK.US,5,20211202,170500,43.13,43.13,43.13,43.13,100,0
TCBK.US,5,20211202,171000,43.26,43.27,43.26,43.27,200,0
TCBK.US,5,20211202,171500,43.16,43.27,43.12,43.27,300,0
TCBK.US,5,20211202,173000,43.23,43.23,43.17,43.17,300,0
TCBK.US,5,20211202,174000,43.35,43.41,43.35,43.35,333,0
TCBK.US,5,20211202,175500,43.45,43.46,43.45,43.46,200,0
TCBK.US,5,20211202,181000,43.52,43.58,43.52,43.58,200,0
TCBK.US,5,20211202,182000,43.49,43.49,43.49,43.49,300,0
TCBK.US,5,20211202,182500,43.43,43.465,43.43,43.465,279,0
TCBK.US,5,20211202,183000,43.445,43.46,43.445,43.46,200,0
TCBK.US,5,20211202,183500,43.54,43.635,43.54,43.635,300,0
TCBK.US,5,20211202,184000,43.575,43.575,43.575,43.575,100,0
TCBK.US,5,20211202,185000,43.51,43.51,43.51,43.51,100,0
TCBK.US,5,20211202,190000,43.29,43.29,43.29,43.29,100,0
TCBK.US,5,20211202,190500,43.43,43.43,43.43,43.43,100,0
TCBK.US,5,20211202,192000,43.3634,43.3634,43.33,43.33,200,0
TCBK.US,5,20211202,192500,43.43,43.43,43.31,43.31,400,0
TCBK.US,5,20211202,193000,43.5,43.5,43.5,43.5,100,0
TCBK.US,5,20211202,193500,43.48,43.48,43.48,43.48,100,0
TCBK.US,5,20211202,194000,43.56,43.565,43.56,43.56,400,0
TCBK.US,5,20211202,195000,43.62,43.62,43.62,43.62,100,0
TCBK.US,5,20211202,195500,43.71,43.71,43.68,43.7,300,0
TCBK.US,5,20211202,200000,43.64,43.64,43.64,43.64,100,0
TCBK.US,5,20211202,201000,43.655,43.655,43.65,43.65,300,0
TCBK.US,5,20211202,201500,43.63,43.63,43.63,43.63,100,0
TCBK.US,5,20211202,202000,43.76,43.76,43.76,43.76,100,0
TCBK.US,5,20211202,202500,43.77,43.77,43.77,43.77,100,0
TCBK.US,5,20211202,203500,43.74,43.74,43.74,43.74,300,0
TCBK.US,5,20211202,204000,43.6,43.6,43.59,43.59,200,0
TCBK.US,5,20211202,205000,43.53,43.53,43.53,43.53,100,0
TCBK.US,5,20211202,205500,43.68,43.68,43.59,43.59,400,0
TCBK.US,5,20211202,210000,43.575,43.575,43.37,43.37,200,0
TCBK.US,5,20211202,210500,43.59,43.59,43.52,43.52,200,0
TCBK.US,5,20211202,211000,43.44,43.54,43.44,43.475,500,0
TCBK.US,5,20211202,212000,43.455,43.55,43.45,43.55,400,0
TCBK.US,5,20211202,212500,43.55,43.5625,43.5,43.5625,300,0
TCBK.US,5,20211202,213000,43.59,43.59,43.58,43.58,400,0
TCBK.US,5,20211202,214000,43.6299,43.6299,43.48,43.48,974,0
TCBK.US,5,20211202,214500,43.515,43.515,43.4038,43.4038,400,0
TCBK.US,5,20211202,215000,43.48,43.55,43.48,43.51,600,0
TCBK.US,5,20211202,215500,43.42,43.44,43.33,43.43,1100,0
TCBK.US,5,20211203,153000,43.61,43.61,43.31,43.31,511,0
TCBK.US,5,20211203,153500,43.16,43.16,43.16,43.16,100,0
TCBK.US,5,20211203,160500,43.37,43.41,43.25,43.25,500,0
TCBK.US,5,20211203,161000,43.22,43.22,43.22,43.22,200,0
TCBK.US,5,20211203,161500,43.22,43.22,43.21,43.22,400,0
TCBK.US,5,20211203,162000,43.3,43.32,43.3,43.32,200,0
TCBK.US,5,20211203,163000,43.36,43.36,43.36,43.36,100,0
TCBK.US,5,20211203,163500,43.23,43.23,43.23,43.23,100,0
TCBK.US,5,20211203,164000,43.19,43.19,43.19,43.19,100,0
TCBK.US,5,20211203,165500,43.06,43.06,42.97,43.06,2020,0
TCBK.US,5,20211203,170500,42.99,43.04,42.99,43.04,300,0
TCBK.US,5,20211203,171000,43.08,43.09,43.08,43.09,200,0
TCBK.US,5,20211203,171500,43.01,43.01,43.01,43.01,100,0
TCBK.US,5,20211203,172000,43.03,43.03,43.03,43.03,100,0
TCBK.US,5,20211203,172500,43.11,43.11,43.08,43.08,200,0
TCBK.US,5,20211203,173000,43.1,43.1,43.1,43.1,100,0
TCBK.US,5,20211203,173500,43.115,43.115,43.115,43.115,100,0
TCBK.US,5,20211203,174000,43.04,43.04,43.04,43.04,100,0
TCBK.US,5,20211203,175000,43.13,43.13,43.13,43.13,100,0
TCBK.US,5,20211203,175500,43.11,43.115,43.09,43.115,500,0
TCBK.US,5,20211203,181000,43.21,43.23,43.1428,43.23,900,0
TCBK.US,5,20211203,183000,43.17,43.21,43.17,43.21,200,0
TCBK.US,5,20211203,183500,43.28,43.28,43.28,43.28,100,0
TCBK.US,5,20211203,190500,43.14,43.14,43.14,43.14,100,0
TCBK.US,5,20211203,191000,43.14,43.14,43.14,43.14,100,0
TCBK.US,5,20211203,191500,43.15,43.15,43.15,43.15,100,0
TCBK.US,5,20211203,192000,43.16,43.16,43.16,43.16,100,0
TCBK.US,5,20211203,192500,43.095,43.095,43.095,43.095,100,0
TCBK.US,5,20211203,193500,42.93,42.93,42.93,42.93,100,0
TCBK.US,5,20211203,194500,42.92,42.92,42.92,42.92,100,0
TCBK.US,5,20211203,200500,43.03,43.03,43.03,43.03,100,0
TCBK.US,5,20211203,202000,42.85,42.85,42.85,42.85,100,0
TCBK.US,5,20211203,202500,42.94,42.95,42.94,42.95,200,0
TCBK.US,5,20211203,203500,42.76,42.76,42.7,42.74,300,0
TCBK.US,5,20211203,204000,42.85,42.85,42.85,42.85,100,0
TCBK.US,5,20211203,205000,42.64,42.79,42.64,42.75,400,0
TCBK.US,5,20211203,210000,42.78,42.78,42.78,42.78,100,0
TCBK.US,5,20211203,210500,42.82,42.91,42.82,42.9,500,0
TCBK.US,5,20211203,211000,42.86,42.86,42.86,42.86,100,0
TCBK.US,5,20211203,212000,42.98,42.98,42.94,42.94,500,0
TCBK.US,5,20211203,213000,43.07,43.12,43.07,43.12,700,0
TCBK.US,5,20211203,213500,43.02,43.04,43.02,43.04,300,0
TCBK.US,5,20211203,214000,42.84,42.84,42.84,42.84,100,0
TCBK.US,5,20211203,214500,42.72,42.72,42.63,42.63,200,0
TCBK.US,5,20211203,215000,42.5,42.84,42.5,42.78,1400,0
TCBK.US,5,20211203,215500,42.85,42.86,42.75,42.75,13838,0
TCBK.US,5,20211206,153000,43.34,43.34,43.34,43.34,835,0
TCBK.US,5,20211206,153500,43.52,43.52,43.52,43.52,100,0
TCBK.US,5,20211206,154000,42.885,43.74,42.885,43.74,441,0
TCBK.US,5,20211206,155000,43.87,43.87,43.87,43.87,100,0
TCBK.US,5,20211206,155500,43.7,43.83,43.7,43.83,600,0
TCBK.US,5,20211206,161000,43.99,43.99,43.99,43.99,100,0
TCBK.US,5,20211206,161500,43.9,43.9,43.9,43.9,100,0
TCBK.US,5,20211206,162500,43.81,43.81,43.81,43.81,100,0
TCBK.US,5,20211206,163000,43.88,43.88,43.88,43.88,100,0
TCBK.US,5,20211206,163500,43.86,43.95,43.86,43.95,200,0
TCBK.US,5,20211206,164500,43.81,43.92,43.81,43.915,300,0
TCBK.US,5,20211206,170000,43.93,43.93,43.93,43.93,100,0
TCBK.US,5,20211206,170500,43.93,43.93,43.92,43.92,516,0
TCBK.US,5,20211206,171000,43.78,43.78,43.78,43.78,100,0
TCBK.US,5,20211206,173500,43.59,43.59,43.59,43.59,100,0
TCBK.US,5,20211206,175500,43.4992,43.4992,43.4992,43.4992,200,0
TCBK.US,5,20211206,181000,43.63,43.66,43.54,43.66,400,0
TCBK.US,5,20211206,181500,43.66,43.66,43.66,43.66,100,0
TCBK.US,5,20211206,182000,43.73,43.73,43.72,43.72,300,0
TCBK.US,5,20211206,183000,43.73,43.73,43.73,43.73,200,0
TCBK.US,5,20211206,184500,43.545,43.545,43.545,43.545,100,0
TCBK.US,5,20211206,185500,43.58,43.58,43.54,43.56,731,0
TCBK.US,5,20211206,190000,43.56,43.56,43.56,43.56,100,0
TCBK.US,5,20211206,191000,43.64,43.71,43.64,43.71,200,0
TCBK.US,5,20211206,191500,43.675,43.675,43.675,43.675,100,0
TCBK.US,5,20211206,192000,43.67,43.72,43.67,43.72,200,0
TCBK.US,5,20211206,192500,43.74,43.81,43.74,43.76,500,0
TCBK.US,5,20211206,193000,43.81,43.85,43.81,43.85,200,0
TCBK.US,5,20211206,193500,43.91,43.91,43.87,43.87,300,0
TCBK.US,5,20211206,194000,43.92,43.98,43.92,43.98,200,0
TCBK.US,5,20211206,195000,44.179,44.179,44.179,44.179,100,0
TCBK.US,5,20211206,195500,44.14,44.16,44.14,44.16,300,0
TCBK.US,5,20211206,200000,44.14,44.14,44.14,44.14,200,0
TCBK.US,5,20211206,200500,44,44,44,44,100,0
TCBK.US,5,20211206,201000,44.05,44.05,44.05,44.05,100,0
TCBK.US,5,20211206,201500,43.89,43.89,43.89,43.89,200,0
TCBK.US,5,20211206,202500,43.805,43.805,43.805,43.805,100,0
TCBK.US,5,20211206,204000,43.8616,43.935,43.82,43.84,1512,0
TCBK.US,5,20211206,204500,43.9427,43.9427,43.85,43.85,567,0
TCBK.US,5,20211206,205500,43.795,43.795,43.795,43.795,100,0
TCBK.US,5,20211206,210000,43.86,43.92,43.86,43.92,700,0
TCBK.US,5,20211206,210500,43.93,43.97,43.93,43.97,200,0
TCBK.US,5,20211206,211500,43.94,43.94,43.94,43.94,100,0
TCBK.US,5,20211206,212000,43.88,43.88,43.79,43.79,300,0
TCBK.US,5,20211206,212500,43.732,43.732,43.732,43.732,100,0
TCBK.US,5,20211206,213000,43.76,43.77,43.69,43.69,500,0
TCBK.US,5,20211206,213500,43.6201,43.6201,43.6201,43.6201,120,0
TCBK.US,5,20211206,214000,43.77,43.81,43.69,43.78,910,0
TCBK.US,5,20211206,214500,43.86,43.86,43.68,43.68,1200,0
TCBK.US,5,20211206,215000,43.71,43.73,43.62,43.73,700,0
TCBK.US,5,20211206,215500,43.71,43.76,43.57,43.63,19306,0
TCBK.US,5,20211207,153000,43.48,43.93,43.48,43.93,1688,0
TCBK.US,5,20211207,154500,44.71,44.71,44.71,44.71,100,0
TCBK.US,5,20211207,160000,43.94,44.43,43.94,44.43,247,0
TCBK.US,5,20211207,160500,44.27,44.27,44.27,44.27,100,0
TCBK.US,5,20211207,163500,43.64,43.64,43.63,43.63,400,0
TCBK.US,5,20211207,164000,43.7,43.7,43.7,43.7,300,0
TCBK.US,5,20211207,165000,43.84,43.84,43.84,43.84,100,0
TCBK.US,5,20211207,170500,43.8,43.8,43.8,43.8,100,0
TCBK.US,5,20211207,171000,43.75,43.75,43.75,43.75,100,0
TCBK.US,5,20211207,174000,43.575,43.575,43.575,43.575,616,0
TCBK.US,5,20211207,174500,43.565,43.565,43.565,43.565,100,0
TCBK.US,5,20211207,175000,43.46,43.46,43.42,43.43,300,0
TCBK.US,5,20211207,181000,43.46,43.46,43.46,43.46,100,0
TCBK.US,5,20211207,181500,43.43,43.43,43.39,43.39,200,0
TCBK.US,5,20211207,182500,43.415,43.415,43.415,43.415,100,0
TCBK.US,5,20211207,184000,43.37,43.37,43.37,43.37,100,0
TCBK.US,5,20211207,184500,43.395,43.395,43.31,43.31,200,0
TCBK.US,5,20211207,185000,43.27,43.27,42.91,43.0301,10685,0
TCBK.US,5,20211207,185500,43.13,43.17,43.1,43.1,879,0
TCBK.US,5,20211207,190500,43.17,43.26,43.17,43.18,500,0
TCBK.US,5,20211207,191500,43.205,43.205,43.205,43.205,100,0
TCBK.US,5,20211207,194500,43.205,43.205,43.15,43.15,700,0
TCBK.US,5,20211207,195000,43.14,43.14,43.14,43.14,100,0
TCBK.US,5,20211207,195500,43.08,43.12,43.08,43.12,500,0
TCBK.US,5,20211207,201000,43.16,43.16,43.15,43.16,385,0
TCBK.US,5,20211207,201500,43.24,43.24,43.24,43.24,100,0
TCBK.US,5,20211207,202000,43.24,43.24,43.24,43.24,100,0
TCBK.US,5,20211207,202500,43.29,43.29,43.24,43.24,200,0
TCBK.US,5,20211207,205000,43.27,43.27,43.27,43.27,100,0
TCBK.US,5,20211207,210500,43.33,43.33,43.33,43.33,100,0
TCBK.US,5,20211207,211000,43.27,43.27,43.27,43.27,300,0
TCBK.US,5,20211207,211500,43.34,43.34,43.34,43.34,100,0
TCBK.US,5,20211207,212000,43.29,43.29,43.21,43.21,400,0
TCBK.US,5,20211207,212500,43.2,43.21,43.15,43.15,300,0
TCBK.US,5,20211207,213000,43.095,43.15,43.095,43.15,300,0
TCBK.US,5,20211207,213500,43.09,43.09,42.92,42.97,1100,0
TCBK.US,5,20211207,214500,42.98,42.98,42.97,42.97,200,0
TCBK.US,5,20211207,215000,42.89,42.97,42.8,42.97,1317,0
TCBK.US,5,20211207,215500,42.96,43.11,42.96,43.07,1564,0
TCBK.US,5,20211208,153000,43.25,43.25,43.25,43.25,154,0
TCBK.US,5,20211208,154000,43.53,43.53,43.53,43.53,100,0
TCBK.US,5,20211208,154500,43.08,43.08,43.005,43.005,200,0
TCBK.US,5,20211208,155000,43.16,43.2,43.055,43.2,300,0
TCBK.US,5,20211208,160000,42.88,42.88,42.88,42.88,100,0
TCBK.US,5,20211208,160500,42.965,42.965,42.965,42.965,182,0
TCBK.US,5,20211208,161000,43.095,43.095,42.76,43.08,735,0
TCBK.US,5,20211208,162000,42.78,42.78,42.78,42.78,200,0
TCBK.US,5,20211208,162500,42.77,42.77,42.675,42.675,300,0
TCBK.US,5,20211208,163000,42.79,42.79,42.79,42.79,100,0
TCBK.US,5,20211208,165000,42.725,42.75,42.725,42.75,200,0
TCBK.US,5,20211208,165500,42.58,42.58,42.58,42.58,500,0
TCBK.US,5,20211208,170000,42.6,42.6,42.6,42.6,100,0
TCBK.US,5,20211208,171000,42.68,42.68,42.68,42.68,100,0
TCBK.US,5,20211208,181500,42.71,42.71,42.71,42.71,500,0
TCBK.US,5,20211208,183500,42.61,42.61,42.61,42.61,100,0
TCBK.US,5,20211208,184000,42.6,42.6,42.6,42.6,100,0
TCBK.US,5,20211208,190500,42.66,42.66,42.6,42.6,200,0
TCBK.US,5,20211208,191000,42.57,42.59,42.55,42.59,1000,0
TCBK.US,5,20211208,191500,42.66,42.67,42.66,42.67,200,0
TCBK.US,5,20211208,194500,42.65,42.65,42.65,42.65,300,0
TCBK.US,5,20211208,195500,42.6247,42.6247,42.6247,42.6247,106,0
TCBK.US,5,20211208,201000,42.675,42.675,42.67,42.67,200,0
TCBK.US,5,20211208,201500,42.69,42.69,42.69,42.69,100,0
TCBK.US,5,20211208,203500,42.73,42.82,42.73,42.82,600,0
TCBK.US,5,20211208,204000,42.69,42.69,42.69,42.69,100,0
TCBK.US,5,20211208,204500,42.7158,42.7158,42.7158,42.7158,110,0
TCBK.US,5,20211208,210500,42.81,42.81,42.51,42.64,3800,0
TCBK.US,5,20211208,211000,42.68,42.77,42.665,42.77,600,0
TCBK.US,5,20211208,212500,42.91,42.91,42.91,42.91,100,0
TCBK.US,5,20211208,213000,42.84,42.84,42.84,42.84,220,0
TCBK.US,5,20211208,213500,42.79,42.83,42.79,42.83,1000,0
TCBK.US,5,20211208,214500,42.93,42.93,42.87,42.87,800,0
TCBK.US,5,20211208,215000,42.88,42.91,42.86,42.9,400,0
TCBK.US,5,20211208,215500,42.92,42.99,42.89,42.99,6765,0
TCBK.US,5,20211209,153000,42.66,42.99,42.66,42.99,579,0
TCBK.US,5,20211209,155500,42.44,42.44,42.44,42.44,200,0
TCBK.US,5,20211209,160500,42.4182,42.4182,42.38,42.38,202,0
TCBK.US,5,20211209,161000,42.44,42.44,42.44,42.44,100,0
TCBK.US,5,20211209,161500,42.47,42.49,42.47,42.49,213,0
TCBK.US,5,20211209,164000,42.47,42.47,42.47,42.47,200,0
TCBK.US,5,20211209,165000,42.36,42.36,42.36,42.36,100,0
TCBK.US,5,20211209,174000,42.3,42.3,42.21,42.21,200,0
TCBK.US,5,20211209,174500,42.19,42.26,42.15,42.26,688,0
TCBK.US,5,20211209,175500,42.24,42.25,42.2,42.2,400,0
TCBK.US,5,20211209,181000,42.31,42.38,42.31,42.38,300,0
TCBK.US,5,20211209,183500,42.39,42.39,42.39,42.39,100,0
TCBK.US,5,20211209,184000,42.39,42.39,42.39,42.39,100,0
TCBK.US,5,20211209,190500,42.43,42.43,42.43,42.43,100,0
TCBK.US,5,20211209,192000,42.4,42.4,42.39,42.4,600,0
TCBK.US,5,20211209,193000,42.49,42.54,42.49,42.54,200,0
TCBK.US,5,20211209,200000,42.45,42.45,42.45,42.45,100,0
TCBK.US,5,20211209,201500,42.38,42.38,42.38,42.38,396,0
TCBK.US,5,20211209,202000,42.3,42.3,42.3,42.3,100,0
TCBK.US,5,20211209,202500,42.26,42.26,42.26,42.26,100,0
TCBK.US,5,20211209,203500,42.21,42.21,42.19,42.19,200,0
TCBK.US,5,20211209,204000,42.28,42.28,42.23,42.23,300,0
TCBK.US,5,20211209,205500,42.3,42.3,42.3,42.3,200,0
TCBK.US,5,20211209,210500,42.29,42.29,42.29,42.29,115,0
TCBK.US,5,20211209,211500,42.32,42.32,42.32,42.32,100,0
TCBK.US,5,20211209,212000,42.32,42.32,42.32,42.32,200,0
TCBK.US,5,20211209,212500,42.28,42.29,42.28,42.29,400,0
TCBK.US,5,20211209,213500,42.27,42.27,42.27,42.27,100,0
TCBK.US,5,20211209,214000,42.29,42.325,42.29,42.325,600,0
TCBK.US,5,20211209,214500,42.31,42.31,42.31,42.31,300,0
TCBK.US,5,20211209,215000,42.3,42.3,42.23,42.23,500,0
TCBK.US,5,20211209,215500,42.25,42.33,42.18,42.33,13163,0
TCBK.US,5,20211210,153000,42.63,42.63,42.4,42.4,401,0
TCBK.US,5,20211210,153500,42.38,42.38,42.23,42.23,300,0
TCBK.US,5,20211210,155000,42.27,42.31,42.16,42.16,1008,0
TCBK.US,5,20211210,160000,41.92,41.92,41.92,41.92,100,0
TCBK.US,5,20211210,160500,41.92,41.92,41.92,41.92,100,0
TCBK.US,5,20211210,161000,41.91,41.95,41.91,41.95,200,0
TCBK.US,5,20211210,161500,41.97,41.97,41.97,41.97,100,0
TCBK.US,5,20211210,162000,42.01,42.01,42.01,42.01,100,0
TCBK.US,5,20211210,163000,42.1,42.1,42.1,42.1,100,0
TCBK.US,5,20211210,163500,42.1,42.1,42.1,42.1,100,0
TCBK.US,5,20211210,165000,42.1,42.1,42.1,42.1,100,0
TCBK.US,5,20211210,170500,42.015,42.015,41.94,41.94,200,0
TCBK.US,5,20211210,171000,41.92,41.92,41.92,41.92,200,0
TCBK.US,5,20211210,171500,41.86,41.9,41.83,41.83,400,0
TCBK.US,5,20211210,172500,41.81,41.81,41.81,41.81,100,0
TCBK.US,5,20211210,173000,41.81,41.81,41.79,41.79,300,0
TCBK.US,5,20211210,174000,41.98,42.0587,41.98,42.0587,220,0
TCBK.US,5,20211210,174500,41.94,41.94,41.94,41.94,100,0
TCBK.US,5,20211210,175500,42.07,42.09,42.07,42.09,400,0
TCBK.US,5,20211210,182000,42.02,42.02,42.02,42.02,100,0
TCBK.US,5,20211210,182500,42.06,42.06,42.06,42.06,100,0
TCBK.US,5,20211210,183500,42.1,42.1,41.95,41.95,400,0
TCBK.US,5,20211210,184000,41.945,41.945,41.945,41.945,100,0
TCBK.US,5,20211210,184500,42,42,42,42,100,0
TCBK.US,5,20211210,185000,41.9,41.9,41.9,41.9,200,0
TCBK.US,5,20211210,185500,41.94,41.94,41.92,41.92,200,0
TCBK.US,5,20211210,191500,42.035,42.035,42.035,42.035,100,0
TCBK.US,5,20211210,193000,42.12,42.12,42.12,42.12,100,0
TCBK.US,5,20211210,193500,42.195,42.195,42.195,42.195,100,0
TCBK.US,5,20211210,194000,42.2,42.2,42.2,42.2,100,0
TCBK.US,5,20211210,200000,41.97,41.99,41.97,41.99,200,0
TCBK.US,5,20211210,201500,42.025,42.025,42.025,42.025,100,0
TCBK.US,5,20211210,202500,42.05,42.05,42.05,42.05,200,0
TCBK.US,5,20211210,203500,42.035,42.035,42.035,42.035,100,0
TCBK.US,5,20211210,204000,42.04,42.04,41.98,41.98,200,0
TCBK.US,5,20211210,205000,41.98,41.98,41.98,41.98,100,0
TCBK.US,5,20211210,205500,41.99,42.03,41.99,42.03,300,0
TCBK.US,5,20211210,210000,42.03,42.03,42.03,42.03,100,0
TCBK.US,5,20211210,210500,42.015,42.015,42.015,42.015,100,0
TCBK.US,5,20211210,211000,42.02,42.055,42.01,42.055,1000,0
TCBK.US,5,20211210,211500,42.04,42.04,42.04,42.04,292,0
TCBK.US,5,20211210,212000,42.055,42.055,42.055,42.055,200,0
TCBK.US,5,20211210,212500,42.055,42.11,42.03,42.11,1220,0
TCBK.US,5,20211210,213000,42.18,42.18,42.18,42.18,100,0
TCBK.US,5,20211210,213500,42.19,42.19,42.19,42.19,100,0
TCBK.US,5,20211210,214000,42.18,42.18,42.14,42.17,300,0
TCBK.US,5,20211210,214500,42.175,42.27,42.175,42.27,623,0
TCBK.US,5,20211210,215000,42.16,42.16,42.16,42.16,100,0
TCBK.US,5,20211210,215500,42.17,42.32,42.17,42.27,14040,0
TCBK.US,5,20211213,153000,42.24,42.36,42.24,42.36,1188,0
TCBK.US,5,20211213,154500,41.71,41.77,41.67,41.77,1100,0
TCBK.US,5,20211213,155000,41.68,41.74,41.56,41.73,900,0
TCBK.US,5,20211213,161000,41.73,41.92,41.685,41.92,508,0
TCBK.US,5,20211213,162500,41.72,41.72,41.69,41.69,300,0
TCBK.US,5,20211213,163000,41.69,41.79,41.69,41.79,600,0
TCBK.US,5,20211213,164500,41.78,41.78,41.78,41.78,100,0
TCBK.US,5,20211213,165500,41.77,41.795,41.77,41.795,200,0
TCBK.US,5,20211213,170000,41.76,41.76,41.76,41.76,100,0
TCBK.US,5,20211213,170500,41.73,41.73,41.67,41.67,500,0
TCBK.US,5,20211213,171000,41.71,41.71,41.68,41.68,200,0
TCBK.US,5,20211213,171500,41.68,41.73,41.68,41.72,700,0
TCBK.US,5,20211213,172000,41.745,41.745,41.745,41.745,100,0
TCBK.US,5,20211213,172500,41.8,41.8,41.8,41.8,100,0
TCBK.US,5,20211213,173000,41.76,41.76,41.76,41.76,100,0
TCBK.US,5,20211213,173500,41.84,42.04,41.84,42.04,687,0
TCBK.US,5,20211213,175000,41.89,41.89,41.89,41.89,100,0
TCBK.US,5,20211213,180000,41.97,41.97,41.97,41.97,100,0
TCBK.US,5,20211213,180500,42.1,42.1,42.1,42.1,100,0
TCBK.US,5,20211213,182000,42.11,42.18,42.11,42.18,200,0
TCBK.US,5,20211213,183500,42.09,42.09,42.09,42.09,300,0
TCBK.US,5,20211213,184000,42,42,42,42,100,0
TCBK.US,5,20211213,185000,42.11,42.11,42.04,42.04,300,0
TCBK.US,5,20211213,190000,41.97,41.97,41.97,41.97,100,0
TCBK.US,5,20211213,190500,42.07,42.07,42.04,42.04,200,0
TCBK.US,5,20211213,191500,42.03,42.03,42.025,42.025,200,0
TCBK.US,5,20211213,192000,42.03,42.03,42,42,200,0
TCBK.US,5,20211213,192500,42.1,42.1,42.1,42.1,100,0
TCBK.US,5,20211213,193000,42.02,42.08,42.01,42.01,700,0
TCBK.US,5,20211213,193500,42.04,42.04,42.01,42.01,200,0
TCBK.US,5,20211213,194000,42.05,42.19,42.03,42.19,624,0
TCBK.US,5,20211213,194500,42.16,42.16,42.16,42.16,100,0
TCBK.US,5,20211213,195000,42.07,42.07,41.99,42,496,0
TCBK.US,5,20211213,195500,42.01,42.01,42.01,42.01,100,0
TCBK.US,5,20211213,200000,42.025,42.06,42.02,42.02,300,0
TCBK.US,5,20211213,200500,42.01,42.01,42.01,42.01,100,0
TCBK.US,5,20211213,202000,42.11,42.11,42.11,42.11,100,0
TCBK.US,5,20211213,203000,42.12,42.14,41.95,42.14,2653,0
TCBK.US,5,20211213,204000,42.12,42.12,42.06,42.06,200,0
TCBK.US,5,20211213,205000,42.15,42.15,42.105,42.11,500,0
TCBK.US,5,20211213,205500,42.1,42.1,42.07,42.07,2200,0
TCBK.US,5,20211213,210000,42.135,42.135,42.135,42.135,100,0
TCBK.US,5,20211213,210500,42.17,42.18,42.17,42.18,200,0
TCBK.US,5,20211213,211000,42.18,42.18,42.155,42.16,500,0
TCBK.US,5,20211213,211500,42.23,42.24,42.22,42.22,300,0
TCBK.US,5,20211213,212500,42.17,42.17,42.135,42.135,400,0
TCBK.US,5,20211213,213000,42.17,42.21,42.16,42.21,400,0
TCBK.US,5,20211213,213500,42.16,42.195,42.16,42.195,200,0
TCBK.US,5,20211213,214000,42.185,42.21,42.185,42.21,200,0
TCBK.US,5,20211213,214500,42.22,42.22,42.14,42.14,900,0
TCBK.US,5,20211213,215000,42.06,42.09,41.89,41.89,2856,0
TCBK.US,5,20211213,215500,41.92,42.035,41.89,41.91,35839,0
TCBK.US,5,20211214,153000,41.98,42.355,41.98,42.35,1468,0
TCBK.US,5,20211214,153500,42.22,42.22,42.19,42.19,200,0
TCBK.US,5,20211214,154000,42.22,42.22,42.22,42.22,100,0
TCBK.US,5,20211214,154500,42.31,42.77,42.31,42.77,300,0
TCBK.US,5,20211214,155000,42.66,42.66,42.66,42.66,100,0
TCBK.US,5,20211214,155500,42.89,43,42.83,42.89,1300,0
TCBK.US,5,20211214,160000,42.8,42.8,42.8,42.8,100,0
TCBK.US,5,20211214,160500,42.91,42.91,42.91,42.91,100,0
TCBK.US,5,20211214,161000,42.88,42.88,42.815,42.815,300,0
TCBK.US,5,20211214,162000,42.71,42.71,42.71,42.71,100,0
TCBK.US,5,20211214,163000,42.76,42.76,42.76,42.76,100,0
TCBK.US,5,20211214,163500,42.725,42.725,42.725,42.725,100,0
TCBK.US,5,20211214,165000,42.65,42.65,42.65,42.65,200,0
TCBK.US,5,20211214,170500,42.77,42.77,42.76,42.76,700,0
TCBK.US,5,20211214,172000,42.77,42.77,42.77,42.77,100,0
TCBK.US,5,20211214,173000,42.71,42.71,42.71,42.71,100,0
TCBK.US,5,20211214,173500,42.7,42.7,42.685,42.7,363,0
TCBK.US,5,20211214,175000,42.7,42.8,42.68,42.8,1000,0
TCBK.US,5,20211214,175500,42.705,42.705,42.6658,42.6658,309,0
TCBK.US,5,20211214,180000,42.675,42.7,42.675,42.675,300,0
TCBK.US,5,20211214,180500,42.64,42.64,42.64,42.64,100,0
TCBK.US,5,20211214,181000,42.71,42.72,42.685,42.72,400,0
TCBK.US,5,20211214,181500,42.73,42.73,42.73,42.73,100,0
TCBK.US,5,20211214,182000,42.75,42.79,42.75,42.79,200,0
TCBK.US,5,20211214,182500,42.79,42.79,42.79,42.79,100,0
TCBK.US,5,20211214,184500,42.8,42.835,42.77,42.81,2800,0
TCBK.US,5,20211214,185000,42.7,42.73,42.69,42.73,1200,0
TCBK.US,5,20211214,185500,42.72,42.72,42.72,42.72,100,0
TCBK.US,5,20211214,192000,42.67,42.67,42.65,42.65,674,0
TCBK.US,5,20211214,193500,42.59,42.6,42.57,42.57,500,0
TCBK.US,5,20211214,195000,42.54,42.55,42.54,42.55,200,0
TCBK.US,5,20211214,195500,42.495,42.5,42.495,42.5,200,0
TCBK.US,5,20211214,200000,42.55,42.55,42.55,42.55,100,0
TCBK.US,5,20211214,200500,42.6,42.65,42.6,42.65,200,0
TCBK.US,5,20211214,201000,42.66,42.66,42.66,42.66,100,0
TCBK.US,5,20211214,202000,42.62,42.63,42.62,42.63,200,0
TCBK.US,5,20211214,202500,42.635,42.66,42.58,42.58,500,0
TCBK.US,5,20211214,203000,42.55,42.55,42.55,42.55,100,0
TCBK.US,5,20211214,204000,42.5,42.5,42.49,42.5,1081,0
TCBK.US,5,20211214,205000,42.52,42.52,42.52,42.52,122,0
TCBK.US,5,20211214,210000,42.57,42.57,42.57,42.57,200,0
TCBK.US,5,20211214,210500,42.41,42.41,42.41,42.41,100,0
TCBK.US,5,20211214,211000,42.445,42.445,42.445,42.445,100,0
TCBK.US,5,20211214,211500,42.52,42.55,42.52,42.55,400,0
TCBK.US,5,20211214,213000,42.5,42.5404,42.41,42.41,1075,0
TCBK.US,5,20211214,213500,42.45,42.46,42.45,42.46,200,0
TCBK.US,5,20211214,214000,42.495,42.495,42.46,42.46,200,0
TCBK.US,5,20211214,214500,42.45,42.49,42.43,42.465,1300,0
TCBK.US,5,20211214,215000,42.35,42.36,42.16,42.16,3246,0
TCBK.US,5,20211214,215500,42.19,42.36,42.12,42.26,38233,0
TCBK.US,5,20211215,153000,42.55,42.55,42.55,42.55,447,0
TCBK.US,5,20211215,153500,42.02,42.02,42.02,42.02,100,0
TCBK.US,5,20211215,154000,42.3,42.3,42.3,42.3,100,0
TCBK.US,5,20211215,154500,42.315,42.315,42.29,42.29,300,0
TCBK.US,5,20211215,160000,42.35,42.35,42.35,42.35,100,0
TCBK.US,5,20211215,161500,42.095,42.095,42.095,42.095,100,0
TCBK.US,5,20211215,163500,42.165,42.165,42.165,42.165,100,0
TCBK.US,5,20211215,164500,42.23,42.23,42.23,42.23,100,0
TCBK.US,5,20211215,165000,42.24,42.24,42.24,42.24,100,0
TCBK.US,5,20211215,165500,42.32,42.32,42.25,42.31,700,0
TCBK.US,5,20211215,170000,42.355,42.355,42.355,42.355,100,0
TCBK.US,5,20211215,171000,42.305,42.35,42.305,42.35,200,0
TCBK.US,5,20211215,172500,42.29,42.29,42.29,42.29,100,0
TCBK.US,5,20211215,173000,42.23,42.28,42.23,42.28,300,0
TCBK.US,5,20211215,174000,42.36,42.36,42.36,42.36,100,0
TCBK.US,5,20211215,174500,42.38,42.49,42.38,42.49,400,0
TCBK.US,5,20211215,175500,42.48,42.48,42.48,42.48,100,0
TCBK.US,5,20211215,185500,42.57,42.57,42.56,42.56,200,0
TCBK.US,5,20211215,190500,42.64,42.64,42.64,42.64,100,0
TCBK.US,5,20211215,192000,42.65,42.65,42.6,42.6,400,0
TCBK.US,5,20211215,192500,42.545,42.545,42.545,42.545,100,0
TCBK.US,5,20211215,194000,42.52,42.52,42.44,42.44,200,0
TCBK.US,5,20211215,195000,42.48,42.48,42.47,42.47,200,0
TCBK.US,5,20211215,195500,42.455,42.48,42.36,42.36,500,0
TCBK.US,5,20211215,200000,42.625,42.625,42.56,42.56,300,0
TCBK.US,5,20211215,200500,42.78,42.78,42.76,42.76,500,0
TCBK.US,5,20211215,201000,42.785,42.785,42.7,42.7,200,0
TCBK.US,5,20211215,201500,42.69,42.73,42.68,42.68,500,0
TCBK.US,5,20211215,202000,42.51,42.54,42.51,42.54,200,0
TCBK.US,5,20211215,202500,42.365,42.365,42.365,42.365,100,0
TCBK.US,5,20211215,203000,42.53,42.55,42.44,42.44,530,0
TCBK.US,5,20211215,203500,42.49,42.73,42.49,42.56,2600,0
TCBK.US,5,20211215,204000,42.57,42.595,42.52,42.595,600,0
TCBK.US,5,20211215,204500,42.57,42.59,42.57,42.59,200,0
TCBK.US,5,20211215,205000,42.48,42.64,42.48,42.495,400,0
TCBK.US,5,20211215,210000,42.38,42.55,42.38,42.55,200,0
TCBK.US,5,20211215,210500,42.61,42.64,42.5,42.64,3119,0
TCBK.US,5,20211215,211000,42.69,42.7,42.645,42.7,400,0
TCBK.US,5,20211215,211500,42.81,42.85,42.78,42.78,300,0
TCBK.US,5,20211215,212000,42.845,42.93,42.805,42.83,900,0
TCBK.US,5,20211215,212500,42.82,42.82,42.72,42.8,600,0
TCBK.US,5,20211215,213000,42.73,42.75,42.67,42.67,1022,0
TCBK.US,5,20211215,213500,42.66,42.66,42.59,42.59,300,0
TCBK.US,5,20211215,214000,42.63,42.725,42.6,42.61,2000,0
TCBK.US,5,20211215,214500,42.58,42.58,42.47,42.47,1300,0
TCBK.US,5,20211215,215000,42.395,42.47,42.35,42.37,2340,0
TCBK.US,5,20211215,215500,42.34,42.6,42.305,42.51,31850,0
TCBK.US,5,20211216,153000,42.59,43.02,42.59,43.02,1607,0
TCBK.US,5,20211216,154000,42.35,42.35,42.35,42.35,100,0
TCBK.US,5,20211216,154500,42.24,42.37,42.24,42.37,400,0
TCBK.US,5,20211216,155000,42.55,42.77,42.55,42.77,1000,0
TCBK.US,5,20211216,155500,42.62,42.66,42.62,42.66,520,0
TCBK.US,5,20211216,160000,42.63,42.63,42.63,42.63,100,0
TCBK.US,5,20211216,160500,42.48,42.48,42.48,42.48,200,0
TCBK.US,5,20211216,161500,42.5,42.5,42.5,42.5,100,0
TCBK.US,5,20211216,162000,42.71,42.71,42.61,42.61,300,0
TCBK.US,5,20211216,162500,42.81,42.96,42.81,42.91,2173,0
TCBK.US,5,20211216,164000,42.89,42.95,42.89,42.95,450,0
TCBK.US,5,20211216,164500,42.89,42.89,42.89,42.89,275,0
TCBK.US,5,20211216,165500,43,43,43,43,100,0
TCBK.US,5,20211216,170500,42.99,42.99,42.825,42.825,765,0
TCBK.US,5,20211216,171000,43.01,43.01,43.01,43.01,200,0
TCBK.US,5,20211216,172000,42.915,43.015,42.915,42.95,976,0
TCBK.US,5,20211216,172500,42.955,42.955,42.91,42.91,400,0
TCBK.US,5,20211216,173000,42.9,42.93,42.9,42.93,1000,0
TCBK.US,5,20211216,173500,42.99,42.99,42.99,42.99,100,0
TCBK.US,5,20211216,174000,42.99,42.99,42.98,42.98,577,0
TCBK.US,5,20211216,174500,42.92,42.92,42.89,42.89,400,0
TCBK.US,5,20211216,175500,42.85,42.85,42.85,42.85,100,0
TCBK.US,5,20211216,180500,42.8,42.89,42.8,42.89,700,0
TCBK.US,5,20211216,181000,43,43,43,43,100,0
TCBK.US,5,20211216,182500,42.9,43.02,42.9,43,600,0
TCBK.US,5,20211216,183000,43.035,43.035,43.035,43.035,105,0
TCBK.US,5,20211216,184000,42.81,42.81,42.79,42.8,400,0
TCBK.US,5,20211216,185000,42.77,42.77,42.77,42.77,100,0
TCBK.US,5,20211216,185500,42.68,42.68,42.68,42.68,200,0
TCBK.US,5,20211216,190000,42.6,42.6,42.6,42.6,300,0
TCBK.US,5,20211216,190500,42.56,42.56,42.47,42.5,319,0
TCBK.US,5,20211216,191000,42.54,42.58,42.54,42.57,400,0
TCBK.US,5,20211216,191500,42.655,42.655,42.655,42.655,100,0
TCBK.US,5,20211216,192000,42.505,42.505,42.505,42.505,100,0
TCBK.US,5,20211216,192500,42.55,42.55,42.55,42.55,250,0
TCBK.US,5,20211216,193000,42.48,42.48,42.48,42.48,100,0
TCBK.US,5,20211216,193500,42.48,42.48,42.3,42.43,1272,0
TCBK.US,5,20211216,194000,42.54,42.54,42.54,42.54,200,0
TCBK.US,5,20211216,195000,42.5,42.53,42.47,42.47,851,0
TCBK.US,5,20211216,200000,42.35,42.35,42.35,42.35,100,0
TCBK.US,5,20211216,200500,42.39,42.39,42.38,42.38,485,0
TCBK.US,5,20211216,201000,42.32,42.33,42.31,42.33,500,0
TCBK.US,5,20211216,202000,42.21,42.21,42.17,42.17,200,0
TCBK.US,5,20211216,202500,42.19,42.22,42.19,42.2,1800,0
TCBK.US,5,20211216,203000,42.2,42.2,42.13,42.14,400,0
TCBK.US,5,20211216,203500,42.16,42.19,42.16,42.19,300,0
TCBK.US,5,20211216,204000,42.18,42.18,42.1,42.1,801,0
TCBK.US,5,20211216,204500,42.08,42.08,42.08,42.08,100,0
TCBK.US,5,20211216,205000,42.02,42.09,42.01,42.01,850,0
TCBK.US,5,20211216,210000,42.15,42.17,42.1,42.11,800,0
TCBK.US,5,20211216,211000,42.1,42.18,42.085,42.15,1500,0
TCBK.US,5,20211216,211500,42.19,42.23,42.19,42.19,600,0
TCBK.US,5,20211216,212000,42.23,42.23,42.23,42.23,100,0
TCBK.US,5,20211216,212500,42.345,42.42,42.345,42.36,872,0
TCBK.US,5,20211216,213000,42.45,42.45,42.2,42.23,1000,0
TCBK.US,5,20211216,213500,42.22,42.24,42.14,42.19,1000,0
TCBK.US,5,20211216,214000,42.24,42.285,42.23,42.285,600,0
TCBK.US,5,20211216,214500,42.245,42.25,42.12,42.21,1400,0
TCBK.US,5,20211216,215000,42.2,42.46,42.2,42.34,800,0
TCBK.US,5,20211216,215500,42.385,42.39,42.16,42.32,19069,0
TCBK.US,5,20211217,153000,42.23,42.44,42.23,42.44,22111,0
TCBK.US,5,20211217,155500,41.08,41.25,41.08,41.25,1100,0
TCBK.US,5,20211217,160000,41.22,41.22,41.22,41.22,100,0
TCBK.US,5,20211217,160500,41.17,41.17,41.11,41.11,250,0
TCBK.US,5,20211217,162000,41.16,41.16,41.15,41.15,200,0
TCBK.US,5,20211217,162500,41.17,41.17,41.17,41.17,100,0
TCBK.US,5,20211217,163000,41.16,41.26,41.15,41.26,400,0
TCBK.US,5,20211217,163500,41.17,41.34,41.13,41.24,1200,0
TCBK.US,5,20211217,164500,41.53,41.53,41.52,41.52,300,0
TCBK.US,5,20211217,165000,41.78,41.97,41.78,41.97,400,0
TCBK.US,5,20211217,165500,42,42,41.88,41.88,494,0
TCBK.US,5,20211217,170500,41.74,41.74,41.74,41.74,100,0
TCBK.US,5,20211217,171500,41.725,41.725,41.725,41.725,100,0
TCBK.US,5,20211217,172000,41.675,41.69,41.64,41.64,1000,0
TCBK.US,5,20211217,174000,41.6,41.6,41.53,41.53,200,0
TCBK.US,5,20211217,174500,41.46,41.46,41.46,41.46,100,0
TCBK.US,5,20211217,175000,41.454,41.454,41.44,41.44,400,0
TCBK.US,5,20211217,175500,41.25,41.25,41.25,41.25,100,0
TCBK.US,5,20211217,180000,41.19,41.19,41.19,41.19,100,0
TCBK.US,5,20211217,180500,41.24,41.24,41.15,41.15,200,0
TCBK.US,5,20211217,181000,41.15,41.235,41.15,41.235,200,0
TCBK.US,5,20211217,182000,41.25,41.25,41.13,41.19,1336,0
TCBK.US,5,20211217,182500,41.14,41.14,41.13,41.13,404,0
TCBK.US,5,20211217,183000,41.16,41.315,41.16,41.315,2974,0
TCBK.US,5,20211217,183500,41.25,41.32,41.25,41.31,500,0
TCBK.US,5,20211217,184500,41.32,41.32,41.32,41.32,100,0
TCBK.US,5,20211217,185000,41.31,41.31,41.31,41.31,200,0
TCBK.US,5,20211217,185500,41.25,41.29,41.25,41.29,300,0
TCBK.US,5,20211217,190000,41.33,41.33,41.33,41.33,200,0
TCBK.US,5,20211217,190500,41.35,41.35,41.35,41.35,200,0
TCBK.US,5,20211217,191000,41.4,41.4,41.35,41.35,410,0
TCBK.US,5,20211217,192000,41.41,41.41,41.41,41.41,100,0
TCBK.US,5,20211217,192500,41.48,41.51,41.48,41.5,800,0
TCBK.US,5,20211217,193000,41.5,41.51,41.5,41.51,200,0
TCBK.US,5,20211217,194500,41.58,41.625,41.58,41.62,300,0
TCBK.US,5,20211217,195000,41.56,41.56,41.5,41.5,400,0
TCBK.US,5,20211217,195500,41.53,41.53,41.53,41.53,219,0
TCBK.US,5,20211217,200000,41.45,41.45,41.45,41.45,100,0
TCBK.US,5,20211217,200500,41.35,41.38,41.35,41.38,300,0
TCBK.US,5,20211217,201500,41.33,41.33,41.3,41.3,700,0
TCBK.US,5,20211217,202500,41.31,41.31,41.31,41.31,100,0
TCBK.US,5,20211217,203500,41.28,41.28,41.28,41.28,300,0
TCBK.US,5,20211217,204000,41.28,41.28,41.28,41.28,100,0
TCBK.US,5,20211217,211000,41.34,41.34,41.31,41.31,500,0
TCBK.US,5,20211217,212000,41.345,41.4,41.33,41.34,800,0
TCBK.US,5,20211217,212500,41.31,41.4,41.31,41.39,3613,0
TCBK.US,5,20211217,213000,41.42,41.45,41.39,41.45,1200,0
TCBK.US,5,20211217,213500,41.45,41.52,41.45,41.52,500,0
TCBK.US,5,20211217,214500,41.49,41.49,41.305,41.305,1700,0
TCBK.US,5,20211217,215000,41.38,41.44,41.03,41.42,22282,0
TCBK.US,5,20211217,215500,41.42,41.64,41.29,41.45,8336,0
TCBK.US,5,20211220,153000,40.84,41,40.84,40.93,1646,0
TCBK.US,5,20211220,160000,40.41,40.41,40.04,40.04,500,0
TCBK.US,5,20211220,160500,40.255,40.38,40.21,40.36,900,0
TCBK.US,5,20211220,161000,40.33,40.33,40.25,40.255,300,0
TCBK.US,5,20211220,161500,40.305,40.4,40.305,40.38,343,0
TCBK.US,5,20211220,162000,40.375,40.39,40.28,40.28,800,0
TCBK.US,5,20211220,162500,40.19,40.19,40.13,40.14,400,0
TCBK.US,5,20211220,163000,40.13,40.13,40.09,40.09,400,0
TCBK.US,5,20211220,164000,40.07,40.07,39.87,39.88,1180,0
TCBK.US,5,20211220,164500,39.73,39.77,39.73,39.76,400,0
TCBK.US,5,20211220,165000,39.75,39.84,39.69,39.84,1601,0
TCBK.US,5,20211220,165500,39.765,39.89,39.765,39.89,1500,0
TCBK.US,5,20211220,170000,39.85,39.85,39.75,39.75,600,0
TCBK.US,5,20211220,170500,39.83,39.9,39.79,39.9,500,0
TCBK.US,5,20211220,171000,39.83,39.83,39.82,39.82,400,0
TCBK.US,5,20211220,171500,39.71,39.71,39.71,39.71,100,0
TCBK.US,5,20211220,172000,39.73,39.73,39.61,39.61,200,0
TCBK.US,5,20211220,172500,39.62,39.63,39.62,39.63,200,0
TCBK.US,5,20211220,173000,39.63,39.825,39.63,39.71,400,0
TCBK.US,5,20211220,173500,39.71,39.87,39.71,39.87,400,0
TCBK.US,5,20211220,174000,39.88,39.95,39.88,39.95,709,0
TCBK.US,5,20211220,174500,40.07,40.07,40.07,40.07,200,0
TCBK.US,5,20211220,175000,40.09,40.21,40.09,40.21,771,0
TCBK.US,5,20211220,180000,40.14,40.14,40.14,40.14,100,0
TCBK.US,5,20211220,180500,40.08,40.17,40.08,40.1,1433,0
TCBK.US,5,20211220,181500,40.06,40.075,40.04,40.075,400,0
TCBK.US,5,20211220,182000,40.09,40.09,40.04,40.04,200,0
TCBK.US,5,20211220,182500,40.04,40.06,40.04,40.06,620,0
TCBK.US,5,20211220,183000,40.03,40.03,40.03,40.03,100,0
TCBK.US,5,20211220,183500,40,40.11,39.98,39.98,400,0
TCBK.US,5,20211220,184500,39.97,39.97,39.97,39.97,100,0
TCBK.US,5,20211220,185000,39.91,39.97,39.91,39.97,794,0
TCBK.US,5,20211220,185500,39.92,39.965,39.87,39.87,1400,0
TCBK.US,5,20211220,190000,39.8,39.8,39.8,39.8,100,0
TCBK.US,5,20211220,190500,39.7801,39.855,39.78,39.85,948,0
TCBK.US,5,20211220,191000,39.84,39.84,39.84,39.84,200,0
TCBK.US,5,20211220,191500,39.9,40,39.88,40,700,0
TCBK.US,5,20211220,192000,39.97,40.01,39.925,40.01,400,0
TCBK.US,5,20211220,192500,39.94,40.07,39.93,40.07,400,0
TCBK.US,5,20211220,193000,39.95,39.95,39.93,39.93,200,0
TCBK.US,5,20211220,193500,39.95,39.98,39.91,39.94,1000,0
TCBK.US,5,20211220,194000,40.03,40.12,40.03,40.04,491,0
TCBK.US,5,20211220,194500,40.14,40.14,40.13,40.14,300,0
TCBK.US,5,20211220,195000,40.2,40.2,40.2,40.2,100,0
TCBK.US,5,20211220,200000,40.145,40.2,40.145,40.17,1000,0
TCBK.US,5,20211220,200500,40.17,40.17,40.12,40.12,200,0
TCBK.US,5,20211220,201000,40.13,40.13,40.12,40.12,300,0
TCBK.US,5,20211220,201500,40.12,40.12,40.12,40.12,100,0
TCBK.US,5,20211220,202000,40.164,40.21,40.15,40.18,1409,0
TCBK.US,5,20211220,202500,40.15,40.15,40.09,40.11,400,0
TCBK.US,5,20211220,203000,40.09,40.09,40.09,40.09,200,0
TCBK.US,5,20211220,203500,40.08,40.11,40.06,40.11,900,0
TCBK.US,5,20211220,204000,40.125,40.13,40.06,40.08,600,0
TCBK.US,5,20211220,205000,40.07,40.12,40.06,40.12,800,0
TCBK.US,5,20211220,210000,40.24,40.24,40.13,40.16,700,0
TCBK.US,5,20211220,210500,40.17,40.18,40.17,40.17,400,0
TCBK.US,5,20211220,211000,40.22,40.27,40.22,40.27,1100,0
TCBK.US,5,20211220,211500,40.28,40.32,40.28,40.32,723,0
TCBK.US,5,20211220,212000,40.31,40.32,40.31,40.32,200,0
TCBK.US,5,20211220,212500,40.4,40.49,40.29,40.43,2085,0
TCBK.US,5,20211220,213000,40.43,40.46,40.42,40.44,500,0
TCBK.US,5,20211220,213500,40.43,40.43,40.42,40.43,400,0
TCBK.US,5,20211220,214000,40.4,40.4,40.35,40.38,901,0
TCBK.US,5,20211220,214500,40.35,40.44,40.32,40.35,1200,0
TCBK.US,5,20211220,215000,40.34,40.41,40.2,40.26,4339,0
TCBK.US,5,20211220,215500,40.275,40.515,40.275,40.39,36897,0
TCBK.US,5,20211221,153000,40.85,41.16,40.85,41.04,811,0
TCBK.US,5,20211221,153500,41.105,41.105,41.105,41.105,100,0
TCBK.US,5,20211221,154000,41.05,41.16,41.05,41.16,300,0
TCBK.US,5,20211221,154500,41.37,41.46,41.37,41.46,310,0
TCBK.US,5,20211221,160000,41.37,41.37,41.37,41.37,100,0
TCBK.US,5,20211221,161000,41.26,41.29,41.26,41.29,200,0
TCBK.US,5,20211221,161500,41.44,41.47,41.41,41.41,300,0
TCBK.US,5,20211221,162500,41.36,41.38,41.35,41.38,700,0
TCBK.US,5,20211221,163000,41.31,41.31,41.31,41.31,100,0
TCBK.US,5,20211221,163500,41.255,41.41,41.255,41.41,200,0
TCBK.US,5,20211221,164000,41.38,41.39,41.38,41.39,300,0
TCBK.US,5,20211221,164500,41.26,41.26,41.25,41.25,400,0
TCBK.US,5,20211221,165500,41.23,41.23,41.1,41.23,800,0
TCBK.US,5,20211221,170500,41.19,41.19,41.19,41.19,100,0
TCBK.US,5,20211221,171000,41.26,41.26,41.26,41.26,100,0
TCBK.US,5,20211221,171500,41.18,41.27,41.18,41.27,600,0
TCBK.US,5,20211221,172000,41.27,41.34,41.27,41.34,1300,0
TCBK.US,5,20211221,172500,41.325,41.325,41.26,41.26,600,0
TCBK.US,5,20211221,173000,41.25,41.25,41.25,41.25,400,0
TCBK.US,5,20211221,174000,41.23,41.23,41.23,41.23,100,0
TCBK.US,5,20211221,174500,41.34,41.35,41.34,41.35,300,0
TCBK.US,5,20211221,175000,41.24,41.24,41.2,41.2,400,0
TCBK.US,5,20211221,175500,41.18,41.18,41.12,41.12,200,0
TCBK.US,5,20211221,180000,41.12,41.12,41.12,41.12,100,0
TCBK.US,5,20211221,180500,41.28,41.28,41.28,41.28,200,0
TCBK.US,5,20211221,181000,41.275,41.275,41.275,41.275,100,0
TCBK.US,5,20211221,181500,41.19,41.2889,41.19,41.2889,256,0
TCBK.US,5,20211221,182000,41.3,41.3,41.28,41.3,300,0
TCBK.US,5,20211221,183000,41.28,41.28,41.28,41.28,100,0
TCBK.US,5,20211221,183500,41.36,41.36,41.36,41.36,100,0
TCBK.US,5,20211221,184000,41.36,41.36,41.31,41.31,400,0
TCBK.US,5,20211221,185000,41.41,41.43,41.41,41.43,200,0
TCBK.US,5,20211221,185500,41.52,41.52,41.52,41.52,200,0
TCBK.US,5,20211221,190000,41.44,41.44,41.44,41.44,100,0
TCBK.US,5,20211221,190500,41.43,41.44,41.41,41.41,800,0
TCBK.US,5,20211221,191000,41.52,41.52,41.425,41.425,200,0
TCBK.US,5,20211221,191500,41.52,41.52,41.52,41.52,100,0
TCBK.US,5,20211221,192000,41.44,41.44,41.44,41.44,100,0
TCBK.US,5,20211221,192500,41.41,41.41,41.38,41.38,300,0
TCBK.US,5,20211221,193500,41.39,41.39,41.39,41.39,100,0
TCBK.US,5,20211221,194000,41.36,41.42,41.36,41.42,300,0
TCBK.US,5,20211221,194500,41.38,41.41,41.38,41.41,300,0
TCBK.US,5,20211221,195000,41.37,41.37,41.35,41.35,200,0
TCBK.US,5,20211221,200000,41.36,41.4,41.36,41.4,400,0
TCBK.US,5,20211221,200500,41.36,41.36,41.36,41.36,100,0
TCBK.US,5,20211221,201000,41.44,41.44,41.44,41.44,200,0
TCBK.US,5,20211221,201500,41.37,41.37,41.35,41.35,400,0
TCBK.US,5,20211221,202000,41.375,41.375,41.375,41.375,100,0
TCBK.US,5,20211221,202500,41.375,41.375,41.32,41.32,700,0
TCBK.US,5,20211221,203000,41.32,41.32,41.32,41.32,200,0
TCBK.US,5,20211221,203500,41.33,41.33,41.28,41.28,300,0
TCBK.US,5,20211221,204000,41.19,41.19,41.19,41.19,200,0
TCBK.US,5,20211221,204500,41.23,41.26,41.17,41.26,1000,0
TCBK.US,5,20211221,205000,41.28,41.28,41.28,41.28,100,0
TCBK.US,5,20211221,205500,41.27,41.27,41.25,41.25,200,0
TCBK.US,5,20211221,210000,41.28,41.28,41.25,41.25,500,0
TCBK.US,5,20211221,210500,41.33,41.34,41.2201,41.2201,2600,0
TCBK.US,5,20211221,211000,41.265,41.265,41.265,41.265,300,0
TCBK.US,5,20211221,211500,41.22,41.27,41.22,41.27,1100,0
TCBK.US,5,20211221,212000,41.28,41.31,41.24,41.24,1718,0
TCBK.US,5,20211221,212500,41.28,41.3,41.24,41.24,300,0
TCBK.US,5,20211221,213000,41.23,41.23,41.18,41.215,942,0
TCBK.US,5,20211221,213500,41.2,41.2,41.14,41.14,1300,0
TCBK.US,5,20211221,214000,41.19,41.19,41.18,41.18,600,0
TCBK.US,5,20211221,214500,41.16,41.175,41.1,41.1,800,0
TCBK.US,5,20211221,215000,41.11,41.21,41.06,41.18,3810,0
TCBK.US,5,20211221,215500,41.21,41.23,41.13,41.21,19096,0
TCBK.US,5,20211222,153000,41.33,41.33,41.28,41.28,1290,0
TCBK.US,5,20211222,154500,41.2,41.2,41.19,41.19,600,0
TCBK.US,5,20211222,155500,41.22,41.22,41.22,41.22,100,0
TCBK.US,5,20211222,160000,41.3,41.3,41.3,41.3,100,0
TCBK.US,5,20211222,163000,41.37,41.37,41.36,41.36,500,0
TCBK.US,5,20211222,163500,41.31,41.32,41.31,41.32,300,0
TCBK.US,5,20211222,164500,41.295,41.295,41.295,41.295,100,0
TCBK.US,5,20211222,165000,41.225,41.225,41.225,41.225,100,0
TCBK.US,5,20211222,165500,41.22,41.22,41.22,41.22,100,0
TCBK.US,5,20211222,170000,41.28,41.28,41.28,41.28,100,0
TCBK.US,5,20211222,170500,41.29,41.29,41.29,41.29,200,0
TCBK.US,5,20211222,171000,41.23,41.23,41.23,41.23,100,0
TCBK.US,5,20211222,173000,41.26,41.26,41.26,41.26,200,0
TCBK.US,5,20211222,174000,41.28,41.32,41.28,41.28,300,0
TCBK.US,5,20211222,174500,41.27,41.27,41.27,41.27,300,0
TCBK.US,5,20211222,181500,41.3,41.3,41.29,41.29,500,0
TCBK.US,5,20211222,182500,41.35,41.35,41.35,41.35,100,0
TCBK.US,5,20211222,183000,41.31,41.325,41.31,41.3175,600,0
TCBK.US,5,20211222,185000,41.37,41.39,41.29,41.39,400,0
TCBK.US,5,20211222,190000,41.44,41.44,41.44,41.44,100,0
TCBK.US,5,20211222,191500,41.4,41.4,41.35,41.35,200,0
TCBK.US,5,20211222,192500,41.35,41.4,41.35,41.4,200,0
TCBK.US,5,20211222,194000,41.415,41.48,41.415,41.48,347,0
TCBK.US,5,20211222,194500,41.46,41.46,41.46,41.46,100,0
TCBK.US,5,20211222,195000,41.51,41.52,41.43,41.52,300,0
TCBK.US,5,20211222,200000,41.41,41.41,41.41,41.41,100,0
TCBK.US,5,20211222,200500,41.37,41.37,41.37,41.37,200,0
TCBK.US,5,20211222,201000,41.44,41.45,41.44,41.45,200,0
TCBK.US,5,20211222,202000,41.455,41.455,41.37,41.37,300,0
TCBK.US,5,20211222,202500,41.37,41.37,41.35,41.37,1200,0
TCBK.US,5,20211222,203000,41.24,41.29,41.24,41.29,300,0
TCBK.US,5,20211222,203500,41.26,41.29,41.26,41.29,200,0
TCBK.US,5,20211222,204000,41.24,41.31,41.24,41.31,300,0
TCBK.US,5,20211222,204500,41.35,41.35,41.35,41.35,100,0
TCBK.US,5,20211222,205000,41.43,41.43,41.43,41.43,100,0
TCBK.US,5,20211222,210000,41.4,41.45,41.4,41.45,200,0
TCBK.US,5,20211222,210500,41.38,41.47,41.38,41.47,300,0
TCBK.US,5,20211222,211000,41.46,41.46,41.46,41.46,100,0
TCBK.US,5,20211222,211500,41.475,41.475,41.475,41.475,100,0
TCBK.US,5,20211222,212000,41.47,41.47,41.47,41.47,100,0
TCBK.US,5,20211222,213000,41.56,41.56,41.56,41.56,200,0
TCBK.US,5,20211222,213500,41.58,41.58,41.56,41.56,200,0
TCBK.US,5,20211222,214000,41.535,41.631,41.535,41.631,200,0
TCBK.US,5,20211222,214500,41.605,41.61,41.51,41.52,600,0
TCBK.US,5,20211222,215000,41.63,41.63,41.63,41.63,100,0
TCBK.US,5,20211222,215500,41.61,41.7,41.6,41.66,13589,0
TCBK.US,5,20211223,153000,42.01,42.1,42.01,42.1,769,0
TCBK.US,5,20211223,153500,42.25,42.25,42.17,42.17,301,0
TCBK.US,5,20211223,154000,42.23,42.23,42.16,42.16,600,0
TCBK.US,5,20211223,160500,42.23,42.23,42.23,42.23,200,0
TCBK.US,5,20211223,161500,42.36,42.36,42.36,42.36,100,0
TCBK.US,5,20211223,164000,42.08,42.265,42.08,42.265,241,0
TCBK.US,5,20211223,173500,42.1373,42.1373,42.1373,42.1373,100,0
TCBK.US,5,20211223,174500,42.18,42.18,42.18,42.18,100,0
TCBK.US,5,20211223,175500,42.155,42.155,42.155,42.155,100,0
TCBK.US,5,20211223,180500,42.1,42.1,42.1,42.1,503,0
TCBK.US,5,20211223,182500,42.17,42.17,42.17,42.17,100,0
TCBK.US,5,20211223,184500,42.23,42.23,42.23,42.23,230,0
TCBK.US,5,20211223,192000,42.23,42.23,42.23,42.23,224,0
TCBK.US,5,20211223,195000,42.18,42.34,42.18,42.34,300,0
TCBK.US,5,20211223,195500,42.12,42.12,42.12,42.12,100,0
TCBK.US,5,20211223,200000,42.1,42.1,42.1,42.1,100,0
TCBK.US,5,20211223,202000,42.19,42.19,42.19,42.19,100,0
TCBK.US,5,20211223,204500,42.195,42.195,42.195,42.195,100,0
TCBK.US,5,20211223,205500,42.14,42.14,42.14,42.14,100,0
TCBK.US,5,20211223,210000,42.1,42.15,42.1,42.15,300,0
TCBK.US,5,20211223,211500,42.11,42.11,42.08,42.09,800,0
TCBK.US,5,20211223,212500,42.04,42.07,42.04,42.07,300,0
TCBK.US,5,20211223,213000,42.05,42.05,42.05,42.05,100,0
TCBK.US,5,20211223,214000,42.01,42.01,41.95,41.95,442,0
TCBK.US,5,20211223,214500,42.03,42.065,42,42,400,0
TCBK.US,5,20211223,215000,42.07,42.16,42.07,42.11,519,0
TCBK.US,5,20211223,215500,42.08,42.08,41.92,41.99,10495,0
