<TICKER>,<PER>,<DATE>,<TIME>,<OPEN>,<HIGH>,<LOW>,<CLOSE>,<VOL>,<OPENINT>
TCBX.US,5,20211109,160000,26,26.7921,26,26,111722,0
TCBX.US,5,20211109,160500,25.8317,25.92,25.5,25.65,45837,0
TCBX.US,5,20211109,161000,25.75,26.98,25.75,26.43,83593,0
TCBX.US,5,20211109,161500,26.26,26.49,26.195,26.26,17591,0
TCBX.US,5,20211109,162000,26.26,26.49,26.1201,26.1201,25181,0
TCBX.US,5,20211109,162500,26.35,26.4,26.06,26.11,29579,0
TCBX.US,5,20211109,163000,26.125,26.4,26.08,26.08,18644,0
TCBX.US,5,20211109,163500,26.01,26.24,26,26.15,6851,0
TCBX.US,5,20211109,164000,26.15,26.15,26.01,26.01,15280,0
TCBX.US,5,20211109,164500,25.96,26.04,25.75,25.875,14895,0
TCBX.US,5,20211109,165000,25.885,25.95,25.51,25.9,7354,0
TCBX.US,5,20211109,165500,25.95,26.03,25.65,25.7701,37940,0
TCBX.US,5,20211109,170000,25.8,25.88,25.735,25.77,1838,0
TCBX.US,5,20211109,170500,25.77,25.83,25.77,25.8299,3293,0
TCBX.US,5,20211109,171000,25.805,25.805,25.78,25.805,1100,0
TCBX.US,5,20211109,171500,25.795,25.81,25.78,25.8,2800,0
TCBX.US,5,20211109,172000,25.81,25.845,25.64,25.7,10415,0
TCBX.US,5,20211109,172500,25.725,25.91,25.72,25.855,10712,0
TCBX.US,5,20211109,173000,25.855,25.86,25.68,25.74,7463,0
TCBX.US,5,20211109,173500,25.83,25.91,25.68,25.91,4327,0
TCBX.US,5,20211109,174000,25.8,25.91,25.71,25.88,1500,0
TCBX.US,5,20211109,174500,25.78,25.91,25.71,25.87,2300,0
TCBX.US,5,20211109,175000,25.91,25.91,25.76,25.8,2896,0
TCBX.US,5,20211109,175500,25.76,25.84,25.59,25.59,7642,0
TCBX.US,5,20211109,180000,25.55,25.72,25.55,25.625,500,0
TCBX.US,5,20211109,180500,25.625,25.72,25.55,25.55,3503,0
TCBX.US,5,20211109,181000,25.63,26,25.56,25.815,3550,0
TCBX.US,5,20211109,181500,25.8,26,25.71,25.95,2160,0
TCBX.US,5,20211109,182000,25.83,25.88,25.6,25.6,5618,0
TCBX.US,5,20211109,182500,25.68,25.7,25.55,25.59,11505,0
TCBX.US,5,20211109,183000,25.61,25.7,25.57,25.58,3808,0
TCBX.US,5,20211109,183500,25.57,25.65,25.51,25.52,1780,0
TCBX.US,5,20211109,184000,25.6,25.6,25.5,25.545,15094,0
TCBX.US,5,20211109,184500,25.545,25.605,25.5,25.51,21530,0
TCBX.US,5,20211109,185000,25.7,25.7,25.5,25.65,3450,0
TCBX.US,5,20211109,185500,25.6,25.8,25.6,25.64,9072,0
TCBX.US,5,20211109,190000,25.64,25.77,25.6,25.73,2945,0
TCBX.US,5,20211109,190500,25.65,25.69,25.61,25.685,700,0
TCBX.US,5,20211109,191000,25.61,25.685,25.56,25.56,4041,0
TCBX.US,5,20211109,191500,25.55,25.66,25.55,25.55,1700,0
TCBX.US,5,20211109,192000,25.55,25.66,25.55,25.66,2700,0
TCBX.US,5,20211109,192500,25.66,25.66,25.5,25.5,4352,0
TCBX.US,5,20211109,193000,25.53,25.55,25.25,25.31,35715,0
TCBX.US,5,20211109,193500,25.345,25.55,25.345,25.46,8242,0
TCBX.US,5,20211109,194000,25.42,25.5,25.3,25.4,20923,0
TCBX.US,5,20211109,194500,25.45,25.45,25.3,25.3,10025,0
TCBX.US,5,20211109,195000,25.3,25.34,25.29,25.33,9795,0
TCBX.US,5,20211109,195500,25.27,25.38,25.25,25.25,1490,0
TCBX.US,5,20211109,200000,25.375,25.38,25.25,25.375,2829,0
TCBX.US,5,20211109,200500,25.26,25.44,25.25,25.25,2651,0
TCBX.US,5,20211109,201000,25.25,25.375,25.25,25.375,2136,0
TCBX.US,5,20211109,201500,25.26,25.42,25.25,25.39,2563,0
TCBX.US,5,20211109,202000,25.41,25.46,25.25,25.25,2300,0
TCBX.US,5,20211109,202500,25.38,25.38,25.25,25.31,3100,0
TCBX.US,5,20211109,203000,25.31,25.37,25.25,25.37,6849,0
TCBX.US,5,20211109,203500,25.31,25.37,25.25,25.27,2000,0
TCBX.US,5,20211109,204000,25.37,25.5,25.27,25.5,4426,0
TCBX.US,5,20211109,204500,25.5,25.5,25.26,25.38,2335,0
TCBX.US,5,20211109,205000,25.38,25.5,25.27,25.3,12144,0
TCBX.US,5,20211109,205500,25.37,25.445,25.35,25.4,2714,0
TCBX.US,5,20211109,210000,25.5,25.5,25.31,25.425,4111,0
TCBX.US,5,20211109,210500,25.43,25.43,25.3,25.37,2871,0
TCBX.US,5,20211109,211000,25.28,25.33,25.25,25.25,18782,0
TCBX.US,5,20211109,211500,25.25,25.34,25,25.0025,61511,0
TCBX.US,5,20211109,212000,25.05,25.29,25,25.16,19134,0
TCBX.US,5,20211109,212500,25.29,25.4,25.09,25.24,2825,0
TCBX.US,5,20211109,213000,25.12,25.27,25.06,25.11,7394,0
TCBX.US,5,20211109,213500,25.085,25.47,25.07,25.47,3166,0
TCBX.US,5,20211109,214000,25.31,25.47,25.17,25.27,2100,0
TCBX.US,5,20211109,214500,25.27,25.47,25.07,25.07,6082,0
TCBX.US,5,20211109,215000,25.08,25.265,25.06,25.19,14807,0
TCBX.US,5,20211109,215500,25.08,25.17,25.01,25.01,29348,0
TCBX.US,5,20211110,153000,25.1,25.54,25.1,25.42,24347,0
TCBX.US,5,20211110,153500,25.4,25.5,25.15,25.2,4008,0
TCBX.US,5,20211110,154000,25.15,25.3,25.07,25.19,1888,0
TCBX.US,5,20211110,154500,25.24,25.35,25.12,25.2206,9017,0
TCBX.US,5,20211110,155000,25.24,25.5,25.1,25.3,3222,0
TCBX.US,5,20211110,155500,25.46,25.54,25.09,25.14,12083,0
TCBX.US,5,20211110,160000,25.22,25.275,25.11,25.11,1992,0
TCBX.US,5,20211110,160500,25.15,25.46,25.15,25.34,15840,0
TCBX.US,5,20211110,161000,25.21,25.245,25.06,25.13,26544,0
TCBX.US,5,20211110,161500,25.2,25.39,25.09,25.39,14032,0
TCBX.US,5,20211110,162000,25.295,25.295,25.14,25.2,1400,0
TCBX.US,5,20211110,162500,25.2,25.44,25.13,25.19,7606,0
TCBX.US,5,20211110,163000,25.24,25.24,25.12,25.15,13792,0
TCBX.US,5,20211110,163500,25.15,25.32,25.0706,25.19,10127,0
TCBX.US,5,20211110,164000,25.12,25.2,25.06,25.12,11735,0
TCBX.US,5,20211110,164500,25.11,25.23,25.1,25.12,11197,0
TCBX.US,5,20211110,165000,25.12,25.22,25.1,25.12,1700,0
TCBX.US,5,20211110,165500,25.125,25.1399,25.07,25.07,1287,0
TCBX.US,5,20211110,170000,25.095,25.11,25.01,25.055,6605,0
TCBX.US,5,20211110,170500,25.055,25.055,25.01,25.055,1000,0
TCBX.US,5,20211110,171000,25.055,25.055,25.01,25.01,370,0
TCBX.US,5,20211110,171500,25.02,25.06,25.02,25.06,800,0
TCBX.US,5,20211110,172000,25.1,25.1,25.1,25.1,300,0
TCBX.US,5,20211110,172500,25.1,25.1,25.02,25.05,900,0
TCBX.US,5,20211110,173000,25.06,25.1,25.05,25.055,800,0
TCBX.US,5,20211110,173500,25.06,25.06,25.06,25.06,100,0
TCBX.US,5,20211110,174000,25.1,25.1,25.05,25.05,500,0
TCBX.US,5,20211110,174500,25.1,25.19,25.05,25.18,6632,0
TCBX.US,5,20211110,175000,25.17,25.1894,25.07,25.1894,3821,0
TCBX.US,5,20211110,175500,25.15,25.21,25.12,25.165,2493,0
TCBX.US,5,20211110,180000,25.165,25.165,25.13,25.13,300,0
TCBX.US,5,20211110,180500,25.165,25.165,25.165,25.165,200,0
TCBX.US,5,20211110,181000,25.16,25.21,25.16,25.21,400,0
TCBX.US,5,20211110,181500,25.225,25.35,25.17,25.17,1200,0
TCBX.US,5,20211110,182000,25.19,25.19,25.19,25.19,100,0
TCBX.US,5,20211110,182500,25.17,25.35,25.17,25.255,1000,0
TCBX.US,5,20211110,183000,25.35,25.35,25.255,25.35,1000,0
TCBX.US,5,20211110,183500,25.26,25.34,25.21,25.245,1200,0
TCBX.US,5,20211110,184000,25.235,25.31,25.15,25.22,6705,0
TCBX.US,5,20211110,184500,25.22,25.29,25.2,25.225,2641,0
TCBX.US,5,20211110,185000,25.3,25.3,25.225,25.225,200,0
TCBX.US,5,20211110,185500,25.3,25.3,25.15,25.245,3903,0
TCBX.US,5,20211110,190000,25.245,25.245,25.245,25.245,200,0
TCBX.US,5,20211110,190500,25.245,25.245,25.245,25.245,200,0
TCBX.US,5,20211110,191000,25.245,25.245,25.245,25.245,400,0
TCBX.US,5,20211110,191500,25.29,25.3,25.25,25.25,300,0
TCBX.US,5,20211110,192000,25.295,25.32,25.295,25.32,400,0
TCBX.US,5,20211110,192500,25.32,25.32,25.32,25.32,1000,0
TCBX.US,5,20211110,193000,25.32,25.32,25.32,25.32,300,0
TCBX.US,5,20211110,193500,25.285,25.32,25.285,25.32,3000,0
TCBX.US,5,20211110,194000,25.32,25.32,25.2,25.25,5830,0
TCBX.US,5,20211110,194500,25.295,25.295,25.295,25.295,100,0
TCBX.US,5,20211110,195000,25.32,25.32,25.32,25.32,800,0
TCBX.US,5,20211110,195500,25.32,25.32,25.26,25.32,500,0
TCBX.US,5,20211110,200000,25.32,25.32,25.32,25.32,200,0
TCBX.US,5,20211110,200500,25.32,25.32,25.125,25.18,4482,0
TCBX.US,5,20211110,201500,25.16,25.32,25.16,25.17,7012,0
TCBX.US,5,20211110,202000,25.2,25.32,25.2,25.28,19944,0
TCBX.US,5,20211110,202500,25.315,25.315,25.28,25.28,900,0
TCBX.US,5,20211110,203000,25.23,25.23,25.23,25.23,100,0
TCBX.US,5,20211110,203500,25.23,25.385,25.17,25.24,14182,0
TCBX.US,5,20211110,204000,25.19,25.26,25.19,25.24,1040,0
TCBX.US,5,20211110,204500,25.24,25.24,25.11,25.14,7872,0
TCBX.US,5,20211110,205000,25.215,25.215,25.215,25.215,800,0
TCBX.US,5,20211110,205500,25.14,25.215,25.14,25.215,600,0
TCBX.US,5,20211110,210000,25.235,25.235,25.235,25.235,1100,0
TCBX.US,5,20211110,210500,25.235,25.235,25.235,25.235,4500,0
TCBX.US,5,20211110,211000,25.235,25.235,25.17,25.23,700,0
TCBX.US,5,20211110,211500,25.18,25.195,25.1,25.1,5851,0
TCBX.US,5,20211110,212000,25.08,25.16,25.08,25.1,2700,0
TCBX.US,5,20211110,212500,25.16,25.16,25.12,25.12,1200,0
TCBX.US,5,20211110,213000,25.13,25.25,25.1,25.25,4264,0
TCBX.US,5,20211110,213500,25.19,25.19,25.04,25.08,7365,0
TCBX.US,5,20211110,214000,25.08,25.13,25.055,25.115,5679,0
TCBX.US,5,20211110,214500,25.1,25.2,25.1,25.2,3470,0
TCBX.US,5,20211110,215000,25.15,25.15,25.02,25.07,16158,0
TCBX.US,5,20211110,215500,25.05,25.13,25,25,57609,0
TCBX.US,5,20211111,153000,25,25.1,25,25.05,7103,0
TCBX.US,5,20211111,153500,25.01,25.15,25,25.04,3700,0
TCBX.US,5,20211111,154000,25.04,25.08,25.04,25.08,399,0
TCBX.US,5,20211111,154500,25.03,25.08,25.03,25.05,1349,0
TCBX.US,5,20211111,155000,25.04,25.04,25.03,25.03,200,0
TCBX.US,5,20211111,155500,25.045,25.09,25.03,25.03,7576,0
TCBX.US,5,20211111,160000,25.02,25.06,25,25,15606,0
TCBX.US,5,20211111,160500,25,25.04,25,25.04,1000,0
TCBX.US,5,20211111,161500,25.04,25.05,25.03,25.05,1500,0
TCBX.US,5,20211111,162000,25.055,25.08,25.01,25.01,6550,0
TCBX.US,5,20211111,162500,25.01,25.04,25.01,25.01,4115,0
TCBX.US,5,20211111,163000,25.03,25.0332,25,25.01,5599,0
TCBX.US,5,20211111,163500,25.07,25.07,25.025,25.025,700,0
TCBX.US,5,20211111,164000,25.025,25.05,25.025,25.03,400,0
TCBX.US,5,20211111,164500,25.03,25.03,25.02,25.02,200,0
TCBX.US,5,20211111,165000,25.0137,25.03,25.0137,25.025,1700,0
TCBX.US,5,20211111,165500,25.025,25.05,25.025,25.03,2160,0
TCBX.US,5,20211111,170000,25.045,25.045,25.02,25.02,200,0
TCBX.US,5,20211111,170500,25.045,25.07,25.02,25.03,700,0
TCBX.US,5,20211111,171000,25.035,25.05,25.02,25.03,900,0
TCBX.US,5,20211111,171500,25.045,25.07,25.03,25.03,600,0
TCBX.US,5,20211111,172000,25.06,25.06,25.02,25.02,600,0
TCBX.US,5,20211111,172500,25.02,25.04,25,25.02,4198,0
TCBX.US,5,20211111,173000,25.04,25.05,25,25,1674,0
TCBX.US,5,20211111,173500,25.025,25.05,25.025,25.025,500,0
TCBX.US,5,20211111,174000,25.025,25.03,25.025,25.03,300,0
TCBX.US,5,20211111,175000,25.025,25.025,25.025,25.025,600,0
TCBX.US,5,20211111,175500,25.025,25.04,25.02,25.03,590,0
TCBX.US,5,20211111,180000,25.03,25.03,25.02,25.03,800,0
TCBX.US,5,20211111,180500,25.02,25.0399,25.02,25.02,3500,0
TCBX.US,5,20211111,181000,25.025,25.03,25.02,25.02,1500,0
TCBX.US,5,20211111,181500,25,25.04,25,25.02,7000,0
TCBX.US,5,20211111,182000,25.02,25.025,25.01,25.02,515,0
TCBX.US,5,20211111,182500,25.0299,25.0299,25.02,25.02,300,0
TCBX.US,5,20211111,183000,25.02,25.03,25.01,25.01,475,0
TCBX.US,5,20211111,183500,25.02,25.02,25.01,25.01,525,0
TCBX.US,5,20211111,184000,25.02,25.02,25.01,25.01,400,0
TCBX.US,5,20211111,184500,25.015,25.015,25.01,25.01,200,0
TCBX.US,5,20211111,185000,25.02,25.05,25,25.05,6199,0
TCBX.US,5,20211111,185500,25.05,25.05,25.025,25.05,900,0
TCBX.US,5,20211111,190000,25,25.05,25,25.05,1000,0
TCBX.US,5,20211111,190500,25.01,25.05,25,25.02,800,0
TCBX.US,5,20211111,191000,25.04,25.04,25.025,25.025,1299,0
TCBX.US,5,20211111,191500,25.05,25.05,25,25.05,7041,0
TCBX.US,5,20211111,192000,25.03,25.05,25.0106,25.04,1499,0
TCBX.US,5,20211111,192500,25.05,25.05,25.04,25.05,694,0
TCBX.US,5,20211111,193000,25.04,25.07,25.04,25.04,999,0
TCBX.US,5,20211111,193500,25.055,25.07,25.04,25.06,800,0
TCBX.US,5,20211111,194000,25.06,25.07,25.05,25.06,500,0
TCBX.US,5,20211111,194500,25.05,25.05,25.01,25.05,1718,0
TCBX.US,5,20211111,195000,25.053,25.053,25.053,25.053,100,0
TCBX.US,5,20211111,195500,25.02,25.02,25.015,25.015,200,0
TCBX.US,5,20211111,200000,25.05,25.14,25.02,25.02,1535,0
TCBX.US,5,20211111,200500,25.02,25.075,25.01,25.02,2600,0
TCBX.US,5,20211111,201000,25.01,25.02,25.01,25.01,990,0
TCBX.US,5,20211111,201500,25.015,25.015,25.005,25.005,2710,0
TCBX.US,5,20211111,202000,25,25,25,25,345,0
TCBX.US,5,20211111,202500,25.01,25.01,25.01,25.01,200,0
TCBX.US,5,20211111,203000,25.01,25.015,25.005,25.01,10725,0
TCBX.US,5,20211111,203500,25.01,25.04,25,25,1852,0
TCBX.US,5,20211111,204000,25.02,25.05,25.02,25.03,1000,0
TCBX.US,5,20211111,204500,25.04,25.21,25.02,25.04,8511,0
TCBX.US,5,20211111,205000,25.04,25.16,25,25.025,21650,0
TCBX.US,5,20211111,205500,25.02,25.375,25,25.02,9249,0
TCBX.US,5,20211111,210000,25.02,25.03,25,25.02,6102,0
TCBX.US,5,20211111,210500,25.01,25.02,25.01,25.02,700,0
TCBX.US,5,20211111,211000,25.02,25.03,25.02,25.03,1639,0
TCBX.US,5,20211111,211500,25.03,25.03,25.01,25.0295,1100,0
TCBX.US,5,20211111,212000,25.02,25.02,25.01,25.01,700,0
TCBX.US,5,20211111,212500,25.01,25.025,25.01,25.025,1600,0
TCBX.US,5,20211111,213000,25.025,25.025,25.01,25.015,2000,0
TCBX.US,5,20211111,213500,25.02,25.02,25.01,25.015,700,0
TCBX.US,5,20211111,214000,25.015,25.015,25,25.01,1100,0
TCBX.US,5,20211111,214500,25.01,25.01,25.01,25.01,900,0
TCBX.US,5,20211111,215000,25.01,25.045,25.01,25.04,6964,0
TCBX.US,5,20211111,215500,25.04,25.0765,25,25,17158,0
TCBX.US,5,20211112,153000,25,25.08,25,25.08,1622,0
TCBX.US,5,20211112,155000,25.125,25.125,25.125,25.125,100,0
TCBX.US,5,20211112,155500,25.1,25.1,25.05,25.05,6700,0
TCBX.US,5,20211112,160000,25.05,25.25,25.05,25.25,20997,0
TCBX.US,5,20211112,160500,25.11,25.115,25.1,25.1,1300,0
TCBX.US,5,20211112,161000,25.25,25.25,25.1,25.1,1200,0
TCBX.US,5,20211112,161500,25.11,25.11,25.11,25.11,100,0
TCBX.US,5,20211112,162500,25.05,25.05,25.05,25.05,400,0
TCBX.US,5,20211112,163000,25.05,25.06,25.05,25.05,500,0
TCBX.US,5,20211112,163500,25.05,25.05,25.05,25.05,400,0
TCBX.US,5,20211112,164000,25.05,25.0548,25.04,25.05,1400,0
TCBX.US,5,20211112,165000,25.05,25.05,25.05,25.05,100,0
TCBX.US,5,20211112,165500,25.105,25.105,25.105,25.105,100,0
TCBX.US,5,20211112,170000,25.05,25.06,25.04,25.06,400,0
TCBX.US,5,20211112,170500,25.04,25.09,25.04,25.04,1674,0
TCBX.US,5,20211112,171500,25.055,25.055,25.055,25.055,100,0
TCBX.US,5,20211112,172000,25.05,25.05,25.05,25.05,500,0
TCBX.US,5,20211112,172500,25.02,25.04,25.01,25.04,956,0
TCBX.US,5,20211112,174500,25.04,25.05,25.04,25.05,4210,0
TCBX.US,5,20211112,175000,25.04,25.055,25.04,25.055,7721,0
TCBX.US,5,20211112,180000,25.05,25.06,25.05,25.06,200,0
TCBX.US,5,20211112,180500,25.05,25.0525,25.02,25.04,4643,0
TCBX.US,5,20211112,181000,25.04,25.05,25.04,25.0494,500,0
TCBX.US,5,20211112,182500,25.06,25.215,25.06,25.215,1225,0
TCBX.US,5,20211112,183500,25.215,25.215,25.215,25.215,100,0
TCBX.US,5,20211112,184000,25.18,25.18,25.15,25.15,1500,0
TCBX.US,5,20211112,184500,25.15,25.16,25.06,25.06,1000,0
TCBX.US,5,20211112,185000,25.075,25.0798,25.075,25.075,300,0
TCBX.US,5,20211112,185500,25.06,25.08,25.05,25.05,1000,0
TCBX.US,5,20211112,190000,25.05,25.075,25.05,25.075,400,0
TCBX.US,5,20211112,190500,25.05,25.065,25.05,25.06,1192,0
TCBX.US,5,20211112,191000,25.055,25.07,25.05,25.06,800,0
TCBX.US,5,20211112,191500,25.08,25.13,25.08,25.13,300,0
TCBX.US,5,20211112,192000,25.3425,25.3425,25.21,25.22,2800,0
TCBX.US,5,20211112,192500,25.33,25.33,25.29,25.3,400,0
TCBX.US,5,20211112,193500,25.39,25.4,25.39,25.4,932,0
TCBX.US,5,20211112,194000,25.395,25.395,25.395,25.395,100,0
TCBX.US,5,20211112,195500,25.26,25.275,25.25,25.275,800,0
TCBX.US,5,20211112,200000,25.125,25.125,25.125,25.125,100,0
TCBX.US,5,20211112,201500,25.125,25.125,25.125,25.125,100,0
TCBX.US,5,20211112,203000,25.19,25.195,25.15,25.15,700,0
TCBX.US,5,20211112,204000,25.15,25.2763,25.15,25.2763,755,0
TCBX.US,5,20211112,204500,25.2,25.2,25.2,25.2,100,0
TCBX.US,5,20211112,205000,25.2,25.2,25.2,25.2,100,0
TCBX.US,5,20211112,210500,25.195,25.195,25.195,25.195,100,0
TCBX.US,5,20211112,211000,25.195,25.2,25.195,25.2,300,0
TCBX.US,5,20211112,212000,25.2,25.2,25.16,25.16,300,0
TCBX.US,5,20211112,212500,25.16,25.16,25.16,25.16,100,0
TCBX.US,5,20211112,213000,25.175,25.175,25.175,25.175,100,0
TCBX.US,5,20211112,213500,25.14,25.14,25.14,25.14,200,0
TCBX.US,5,20211112,214000,25.14,25.14,25.11,25.12,500,0
TCBX.US,5,20211112,214500,25.13,25.13,25.1,25.125,400,0
TCBX.US,5,20211112,215000,25.09,25.125,25.06,25.06,3157,0
TCBX.US,5,20211112,215500,25.05,25.07,25.05,25.05,13192,0
TCBX.US,5,20211115,153000,25.05,25.05,25.05,25.05,405,0
TCBX.US,5,20211115,153500,25.175,25.29,25.175,25.175,599,0
TCBX.US,5,20211115,154500,25.275,25.275,25.275,25.275,200,0
TCBX.US,5,20211115,155000,25.275,25.275,25.275,25.275,100,0
TCBX.US,5,20211115,155500,25.3,25.3,25.25,25.275,700,0
TCBX.US,5,20211115,160000,25.23,25.23,25.23,25.23,300,0
TCBX.US,5,20211115,160500,25.23,25.3,25.23,25.23,1800,0
TCBX.US,5,20211115,161000,25.23,25.23,25.23,25.23,100,0
TCBX.US,5,20211115,161500,25.23,25.29,25.23,25.23,600,0
TCBX.US,5,20211115,162000,25.23,25.29,25.23,25.28,1300,0
TCBX.US,5,20211115,162500,25.25,25.25,25.25,25.25,500,0
TCBX.US,5,20211115,163000,25.25,25.27,25.24,25.24,900,0
TCBX.US,5,20211115,163500,25.27,25.27,25.24,25.24,800,0
TCBX.US,5,20211115,164000,25.26,25.3,25.18,25.275,8773,0
TCBX.US,5,20211115,164500,25.25,25.28,25.25,25.25,900,0
TCBX.US,5,20211115,165000,25.27,25.3,25.25,25.27,2000,0
TCBX.US,5,20211115,165500,25.29,25.3,25.25,25.29,1600,0
TCBX.US,5,20211115,170000,25.29,25.3,25.25,25.28,3200,0
TCBX.US,5,20211115,170500,25.29,25.73,25.29,25.72,2248,0
TCBX.US,5,20211115,171000,25.71,25.77,25.49,25.77,3000,0
TCBX.US,5,20211115,171500,25.89,25.89,25.77,25.82,1400,0
TCBX.US,5,20211115,172000,25.82,25.94,25.79,25.94,10700,0
TCBX.US,5,20211115,172500,25.94,26,25.94,25.95,6149,0
TCBX.US,5,20211115,173000,25.97,25.985,25.9,25.95,500,0
TCBX.US,5,20211115,173500,25.945,25.945,25.9,25.92,6100,0
TCBX.US,5,20211115,174000,25.95,26.5,25.95,26.25,6113,0
TCBX.US,5,20211115,174500,26.28,26.46,26.1,26.39,3673,0
TCBX.US,5,20211115,175000,26.39,26.6,26.35,26.52,4800,0
TCBX.US,5,20211115,175500,26.54,26.55,26.27,26.27,2700,0
TCBX.US,5,20211115,180000,26.28,26.35,26.28,26.34,1100,0
TCBX.US,5,20211115,180500,26.35,26.35,26.2703,26.35,4042,0
TCBX.US,5,20211115,181000,26.3,26.3,26.2106,26.25,1100,0
TCBX.US,5,20211115,181500,26.3,26.435,26.2,26.435,3522,0
TCBX.US,5,20211115,182000,26.435,26.4856,26.36,26.36,6924,0
TCBX.US,5,20211115,182500,26.28,26.315,26.28,26.315,300,0
TCBX.US,5,20211115,183000,26.35,26.35,26.35,26.35,200,0
TCBX.US,5,20211115,183500,26.345,26.35,26.33,26.35,700,0
TCBX.US,5,20211115,184000,26.35,26.35,26.33,26.35,1748,0
TCBX.US,5,20211115,184500,26.35,26.35,26.33,26.33,1638,0
TCBX.US,5,20211115,185000,26.33,26.35,26.22,26.27,2700,0
TCBX.US,5,20211115,185500,26.35,26.35,26.35,26.35,100,0
TCBX.US,5,20211115,190000,26.35,26.35,26.32,26.35,500,0
TCBX.US,5,20211115,190500,26.35,26.35,26.3214,26.3214,584,0
TCBX.US,5,20211115,191000,26.35,26.35,26.35,26.35,900,0
TCBX.US,5,20211115,191500,26.35,26.35,26.325,26.35,800,0
TCBX.US,5,20211115,192000,26.345,26.35,26.345,26.35,200,0
TCBX.US,5,20211115,192500,26.35,26.35,26.35,26.35,900,0
TCBX.US,5,20211115,193000,26.35,26.475,26.35,26.45,1433,0
TCBX.US,5,20211115,193500,26.415,26.48,26.415,26.475,300,0
TCBX.US,5,20211115,194000,26.46,26.5,26.425,26.46,1700,0
TCBX.US,5,20211115,194500,26.49,26.5,26.48,26.48,400,0
TCBX.US,5,20211115,195000,26.5,26.68,26.425,26.46,6486,0
TCBX.US,5,20211115,195500,26.455,26.455,26.45,26.45,200,0
TCBX.US,5,20211115,200000,26.45,26.525,26.45,26.5,400,0
TCBX.US,5,20211115,200500,26.33,26.52,26.33,26.5,11200,0
TCBX.US,5,20211115,201000,26.5,26.515,26.49,26.515,5100,0
TCBX.US,5,20211115,201500,26.515,26.55,26.51,26.55,3994,0
TCBX.US,5,20211115,202000,26.54,26.725,26.54,26.64,14000,0
TCBX.US,5,20211115,202500,26.47,26.47,26.47,26.47,100,0
TCBX.US,5,20211115,203000,26.625,26.625,26.5468,26.6,314,0
TCBX.US,5,20211115,203500,26.625,26.6369,26.51,26.61,800,0
TCBX.US,5,20211115,204000,26.61,26.75,26.61,26.75,13019,0
TCBX.US,5,20211115,204500,26.74,26.75,26.64,26.64,2300,0
TCBX.US,5,20211115,205000,26.75,26.75,26.74,26.75,2019,0
TCBX.US,5,20211115,205500,26.75,26.78,26.73,26.77,1900,0
TCBX.US,5,20211115,210000,26.78,27,26.78,27,2251,0
TCBX.US,5,20211115,210500,26.98,26.98,26.84,26.8775,2140,0
TCBX.US,5,20211115,211000,26.85,26.99,26.85,26.98,300,0
TCBX.US,5,20211115,211500,26.99,27,26.949,27,1700,0
TCBX.US,5,20211115,212000,27,27,26.96,26.995,8194,0
TCBX.US,5,20211115,212500,26.99,27.22,26.96,27.15,6054,0
TCBX.US,5,20211115,213000,27.15,27.18,26.97,26.97,4285,0
TCBX.US,5,20211115,213500,26.99,27.08,26.89,27.07,1600,0
TCBX.US,5,20211115,214000,27.09,27.09,26.64,27.025,4300,0
TCBX.US,5,20211115,214500,27.03,27.03,26.3623,26.9,4600,0
TCBX.US,5,20211115,215000,26.94,26.94,26.55,26.55,8934,0
TCBX.US,5,20211115,215500,26.86,26.9,26.79,26.9,9288,0
TCBX.US,5,20211116,153000,26.53,26.53,26.53,26.53,358,0
TCBX.US,5,20211116,160000,26.53,26.53,26.53,26.53,200,0
TCBX.US,5,20211116,162000,26.95,26.95,26.95,26.95,100,0
TCBX.US,5,20211116,162500,26.765,26.765,26.765,26.765,150,0
TCBX.US,5,20211116,165500,26.95,26.95,26.95,26.95,100,0
TCBX.US,5,20211116,171000,26.9953,26.9953,26.9953,26.9953,200,0
TCBX.US,5,20211116,180000,26.9,26.9,26.9,26.9,983,0
TCBX.US,5,20211116,181500,26.86,26.86,26.86,26.86,185,0
TCBX.US,5,20211116,184500,26.9164,26.9164,26.9164,26.9164,400,0
TCBX.US,5,20211116,185000,26.95,26.95,26.95,26.95,100,0
TCBX.US,5,20211116,191500,26.95,26.95,26.95,26.95,367,0
TCBX.US,5,20211116,192000,26.955,26.955,26.955,26.955,4700,0
TCBX.US,5,20211116,192500,27,27.2,27,27.2,3971,0
TCBX.US,5,20211116,193000,27.2,27.5,27.2,27.48,819,0
TCBX.US,5,20211116,193500,27.48,27.5,27.48,27.5,200,0
TCBX.US,5,20211116,195500,27.4,27.4,27.4,27.4,100,0
TCBX.US,5,20211116,201000,27.4,27.435,27.4,27.435,200,0
TCBX.US,5,20211116,201500,27.4,27.4,27.4,27.4,100,0
TCBX.US,5,20211116,202500,27.4,27.4,27.4,27.4,100,0
TCBX.US,5,20211116,203500,27.33,27.33,27.33,27.33,200,0
TCBX.US,5,20211116,204000,27.3,27.3,27.035,27.035,2066,0
TCBX.US,5,20211116,204500,27.09,27.09,27.07,27.07,200,0
TCBX.US,5,20211116,205000,27.13,27.13,26.9107,27.05,2700,0
TCBX.US,5,20211116,205500,27.07,27.1,27.07,27.1,700,0
TCBX.US,5,20211116,210000,27.1,27.4,27.1,27.29,5858,0
TCBX.US,5,20211116,210500,27.23,27.3,27.2,27.3,954,0
TCBX.US,5,20211116,211000,27.4,27.415,27.25,27.415,1470,0
TCBX.US,5,20211116,214000,27.22,27.22,27.22,27.22,100,0
TCBX.US,5,20211116,215000,27.07,27.37,27.07,27.37,2483,0
TCBX.US,5,20211116,215500,27.11,27.4,27.1,27.35,11288,0
TCBX.US,5,20211117,153000,27.5,27.52,27.49,27.49,1273,0
TCBX.US,5,20211117,154500,27.2999,27.2999,27.2999,27.2999,100,0
TCBX.US,5,20211117,155500,27.15,27.15,27.15,27.15,100,0
TCBX.US,5,20211117,163500,27.25,27.25,27.25,27.25,100,0
TCBX.US,5,20211117,164000,27.25,27.5,27.25,27.47,7368,0
TCBX.US,5,20211117,164500,27.5,27.5,27.48,27.48,4776,0
TCBX.US,5,20211117,165000,27.5,27.5,27.4329,27.5,1388,0
TCBX.US,5,20211117,165500,27.5,27.5,27.46,27.5,1799,0
TCBX.US,5,20211117,170000,27.5,27.5,27.46,27.485,1750,0
TCBX.US,5,20211117,170500,27.5,27.5,27.5,27.5,200,0
TCBX.US,5,20211117,171500,27.5,27.51,27.49,27.495,10617,0
TCBX.US,5,20211117,172000,27.5,28.03,27.5,27.93,4872,0
TCBX.US,5,20211117,172500,27.98,27.98,27.74,27.8,2643,0
TCBX.US,5,20211117,173000,27.95,27.95,27.77,27.81,1300,0
TCBX.US,5,20211117,173500,27.81,28.07,27.81,28.01,3931,0
TCBX.US,5,20211117,174000,28.13,28.13,27.89,27.89,4367,0
TCBX.US,5,20211117,174500,27.885,27.885,27.885,27.885,100,0
TCBX.US,5,20211117,175000,27.82,28,27.6,28,1786,0
TCBX.US,5,20211117,175500,28.0005,28.19,28.0005,28.19,500,0
TCBX.US,5,20211117,181000,27.92,27.95,27.92,27.92,1114,0
TCBX.US,5,20211117,181500,28.05,28.09,27.99,28.09,4800,0
TCBX.US,5,20211117,182000,28.09,28.2,28.035,28.08,5023,0
TCBX.US,5,20211117,182500,28.08,28.18,27.99,27.99,9024,0
TCBX.US,5,20211117,183000,27.98,27.99,27.98,27.99,1200,0
TCBX.US,5,20211117,183500,28.11,28.11,27.99,28,300,0
TCBX.US,5,20211117,184000,27.99,28.02,27.375,28.02,2191,0
TCBX.US,5,20211117,184500,27.95,27.95,27.94,27.94,300,0
TCBX.US,5,20211117,185000,28.025,28.025,27.995,27.995,200,0
TCBX.US,5,20211117,185500,28.095,28.095,28.095,28.095,720,0
TCBX.US,5,20211117,190000,28,28,28,28,100,0
TCBX.US,5,20211117,190500,28,28,28,28,100,0
TCBX.US,5,20211117,191000,28,28.14,28,28,400,0
TCBX.US,5,20211117,192500,28.04,28.05,28.04,28.05,400,0
TCBX.US,5,20211117,193000,28.03,28.04,28.03,28.04,300,0
TCBX.US,5,20211117,193500,28.05,28.16,28.05,28.16,200,0
TCBX.US,5,20211117,194000,28.05,28.05,28.05,28.05,200,0
TCBX.US,5,20211117,194500,28,28.01,27.99,28,4196,0
TCBX.US,5,20211117,195000,27.98,27.98,27.91,27.92,3114,0
TCBX.US,5,20211117,195500,27.88,27.88,27.88,27.88,100,0
TCBX.US,5,20211117,200000,27.9,27.9,27.85,27.85,1600,0
TCBX.US,5,20211117,201000,27.8,27.8,27.63,27.7,5300,0
TCBX.US,5,20211117,201500,27.7,27.7,27.65,27.65,2100,0
TCBX.US,5,20211117,202000,27.7,27.7,27.61,27.65,2548,0
TCBX.US,5,20211117,202500,27.6494,27.65,27.62,27.62,900,0
TCBX.US,5,20211117,203000,27.75,27.75,27.75,27.75,100,0
TCBX.US,5,20211117,203500,27.65,27.65,27.6301,27.6301,1500,0
TCBX.US,5,20211117,204000,27.74,27.74,27.69,27.69,500,0
TCBX.US,5,20211117,204500,27.99,27.99,27.99,27.99,200,0
TCBX.US,5,20211117,205000,27.65,27.65,27.65,27.65,200,0
TCBX.US,5,20211117,205500,27.99,27.99,27.99,27.99,200,0
TCBX.US,5,20211117,210000,27.65,27.865,27.64,27.865,800,0
TCBX.US,5,20211117,210500,27.65,27.65,27.64,27.64,500,0
TCBX.US,5,20211117,211000,27.865,27.99,27.67,27.795,6710,0
TCBX.US,5,20211117,211500,27.8,27.8,27.8,27.8,100,0
TCBX.US,5,20211117,212000,27.8967,27.92,27.8967,27.92,300,0
TCBX.US,5,20211117,212500,27.9,28.02,27.88,28.02,700,0
TCBX.US,5,20211117,213000,27.87,27.87,27.87,27.87,400,0
TCBX.US,5,20211117,214500,27.98,28.05,27.98,28,800,0
TCBX.US,5,20211117,215000,27.92,28.01,27.92,28,600,0
TCBX.US,5,20211117,215500,28.06,28.06,27.92,27.92,2222,0
TCBX.US,5,20211118,153000,28.14,28.14,27.655,27.655,1434,0
TCBX.US,5,20211118,154000,28,28.01,27.97,28.01,1000,0
TCBX.US,5,20211118,154500,28,28.12,27.9905,28.12,400,0
TCBX.US,5,20211118,155000,28.41,28.41,28.11,28.11,800,0
TCBX.US,5,20211118,155500,28.34,28.4,28.28,28.315,2100,0
TCBX.US,5,20211118,160000,28.315,28.56,28.3102,28.4,1100,0
TCBX.US,5,20211118,160500,28.375,28.6,28.35,28.3506,600,0
TCBX.US,5,20211118,161000,28.4,28.6,28.35,28.372,1200,0
TCBX.US,5,20211118,161500,28.6,28.835,28.51,28.51,578,0
TCBX.US,5,20211118,162000,28.53,28.625,28.39,28.39,1337,0
TCBX.US,5,20211118,162500,28.32,28.37,28.235,28.24,950,0
TCBX.US,5,20211118,163000,28.14,28.28,28.14,28.28,400,0
TCBX.US,5,20211118,163500,28.19,28.605,28.19,28.32,1200,0
TCBX.US,5,20211118,164000,28.3,28.3,28.3,28.3,300,0
TCBX.US,5,20211118,165000,28.12,28.16,28.055,28.16,400,0
TCBX.US,5,20211118,170000,28.19,28.22,28.19,28.22,300,0
TCBX.US,5,20211118,170500,28.48,28.48,28.26,28.26,1990,0
TCBX.US,5,20211118,171000,28.195,28.195,28.195,28.195,100,0
TCBX.US,5,20211118,172000,28.09,28.09,28.09,28.09,100,0
TCBX.US,5,20211118,172500,28.24,28.53,28.24,28.53,450,0
TCBX.US,5,20211118,173000,28.3,28.3,28.3,28.3,200,0
TCBX.US,5,20211118,174000,28.3,28.315,28.3,28.315,900,0
TCBX.US,5,20211118,174500,28.23,28.3795,28.23,28.25,2212,0
TCBX.US,5,20211118,175000,28.35,28.35,28.35,28.35,500,0
TCBX.US,5,20211118,175500,28.17,28.48,28.17,28.4,1913,0
TCBX.US,5,20211118,180000,28.38,28.399,28.26,28.26,400,0
TCBX.US,5,20211118,180500,28.29,28.29,28.29,28.29,100,0
TCBX.US,5,20211118,181000,28.35,28.35,28.35,28.35,100,0
TCBX.US,5,20211118,181500,28.245,28.245,28.245,28.245,100,0
TCBX.US,5,20211118,182500,28.19,28.28,28.19,28.28,300,0
TCBX.US,5,20211118,183500,28.35,28.35,28.205,28.205,200,0
TCBX.US,5,20211118,184000,28.35,28.552,28.34,28.41,2311,0
TCBX.US,5,20211118,184500,28.505,28.505,28.505,28.505,100,0
TCBX.US,5,20211118,185500,28.51,28.51,28.29,28.29,2211,0
TCBX.US,5,20211118,190000,28.11,28.3994,28.11,28.36,800,0
TCBX.US,5,20211118,190500,28.35,28.95,28.35,28.79,1200,0
TCBX.US,5,20211118,191000,28.59,28.76,28,28.35,7056,0
TCBX.US,5,20211118,191500,28.34,28.41,28.28,28.28,1200,0
TCBX.US,5,20211118,192000,28.27,28.27,28.23,28.26,998,0
TCBX.US,5,20211118,192500,28.27,28.27,28.25,28.25,200,0
TCBX.US,5,20211118,193000,28.25,28.27,28.1,28.1,1100,0
TCBX.US,5,20211118,193500,28.02,28.2,28.02,28.2,700,0
TCBX.US,5,20211118,194000,28.25,28.25,28.16,28.16,200,0
TCBX.US,5,20211118,195000,28.1,28.23,28.1,28.23,300,0
TCBX.US,5,20211118,195500,28.11,28.115,28.02,28.02,500,0
TCBX.US,5,20211118,200000,28.105,28.105,28.07,28.07,200,0
TCBX.US,5,20211118,200500,28.15,28.195,28,28,1411,0
TCBX.US,5,20211118,201000,28.05,28.05,28.02,28.02,500,0
TCBX.US,5,20211118,201500,28,28.19,28,28.19,300,0
TCBX.US,5,20211118,202000,28,28,27.95,28,3596,0
TCBX.US,5,20211118,202500,28.25,28.25,28.1,28.2,700,0
TCBX.US,5,20211118,203000,27.98,27.98,27.98,27.98,100,0
TCBX.US,5,20211118,204500,28.095,28.095,28.09,28.09,200,0
TCBX.US,5,20211118,205500,28.1766,28.1766,28.01,28.1,600,0
TCBX.US,5,20211118,210000,28.01,28.125,28,28,2400,0
TCBX.US,5,20211118,210500,28,28,28,28,100,0
TCBX.US,5,20211118,211000,27.94,27.94,27.94,27.94,243,0
TCBX.US,5,20211118,211500,27.94,28.02,27.94,28.02,400,0
TCBX.US,5,20211118,213000,28.085,28.085,28.085,28.085,100,0
TCBX.US,5,20211118,213500,28.01,28.045,28.005,28.005,900,0
TCBX.US,5,20211118,214000,28.0823,28.0823,27.94,28.02,700,0
TCBX.US,5,20211118,214500,28.03,28.03,28.03,28.03,100,0
TCBX.US,5,20211118,215000,28,28,28,28,100,0
TCBX.US,5,20211118,215500,27.98,28.08,27.86,27.86,6071,0
TCBX.US,5,20211119,153000,27.61,27.61,27.61,27.61,109,0
TCBX.US,5,20211119,153500,27.64,27.6955,27.6,27.6,1400,0
TCBX.US,5,20211119,154500,27.3,27.3,27,27,2200,0
TCBX.US,5,20211119,155000,27.1,27.2,26.92,27.05,3731,0
TCBX.US,5,20211119,160000,27.25,27.2994,26.975,26.975,800,0
TCBX.US,5,20211119,160500,27.08,27.1,27.08,27.1,1602,0
TCBX.US,5,20211119,162000,27.61,27.61,27.61,27.61,100,0
TCBX.US,5,20211119,162500,27.28,27.31,27.06,27.075,1500,0
TCBX.US,5,20211119,163000,27.1435,27.1435,27.1435,27.1435,100,0
TCBX.US,5,20211119,163500,27.035,27.035,27.035,27.035,100,0
TCBX.US,5,20211119,164000,27.12,27.15,27.12,27.15,300,0
TCBX.US,5,20211119,164500,27.08,27.08,27,27.05,1800,0
TCBX.US,5,20211119,170500,27.14,27.14,27.14,27.14,100,0
TCBX.US,5,20211119,172500,26.93,26.99,26.795,26.795,1771,0
TCBX.US,5,20211119,173000,26.65,26.7,26.6,26.7,600,0
TCBX.US,5,20211119,174000,26.7711,26.9,26.465,26.9,1457,0
TCBX.US,5,20211119,174500,27,27,27,27,100,0
TCBX.US,5,20211119,175000,27,27,26.87,26.88,539,0
TCBX.US,5,20211119,175500,27,27,26.98,26.98,939,0
TCBX.US,5,20211119,180000,26.98,26.995,26.98,26.995,300,0
TCBX.US,5,20211119,180500,27.09,27.09,27.09,27.09,200,0
TCBX.US,5,20211119,181500,27.83,28.74,27.83,28.74,200,0
TCBX.US,5,20211119,182000,28.25,28.25,28.25,28.25,200,0
TCBX.US,5,20211119,183500,28.25,28.502,28.25,28.502,252,0
TCBX.US,5,20211119,184500,28.875,28.875,28.2,28.3,1030,0
TCBX.US,5,20211119,185000,29.02,29.05,29.02,29.05,200,0
TCBX.US,5,20211119,185500,29,29,29,29,100,0
TCBX.US,5,20211119,191000,28.925,28.935,28.925,28.935,200,0
TCBX.US,5,20211119,192000,28.82,28.91,28.8105,28.91,500,0
TCBX.US,5,20211119,192500,28.91,28.94,28.91,28.94,200,0
TCBX.US,5,20211119,193000,29.1285,29.1285,29.1,29.1,400,0
TCBX.US,5,20211119,194000,28.95,28.96,28.8,28.85,1300,0
TCBX.US,5,20211119,194500,28.785,28.785,28.4,28.58,1399,0
TCBX.US,5,20211119,195000,28.66,28.87,28.66,28.87,800,0
TCBX.US,5,20211119,195500,28.75,28.75,28.65,28.65,753,0
TCBX.US,5,20211119,200000,28.565,28.65,28.48,28.48,1732,0
TCBX.US,5,20211119,201000,28.475,28.475,28.3,28.3,1066,0
TCBX.US,5,20211119,201500,28.3,28.3,28.3,28.3,200,0
TCBX.US,5,20211119,202500,28.325,28.41,28.235,28.41,1800,0
TCBX.US,5,20211119,203000,28.45,28.45,28.45,28.45,200,0
TCBX.US,5,20211119,203500,28.445,28.65,28.445,28.65,500,0
TCBX.US,5,20211119,204000,28.65,28.65,28.65,28.65,100,0
TCBX.US,5,20211119,205000,28.65,28.65,28.485,28.485,300,0
TCBX.US,5,20211119,205500,28.525,28.65,28.525,28.65,400,0
TCBX.US,5,20211119,210500,28.525,28.65,28.525,28.53,680,0
TCBX.US,5,20211119,211000,28.5,28.65,28.5,28.5,500,0
TCBX.US,5,20211119,211500,28.5798,28.5798,28.285,28.2993,3547,0
TCBX.US,5,20211119,212000,28.01,28.01,28.01,28.01,100,0
TCBX.US,5,20211119,212500,28.1,28.1,28.1,28.1,100,0
TCBX.US,5,20211119,213500,28.65,28.65,28.5,28.5,500,0
TCBX.US,5,20211119,214000,28.39,28.65,28.39,28.505,700,0
TCBX.US,5,20211119,214500,28.4,28.635,28.4,28.635,1600,0
TCBX.US,5,20211119,215000,28.65,28.65,27.99,27.99,3745,0
TCBX.US,5,20211119,215500,27.75,28.39,27.28,28,13047,0
TCBX.US,5,20211122,153000,27.73,27.73,27.73,27.73,133,0
TCBX.US,5,20211122,153500,30.5,30.5,30.5,30.5,296,0
TCBX.US,5,20211122,172500,27.8082,27.8082,27.8082,27.8082,130,0
TCBX.US,5,20211122,175000,28.09,28.4,28.09,28.4,200,0
TCBX.US,5,20211122,175500,28.63,29.02,28.41,29.02,600,0
TCBX.US,5,20211122,182000,28.915,28.915,28.915,28.915,200,0
TCBX.US,5,20211122,185500,28.79,28.79,27.81,27.81,300,0
TCBX.US,5,20211122,191500,28.0361,28.0361,28.0361,28.0361,300,0
TCBX.US,5,20211122,192500,28.645,28.65,28.645,28.65,200,0
TCBX.US,5,20211122,203500,28.57,29.18,28.57,28.94,4067,0
TCBX.US,5,20211122,204000,29.16,29.16,28.955,28.96,600,0
TCBX.US,5,20211122,205000,28.83,28.83,28.83,28.83,100,0
TCBX.US,5,20211122,205500,29.015,29.11,28.92,28.95,800,0
TCBX.US,5,20211122,210000,28.93,28.99,28.93,28.97,500,0
TCBX.US,5,20211122,210500,28.93,28.98,28.45,28.45,1914,0
TCBX.US,5,20211122,212000,28.37,28.37,28.2,28.2,300,0
TCBX.US,5,20211122,213000,28.29,28.37,28.29,28.37,200,0
TCBX.US,5,20211122,214000,28.205,28.205,27.96,27.96,400,0
TCBX.US,5,20211122,214500,28.01,28.01,28.01,28.01,200,0
TCBX.US,5,20211122,215000,28.04,28.04,28.03,28.03,200,0
TCBX.US,5,20211122,215500,28.02,28.05,27.625,27.87,10404,0
TCBX.US,5,20211123,153000,27.82,27.82,27.5,27.64,905,0
TCBX.US,5,20211123,162000,29.51,29.51,29.51,29.51,100,0
TCBX.US,5,20211123,170500,28.035,28.035,28.035,28.035,100,0
TCBX.US,5,20211123,171000,28,28,27.87,27.87,360,0
TCBX.US,5,20211123,171500,27.9601,27.99,27.9601,27.99,200,0
TCBX.US,5,20211123,172000,27.87,27.87,27.64,27.85,1000,0
TCBX.US,5,20211123,173000,27.795,27.795,27.795,27.795,100,0
TCBX.US,5,20211123,173500,27.64,27.64,27.64,27.64,100,0
TCBX.US,5,20211123,174000,27.64,27.67,27.51,27.51,4792,0
TCBX.US,5,20211123,174500,27.7549,27.7549,27.33,27.33,1100,0
TCBX.US,5,20211123,175000,27.05,27.05,27,27,225,0
TCBX.US,5,20211123,175500,26,26,26,26,100,0
TCBX.US,5,20211123,180000,26.2699,26.2699,26.2699,26.2699,190,0
TCBX.US,5,20211123,180500,25.25,25.25,25.25,25.25,100,0
TCBX.US,5,20211123,181000,25.575,25.575,25.575,25.575,100,0
TCBX.US,5,20211123,181500,25.32,25.5946,25.32,25.53,350,0
TCBX.US,5,20211123,182000,25.25,25.36,25.25,25.36,958,0
TCBX.US,5,20211123,182500,25.465,25.53,25.33,25.5094,1979,0
TCBX.US,5,20211123,183000,25.57,26.2,25.57,25.845,1900,0
TCBX.US,5,20211123,183500,25.98,26.06,25.98,26.06,300,0
TCBX.US,5,20211123,184000,26.185,26.185,26.05,26.05,900,0
TCBX.US,5,20211123,184500,26.36,26.7,26.33,26.5,2100,0
TCBX.US,5,20211123,185000,26.34,26.465,26.09,26.09,1193,0
TCBX.US,5,20211123,185500,26.37,26.98,26.37,26.65,3944,0
TCBX.US,5,20211123,190000,26.51,26.51,26.51,26.51,100,0
TCBX.US,5,20211123,190500,26.78,26.91,26.675,26.91,3338,0
TCBX.US,5,20211123,191000,26.97,27.01,26.93,26.93,556,0
TCBX.US,5,20211123,193000,27.13,27.13,27.13,27.13,100,0
TCBX.US,5,20211123,203000,27.56,27.57,27.56,27.57,300,0
TCBX.US,5,20211123,205500,27.52,27.65,27.52,27.6405,700,0
TCBX.US,5,20211123,211000,28.04,28.04,28.04,28.04,100,0
TCBX.US,5,20211123,213000,28.05,28.05,28.05,28.05,100,0
TCBX.US,5,20211123,213500,27.8291,27.935,27.8291,27.935,250,0
TCBX.US,5,20211123,214000,28.14,28.32,28.14,28.32,856,0
TCBX.US,5,20211123,214500,28.25,28.295,28.25,28.295,300,0
TCBX.US,5,20211123,215000,28.28,28.4294,27.505,28.265,7988,0
TCBX.US,5,20211123,215500,28.195,28.195,27.81,27.87,2670,0
TCBX.US,5,20211124,153000,27.53,27.53,27.24,27.24,291,0
TCBX.US,5,20211124,160500,28.44,28.44,28.44,28.44,100,0
TCBX.US,5,20211124,163000,28.07,28.07,28.07,28.07,100,0
TCBX.US,5,20211124,163500,28.39,28.39,28.39,28.39,100,0
TCBX.US,5,20211124,165500,28.09,28.09,28.09,28.09,100,0
TCBX.US,5,20211124,170000,28.37,28.37,28.37,28.37,100,0
TCBX.US,5,20211124,172500,28.36,28.59,28.35,28.35,900,0
TCBX.US,5,20211124,173000,28.4299,28.4299,28.4299,28.4299,200,0
TCBX.US,5,20211124,173500,28.65,28.74,28.65,28.74,200,0
TCBX.US,5,20211124,174500,28.75,28.75,28.75,28.75,100,0
TCBX.US,5,20211124,175000,28.63,28.63,28.63,28.63,100,0
TCBX.US,5,20211124,175500,28.375,28.375,28.375,28.375,100,0
TCBX.US,5,20211124,181500,28.345,28.595,28.345,28.595,200,0
TCBX.US,5,20211124,183500,28.42,28.42,28.12,28.12,1000,0
TCBX.US,5,20211124,184000,27.64,27.9,27.64,27.9,300,0
TCBX.US,5,20211124,184500,27.8,27.8,27.15,27.15,2989,0
TCBX.US,5,20211124,185000,27.27,27.6,26.85,27.6,2102,0
TCBX.US,5,20211124,185500,27.5,27.5,27.2,27.27,497,0
TCBX.US,5,20211124,190500,27.85,27.85,27.85,27.85,400,0
TCBX.US,5,20211124,191000,27.8,27.89,27.725,27.89,900,0
TCBX.US,5,20211124,191500,27.96,27.96,27.96,27.96,400,0
TCBX.US,5,20211124,192500,28.24,28.24,27.94,28.2,300,0
TCBX.US,5,20211124,193500,28.23,28.23,27.685,27.685,500,0
TCBX.US,5,20211124,194000,27.95,27.95,27.35,27.6585,1700,0
TCBX.US,5,20211124,194500,27.65,27.65,27.3822,27.65,1704,0
TCBX.US,5,20211124,195500,27.8,27.8,27.8,27.8,100,0
TCBX.US,5,20211124,202500,27.63,27.63,27.63,27.63,100,0
TCBX.US,5,20211124,203000,27.615,27.615,27.615,27.615,100,0
TCBX.US,5,20211124,203500,27.44,27.44,27.44,27.44,100,0
TCBX.US,5,20211124,204500,27.22,27.71,27.22,27.71,901,0
TCBX.US,5,20211124,205500,27.59,27.59,27.59,27.59,100,0
TCBX.US,5,20211124,210500,27.9,27.9,27.9,27.9,100,0
TCBX.US,5,20211124,211000,27.49,27.49,27.01,27.23,400,0
TCBX.US,5,20211124,211500,27.2,27.23,27.2,27.21,300,0
TCBX.US,5,20211124,213000,27.325,27.75,27.325,27.75,200,0
TCBX.US,5,20211124,213500,27.5,27.62,27.5,27.62,200,0
TCBX.US,5,20211124,214000,27.77,27.77,27.77,27.77,100,0
TCBX.US,5,20211124,215000,28.02,28.02,28.02,28.02,100,0
TCBX.US,5,20211124,215500,28.02,28.02,27.51,27.69,1644,0
TCBX.US,5,20211126,153000,27.49,27.49,27.49,27.49,1332,0
TCBX.US,5,20211126,153500,28.82,28.82,28.82,28.82,100,0
TCBX.US,5,20211126,155000,27.9,27.9,27.5,27.5,1500,0
TCBX.US,5,20211126,155500,27.5,27.5,27.39,27.5,400,0
TCBX.US,5,20211126,160000,27.5175,27.5175,27.51,27.51,325,0
TCBX.US,5,20211126,160500,27.45,27.51,27.45,27.5,400,0
TCBX.US,5,20211126,161000,27.5,28.02,27.5,27.57,1000,0
TCBX.US,5,20211126,162000,28,28,28,28,100,0
TCBX.US,5,20211126,163500,27.5,27.5,27.5,27.5,140,0
TCBX.US,5,20211126,164500,27.3636,27.48,27.3075,27.3075,600,0
TCBX.US,5,20211126,165000,27.51,27.51,27.44,27.44,200,0
TCBX.US,5,20211126,165500,27.34,27.34,27.34,27.34,100,0
TCBX.US,5,20211126,171500,27.2,27.2,27.2,27.2,541,0
TCBX.US,5,20211126,172000,27.2,27.26,27.15,27.15,1680,0
TCBX.US,5,20211126,172500,27.185,27.185,27.185,27.185,100,0
TCBX.US,5,20211126,183000,27.45,27.45,27.45,27.45,100,0
TCBX.US,5,20211126,184000,27.4,27.4,27.4,27.4,100,0
TCBX.US,5,20211126,185000,27.35,27.35,27.35,27.35,100,0
TCBX.US,5,20211126,185500,27.35,27.35,27.15,27.15,200,0
TCBX.US,5,20211129,153000,27.52,27.52,27.52,27.52,117,0
TCBX.US,5,20211129,154000,27.23,27.23,27.02,27.23,1300,0
TCBX.US,5,20211129,154500,27.03,27.03,27.03,27.03,100,0
TCBX.US,5,20211129,155000,27.23,27.23,27.23,27.23,100,0
TCBX.US,5,20211129,160000,27.32,27.35,27.26,27.35,300,0
TCBX.US,5,20211129,160500,27.23,27.23,27.23,27.23,100,0
TCBX.US,5,20211129,161500,27,27.05,26.85,26.85,2711,0
TCBX.US,5,20211129,162500,26.85,26.85,26.85,26.85,200,0
TCBX.US,5,20211129,163000,27,27,27,27,200,0
TCBX.US,5,20211129,163500,26.85,26.85,26.85,26.85,100,0
TCBX.US,5,20211129,164000,26.86,26.87,26.86,26.87,300,0
TCBX.US,5,20211129,170500,26.915,26.98,26.85,26.87,1149,0
TCBX.US,5,20211129,171500,26.9082,26.9082,26.9082,26.9082,225,0
TCBX.US,5,20211129,172500,26.92,27,26.86,27,700,0
TCBX.US,5,20211129,173500,27.185,27.4239,27.03,27.37,2094,0
TCBX.US,5,20211129,174500,27.185,27.185,26.93,26.93,4900,0
TCBX.US,5,20211129,175000,27.175,27.175,26.88,26.99,2500,0
TCBX.US,5,20211129,180500,26.99,26.99,26.99,26.99,400,0
TCBX.US,5,20211129,181000,26.85,26.92,26.6,26.615,5336,0
TCBX.US,5,20211129,181500,26.54,26.8,26.54,26.74,1000,0
TCBX.US,5,20211129,182500,26.76,26.76,26.76,26.76,100,0
TCBX.US,5,20211129,184000,26.7,26.7,26.7,26.7,209,0
TCBX.US,5,20211129,185000,26.77,26.77,26.72,26.72,520,0
TCBX.US,5,20211129,185500,26.72,26.81,26.72,26.81,600,0
TCBX.US,5,20211129,190000,26.83,26.98,26.82,26.98,300,0
TCBX.US,5,20211129,191000,26.9,27,26.89,26.905,1711,0
TCBX.US,5,20211129,191500,26.86,26.86,26.86,26.86,100,0
TCBX.US,5,20211129,192000,26.71,26.71,26.71,26.71,200,0
TCBX.US,5,20211129,193000,26.66,26.66,26.66,26.66,100,0
TCBX.US,5,20211129,193500,26.75,26.75,26.75,26.75,100,0
TCBX.US,5,20211129,194500,26.68,26.88,26.68,26.79,600,0
TCBX.US,5,20211129,195000,26.7006,26.7006,26.7006,26.7006,100,0
TCBX.US,5,20211129,195500,26.73,26.73,26.73,26.73,700,0
TCBX.US,5,20211129,201500,26.61,26.68,26.59,26.68,500,0
TCBX.US,5,20211129,202500,26.62,26.62,26.62,26.62,100,0
TCBX.US,5,20211129,203000,26.62,26.62,26.62,26.62,100,0
TCBX.US,5,20211129,204000,26.59,26.59,26.42,26.42,831,0
TCBX.US,5,20211129,205500,26.21,26.21,26.21,26.21,120,0
TCBX.US,5,20211129,210500,26.02,26.07,26,26,700,0
TCBX.US,5,20211129,211000,26.14,26.14,26.12,26.12,220,0
TCBX.US,5,20211129,211500,26,26,26,26,200,0
TCBX.US,5,20211129,212000,26.17,26.245,26.12,26.245,920,0
TCBX.US,5,20211129,212500,26.24,26.24,26.195,26.195,400,0
TCBX.US,5,20211129,213000,26.205,26.205,26.205,26.205,100,0
TCBX.US,5,20211129,213500,26.15,26.15,26,26.01,9199,0
TCBX.US,5,20211129,214000,26.02,26.04,26,26.005,7610,0
TCBX.US,5,20211129,214500,26.005,26.01,26,26.01,3548,0
TCBX.US,5,20211129,215000,26.005,26.06,26,26.055,1297,0
TCBX.US,5,20211129,215500,26,26.24,25.95,26.24,10494,0
TCBX.US,5,20211130,153000,25.91,26.5,25.91,26.12,1193,0
TCBX.US,5,20211130,153500,26.45,26.45,26.45,26.45,1000,0
TCBX.US,5,20211130,154000,26.42,26.42,26.42,26.42,100,0
TCBX.US,5,20211130,154500,26.79,26.79,26.79,26.79,100,0
TCBX.US,5,20211130,155000,26.79,26.99,26.79,26.99,200,0
TCBX.US,5,20211130,155500,26.97,26.97,26.97,26.97,100,0
TCBX.US,5,20211130,160500,26.98,26.98,26.98,26.98,100,0
TCBX.US,5,20211130,161000,26.99,27,26.99,27,400,0
TCBX.US,5,20211130,162500,27,27,27,27,389,0
TCBX.US,5,20211130,163000,27,27.4,26.88,27.4,1144,0
TCBX.US,5,20211130,164000,27.41,27.41,27.41,27.41,100,0
TCBX.US,5,20211130,164500,27.42,27.42,27.275,27.275,200,0
TCBX.US,5,20211130,165000,27.4,27.4,27.18,27.18,200,0
TCBX.US,5,20211130,165500,27.2,27.2,26.825,26.825,1170,0
TCBX.US,5,20211130,170000,26.65,26.66,26.65,26.65,400,0
TCBX.US,5,20211130,170500,26.55,26.75,26.55,26.75,364,0
TCBX.US,5,20211130,171000,26.75,26.75,26.75,26.75,200,0
TCBX.US,5,20211130,171500,26.74,26.75,26.74,26.75,200,0
TCBX.US,5,20211130,172500,26.75,26.75,26.75,26.75,100,0
TCBX.US,5,20211130,173000,26.75,26.75,26.615,26.615,300,0
TCBX.US,5,20211130,173500,26.71,26.71,26.615,26.615,600,0
TCBX.US,5,20211130,175500,26.99,26.99,26.99,26.99,100,0
TCBX.US,5,20211130,180000,27,27,27,27,100,0
TCBX.US,5,20211130,180500,27,27,27,27,100,0
TCBX.US,5,20211130,181000,26.94,26.94,26.94,26.94,100,0
TCBX.US,5,20211130,181500,26.98,26.98,26.79,26.87,300,0
TCBX.US,5,20211130,183000,26.94,26.94,26.94,26.94,100,0
TCBX.US,5,20211130,183500,27,27,27,27,100,0
TCBX.US,5,20211130,184000,26.875,26.875,26.75,26.75,500,0
TCBX.US,5,20211130,185000,26.98,26.98,26.98,26.98,100,0
TCBX.US,5,20211130,190500,27,27,27,27,100,0
TCBX.US,5,20211130,191000,27,27,26.79,26.79,939,0
TCBX.US,5,20211130,191500,26.99,27,26.99,26.99,800,0
TCBX.US,5,20211130,192000,26.99,27,26.83,26.83,1100,0
TCBX.US,5,20211130,192500,26.99,26.99,26.87,26.87,800,0
TCBX.US,5,20211130,193000,26.87,26.87,26.7,26.7,500,0
TCBX.US,5,20211130,193500,26.58,26.68,26.58,26.67,300,0
TCBX.US,5,20211130,194000,26.79,26.79,26.79,26.79,100,0
TCBX.US,5,20211130,194500,26.785,26.785,26.785,26.785,100,0
TCBX.US,5,20211130,195500,26.64,26.68,26.5,26.59,2626,0
TCBX.US,5,20211130,200000,26.56,26.925,26.545,26.7335,1200,0
TCBX.US,5,20211130,200500,26.865,26.865,26.865,26.865,100,0
TCBX.US,5,20211130,201000,26.86,26.86,26.855,26.855,200,0
TCBX.US,5,20211130,201500,26.86,26.86,26.86,26.86,329,0
TCBX.US,5,20211130,202000,26.79,26.79,26.79,26.79,100,0
TCBX.US,5,20211130,202500,26.79,26.79,26.79,26.79,100,0
TCBX.US,5,20211130,203500,26.77,26.82,26.77,26.82,200,0
TCBX.US,5,20211130,204500,26.86,26.86,26.86,26.86,200,0
TCBX.US,5,20211130,205000,26.865,26.865,26.79,26.79,1200,0
TCBX.US,5,20211130,210000,26.64,26.64,26.64,26.64,100,0
TCBX.US,5,20211130,210500,26.78,26.78,26.78,26.78,100,0
TCBX.US,5,20211130,211000,26.78,26.78,26.66,26.72,300,0
TCBX.US,5,20211130,211500,26.79,26.98,26.75,26.98,1986,0
TCBX.US,5,20211130,212000,27,27,26.8,26.875,410,0
TCBX.US,5,20211130,213000,26.8,26.93,26.8,26.93,400,0
TCBX.US,5,20211130,213500,26.8,26.93,26.8,26.93,200,0
TCBX.US,5,20211130,214000,26.88,26.93,26.815,26.89,1183,0
TCBX.US,5,20211130,214500,26.75,26.92,26.75,26.92,200,0
TCBX.US,5,20211130,215000,26.83,26.93,26.83,26.93,1631,0
TCBX.US,5,20211130,215500,26.93,27,26.75,26.79,4087,0
TCBX.US,5,20211201,153000,27,27,27,27,925,0
TCBX.US,5,20211201,154000,26.535,26.535,26.535,26.535,400,0
TCBX.US,5,20211201,154500,26.535,26.535,26.24,26.24,300,0
TCBX.US,5,20211201,155000,26.535,26.535,26.535,26.535,300,0
TCBX.US,5,20211201,155500,26.33,26.965,26.33,26.54,500,0
TCBX.US,5,20211201,160000,26.465,26.4983,26.465,26.4983,200,0
TCBX.US,5,20211201,160500,26.8,26.8,26.6,26.75,1000,0
TCBX.US,5,20211201,161500,26.35,26.7338,26.35,26.7338,600,0
TCBX.US,5,20211201,162000,26.41,26.76,26.41,26.76,300,0
TCBX.US,5,20211201,162500,26.315,26.6,26.315,26.6,800,0
TCBX.US,5,20211201,163000,26.55,26.845,26.5,26.845,2193,0
TCBX.US,5,20211201,164000,26.505,26.795,26.47,26.795,1070,0
TCBX.US,5,20211201,164500,26.615,26.615,26.61,26.61,300,0
TCBX.US,5,20211201,165000,26.61,26.97,26.61,26.955,1500,0
TCBX.US,5,20211201,165500,26.88,26.96,26.79,26.79,700,0
TCBX.US,5,20211201,170000,26.845,26.845,26.695,26.695,700,0
TCBX.US,5,20211201,170500,26.51,26.76,26.51,26.75,1601,0
TCBX.US,5,20211201,171000,26.8,26.84,26.66,26.84,1508,0
TCBX.US,5,20211201,171500,26.61,26.68,26.56,26.56,400,0
TCBX.US,5,20211201,172000,26.53,26.62,26.53,26.61,801,0
TCBX.US,5,20211201,172500,26.515,26.515,26.515,26.515,300,0
TCBX.US,5,20211201,173000,26.515,26.7,26.515,26.7,550,0
TCBX.US,5,20211201,173500,26.525,26.75,26.47,26.75,1800,0
TCBX.US,5,20211201,174500,26.81,26.81,26.665,26.665,261,0
TCBX.US,5,20211201,175000,26.69,26.69,26.69,26.69,100,0
TCBX.US,5,20211201,175500,26.81,26.81,26.72,26.72,262,0
TCBX.US,5,20211201,180000,26.805,26.805,26.46,26.65,2100,0
TCBX.US,5,20211201,180500,26.65,26.65,26.46,26.593,400,0
TCBX.US,5,20211201,181000,26.56,26.56,26.56,26.56,100,0
TCBX.US,5,20211201,182000,26.64,26.64,26.64,26.64,100,0
TCBX.US,5,20211201,182500,26.63,26.785,26.595,26.645,2300,0
TCBX.US,5,20211201,183000,26.525,26.575,26.525,26.575,200,0
TCBX.US,5,20211201,183500,26.6,26.6,26.55,26.55,400,0
TCBX.US,5,20211201,184500,26.57,26.615,26.57,26.6,720,0
TCBX.US,5,20211201,185000,26.57,26.665,26.57,26.665,431,0
TCBX.US,5,20211201,185500,26.59,26.665,26.59,26.59,400,0
TCBX.US,5,20211201,190000,26.59,26.66,26.535,26.6,900,0
TCBX.US,5,20211201,190500,26.6,26.64,26.545,26.545,400,0
TCBX.US,5,20211201,191000,26.545,26.67,26.545,26.645,460,0
TCBX.US,5,20211201,191500,26.5875,26.64,26.585,26.64,900,0
TCBX.US,5,20211201,192000,26.59,26.69,26.59,26.63,1100,0
TCBX.US,5,20211201,192500,26.62,26.62,26.61,26.61,500,0
TCBX.US,5,20211201,193000,26.54,26.6,26.425,26.425,700,0
TCBX.US,5,20211201,193500,26.45,26.6,26.45,26.5,1300,0
TCBX.US,5,20211201,194000,26.59,26.59,26.5,26.52,1807,0
TCBX.US,5,20211201,195000,26.52,26.52,26.52,26.52,100,0
TCBX.US,5,20211201,195500,26.38,26.54,26.38,26.54,600,0
TCBX.US,5,20211201,200000,26.5,26.57,26.5,26.57,1301,0
TCBX.US,5,20211201,200500,26.61,26.8,26.51,26.8,300,0
TCBX.US,5,20211201,201000,26.69,26.8,26.53,26.65,2900,0
TCBX.US,5,20211201,201500,26.71,26.74,26.66,26.66,700,0
TCBX.US,5,20211201,202000,26.65,26.76,26.64,26.64,800,0
TCBX.US,5,20211201,202500,26.64,26.7,26.56,26.7,500,0
TCBX.US,5,20211201,203000,26.51,26.66,26.51,26.66,500,0
TCBX.US,5,20211201,203500,26.65,26.78,26.5,26.69,3003,0
TCBX.US,5,20211201,204000,26.655,26.655,26.49,26.52,3980,0
TCBX.US,5,20211201,204500,26.55,26.64,26.53,26.53,2584,0
TCBX.US,5,20211201,205000,26.58,26.58,26.5,26.5,200,0
TCBX.US,5,20211201,205500,26.55,26.65,26.52,26.52,900,0
TCBX.US,5,20211201,210000,26.58,26.58,26.52,26.55,300,0
TCBX.US,5,20211201,210500,26.4417,26.95,26.4417,26.95,1390,0
TCBX.US,5,20211201,211000,26.8,26.8,26.62,26.79,2300,0
TCBX.US,5,20211201,211500,26.7,26.77,26.695,26.695,300,0
TCBX.US,5,20211201,212000,26.72,26.75,26.65,26.74,500,0
TCBX.US,5,20211201,212500,26.685,26.75,26.62,26.6398,1448,0
TCBX.US,5,20211201,213000,26.65,26.78,26.53,26.78,2500,0
TCBX.US,5,20211201,213500,26.75,26.755,26.62,26.73,1100,0
TCBX.US,5,20211201,214000,26.655,26.655,26.6,26.655,400,0
TCBX.US,5,20211201,214500,26.59,26.675,26.59,26.67,1100,0
TCBX.US,5,20211201,215000,26.67,26.85,26.55,26.85,1254,0
TCBX.US,5,20211201,215500,26.835,26.94,26.68,26.68,2030,0
TCBX.US,5,20211202,153000,26.61,26.61,26.61,26.61,104,0
TCBX.US,5,20211202,155500,26.93,26.93,26.93,26.93,100,0
TCBX.US,5,20211202,161000,26.535,26.535,26.535,26.535,100,0
TCBX.US,5,20211202,161500,26.69,26.69,26.69,26.69,100,0
TCBX.US,5,20211202,162000,26.65,26.65,26.65,26.65,100,0
TCBX.US,5,20211202,162500,26.65,26.71,26.55,26.71,700,0
TCBX.US,5,20211202,163000,26.79,26.79,26.79,26.79,100,0
TCBX.US,5,20211202,163500,26.75,26.94,26.7,26.895,1900,0
TCBX.US,5,20211202,164000,26.8902,26.91,26.85,26.91,400,0
TCBX.US,5,20211202,164500,26.85,26.85,26.85,26.85,200,0
TCBX.US,5,20211202,165500,26.855,26.855,26.855,26.855,100,0
TCBX.US,5,20211202,170000,26.83,26.83,26.515,26.76,1600,0
TCBX.US,5,20211202,170500,26.71,26.8,26.62,26.75,2826,0
TCBX.US,5,20211202,171000,26.7,26.765,26.65,26.75,5100,0
TCBX.US,5,20211202,171500,26.75,26.795,26.71,26.74,1100,0
TCBX.US,5,20211202,172000,26.75,26.75,26.66,26.69,940,0
TCBX.US,5,20211202,172500,26.74,26.81,26.505,26.69,1395,0
TCBX.US,5,20211202,173000,26.635,26.815,26.635,26.815,997,0
TCBX.US,5,20211202,173500,26.75,26.75,26.75,26.75,100,0
TCBX.US,5,20211202,174000,26.815,26.82,26.755,26.755,400,0
TCBX.US,5,20211202,174500,26.75,26.75,26.72,26.75,2183,0
TCBX.US,5,20211202,175000,26.69,26.78,26.67,26.71,3200,0
TCBX.US,5,20211202,175500,26.75,26.75,26.74,26.75,672,0
TCBX.US,5,20211202,180000,26.74,26.74,26.74,26.74,100,0
TCBX.US,5,20211202,181000,26.74,26.74,26.74,26.74,100,0
TCBX.US,5,20211202,181500,26.68,26.68,26.68,26.68,200,0
TCBX.US,5,20211202,182000,26.73,26.73,26.73,26.73,200,0
TCBX.US,5,20211202,183500,26.765,26.8,26.765,26.8,200,0
TCBX.US,5,20211202,184000,26.73,26.79,26.73,26.79,200,0
TCBX.US,5,20211202,184500,26.79,26.85,26.79,26.81,700,0
TCBX.US,5,20211202,185500,26.84,26.84,26.84,26.84,100,0
TCBX.US,5,20211202,191500,26.83,26.89,26.82,26.89,1699,0
TCBX.US,5,20211202,192000,26.805,26.805,26.805,26.805,100,0
TCBX.US,5,20211202,194000,26.89,26.91,26.89,26.91,200,0
TCBX.US,5,20211202,194500,26.93,26.93,26.93,26.93,300,0
TCBX.US,5,20211202,195000,26.82,26.93,26.82,26.93,300,0
TCBX.US,5,20211202,200000,26.94,26.94,26.94,26.94,100,0
TCBX.US,5,20211202,200500,26.81,26.93,26.8,26.9104,1599,0
TCBX.US,5,20211202,203500,26.94,26.94,26.94,26.94,200,0
TCBX.US,5,20211202,204500,26.94,26.94,26.82,26.82,1026,0
TCBX.US,5,20211202,205000,26.8872,26.94,26.71,26.825,6194,0
TCBX.US,5,20211202,205500,26.93,26.93,26.9104,26.93,300,0
TCBX.US,5,20211202,210000,26.93,26.93,26.86,26.86,200,0
TCBX.US,5,20211202,210500,26.82,26.9,26.82,26.825,300,0
TCBX.US,5,20211202,211000,26.92,27.08,26.89,27.08,1600,0
TCBX.US,5,20211202,211500,27,27.19,26.985,27.17,2600,0
TCBX.US,5,20211202,212000,27.18,27.18,27.075,27.08,300,0
TCBX.US,5,20211202,212500,27.18,27.18,27.18,27.18,100,0
TCBX.US,5,20211202,213000,27.19,27.19,27.09,27.18,759,0
TCBX.US,5,20211202,213500,27.04,27.04,27.04,27.04,100,0
TCBX.US,5,20211202,214000,27.18,27.18,27.18,27.18,100,0
TCBX.US,5,20211202,214500,27.18,27.18,27.18,27.18,300,0
TCBX.US,5,20211202,215000,27.1899,27.19,27.05,27.17,3900,0
TCBX.US,5,20211202,215500,27.17,27.18,26.88,26.9,5466,0
TCBX.US,5,20211203,153000,26.8,26.8,26.75,26.8,981,0
TCBX.US,5,20211203,154000,26.65,26.72,26.5,26.5,2000,0
TCBX.US,5,20211203,154500,26.71,26.79,26.71,26.73,500,0
TCBX.US,5,20211203,155000,26.75,26.85,26.7,26.7,6796,0
TCBX.US,5,20211203,155500,26.515,26.75,26.515,26.74,2189,0
TCBX.US,5,20211203,160000,26.57,26.75,26.57,26.74,1200,0
TCBX.US,5,20211203,160500,26.73,26.76,26.69,26.75,2500,0
TCBX.US,5,20211203,161000,26.75,26.93,26.6843,26.9,3624,0
TCBX.US,5,20211203,162500,26.62,26.74,26.62,26.63,400,0
TCBX.US,5,20211203,163000,26.5194,26.76,26.5194,26.76,1200,0
TCBX.US,5,20211203,163500,26.77,26.8193,26.645,26.645,1572,0
TCBX.US,5,20211203,164000,26.61,26.72,26.61,26.65,1784,0
TCBX.US,5,20211203,164500,26.65,26.74,26.65,26.74,1231,0
TCBX.US,5,20211203,165000,26.8,26.8,26.75,26.76,623,0
TCBX.US,5,20211203,165500,26.6,26.69,26.6,26.69,300,0
TCBX.US,5,20211203,170000,26.67,26.74,26.67,26.72,595,0
TCBX.US,5,20211203,170500,26.75,26.75,26.58,26.665,2400,0
TCBX.US,5,20211203,171000,26.64,26.64,26.64,26.64,100,0
TCBX.US,5,20211203,172000,26.63,26.63,26.63,26.63,100,0
TCBX.US,5,20211203,172500,26.63,26.655,26.63,26.655,200,0
TCBX.US,5,20211203,173000,26.58,26.66,26.58,26.66,300,0
TCBX.US,5,20211203,173500,26.66,26.66,26.66,26.66,200,0
TCBX.US,5,20211203,174000,26.6,26.66,26.6,26.66,200,0
TCBX.US,5,20211203,174500,26.62,26.66,26.59,26.66,800,0
TCBX.US,5,20211203,175000,26.64,26.64,26.615,26.6198,1000,0
TCBX.US,5,20211203,175500,26.615,26.615,26.615,26.615,400,0
TCBX.US,5,20211203,180000,26.6,26.6,26.6,26.6,100,0
TCBX.US,5,20211203,181500,26.59,26.625,26.57,26.6,2193,0
TCBX.US,5,20211203,183500,26.77,26.79,26.77,26.79,200,0
TCBX.US,5,20211203,184500,26.71,26.71,26.71,26.71,100,0
TCBX.US,5,20211203,185000,26.63,26.7,26.59,26.65,2595,0
TCBX.US,5,20211203,190000,26.65,26.65,26.65,26.65,394,0
TCBX.US,5,20211203,190500,26.68,26.68,26.68,26.68,300,0
TCBX.US,5,20211203,193500,26.65,26.65,26.65,26.65,100,0
TCBX.US,5,20211203,194500,26.62,26.66,26.62,26.66,300,0
TCBX.US,5,20211203,195000,26.66,26.66,26.6504,26.6504,400,0
TCBX.US,5,20211203,200000,26.61,26.61,26.61,26.61,100,0
TCBX.US,5,20211203,201500,26.61,26.61,26.59,26.59,300,0
TCBX.US,5,20211203,202500,26.69,26.69,26.67,26.67,400,0
TCBX.US,5,20211203,203000,26.66,26.67,26.66,26.67,600,0
TCBX.US,5,20211203,204000,26.64,26.66,26.64,26.66,200,0
TCBX.US,5,20211203,204500,26.63,26.64,26.615,26.615,400,0
TCBX.US,5,20211203,205000,26.65,26.69,26.65,26.69,2829,0
TCBX.US,5,20211203,211000,26.7494,26.78,26.69,26.78,1200,0
TCBX.US,5,20211203,211500,26.865,26.935,26.76,26.88,2600,0
TCBX.US,5,20211203,212000,26.87,26.915,26.685,26.78,3816,0
TCBX.US,5,20211203,212500,26.84,26.99,26.715,26.935,1500,0
TCBX.US,5,20211203,213000,26.79,26.81,26.79,26.81,400,0
TCBX.US,5,20211203,214000,26.77,26.77,26.77,26.77,100,0
TCBX.US,5,20211203,214500,26.85,27.1,26.85,27.07,3678,0
TCBX.US,5,20211203,215000,26.93,27.12,26.93,27.12,2690,0
TCBX.US,5,20211203,215500,27.18,27.48,27.18,27.3,5583,0
TCBX.US,5,20211206,153000,27.12,27.44,27.12,27.44,2100,0
TCBX.US,5,20211206,153500,26.98,26.98,26.76,26.76,400,0
TCBX.US,5,20211206,154000,26.76,27.07,26.76,26.86,2906,0
TCBX.US,5,20211206,154500,26.88,26.98,26.88,26.98,400,0
TCBX.US,5,20211206,155000,27,27,27,27,100,0
TCBX.US,5,20211206,160000,26.99,27,26.99,27,800,0
TCBX.US,5,20211206,160500,27.1,27.1,27.07,27.1,600,0
TCBX.US,5,20211206,161000,27.06,27.1,27.06,27.1,400,0
TCBX.US,5,20211206,161500,27.13,27.44,27.13,27.44,1400,0
TCBX.US,5,20211206,162000,27.385,27.42,27.1,27.1,2000,0
TCBX.US,5,20211206,162500,27.1,27.22,27.1,27.1,3287,0
TCBX.US,5,20211206,163000,27.1,27.1,27.065,27.1,1204,0
TCBX.US,5,20211206,163500,27.065,27.08,27.036,27.08,1500,0
TCBX.US,5,20211206,164500,27.07,27.1,27.04,27.1,1000,0
TCBX.US,5,20211206,165000,27.19,27.19,27.19,27.19,500,0
TCBX.US,5,20211206,165500,27.19,27.21,27.19,27.21,300,0
TCBX.US,5,20211206,170000,27.21,27.23,27.21,27.23,600,0
TCBX.US,5,20211206,170500,27.24,27.87,27.24,27.73,5036,0
TCBX.US,5,20211206,171000,27.735,27.93,27.6101,27.82,1400,0
TCBX.US,5,20211206,171500,27.82,27.89,27.755,27.89,500,0
TCBX.US,5,20211206,172000,27.775,27.94,27.775,27.94,688,0
TCBX.US,5,20211206,172500,27.93,27.94,27.81,27.94,2516,0
TCBX.US,5,20211206,173000,27.855,27.87,27.84,27.87,600,0
TCBX.US,5,20211206,174000,27.86,27.93,27.78,27.81,1300,0
TCBX.US,5,20211206,174500,27.875,27.94,27.83,27.85,1000,0
TCBX.US,5,20211206,175000,27.81,27.81,27.78,27.78,573,0
TCBX.US,5,20211206,175500,27.74,27.77,27.74,27.76,400,0
TCBX.US,5,20211206,180000,27.76,27.76,27.72,27.76,1350,0
TCBX.US,5,20211206,181000,27.94,27.94,27.93,27.93,900,0
TCBX.US,5,20211206,181500,27.94,27.94,27.93,27.93,300,0
TCBX.US,5,20211206,182500,27.93,27.94,27.92,27.92,1430,0
TCBX.US,5,20211206,183000,27.925,27.94,27.925,27.93,1108,0
TCBX.US,5,20211206,183500,27.92,27.94,27.84,27.84,5332,0
TCBX.US,5,20211206,184000,27.84,27.84,27.28,27.45,1500,0
TCBX.US,5,20211206,184500,27.52,27.52,27.52,27.52,100,0
TCBX.US,5,20211206,185000,27.68,27.68,27.68,27.68,100,0
TCBX.US,5,20211206,185500,27.94,27.94,27.94,27.94,100,0
TCBX.US,5,20211206,190000,27.87,27.94,27.7918,27.8,3800,0
TCBX.US,5,20211206,190500,27.8236,27.94,27.8236,27.94,2400,0
TCBX.US,5,20211206,191000,28,28.775,28,28.54,2501,0
TCBX.US,5,20211206,191500,28.61,28.61,28.57,28.57,804,0
TCBX.US,5,20211206,192000,28.55,28.69,28.55,28.69,300,0
TCBX.US,5,20211206,192500,28.77,28.77,28.655,28.655,500,0
TCBX.US,5,20211206,193000,28.77,28.9,28.695,28.9,3041,0
TCBX.US,5,20211206,193500,28.81,28.81,28.81,28.81,200,0
TCBX.US,5,20211206,194000,28.855,28.9,28.855,28.86,515,0
TCBX.US,5,20211206,194500,28.81,28.9,28.81,28.845,400,0
TCBX.US,5,20211206,195000,28.855,28.855,28.81,28.81,2238,0
TCBX.US,5,20211206,195500,28.79,29.38,28.79,29.38,6041,0
TCBX.US,5,20211206,200000,29.07,29.07,28.87,28.95,300,0
TCBX.US,5,20211206,200500,29.07,29.15,29.02,29.03,500,0
TCBX.US,5,20211206,201000,29.22,29.22,29.11,29.11,200,0
TCBX.US,5,20211206,201500,29.32,29.48,29.11,29.165,2400,0
TCBX.US,5,20211206,202000,29.135,29.135,28.98,28.98,1100,0
TCBX.US,5,20211206,203000,28.98,29.045,28.98,28.98,387,0
TCBX.US,5,20211206,203500,29.045,29.045,29.045,29.045,447,0
TCBX.US,5,20211206,204000,28.99,29.04,28.99,29.04,300,0
TCBX.US,5,20211206,204500,29.04,29.04,29.04,29.04,200,0
TCBX.US,5,20211206,205000,29.01,29.015,28.68,28.775,2000,0
TCBX.US,5,20211206,205500,28.69,28.69,28.51,28.51,600,0
TCBX.US,5,20211206,210000,28.65,28.65,28.65,28.65,500,0
TCBX.US,5,20211206,210500,28.54,28.85,28.54,28.59,1100,0
TCBX.US,5,20211206,211000,28.56,28.84,28.47,28.53,2110,0
TCBX.US,5,20211206,211500,28.47,28.53,28.46,28.53,400,0
TCBX.US,5,20211206,212000,28.53,28.555,28.46,28.515,2876,0
TCBX.US,5,20211206,212500,28.51,28.51,28.16,28.425,2184,0
TCBX.US,5,20211206,213000,28.51,28.52,28.4,28.4,1400,0
TCBX.US,5,20211206,213500,28.49,28.49,28.49,28.49,100,0
TCBX.US,5,20211206,214000,28.5,28.52,27.92,27.92,4486,0
TCBX.US,5,20211206,214500,28.01,28.385,28.01,28.2,1276,0
TCBX.US,5,20211206,215000,28.325,28.43,28.325,28.365,1121,0
TCBX.US,5,20211206,215500,28.42,28.8,28.42,28.46,12748,0
TCBX.US,5,20211207,161500,28.78,28.8,28.78,28.8,200,0
TCBX.US,5,20211207,164500,28.735,28.815,28.735,28.815,1100,0
TCBX.US,5,20211207,170000,28.795,28.89,28.79,28.8,1300,0
TCBX.US,5,20211207,171000,28.7552,28.7552,28.7552,28.7552,554,0
TCBX.US,5,20211207,171500,28.775,28.78,28.6702,28.675,700,0
TCBX.US,5,20211207,172000,28.67,28.7,28.62,28.63,1860,0
TCBX.US,5,20211207,173000,28.665,28.665,28.665,28.665,200,0
TCBX.US,5,20211207,174000,28.665,28.665,28.665,28.665,100,0
TCBX.US,5,20211207,174500,28.665,28.665,28.665,28.665,100,0
TCBX.US,5,20211207,175000,28.6,28.6,28.5105,28.58,1371,0
TCBX.US,5,20211207,180000,28.56,28.56,28.5292,28.5292,250,0
TCBX.US,5,20211207,180500,28.59,28.59,28.59,28.59,200,0
TCBX.US,5,20211207,181500,28.57,28.57,28.555,28.555,600,0
TCBX.US,5,20211207,182500,28.51,28.51,28.51,28.51,100,0
TCBX.US,5,20211207,183500,28.515,28.515,28.515,28.515,100,0
TCBX.US,5,20211207,185000,28.4701,28.4701,28.4,28.45,1994,0
TCBX.US,5,20211207,190000,28.39,28.39,28.39,28.39,100,0
TCBX.US,5,20211207,191500,28.175,28.34,28.13,28.34,463,0
TCBX.US,5,20211207,192500,28.17,28.175,28.17,28.175,200,0
TCBX.US,5,20211207,193000,28.21,28.21,28.21,28.21,100,0
TCBX.US,5,20211207,193500,28.39,28.39,28.39,28.39,100,0
TCBX.US,5,20211207,194000,28.265,28.39,28.265,28.39,1100,0
TCBX.US,5,20211207,194500,28.305,28.305,28.305,28.305,100,0
TCBX.US,5,20211207,195500,28.42,28.43,28.42,28.43,1100,0
TCBX.US,5,20211207,200000,28.45,28.47,28.33,28.33,5875,0
TCBX.US,5,20211207,202000,28.41,28.41,28.41,28.41,100,0
TCBX.US,5,20211207,202500,28.33,28.33,28.33,28.33,300,0
TCBX.US,5,20211207,203500,28.33,28.33,28.33,28.33,100,0
TCBX.US,5,20211207,204500,28.35,28.35,28.35,28.35,200,0
TCBX.US,5,20211207,205000,28.355,28.43,28.355,28.43,500,0
TCBX.US,5,20211207,210500,28.43,28.43,28.4,28.4,347,0
TCBX.US,5,20211207,211000,28.4,28.4,28.4,28.4,100,0
TCBX.US,5,20211207,211500,28.4,28.4,28.4,28.4,106,0
TCBX.US,5,20211207,212500,28.34,28.44,28.34,28.44,200,0
TCBX.US,5,20211207,213500,28.4,28.405,28.355,28.405,600,0
TCBX.US,5,20211207,214000,28.38,28.45,28.28,28.3,1450,0
TCBX.US,5,20211207,214500,28.36,28.36,28.23,28.36,900,0
TCBX.US,5,20211207,215000,28.4,28.41,28.4,28.41,800,0
TCBX.US,5,20211207,215500,28.39,28.45,28.33,28.36,2668,0
TCBX.US,5,20211208,153000,28.4,28.83,28.36,28.7394,1048,0
TCBX.US,5,20211208,155000,28.175,28.175,28.01,28.045,500,0
TCBX.US,5,20211208,160500,28.33,28.36,28.125,28.145,750,0
TCBX.US,5,20211208,161000,28.44,28.58,28.44,28.44,500,0
TCBX.US,5,20211208,161500,28.44,28.44,28.195,28.195,300,0
TCBX.US,5,20211208,162000,28.21,28.2195,28.21,28.2195,200,0
TCBX.US,5,20211208,162500,28.33,28.33,28.33,28.33,100,0
TCBX.US,5,20211208,163500,28.59,28.59,28.44,28.44,300,0
TCBX.US,5,20211208,164000,28.465,28.465,28.465,28.465,100,0
TCBX.US,5,20211208,164500,28.36,28.44,28.36,28.44,200,0
TCBX.US,5,20211208,165000,28.44,28.44,28.44,28.44,100,0
TCBX.US,5,20211208,165500,28.44,28.44,28.41,28.44,300,0
TCBX.US,5,20211208,170000,28.32,28.39,27.965,28.01,3214,0
TCBX.US,5,20211208,171000,28.17,28.17,28.17,28.17,100,0
TCBX.US,5,20211208,173500,28.32,28.32,28.05,28.05,3032,0
TCBX.US,5,20211208,174000,28.03,28.08,27.945,28,900,0
TCBX.US,5,20211208,180000,28.14,28.14,27.92,27.92,360,0
TCBX.US,5,20211208,180500,28.13,28.13,28.13,28.13,100,0
TCBX.US,5,20211208,182000,28.04,28.06,28.04,28.06,300,0
TCBX.US,5,20211208,183000,28.1499,28.68,28.1499,28.39,1700,0
TCBX.US,5,20211208,183500,28.37,28.37,28.1,28.2,1600,0
TCBX.US,5,20211208,184000,28.11,28.11,28.11,28.11,100,0
TCBX.US,5,20211208,190000,28.28,28.28,28.28,28.28,100,0
TCBX.US,5,20211208,190500,28.26,28.26,28.26,28.26,100,0
TCBX.US,5,20211208,191000,28.085,28.23,28.085,28.23,200,0
TCBX.US,5,20211208,191500,28.1,28.1,28.09,28.1,700,0
TCBX.US,5,20211208,192000,28.19,28.5,28.19,28.455,502,0
TCBX.US,5,20211208,194000,28.12,28.15,28.12,28.15,300,0
TCBX.US,5,20211208,195000,28.425,28.425,28.17,28.17,200,0
TCBX.US,5,20211208,200000,28.33,28.33,28.25,28.25,200,0
TCBX.US,5,20211208,200500,28.18,28.3,28.18,28.3,200,0
TCBX.US,5,20211208,201000,28.28,28.34,28.28,28.31,300,0
TCBX.US,5,20211208,201500,28.22,28.45,28.2,28.35,2000,0
TCBX.US,5,20211208,202000,28.44,28.465,28.2,28.21,2359,0
TCBX.US,5,20211208,202500,28.18,28.35,28.17,28.22,3203,0
TCBX.US,5,20211208,203000,28.29,28.32,28.29,28.32,200,0
TCBX.US,5,20211208,204000,28.25,28.435,28.2,28.435,3383,0
TCBX.US,5,20211208,204500,28.22,28.22,28.22,28.22,100,0
TCBX.US,5,20211208,205000,28.405,28.405,28.405,28.405,100,0
TCBX.US,5,20211208,205500,28.3,28.3,28.3,28.3,100,0
TCBX.US,5,20211208,210000,28.35,28.35,28.195,28.2,994,0
TCBX.US,5,20211208,210500,28.2,28.2,28.09,28.09,1100,0
TCBX.US,5,20211208,211000,28.08,28.14,28.08,28.095,300,0
TCBX.US,5,20211208,212500,28.2,28.2,28.2,28.2,100,0
TCBX.US,5,20211208,213000,27.85,28.11,27.85,28.09,300,0
TCBX.US,5,20211208,213500,28.12,28.12,27.76,27.955,410,0
TCBX.US,5,20211208,214000,27.83,28.12,27.83,28.12,300,0
TCBX.US,5,20211208,214500,27.96,28.3,27.96,28.3,1000,0
TCBX.US,5,20211208,215000,28.215,28.215,28.185,28.185,200,0
TCBX.US,5,20211208,215500,28.17,28.27,27.96,28.23,5485,0
TCBX.US,5,20211209,153500,28.07,28.35,28.07,28.17,1141,0
TCBX.US,5,20211209,154000,28.11,28.11,28.08,28.08,200,0
TCBX.US,5,20211209,154500,28.19,28.19,28.19,28.19,100,0
TCBX.US,5,20211209,160000,28.1,28.1,28.1,28.1,100,0
TCBX.US,5,20211209,160500,28.18,28.18,28.18,28.18,100,0
TCBX.US,5,20211209,161000,28.23,28.23,28.23,28.23,200,0
TCBX.US,5,20211209,162000,28.39,28.39,28.39,28.39,100,0
TCBX.US,5,20211209,163000,28.4,28.69,28.2701,28.2701,2237,0
TCBX.US,5,20211209,163500,28.23,28.23,28.23,28.23,100,0
TCBX.US,5,20211209,165000,28.115,28.115,28.115,28.115,110,0
TCBX.US,5,20211209,170000,28.165,28.165,28.165,28.165,100,0
TCBX.US,5,20211209,171000,28.27,28.27,28.27,28.27,100,0
TCBX.US,5,20211209,172000,28.31,28.48,28.31,28.48,300,0
TCBX.US,5,20211209,172500,28.5,28.5,28.5,28.5,700,0
TCBX.US,5,20211209,173500,28.56,28.71,28.29,28.29,1000,0
TCBX.US,5,20211209,174000,28.3201,28.73,28.3201,28.73,3234,0
TCBX.US,5,20211209,174500,28.7,28.7,28.7,28.7,200,0
TCBX.US,5,20211209,175000,28.86,29.17,28.81,29.17,6918,0
TCBX.US,5,20211209,180500,29.15,29.15,29.08,29.09,300,0
TCBX.US,5,20211209,181500,29.03,29.105,29.03,29.1,900,0
TCBX.US,5,20211209,182000,29.055,29.055,29.055,29.055,100,0
TCBX.US,5,20211209,183000,29.0407,29.065,29.0407,29.065,606,0
TCBX.US,5,20211209,184000,28.98,28.98,28.95,28.95,300,0
TCBX.US,5,20211209,190500,28.9,28.9,28.9,28.9,100,0
TCBX.US,5,20211209,192000,28.85,28.94,28.84,28.94,758,0
TCBX.US,5,20211209,193000,28.94,28.94,28.94,28.94,100,0
TCBX.US,5,20211209,194000,28.76,28.94,28.76,28.94,200,0
TCBX.US,5,20211209,194500,28.76,28.855,28.76,28.76,300,0
TCBX.US,5,20211209,195000,28.855,29.01,28.855,29.01,1000,0
TCBX.US,5,20211209,195500,29.005,29.12,29.005,29.12,200,0
TCBX.US,5,20211209,201000,28.89,29.08,28.78,28.78,1000,0
TCBX.US,5,20211209,201500,28.96,28.96,28.96,28.96,100,0
TCBX.US,5,20211209,202500,28.96,28.96,28.795,28.795,200,0
TCBX.US,5,20211209,203500,28.94,28.94,28.94,28.94,200,0
TCBX.US,5,20211209,204500,28.78,28.78,28.78,28.78,100,0
TCBX.US,5,20211209,205000,28.93,29.06,28.8,28.8,300,0
TCBX.US,5,20211209,205500,28.77,28.77,28.77,28.77,100,0
TCBX.US,5,20211209,210000,28.75,28.75,28.68,28.7,484,0
TCBX.US,5,20211209,210500,28.605,28.68,28.605,28.68,200,0
TCBX.US,5,20211209,211000,28.585,28.585,28.585,28.585,100,0
TCBX.US,5,20211209,211500,28.5205,28.53,28.14,28.165,1200,0
TCBX.US,5,20211209,213000,28.37,28.37,28.2,28.2,2100,0
TCBX.US,5,20211209,213500,28.23,28.23,28.155,28.155,200,0
TCBX.US,5,20211209,214000,28.17,28.17,28.16,28.16,400,0
TCBX.US,5,20211209,214500,28.16,28.23,28.16,28.23,500,0
TCBX.US,5,20211209,215000,28.17,28.17,28.17,28.17,100,0
TCBX.US,5,20211209,215500,28.19,28.29,28.04,28.09,2179,0
TCBX.US,5,20211210,153000,28.34,28.34,28.25,28.25,444,0
TCBX.US,5,20211210,155500,28.55,28.55,28.44,28.44,205,0
TCBX.US,5,20211210,161500,28.71,28.71,28.71,28.71,132,0
TCBX.US,5,20211210,162000,28.67,28.67,28.67,28.67,100,0
TCBX.US,5,20211210,163000,28.69,28.69,28.69,28.69,100,0
TCBX.US,5,20211210,164000,28.7,28.7,28.7,28.7,132,0
TCBX.US,5,20211210,164500,28.28,28.28,28.28,28.28,100,0
TCBX.US,5,20211210,165000,28.6,28.6,28.6,28.6,100,0
TCBX.US,5,20211210,170500,28.31,28.53,28.31,28.53,200,0
TCBX.US,5,20211210,172000,28.25,28.25,28.25,28.25,300,0
TCBX.US,5,20211210,172500,28.35,28.35,28.25,28.25,500,0
TCBX.US,5,20211210,173500,28.27,28.2994,28.27,28.2994,368,0
TCBX.US,5,20211210,174000,28.35,28.35,28.35,28.35,500,0
TCBX.US,5,20211210,180000,28.315,28.315,28.22,28.22,200,0
TCBX.US,5,20211210,180500,28.42,28.42,28.42,28.42,100,0
TCBX.US,5,20211210,181500,28.345,28.345,28.345,28.345,100,0
TCBX.US,5,20211210,184000,28.355,28.355,28.355,28.355,100,0
TCBX.US,5,20211210,185500,28.74,28.74,28.74,28.74,140,0
TCBX.US,5,20211210,190000,28.73,28.74,28.45,28.45,1972,0
TCBX.US,5,20211210,191000,28.57,28.57,28.57,28.57,100,0
TCBX.US,5,20211210,193000,28.6,28.6,28.6,28.6,140,0
TCBX.US,5,20211210,193500,28.21,28.21,28.21,28.21,100,0
TCBX.US,5,20211210,194500,28.265,28.31,28.265,28.31,200,0
TCBX.US,5,20211210,195000,28.6,28.6,28.6,28.6,140,0
TCBX.US,5,20211210,195500,28.54,28.54,28.34,28.34,200,0
TCBX.US,5,20211210,200000,28.155,28.155,28.155,28.155,100,0
TCBX.US,5,20211210,201500,28.15,28.3,28.15,28.2715,1000,0
TCBX.US,5,20211210,202500,28.4,28.425,28.292,28.292,600,0
TCBX.US,5,20211210,203000,28.3,28.425,28.3,28.425,200,0
TCBX.US,5,20211210,203500,28.49,28.49,28.49,28.49,100,0
TCBX.US,5,20211210,204000,28.45,28.45,28.45,28.45,100,0
TCBX.US,5,20211210,205000,28.22,28.22,28.22,28.22,100,0
TCBX.US,5,20211210,205500,28.36,28.36,28.36,28.36,100,0
TCBX.US,5,20211210,210000,28.5,28.5,28.5,28.5,140,0
TCBX.US,5,20211210,210500,28.22,28.22,28.22,28.22,100,0
TCBX.US,5,20211210,211000,28.24,28.24,28.24,28.24,100,0
TCBX.US,5,20211210,211500,28.18,28.18,28.18,28.18,100,0
TCBX.US,5,20211210,212500,28.32,28.48,28.32,28.375,600,0
TCBX.US,5,20211210,213000,28.37,28.37,28.37,28.37,100,0
TCBX.US,5,20211210,213500,28.54,28.54,28.54,28.54,100,0
TCBX.US,5,20211210,214000,28.53,28.59,28.495,28.4998,1112,0
TCBX.US,5,20211210,214500,28.41,28.59,28.41,28.59,200,0
TCBX.US,5,20211210,215000,28.6,28.6,28.39,28.39,492,0
TCBX.US,5,20211210,215500,28.475,28.54,28.44,28.44,6087,0
TCBX.US,5,20211213,153000,28.26,28.26,28.21,28.25,500,0
TCBX.US,5,20211213,153500,28.29,28.44,28.26,28.3,1000,0
TCBX.US,5,20211213,155000,28.53,28.53,28.53,28.53,100,0
TCBX.US,5,20211213,160500,28.25,28.25,28.25,28.25,200,0
TCBX.US,5,20211213,161000,28,28,28,28,500,0
TCBX.US,5,20211213,161500,28.12,28.35,28.12,28.13,800,0
TCBX.US,5,20211213,162500,28.12,28.12,28.12,28.12,100,0
TCBX.US,5,20211213,163000,28.13,28.13,28.13,28.13,600,0
TCBX.US,5,20211213,164000,28.41,28.47,28.41,28.47,200,0
TCBX.US,5,20211213,164500,28.255,28.255,28.255,28.255,100,0
TCBX.US,5,20211213,171500,28.47,28.47,28.47,28.47,100,0
TCBX.US,5,20211213,173000,28.45,28.45,28.45,28.45,100,0
TCBX.US,5,20211213,174000,28.37,28.45,28.37,28.45,200,0
TCBX.US,5,20211213,175000,28.1,28.1,28.1,28.1,100,0
TCBX.US,5,20211213,175500,28.22,28.22,28.22,28.22,100,0
TCBX.US,5,20211213,180500,28.22,28.22,28.13,28.13,200,0
TCBX.US,5,20211213,181500,28.03,28.13,28.03,28.13,200,0
TCBX.US,5,20211213,182000,28.03,28.03,28.03,28.03,200,0
TCBX.US,5,20211213,182500,28.17,28.17,28.1,28.1,400,0
TCBX.US,5,20211213,183500,28.11,28.11,27.94,27.94,200,0
TCBX.US,5,20211213,184000,27.925,27.925,27.925,27.925,100,0
TCBX.US,5,20211213,185000,27.925,28,27.9,27.9,300,0
TCBX.US,5,20211213,185500,28,28,27.76,27.78,400,0
TCBX.US,5,20211213,191000,27.51,27.51,27.51,27.51,100,0
TCBX.US,5,20211213,191500,27.65,27.65,27.65,27.65,100,0
TCBX.US,5,20211213,192000,27.78,27.78,27.78,27.78,100,0
TCBX.US,5,20211213,192500,27.54,27.54,27.54,27.54,100,0
TCBX.US,5,20211213,193000,27.695,27.695,27.695,27.695,200,0
TCBX.US,5,20211213,194000,27.695,27.695,27.65,27.65,200,0
TCBX.US,5,20211213,195000,27.66,27.66,27.66,27.66,200,0
TCBX.US,5,20211213,195500,27.49,27.49,27.49,27.49,100,0
TCBX.US,5,20211213,201000,27.63,27.63,27.555,27.555,200,0
TCBX.US,5,20211213,201500,27.5,27.5,27.5,27.5,100,0
TCBX.US,5,20211213,203000,27.52,27.57,27.52,27.57,300,0
TCBX.US,5,20211213,204000,27.57,27.57,27.57,27.57,100,0
TCBX.US,5,20211213,204500,27.57,27.57,27.57,27.57,100,0
TCBX.US,5,20211213,205500,27.57,27.57,27.57,27.57,200,0
TCBX.US,5,20211213,210000,27.5,27.6,27.5,27.6,200,0
TCBX.US,5,20211213,211000,27.581,27.581,27.23,27.42,1899,0
TCBX.US,5,20211213,211500,27.42,27.42,27.39,27.39,600,0
TCBX.US,5,20211213,213000,27.63,27.63,27.63,27.63,100,0
TCBX.US,5,20211213,213500,27.415,27.415,27.415,27.415,100,0
TCBX.US,5,20211213,214000,27.63,27.63,27.18,27.19,400,0
TCBX.US,5,20211213,214500,27.22,27.22,27.18,27.18,800,0
TCBX.US,5,20211213,215000,27.35,27.41,27.265,27.265,500,0
TCBX.US,5,20211213,215500,27.1,27.32,26.9527,27.32,6102,0
TCBX.US,5,20211214,153000,26.95,26.95,26.95,26.95,138,0
TCBX.US,5,20211214,154500,27,27.04,26.95,26.97,1500,0
TCBX.US,5,20211214,155000,27.5,27.5,27.5,27.5,100,0
TCBX.US,5,20211214,160500,27.5,27.5,27.5,27.5,100,0
TCBX.US,5,20211214,162000,27.5,27.5,27.5,27.5,100,0
TCBX.US,5,20211214,163000,27.4,27.525,27.105,27.525,500,0
TCBX.US,5,20211214,170500,27.58,27.58,27.58,27.58,100,0
TCBX.US,5,20211214,171000,27.58,27.58,27.12,27.12,400,0
TCBX.US,5,20211214,172000,27.38,27.38,27.07,27.07,500,0
TCBX.US,5,20211214,173500,26.85,26.85,26.775,26.775,200,0
TCBX.US,5,20211214,174500,26.82,26.985,26.82,26.985,200,0
TCBX.US,5,20211214,175500,26.955,26.955,26.79,26.79,200,0
TCBX.US,5,20211214,180500,26.965,26.965,26.965,26.965,100,0
TCBX.US,5,20211214,181000,26.815,26.815,26.81,26.81,200,0
TCBX.US,5,20211214,182000,26.9,26.9,26.825,26.825,200,0
TCBX.US,5,20211214,183000,26.926,26.96,26.75,26.8,3812,0
TCBX.US,5,20211214,183500,26.75,26.75,26.75,26.75,100,0
TCBX.US,5,20211214,184000,26.8,26.8,26.8,26.8,100,0
TCBX.US,5,20211214,184500,26.75,26.77,26.75,26.76,300,0
TCBX.US,5,20211214,185000,26.94,26.98,26.75,26.78,1309,0
TCBX.US,5,20211214,185500,26.87,26.87,26.765,26.765,200,0
TCBX.US,5,20211214,190000,26.805,26.97,26.805,26.97,200,0
TCBX.US,5,20211214,190500,26.825,26.825,26.825,26.825,100,0
TCBX.US,5,20211214,191000,26.83,26.83,26.83,26.83,100,0
TCBX.US,5,20211214,191500,26.835,26.835,26.835,26.835,100,0
TCBX.US,5,20211214,192000,26.97,26.97,26.97,26.97,100,0
TCBX.US,5,20211214,192500,26.98,27.03,26.97,27.03,300,0
TCBX.US,5,20211214,194000,26.96,26.96,26.96,26.96,100,0
TCBX.US,5,20211214,195000,27.045,27.045,27,27,300,0
TCBX.US,5,20211214,195500,27,27,27,27,100,0
TCBX.US,5,20211214,200000,26.84,26.84,26.84,26.84,300,0
TCBX.US,5,20211214,200500,26.76,26.76,26.76,26.76,100,0
TCBX.US,5,20211214,201000,26.91,26.91,26.91,26.91,100,0
TCBX.US,5,20211214,201500,26.765,26.765,26.765,26.765,100,0
TCBX.US,5,20211214,202000,26.92,26.92,26.78,26.78,300,0
TCBX.US,5,20211214,202500,26.81,26.81,26.81,26.81,100,0
TCBX.US,5,20211214,204500,26.83,27.22,26.83,27.22,1064,0
TCBX.US,5,20211214,205000,27.015,27.015,27.015,27.015,100,0
TCBX.US,5,20211214,205500,26.79,26.99,26.79,26.99,200,0
TCBX.US,5,20211214,210000,26.82,26.84,26.82,26.84,600,0
TCBX.US,5,20211214,211500,26.795,26.985,26.795,26.985,200,0
TCBX.US,5,20211214,212000,26.79,26.79,26.79,26.79,100,0
TCBX.US,5,20211214,212500,26.87,26.885,26.87,26.885,200,0
TCBX.US,5,20211214,213500,26.94,27.02,26.88,26.88,300,0
TCBX.US,5,20211214,214000,26.82,26.82,26.82,26.82,100,0
TCBX.US,5,20211214,214500,26.885,27.13,26.885,27.13,800,0
TCBX.US,5,20211214,215000,27.19,27.31,27.075,27.075,573,0
TCBX.US,5,20211214,215500,26.965,27.27,26.965,27.2,2495,0
TCBX.US,5,20211215,153000,27.03,27.03,27.03,27.03,107,0
TCBX.US,5,20211215,155000,27.25,27.25,27.25,27.25,100,0
TCBX.US,5,20211215,165000,27.395,27.75,27.395,27.75,200,0
TCBX.US,5,20211215,165500,27.395,27.395,27.19,27.19,200,0
TCBX.US,5,20211215,170000,27.3,27.6,27.24,27.24,2861,0
TCBX.US,5,20211215,170500,27.11,27.11,27.11,27.11,100,0
TCBX.US,5,20211215,172000,27.04,27.04,27.04,27.04,100,0
TCBX.US,5,20211215,173000,27.115,27.115,27.115,27.115,100,0
TCBX.US,5,20211215,174000,27.19,27.19,27.19,27.19,100,0
TCBX.US,5,20211215,174500,27.19,27.19,27.02,27.02,200,0
TCBX.US,5,20211215,180500,27.515,27.515,27.3,27.3,300,0
TCBX.US,5,20211215,181000,27.49,27.84,27.49,27.6,300,0
TCBX.US,5,20211215,181500,27.38,27.38,27.38,27.38,100,0
TCBX.US,5,20211215,182000,27.415,27.415,27.415,27.415,100,0
TCBX.US,5,20211215,183000,27.34,27.34,27.34,27.34,100,0
TCBX.US,5,20211215,183500,27.34,27.4,27.34,27.4,500,0
TCBX.US,5,20211215,184500,27.79,27.79,27.79,27.79,100,0
TCBX.US,5,20211215,185000,27.79,27.925,27.78,27.925,1100,0
TCBX.US,5,20211215,185500,27.98,27.98,27.85,27.855,1584,0
TCBX.US,5,20211215,191500,27.94,27.94,27.94,27.94,100,0
TCBX.US,5,20211215,192000,27.7139,27.7139,27.7139,27.7139,200,0
TCBX.US,5,20211215,192500,27.94,27.94,27.94,27.94,100,0
TCBX.US,5,20211215,193000,27.96,27.96,27.96,27.96,100,0
TCBX.US,5,20211215,195000,27.93,27.93,27.93,27.93,100,0
TCBX.US,5,20211215,195500,27.93,27.93,27.91,27.91,200,0
TCBX.US,5,20211215,200000,27.19,27.915,27.19,27.86,660,0
TCBX.US,5,20211215,200500,27.8,27.8,27.8,27.8,100,0
TCBX.US,5,20211215,201500,27.8,27.8,27.8,27.8,800,0
TCBX.US,5,20211215,202000,27.8,27.94,27.8,27.94,600,0
TCBX.US,5,20211215,202500,27.94,27.94,27.94,27.94,100,0
TCBX.US,5,20211215,203000,27.9,27.95,27.75,27.84,4050,0
TCBX.US,5,20211215,203500,27.4205,27.79,27.4205,27.69,5400,0
TCBX.US,5,20211215,204500,27.65,27.65,27.605,27.605,200,0
TCBX.US,5,20211215,205000,27.6,27.6,27.6,27.6,100,0
TCBX.US,5,20211215,205500,27.68,27.68,27.68,27.68,100,0
TCBX.US,5,20211215,210000,27.64,27.64,27.64,27.64,100,0
TCBX.US,5,20211215,210500,27.58,27.65,27.58,27.65,700,0
TCBX.US,5,20211215,211000,27.59,27.65,27.59,27.59,300,0
TCBX.US,5,20211215,211500,27.59,27.59,27.59,27.59,100,0
TCBX.US,5,20211215,212000,27.64,27.74,27.35,27.35,3130,0
TCBX.US,5,20211215,212500,27.42,27.42,27.42,27.42,200,0
TCBX.US,5,20211215,213500,27.57,27.57,27.57,27.57,100,0
TCBX.US,5,20211215,214000,27.57,27.58,27.555,27.555,400,0
TCBX.US,5,20211215,214500,27.575,27.61,27.575,27.58,500,0
TCBX.US,5,20211215,215000,27.63,27.65,27.56,27.65,800,0
TCBX.US,5,20211215,215500,27.65,27.73,27.42,27.42,3135,0
TCBX.US,5,20211216,153000,27.79,27.79,27.79,27.79,377,0
TCBX.US,5,20211216,154500,27.24,27.34,27.24,27.29,700,0
TCBX.US,5,20211216,155500,27.58,27.58,27.58,27.58,100,0
TCBX.US,5,20211216,160500,27.56,27.56,27.56,27.56,100,0
TCBX.US,5,20211216,161500,27.55,27.55,27.55,27.55,100,0
TCBX.US,5,20211216,163000,27.54,27.54,27.54,27.54,100,0
TCBX.US,5,20211216,171000,27.45,27.46,27.335,27.46,350,0
TCBX.US,5,20211216,172000,27.49,27.49,27.49,27.49,100,0
TCBX.US,5,20211216,172500,27.435,27.54,27.39,27.39,500,0
TCBX.US,5,20211216,173000,27.67,27.69,27.67,27.69,200,0
TCBX.US,5,20211216,173500,27.66,27.66,27.66,27.66,100,0
TCBX.US,5,20211216,174000,27.63,27.65,27.105,27.65,970,0
TCBX.US,5,20211216,174500,27.62,27.62,27.62,27.62,100,0
TCBX.US,5,20211216,175000,27.53,27.53,27.53,27.53,100,0
TCBX.US,5,20211216,175500,27.555,27.56,27.44,27.45,700,0
TCBX.US,5,20211216,180000,27.545,27.545,27.06,27.07,1283,0
TCBX.US,5,20211216,180500,27.465,27.465,27.085,27.285,300,0
TCBX.US,5,20211216,181000,27.19,27.3825,27.19,27.3825,200,0
TCBX.US,5,20211216,181500,27.26,27.26,26.905,27.09,1500,0
TCBX.US,5,20211216,182000,27.4,27.4,26.955,26.955,200,0
TCBX.US,5,20211216,182500,26.985,27.45,26.985,27.23,500,0
TCBX.US,5,20211216,183000,27.19,27.19,27.19,27.19,100,0
TCBX.US,5,20211216,183500,27,27.065,26.9475,27.065,600,0
TCBX.US,5,20211216,184000,26.96,27.055,26.9407,26.9407,500,0
TCBX.US,5,20211216,184500,26.9027,27.32,26.9027,27.32,1100,0
TCBX.US,5,20211216,185500,27.085,27.085,26.97,26.97,400,0
TCBX.US,5,20211216,190000,26.9,26.9,26.761,26.761,200,0
TCBX.US,5,20211216,190500,26.97,27.06,26.865,26.865,400,0
TCBX.US,5,20211216,191000,26.88,26.9,26.88,26.9,375,0
TCBX.US,5,20211216,192000,26.9,26.99,26.84,26.9042,2200,0
TCBX.US,5,20211216,193000,26.91,27.04,26.88,26.88,1200,0
TCBX.US,5,20211216,193500,26.84,26.84,26.84,26.84,100,0
TCBX.US,5,20211216,194000,26.84,26.95,26.84,26.85,500,0
TCBX.US,5,20211216,195000,26.95,26.95,26.79,26.85,800,0
TCBX.US,5,20211216,195500,26.85,26.995,26.81,26.81,1050,0
TCBX.US,5,20211216,201000,26.75,26.75,26.75,26.75,186,0
TCBX.US,5,20211216,201500,26.8,26.885,26.8,26.885,200,0
TCBX.US,5,20211216,202500,26.59,26.67,26.57,26.67,800,0
TCBX.US,5,20211216,203500,26.57,26.67,26.57,26.67,800,0
TCBX.US,5,20211216,204000,26.71,26.71,26.71,26.71,100,0
TCBX.US,5,20211216,204500,26.7,26.7,26.6,26.6,1000,0
TCBX.US,5,20211216,205000,26.635,26.66,26.41,26.41,1328,0
TCBX.US,5,20211216,205500,26.17,26.47,26.17,26.37,1600,0
TCBX.US,5,20211216,210000,26.67,26.67,26.67,26.67,100,0
TCBX.US,5,20211216,210500,26.55,26.665,26.55,26.63,500,0
TCBX.US,5,20211216,211000,26.62,26.62,26.5,26.5,1000,0
TCBX.US,5,20211216,211500,26.63,26.63,26.63,26.63,200,0
TCBX.US,5,20211216,212000,26.46,26.63,26.46,26.63,500,0
TCBX.US,5,20211216,212500,26.5,26.615,26.5,26.57,707,0
TCBX.US,5,20211216,213000,26.6,26.72,26.6,26.72,594,0
TCBX.US,5,20211216,213500,26.61,26.64,26.5,26.64,1000,0
TCBX.US,5,20211216,214000,26.5,26.62,26.5,26.62,200,0
TCBX.US,5,20211216,214500,26.58,26.655,26.58,26.655,700,0
TCBX.US,5,20211216,215000,26.66,26.66,26.64,26.645,1100,0
TCBX.US,5,20211216,215500,26.56,26.64,26.47,26.5,2946,0
TCBX.US,5,20211217,153000,26.62,26.62,26.62,26.62,356,0
TCBX.US,5,20211217,153500,26.075,26.075,26.075,26.075,157,0
TCBX.US,5,20211217,154000,26.075,26.3,25.9,26.06,500,0
TCBX.US,5,20211217,154500,26.05,26.11,26.05,26.11,200,0
TCBX.US,5,20211217,155000,26.01,26.01,26.01,26.01,100,0
TCBX.US,5,20211217,155500,26.11,26.11,26.11,26.11,100,0
TCBX.US,5,20211217,160000,26.11,26.12,26.11,26.12,400,0
TCBX.US,5,20211217,160500,26.11,26.26,25.8,26.0604,3300,0
TCBX.US,5,20211217,161500,25.945,25.95,25.945,25.95,200,0
TCBX.US,5,20211217,162500,26.16,26.16,25.96,25.96,200,0
TCBX.US,5,20211217,163000,25.955,25.955,25.935,25.935,200,0
TCBX.US,5,20211217,163500,25.93,25.93,25.93,25.93,100,0
TCBX.US,5,20211217,164500,25.935,25.99,25.935,25.99,366,0
TCBX.US,5,20211217,165000,26.025,26.06,25.78,26.06,3300,0
TCBX.US,5,20211217,170500,26.1,26.1,26.085,26.085,200,0
TCBX.US,5,20211217,171000,26.23,26.36,26.23,26.36,500,0
TCBX.US,5,20211217,171500,26.46,26.57,26.46,26.57,300,0
TCBX.US,5,20211217,172000,27.08,27.13,26.25,26.25,400,0
TCBX.US,5,20211217,172500,26.76,26.76,26.73,26.73,200,0
TCBX.US,5,20211217,173000,26.69,26.69,26.69,26.69,200,0
TCBX.US,5,20211217,173500,26.79,26.79,26.79,26.79,200,0
TCBX.US,5,20211217,174000,26.72,26.72,26.71,26.71,200,0
TCBX.US,5,20211217,174500,26.69,26.74,26.69,26.74,200,0
TCBX.US,5,20211217,175000,26.51,26.51,26.29,26.29,800,0
TCBX.US,5,20211217,175500,26.3,26.58,26.3,26.465,1000,0
TCBX.US,5,20211217,180000,26.46,26.46,26.46,26.46,100,0
TCBX.US,5,20211217,180500,26.445,26.56,26.445,26.5,1000,0
TCBX.US,5,20211217,181000,26.435,26.5,26.435,26.5,500,0
TCBX.US,5,20211217,181500,26.39,26.39,26.3,26.31,300,0
TCBX.US,5,20211217,182000,26.35,26.37,26.35,26.36,400,0
TCBX.US,5,20211217,182500,26.34,26.36,26.34,26.36,300,0
TCBX.US,5,20211217,183000,26.42,26.44,26.37,26.37,400,0
TCBX.US,5,20211217,183500,26.5,26.5,26.46,26.46,500,0
TCBX.US,5,20211217,184000,26.46,26.46,26.23,26.23,1000,0
TCBX.US,5,20211217,184500,26.23,26.23,26.22,26.22,300,0
TCBX.US,5,20211217,185000,26.22,26.5,26.22,26.5,1700,0
TCBX.US,5,20211217,185500,26.49,26.49,26.32,26.32,300,0
TCBX.US,5,20211217,190500,26.25,26.36,26.25,26.36,600,0
TCBX.US,5,20211217,191000,26.235,26.415,26.235,26.25,1700,0
TCBX.US,5,20211217,191500,26.405,26.425,26.405,26.405,500,0
TCBX.US,5,20211217,192500,26.28,26.28,26.28,26.28,100,0
TCBX.US,5,20211217,193000,26.255,26.33,26.255,26.33,300,0
TCBX.US,5,20211217,193500,26.195,26.195,26.195,26.195,100,0
TCBX.US,5,20211217,194000,26.27,26.27,26.2658,26.27,350,0
TCBX.US,5,20211217,194500,26.26,26.27,26.22,26.27,300,0
TCBX.US,5,20211217,195000,26.28,26.39,26.22,26.39,1300,0
TCBX.US,5,20211217,195500,26.385,26.385,26.28,26.36,600,0
TCBX.US,5,20211217,200000,26.355,26.365,26.335,26.335,400,0
TCBX.US,5,20211217,200500,26.325,26.34,26.245,26.33,700,0
TCBX.US,5,20211217,201000,26.25,26.32,26.24,26.32,300,0
TCBX.US,5,20211217,201500,26.36,26.36,26.25,26.25,1100,0
TCBX.US,5,20211217,202000,26.275,26.34,26.275,26.34,200,0
TCBX.US,5,20211217,202500,26.27,26.33,26.19,26.2,900,0
TCBX.US,5,20211217,203000,26.2,26.29,26.2,26.2,500,0
TCBX.US,5,20211217,203500,26.2,26.2,26.2,26.2,200,0
TCBX.US,5,20211217,204000,26.2,26.2,26.1,26.195,404,0
TCBX.US,5,20211217,204500,26.2,26.245,26.12,26.245,2475,0
TCBX.US,5,20211217,205000,26.245,26.245,26.1,26.1,1200,0
TCBX.US,5,20211217,205500,26.175,26.175,26,26.08,7590,0
TCBX.US,5,20211217,210000,26.07,26.07,26.035,26.035,700,0
TCBX.US,5,20211217,210500,26.035,26.035,26.025,26.025,400,0
TCBX.US,5,20211217,211000,26,26.02,26,26.01,2200,0
TCBX.US,5,20211217,211500,26.03,26.095,26,26.095,1084,0
TCBX.US,5,20211217,212000,26.07,26.15,26.07,26.15,600,0
TCBX.US,5,20211217,212500,26.085,26.13,26.085,26.13,700,0
TCBX.US,5,20211217,213000,26.1,26.21,26.1,26.21,1000,0
TCBX.US,5,20211217,213500,26.29,26.385,26.11,26.22,2700,0
TCBX.US,5,20211217,214000,26.195,26.27,26.14,26.155,1100,0
TCBX.US,5,20211217,214500,26.17,26.17,26.09,26.09,5332,0
TCBX.US,5,20211217,215000,26.15,26.15,24.51,25,47604,0
TCBX.US,5,20211217,215500,25.22,25.83,25.145,25.22,394201,0
TCBX.US,5,20211220,153000,25.15,26.255,25.15,26.255,922,0
TCBX.US,5,20211220,160500,25.38,25.43,25.3725,25.42,500,0
TCBX.US,5,20211220,161000,25.62,25.62,25.62,25.62,100,0
TCBX.US,5,20211220,161500,25.73,25.73,25.73,25.73,100,0
TCBX.US,5,20211220,162000,25.54,25.54,25.54,25.54,100,0
TCBX.US,5,20211220,163000,25.49,25.49,25.49,25.49,100,0
TCBX.US,5,20211220,163500,25.72,25.72,25.72,25.72,100,0
TCBX.US,5,20211220,164000,25.79,25.8,25.79,25.8,299,0
TCBX.US,5,20211220,164500,25.8,25.81,25.72,25.74,442,0
TCBX.US,5,20211220,165000,25.98,25.98,25.98,25.98,100,0
TCBX.US,5,20211220,170000,25.82,25.82,25.82,25.82,100,0
TCBX.US,5,20211220,170500,25.695,25.695,25.695,25.695,200,0
TCBX.US,5,20211220,173000,25.89,25.9,25.825,25.825,500,0
TCBX.US,5,20211220,175000,25.97,25.99,25.97,25.99,300,0
TCBX.US,5,20211220,180000,26.03,26.29,25.99,26,700,0
TCBX.US,5,20211220,182500,25.74,25.755,25.74,25.755,200,0
TCBX.US,5,20211220,183000,25.8178,25.8178,25.8178,25.8178,133,0
TCBX.US,5,20211220,190000,25.46,25.46,25.46,25.46,100,0
TCBX.US,5,20211220,191000,25.46,25.46,25.46,25.46,100,0
TCBX.US,5,20211220,201500,25.31,25.525,25.31,25.525,300,0
TCBX.US,5,20211220,203000,25.445,25.445,25.445,25.445,100,0
TCBX.US,5,20211220,211500,25.65,25.65,25.65,25.65,100,0
TCBX.US,5,20211220,213500,25.62,25.62,25.62,25.62,100,0
TCBX.US,5,20211220,214500,25.62,25.62,25.62,25.62,100,0
TCBX.US,5,20211220,215000,25.73,25.79,25.73,25.79,200,0
TCBX.US,5,20211220,215500,25.82,26.06,25.82,26,9746,0
TCBX.US,5,20211221,153000,26.45,26.45,26.25,26.25,1329,0
TCBX.US,5,20211221,160000,26.06,26.06,26.06,26.06,100,0
TCBX.US,5,20211221,161000,25.905,26.35,25.6,25.905,934,0
TCBX.US,5,20211221,172500,26.5,26.5,26.26,26.355,1363,0
TCBX.US,5,20211221,173000,26.5,26.519,26.4,26.41,1034,0
TCBX.US,5,20211221,175000,26.41,26.52,26.26,26.49,500,0
TCBX.US,5,20211221,181500,26.425,26.425,26.425,26.425,100,0
TCBX.US,5,20211221,184000,26.37,26.37,26.37,26.37,100,0
TCBX.US,5,20211221,184500,26.535,26.535,26.535,26.535,100,0
TCBX.US,5,20211221,185000,26.39,26.39,26.39,26.39,100,0
TCBX.US,5,20211221,185500,26.3706,26.41,26.3706,26.41,200,0
TCBX.US,5,20211221,190000,26.38,26.38,26.38,26.38,200,0
TCBX.US,5,20211221,190500,26.26,26.26,26.25,26.25,200,0
TCBX.US,5,20211221,191000,26.4,26.4,26.25,26.251,300,0
TCBX.US,5,20211221,191500,26.49,26.49,26.49,26.49,100,0
TCBX.US,5,20211221,192000,26.28,26.28,26.25,26.25,200,0
TCBX.US,5,20211221,192500,26.25,26.25,26.25,26.25,100,0
TCBX.US,5,20211221,193000,26.395,26.395,26.395,26.395,200,0
TCBX.US,5,20211221,193500,26.27,26.27,26.27,26.27,100,0
TCBX.US,5,20211221,195000,26.37,26.37,26.37,26.37,100,0
TCBX.US,5,20211221,195500,26.365,26.365,26.365,26.365,100,0
TCBX.US,5,20211221,200500,26.27,26.38,26.16,26.17,11904,0
TCBX.US,5,20211221,201500,26.255,26.255,26.25,26.25,1000,0
TCBX.US,5,20211221,202000,26.26,26.27,26.26,26.27,333,0
TCBX.US,5,20211221,202500,26.27,26.27,26.27,26.27,100,0
TCBX.US,5,20211221,205000,26.29,26.3,26.29,26.3,200,0
TCBX.US,5,20211221,210000,26.31,26.39,26.31,26.38,500,0
TCBX.US,5,20211221,210500,26.39,26.39,26.39,26.39,200,0
TCBX.US,5,20211221,211500,26.445,26.5,26.445,26.5,200,0
TCBX.US,5,20211221,212000,26.52,26.52,26.49,26.49,300,0
TCBX.US,5,20211221,213000,26.345,26.345,26.345,26.345,100,0
TCBX.US,5,20211221,213500,26.38,26.38,26.335,26.335,300,0
TCBX.US,5,20211221,215500,26.395,26.5,26.32,26.33,2420,0
TCBX.US,5,20211222,153000,26.27,26.5,26.01,26.01,1119,0
TCBX.US,5,20211222,153500,26.03,26.03,25.66,25.66,7487,0
TCBX.US,5,20211222,154500,25.685,26.005,25.685,26.005,200,0
TCBX.US,5,20211222,155000,25.71,25.71,25.67,25.67,200,0
TCBX.US,5,20211222,155500,26.095,26.095,25.805,26.08,3000,0
TCBX.US,5,20211222,160000,25.81,26.03,25.81,26.03,200,0
TCBX.US,5,20211222,160500,26.035,26.035,26.035,26.035,100,0
TCBX.US,5,20211222,161000,26.045,26.05,25.835,26.05,500,0
TCBX.US,5,20211222,162000,26.065,26.065,26.065,26.065,100,0
TCBX.US,5,20211222,162500,26.07,26.115,26.07,26.115,230,0
TCBX.US,5,20211222,163000,26.12,26.12,26.105,26.105,200,0
TCBX.US,5,20211222,164500,25.76,26.3193,25.76,25.965,450,0
TCBX.US,5,20211222,165000,25.77,25.77,25.77,25.77,100,0
TCBX.US,5,20211222,170000,26.08,26.08,26.08,26.08,189,0
TCBX.US,5,20211222,170500,26.245,26.245,26.11,26.245,400,0
TCBX.US,5,20211222,175000,26.14,26.14,26.14,26.14,100,0
TCBX.US,5,20211222,181000,26.31,26.31,26.15,26.15,200,0
TCBX.US,5,20211222,183500,26.25,26.25,26.25,26.25,100,0
TCBX.US,5,20211222,185000,26.06,26.06,25.85,25.855,2400,0
TCBX.US,5,20211222,185500,25.88,25.98,25.86,25.935,800,0
TCBX.US,5,20211222,190500,26,26.01,25.95,25.95,4880,0
TCBX.US,5,20211222,191000,25.913,25.913,25.875,25.875,300,0
TCBX.US,5,20211222,191500,25.88,25.97,25.78,25.87,900,0
TCBX.US,5,20211222,193000,25.9799,25.9799,25.9799,25.9799,100,0
TCBX.US,5,20211222,194000,25.795,25.795,25.795,25.795,100,0
TCBX.US,5,20211222,194500,25.775,25.93,25.775,25.93,200,0
TCBX.US,5,20211222,195000,25.7175,25.7175,25.7175,25.7175,100,0
TCBX.US,5,20211222,195500,25.72,25.72,25.72,25.72,100,0
TCBX.US,5,20211222,202500,25.855,25.97,25.855,25.97,200,0
TCBX.US,5,20211222,203500,25.6,25.765,25.6,25.765,200,0
TCBX.US,5,20211222,204500,25.93,25.93,25.88,25.88,300,0
TCBX.US,5,20211222,211500,25.99,26.175,25.98,26.175,896,0
TCBX.US,5,20211222,212500,26.33,26.33,26.32,26.32,200,0
TCBX.US,5,20211222,213000,26.34,26.34,26.34,26.34,100,0
TCBX.US,5,20211222,213500,26.35,26.41,26.35,26.41,200,0
TCBX.US,5,20211222,214500,26.33,26.33,26.33,26.33,300,0
TCBX.US,5,20211222,215000,26.35,26.35,26.35,26.35,100,0
TCBX.US,5,20211222,215500,26.375,26.5,26.36,26.5,2033,0
TCBX.US,5,20211223,153000,26.26,26.26,26.26,26.26,287,0
TCBX.US,5,20211223,153500,26.43,26.55,26.43,26.55,200,0
TCBX.US,5,20211223,155500,26.385,26.385,26.385,26.385,1400,0
TCBX.US,5,20211223,160500,26.04,26.255,26.04,26.25,431,0
TCBX.US,5,20211223,161500,25.835,26.08,25.835,26.08,840,0
TCBX.US,5,20211223,162000,26,26,26,26,100,0
TCBX.US,5,20211223,170000,25.875,25.875,25.795,25.85,300,0
TCBX.US,5,20211223,170500,25.8,26.25,25.685,26.03,2550,0
TCBX.US,5,20211223,171000,26.01,26.27,26,26.27,2100,0
TCBX.US,5,20211223,171500,26.25,26.25,26.25,26.25,118,0
TCBX.US,5,20211223,174000,26.17,26.17,26.17,26.17,100,0
TCBX.US,5,20211223,175000,26.07,26.08,26.07,26.08,200,0
TCBX.US,5,20211223,175500,26.03,26.03,26.03,26.03,114,0
TCBX.US,5,20211223,180000,26.15,26.15,26.15,26.15,500,0
TCBX.US,5,20211223,180500,26.12,26.12,26.12,26.12,200,0
TCBX.US,5,20211223,181000,26.15,26.15,26.13,26.13,699,0
TCBX.US,5,20211223,182500,25.99,25.99,25.99,25.99,116,0
TCBX.US,5,20211223,191000,25.92,25.92,25.86,25.86,200,0
TCBX.US,5,20211223,193000,25.64,25.64,25.64,25.64,100,0
TCBX.US,5,20211223,194500,25.74,25.74,25.72,25.72,200,0
TCBX.US,5,20211223,200500,25.74,25.74,25.74,25.74,100,0
TCBX.US,5,20211223,203000,25.76,25.76,25.76,25.76,100,0
TCBX.US,5,20211223,210000,25.66,25.66,25.66,25.66,571,0
TCBX.US,5,20211223,213500,25.54,25.54,25.54,25.54,100,0
TCBX.US,5,20211223,214000,25.54,25.75,25.54,25.75,200,0
TCBX.US,5,20211223,214500,25.65,25.65,25.65,25.65,100,0
TCBX.US,5,20211223,215000,25.53,25.81,25.53,25.75,800,0
TCBX.US,5,20211223,215500,25.85,25.92,25.72,25.88,5651,0
