<TICKER>,<PER>,<DATE>,<TIME>,<OPEN>,<HIGH>,<LOW>,<CLOSE>,<VOL>,<OPENINT>
VECT.US,5,20211104,143000,5.23,5.41,5.23,5.35,11657,0
VECT.US,5,20211104,144000,5.3718,5.45,5.3718,5.385,1359,0
VECT.US,5,20211104,145500,5.4842,5.4842,5.475,5.475,360,0
VECT.US,5,20211104,150000,5.3861,5.6099,5.3861,5.42,1000,0
VECT.US,5,20211104,150500,5.44,5.44,5.43,5.43,900,0
VECT.US,5,20211104,151000,5.41,5.45,5.4,5.42,800,0
VECT.US,5,20211104,151500,5.42,5.42,5.34,5.34,981,0
VECT.US,5,20211104,152000,5.34,5.3401,5.32,5.32,1350,0
VECT.US,5,20211104,152500,5.32,5.32,5.31,5.31,800,0
VECT.US,5,20211104,153000,5.31,5.35,5.31,5.35,900,0
VECT.US,5,20211104,153500,5.35,5.37,5.31,5.31,1300,0
VECT.US,5,20211104,154000,5.31,5.31,5.31,5.31,300,0
VECT.US,5,20211104,155500,5.37,5.41,5.37,5.375,1400,0
VECT.US,5,20211104,161000,5.32,5.32,5.32,5.32,300,0
VECT.US,5,20211104,161500,5.32,5.32,5.32,5.32,100,0
VECT.US,5,20211104,162000,5.3,5.3,5.275,5.275,600,0
VECT.US,5,20211104,162500,5.3,5.38,5.3,5.38,2000,0
VECT.US,5,20211104,164000,5.26,5.34,5.26,5.34,1100,0
VECT.US,5,20211104,165000,5.28,5.28,5.28,5.28,700,0
VECT.US,5,20211104,171000,5.3,5.3,5.3,5.3,100,0
VECT.US,5,20211104,172000,5.26,5.26,5.26,5.26,100,0
VECT.US,5,20211104,174000,5.2999,5.32,5.28,5.28,6200,0
VECT.US,5,20211104,174500,5.3,5.32,5.3,5.3,2850,0
VECT.US,5,20211104,175000,5.26,5.26,5.26,5.26,100,0
VECT.US,5,20211104,175500,5.29,5.345,5.29,5.345,19600,0
VECT.US,5,20211104,180000,5.345,5.345,5.345,5.345,100,0
VECT.US,5,20211104,181000,5.3236,5.3236,5.31,5.31,385,0
VECT.US,5,20211104,181500,5.35,5.3597,5.35,5.35,1200,0
VECT.US,5,20211104,182000,5.31,5.31,5.29,5.29,200,0
VECT.US,5,20211104,183000,5.355,5.355,5.355,5.355,100,0
VECT.US,5,20211104,184500,5.28,5.28,5.28,5.28,100,0
VECT.US,5,20211104,193000,5.28,5.28,5.28,5.28,100,0
VECT.US,5,20211104,195000,5.41,5.41,5.26,5.26,200,0
VECT.US,5,20211104,195500,5.3798,5.3798,5.35,5.35,324,0
VECT.US,5,20211104,201500,5.43,5.455,5.41,5.41,845,0
VECT.US,5,20211104,202000,5.58,5.96,5.5541,5.5541,15796,0
VECT.US,5,20211104,202500,5.83,5.83,5.7101,5.7101,21526,0
VECT.US,5,20211104,203000,5.94,5.94,5.73,5.83,1300,0
VECT.US,5,20211104,203500,5.94,5.94,5.48,5.54,15647,0
VECT.US,5,20211104,204000,5.58,5.58,5.5,5.5,280,0
VECT.US,5,20211104,205000,5.51,5.51,5.46,5.46,2449,0
VECT.US,5,20211104,205500,5.46,5.53,5.46,5.53,2249,0
VECT.US,5,20211105,143000,5.49,5.512,5.3,5.3,5977,0
VECT.US,5,20211105,143500,5.4693,5.48,5.35,5.465,3150,0
VECT.US,5,20211105,144000,5.465,5.57,5.465,5.57,6450,0
VECT.US,5,20211105,144500,5.455,5.455,5.45,5.45,900,0
VECT.US,5,20211105,145000,5.45,5.46,5.45,5.46,1000,0
VECT.US,5,20211105,145500,5.45,5.45,5.45,5.45,800,0
VECT.US,5,20211105,150000,5.44,5.46,5.44,5.46,1100,0
VECT.US,5,20211105,150500,5.46,5.51,5.44,5.51,1000,0
VECT.US,5,20211105,151000,5.51,5.6097,5.46,5.46,4890,0
VECT.US,5,20211105,151500,5.46,5.4832,5.46,5.46,1700,0
VECT.US,5,20211105,152000,5.49,5.53,5.49,5.5,1588,0
VECT.US,5,20211105,152500,5.49,5.49,5.45,5.45,1300,0
VECT.US,5,20211105,153000,5.485,5.52,5.485,5.5,23200,0
VECT.US,5,20211105,153500,5.5287,5.53,5.515,5.52,881,0
VECT.US,5,20211105,154500,5.54,5.54,5.53,5.53,200,0
VECT.US,5,20211105,155000,5.53,5.53,5.5,5.5,800,0
VECT.US,5,20211105,155500,5.53,5.62,5.5,5.58,13600,0
VECT.US,5,20211105,160000,5.62,5.62,5.58,5.58,450,0
VECT.US,5,20211105,161000,5.58,5.58,5.51,5.51,1100,0
VECT.US,5,20211105,161500,5.515,5.53,5.51,5.515,1300,0
VECT.US,5,20211105,162000,5.51,5.5357,5.51,5.51,1200,0
VECT.US,5,20211105,162500,5.51,5.51,5.5,5.5,1200,0
VECT.US,5,20211105,163000,5.5,5.51,5.5,5.5,718,0
VECT.US,5,20211105,163500,5.5,5.5,5.5,5.5,800,0
VECT.US,5,20211105,164000,5.54,5.54,5.54,5.54,2500,0
VECT.US,5,20211105,164500,5.51,5.51,5.51,5.51,100,0
VECT.US,5,20211105,165000,5.545,5.5793,5.545,5.5793,2500,0
VECT.US,5,20211105,165500,5.55,5.57,5.52,5.55,1533,0
VECT.US,5,20211105,170000,5.52,5.54,5.52,5.54,244,0
VECT.US,5,20211105,171000,5.56,5.59,5.56,5.5601,2100,0
VECT.US,5,20211105,171500,5.56,5.56,5.56,5.56,100,0
VECT.US,5,20211105,172000,5.56,5.56,5.56,5.56,100,0
VECT.US,5,20211105,173500,5.55,5.55,5.55,5.55,200,0
VECT.US,5,20211105,174000,5.5501,5.5501,5.5501,5.5501,200,0
VECT.US,5,20211105,174500,5.55,5.55,5.55,5.55,100,0
VECT.US,5,20211105,175000,5.55,5.55,5.55,5.55,2300,0
VECT.US,5,20211105,175500,5.55,5.55,5.47,5.47,2200,0
VECT.US,5,20211105,180000,5.47,5.47,5.47,5.47,1800,0
VECT.US,5,20211105,180500,5.47,5.47,5.4,5.4,1500,0
VECT.US,5,20211105,181000,5.41,5.41,5.39,5.39,1594,0
VECT.US,5,20211105,181500,5.39,5.44,5.39,5.44,2000,0
VECT.US,5,20211105,182000,5.39,5.39,5.37,5.37,4700,0
VECT.US,5,20211105,182500,5.35,5.3501,5.32,5.32,6748,0
VECT.US,5,20211105,183000,5.32,5.3214,5.31,5.31,2700,0
VECT.US,5,20211105,183500,5.3,5.325,5.3,5.325,2895,0
VECT.US,5,20211105,184000,5.3,5.3,5.3,5.3,1000,0
VECT.US,5,20211105,184500,5.3,5.31,5.3,5.31,1600,0
VECT.US,5,20211105,185000,5.31,5.31,5.3,5.31,1400,0
VECT.US,5,20211105,185500,5.31,5.32,5.3,5.3,1700,0
VECT.US,5,20211105,190000,5.3,5.3,5.29,5.29,2500,0
VECT.US,5,20211105,190500,5.24,5.305,5.24,5.3,3146,0
VECT.US,5,20211105,191000,5.29,5.29,5.29,5.29,800,0
VECT.US,5,20211105,191500,5.2824,5.2824,5.2824,5.2824,944,0
VECT.US,5,20211105,192500,5.275,5.275,5.275,5.275,100,0
VECT.US,5,20211105,193000,5.25,5.29,5.25,5.27,2868,0
VECT.US,5,20211105,193500,5.2748,5.29,5.27,5.27,604,0
VECT.US,5,20211105,194000,5.2999,5.2999,5.2999,5.2999,400,0
VECT.US,5,20211105,194500,5.27,5.27,5.27,5.27,100,0
VECT.US,5,20211105,195000,5.27,5.27,5.27,5.27,500,0
VECT.US,5,20211105,195500,5.279,5.3,5.279,5.3,525,0
VECT.US,5,20211105,200000,5.29,5.3,5.28,5.3,5400,0
VECT.US,5,20211105,200500,5.29,5.29,5.29,5.29,100,0
VECT.US,5,20211105,201000,5.275,5.275,5.275,5.275,100,0
VECT.US,5,20211105,201500,5.2999,5.2999,5.2999,5.2999,491,0
VECT.US,5,20211105,202000,5.3,5.3,5.285,5.285,700,0
VECT.US,5,20211105,203500,5.28,5.28,5.28,5.28,100,0
VECT.US,5,20211105,204000,5.28,5.28,5.28,5.28,100,0
VECT.US,5,20211105,204500,5.29,5.29,5.29,5.29,100,0
VECT.US,5,20211105,205000,5.3,5.3,5.29,5.29,1800,0
VECT.US,5,20211105,205500,5.29,5.3,5.29,5.3,1008,0
VECT.US,5,20211108,153000,5.37,5.4,5.3,5.305,2227,0
VECT.US,5,20211108,153500,5.305,5.32,5.3,5.32,900,0
VECT.US,5,20211108,154000,5.32,5.445,5.32,5.32,1400,0
VECT.US,5,20211108,154500,5.35,5.35,5.35,5.35,1000,0
VECT.US,5,20211108,155000,5.31,5.31,5.3,5.31,1155,0
VECT.US,5,20211108,155500,5.3,5.37,5.27,5.2868,3028,0
VECT.US,5,20211108,160000,5.3,5.31,5.28,5.2979,2014,0
VECT.US,5,20211108,160500,5.27,5.29,5.27,5.28,1362,0
VECT.US,5,20211108,161000,5.29,5.31,5.29,5.31,400,0
VECT.US,5,20211108,161500,5.31,5.31,5.31,5.31,100,0
VECT.US,5,20211108,162500,5.37,5.37,5.37,5.37,100,0
VECT.US,5,20211108,164000,5.3893,5.3893,5.33,5.33,1100,0
VECT.US,5,20211108,165500,5.33,5.33,5.33,5.33,100,0
VECT.US,5,20211108,171500,5.33,5.33,5.32,5.32,1100,0
VECT.US,5,20211108,172000,5.32,5.32,5.32,5.32,1000,0
VECT.US,5,20211108,172500,5.32,5.33,5.32,5.33,2500,0
VECT.US,5,20211108,173000,5.33,5.33,5.32,5.32,900,0
VECT.US,5,20211108,173500,5.32,5.34,5.32,5.32,1200,0
VECT.US,5,20211108,174000,5.32,5.34,5.32,5.32,1693,0
VECT.US,5,20211108,174500,5.32,5.32,5.24,5.24,13063,0
VECT.US,5,20211108,175000,5.2791,5.28,5.2791,5.28,308,0
VECT.US,5,20211108,175500,5.2799,5.2799,5.2799,5.2799,2000,0
VECT.US,5,20211108,180000,5.2751,5.2796,5.2751,5.2796,2000,0
VECT.US,5,20211108,181000,5.26,5.26,5.26,5.26,223,0
VECT.US,5,20211108,182000,5.28,5.3,5.28,5.3,2000,0
VECT.US,5,20211108,183000,5.26,5.288,5.26,5.272,1251,0
VECT.US,5,20211108,183500,5.28,5.28,5.26,5.26,600,0
VECT.US,5,20211108,184000,5.3,5.3,5.28,5.28,750,0
VECT.US,5,20211108,185000,5.28,5.28,5.28,5.28,662,0
VECT.US,5,20211108,190000,5.274,5.274,5.27,5.27,1200,0
VECT.US,5,20211108,190500,5.27,5.27,5.27,5.27,200,0
VECT.US,5,20211108,191000,5.27,5.27,5.27,5.27,100,0
VECT.US,5,20211108,192500,5.2799,5.2799,5.2799,5.2799,300,0
VECT.US,5,20211108,193500,5.27,5.27,5.27,5.27,100,0
VECT.US,5,20211108,194000,5.275,5.275,5.27,5.27,3450,0
VECT.US,5,20211108,194500,5.2699,5.27,5.265,5.27,1923,0
VECT.US,5,20211108,195000,5.275,5.29,5.27,5.27,1062,0
VECT.US,5,20211108,200000,5.27,5.3,5.27,5.3,323,0
VECT.US,5,20211108,200500,5.3,5.3,5.2,5.2,7085,0
VECT.US,5,20211108,201000,5.255,5.28,5.231,5.279,3004,0
VECT.US,5,20211108,202000,5.2895,5.3,5.265,5.3,855,0
VECT.US,5,20211108,203000,5.255,5.255,5.255,5.255,200,0
VECT.US,5,20211108,203500,5.23,5.2791,5.23,5.2791,700,0
VECT.US,5,20211108,204000,5.25,5.25,5.235,5.235,800,0
VECT.US,5,20211108,204500,5.235,5.235,5.18,5.185,11686,0
VECT.US,5,20211108,205000,5.17,5.1999,5.17,5.1966,1200,0
VECT.US,5,20211108,210000,5.1976,5.1976,5.1782,5.1899,1600,0
VECT.US,5,20211108,210500,5.19,5.19,5.17,5.185,700,0
VECT.US,5,20211108,211000,5.1961,5.1961,5.185,5.185,500,0
VECT.US,5,20211108,211500,5.185,5.1999,5.185,5.1999,1100,0
VECT.US,5,20211108,212000,5.185,5.2,5.185,5.2,300,0
VECT.US,5,20211108,213000,5.185,5.185,5.185,5.185,200,0
VECT.US,5,20211108,213500,5.195,5.195,5.195,5.195,100,0
VECT.US,5,20211108,214000,5.19,5.19,5.18,5.18,800,0
VECT.US,5,20211108,214500,5.1999,5.1999,5.1999,5.1999,400,0
VECT.US,5,20211108,215000,5.2,5.2,5.2,5.2,200,0
VECT.US,5,20211108,215500,5.1877,5.2,5.1877,5.19,1040,0
VECT.US,5,20211109,153000,5.23,5.2311,5.23,5.2311,576,0
VECT.US,5,20211109,153500,5.23,5.23,5.23,5.23,200,0
VECT.US,5,20211109,154000,5.2065,5.2065,5.1655,5.1655,320,0
VECT.US,5,20211109,155000,5.1506,5.1506,5.1,5.1,11191,0
VECT.US,5,20211109,155500,5.1372,5.1372,5.1372,5.1372,100,0
VECT.US,5,20211109,160000,5.15,5.1516,5.11,5.11,4202,0
VECT.US,5,20211109,160500,5.12,5.23,5.12,5.23,2100,0
VECT.US,5,20211109,163000,5.21,5.21,5.201,5.201,613,0
VECT.US,5,20211109,163500,5.13,5.2,5.13,5.2,3100,0
VECT.US,5,20211109,164000,5.1999,5.2,5.1999,5.2,3900,0
VECT.US,5,20211109,165000,5.1999,5.1999,5.13,5.13,560,0
VECT.US,5,20211109,170000,5.1731,5.1731,5.1731,5.1731,540,0
VECT.US,5,20211109,170500,5.19,5.2,5.165,5.1901,1200,0
VECT.US,5,20211109,171000,5.2,5.2,5.2,5.2,3700,0
VECT.US,5,20211109,171500,5.2,5.2,5.2,5.2,1300,0
VECT.US,5,20211109,173000,5.2399,5.2399,5.2399,5.2399,500,0
VECT.US,5,20211109,174500,5.2,5.2,5.16,5.2,2600,0
VECT.US,5,20211109,180000,5.2185,5.2185,5.2185,5.2185,500,0
VECT.US,5,20211109,181000,5.21,5.21,5.21,5.21,500,0
VECT.US,5,20211109,181500,5.2392,5.2392,5.18,5.18,1034,0
VECT.US,5,20211109,182000,5.18,5.18,5.18,5.18,100,0
VECT.US,5,20211109,182500,5.19,5.19,5.19,5.19,600,0
VECT.US,5,20211109,185000,5.16,5.16,5.16,5.16,100,0
VECT.US,5,20211109,190000,5.23,5.23,5.2,5.2,387,0
VECT.US,5,20211109,192000,5.23,5.24,5.2,5.24,1703,0
VECT.US,5,20211109,192500,5.2,5.24,5.185,5.2,3499,0
VECT.US,5,20211109,193000,5.2009,5.22,5.2,5.2,4953,0
VECT.US,5,20211109,193500,5.2,5.2,5.2,5.2,200,0
VECT.US,5,20211109,194000,5.2,5.2,5.2,5.2,500,0
VECT.US,5,20211109,194500,5.2,5.2,5.2,5.2,600,0
VECT.US,5,20211109,195000,5.2,5.2,5.2,5.2,500,0
VECT.US,5,20211109,195500,5.2,5.2,5.2,5.2,500,0
VECT.US,5,20211109,200000,5.19,5.2,5.19,5.2,500,0
VECT.US,5,20211109,200500,5.2,5.2,5.2,5.2,600,0
VECT.US,5,20211109,201000,5.2,5.2,5.16,5.2,700,0
VECT.US,5,20211109,201500,5.2,5.2,5.16,5.2,2073,0
VECT.US,5,20211109,202500,5.2,5.2,5.2,5.2,200,0
VECT.US,5,20211109,203000,5.21,5.225,5.2,5.225,2466,0
VECT.US,5,20211109,203500,5.235,5.235,5.2,5.2,900,0
VECT.US,5,20211109,205500,5.2013,5.2013,5.2013,5.2013,900,0
VECT.US,5,20211109,212000,5.19,5.19,5.19,5.19,100,0
VECT.US,5,20211109,213000,5.24,5.24,5.24,5.24,300,0
VECT.US,5,20211109,213500,5.24,5.24,5.19,5.24,1968,0
VECT.US,5,20211109,214000,5.24,5.24,5.215,5.215,1300,0
VECT.US,5,20211109,214500,5.215,5.215,5.215,5.215,2000,0
VECT.US,5,20211109,215000,5.215,5.24,5.19,5.24,4250,0
VECT.US,5,20211109,215500,5.19,5.24,5.19,5.2,10047,0
VECT.US,5,20211110,153000,5.22,5.22,5.2,5.2,512,0
VECT.US,5,20211110,153500,5.2,5.2,5.12,5.12,1750,0
VECT.US,5,20211110,160000,5.12,5.12,5,5.02,7455,0
VECT.US,5,20211110,160500,5.1399,5.1399,5.02,5.02,780,0
VECT.US,5,20211110,161000,5.09,5.139,5.09,5.139,500,0
VECT.US,5,20211110,161500,5.05,5.1259,5.05,5.1259,350,0
VECT.US,5,20211110,162000,5.105,5.105,5.105,5.105,250,0
VECT.US,5,20211110,162500,5.08,5.08,5.08,5.08,500,0
VECT.US,5,20211110,163500,5.07,5.08,5.03,5.03,4576,0
VECT.US,5,20211110,164000,5.0485,5.0485,5.04,5.04,1000,0
VECT.US,5,20211110,165000,5.04,5.0401,5.01,5.0102,3724,0
VECT.US,5,20211110,170000,5.0459,5.0459,5.0459,5.0459,100,0
VECT.US,5,20211110,170500,5.03,5.05,5.02,5.03,2500,0
VECT.US,5,20211110,171500,5.03,5.03,5.01,5.01,1035,0
VECT.US,5,20211110,172000,5.01,5.01,4.91,4.9899,16778,0
VECT.US,5,20211110,172500,4.9405,4.95,4.9405,4.95,1600,0
VECT.US,5,20211110,173000,4.98,4.99,4.97,4.97,823,0
VECT.US,5,20211110,174500,4.9772,4.9772,4.9772,4.9772,222,0
VECT.US,5,20211110,175000,4.9899,4.9899,4.9899,4.9899,100,0
VECT.US,5,20211110,175500,4.99,5,4.9871,5,7945,0
VECT.US,5,20211110,180000,5,5.1465,4.99,5.005,1600,0
VECT.US,5,20211110,180500,5.01,5.01,4.9952,4.9952,600,0
VECT.US,5,20211110,181000,5,5,5,5,200,0
VECT.US,5,20211110,181500,5,5,5,5,100,0
VECT.US,5,20211110,182000,5,5,4.9994,5,2040,0
VECT.US,5,20211110,183000,5,5,5,5,200,0
VECT.US,5,20211110,183500,5,5,5,5,700,0
VECT.US,5,20211110,184000,4.98,4.98,4.95,4.95,5140,0
VECT.US,5,20211110,185500,4.9208,4.9208,4.9208,4.9208,500,0
VECT.US,5,20211110,190500,4.98,4.98,4.96,4.96,215,0
VECT.US,5,20211110,191000,4.9543,4.9543,4.9543,4.9543,100,0
VECT.US,5,20211110,191500,4.9792,4.9792,4.9742,4.9742,200,0
VECT.US,5,20211110,194500,4.97,4.97,4.97,4.97,100,0
VECT.US,5,20211110,195500,4.94,4.96,4.92,4.92,1909,0
VECT.US,5,20211110,201000,4.925,4.93,4.89,4.9201,8548,0
VECT.US,5,20211110,201500,4.87,4.89,4.87,4.871,1098,0
VECT.US,5,20211110,202000,4.87,4.8901,4.79,4.89,7153,0
VECT.US,5,20211110,202500,4.91,4.91,4.91,4.91,100,0
VECT.US,5,20211110,203000,4.96,4.96,4.96,4.96,100,0
VECT.US,5,20211110,212000,4.8518,4.8518,4.8518,4.8518,103,0
VECT.US,5,20211110,212500,4.9132,4.9132,4.9132,4.9132,200,0
VECT.US,5,20211110,213000,4.86,4.94,4.86,4.94,1325,0
VECT.US,5,20211110,213500,4.87,4.93,4.75,4.805,5676,0
VECT.US,5,20211110,214000,4.84,4.84,4.84,4.84,100,0
VECT.US,5,20211110,214500,4.87,4.87,4.75,4.75,1600,0
VECT.US,5,20211110,215000,4.92,4.93,4.72,4.81,4281,0
VECT.US,5,20211110,215500,4.82,4.93,4.82,4.93,1311,0
VECT.US,5,20211111,153000,4.93,4.93,4.93,4.93,436,0
VECT.US,5,20211111,153500,4.9514,4.9514,4.9514,4.9514,500,0
VECT.US,5,20211111,155000,4.8,4.8,4.8,4.8,100,0
VECT.US,5,20211111,155500,4.8,4.875,4.78,4.78,2500,0
VECT.US,5,20211111,160000,4.94,4.94,4.94,4.94,250,0
VECT.US,5,20211111,170000,4.9,4.9,4.76,4.82,400,0
VECT.US,5,20211111,174000,4.84,4.84,4.78,4.8001,2664,0
VECT.US,5,20211111,174500,4.8066,4.8066,4.8,4.8,1100,0
VECT.US,5,20211111,175000,4.78,4.8,4.78,4.79,600,0
VECT.US,5,20211111,175500,4.78,4.7802,4.75,4.7801,2560,0
VECT.US,5,20211111,180000,4.785,4.785,4.73,4.76,1100,0
VECT.US,5,20211111,181500,4.7343,4.7343,4.725,4.725,200,0
VECT.US,5,20211111,182000,4.72,4.75,4.72,4.75,2200,0
VECT.US,5,20211111,183000,4.7814,4.7814,4.7814,4.7814,100,0
VECT.US,5,20211111,183500,4.77,4.77,4.77,4.77,100,0
VECT.US,5,20211111,184000,4.76,4.76,4.76,4.76,200,0
VECT.US,5,20211111,184500,4.805,4.805,4.805,4.805,302,0
VECT.US,5,20211111,185500,4.73,4.73,4.73,4.73,100,0
VECT.US,5,20211111,200000,4.75,4.75,4.72,4.72,2105,0
VECT.US,5,20211111,200500,4.725,4.725,4.66,4.66,1368,0
VECT.US,5,20211111,201000,4.635,4.635,4.55,4.6025,4200,0
VECT.US,5,20211111,201500,4.595,4.61,4.57,4.6,1800,0
VECT.US,5,20211111,202000,4.65,4.67,4.65,4.65,1100,0
VECT.US,5,20211111,202500,4.69,4.69,4.69,4.69,500,0
VECT.US,5,20211111,203000,4.65,4.65,4.65,4.65,100,0
VECT.US,5,20211111,211000,4.61,4.61,4.61,4.61,2000,0
VECT.US,5,20211111,211500,4.63,4.675,4.605,4.675,1697,0
VECT.US,5,20211111,212500,4.64,4.675,4.62,4.675,1700,0
VECT.US,5,20211111,213000,4.685,4.75,4.6674,4.75,720,0
VECT.US,5,20211111,214000,4.7,4.74,4.7,4.74,521,0
VECT.US,5,20211111,214500,4.695,4.695,4.68,4.68,730,0
VECT.US,5,20211111,215000,4.68,4.68,4.67,4.675,1400,0
VECT.US,5,20211111,215500,4.67,4.67,4.63,4.63,736,0
VECT.US,5,20211112,153000,4.68,4.8199,4.68,4.7711,9240,0
VECT.US,5,20211112,153500,4.73,4.8,4.73,4.7597,2200,0
VECT.US,5,20211112,154000,4.8198,4.8881,4.8198,4.8881,2502,0
VECT.US,5,20211112,154500,4.9676,4.9676,4.9676,4.9676,555,0
VECT.US,5,20211112,155000,4.835,4.98,4.835,4.85,1205,0
VECT.US,5,20211112,162500,4.93,4.93,4.93,4.93,100,0
VECT.US,5,20211112,163000,4.94,4.94,4.85,4.85,300,0
VECT.US,5,20211112,173500,4.85,4.86,4.82,4.86,692,0
VECT.US,5,20211112,174500,4.8862,4.89,4.8697,4.875,4668,0
VECT.US,5,20211112,175000,4.845,4.845,4.845,4.845,1000,0
VECT.US,5,20211112,175500,4.815,4.99,4.815,4.9,4980,0
VECT.US,5,20211112,180000,5.0278,5.0278,5.0278,5.0278,500,0
VECT.US,5,20211112,181000,4.9,4.9,4.9,4.9,100,0
VECT.US,5,20211112,182000,4.99,4.99,4.96,4.96,901,0
VECT.US,5,20211112,182500,5.0291,5.0291,5.0291,5.0291,500,0
VECT.US,5,20211112,183000,4.975,4.975,4.975,4.975,400,0
VECT.US,5,20211112,183500,4.97,4.97,4.95,4.95,1400,0
VECT.US,5,20211112,184000,4.96,5.06,4.94,4.95,4013,0
VECT.US,5,20211112,192000,4.9438,4.9438,4.9438,4.9438,250,0
VECT.US,5,20211112,192500,4.944,4.944,4.944,4.944,160,0
VECT.US,5,20211112,194000,4.91,4.9382,4.91,4.9382,440,0
VECT.US,5,20211112,195500,4.915,4.94,4.915,4.94,1000,0
VECT.US,5,20211112,204500,4.89,4.89,4.89,4.89,100,0
VECT.US,5,20211112,205500,4.94,4.94,4.94,4.94,2000,0
VECT.US,5,20211112,210500,4.79,4.79,4.79,4.79,400,0
VECT.US,5,20211112,212000,4.81,4.81,4.81,4.81,100,0
VECT.US,5,20211112,212500,4.915,4.92,4.811,4.82,1300,0
VECT.US,5,20211112,213000,4.82,4.86,4.82,4.82,300,0
VECT.US,5,20211112,214000,4.89,4.89,4.85,4.85,200,0
VECT.US,5,20211112,215000,4.89,4.89,4.89,4.89,100,0
VECT.US,5,20211112,215500,4.85,4.93,4.85,4.93,2491,0
VECT.US,5,20211115,153000,4.86,4.86,4.86,4.86,238,0
VECT.US,5,20211115,154000,4.9796,4.9796,4.9796,4.9796,100,0
VECT.US,5,20211115,154500,4.945,4.945,4.945,4.945,260,0
VECT.US,5,20211115,155000,5.0399,5.0399,4.97,4.97,800,0
VECT.US,5,20211115,155500,4.97,4.97,4.91,4.91,500,0
VECT.US,5,20211115,161500,4.9527,5.03,4.95,4.95,1950,0
VECT.US,5,20211115,162500,4.96,4.96,4.96,4.96,350,0
VECT.US,5,20211115,163000,4.985,4.985,4.985,4.985,200,0
VECT.US,5,20211115,163500,4.97,4.97,4.97,4.97,200,0
VECT.US,5,20211115,164000,4.95,4.95,4.95,4.95,900,0
VECT.US,5,20211115,165500,4.9544,4.9544,4.942,4.942,855,0
VECT.US,5,20211115,172000,4.9049,4.9049,4.9,4.9008,1779,0
VECT.US,5,20211115,172500,4.88,4.88,4.88,4.88,500,0
VECT.US,5,20211115,174000,4.9498,4.9498,4.89,4.89,850,0
VECT.US,5,20211115,174500,4.89,4.89,4.89,4.89,100,0
VECT.US,5,20211115,175000,4.89,4.89,4.89,4.89,1136,0
VECT.US,5,20211115,175500,4.88,4.88,4.85,4.85,400,0
VECT.US,5,20211115,185500,4.85,4.85,4.85,4.85,700,0
VECT.US,5,20211115,190500,4.85,4.85,4.85,4.85,300,0
VECT.US,5,20211115,195000,4.8617,4.8617,4.8617,4.8617,195,0
VECT.US,5,20211115,195500,4.8628,4.8628,4.8628,4.8628,400,0
VECT.US,5,20211115,201000,4.9186,4.9186,4.8675,4.8675,900,0
VECT.US,5,20211115,202000,4.8675,4.9799,4.8675,4.9799,450,0
VECT.US,5,20211115,202500,4.9623,4.9623,4.9623,4.9623,250,0
VECT.US,5,20211115,203000,4.971,4.971,4.971,4.971,250,0
VECT.US,5,20211115,203500,4.9714,4.9714,4.9714,4.9714,250,0
VECT.US,5,20211115,204000,4.81,4.9899,4.81,4.9899,600,0
VECT.US,5,20211115,212000,4.8,4.8,4.8,4.8,100,0
VECT.US,5,20211115,212500,4.9709,4.9709,4.8001,4.8001,472,0
VECT.US,5,20211115,213000,4.85,4.85,4.85,4.85,300,0
VECT.US,5,20211115,213500,4.93,4.9799,4.85,4.85,4773,0
VECT.US,5,20211115,214000,4.915,4.915,4.915,4.915,100,0
VECT.US,5,20211115,214500,4.85,4.92,4.85,4.85,700,0
VECT.US,5,20211115,215000,4.85,4.85,4.85,4.85,200,0
VECT.US,5,20211115,215500,4.9899,4.9899,4.85,4.9,500,0
VECT.US,5,20211116,153500,4.8523,4.8523,4.8523,4.8523,1000,0
VECT.US,5,20211116,155000,4.86,4.86,4.85,4.85,1300,0
VECT.US,5,20211116,155500,4.9232,4.9232,4.83,4.83,2186,0
VECT.US,5,20211116,160000,4.81,4.845,4.81,4.845,2150,0
VECT.US,5,20211116,160500,4.8584,4.8584,4.81,4.81,995,0
VECT.US,5,20211116,161000,4.8,4.8,4.8,4.8,1000,0
VECT.US,5,20211116,161500,4.8274,4.8274,4.8,4.8,1100,0
VECT.US,5,20211116,162000,4.8,4.8,4.8,4.8,200,0
VECT.US,5,20211116,162500,4.835,4.84,4.806,4.806,1992,0
VECT.US,5,20211116,163000,4.8,4.8548,4.8,4.8548,700,0
VECT.US,5,20211116,163500,4.8,4.8599,4.8,4.83,1223,0
VECT.US,5,20211116,164000,4.82,4.82,4.82,4.82,200,0
VECT.US,5,20211116,164500,4.81,4.84,4.81,4.84,2218,0
VECT.US,5,20211116,165500,4.825,4.825,4.8,4.8,1050,0
VECT.US,5,20211116,170000,4.8,4.82,4.8,4.82,900,0
VECT.US,5,20211116,170500,4.8,4.8399,4.8,4.8399,814,0
VECT.US,5,20211116,171000,4.82,4.82,4.82,4.82,500,0
VECT.US,5,20211116,172500,4.8,4.8,4.8,4.8,100,0
VECT.US,5,20211116,173000,4.79,4.8,4.79,4.8,3539,0
VECT.US,5,20211116,174000,4.81,4.81,4.81,4.81,100,0
VECT.US,5,20211116,174500,4.87,4.87,4.8,4.835,1950,0
VECT.US,5,20211116,175000,4.835,4.8605,4.835,4.8605,550,0
VECT.US,5,20211116,175500,4.835,4.835,4.835,4.835,250,0
VECT.US,5,20211116,180000,4.81,4.8583,4.81,4.835,500,0
VECT.US,5,20211116,181500,4.81,4.82,4.79,4.82,3205,0
VECT.US,5,20211116,182000,4.7959,4.7959,4.7959,4.7959,1000,0
VECT.US,5,20211116,183000,4.8538,4.8538,4.8538,4.8538,250,0
VECT.US,5,20211116,183500,4.8334,4.8334,4.8334,4.8334,445,0
VECT.US,5,20211116,184000,4.84,4.8495,4.84,4.8495,200,0
VECT.US,5,20211116,190000,4.8294,4.8294,4.81,4.81,1058,0
VECT.US,5,20211116,191000,4.8053,4.8599,4.8053,4.8599,1000,0
VECT.US,5,20211116,191500,4.8538,4.8538,4.78,4.78,3950,0
VECT.US,5,20211116,192000,4.78,4.78,4.78,4.78,100,0
VECT.US,5,20211116,194000,4.8228,4.8349,4.8228,4.8349,500,0
VECT.US,5,20211116,194500,4.8261,4.8261,4.8261,4.8261,197,0
VECT.US,5,20211116,200000,4.815,4.815,4.79,4.79,700,0
VECT.US,5,20211116,200500,4.79,4.79,4.79,4.79,395,0
VECT.US,5,20211116,201500,4.8231,4.8231,4.8231,4.8231,250,0
VECT.US,5,20211116,203000,4.815,4.815,4.815,4.815,500,0
VECT.US,5,20211116,204500,4.79,4.815,4.79,4.815,280,0
VECT.US,5,20211116,205000,4.8276,4.8276,4.8276,4.8276,500,0
VECT.US,5,20211116,205500,4.8259,4.8259,4.8259,4.8259,250,0
VECT.US,5,20211116,210500,4.82,4.82,4.82,4.82,850,0
VECT.US,5,20211116,211000,4.8,4.8,4.8,4.8,200,0
VECT.US,5,20211116,212500,4.82,4.82,4.82,4.82,350,0
VECT.US,5,20211116,213000,4.84,4.84,4.82,4.82,1300,0
VECT.US,5,20211116,215000,4.84,4.85,4.825,4.825,450,0
VECT.US,5,20211117,153000,4.84,4.84,4.84,4.84,105,0
VECT.US,5,20211117,154000,4.77,4.875,4.75,4.8015,4697,0
VECT.US,5,20211117,154500,4.795,4.795,4.795,4.795,100,0
VECT.US,5,20211117,155500,4.8,4.8,4.8,4.8,656,0
VECT.US,5,20211117,160000,4.8,4.8,4.77,4.77,1902,0
VECT.US,5,20211117,160500,4.8,4.8,4.77,4.77,1026,0
VECT.US,5,20211117,161000,4.77,4.77,4.77,4.77,250,0
VECT.US,5,20211117,161500,4.77,4.77,4.76,4.76,1550,0
VECT.US,5,20211117,162000,4.79,4.79,4.76,4.76,1121,0
VECT.US,5,20211117,162500,4.79,4.79,4.775,4.775,1264,0
VECT.US,5,20211117,163500,4.8,4.8,4.7854,4.8,2195,0
VECT.US,5,20211117,164000,4.795,4.795,4.795,4.795,2400,0
VECT.US,5,20211117,164500,4.82,4.82,4.82,4.82,100,0
VECT.US,5,20211117,171000,4.8194,4.8194,4.76,4.76,200,0
VECT.US,5,20211117,171500,4.7601,4.7601,4.7601,4.7601,500,0
VECT.US,5,20211117,172500,4.8063,4.8063,4.7932,4.7932,795,0
VECT.US,5,20211117,173000,4.8,4.8,4.8,4.8,225,0
VECT.US,5,20211117,173500,4.8,4.8,4.8,4.8,500,0
VECT.US,5,20211117,174500,4.77,4.77,4.77,4.77,100,0
VECT.US,5,20211117,180000,4.7999,4.7999,4.7999,4.7999,100,0
VECT.US,5,20211117,184500,4.785,4.785,4.785,4.785,100,0
VECT.US,5,20211117,191500,4.788,4.788,4.788,4.788,300,0
VECT.US,5,20211117,193500,4.8,4.8,4.8,4.8,500,0
VECT.US,5,20211117,195000,4.785,4.795,4.785,4.79,300,0
VECT.US,5,20211117,200000,4.785,4.785,4.785,4.785,104,0
VECT.US,5,20211117,204000,4.77,4.77,4.77,4.77,100,0
VECT.US,5,20211117,204500,4.77,4.77,4.77,4.77,250,0
VECT.US,5,20211117,211500,4.785,4.785,4.785,4.785,145,0
VECT.US,5,20211117,212000,4.77,4.77,4.77,4.77,500,0
VECT.US,5,20211117,214500,4.8,4.8,4.8,4.8,400,0
VECT.US,5,20211117,215500,4.7803,4.8,4.7803,4.8,755,0
VECT.US,5,20211118,153000,4.84,4.84,4.84,4.84,101,0
VECT.US,5,20211118,163000,4.7472,4.7472,4.7472,4.7472,192,0
VECT.US,5,20211118,164000,4.75,4.75,4.74,4.74,1469,0
VECT.US,5,20211118,165500,4.75,4.75,4.75,4.75,500,0
VECT.US,5,20211118,171000,4.7786,4.7786,4.7786,4.7786,250,0
VECT.US,5,20211118,171500,4.69,4.69,4.62,4.625,2098,0
VECT.US,5,20211118,172000,4.625,4.7,4.62,4.62,1300,0
VECT.US,5,20211118,172500,4.62,4.66,4.2901,4.2901,36733,0
VECT.US,5,20211118,173000,4.395,4.395,4.395,4.395,100,0
VECT.US,5,20211118,173500,4.4,4.4,4.4,4.4,200,0
VECT.US,5,20211118,174000,4.4,4.4708,4.3,4.3816,8431,0
VECT.US,5,20211118,174500,4.33,4.3649,4.33,4.3649,5100,0
VECT.US,5,20211118,175000,4.39,4.39,4.365,4.365,600,0
VECT.US,5,20211118,175500,4.385,4.385,4.05,4.05,16960,0
VECT.US,5,20211118,180000,4.2426,4.2426,4.11,4.1101,1100,0
VECT.US,5,20211118,180500,4.1,4.1,4.1,4.1,399,0
VECT.US,5,20211118,181000,4.15,4.15,4.12,4.1205,1585,0
VECT.US,5,20211118,181500,4.135,4.19,4.135,4.19,1126,0
VECT.US,5,20211118,182000,4.25,4.28,4.25,4.28,2400,0
VECT.US,5,20211118,182500,4.3198,4.38,4.31,4.38,9505,0
VECT.US,5,20211118,183000,4.37,4.38,4.34,4.38,4999,0
VECT.US,5,20211118,184000,4.38,4.38,4.325,4.325,253,0
VECT.US,5,20211118,185000,4.275,4.275,4.26,4.26,800,0
VECT.US,5,20211118,185500,4.26,4.26,4.26,4.26,523,0
VECT.US,5,20211118,190000,4.23,4.25,4.23,4.25,819,0
VECT.US,5,20211118,191000,4.23,4.25,4.21,4.21,4859,0
VECT.US,5,20211118,191500,4.22,4.22,4.22,4.22,700,0
VECT.US,5,20211118,192000,4.2021,4.2021,4.2,4.2,675,0
VECT.US,5,20211118,192500,4.19,4.19,4.19,4.19,100,0
VECT.US,5,20211118,193000,4.18,4.18,4.18,4.18,149,0
VECT.US,5,20211118,193500,4.21,4.21,4.08,4.17,7293,0
VECT.US,5,20211118,194000,4.02,4.1,3.87,3.87,7741,0
VECT.US,5,20211118,194500,3.92,3.95,3.92,3.95,1500,0
VECT.US,5,20211118,195000,3.92,3.99,3.92,3.989,1150,0
VECT.US,5,20211118,195500,3.955,3.9845,3.955,3.9845,600,0
VECT.US,5,20211118,200000,3.98,4.05,3.98,4.05,1100,0
VECT.US,5,20211118,200500,4.06,4.06,4.06,4.06,100,0
VECT.US,5,20211118,201000,4,4.15,4,4.15,850,0
VECT.US,5,20211118,201500,4.14,4.15,4.14,4.15,600,0
VECT.US,5,20211118,202500,4.0801,4.1497,4.0801,4.115,7652,0
VECT.US,5,20211118,203000,4.15,4.18,4.135,4.18,3100,0
VECT.US,5,20211118,203500,4.1786,4.18,4.1786,4.18,1500,0
VECT.US,5,20211118,204000,4.22,4.23,4.17,4.185,2000,0
VECT.US,5,20211118,204500,4.2399,4.2399,4.2282,4.2282,2226,0
VECT.US,5,20211118,205000,4.24,4.24,4.24,4.24,100,0
VECT.US,5,20211118,205500,4.225,4.225,4.165,4.165,3033,0
VECT.US,5,20211118,211000,4.125,4.16,4.125,4.16,400,0
VECT.US,5,20211118,211500,4.13,4.13,4.05,4.105,13743,0
VECT.US,5,20211118,212000,4.04,4.095,3.98,3.99,11442,0
VECT.US,5,20211118,212500,4.1781,4.1781,4.1781,4.1781,250,0
VECT.US,5,20211118,213500,4.17,4.17,4.1375,4.1595,3300,0
VECT.US,5,20211118,214000,4.12,4.12,4.12,4.12,100,0
VECT.US,5,20211118,214500,4.12,4.16,4.12,4.16,400,0
VECT.US,5,20211118,215000,4.17,4.17,4.13,4.16,700,0
VECT.US,5,20211118,215500,4.16,4.16,4.12,4.16,2723,0
VECT.US,5,20211119,153000,4.1,4.1,4.1,4.1,360,0
VECT.US,5,20211119,154000,4.1,4.1132,4.03,4.1132,2945,0
VECT.US,5,20211119,154500,4.205,4.25,4.12,4.25,690,0
VECT.US,5,20211119,155000,4.25,4.25,4.25,4.25,150,0
VECT.US,5,20211119,160500,4.225,4.225,4.225,4.225,200,0
VECT.US,5,20211119,163000,4.2,4.2,4.2,4.2,100,0
VECT.US,5,20211119,164000,4.1526,4.1526,4.1526,4.1526,200,0
VECT.US,5,20211119,181000,4.16,4.16,4.16,4.16,100,0
VECT.US,5,20211119,185500,4.19,4.19,4.19,4.19,230,0
VECT.US,5,20211119,190000,4.19,4.19,4.19,4.19,100,0
VECT.US,5,20211119,200000,4.2,4.2,4.11,4.11,2623,0
VECT.US,5,20211119,211500,4.11,4.11,3.85,4.01,6404,0
VECT.US,5,20211119,212000,4.01,4.01,4.01,4.01,300,0
VECT.US,5,20211119,212500,4.01,4.01,4.01,4.01,100,0
VECT.US,5,20211119,213000,4.1147,4.1147,4.02,4.02,200,0
VECT.US,5,20211119,214000,4.02,4.02,4.02,4.02,100,0
VECT.US,5,20211119,214500,4.02,4.0771,4.02,4.0771,779,0
VECT.US,5,20211119,215000,4.105,4.105,4.07,4.07,300,0
VECT.US,5,20211119,215500,4.15,4.15,4.02,4.07,2260,0
VECT.US,5,20211122,153000,4.01,4.165,4.01,4.165,542,0
VECT.US,5,20211122,153500,4.07,4.07,4.07,4.07,250,0
VECT.US,5,20211122,154000,4,4,4,4,550,0
VECT.US,5,20211122,155000,3.77,3.9792,3.77,3.88,2490,0
VECT.US,5,20211122,155500,3.9,3.9,3.9,3.9,200,0
VECT.US,5,20211122,160000,3.905,3.905,3.905,3.905,555,0
VECT.US,5,20211122,160500,3.83,3.83,3.83,3.83,100,0
VECT.US,5,20211122,161000,3.83,3.8445,3.83,3.8445,506,0
VECT.US,5,20211122,161500,3.84,3.84,3.84,3.84,100,0
VECT.US,5,20211122,162500,3.85,3.87,3.85,3.854,2472,0
VECT.US,5,20211122,163000,3.89,3.89,3.83,3.8627,6523,0
VECT.US,5,20211122,163500,3.86,3.88,3.86,3.8792,450,0
VECT.US,5,20211122,164000,3.84,3.8899,3.84,3.8651,3555,0
VECT.US,5,20211122,164500,3.83,3.83,3.83,3.83,200,0
VECT.US,5,20211122,165000,3.83,3.8834,3.83,3.8834,2822,0
VECT.US,5,20211122,165500,3.85,3.86,3.83,3.83,1525,0
VECT.US,5,20211122,170000,3.85,3.8899,3.78,3.78,10277,0
VECT.US,5,20211122,170500,3.8001,3.8881,3.8001,3.8873,3000,0
VECT.US,5,20211122,171500,3.83,3.83,3.83,3.83,700,0
VECT.US,5,20211122,172500,3.82,3.82,3.8,3.8,520,0
VECT.US,5,20211122,173000,3.8,3.825,3.8,3.82,849,0
VECT.US,5,20211122,173500,3.85,3.85,3.8,3.8,3476,0
VECT.US,5,20211122,174000,3.8161,3.8161,3.8161,3.8161,555,0
VECT.US,5,20211122,174500,3.8129,3.8129,3.701,3.701,4801,0
VECT.US,5,20211122,175000,3.68,3.68,3.68,3.68,110,0
VECT.US,5,20211122,175500,3.7392,3.7399,3.69,3.69,2322,0
VECT.US,5,20211122,180000,3.69,3.735,3.69,3.69,2523,0
VECT.US,5,20211122,180500,3.69,3.735,3.69,3.69,3400,0
VECT.US,5,20211122,181000,3.69,3.735,3.69,3.7,1300,0
VECT.US,5,20211122,181500,3.755,3.755,3.69,3.7,1900,0
VECT.US,5,20211122,182000,3.8199,3.8199,3.8097,3.8097,1555,0
VECT.US,5,20211122,182500,3.69,3.69,3.69,3.69,100,0
VECT.US,5,20211122,183000,3.69,3.69,3.69,3.69,300,0
VECT.US,5,20211122,184000,3.7081,3.7081,3.69,3.69,1600,0
VECT.US,5,20211122,184500,3.69,3.69,3.69,3.69,200,0
VECT.US,5,20211122,190000,3.69,3.7,3.69,3.7,200,0
VECT.US,5,20211122,190500,3.7889,3.7889,3.7889,3.7889,222,0
VECT.US,5,20211122,192000,3.7104,3.7104,3.7104,3.7104,100,0
VECT.US,5,20211122,192500,3.7,3.7,3.7,3.7,100,0
VECT.US,5,20211122,193000,3.71,3.74,3.71,3.74,300,0
VECT.US,5,20211122,193500,3.72,3.75,3.69,3.69,2523,0
VECT.US,5,20211122,194500,3.7399,3.7399,3.7343,3.7343,754,0
VECT.US,5,20211122,195000,3.72,3.72,3.72,3.72,100,0
VECT.US,5,20211122,200000,3.7,3.72,3.7,3.72,400,0
VECT.US,5,20211122,200500,3.7,3.7,3.7,3.7,100,0
VECT.US,5,20211122,201000,3.7,3.7,3.7,3.7,800,0
VECT.US,5,20211122,201500,3.7,3.7,3.7,3.7,300,0
VECT.US,5,20211122,202000,3.718,3.7261,3.69,3.69,1216,0
VECT.US,5,20211122,203000,3.7399,3.7399,3.69,3.715,2876,0
VECT.US,5,20211122,204500,3.723,3.723,3.7,3.7,1200,0
VECT.US,5,20211122,210000,3.72,3.72,3.72,3.72,300,0
VECT.US,5,20211122,210500,3.72,3.72,3.72,3.72,100,0
VECT.US,5,20211122,211000,3.7,3.72,3.7,3.72,1450,0
VECT.US,5,20211122,212000,3.71,3.71,3.71,3.71,200,0
VECT.US,5,20211122,213000,3.72,3.72,3.72,3.72,1000,0
VECT.US,5,20211122,214500,3.75,3.75,3.75,3.75,100,0
VECT.US,5,20211122,215000,3.8098,3.91,3.77,3.91,10870,0
VECT.US,5,20211122,215500,3.91,3.91,3.91,3.91,4000,0
VECT.US,5,20211123,153500,3.68,3.68,3.68,3.68,117,0
VECT.US,5,20211123,154500,3.81,3.9,3.81,3.81,300,0
VECT.US,5,20211123,155500,3.81,3.81,3.81,3.81,100,0
VECT.US,5,20211123,160000,3.9617,3.99,3.9617,3.964,350,0
VECT.US,5,20211123,160500,3.9621,3.98,3.9621,3.9665,865,0
VECT.US,5,20211123,161000,3.86,3.86,3.77,3.77,1108,0
VECT.US,5,20211123,161500,3.74,3.74,3.74,3.74,951,0
VECT.US,5,20211123,163000,3.75,3.75,3.75,3.75,200,0
VECT.US,5,20211123,164000,3.75,3.75,3.75,3.75,100,0
VECT.US,5,20211123,165000,3.75,3.75,3.75,3.75,100,0
VECT.US,5,20211123,170500,3.75,3.75,3.75,3.75,100,0
VECT.US,5,20211123,171000,3.7661,3.775,3.7661,3.775,200,0
VECT.US,5,20211123,171500,3.7867,3.7867,3.75,3.75,500,0
VECT.US,5,20211123,172000,3.8,3.8,3.8,3.8,150,0
VECT.US,5,20211123,172500,3.775,3.775,3.75,3.75,5100,0
VECT.US,5,20211123,173000,3.7954,3.7954,3.76,3.76,336,0
VECT.US,5,20211123,174000,3.78,3.78,3.76,3.78,1256,0
VECT.US,5,20211123,175000,3.77,3.77,3.77,3.77,100,0
VECT.US,5,20211123,175500,3.77,3.77,3.77,3.77,100,0
VECT.US,5,20211123,180000,3.7963,3.7963,3.785,3.785,5300,0
VECT.US,5,20211123,181500,3.77,3.77,3.77,3.77,100,0
VECT.US,5,20211123,182000,3.77,3.77,3.77,3.77,200,0
VECT.US,5,20211123,183500,3.77,3.77,3.77,3.77,100,0
VECT.US,5,20211123,185500,3.77,3.77,3.77,3.77,100,0
VECT.US,5,20211123,190500,3.785,3.785,3.785,3.785,5000,0
VECT.US,5,20211123,191000,3.7732,3.7732,3.7732,3.7732,400,0
VECT.US,5,20211123,191500,3.77,3.773,3.77,3.773,590,0
VECT.US,5,20211123,192000,3.785,3.785,3.785,3.785,5000,0
VECT.US,5,20211123,193000,3.77,3.785,3.77,3.785,220,0
VECT.US,5,20211123,194500,3.77,3.77,3.77,3.77,100,0
VECT.US,5,20211123,195000,3.77,3.77,3.77,3.77,100,0
VECT.US,5,20211123,200000,3.785,3.785,3.77,3.77,700,0
VECT.US,5,20211123,201000,3.77,3.77,3.77,3.77,201,0
VECT.US,5,20211123,202000,3.74,3.74,3.74,3.74,100,0
VECT.US,5,20211123,202500,3.74,3.74,3.74,3.74,250,0
VECT.US,5,20211123,203000,3.7858,3.7858,3.7858,3.7858,1000,0
VECT.US,5,20211123,204500,3.782,3.782,3.782,3.782,225,0
VECT.US,5,20211123,211500,3.7908,3.7908,3.7661,3.7661,200,0
VECT.US,5,20211123,212000,3.77,3.77,3.77,3.77,200,0
VECT.US,5,20211123,214000,3.75,3.75,3.75,3.75,100,0
VECT.US,5,20211123,215000,3.775,3.775,3.75,3.75,1039,0
VECT.US,5,20211123,215500,3.8,3.8,3.74,3.75,1240,0
VECT.US,5,20211124,155500,3.71,3.71,3.71,3.71,120,0
VECT.US,5,20211124,162000,3.79,3.79,3.79,3.79,896,0
VECT.US,5,20211124,171000,3.751,3.751,3.751,3.751,495,0
VECT.US,5,20211124,181000,3.8399,3.8399,3.8399,3.8399,250,0
VECT.US,5,20211124,181500,3.84,3.84,3.84,3.84,522,0
VECT.US,5,20211124,182500,3.75,3.75,3.75,3.75,200,0
VECT.US,5,20211124,183500,3.79,3.79,3.79,3.79,258,0
VECT.US,5,20211124,184000,3.8,3.8,3.8,3.8,100,0
VECT.US,5,20211124,185000,3.7501,3.7501,3.7501,3.7501,600,0
VECT.US,5,20211124,185500,3.8199,3.8199,3.811,3.811,500,0
VECT.US,5,20211124,190500,3.79,3.79,3.79,3.79,400,0
VECT.US,5,20211124,191000,3.79,3.82,3.76,3.76,6058,0
VECT.US,5,20211124,193000,3.79,3.79,3.79,3.79,100,0
VECT.US,5,20211124,194000,3.8199,3.8199,3.8199,3.8199,550,0
VECT.US,5,20211124,195000,3.805,3.805,3.805,3.805,255,0
VECT.US,5,20211124,200000,3.79,3.79,3.79,3.79,100,0
VECT.US,5,20211124,204500,3.815,3.815,3.815,3.815,400,0
VECT.US,5,20211124,205000,3.8,3.8,3.8,3.8,100,0
VECT.US,5,20211124,210000,3.83,3.83,3.82,3.82,200,0
VECT.US,5,20211124,212500,3.81,3.81,3.81,3.81,105,0
VECT.US,5,20211124,213000,3.97,3.98,3.91,3.92,1750,0
VECT.US,5,20211124,215500,3.97,3.97,3.97,3.97,649,0
VECT.US,5,20211126,153000,3.84,3.84,3.84,3.84,1156,0
VECT.US,5,20211126,153500,3.97,4.2299,3.97,4.2299,1177,0
VECT.US,5,20211126,154000,4.23,4.23,4.08,4.08,1775,0
VECT.US,5,20211126,155500,4.095,4.1009,4.075,4.075,2500,0
VECT.US,5,20211126,160000,4.0946,4.1,4.0946,4.1,2133,0
VECT.US,5,20211126,160500,4.0625,4.0625,4.0625,4.0625,200,0
VECT.US,5,20211126,161500,4.04,4.05,3.9098,3.9098,2000,0
VECT.US,5,20211126,162500,3.9835,3.9835,3.9835,3.9835,223,0
VECT.US,5,20211126,163000,3.995,3.995,3.9092,3.9092,1751,0
VECT.US,5,20211126,164000,3.95,3.9898,3.95,3.9898,650,0
VECT.US,5,20211126,164500,3.9,3.95,3.9,3.9078,817,0
VECT.US,5,20211126,165000,3.9,3.9,3.85,3.85,658,0
VECT.US,5,20211126,170000,3.9326,3.9326,3.895,3.895,923,0
VECT.US,5,20211126,171000,3.895,3.903,3.895,3.903,1000,0
VECT.US,5,20211126,171500,3.9299,3.9299,3.9299,3.9299,500,0
VECT.US,5,20211126,172500,3.905,3.905,3.905,3.905,555,0
VECT.US,5,20211126,175000,3.89,3.89,3.89,3.89,100,0
VECT.US,5,20211126,175500,3.88,3.88,3.88,3.88,419,0
VECT.US,5,20211126,181000,3.8793,3.8793,3.875,3.875,1545,0
VECT.US,5,20211126,181500,3.875,3.875,3.875,3.875,100,0
VECT.US,5,20211126,182000,3.8959,3.8959,3.8959,3.8959,777,0
VECT.US,5,20211126,183000,3.88,3.88,3.88,3.88,500,0
VECT.US,5,20211126,184000,3.88,3.8996,3.88,3.88,4200,0
VECT.US,5,20211126,184500,3.88,3.8996,3.88,3.88,8700,0
VECT.US,5,20211126,185000,3.8781,4.0283,3.8733,4.0283,2161,0
VECT.US,5,20211126,185500,3.94,4.0067,3.94,4.0067,3000,0
VECT.US,5,20211126,190000,3.94,3.94,3.86,3.86,2356,0
VECT.US,5,20211129,153000,4,4.095,4,4,10006,0
VECT.US,5,20211129,153500,3.8586,3.8586,3.8556,3.8556,400,0
VECT.US,5,20211129,155500,3.99,3.99,3.88,3.88,1607,0
VECT.US,5,20211129,160500,4.1159,4.1159,4.1159,4.1159,250,0
VECT.US,5,20211129,164000,4.03,4.03,4.03,4.03,100,0
VECT.US,5,20211129,170500,4.03,4.03,4.03,4.03,200,0
VECT.US,5,20211129,173500,4.0899,4.0899,4.0899,4.0899,660,0
VECT.US,5,20211129,190500,4.01,4.01,3.95,3.95,800,0
VECT.US,5,20211129,191000,3.955,4,3.955,4,5046,0
VECT.US,5,20211129,194000,3.92,3.92,3.79,3.8,3966,0
VECT.US,5,20211129,195000,3.8521,3.8521,3.78,3.78,500,0
VECT.US,5,20211129,200500,3.9501,3.9501,3.8,3.9184,650,0
VECT.US,5,20211129,201000,3.99,3.99,3.99,3.99,100,0
VECT.US,5,20211129,211000,3.8547,3.96,3.85,3.96,1542,0
VECT.US,5,20211129,212500,3.93,3.93,3.93,3.93,100,0
VECT.US,5,20211129,213000,3.93,3.93,3.85,3.8641,2054,0
VECT.US,5,20211129,213500,3.85,3.9164,3.8,3.8039,1400,0
VECT.US,5,20211129,214000,3.82,3.935,3.78,3.8015,2749,0
VECT.US,5,20211129,214500,3.8,3.915,3.75,3.75,2602,0
VECT.US,5,20211129,215000,3.85,3.85,3.73,3.73,2500,0
VECT.US,5,20211129,215500,3.76,3.9199,3.45,3.46,24031,0
VECT.US,5,20211130,153000,3.74,3.88,3.7,3.88,1708,0
VECT.US,5,20211130,155500,3.72,3.72,3.58,3.58,954,0
VECT.US,5,20211130,161000,3.8439,3.8482,3.71,3.75,4644,0
VECT.US,5,20211130,161500,3.67,3.67,3.67,3.67,100,0
VECT.US,5,20211130,162000,3.7786,3.7877,3.685,3.78,2452,0
VECT.US,5,20211130,162500,3.725,3.7999,3.725,3.7999,555,0
VECT.US,5,20211130,163000,3.745,3.745,3.745,3.745,4939,0
VECT.US,5,20211130,163500,3.69,3.6995,3.69,3.6995,2200,0
VECT.US,5,20211130,164000,3.7113,3.75,3.7,3.745,4200,0
VECT.US,5,20211130,164500,3.7383,3.7571,3.73,3.7315,1510,0
VECT.US,5,20211130,174500,3.69,3.7,3.66,3.6903,3250,0
VECT.US,5,20211130,183000,3.75,3.75,3.75,3.75,300,0
VECT.US,5,20211130,183500,3.78,3.78,3.765,3.765,300,0
VECT.US,5,20211130,184000,3.7564,3.7564,3.7564,3.7564,100,0
VECT.US,5,20211130,185000,3.75,3.75,3.75,3.75,1218,0
VECT.US,5,20211130,185500,3.75,3.75,3.75,3.75,360,0
VECT.US,5,20211130,190500,3.69,3.69,3.69,3.69,236,0
VECT.US,5,20211130,193000,3.73,3.73,3.72,3.73,1140,0
VECT.US,5,20211130,194000,3.73,3.73,3.73,3.73,655,0
VECT.US,5,20211130,195500,3.7021,3.73,3.7021,3.73,200,0
VECT.US,5,20211130,203000,3.71,3.71,3.71,3.71,100,0
VECT.US,5,20211130,204000,3.74,3.7693,3.74,3.7693,300,0
VECT.US,5,20211130,205500,3.7,3.7,3.7,3.7,100,0
VECT.US,5,20211130,210500,3.7,3.74,3.7,3.7,500,0
VECT.US,5,20211130,211000,3.7083,3.7083,3.7083,3.7083,151,0
VECT.US,5,20211130,212000,3.7,3.74,3.7,3.7,1400,0
VECT.US,5,20211130,213500,3.71,3.71,3.71,3.71,200,0
VECT.US,5,20211130,214000,3.7184,3.7184,3.7184,3.7184,129,0
VECT.US,5,20211130,214500,3.77,3.77,3.73,3.73,1100,0
VECT.US,5,20211130,215500,3.73,3.83,3.73,3.83,1919,0
VECT.US,5,20211201,153000,3.82,3.82,3.7,3.7,4035,0
VECT.US,5,20211201,154000,3.713,3.713,3.713,3.713,200,0
VECT.US,5,20211201,154500,3.8237,3.8237,3.76,3.795,2900,0
VECT.US,5,20211201,155500,3.76,3.7617,3.6,3.6,1820,0
VECT.US,5,20211201,160000,3.61,3.61,3.6,3.6,1200,0
VECT.US,5,20211201,160500,3.73,3.75,3.6,3.7075,3050,0
VECT.US,5,20211201,172500,3.65,3.65,3.6,3.605,5863,0
VECT.US,5,20211201,173000,3.605,3.605,3.5859,3.5859,1450,0
VECT.US,5,20211201,173500,3.55,3.57,3.55,3.57,400,0
VECT.US,5,20211201,174500,3.625,3.625,3.625,3.625,100,0
VECT.US,5,20211201,180000,3.6147,3.6147,3.6147,3.6147,500,0
VECT.US,5,20211201,181000,3.5964,3.5964,3.5964,3.5964,445,0
VECT.US,5,20211201,182000,3.56,3.655,3.56,3.655,2001,0
VECT.US,5,20211201,183000,3.6434,3.6434,3.6434,3.6434,500,0
VECT.US,5,20211201,183500,3.6399,3.6399,3.6399,3.6399,555,0
VECT.US,5,20211201,184000,3.6176,3.6176,3.6176,3.6176,4000,0
VECT.US,5,20211201,185000,3.62,3.63,3.62,3.63,200,0
VECT.US,5,20211201,190000,3.65,3.6605,3.635,3.6605,1865,0
VECT.US,5,20211201,190500,3.6,3.6,3.6,3.6,300,0
VECT.US,5,20211201,192000,3.5701,3.59,3.5701,3.59,400,0
VECT.US,5,20211201,193000,3.5934,3.5934,3.5934,3.5934,277,0
VECT.US,5,20211201,193500,3.57,3.57,3.57,3.57,149,0
VECT.US,5,20211201,194000,3.57,3.57,3.55,3.55,801,0
VECT.US,5,20211201,194500,3.5,3.5031,3.5,3.5031,805,0
VECT.US,5,20211201,195000,3.51,3.51,3.5,3.505,4200,0
VECT.US,5,20211201,195500,3.505,3.5092,3.5,3.5,2624,0
VECT.US,5,20211201,200000,3.51,3.51,3.51,3.51,400,0
VECT.US,5,20211201,200500,3.5091,3.5099,3.5,3.5,1550,0
VECT.US,5,20211201,201000,3.505,3.505,3.505,3.505,300,0
VECT.US,5,20211201,202000,3.5,3.5,3.4999,3.4999,250,0
VECT.US,5,20211201,202500,3.4944,3.4944,3.47,3.47,200,0
VECT.US,5,20211201,203000,3.48,3.56,3.31,3.56,5566,0
VECT.US,5,20211201,203500,3.56,3.56,3.56,3.56,350,0
VECT.US,5,20211201,210000,3.4874,3.4874,3.4874,3.4874,1000,0
VECT.US,5,20211201,210500,3.49,3.55,3.49,3.4901,5999,0
VECT.US,5,20211201,211000,3.5298,3.5298,3.51,3.51,1049,0
VECT.US,5,20211201,211500,3.43,3.44,3.3002,3.3115,10770,0
VECT.US,5,20211201,212000,3.3301,3.4,3.3,3.3802,10800,0
VECT.US,5,20211201,212500,3.32,3.39,3.2002,3.2002,10062,0
VECT.US,5,20211201,213000,3.21,3.3,3.11,3.11,10670,0
VECT.US,5,20211201,213500,3.24,3.24,3.24,3.24,3000,0
VECT.US,5,20211201,214000,3.29,3.29,3.1481,3.26,8785,0
VECT.US,5,20211201,214500,3.1501,3.175,3.07,3.1318,9105,0
VECT.US,5,20211201,215000,3.09,3.25,3.02,3.135,15641,0
VECT.US,5,20211201,215500,3.03,3.16,2.973,3.05,14274,0
VECT.US,5,20211202,153000,3.11,3.11,3.02,3.06,10469,0
VECT.US,5,20211202,153500,3.1,3.1,3,3.07,6300,0
VECT.US,5,20211202,154000,3.07,3.0741,3,3,2566,0
VECT.US,5,20211202,154500,2.9779,2.9779,2.9779,2.9779,100,0
VECT.US,5,20211202,155500,3.1279,3.1279,3.03,3.03,700,0
VECT.US,5,20211202,160000,3.08,3.158,3.08,3.158,1921,0
VECT.US,5,20211202,160500,3.03,3.15,3.01,3.01,11564,0
VECT.US,5,20211202,161500,3.1599,3.1599,3.1599,3.1599,100,0
VECT.US,5,20211202,163500,3.1205,3.1205,3.01,3.01,1195,0
VECT.US,5,20211202,164000,3.0311,3.0311,3.0311,3.0311,100,0
VECT.US,5,20211202,165000,3.02,3.03,2.7426,2.7426,11997,0
VECT.US,5,20211202,165500,3.11,3.11,2.9,3.0996,982,0
VECT.US,5,20211202,170500,3.0587,3.0587,2.995,2.995,1500,0
VECT.US,5,20211202,171500,2.95,3.05,2.95,3.05,600,0
VECT.US,5,20211202,173500,2.95,2.95,2.94,2.94,900,0
VECT.US,5,20211202,174000,2.95,2.95,2.94,2.94,700,0
VECT.US,5,20211202,175000,2.93,2.93,2.92,2.92,300,0
VECT.US,5,20211202,180500,3.0385,3.0385,3.0385,3.0385,1000,0
VECT.US,5,20211202,181000,3,3,3,3,100,0
VECT.US,5,20211202,183500,2.9301,2.9301,2.9301,2.9301,200,0
VECT.US,5,20211202,184000,3,3,3,3,200,0
VECT.US,5,20211202,184500,2.96,2.9625,2.96,2.96,660,0
VECT.US,5,20211202,185000,2.95,2.95,2.92,2.92,861,0
VECT.US,5,20211202,185500,2.9,2.9,2.75,2.75,49772,0
VECT.US,5,20211202,190000,2.8,2.8,2.77,2.77,1274,0
VECT.US,5,20211202,190500,2.91,2.96,2.91,2.96,8232,0
VECT.US,5,20211202,191000,2.8701,2.8701,2.8701,2.8701,500,0
VECT.US,5,20211202,191500,2.9621,2.9621,2.9621,2.9621,500,0
VECT.US,5,20211202,192500,2.96,2.96,2.96,2.96,5000,0
VECT.US,5,20211202,193000,3.0494,3.0494,3.0494,3.0494,1000,0
VECT.US,5,20211202,193500,2.88,2.88,2.88,2.88,250,0
VECT.US,5,20211202,194000,2.9558,2.9558,2.9558,2.9558,1000,0
VECT.US,5,20211202,195500,2.975,2.975,2.975,2.975,300,0
VECT.US,5,20211202,200000,2.98,2.98,2.98,2.98,400,0
VECT.US,5,20211202,202000,3,3,2.99,2.99,850,0
VECT.US,5,20211202,203500,2.99,2.99,2.99,2.99,300,0
VECT.US,5,20211202,204500,3,3.04,3,3.025,1600,0
VECT.US,5,20211202,205000,3.04,3.04,3.02,3.04,800,0
VECT.US,5,20211202,205500,3.1239,3.1239,3.0949,3.0949,2200,0
VECT.US,5,20211202,210000,3.09,3.09,3.07,3.09,1000,0
VECT.US,5,20211202,210500,3.09,3.09,3.09,3.09,200,0
VECT.US,5,20211202,211000,3.06,3.06,3.06,3.06,300,0
VECT.US,5,20211202,211500,3.08,3.08,3.08,3.08,220,0
VECT.US,5,20211202,212000,3.07,3.09,3.06,3.09,1010,0
VECT.US,5,20211202,213000,3.095,3.095,3.09,3.09,600,0
VECT.US,5,20211202,214000,3.08,3.08,3.08,3.08,1200,0
VECT.US,5,20211202,214500,3.07,3.07,3.07,3.07,100,0
VECT.US,5,20211202,215500,3.07,3.1,3.07,3.1,534,0
VECT.US,5,20211203,153000,3.14,3.14,3.14,3.14,1640,0
VECT.US,5,20211203,153500,3.1111,3.1111,3.1111,3.1111,100,0
VECT.US,5,20211203,154000,3.03,3.1399,3.03,3.1399,10000,0
VECT.US,5,20211203,154500,3.045,3.045,3.045,3.045,200,0
VECT.US,5,20211203,161500,3.1326,3.1326,3.1326,3.1326,2000,0
VECT.US,5,20211203,170500,3.103,3.103,3.103,3.103,500,0
VECT.US,5,20211203,171500,2.9054,2.9054,2.9054,2.9054,400,0
VECT.US,5,20211203,172500,3,3,3,3,400,0
VECT.US,5,20211203,173000,2.9851,3.0341,2.9851,3.0341,1100,0
VECT.US,5,20211203,174500,3.04,3.04,3.04,3.04,500,0
VECT.US,5,20211203,175500,2.985,3.02,2.985,3.02,700,0
VECT.US,5,20211203,181000,3.025,3.025,3.025,3.025,1700,0
VECT.US,5,20211203,182500,3.025,3.025,3.025,3.025,100,0
VECT.US,5,20211203,183000,3.025,3.025,3.025,3.025,100,0
VECT.US,5,20211203,184000,3,3.0101,3,3.0101,2500,0
VECT.US,5,20211203,192000,3.02,3.03,3.02,3.03,300,0
VECT.US,5,20211203,193000,3.02,3.02,3.02,3.02,100,0
VECT.US,5,20211203,193500,3.02,3.08,3.02,3.02,940,0
VECT.US,5,20211203,194000,3.02,3.03,3.02,3.02,2181,0
VECT.US,5,20211203,194500,3.02,3.02,3.01,3.01,4300,0
VECT.US,5,20211203,200500,2.995,2.995,2.995,2.995,252,0
VECT.US,5,20211203,201000,3.01,3.01,3,3,500,0
VECT.US,5,20211203,202000,3,3,2.97,2.99,2701,0
VECT.US,5,20211203,202500,2.96,2.96,2.95,2.95,200,0
VECT.US,5,20211203,205000,2.9904,2.9904,2.9904,2.9904,2400,0
VECT.US,5,20211203,205500,3.018,3.018,3.018,3.018,1000,0
VECT.US,5,20211203,210000,3.01,3.01,3.01,3.01,600,0
VECT.US,5,20211203,210500,3.0121,3.0399,2.9711,2.9711,7699,0
VECT.US,5,20211203,211000,2.9968,2.9968,2.9968,2.9968,1000,0
VECT.US,5,20211203,214000,2.97,2.975,2.96,2.96,321,0
VECT.US,5,20211203,214500,2.9604,3,2.9604,3,3303,0
VECT.US,5,20211203,215000,2.9601,2.9601,2.9601,2.9601,150,0
VECT.US,5,20211203,215500,2.96,2.96,2.81,2.83,6885,0
VECT.US,5,20211206,153000,2.94,3.08,2.82,3.0688,5335,0
VECT.US,5,20211206,153500,3,3.0012,2.87,2.87,1415,0
VECT.US,5,20211206,154000,2.89,2.89,2.81,2.85,6425,0
VECT.US,5,20211206,154500,2.9799,2.9799,2.86,2.92,867,0
VECT.US,5,20211206,160000,2.88,2.88,2.88,2.88,100,0
VECT.US,5,20211206,161000,2.94,2.94,2.94,2.94,250,0
VECT.US,5,20211206,162000,2.89,2.9616,2.89,2.96,3995,0
VECT.US,5,20211206,162500,2.965,3.09,2.95,3.09,9113,0
VECT.US,5,20211206,163000,3.045,3.045,2.96,2.96,1200,0
VECT.US,5,20211206,163500,3.11,3.11,3.11,3.11,322,0
VECT.US,5,20211206,165000,3.05,3.05,3,3,300,0
VECT.US,5,20211206,165500,3.08,3.08,3.08,3.08,161,0
VECT.US,5,20211206,170000,3.0068,3.0068,3.0068,3.0068,500,0
VECT.US,5,20211206,170500,3.0002,3.0002,3.0002,3.0002,545,0
VECT.US,5,20211206,171000,3.0538,3.0538,3.0538,3.0538,252,0
VECT.US,5,20211206,171500,3.0217,3.0217,3.0217,3.0217,500,0
VECT.US,5,20211206,172000,2.96,2.96,2.89,2.89,1351,0
VECT.US,5,20211206,174500,2.88,2.88,2.85,2.85,1763,0
VECT.US,5,20211206,175500,2.85,2.85,2.85,2.85,100,0
VECT.US,5,20211206,180000,2.8501,2.86,2.8501,2.86,200,0
VECT.US,5,20211206,182500,3,3,3,3,250,0
VECT.US,5,20211206,184000,2.85,2.85,2.85,2.85,100,0
VECT.US,5,20211206,192000,2.88,2.88,2.88,2.88,450,0
VECT.US,5,20211206,192500,2.875,2.875,2.87,2.87,200,0
VECT.US,5,20211206,195000,2.88,2.88,2.88,2.88,100,0
VECT.US,5,20211206,200000,2.96,3.05,2.92,2.92,10005,0
VECT.US,5,20211206,204000,2.9739,2.98,2.9704,2.98,1494,0
VECT.US,5,20211206,205500,2.97,2.97,2.97,2.97,100,0
VECT.US,5,20211206,211000,3.0001,3.015,3.0001,3.015,1270,0
VECT.US,5,20211206,211500,3.0001,3.0001,2.96,2.96,6281,0
VECT.US,5,20211206,213000,2.96,2.96,2.96,2.96,100,0
VECT.US,5,20211206,214000,2.97,2.97,2.95,2.95,5678,0
VECT.US,5,20211206,215000,2.96,2.96,2.96,2.96,100,0
VECT.US,5,20211206,215500,3.05,3.05,2.95,3.03,655,0
VECT.US,5,20211207,153000,3.08,3.08,2.87,2.96,4793,0
VECT.US,5,20211207,154000,3.09,3.09,2.96,2.97,7100,0
VECT.US,5,20211207,154500,2.97,2.97,2.97,2.97,100,0
VECT.US,5,20211207,155000,2.97,3.0848,2.97,2.97,1777,0
VECT.US,5,20211207,155500,3.07,3.07,3.07,3.07,200,0
VECT.US,5,20211207,160000,3.01,3.09,3.01,3.09,500,0
VECT.US,5,20211207,160500,3.09,3.09,3.02,3.02,300,0
VECT.US,5,20211207,161000,3.09,3.09,3.02,3.03,700,0
VECT.US,5,20211207,161500,3.08,3.2579,3.07,3.2579,3300,0
VECT.US,5,20211207,162000,3.09,3.1433,3.09,3.1433,977,0
VECT.US,5,20211207,163500,3.08,3.08,3.08,3.08,300,0
VECT.US,5,20211207,164500,3.085,3.085,3.085,3.085,100,0
VECT.US,5,20211207,165000,3.2605,3.2605,3.13,3.24,5376,0
VECT.US,5,20211207,165500,3.213,3.23,3.18,3.23,3400,0
VECT.US,5,20211207,170000,3.18,3.18,3.18,3.18,100,0
VECT.US,5,20211207,170500,3.18,3.18,3.18,3.18,100,0
VECT.US,5,20211207,171000,3.1802,3.1802,3.09,3.09,10524,0
VECT.US,5,20211207,171500,3.08,3.08,3.01,3.01,3694,0
VECT.US,5,20211207,172500,3.03,3.03,3.02,3.02,300,0
VECT.US,5,20211207,173000,3.06,3.07,3.06,3.07,200,0
VECT.US,5,20211207,174000,3.06,3.062,3.01,3.01,4025,0
VECT.US,5,20211207,175500,3.02,3.02,3.02,3.02,400,0
VECT.US,5,20211207,180500,3.06,3.06,3.06,3.06,300,0
VECT.US,5,20211207,181000,3.1288,3.1288,3.1288,3.1288,100,0
VECT.US,5,20211207,181500,3.105,3.123,3.06,3.06,5500,0
VECT.US,5,20211207,182000,3.07,3.07,3.07,3.07,100,0
VECT.US,5,20211207,182500,3.07,3.07,3.07,3.07,100,0
VECT.US,5,20211207,183000,3.07,3.07,3.07,3.07,100,0
VECT.US,5,20211207,183500,3.07,3.07,3.07,3.07,400,0
VECT.US,5,20211207,184000,3.15,3.15,3.08,3.08,300,0
VECT.US,5,20211207,184500,3.07,3.07,3.07,3.07,400,0
VECT.US,5,20211207,185000,3.13,3.134,3.13,3.134,200,0
VECT.US,5,20211207,190000,3.07,3.07,3.07,3.07,400,0
VECT.US,5,20211207,191000,3.08,3.0802,3.08,3.08,2700,0
VECT.US,5,20211207,191500,3.08,3.08,3.08,3.08,300,0
VECT.US,5,20211207,192000,3.1,3.1,3.1,3.1,100,0
VECT.US,5,20211207,192500,3.09,3.09,3.09,3.09,300,0
VECT.US,5,20211207,193000,3.15,3.15,3.09,3.1,3400,0
VECT.US,5,20211207,193500,3.12,3.12,3.12,3.12,800,0
VECT.US,5,20211207,194000,3.12,3.12,3.12,3.12,100,0
VECT.US,5,20211207,194500,3.12,3.1499,3.12,3.12,2100,0
VECT.US,5,20211207,195000,3.11,3.11,3.11,3.11,667,0
VECT.US,5,20211207,195500,3.11,3.11,3.11,3.11,500,0
VECT.US,5,20211207,200500,3.1135,3.125,3.11,3.125,1145,0
VECT.US,5,20211207,201000,3.12,3.13,3.12,3.13,200,0
VECT.US,5,20211207,202000,3.13,3.13,3.13,3.13,100,0
VECT.US,5,20211207,202500,3.13,3.1466,3.12,3.135,1600,0
VECT.US,5,20211207,203000,3.12,3.12,3.12,3.12,915,0
VECT.US,5,20211207,203500,3.12,3.13,3.12,3.13,300,0
VECT.US,5,20211207,204000,3.12,3.12,3.12,3.12,200,0
VECT.US,5,20211207,204500,3.135,3.1497,3.12,3.12,1900,0
VECT.US,5,20211207,205000,3.12,3.13,3.12,3.13,700,0
VECT.US,5,20211207,210000,3.13,3.1388,3.12,3.12,650,0
VECT.US,5,20211207,210500,3.12,3.13,3.12,3.12,500,0
VECT.US,5,20211207,211000,3.1294,3.1294,3.1,3.1,9817,0
VECT.US,5,20211207,211500,3.1,3.1,3.1,3.1,300,0
VECT.US,5,20211207,212000,3.1,3.109,3.09,3.09,3229,0
VECT.US,5,20211207,212500,3.09,3.12,3.09,3.09,600,0
VECT.US,5,20211207,213000,3.12,3.12,3.05,3.05,3900,0
VECT.US,5,20211207,213500,3.06,3.06,3.06,3.06,400,0
VECT.US,5,20211207,214000,3.07,3.1466,3.07,3.07,2300,0
VECT.US,5,20211207,214500,3.07,3.0702,3.07,3.07,3332,0
VECT.US,5,20211207,215000,3.07,3.08,3.06,3.06,2491,0
VECT.US,5,20211207,215500,3.06,3.105,3.05,3.05,3195,0
VECT.US,5,20211208,153000,3.06,3.06,3,3.04,1403,0
VECT.US,5,20211208,155000,3.0499,3.0499,2.9201,2.9201,550,0
VECT.US,5,20211208,163500,3.03,3.03,3,3.02,1300,0
VECT.US,5,20211208,164500,3.0162,3.03,3.0162,3.03,2550,0
VECT.US,5,20211208,165000,3.28,3.28,3.28,3.28,100,0
VECT.US,5,20211208,165500,3.02,3.12,3,3,600,0
VECT.US,5,20211208,170500,3.06,3.06,3.06,3.06,200,0
VECT.US,5,20211208,171500,3.02,3.02,3.01,3.01,635,0
VECT.US,5,20211208,172500,3.135,3.23,3,3,28423,0
VECT.US,5,20211208,173000,3,3.0778,3,3,24570,0
VECT.US,5,20211208,173500,3.01,3.011,3,3,1712,0
VECT.US,5,20211208,174000,3.0271,3.0271,3,3,1200,0
VECT.US,5,20211208,175000,3,3.03,3,3.03,17687,0
VECT.US,5,20211208,175500,3.15,3.15,3.04,3.04,200,0
VECT.US,5,20211208,180500,3.04,3.04,3.04,3.04,400,0
VECT.US,5,20211208,181000,3.04,3.04,3.04,3.04,300,0
VECT.US,5,20211208,181500,3.1654,3.1654,3.1654,3.1654,400,0
VECT.US,5,20211208,182000,3.17,3.17,3.03,3.165,300,0
VECT.US,5,20211208,183000,3.205,3.3759,3.03,3.03,5450,0
VECT.US,5,20211208,183500,3.03,3.16,3.03,3.16,200,0
VECT.US,5,20211208,184000,3.26,3.2899,3.04,3.06,2600,0
VECT.US,5,20211208,184500,3.05,3.26,3.05,3.26,500,0
VECT.US,5,20211208,185500,3.12,3.12,3.11,3.11,200,0
VECT.US,5,20211208,190000,3.11,3.11,3.11,3.11,200,0
VECT.US,5,20211208,191500,3.12,3.12,3.12,3.12,200,0
VECT.US,5,20211208,193000,3.13,3.13,3.13,3.13,200,0
VECT.US,5,20211208,194500,3.205,3.34,3.16,3.16,17714,0
VECT.US,5,20211208,200000,3.32,3.32,3.32,3.32,100,0
VECT.US,5,20211208,200500,3.27,3.32,3.25,3.25,1300,0
VECT.US,5,20211208,201000,3.25,3.25,3.2,3.2,1200,0
VECT.US,5,20211208,201500,3.2,3.2,3.2,3.2,125,0
VECT.US,5,20211208,202000,3.2,3.2,3.2,3.2,500,0
VECT.US,5,20211208,202500,3.21,3.21,3.21,3.21,200,0
VECT.US,5,20211208,203000,3.255,3.265,3.22,3.2573,900,0
VECT.US,5,20211208,203500,3.265,3.37,3.22,3.27,7000,0
VECT.US,5,20211208,204000,3.5,3.81,3.4,3.7047,19224,0
VECT.US,5,20211208,204500,3.7095,3.9,3.6,3.724,99956,0
VECT.US,5,20211208,205000,3.71,3.81,3.5667,3.5667,85648,0
VECT.US,5,20211208,205500,3.5549,3.58,3.25,3.45,53740,0
VECT.US,5,20211208,210000,3.45,3.58,3.41,3.41,20532,0
VECT.US,5,20211208,210500,3.445,3.6585,3.4186,3.4186,32569,0
VECT.US,5,20211208,211000,3.54,3.6713,3.4601,3.51,43278,0
VECT.US,5,20211208,211500,3.51,3.55,3.47,3.55,22162,0
VECT.US,5,20211208,212000,3.5,3.58,3.5,3.545,10311,0
VECT.US,5,20211208,212500,3.535,3.67,3.51,3.51,12972,0
VECT.US,5,20211208,213000,3.59,3.5913,3.5,3.5575,10752,0
VECT.US,5,20211208,213500,3.55,3.6,3.55,3.58,13259,0
VECT.US,5,20211208,214000,3.58,3.59,3.5,3.54,10013,0
VECT.US,5,20211208,214500,3.54,3.6898,3.54,3.6898,11726,0
VECT.US,5,20211208,215000,3.71,3.77,3.58,3.74,32866,0
VECT.US,5,20211208,215500,3.75,3.76,3.62,3.71,31616,0
VECT.US,5,20211209,153000,3.52,3.6,3.41,3.6,24603,0
VECT.US,5,20211209,153500,3.5396,3.5488,3.45,3.45,2300,0
VECT.US,5,20211209,154000,3.45,3.45,3.45,3.45,300,0
VECT.US,5,20211209,154500,3.46,3.49,3.45,3.45,2400,0
VECT.US,5,20211209,155000,3.49,3.505,3.39,3.39,6755,0
VECT.US,5,20211209,155500,3.41,3.65,3.36,3.36,4268,0
VECT.US,5,20211209,160000,3.45,3.45,3.36,3.36,1500,0
VECT.US,5,20211209,160500,3.41,3.65,3.41,3.41,10369,0
VECT.US,5,20211209,161000,3.465,3.465,3.465,3.465,100,0
VECT.US,5,20211209,161500,3.4201,3.4201,3.415,3.415,300,0
VECT.US,5,20211209,163000,3.45,3.45,3.42,3.42,200,0
VECT.US,5,20211209,163500,3.41,3.41,3.3715,3.3715,677,0
VECT.US,5,20211209,164000,3.37,3.38,3.37,3.38,1300,0
VECT.US,5,20211209,164500,3.3838,3.58,3.36,3.58,3569,0
VECT.US,5,20211209,165000,3.48,3.59,3.39,3.59,1000,0
VECT.US,5,20211209,170000,3.52,3.52,3.46,3.46,350,0
VECT.US,5,20211209,170500,3.47,3.4724,3.36,3.4724,6800,0
VECT.US,5,20211209,171500,3.3893,3.3893,3.36,3.36,900,0
VECT.US,5,20211209,172000,3.5799,3.5799,3.36,3.37,1575,0
VECT.US,5,20211209,173000,3.39,3.39,3.39,3.39,100,0
VECT.US,5,20211209,173500,3.38,3.38,3.38,3.38,700,0
VECT.US,5,20211209,174000,3.38,3.48,3.36,3.36,1630,0
VECT.US,5,20211209,180500,3.4,3.4,3.4,3.4,200,0
VECT.US,5,20211209,182500,3.42,3.42,3.42,3.42,1000,0
VECT.US,5,20211209,183000,3.42,3.42,3.42,3.42,400,0
VECT.US,5,20211209,183500,3.505,3.505,3.42,3.42,3800,0
VECT.US,5,20211209,184000,3.42,3.435,3.4,3.41,2156,0
VECT.US,5,20211209,184500,3.41,3.42,3.405,3.41,400,0
VECT.US,5,20211209,185000,3.405,3.41,3.405,3.405,2376,0
VECT.US,5,20211209,185500,3.41,3.43,3.4,3.4012,13426,0
VECT.US,5,20211209,190000,3.39,3.39,3.39,3.39,200,0
VECT.US,5,20211209,190500,3.385,3.385,3.38,3.38,1100,0
VECT.US,5,20211209,191000,3.38,3.4084,3.37,3.4084,900,0
VECT.US,5,20211209,193000,3.48,3.48,3.48,3.48,3300,0
VECT.US,5,20211209,193500,3.4799,3.4799,3.4799,3.4799,510,0
VECT.US,5,20211209,194000,3.4699,3.47,3.46,3.4699,5622,0
VECT.US,5,20211209,194500,3.585,3.585,3.585,3.585,100,0
VECT.US,5,20211209,195000,3.585,3.585,3.585,3.585,100,0
VECT.US,5,20211209,195500,3.4005,3.585,3.4005,3.585,1600,0
VECT.US,5,20211209,200000,3.4,3.485,3.4,3.4425,1300,0
VECT.US,5,20211209,200500,3.44,3.485,3.44,3.485,1061,0
VECT.US,5,20211209,201000,3.485,3.485,3.475,3.475,200,0
VECT.US,5,20211209,202000,3.475,3.475,3.475,3.475,200,0
VECT.US,5,20211209,202500,3.435,3.475,3.435,3.475,200,0
VECT.US,5,20211209,203000,3.44,3.47,3.44,3.47,700,0
VECT.US,5,20211209,203500,3.47,3.47,3.47,3.47,100,0
VECT.US,5,20211209,204000,3.47,3.47,3.47,3.47,100,0
VECT.US,5,20211209,204500,3.47,3.5,3.44,3.5,1199,0
VECT.US,5,20211209,205000,3.5,3.605,3.5,3.605,900,0
VECT.US,5,20211209,205500,3.61,3.61,3.56,3.56,600,0
VECT.US,5,20211209,210000,3.595,3.595,3.595,3.595,100,0
VECT.US,5,20211209,210500,3.6,3.6,3.4401,3.4401,10100,0
VECT.US,5,20211209,211000,3.59,3.59,3.4647,3.59,400,0
VECT.US,5,20211209,211500,3.585,3.585,3.585,3.585,100,0
VECT.US,5,20211209,212000,3.45,3.585,3.45,3.5139,1100,0
VECT.US,5,20211209,212500,3.585,3.585,3.5079,3.5079,3200,0
VECT.US,5,20211209,213000,3.535,3.535,3.485,3.485,300,0
VECT.US,5,20211209,213500,3.485,3.529,3.485,3.525,3455,0
VECT.US,5,20211209,214000,3.525,3.525,3.44,3.44,400,0
VECT.US,5,20211209,214500,3.45,3.455,3.425,3.4398,2675,0
VECT.US,5,20211209,215000,3.44,3.495,3.44,3.495,2679,0
VECT.US,5,20211209,215500,3.495,3.5,3.4,3.5,3130,0
VECT.US,5,20211210,153000,3.45,3.45,3.45,3.45,1343,0
VECT.US,5,20211210,153500,3.4128,3.43,3.4128,3.42,300,0
VECT.US,5,20211210,154000,3.41,3.42,3.41,3.4199,1100,0
VECT.US,5,20211210,154500,3.42,3.4412,3.42,3.42,2220,0
VECT.US,5,20211210,155500,3.41,3.41,3.38,3.38,2583,0
VECT.US,5,20211210,161000,3.3703,3.3703,3.33,3.33,333,0
VECT.US,5,20211210,163000,3.2934,3.3,3.29,3.29,1043,0
VECT.US,5,20211210,163500,3.26,3.26,3.22,3.24,1775,0
VECT.US,5,20211210,165000,3.24,3.26,3.24,3.26,365,0
VECT.US,5,20211210,165500,3.29,3.3,3.2843,3.2843,900,0
VECT.US,5,20211210,173000,3.275,3.275,3.275,3.275,100,0
VECT.US,5,20211210,175500,3.25,3.2699,3.25,3.2688,1200,0
VECT.US,5,20211210,180000,3.25,3.25,3.25,3.25,200,0
VECT.US,5,20211210,181000,3.27,3.28,3.27,3.28,2820,0
VECT.US,5,20211210,181500,3.28,3.28,3.28,3.28,100,0
VECT.US,5,20211210,182000,3.3198,3.32,3.31,3.32,4432,0
VECT.US,5,20211210,183500,3.34,3.34,3.34,3.34,100,0
VECT.US,5,20211210,190000,3.31,3.33,3.31,3.33,800,0
VECT.US,5,20211210,190500,3.33,3.43,3.3296,3.43,3100,0
VECT.US,5,20211210,192500,3.4001,3.42,3.4001,3.405,3169,0
VECT.US,5,20211210,193000,3.4,3.4,3.39,3.39,595,0
VECT.US,5,20211210,194000,3.385,3.39,3.38,3.38,500,0
VECT.US,5,20211210,195500,3.4399,3.4399,3.4399,3.4399,493,0
VECT.US,5,20211210,202500,3.39,3.405,3.3801,3.405,2200,0
VECT.US,5,20211210,203000,3.405,3.405,3.405,3.405,100,0
VECT.US,5,20211210,203500,3.38,3.38,3.38,3.38,975,0
VECT.US,5,20211210,204500,3.38,3.38,3.38,3.38,1000,0
VECT.US,5,20211210,210000,3.375,3.375,3.375,3.375,100,0
VECT.US,5,20211210,210500,3.36,3.36,3.345,3.35,1231,0
VECT.US,5,20211210,211500,3.39,3.39,3.39,3.39,100,0
VECT.US,5,20211210,213000,3.405,3.405,3.405,3.405,1250,0
VECT.US,5,20211210,213500,3.405,3.49,3.405,3.49,7129,0
VECT.US,5,20211210,214000,3.5,3.55,3.5,3.54,500,0
VECT.US,5,20211210,215500,3.41,3.54,3.41,3.54,3168,0
VECT.US,5,20211213,153000,3.54,3.54,3.46,3.5,1042,0
VECT.US,5,20211213,153500,3.47,3.52,3.46,3.5,9450,0
VECT.US,5,20211213,154000,3.5,3.52,3.5,3.52,1600,0
VECT.US,5,20211213,155000,3.47,3.53,3.47,3.53,300,0
VECT.US,5,20211213,160000,3.4758,3.4758,3.4758,3.4758,500,0
VECT.US,5,20211213,161000,3.5201,3.5201,3.5201,3.5201,3000,0
VECT.US,5,20211213,161500,3.52,3.5201,3.4701,3.5,7500,0
VECT.US,5,20211213,162000,3.525,3.525,3.4701,3.4701,5000,0
VECT.US,5,20211213,163000,3.57,3.78,3.57,3.78,2592,0
VECT.US,5,20211213,163500,3.62,3.62,3.62,3.62,200,0
VECT.US,5,20211213,164000,3.62,3.69,3.62,3.69,1500,0
VECT.US,5,20211213,165000,3.6,3.6,3.6,3.6,400,0
VECT.US,5,20211213,165500,3.6,3.6,3.6,3.6,468,0
VECT.US,5,20211213,170500,3.6,3.6499,3.5999,3.6499,10610,0
VECT.US,5,20211213,172000,3.5,3.5275,3.4601,3.5275,10968,0
VECT.US,5,20211213,173500,3.495,3.5099,3.495,3.5099,700,0
VECT.US,5,20211213,175000,3.5,3.5,3.485,3.485,2000,0
VECT.US,5,20211213,175500,3.5,3.5,3.5,3.5,600,0
VECT.US,5,20211213,180000,3.5,3.51,3.5,3.51,400,0
VECT.US,5,20211213,181500,3.4701,3.5,3.4701,3.5,700,0
VECT.US,5,20211213,182000,3.51,3.51,3.51,3.51,1800,0
VECT.US,5,20211213,182500,3.48,3.55,3.48,3.55,634,0
VECT.US,5,20211213,191500,3.59,3.66,3.56,3.63,4166,0
VECT.US,5,20211213,194000,3.64,3.67,3.64,3.64,10248,0
VECT.US,5,20211213,195500,3.6299,3.6299,3.62,3.62,400,0
VECT.US,5,20211213,200000,3.63,3.63,3.62,3.63,7920,0
VECT.US,5,20211213,200500,3.5001,3.5001,3.5,3.5,1000,0
VECT.US,5,20211213,201500,3.55,3.55,3.55,3.55,160,0
VECT.US,5,20211213,202000,3.5708,3.5708,3.5708,3.5708,169,0
VECT.US,5,20211213,210000,3.535,3.535,3.535,3.535,193,0
VECT.US,5,20211213,211000,3.57,3.57,3.57,3.57,100,0
VECT.US,5,20211213,213000,3.54,3.55,3.51,3.54,1393,0
VECT.US,5,20211213,214000,3.545,3.545,3.545,3.545,1000,0
VECT.US,5,20211213,215500,3.53,3.58,3.51,3.58,1326,0
VECT.US,5,20211214,153000,3.81,3.81,3.81,3.81,4872,0
VECT.US,5,20211214,153500,3.63,3.63,3.49,3.49,1175,0
VECT.US,5,20211214,160500,3.42,3.42,3.42,3.42,100,0
VECT.US,5,20211214,161500,3.41,3.41,3.41,3.41,100,0
VECT.US,5,20211214,164000,3.3746,3.3746,3.3746,3.3746,100,0
VECT.US,5,20211214,165000,3.35,3.54,3.35,3.5,13039,0
VECT.US,5,20211214,171000,3.51,3.53,3.51,3.53,200,0
VECT.US,5,20211214,171500,3.51,3.57,3.51,3.57,3600,0
VECT.US,5,20211214,172000,3.56,3.56,3.52,3.52,600,0
VECT.US,5,20211214,172500,3.49,3.51,3.48,3.51,1100,0
VECT.US,5,20211214,173500,3.415,3.48,3.41,3.48,1695,0
VECT.US,5,20211214,174000,3.49,3.52,3.49,3.52,400,0
VECT.US,5,20211214,174500,3.64,3.66,3.64,3.66,825,0
VECT.US,5,20211214,175000,3.66,3.66,3.6573,3.6573,300,0
VECT.US,5,20211214,175500,3.63,3.63,3.62,3.62,300,0
VECT.US,5,20211214,180000,3.6173,3.62,3.6173,3.62,300,0
VECT.US,5,20211214,180500,3.61,3.62,3.61,3.62,300,0
VECT.US,5,20211214,181000,3.5222,3.62,3.5222,3.6073,740,0
VECT.US,5,20211214,182000,3.59,3.59,3.59,3.59,500,0
VECT.US,5,20211214,183000,3.6,3.6,3.5973,3.6,500,0
VECT.US,5,20211214,183500,3.5102,3.5102,3.5102,3.5102,2000,0
VECT.US,5,20211214,184000,3.59,3.6,3.59,3.6,400,0
VECT.US,5,20211214,184500,3.5973,3.6,3.5973,3.6,200,0
VECT.US,5,20211214,185000,3.5973,3.6,3.51,3.51,400,0
VECT.US,5,20211214,185500,3.59,3.5973,3.59,3.5973,400,0
VECT.US,5,20211214,190000,3.59,3.59,3.59,3.59,300,0
VECT.US,5,20211214,190500,3.58,3.58,3.5106,3.58,600,0
VECT.US,5,20211214,191000,3.5873,3.59,3.5873,3.59,1600,0
VECT.US,5,20211214,191500,3.59,3.6273,3.59,3.6273,619,0
VECT.US,5,20211214,192000,3.62,3.62,3.62,3.62,200,0
VECT.US,5,20211214,192500,3.6273,3.6273,3.6273,3.6273,200,0
VECT.US,5,20211214,193000,3.61,3.61,3.61,3.61,500,0
VECT.US,5,20211214,193500,3.6,3.6,3.6,3.6,168,0
VECT.US,5,20211214,194000,3.6173,3.6173,3.6173,3.6173,100,0
VECT.US,5,20211214,194500,3.6,3.6,3.5201,3.6,700,0
VECT.US,5,20211214,195000,3.61,3.6173,3.61,3.61,600,0
VECT.US,5,20211214,195500,3.61,3.62,3.59,3.62,400,0
VECT.US,5,20211214,200000,3.61,3.61,3.61,3.61,100,0
VECT.US,5,20211214,203000,3.61,3.61,3.61,3.61,500,0
VECT.US,5,20211214,210500,3.5,3.5,3.5,3.5,300,0
VECT.US,5,20211214,212500,3.5,3.52,3.5,3.52,3900,0
VECT.US,5,20211214,213000,3.545,3.545,3.545,3.545,192,0
VECT.US,5,20211214,213500,3.5,3.5,3.5,3.5,100,0
VECT.US,5,20211214,214000,3.5,3.5113,3.5,3.5113,1278,0
VECT.US,5,20211214,214500,3.5,3.5,3.5,3.5,600,0
VECT.US,5,20211214,215000,3.5499,3.5499,3.5499,3.5499,5000,0
VECT.US,5,20211214,215500,3.54,3.62,3.54,3.62,2273,0
VECT.US,5,20211215,153000,3.62,3.62,3.62,3.62,199,0
VECT.US,5,20211215,154000,3.5,3.52,3.29,3.5197,22354,0
VECT.US,5,20211215,154500,3.48,3.52,3.48,3.52,700,0
VECT.US,5,20211215,155000,3.4983,3.54,3.4983,3.54,3400,0
VECT.US,5,20211215,161500,3.52,3.52,3.52,3.52,100,0
VECT.US,5,20211215,162500,3.52,3.52,3.52,3.52,1378,0
VECT.US,5,20211215,163000,3.52,3.52,3.52,3.52,100,0
VECT.US,5,20211215,165000,3.52,3.53,3.52,3.53,800,0
VECT.US,5,20211215,171500,3.53,3.57,3.53,3.57,2200,0
VECT.US,5,20211215,172000,3.48,3.48,3.48,3.48,4000,0
VECT.US,5,20211215,174000,3.5195,3.5195,3.5195,3.5195,100,0
VECT.US,5,20211215,181500,3.54,3.54,3.54,3.54,134,0
VECT.US,5,20211215,183500,3.51,3.52,3.49,3.49,4900,0
VECT.US,5,20211215,184000,3.5,3.51,3.5,3.5,7029,0
VECT.US,5,20211215,190000,3.48,3.48,3.48,3.48,257,0
VECT.US,5,20211215,192000,3.46,3.46,3.46,3.46,800,0
VECT.US,5,20211215,200000,3.51,3.51,3.51,3.51,200,0
VECT.US,5,20211215,200500,3.58,3.58,3.58,3.58,100,0
VECT.US,5,20211215,201500,3.57,3.61,3.55,3.61,2650,0
VECT.US,5,20211215,202000,3.61,3.65,3.61,3.65,4979,0
VECT.US,5,20211215,202500,3.6503,3.7,3.6503,3.7,1100,0
VECT.US,5,20211215,203000,3.73,3.75,3.67,3.67,1400,0
VECT.US,5,20211215,204000,3.6573,3.6573,3.6573,3.6573,479,0
VECT.US,5,20211215,205500,3.67,3.67,3.66,3.6616,1660,0
VECT.US,5,20211215,210000,3.6677,3.6677,3.6677,3.6677,2000,0
VECT.US,5,20211215,211500,3.69,3.69,3.69,3.69,100,0
VECT.US,5,20211215,212000,3.67,3.69,3.67,3.69,1866,0
VECT.US,5,20211215,212500,3.67,3.67,3.67,3.67,1015,0
VECT.US,5,20211215,213500,3.69,3.695,3.69,3.695,498,0
VECT.US,5,20211215,214000,3.715,3.7389,3.715,3.7389,2300,0
VECT.US,5,20211215,214500,3.73,3.73,3.73,3.73,400,0
VECT.US,5,20211215,215500,3.74,3.77,3.74,3.75,1928,0
VECT.US,5,20211216,153000,3.81,3.81,3.8,3.8,2508,0
VECT.US,5,20211216,154000,3.75,3.75,3.585,3.585,2100,0
VECT.US,5,20211216,154500,3.645,3.7,3.62,3.7,959,0
VECT.US,5,20211216,155500,3.7798,3.7798,3.7798,3.7798,2000,0
VECT.US,5,20211216,161500,3.77,3.78,3.77,3.77,1000,0
VECT.US,5,20211216,163000,3.77,3.77,3.77,3.77,1000,0
VECT.US,5,20211216,165000,3.73,3.77,3.73,3.77,800,0
VECT.US,5,20211216,165500,3.7,3.7,3.7,3.7,100,0
VECT.US,5,20211216,170000,3.77,3.77,3.76,3.77,1600,0
VECT.US,5,20211216,171500,3.75,3.79,3.75,3.77,2511,0
VECT.US,5,20211216,172000,3.785,3.8,3.785,3.8,700,0
VECT.US,5,20211216,172500,3.84,3.84,3.805,3.805,2000,0
VECT.US,5,20211216,174000,3.8,3.8,3.7998,3.7998,2351,0
VECT.US,5,20211216,181000,3.81,3.83,3.81,3.83,879,0
VECT.US,5,20211216,185500,3.785,3.8,3.785,3.8,300,0
VECT.US,5,20211216,190000,3.8,3.8,3.8,3.8,6956,0
VECT.US,5,20211216,192500,3.78,3.78,3.78,3.78,100,0
VECT.US,5,20211216,193000,3.78,3.78,3.78,3.78,3000,0
VECT.US,5,20211216,193500,3.78,3.78,3.7701,3.7701,3600,0
VECT.US,5,20211216,194500,3.785,3.785,3.7711,3.7711,700,0
VECT.US,5,20211216,200500,3.77,3.78,3.77,3.77,1103,0
VECT.US,5,20211216,202500,3.71,3.71,3.71,3.71,500,0
VECT.US,5,20211216,203000,3.715,3.715,3.715,3.715,800,0
VECT.US,5,20211216,203500,3.71,3.71,3.71,3.71,100,0
VECT.US,5,20211216,204000,3.72,3.73,3.71,3.73,1474,0
VECT.US,5,20211216,205000,3.72,3.72,3.72,3.72,600,0
VECT.US,5,20211216,211000,3.78,3.8,3.78,3.8,1900,0
VECT.US,5,20211216,212000,3.79,3.82,3.79,3.82,2356,0
VECT.US,5,20211216,212500,3.84,3.88,3.825,3.88,2951,0
VECT.US,5,20211216,213500,3.87,3.87,3.87,3.87,1000,0
VECT.US,5,20211216,214500,3.83,3.83,3.815,3.815,433,0
VECT.US,5,20211216,215000,3.8,3.815,3.8,3.81,300,0
VECT.US,5,20211216,215500,3.8,3.83,3.8,3.83,2382,0
VECT.US,5,20211217,153000,3.78,3.78,3.51,3.6045,1636,0
VECT.US,5,20211217,155500,3.6801,3.6801,3.6801,3.6801,200,0
VECT.US,5,20211217,160000,3.73,3.73,3.73,3.73,1000,0
VECT.US,5,20211217,160500,3.73,3.73,3.73,3.73,2000,0
VECT.US,5,20211217,161000,3.77,3.78,3.725,3.77,5100,0
VECT.US,5,20211217,161500,3.78,3.78,3.78,3.78,485,0
VECT.US,5,20211217,162000,3.85,3.85,3.8207,3.8207,2000,0
VECT.US,5,20211217,164000,3.88,3.88,3.88,3.88,100,0
VECT.US,5,20211217,164500,3.86,3.87,3.85,3.85,900,0
VECT.US,5,20211217,170500,3.87,3.87,3.85,3.8502,1750,0
VECT.US,5,20211217,172000,3.86,3.86,3.86,3.86,100,0
VECT.US,5,20211217,172500,3.86,3.8635,3.85,3.8635,900,0
VECT.US,5,20211217,173500,3.85,3.85,3.85,3.85,100,0
VECT.US,5,20211217,175000,3.87,3.87,3.87,3.87,400,0
VECT.US,5,20211217,175500,3.865,3.865,3.865,3.865,700,0
VECT.US,5,20211217,181000,3.855,3.86,3.855,3.86,600,0
VECT.US,5,20211217,181500,3.87,3.87,3.87,3.87,349,0
VECT.US,5,20211217,184000,3.88,3.94,3.8798,3.94,6431,0
VECT.US,5,20211217,185500,3.94,3.94,3.94,3.94,500,0
VECT.US,5,20211217,190000,3.97,3.9862,3.9698,3.9862,567,0
VECT.US,5,20211217,191500,3.98,3.98,3.98,3.98,328,0
VECT.US,5,20211217,194500,3.9347,3.9347,3.9347,3.9347,200,0
VECT.US,5,20211217,195000,3.93,3.93,3.93,3.93,300,0
VECT.US,5,20211217,201000,3.9697,3.98,3.9697,3.98,1125,0
VECT.US,5,20211217,201500,3.9104,3.9104,3.9104,3.9104,100,0
VECT.US,5,20211217,204500,3.98,3.98,3.98,3.98,348,0
VECT.US,5,20211217,205000,3.99,3.99,3.99,3.99,2187,0
VECT.US,5,20211217,210000,4,4.15,4,4.14,7306,0
VECT.US,5,20211217,211000,4.1399,4.1399,4.0596,4.0596,1100,0
VECT.US,5,20211217,212000,4.0157,4.14,4.0157,4.14,300,0
VECT.US,5,20211217,212500,4.125,4.13,4.05,4.05,1400,0
VECT.US,5,20211217,213000,4.02,4.02,4.005,4.005,900,0
VECT.US,5,20211217,213500,4.005,4.005,4.005,4.005,100,0
VECT.US,5,20211217,214000,4.005,4.13,3.99,4.13,2459,0
VECT.US,5,20211217,214500,4.065,4.13,4.065,4.121,1888,0
VECT.US,5,20211217,215000,4.1178,4.13,4.065,4.13,573,0
VECT.US,5,20211217,215500,4.0103,4.0728,4,4,7900,0
VECT.US,5,20211220,153000,4.12,4.12,4.12,4.12,631,0
VECT.US,5,20211220,160500,4.1,4.1,4.1,4.1,700,0
VECT.US,5,20211220,161000,4.14,4.14,4.14,4.14,300,0
VECT.US,5,20211220,161500,4.1,4.1,4.05,4.06,1200,0
VECT.US,5,20211220,163000,4.06,4.06,4.02,4.02,1652,0
VECT.US,5,20211220,165500,4.04,4.042,4.04,4.04,1500,0
VECT.US,5,20211220,170000,4.04,4.05,4.04,4.05,2000,0
VECT.US,5,20211220,170500,4.0499,4.0499,4.0499,4.0499,100,0
VECT.US,5,20211220,172500,4.05,4.05,4.05,4.05,500,0
VECT.US,5,20211220,173000,4.025,4.05,4.025,4.05,500,0
VECT.US,5,20211220,174000,4.04,4.04,4.04,4.04,400,0
VECT.US,5,20211220,175500,4.025,4.025,4.025,4.025,308,0
VECT.US,5,20211220,180000,4.025,4.1,4.025,4.1,3842,0
VECT.US,5,20211220,180500,4,4.1,4,4.0258,500,0
VECT.US,5,20211220,181000,4.15,4.21,4.15,4.21,300,0
VECT.US,5,20211220,182500,4.29,4.29,4.29,4.29,100,0
VECT.US,5,20211220,183000,4.29,4.29,4.29,4.29,100,0
VECT.US,5,20211220,183500,4.28,4.3,4.28,4.3,300,0
VECT.US,5,20211220,184000,4.3,4.3,4.2,4.2,1100,0
VECT.US,5,20211220,190000,4.19,4.19,4.19,4.19,309,0
VECT.US,5,20211220,192000,4.27,4.27,4.27,4.27,177,0
VECT.US,5,20211220,192500,4.195,4.195,4.195,4.195,200,0
VECT.US,5,20211220,200000,4.15,4.15,4.15,4.15,250,0
VECT.US,5,20211220,200500,4.23,4.23,4.23,4.23,100,0
VECT.US,5,20211220,202000,4.28,4.29,4.28,4.29,900,0
VECT.US,5,20211220,202500,4.26,4.26,4.26,4.26,500,0
VECT.US,5,20211220,203000,4.25,4.25,4.245,4.25,1208,0
VECT.US,5,20211220,203500,4.25,4.25,4.19,4.19,2746,0
VECT.US,5,20211220,205500,4.25,4.27,4.25,4.27,1289,0
VECT.US,5,20211220,210500,4.2799,4.2799,4.2799,4.2799,154,0
VECT.US,5,20211220,211000,4.28,4.3,4.28,4.3,1300,0
VECT.US,5,20211220,212000,4.29,4.29,4.29,4.29,200,0
VECT.US,5,20211220,213000,4.26,4.26,4.26,4.26,165,0
VECT.US,5,20211220,213500,4.27,4.27,4.24,4.24,400,0
VECT.US,5,20211220,214000,4.1878,4.1878,4.1878,4.1878,225,0
VECT.US,5,20211220,214500,4.22,4.3,4.2,4.21,3172,0
VECT.US,5,20211220,215000,4.25,4.26,4.21,4.25,1641,0
VECT.US,5,20211220,215500,4.25,4.34,4.25,4.26,7925,0
VECT.US,5,20211221,153000,4.35,4.35,4.35,4.35,491,0
VECT.US,5,20211221,161500,4.43,4.45,4.415,4.415,3500,0
VECT.US,5,20211221,162500,4.45,4.4689,4.45,4.4689,1000,0
VECT.US,5,20211221,163000,4.45,4.45,4.36,4.36,496,0
VECT.US,5,20211221,163500,4.415,4.415,4.39,4.39,400,0
VECT.US,5,20211221,164500,4.39,4.39,4.36,4.39,1100,0
VECT.US,5,20211221,165500,4.41,4.41,4.41,4.41,200,0
VECT.US,5,20211221,170000,4.44,4.4697,4.42,4.44,1459,0
VECT.US,5,20211221,171000,4.4528,4.4528,4.39,4.39,440,0
VECT.US,5,20211221,171500,4.45,4.45,4.44,4.45,1800,0
VECT.US,5,20211221,172500,4.45,4.45,4.45,4.45,5053,0
VECT.US,5,20211221,173000,4.435,4.435,4.41,4.41,200,0
VECT.US,5,20211221,173500,4.44,4.44,4.44,4.44,100,0
VECT.US,5,20211221,174500,4.46,4.46,4.46,4.46,100,0
VECT.US,5,20211221,175000,4.47,4.47,4.47,4.47,950,0
VECT.US,5,20211221,175500,4.46,4.46,4.46,4.46,225,0
VECT.US,5,20211221,180000,4.46,4.5,4.44,4.475,3584,0
VECT.US,5,20211221,183500,4.45,4.45,4.45,4.45,100,0
VECT.US,5,20211221,184000,4.4536,4.4536,4.4536,4.4536,100,0
VECT.US,5,20211221,184500,4.45,4.46,4.45,4.46,2514,0
VECT.US,5,20211221,190500,4.38,4.38,4.38,4.38,100,0
VECT.US,5,20211221,192000,4.38,4.38,4.38,4.38,500,0
VECT.US,5,20211221,192500,4.44,4.45,4.34,4.34,432,0
VECT.US,5,20211221,194500,4.35,4.35,4.35,4.35,100,0
VECT.US,5,20211221,200000,4.386,4.386,4.386,4.386,500,0
VECT.US,5,20211221,200500,4.36,4.45,4.35,4.35,1512,0
VECT.US,5,20211221,201000,4.45,4.45,4.45,4.45,300,0
VECT.US,5,20211221,202500,4.37,4.45,4.37,4.45,600,0
VECT.US,5,20211221,204000,4.45,4.45,4.45,4.45,300,0
VECT.US,5,20211221,204500,4.45,4.5092,4.34,4.34,9899,0
VECT.US,5,20211221,205000,4.415,4.5031,4.415,4.5031,222,0
VECT.US,5,20211221,210500,4.435,4.435,4.435,4.435,100,0
VECT.US,5,20211221,211500,4.43,4.43,4.43,4.43,2000,0
VECT.US,5,20211221,213000,4.425,4.49,4.3584,4.425,2500,0
VECT.US,5,20211221,214000,4.3669,4.41,4.3669,4.41,200,0
VECT.US,5,20211221,214500,4.458,4.458,4.3516,4.355,1377,0
VECT.US,5,20211221,215000,4.41,4.47,4.41,4.47,800,0
VECT.US,5,20211221,215500,4.475,4.51,4.45,4.51,7776,0
VECT.US,5,20211222,153000,4.63,4.63,4.4564,4.4564,3402,0
VECT.US,5,20211222,153500,4.55,4.55,4.55,4.55,1000,0
VECT.US,5,20211222,155000,4.52,4.52,4.52,4.52,225,0
VECT.US,5,20211222,163000,4.5815,4.5815,4.5815,4.5815,120,0
VECT.US,5,20211222,163500,4.59,4.62,4.3101,4.3101,7740,0
VECT.US,5,20211222,165000,4.475,4.475,4.475,4.475,200,0
VECT.US,5,20211222,171500,4.48,4.48,4.48,4.48,100,0
VECT.US,5,20211222,172500,4.475,4.475,4.475,4.475,100,0
VECT.US,5,20211222,174000,4.47,4.47,4.47,4.47,100,0
VECT.US,5,20211222,182000,4.55,4.58,4.55,4.58,1218,0
VECT.US,5,20211222,183500,4.6,4.6,4.6,4.6,700,0
VECT.US,5,20211222,185000,4.6,4.6,4.6,4.6,657,0
VECT.US,5,20211222,192000,4.51,4.51,4.51,4.51,100,0
VECT.US,5,20211222,194000,4.51,4.51,4.51,4.51,100,0
VECT.US,5,20211222,195000,4.5,4.5,4.5,4.5,600,0
VECT.US,5,20211222,195500,4.3787,4.3787,4.3787,4.3787,100,0
VECT.US,5,20211222,200000,4.35,4.35,4.35,4.35,151,0
VECT.US,5,20211222,202500,4.3501,4.3501,4.3501,4.3501,400,0
VECT.US,5,20211222,203000,4.3501,4.3501,4.3501,4.3501,600,0
VECT.US,5,20211222,205000,4.37,4.37,4.37,4.37,100,0
VECT.US,5,20211222,210000,4.3786,4.3786,4.3786,4.3786,128,0
VECT.US,5,20211222,211000,4.48,4.48,4.48,4.48,325,0
VECT.US,5,20211222,211500,4.37,4.37,4.37,4.37,100,0
VECT.US,5,20211222,212500,4.54,4.54,4.51,4.51,1600,0
VECT.US,5,20211222,213000,4.5699,4.5699,4.535,4.535,1100,0
VECT.US,5,20211222,214500,4.57,4.6,4.57,4.575,6658,0
VECT.US,5,20211222,215000,4.6,4.62,4.6,4.62,1600,0
VECT.US,5,20211222,215500,4.62,4.73,4.62,4.72,4410,0
VECT.US,5,20211223,153000,4.72,4.72,4.72,4.72,170,0
VECT.US,5,20211223,153500,4.7299,4.7299,4.7299,4.7299,2000,0
VECT.US,5,20211223,154000,4.7107,4.7107,4.66,4.6601,419,0
VECT.US,5,20211223,154500,4.6593,4.6593,4.65,4.65,1425,0
VECT.US,5,20211223,155000,4.5,4.5,4.5,4.5,100,0
VECT.US,5,20211223,155500,4.505,4.505,4.5,4.5,225,0
VECT.US,5,20211223,160000,4.55,4.58,4.485,4.58,1100,0
VECT.US,5,20211223,160500,4.63,4.63,4.575,4.575,200,0
VECT.US,5,20211223,162500,4.5,4.68,4.5,4.68,1800,0
VECT.US,5,20211223,163000,4.68,4.7,4.5,4.5,1100,0
VECT.US,5,20211223,163500,4.615,4.615,4.615,4.615,1000,0
VECT.US,5,20211223,170500,4.7,4.725,4.7,4.725,671,0
VECT.US,5,20211223,171000,4.7,4.7,4.7,4.7,100,0
VECT.US,5,20211223,171500,4.71,4.71,4.71,4.71,300,0
VECT.US,5,20211223,173500,4.73,4.74,4.72,4.74,2609,0
VECT.US,5,20211223,174000,4.73,4.79,4.73,4.79,400,0
VECT.US,5,20211223,174500,4.84,4.85,4.77,4.84,1220,0
VECT.US,5,20211223,175000,4.85,4.92,4.85,4.9,600,0
VECT.US,5,20211223,175500,4.72,4.9,4.6,4.6,1761,0
VECT.US,5,20211223,183000,4.695,4.695,4.695,4.695,975,0
VECT.US,5,20211223,184000,4.6116,4.6116,4.6116,4.6116,1000,0
VECT.US,5,20211223,184500,4.67,4.67,4.6,4.67,7500,0
VECT.US,5,20211223,185000,4.6993,4.6993,4.6993,4.6993,100,0
VECT.US,5,20211223,185500,4.68,4.73,4.68,4.73,1100,0
VECT.US,5,20211223,190000,4.73,4.8812,4.73,4.83,1450,0
VECT.US,5,20211223,191000,4.8857,4.8857,4.8857,4.8857,100,0
VECT.US,5,20211223,191500,4.855,4.855,4.855,4.855,170,0
VECT.US,5,20211223,192500,4.855,4.855,4.855,4.855,111,0
VECT.US,5,20211223,194000,4.9094,4.9094,4.9094,4.9094,2036,0
VECT.US,5,20211223,200000,4.83,4.83,4.83,4.83,103,0
VECT.US,5,20211223,200500,4.8149,4.8149,4.8149,4.8149,400,0
VECT.US,5,20211223,201000,4.8,4.84,4.8,4.84,300,0
VECT.US,5,20211223,202000,4.84,4.85,4.84,4.85,1600,0
VECT.US,5,20211223,203500,4.8039,4.87,4.8039,4.86,3000,0
VECT.US,5,20211223,205000,4.91,4.92,4.91,4.92,1410,0
VECT.US,5,20211223,210500,4.8892,4.93,4.8892,4.93,2247,0
VECT.US,5,20211223,211000,4.92,4.9745,4.92,4.9745,5059,0
VECT.US,5,20211223,211500,5,5.08,4.945,4.945,3036,0
VECT.US,5,20211223,212000,5.07,5.08,5.07,5.07,1100,0
VECT.US,5,20211223,212500,5.07,5.07,4.8502,5.0507,2370,0
VECT.US,5,20211223,213500,5,5,4.98,4.98,313,0
VECT.US,5,20211223,214000,4.95,4.9919,4.95,4.9919,1905,0
VECT.US,5,20211223,214500,4.95,4.96,4.9,4.9,1300,0
VECT.US,5,20211223,215000,4.95,5.07,4.94,5.07,4100,0
VECT.US,5,20211223,215500,5.02,5.09,5,5.09,4191,0
