<TICKER>,<PER>,<DATE>,<TIME>,<OPEN>,<HIGH>,<LOW>,<CLOSE>,<VOL>,<OPENINT>
VSACU.US,5,20211104,145000,10.0703,10.0703,10.0703,10.0703,730,0
VSACU.US,5,20211104,151000,10.075,10.075,10.075,10.075,456,0
VSACU.US,5,20211104,161000,10.08,10.15,10.08,10.15,12900,0
VSACU.US,5,20211104,161500,10.08,10.08,10.08,10.08,19981,0
VSACU.US,5,20211104,162000,10.08,10.08,10.08,10.08,2500,0
VSACU.US,5,20211104,164000,10.08,10.08,10.08,10.08,3500,0
VSACU.US,5,20211104,165000,10.0852,10.0854,10.0852,10.0854,7500,0
VSACU.US,5,20211104,165500,10.09,10.09,10.086,10.09,21219,0
VSACU.US,5,20211104,184500,10.0854,10.0854,10.0801,10.0801,5000,0
VSACU.US,5,20211104,185000,10.085,10.085,10.085,10.085,500,0
VSACU.US,5,20211104,202000,10.089,10.089,10.089,10.089,350,0
VSACU.US,5,20211104,203500,10.09,10.09,10.09,10.09,250,0
VSACU.US,5,20211105,143000,10.15,10.15,10.15,10.15,1756,0
VSACU.US,5,20211105,162000,10.08,10.08,10.08,10.08,600,0
VSACU.US,5,20211105,170500,10.08,10.08,10.08,10.08,1100,0
VSACU.US,5,20211105,171000,10.08,10.08,10.08,10.08,649,0
VSACU.US,5,20211105,174000,10.0789,10.0789,10.0789,10.0789,100,0
VSACU.US,5,20211105,180500,10.08,10.08,10.08,10.08,200,0
VSACU.US,5,20211105,203500,10.07,10.07,10.06,10.06,17265,0
VSACU.US,5,20211105,205000,10.059,10.06,10.055,10.06,33306,0
VSACU.US,5,20211108,153000,10.05,10.05,10.05,10.05,100,0
VSACU.US,5,20211108,210500,10.07,10.07,10.07,10.07,100,0
VSACU.US,5,20211109,180500,10.08,10.08,10.07,10.07,20359,0
VSACU.US,5,20211109,185000,10.08,10.08,10.08,10.08,31409,0
VSACU.US,5,20211109,212000,10.084,10.15,10.08,10.0803,3995,0
VSACU.US,5,20211109,215500,10.09,10.09,10.08,10.08,400,0
VSACU.US,5,20211110,153000,10.09,10.09,10.08,10.08,10841,0
VSACU.US,5,20211110,155000,10.06,10.06,10.06,10.06,200,0
VSACU.US,5,20211110,165000,10.06,10.06,10.06,10.06,200,0
VSACU.US,5,20211110,173500,10.0782,10.0782,10.0782,10.0782,300,0
VSACU.US,5,20211110,174000,10.0791,10.0791,10.0791,10.0791,300,0
VSACU.US,5,20211110,182500,10.08,10.08,10.08,10.08,30000,0
VSACU.US,5,20211110,183000,10.08,10.08,10.08,10.08,9159,0
VSACU.US,5,20211110,183500,10.08,10.08,10.08,10.08,318,0
VSACU.US,5,20211110,194000,10.1189,10.1189,10.1189,10.1189,100,0
VSACU.US,5,20211110,194500,10.13,10.13,10.13,10.13,200,0
VSACU.US,5,20211110,200000,10.08,10.08,10.08,10.08,300,0
VSACU.US,5,20211110,215500,10.09,10.09,10.08,10.08,200,0
VSACU.US,5,20211111,215500,10.12,10.12,10.12,10.12,100,0
VSACU.US,5,20211112,180500,10.1,10.1,10.1,10.1,100,0
VSACU.US,5,20211112,203500,10.1,10.1,10.1,10.1,1406,0
VSACU.US,5,20211112,205000,10.14,10.1401,10.12,10.14,4664,0
VSACU.US,5,20211112,215500,10.08,10.08,10.08,10.08,100,0
VSACU.US,5,20211115,153000,10.09,10.09,10.09,10.09,499,0
VSACU.US,5,20211115,154000,10.08,10.08,10.08,10.08,406,0
VSACU.US,5,20211115,193000,10.1,10.1,10.1,10.1,1999,0
VSACU.US,5,20211115,195000,10.1,10.1,10.1,10.1,100,0
VSACU.US,5,20211115,215500,10.1,10.1,10.1,10.1,200,0
VSACU.US,5,20211116,163000,10.11,10.14,10.11,10.14,3983,0
VSACU.US,5,20211116,164000,10.12,10.1335,10.12,10.1309,6300,0
VSACU.US,5,20211116,190000,10.12,10.12,10.12,10.12,1300,0
VSACU.US,5,20211116,192000,10.11,10.11,10.1,10.1,200,0
VSACU.US,5,20211116,210500,10.105,10.105,10.105,10.105,4000,0
VSACU.US,5,20211117,181000,10.12,10.15,10.12,10.145,4700,0
VSACU.US,5,20211117,182500,10.13,10.13,10.13,10.13,300,0
VSACU.US,5,20211117,191000,10.125,10.13,10.12,10.12,9300,0
VSACU.US,5,20211117,191500,10.12,10.12,10.12,10.12,100,0
VSACU.US,5,20211117,192000,10.12,10.12,10.12,10.12,100,0
VSACU.US,5,20211117,192500,10.12,10.13,10.12,10.12,600,0
VSACU.US,5,20211117,193000,10.12,10.12,10.12,10.12,100,0
VSACU.US,5,20211117,193500,10.12,10.12,10.12,10.12,100,0
VSACU.US,5,20211117,195000,10.13,10.13,10.13,10.13,600,0
VSACU.US,5,20211117,201500,10.13,10.14,10.13,10.14,3600,0
VSACU.US,5,20211117,210000,10.13,10.15,10.12,10.14,1900,0
VSACU.US,5,20211117,211000,10.14,10.14,10.135,10.135,900,0
VSACU.US,5,20211119,161500,10.15,10.15,10.14,10.14,3100,0
VSACU.US,5,20211119,172000,10.15,10.15,10.15,10.15,5700,0
VSACU.US,5,20211119,172500,10.15,10.15,10.14,10.14,400,0
VSACU.US,5,20211119,173000,10.15,10.15,10.14,10.14,300,0
VSACU.US,5,20211119,173500,10.15,10.15,10.15,10.15,200,0
VSACU.US,5,20211119,174000,10.15,10.15,10.14,10.14,600,0
VSACU.US,5,20211119,174500,10.15,10.15,10.15,10.15,200,0
VSACU.US,5,20211119,175000,10.15,10.15,10.15,10.15,200,0
VSACU.US,5,20211119,175500,10.15,10.15,10.15,10.15,200,0
VSACU.US,5,20211119,180000,10.15,10.15,10.15,10.15,200,0
VSACU.US,5,20211119,180500,10.15,10.15,10.15,10.15,200,0
VSACU.US,5,20211119,181000,10.15,10.15,10.15,10.15,300,0
VSACU.US,5,20211119,181500,10.15,10.15,10.15,10.15,200,0
VSACU.US,5,20211119,182000,10.15,10.15,10.15,10.15,200,0
VSACU.US,5,20211119,192000,10.15,10.15,10.15,10.15,913,0
VSACU.US,5,20211119,203000,10.1595,10.1595,10.1595,10.1595,2000,0
VSACU.US,5,20211119,214000,10.15,10.15,10.14,10.14,760,0
VSACU.US,5,20211119,215500,10.15,10.15,10.14,10.14,400,0
VSACU.US,5,20211122,153000,10.15,10.15,10.15,10.15,300,0
VSACU.US,5,20211122,160500,10.15,10.15,10.15,10.15,2800,0
VSACU.US,5,20211122,172500,10.15,10.15,10.12,10.15,8840,0
VSACU.US,5,20211122,215500,10.15,10.15,10.15,10.15,1100,0
VSACU.US,5,20211123,160500,10.16,10.16,10.16,10.16,211,0
VSACU.US,5,20211123,194000,10.15,10.15,10.15,10.15,100,0
VSACU.US,5,20211123,210000,10.17,10.17,10.17,10.17,200,0
VSACU.US,5,20211123,210500,10.165,10.18,10.165,10.18,400,0
VSACU.US,5,20211123,211000,10.18,10.18,10.18,10.18,300,0
VSACU.US,5,20211123,211500,10.18,10.18,10.18,10.18,300,0
VSACU.US,5,20211123,212000,10.18,10.18,10.165,10.18,400,0
VSACU.US,5,20211123,212500,10.18,10.18,10.18,10.18,400,0
VSACU.US,5,20211123,213000,10.18,10.18,10.165,10.18,500,0
VSACU.US,5,20211123,213500,10.18,10.18,10.18,10.18,400,0
VSACU.US,5,20211123,214000,10.18,10.18,10.165,10.165,500,0
VSACU.US,5,20211123,215000,10.18,10.18,10.16,10.16,1259,0
VSACU.US,5,20211123,215500,10.16,10.17,10.16,10.17,300,0
VSACU.US,5,20211126,160000,10.1501,10.1501,10.1501,10.1501,100,0
VSACU.US,5,20211130,153000,10.07,10.07,10.07,10.07,500,0
VSACU.US,5,20211130,183500,10.13,10.13,10.13,10.13,300000,0
VSACU.US,5,20211202,215500,10.13,10.13,10.13,10.13,100,0
VSACU.US,5,20211206,155500,10.07,10.07,10.07,10.07,100,0
VSACU.US,5,20211206,162500,10.1,10.1,10.1,10.1,199900,0
VSACU.US,5,20211207,214500,10.07,10.07,10.06,10.062,15700,0
VSACU.US,5,20211208,191000,10.06,10.06,10.06,10.06,100000,0
VSACU.US,5,20211209,185000,10.1,10.1,10.1,10.1,200,0
VSACU.US,5,20211209,190000,10.1,10.1,10.1,10.1,14800,0
VSACU.US,5,20211210,154500,10.06,10.06,10.06,10.06,200,0
VSACU.US,5,20211210,213000,10.09,10.09,10.09,10.09,5000,0
VSACU.US,5,20211210,215000,10.06,10.095,10.06,10.095,1600,0
VSACU.US,5,20211210,215500,10.1,10.1,10.1,10.1,200,0
VSACU.US,5,20211213,154000,10.1,10.1,10.1,10.1,6600,0
VSACU.US,5,20211213,155000,10.1,10.1,10.1,10.1,100,0
VSACU.US,5,20211213,170500,10.1,10.11,10.1,10.11,1700,0
VSACU.US,5,20211213,175500,10.1,10.1,10.1,10.1,1300,0
VSACU.US,5,20211213,180000,10.145,10.145,10.145,10.145,1100,0
VSACU.US,5,20211213,204500,10.1,10.1,10.1,10.1,18767,0
VSACU.US,5,20211213,205000,10.1,10.1,10.085,10.1,2900,0
VSACU.US,5,20211213,213000,10.06,10.06,10.06,10.06,5100,0
VSACU.US,5,20211214,155000,10.1,10.1,10.1,10.1,1000,0
VSACU.US,5,20211214,161500,10.06,10.06,10.06,10.06,3800,0
VSACU.US,5,20211214,162000,10.06,10.06,10.06,10.06,15141,0
VSACU.US,5,20211214,183500,10.06,10.06,10.06,10.06,1580,0
VSACU.US,5,20211214,190500,10.06,10.06,10.06,10.06,3420,0
VSACU.US,5,20211214,202000,10.06,10.06,10.06,10.06,1000,0
VSACU.US,5,20211215,153500,10.1,10.1,10.1,10.1,300,0
VSACU.US,5,20211215,161000,10.1,10.1,10.1,10.1,19601,0
VSACU.US,5,20211215,204500,10.0514,10.0514,10.0514,10.0514,500,0
VSACU.US,5,20211217,153000,10.1,10.1,10.1,10.1,1600,0
VSACU.US,5,20211217,155000,10.1,10.1,10.1,10.1,100,0
VSACU.US,5,20211217,210000,10.08,10.08,10.08,10.08,200,0
VSACU.US,5,20211217,213000,10.08,10.08,10.08,10.08,100,0
VSACU.US,5,20211223,153000,10.1,10.1,10.1,10.1,500,0
VSACU.US,5,20211223,160500,10.16,10.16,10.15,10.16,7000,0
VSACU.US,5,20211223,162500,10.16,10.16,10.16,10.16,5000,0
VSACU.US,5,20211223,163000,10.16,10.16,10.16,10.16,25000,0
VSACU.US,5,20211223,163500,10.105,10.16,10.105,10.16,7000,0
VSACU.US,5,20211223,164000,10.15,10.19,10.15,10.19,300,0
VSACU.US,5,20211223,164500,10.2,10.2,10.2,10.2,25000,0
VSACU.US,5,20211223,165000,10.19,10.2,10.19,10.2,51100,0
VSACU.US,5,20211223,165500,10.18,10.2,10.18,10.2,52000,0
VSACU.US,5,20211223,170000,10.2,10.2,10.2,10.2,84300,0
VSACU.US,5,20211223,173500,10.19,10.19,10.19,10.19,100,0
VSACU.US,5,20211223,174500,10.19,10.2,10.18,10.2,17400,0
VSACU.US,5,20211223,184500,10.21,10.21,10.21,10.21,100,0
VSACU.US,5,20211223,185500,10.2001,10.2001,10.2,10.2,2000,0
VSACU.US,5,20211223,190500,10.2,10.21,10.18,10.18,7042,0
VSACU.US,5,20211223,191000,10.18,10.18,10.18,10.18,4000,0
VSACU.US,5,20211223,191500,10.19,10.19,10.19,10.19,100,0
VSACU.US,5,20211223,214500,10.18,10.18,10.16,10.18,1600,0
