<TICKER>,<PER>,<DATE>,<TIME>,<OPEN>,<HIGH>,<LOW>,<CLOSE>,<VOL>,<OPENINT>
INDIW.US,5,20211104,143000,3.86,4.11,3.86,4.04,18744,0
INDIW.US,5,20211104,143500,4.02,4.04,4.02,4.03,800,0
INDIW.US,5,20211104,144000,4.06,4.06,4.06,4.06,500,0
INDIW.US,5,20211104,144500,4,4,4,4,700,0
INDIW.US,5,20211104,150000,4.03,4.03,4.03,4.03,165,0
INDIW.US,5,20211104,150500,4,4,4,4,5298,0
INDIW.US,5,20211104,151000,3.98,3.99,3.98,3.99,500,0
INDIW.US,5,20211104,151500,4,4,4,4,250,0
INDIW.US,5,20211104,152000,3.98,3.98,3.93,3.9504,3128,0
INDIW.US,5,20211104,153500,3.9899,3.99,3.9899,3.99,200,0
INDIW.US,5,20211104,154000,3.9,3.9,3.9,3.9,1101,0
INDIW.US,5,20211104,154500,3.9,3.9007,3.88,3.88,1898,0
INDIW.US,5,20211104,155000,3.9,3.9,3.89,3.89,267,0
INDIW.US,5,20211104,155500,3.89,3.89,3.89,3.89,484,0
INDIW.US,5,20211104,160000,3.91,3.91,3.91,3.91,465,0
INDIW.US,5,20211104,161000,3.91,3.91,3.91,3.91,100,0
INDIW.US,5,20211104,162500,3.89,3.89,3.89,3.89,500,0
INDIW.US,5,20211104,163000,3.9,3.9017,3.9,3.9017,575,0
INDIW.US,5,20211104,163500,3.9,3.9,3.9,3.9,2381,0
INDIW.US,5,20211104,164000,3.9,3.9,3.9,3.9,197,0
INDIW.US,5,20211104,165000,3.89,3.89,3.89,3.89,120,0
INDIW.US,5,20211104,170500,3.89,3.89,3.89,3.89,966,0
INDIW.US,5,20211104,174500,3.885,3.9,3.885,3.9,300,0
INDIW.US,5,20211104,175000,3.89,3.89,3.88,3.88,903,0
INDIW.US,5,20211104,175500,3.865,3.865,3.81,3.81,5486,0
INDIW.US,5,20211104,180500,3.84,3.84,3.84,3.84,100,0
INDIW.US,5,20211104,182000,3.845,3.881,3.845,3.875,1220,0
INDIW.US,5,20211104,182500,3.9,3.9,3.9,3.9,5000,0
INDIW.US,5,20211104,190000,3.885,3.9,3.885,3.9,400,0
INDIW.US,5,20211104,191500,3.9,3.9,3.9,3.9,1684,0
INDIW.US,5,20211104,192000,3.9,3.9,3.9,3.9,3316,0
INDIW.US,5,20211104,193000,3.895,3.895,3.895,3.895,500,0
INDIW.US,5,20211104,194000,3.9,3.9,3.8999,3.8999,200,0
INDIW.US,5,20211104,195000,3.9,3.9,3.8977,3.9,1784,0
INDIW.US,5,20211104,203500,3.9,3.928,3.9,3.928,2000,0
INDIW.US,5,20211104,204500,3.9399,3.9399,3.9399,3.9399,100,0
INDIW.US,5,20211104,205500,3.9302,3.94,3.9302,3.94,1200,0
INDIW.US,5,20211105,143000,3.94,3.94,3.9,3.94,6567,0
INDIW.US,5,20211105,143500,3.94,4.11,3.94,4.03,6401,0
INDIW.US,5,20211105,144000,4.03,4.04,3.97,3.98,1009,0
INDIW.US,5,20211105,144500,3.99,4,3.99,4,265,0
INDIW.US,5,20211105,145000,4.02,4.02,4.01,4.01,955,0
INDIW.US,5,20211105,150000,4,4.01,4,4,6541,0
INDIW.US,5,20211105,150500,4.01,4.03,4.01,4.03,1801,0
INDIW.US,5,20211105,151000,4.01,4.055,4.01,4.055,2500,0
INDIW.US,5,20211105,151500,4.04,4.065,4.03,4.05,8000,0
INDIW.US,5,20211105,152000,4.07,4.1,4.07,4.1,2051,0
INDIW.US,5,20211105,152500,4.081,4.0902,4.07,4.0802,1922,0
INDIW.US,5,20211105,153000,4.09,4.09,4.08,4.09,500,0
INDIW.US,5,20211105,153500,4.07,4.07,4.07,4.07,700,0
INDIW.US,5,20211105,154000,4.08,4.08,4.065,4.065,2950,0
INDIW.US,5,20211105,154500,4.07,4.085,4.07,4.08,3200,0
INDIW.US,5,20211105,155000,4.07,4.1,4.07,4.0999,2345,0
INDIW.US,5,20211105,155500,4.08,4.08,4.08,4.08,100,0
INDIW.US,5,20211105,160000,4.11,4.11,4.1,4.105,800,0
INDIW.US,5,20211105,160500,4.11,4.11,4.11,4.11,100,0
INDIW.US,5,20211105,161500,4.12,4.15,4.11,4.12,1500,0
INDIW.US,5,20211105,162000,4.115,4.15,4.115,4.13,800,0
INDIW.US,5,20211105,162500,4.1499,4.15,4.1499,4.15,2300,0
INDIW.US,5,20211105,163000,4.14,4.15,4.14,4.15,1900,0
INDIW.US,5,20211105,163500,4.13,4.13,4.13,4.13,1100,0
INDIW.US,5,20211105,164000,4.13,4.13,4.13,4.13,2000,0
INDIW.US,5,20211105,164500,4.15,4.15,4.15,4.15,100,0
INDIW.US,5,20211105,165000,4.14,4.145,4.14,4.145,620,0
INDIW.US,5,20211105,165500,4.11,4.11,4.11,4.11,4600,0
INDIW.US,5,20211105,170000,4.1201,4.15,4.1,4.13,7050,0
INDIW.US,5,20211105,170500,4.14,4.14,4.135,4.135,225,0
INDIW.US,5,20211105,171000,4.12,4.1392,4.08,4.1392,600,0
INDIW.US,5,20211105,172000,4.14,4.15,4.13,4.15,2389,0
INDIW.US,5,20211105,173000,4.13,4.13,4.13,4.13,500,0
INDIW.US,5,20211105,173500,4.11,4.11,4.11,4.11,180,0
INDIW.US,5,20211105,174000,4.12,4.12,4.09,4.09,250,0
INDIW.US,5,20211105,174500,4.09,4.09,4.09,4.09,100,0
INDIW.US,5,20211105,181500,4.05,4.05,4.03,4.0323,1940,0
INDIW.US,5,20211105,182500,4.01,4.01,4.01,4.01,420,0
INDIW.US,5,20211105,184000,4.01,4.01,4.01,4.01,1670,0
INDIW.US,5,20211105,190000,4,4,3.985,3.985,700,0
INDIW.US,5,20211105,193500,3.995,3.995,3.995,3.995,200,0
INDIW.US,5,20211105,194000,4,4,4,4,1152,0
INDIW.US,5,20211105,194500,4,4,4,4,2152,0
INDIW.US,5,20211105,195000,4,4.02,4,4.02,1390,0
INDIW.US,5,20211105,195500,4,4,3.99,3.99,400,0
INDIW.US,5,20211105,200500,4.0001,4.0001,4,4,3000,0
INDIW.US,5,20211105,202000,4.05,4.05,4.03,4.03,1876,0
INDIW.US,5,20211105,202500,4.03,4.03,4.03,4.03,100,0
INDIW.US,5,20211105,203000,4.05,4.06,4.05,4.06,456,0
INDIW.US,5,20211105,203500,4.06,4.06,4.06,4.06,100,0
INDIW.US,5,20211105,204000,4.05,4.05,4.05,4.05,500,0
INDIW.US,5,20211105,205000,4.0966,4.0966,4.08,4.09,1300,0
INDIW.US,5,20211105,205500,4.07,4.08,4.07,4.07,1567,0
INDIW.US,5,20211108,153000,4.01,4.14,4.01,4.12,14517,0
INDIW.US,5,20211108,153500,4.14,4.14,4.13,4.14,1800,0
INDIW.US,5,20211108,154000,4.14,4.14,4.14,4.14,200,0
INDIW.US,5,20211108,154500,4.14,4.14,4.14,4.14,700,0
INDIW.US,5,20211108,155000,4.12,4.12,4.12,4.12,500,0
INDIW.US,5,20211108,155500,4.105,4.12,4.095,4.115,3250,0
INDIW.US,5,20211108,160000,4.07,4.07,4.07,4.07,100,0
INDIW.US,5,20211108,160500,4.115,4.13,4.1,4.1,4500,0
INDIW.US,5,20211108,161000,4.11,4.11,4.07,4.1,3250,0
INDIW.US,5,20211108,161500,4.11,4.125,4.105,4.12,750,0
INDIW.US,5,20211108,162000,4.12,4.125,4.12,4.12,1052,0
INDIW.US,5,20211108,162500,4.07,4.07,4.03,4.03,1029,0
INDIW.US,5,20211108,163000,4.02,4.0301,4.02,4.0301,400,0
INDIW.US,5,20211108,164000,4.03,4.03,4,4,1100,0
INDIW.US,5,20211108,165000,4.02,4.02,4.02,4.02,500,0
INDIW.US,5,20211108,165500,4,4,3.99,3.99,1000,0
INDIW.US,5,20211108,170500,4.02,4.02,3.99,4.02,3000,0
INDIW.US,5,20211108,172000,4.04,4.05,4.03,4.05,2372,0
INDIW.US,5,20211108,173500,4.095,4.1,4.08,4.08,1275,0
INDIW.US,5,20211108,174000,4.0487,4.0487,4.04,4.04,700,0
INDIW.US,5,20211108,182500,4.08,4.08,4.08,4.08,100,0
INDIW.US,5,20211108,183000,4.07,4.07,4.07,4.07,300,0
INDIW.US,5,20211108,184000,4.05,4.05,4.05,4.05,100,0
INDIW.US,5,20211108,184500,4.06,4.075,4.06,4.07,500,0
INDIW.US,5,20211108,185000,4.0754,4.08,4.0754,4.08,2376,0
INDIW.US,5,20211108,190000,4.08,4.08,4.08,4.08,1875,0
INDIW.US,5,20211108,190500,4.085,4.085,4.085,4.085,900,0
INDIW.US,5,20211108,191500,4.0716,4.1,4.0716,4.1,764,0
INDIW.US,5,20211108,192000,4.09,4.1,4.0805,4.0877,1603,0
INDIW.US,5,20211108,192500,4.1,4.1,4.1,4.1,10000,0
INDIW.US,5,20211108,193000,4.12,4.12,4.09,4.09,500,0
INDIW.US,5,20211108,194500,4.05,4.05,4.05,4.05,2012,0
INDIW.US,5,20211108,200000,4.07,4.08,4.07,4.08,400,0
INDIW.US,5,20211108,202000,4.06,4.06,4.06,4.06,318,0
INDIW.US,5,20211108,202500,4.07,4.07,4.07,4.07,350,0
INDIW.US,5,20211108,203000,4.08,4.09,4.08,4.09,3629,0
INDIW.US,5,20211108,203500,4.09,4.09,4.09,4.09,900,0
INDIW.US,5,20211108,205000,4.09,4.1,4.09,4.1,2100,0
INDIW.US,5,20211108,215000,4.01,4.01,4.01,4.01,1000,0
INDIW.US,5,20211108,215500,4.01,4.01,3.99,4,3096,0
INDIW.US,5,20211109,153000,4,4.12,3.99,4,9905,0
INDIW.US,5,20211109,153500,3.995,3.995,3.98,3.98,399,0
INDIW.US,5,20211109,154000,3.97,3.97,3.97,3.97,300,0
INDIW.US,5,20211109,154500,3.93,3.93,3.92,3.93,800,0
INDIW.US,5,20211109,155000,3.93,3.93,3.92,3.93,4359,0
INDIW.US,5,20211109,160000,3.8901,3.8901,3.8901,3.8901,600,0
INDIW.US,5,20211109,161500,3.97,3.97,3.95,3.95,200,0
INDIW.US,5,20211109,162500,3.95,3.95,3.95,3.95,4754,0
INDIW.US,5,20211109,163000,3.95,3.95,3.95,3.95,1700,0
INDIW.US,5,20211109,163500,3.95,3.95,3.95,3.95,350,0
INDIW.US,5,20211109,170000,3.95,3.95,3.95,3.95,250,0
INDIW.US,5,20211109,171000,3.97,3.97,3.95,3.95,512,0
INDIW.US,5,20211109,172000,3.99,3.99,3.99,3.99,100,0
INDIW.US,5,20211109,172500,4,4,4,4,300,0
INDIW.US,5,20211109,173000,3.98,3.98,3.98,3.98,800,0
INDIW.US,5,20211109,173500,3.97,3.98,3.97,3.98,300,0
INDIW.US,5,20211109,174000,3.96,3.96,3.96,3.96,1375,0
INDIW.US,5,20211109,175000,3.95,3.95,3.95,3.95,1000,0
INDIW.US,5,20211109,175500,3.99,3.99,3.99,3.99,1990,0
INDIW.US,5,20211109,182000,3.945,3.945,3.945,3.945,200,0
INDIW.US,5,20211109,182500,3.935,3.945,3.93,3.945,2878,0
INDIW.US,5,20211109,183000,3.95,3.95,3.95,3.95,500,0
INDIW.US,5,20211109,183500,3.96,3.96,3.96,3.96,700,0
INDIW.US,5,20211109,184500,3.96,3.965,3.96,3.96,1300,0
INDIW.US,5,20211109,185000,3.9301,3.9301,3.9301,3.9301,100,0
INDIW.US,5,20211109,190000,3.955,3.955,3.955,3.955,1000,0
INDIW.US,5,20211109,192500,3.93,3.93,3.93,3.93,148,0
INDIW.US,5,20211109,193000,3.9,3.9,3.9,3.9,800,0
INDIW.US,5,20211109,194000,3.895,3.895,3.895,3.895,300,0
INDIW.US,5,20211109,195500,3.9,3.9,3.9,3.9,3900,0
INDIW.US,5,20211109,200000,3.9,3.9,3.9,3.9,300,0
INDIW.US,5,20211109,200500,3.9,3.9,3.9,3.9,312,0
INDIW.US,5,20211109,210000,3.97,3.97,3.96,3.96,828,0
INDIW.US,5,20211109,212500,3.915,3.915,3.915,3.915,100,0
INDIW.US,5,20211109,213000,3.905,3.905,3.905,3.905,1090,0
INDIW.US,5,20211109,214000,3.94,3.94,3.94,3.94,265,0
INDIW.US,5,20211109,215000,3.95,3.95,3.95,3.95,100,0
INDIW.US,5,20211109,215500,3.95,3.95,3.95,3.95,700,0
INDIW.US,5,20211110,153000,3.95,4.02,3.82,3.85,5101,0
INDIW.US,5,20211110,153500,3.85,3.85,3.85,3.85,346,0
INDIW.US,5,20211110,154000,3.84,3.84,3.84,3.84,3990,0
INDIW.US,5,20211110,154500,3.84,3.84,3.84,3.84,10276,0
INDIW.US,5,20211110,155000,3.88,3.9,3.88,3.9,2796,0
INDIW.US,5,20211110,155500,3.97,4.04,3.97,4.04,1789,0
INDIW.US,5,20211110,160000,4.04,4.05,3.9701,3.9701,1844,0
INDIW.US,5,20211110,160500,3.98,3.98,3.98,3.98,1000,0
INDIW.US,5,20211110,161000,3.99,4.02,3.98,3.98,2196,0
INDIW.US,5,20211110,161500,4,4,3.92,3.92,300,0
INDIW.US,5,20211110,162000,3.93,3.93,3.93,3.93,300,0
INDIW.US,5,20211110,162500,3.93,3.96,3.93,3.96,400,0
INDIW.US,5,20211110,163000,3.94,3.97,3.94,3.96,739,0
INDIW.US,5,20211110,163500,3.97,3.97,3.96,3.96,300,0
INDIW.US,5,20211110,164000,3.96,3.96,3.96,3.96,300,0
INDIW.US,5,20211110,164500,3.95,3.95,3.95,3.95,100,0
INDIW.US,5,20211110,165000,3.87,3.87,3.87,3.87,700,0
INDIW.US,5,20211110,165500,3.85,3.85,3.85,3.85,500,0
INDIW.US,5,20211110,170000,3.84,3.85,3.84,3.85,300,0
INDIW.US,5,20211110,170500,3.86,3.87,3.86,3.87,678,0
INDIW.US,5,20211110,171000,3.865,3.87,3.865,3.87,900,0
INDIW.US,5,20211110,171500,3.88,3.88,3.88,3.88,100,0
INDIW.US,5,20211110,172000,3.91,3.91,3.91,3.91,345,0
INDIW.US,5,20211110,172500,3.89,3.89,3.89,3.89,100,0
INDIW.US,5,20211110,173000,3.91,3.91,3.9,3.9,2745,0
INDIW.US,5,20211110,173500,3.91,3.91,3.9,3.91,575,0
INDIW.US,5,20211110,174000,3.92,3.92,3.92,3.92,100,0
INDIW.US,5,20211110,174500,3.93,3.93,3.89,3.92,582,0
INDIW.US,5,20211110,175000,3.93,3.95,3.93,3.95,800,0
INDIW.US,5,20211110,175500,3.95,3.95,3.95,3.95,500,0
INDIW.US,5,20211110,180000,3.95,3.97,3.95,3.97,1474,0
INDIW.US,5,20211110,181000,3.96,3.96,3.93,3.93,464,0
INDIW.US,5,20211110,181500,3.92,3.93,3.92,3.93,300,0
INDIW.US,5,20211110,182500,3.93,3.93,3.93,3.93,464,0
INDIW.US,5,20211110,183000,3.93,3.93,3.93,3.93,323,0
INDIW.US,5,20211110,184000,3.9,3.9,3.9,3.9,700,0
INDIW.US,5,20211110,184500,3.9,3.9,3.9,3.9,150,0
INDIW.US,5,20211110,185500,3.91,3.91,3.91,3.91,400,0
INDIW.US,5,20211110,190500,3.9,3.9,3.89,3.89,282,0
INDIW.US,5,20211110,191500,3.88,3.88,3.88,3.88,300,0
INDIW.US,5,20211110,192000,3.88,3.88,3.88,3.88,283,0
INDIW.US,5,20211110,192500,3.88,3.88,3.88,3.88,200,0
INDIW.US,5,20211110,193000,3.87,3.8705,3.87,3.87,1234,0
INDIW.US,5,20211110,193500,3.87,3.87,3.86,3.86,682,0
INDIW.US,5,20211110,194000,3.86,3.86,3.86,3.86,100,0
INDIW.US,5,20211110,194500,3.86,3.86,3.85,3.85,1464,0
INDIW.US,5,20211110,195000,3.8001,3.8001,3.8,3.8,200,0
INDIW.US,5,20211110,195500,3.79,3.79,3.7601,3.79,1884,0
INDIW.US,5,20211110,200000,3.76,3.76,3.76,3.76,700,0
INDIW.US,5,20211110,200500,3.78,3.795,3.78,3.795,1275,0
INDIW.US,5,20211110,201000,3.8,3.81,3.8,3.81,700,0
INDIW.US,5,20211110,201500,3.81,3.85,3.78,3.8,1682,0
INDIW.US,5,20211110,202000,3.82,3.83,3.82,3.83,200,0
INDIW.US,5,20211110,202500,3.81,3.81,3.79,3.79,200,0
INDIW.US,5,20211110,203500,3.78,3.78,3.78,3.78,100,0
INDIW.US,5,20211110,204500,3.8,3.8,3.79,3.8,1396,0
INDIW.US,5,20211110,205000,3.81,3.84,3.81,3.83,600,0
INDIW.US,5,20211110,205500,3.81,3.81,3.81,3.81,200,0
INDIW.US,5,20211110,210000,3.81,3.81,3.81,3.81,300,0
INDIW.US,5,20211110,210500,3.81,3.87,3.81,3.858,3750,0
INDIW.US,5,20211110,211000,3.86,3.86,3.85,3.85,800,0
INDIW.US,5,20211110,211500,3.855,3.88,3.855,3.88,700,0
INDIW.US,5,20211110,212000,3.88,3.88,3.88,3.88,100,0
INDIW.US,5,20211110,212500,3.87,3.87,3.87,3.87,400,0
INDIW.US,5,20211110,213000,3.87,3.87,3.87,3.87,400,0
INDIW.US,5,20211110,213500,3.86,3.8767,3.85,3.85,800,0
INDIW.US,5,20211110,214000,3.85,3.85,3.84,3.84,1100,0
INDIW.US,5,20211110,215000,3.81,3.89,3.81,3.87,3491,0
INDIW.US,5,20211110,215500,3.87,3.9,3.87,3.9,19386,0
INDIW.US,5,20211111,153000,4,4.15,4,4.12,16860,0
INDIW.US,5,20211111,153500,4.07,4.08,4.0699,4.0699,541,0
INDIW.US,5,20211111,154000,4.07,4.15,4.07,4.15,2833,0
INDIW.US,5,20211111,154500,4.15,4.26,4.15,4.17,7863,0
INDIW.US,5,20211111,155000,4.17,4.2,4.17,4.2,843,0
INDIW.US,5,20211111,155500,4.2,4.29,4.2,4.28,1847,0
INDIW.US,5,20211111,160000,4.31,4.32,4.2,4.25,5114,0
INDIW.US,5,20211111,160500,4.25,4.27,4.25,4.27,500,0
INDIW.US,5,20211111,161000,4.1943,4.1943,4.1943,4.1943,400,0
INDIW.US,5,20211111,161500,4.18,4.18,4.18,4.18,400,0
INDIW.US,5,20211111,162000,4.25,4.33,4.25,4.255,3500,0
INDIW.US,5,20211111,163500,4.29,4.33,4.29,4.32,2600,0
INDIW.US,5,20211111,164000,4.28,4.3,4.28,4.28,1300,0
INDIW.US,5,20211111,164500,4.3,4.34,4.3,4.34,700,0
INDIW.US,5,20211111,165000,4.285,4.3,4.285,4.3,3680,0
INDIW.US,5,20211111,165500,4.3,4.315,4.3,4.315,650,0
INDIW.US,5,20211111,170000,4.32,4.33,4.32,4.33,1700,0
INDIW.US,5,20211111,170500,4.34,4.35,4.3,4.35,2410,0
INDIW.US,5,20211111,171000,4.34,4.38,4.31,4.37,1500,0
INDIW.US,5,20211111,171500,4.37,4.38,4.335,4.38,4000,0
INDIW.US,5,20211111,172000,4.34,4.39,4.34,4.38,1100,0
INDIW.US,5,20211111,172500,4.38,4.39,4.38,4.39,700,0
INDIW.US,5,20211111,173000,4.4,4.4,4.37,4.37,14859,0
INDIW.US,5,20211111,173500,4.395,4.44,4.395,4.44,6897,0
INDIW.US,5,20211111,174000,4.45,4.46,4.3917,4.3917,6200,0
INDIW.US,5,20211111,175000,4.45,4.45,4.45,4.45,9700,0
INDIW.US,5,20211111,175500,4.45,4.45,4.42,4.42,12080,0
INDIW.US,5,20211111,180000,4.4,4.4,4.38,4.395,850,0
INDIW.US,5,20211111,180500,4.39,4.4,4.3766,4.3766,6100,0
INDIW.US,5,20211111,181000,4.385,4.43,4.38,4.43,10713,0
INDIW.US,5,20211111,181500,4.42,4.4305,4.42,4.43,796,0
INDIW.US,5,20211111,182000,4.42,4.44,4.42,4.44,1434,0
INDIW.US,5,20211111,183000,4.45,4.45,4.44,4.44,17139,0
INDIW.US,5,20211111,183500,4.45,4.48,4.4477,4.45,40431,0
INDIW.US,5,20211111,184000,4.455,4.5,4.45,4.48,9037,0
INDIW.US,5,20211111,184500,4.47,4.49,4.45,4.45,6467,0
INDIW.US,5,20211111,185000,4.45,4.47,4.45,4.47,1967,0
INDIW.US,5,20211111,185500,4.475,4.49,4.47,4.47,3910,0
INDIW.US,5,20211111,190000,4.465,4.465,4.44,4.45,5310,0
INDIW.US,5,20211111,190500,4.455,4.5,4.45,4.485,6791,0
INDIW.US,5,20211111,191000,4.49,4.5,4.465,4.48,17132,0
INDIW.US,5,20211111,191500,4.475,4.475,4.45,4.45,1100,0
INDIW.US,5,20211111,192000,4.47,4.47,4.47,4.47,1133,0
INDIW.US,5,20211111,193000,4.4599,4.4599,4.4599,4.4599,400,0
INDIW.US,5,20211111,193500,4.465,4.465,4.45,4.45,1600,0
INDIW.US,5,20211111,194000,4.46,4.46,4.4,4.4,10918,0
INDIW.US,5,20211111,195000,4.45,4.46,4.45,4.46,5260,0
INDIW.US,5,20211111,195500,4.45,4.45,4.45,4.45,200,0
INDIW.US,5,20211111,200000,4.45,4.45,4.445,4.445,200,0
INDIW.US,5,20211111,200500,4.45,4.45,4.42,4.43,10340,0
INDIW.US,5,20211111,201000,4.44,4.44,4.42,4.42,9182,0
INDIW.US,5,20211111,201500,4.39,4.4,4.38,4.38,3190,0
INDIW.US,5,20211111,202000,4.44,4.44,4.395,4.4,10833,0
INDIW.US,5,20211111,202500,4.4,4.4,4.4,4.4,567,0
INDIW.US,5,20211111,203000,4.42,4.45,4.4,4.44,4022,0
INDIW.US,5,20211111,203500,4.44,4.44,4.4107,4.44,5000,0
INDIW.US,5,20211111,204000,4.44,4.44,4.44,4.44,2972,0
INDIW.US,5,20211111,211000,4.35,4.35,4.35,4.35,500,0
INDIW.US,5,20211111,212000,4.35,4.35,4.35,4.35,537,0
INDIW.US,5,20211111,212500,4.36,4.36,4.36,4.36,200,0
INDIW.US,5,20211111,213000,4.32,4.32,4.29,4.29,500,0
INDIW.US,5,20211111,213500,4.33,4.33,4.33,4.33,100,0
INDIW.US,5,20211111,214000,4.32,4.32,4.32,4.32,500,0
INDIW.US,5,20211111,214500,4.32,4.32,4.32,4.32,500,0
INDIW.US,5,20211111,215000,4.32,4.32,4.3,4.3,1000,0
INDIW.US,5,20211111,215500,4.32,4.32,4.32,4.32,1104,0
INDIW.US,5,20211112,153000,4.33,4.6,4.33,4.6,18994,0
INDIW.US,5,20211112,153500,4.5996,4.6,4.58,4.6,4675,0
INDIW.US,5,20211112,154000,4.59,4.71,4.59,4.71,6650,0
INDIW.US,5,20211112,154500,4.71,4.73,4.64,4.65,10442,0
INDIW.US,5,20211112,155000,4.69,4.7,4.69,4.7,400,0
INDIW.US,5,20211112,155500,4.64,4.65,4.6,4.6,2600,0
INDIW.US,5,20211112,160000,4.67,4.68,4.67,4.68,200,0
INDIW.US,5,20211112,160500,4.7,4.74,4.7,4.74,700,0
INDIW.US,5,20211112,162000,4.68,4.71,4.68,4.71,1804,0
INDIW.US,5,20211112,163000,4.66,4.67,4.65,4.67,659,0
INDIW.US,5,20211112,164000,4.65,4.67,4.65,4.67,1234,0
INDIW.US,5,20211112,164500,4.7,4.7301,4.7,4.73,7011,0
INDIW.US,5,20211112,165000,4.73,4.74,4.73,4.73,2225,0
INDIW.US,5,20211112,165500,4.73,4.73,4.73,4.73,100,0
INDIW.US,5,20211112,170000,4.73,4.73,4.73,4.73,100,0
INDIW.US,5,20211112,171000,4.7,4.7,4.7,4.7,1100,0
INDIW.US,5,20211112,172000,4.73,4.76,4.73,4.76,2696,0
INDIW.US,5,20211112,173000,4.75,4.75,4.75,4.75,100,0
INDIW.US,5,20211112,173500,4.7172,4.7172,4.7172,4.7172,208,0
INDIW.US,5,20211112,174500,4.71,4.72,4.71,4.72,433,0
INDIW.US,5,20211112,175000,4.72,4.72,4.7101,4.7101,1946,0
INDIW.US,5,20211112,180500,4.72,4.75,4.72,4.75,11463,0
INDIW.US,5,20211112,181500,4.71,4.75,4.7,4.75,3387,0
INDIW.US,5,20211112,182000,4.7509,4.8,4.7509,4.8,10309,0
INDIW.US,5,20211112,184000,4.75,4.75,4.75,4.75,200,0
INDIW.US,5,20211112,184500,4.77,4.77,4.77,4.77,125,0
INDIW.US,5,20211112,190500,4.75,4.75,4.75,4.75,300,0
INDIW.US,5,20211112,191000,4.77,4.79,4.77,4.79,1250,0
INDIW.US,5,20211112,191500,4.7717,4.7717,4.7717,4.7717,200,0
INDIW.US,5,20211112,192000,4.79,4.8,4.79,4.8,4791,0
INDIW.US,5,20211112,192500,4.8,4.8,4.79,4.79,948,0
INDIW.US,5,20211112,193500,4.79,4.8,4.79,4.8,14013,0
INDIW.US,5,20211112,194000,4.75,4.755,4.75,4.755,1808,0
INDIW.US,5,20211112,194500,4.75,4.7503,4.75,4.7502,1000,0
INDIW.US,5,20211112,195000,4.71,4.7103,4.71,4.7103,1000,0
INDIW.US,5,20211112,195500,4.72,4.72,4.72,4.72,225,0
INDIW.US,5,20211112,200500,4.71,4.71,4.71,4.71,254,0
INDIW.US,5,20211112,202000,4.72,4.72,4.72,4.72,974,0
INDIW.US,5,20211112,202500,4.72,4.72,4.72,4.72,150,0
INDIW.US,5,20211112,203000,4.72,4.73,4.71,4.73,2000,0
INDIW.US,5,20211112,203500,4.73,4.78,4.71,4.78,4544,0
INDIW.US,5,20211112,204000,4.82,4.88,4.82,4.88,2399,0
INDIW.US,5,20211112,204500,4.8878,4.92,4.8878,4.92,1300,0
INDIW.US,5,20211112,205500,4.8604,4.8604,4.8604,4.8604,1400,0
INDIW.US,5,20211112,210000,4.87,4.87,4.87,4.87,600,0
INDIW.US,5,20211112,210500,4.865,4.865,4.865,4.865,200,0
INDIW.US,5,20211112,211000,4.87,4.9,4.87,4.9,3000,0
INDIW.US,5,20211112,211500,4.88,4.88,4.87,4.87,1900,0
INDIW.US,5,20211112,212000,4.88,4.93,4.88,4.93,1652,0
INDIW.US,5,20211112,212500,4.915,4.95,4.915,4.93,1000,0
INDIW.US,5,20211112,213000,4.94,4.94,4.9,4.93,1427,0
INDIW.US,5,20211112,213500,4.91,4.91,4.91,4.91,481,0
INDIW.US,5,20211112,214000,4.9,4.9,4.89,4.9,1800,0
INDIW.US,5,20211112,214500,4.92,4.92,4.92,4.92,745,0
INDIW.US,5,20211112,215500,4.9,4.9,4.885,4.9,20574,0
INDIW.US,5,20211115,153000,5,5.3,4.96,5.1711,9404,0
INDIW.US,5,20211115,153500,5.22,5.24,5.02,5.02,3468,0
INDIW.US,5,20211115,154000,5.15,5.4199,5.15,5.18,2100,0
INDIW.US,5,20211115,155000,5.17,5.18,5.15,5.15,1374,0
INDIW.US,5,20211115,155500,5.2,5.2,5.15,5.15,2482,0
INDIW.US,5,20211115,160000,5.1107,5.1107,5.1107,5.1107,500,0
INDIW.US,5,20211115,160500,5.17,5.17,5.17,5.17,2900,0
INDIW.US,5,20211115,161000,5.16,5.16,5.16,5.16,1000,0
INDIW.US,5,20211115,161500,5.16,5.21,5.16,5.21,6402,0
INDIW.US,5,20211115,162000,5.2,5.2,5.2,5.2,3800,0
INDIW.US,5,20211115,162500,5.17,5.17,5.15,5.15,4671,0
INDIW.US,5,20211115,163500,5.15,5.15,5.15,5.15,300,0
INDIW.US,5,20211115,164000,5.18,5.18,5.15,5.15,2250,0
INDIW.US,5,20211115,164500,5.1,5.2,5.1,5.2,9800,0
INDIW.US,5,20211115,165000,5.2,5.2,5.15,5.15,6450,0
INDIW.US,5,20211115,165500,5.17,5.2,5.17,5.2,7168,0
INDIW.US,5,20211115,170000,5.2,5.23,5.2,5.2,4298,0
INDIW.US,5,20211115,170500,5.2,5.3,5.2,5.3,11100,0
INDIW.US,5,20211115,171000,5.32,5.33,5.28,5.33,5450,0
INDIW.US,5,20211115,171500,5.37,5.41,5.34,5.41,11016,0
INDIW.US,5,20211115,172000,5.3,5.3,5.3,5.3,100,0
INDIW.US,5,20211115,172500,5.33,5.33,5.33,5.33,300,0
INDIW.US,5,20211115,173000,5.33,5.36,5.32,5.36,14792,0
INDIW.US,5,20211115,173500,5.35,5.36,5.35,5.36,350,0
INDIW.US,5,20211115,174000,5.38,5.4,5.37,5.37,3300,0
INDIW.US,5,20211115,174500,5.26,5.26,5.21,5.21,1440,0
INDIW.US,5,20211115,175000,5.14,5.14,5.08,5.1149,10100,0
INDIW.US,5,20211115,180000,5.14,5.14,5.13,5.1383,3600,0
INDIW.US,5,20211115,182000,5.12,5.12,5.12,5.12,2000,0
INDIW.US,5,20211115,183000,5.135,5.15,5.135,5.15,2100,0
INDIW.US,5,20211115,183500,5.11,5.18,5.11,5.17,4900,0
INDIW.US,5,20211115,185500,5.13,5.13,5.13,5.13,100,0
INDIW.US,5,20211115,190500,5.13,5.13,5.1101,5.13,2855,0
INDIW.US,5,20211115,191000,5.2,5.205,5.2,5.205,250,0
INDIW.US,5,20211115,192000,5.235,5.25,5.21,5.22,9200,0
INDIW.US,5,20211115,192500,5.22,5.24,5.22,5.24,8700,0
INDIW.US,5,20211115,193000,5.245,5.255,5.24,5.25,10066,0
INDIW.US,5,20211115,193500,5.255,5.255,5.245,5.245,3700,0
INDIW.US,5,20211115,194000,5.24,5.24,5.24,5.24,200,0
INDIW.US,5,20211115,194500,5.24,5.26,5.225,5.24,26415,0
INDIW.US,5,20211115,195000,5.23,5.23,5.19,5.2,15552,0
INDIW.US,5,20211115,200000,5.17,5.19,5.17,5.1705,1510,0
INDIW.US,5,20211115,200500,5.17,5.21,5.15,5.2,4350,0
INDIW.US,5,20211115,201000,5.2,5.25,5.2,5.24,14853,0
INDIW.US,5,20211115,201500,5.26,5.26,5.215,5.23,23100,0
INDIW.US,5,20211115,202000,5.24,5.25,5.23,5.25,13200,0
INDIW.US,5,20211115,202500,5.25,5.25,5.235,5.25,10900,0
INDIW.US,5,20211115,203000,5.245,5.3,5.24,5.3,9963,0
INDIW.US,5,20211115,203500,5.3225,5.33,5.3,5.305,22500,0
INDIW.US,5,20211115,204000,5.31,5.33,5.28,5.31,10839,0
INDIW.US,5,20211115,204500,5.315,5.36,5.3,5.36,46875,0
INDIW.US,5,20211115,205000,5.35,5.4,5.34,5.4,19708,0
INDIW.US,5,20211115,205500,5.41,5.425,5.38,5.398,4667,0
INDIW.US,5,20211115,210000,5.33,5.34,5.3,5.34,5447,0
INDIW.US,5,20211115,211000,5.31,5.4,5.3,5.39,13891,0
INDIW.US,5,20211115,211500,5.39,5.39,5.39,5.39,100,0
INDIW.US,5,20211115,212000,5.37,5.42,5.37,5.4,8330,0
INDIW.US,5,20211115,212500,5.4,5.4199,5.4,5.4,1510,0
INDIW.US,5,20211115,213000,5.38,5.42,5.38,5.4,12722,0
INDIW.US,5,20211115,214500,5.4,5.4,5.37,5.375,2500,0
INDIW.US,5,20211115,215000,5.39,5.42,5.38,5.4,15086,0
INDIW.US,5,20211115,215500,5.4,5.43,5.4,5.41,18786,0
INDIW.US,5,20211116,153000,5.4,5.75,5.37,5.65,14767,0
INDIW.US,5,20211116,153500,5.64,5.78,5.64,5.78,14868,0
INDIW.US,5,20211116,154000,5.78,5.82,5.77,5.82,2424,0
INDIW.US,5,20211116,154500,5.84,5.86,5.74,5.74,12755,0
INDIW.US,5,20211116,155000,5.74,5.8,5.74,5.78,7767,0
INDIW.US,5,20211116,155500,5.79,5.79,5.74,5.75,7199,0
INDIW.US,5,20211116,160000,5.75,5.775,5.74,5.76,3147,0
INDIW.US,5,20211116,160500,5.76,5.77,5.74,5.77,5529,0
INDIW.US,5,20211116,161000,5.76,5.78,5.75,5.78,2123,0
INDIW.US,5,20211116,161500,5.78,5.78,5.75,5.76,3088,0
INDIW.US,5,20211116,162000,5.76,5.765,5.74,5.74,6100,0
INDIW.US,5,20211116,162500,5.74,5.74,5.74,5.74,400,0
INDIW.US,5,20211116,163000,5.74,5.75,5.74,5.75,2241,0
INDIW.US,5,20211116,163500,5.75,5.82,5.75,5.8,8953,0
INDIW.US,5,20211116,164000,5.79,5.81,5.78,5.79,2222,0
INDIW.US,5,20211116,164500,5.79,5.83,5.77,5.83,23518,0
INDIW.US,5,20211116,165000,5.83,5.83,5.78,5.78,5661,0
INDIW.US,5,20211116,165500,5.76,5.76,5.74,5.75,4600,0
INDIW.US,5,20211116,170000,5.74,5.75,5.72,5.75,6721,0
INDIW.US,5,20211116,170500,5.75,5.77,5.67,5.75,11640,0
INDIW.US,5,20211116,171000,5.75,5.76,5.7,5.73,2957,0
INDIW.US,5,20211116,171500,5.7447,5.75,5.7447,5.745,700,0
INDIW.US,5,20211116,172000,5.76,5.76,5.7,5.76,2369,0
INDIW.US,5,20211116,172500,5.76,5.76,5.73,5.73,4057,0
INDIW.US,5,20211116,173000,5.725,5.73,5.7,5.71,10122,0
INDIW.US,5,20211116,173500,5.7017,5.73,5.7017,5.73,2366,0
INDIW.US,5,20211116,174000,5.71,5.71,5.6,5.67,14634,0
INDIW.US,5,20211116,174500,5.7,5.72,5.7,5.7,4553,0
INDIW.US,5,20211116,175000,5.7,5.7,5.7,5.7,166,0
INDIW.US,5,20211116,180000,5.6001,5.6001,5.41,5.48,14467,0
INDIW.US,5,20211116,180500,5.47,5.5,5.47,5.5,1222,0
INDIW.US,5,20211116,181000,5.48,5.481,5.45,5.4601,2492,0
INDIW.US,5,20211116,181500,5.47,5.51,5.44,5.44,5120,0
INDIW.US,5,20211116,182000,5.445,5.45,5.4075,5.41,3600,0
INDIW.US,5,20211116,182500,5.4,5.4,5.4,5.4,359,0
INDIW.US,5,20211116,183000,5.42,5.42,5.36,5.4,4899,0
INDIW.US,5,20211116,183500,5.3804,5.4,5.38,5.4,643,0
INDIW.US,5,20211116,184000,5.39,5.4306,5.39,5.42,11953,0
INDIW.US,5,20211116,184500,5.415,5.44,5.41,5.425,8233,0
INDIW.US,5,20211116,185000,5.425,5.43,5.415,5.42,900,0
INDIW.US,5,20211116,185500,5.425,5.43,5.415,5.42,1100,0
INDIW.US,5,20211116,190000,5.425,5.425,5.36,5.36,5029,0
INDIW.US,5,20211116,191000,5.33,5.3301,5.05,5.29,37028,0
INDIW.US,5,20211116,191500,5.29,5.32,5.28,5.32,1968,0
INDIW.US,5,20211116,192500,5.25,5.25,5.25,5.25,300,0
INDIW.US,5,20211116,193000,5.255,5.255,5.21,5.211,1064,0
INDIW.US,5,20211116,193500,5.22,5.32,5.22,5.32,6004,0
INDIW.US,5,20211116,194000,5.31,5.32,5.25,5.32,1540,0
INDIW.US,5,20211116,194500,5.31,5.32,5.31,5.31,1592,0
INDIW.US,5,20211116,195000,5.31,5.32,5.27,5.3,2230,0
INDIW.US,5,20211116,195500,5.32,5.32,5.32,5.32,500,0
INDIW.US,5,20211116,200000,5.35,5.35,5.34,5.35,1500,0
INDIW.US,5,20211116,200500,5.37,5.38,5.36,5.36,2466,0
INDIW.US,5,20211116,201000,5.37,5.38,5.37,5.38,634,0
INDIW.US,5,20211116,201500,5.4,5.4,5.4,5.4,2016,0
INDIW.US,5,20211116,202000,5.41,5.42,5.4,5.4,3527,0
INDIW.US,5,20211116,202500,5.4,5.41,5.4,5.4,766,0
INDIW.US,5,20211116,203000,5.4,5.405,5.4,5.4,600,0
INDIW.US,5,20211116,203500,5.4,5.41,5.4,5.41,567,0
INDIW.US,5,20211116,204000,5.41,5.41,5.4,5.41,1833,0
INDIW.US,5,20211116,204500,5.4,5.46,5.4,5.44,6002,0
INDIW.US,5,20211116,205000,5.45,5.46,5.44,5.46,3992,0
INDIW.US,5,20211116,205500,5.46,5.49,5.46,5.47,3420,0
INDIW.US,5,20211116,210000,5.47,5.49,5.47,5.47,367,0
INDIW.US,5,20211116,210500,5.49,5.49,5.47,5.475,4149,0
INDIW.US,5,20211116,211000,5.48,5.5,5.48,5.5,1901,0
INDIW.US,5,20211116,211500,5.495,5.5,5.49,5.5,3795,0
INDIW.US,5,20211116,212000,5.49,5.49,5.45,5.49,9471,0
INDIW.US,5,20211116,213000,5.44,5.44,5.4,5.4,200,0
INDIW.US,5,20211116,214000,5.365,5.37,5.365,5.365,700,0
INDIW.US,5,20211116,215000,5.38,5.43,5.38,5.4,2500,0
INDIW.US,5,20211116,215500,5.4,5.4,5.35,5.38,10689,0
INDIW.US,5,20211117,153000,5.23,5.59,5.23,5.51,4749,0
INDIW.US,5,20211117,153500,5.53,5.54,5.5,5.53,1352,0
INDIW.US,5,20211117,154000,5.53,5.59,5.53,5.59,2767,0
INDIW.US,5,20211117,154500,5.58,5.59,5.58,5.59,1208,0
INDIW.US,5,20211117,155000,5.59,5.59,5.57,5.57,251,0
INDIW.US,5,20211117,155500,5.5,5.5,5.45,5.49,2951,0
INDIW.US,5,20211117,160000,5.53,5.54,5.51,5.54,3006,0
INDIW.US,5,20211117,160500,5.57,5.57,5.57,5.57,931,0
INDIW.US,5,20211117,161500,5.5101,5.5101,5.51,5.51,2100,0
INDIW.US,5,20211117,163000,5.51,5.51,5.48,5.48,3774,0
INDIW.US,5,20211117,163500,5.45,5.46,5.42,5.46,600,0
INDIW.US,5,20211117,164000,5.49,5.49,5.49,5.49,100,0
INDIW.US,5,20211117,164500,5.45,5.45,5.45,5.45,150,0
INDIW.US,5,20211117,165000,5.5,5.6,5.5,5.6,1660,0
INDIW.US,5,20211117,165500,5.63,5.63,5.62,5.62,595,0
INDIW.US,5,20211117,170000,5.6101,5.65,5.61,5.64,2417,0
INDIW.US,5,20211117,170500,5.65,5.68,5.65,5.68,2529,0
INDIW.US,5,20211117,171500,5.65,5.65,5.65,5.65,100,0
INDIW.US,5,20211117,172500,5.65,5.67,5.65,5.66,6650,0
INDIW.US,5,20211117,173000,5.69,5.72,5.69,5.7,6399,0
INDIW.US,5,20211117,173500,5.71,5.75,5.672,5.7,5664,0
INDIW.US,5,20211117,174000,5.68,5.688,5.68,5.688,625,0
INDIW.US,5,20211117,174500,5.7,5.7,5.63,5.63,4510,0
INDIW.US,5,20211117,175000,5.62,5.62,5.53,5.59,19697,0
INDIW.US,5,20211117,180000,5.64,5.68,5.61,5.68,6345,0
INDIW.US,5,20211117,180500,5.68,5.6832,5.64,5.68,4414,0
INDIW.US,5,20211117,181000,5.69,5.72,5.69,5.71,1365,0
INDIW.US,5,20211117,181500,5.73,5.75,5.7,5.71,7577,0
INDIW.US,5,20211117,182000,5.73,5.77,5.73,5.77,1190,0
INDIW.US,5,20211117,182500,5.77,5.77,5.72,5.74,979,0
INDIW.US,5,20211117,183000,5.7,5.7,5.65,5.6711,2887,0
INDIW.US,5,20211117,183500,5.66,5.6731,5.65,5.6731,2453,0
INDIW.US,5,20211117,184000,5.69,5.69,5.6,5.69,4321,0
INDIW.US,5,20211117,184500,5.62,5.65,5.58,5.61,3130,0
INDIW.US,5,20211117,185000,5.57,5.6,5.5686,5.6,2880,0
INDIW.US,5,20211117,185500,5.63,5.63,5.63,5.63,161,0
INDIW.US,5,20211117,190000,5.63,5.65,5.63,5.65,400,0
INDIW.US,5,20211117,190500,5.64,5.649,5.62,5.64,1751,0
INDIW.US,5,20211117,191000,5.65,5.7,5.65,5.7,730,0
INDIW.US,5,20211117,191500,5.685,5.685,5.685,5.685,500,0
INDIW.US,5,20211117,192000,5.69,5.7,5.66,5.7,4110,0
INDIW.US,5,20211117,192500,5.66,5.67,5.64,5.64,1729,0
INDIW.US,5,20211117,193000,5.64,5.67,5.6,5.61,6594,0
INDIW.US,5,20211117,193500,5.6599,5.6599,5.6319,5.6319,680,0
INDIW.US,5,20211117,194000,5.63,5.66,5.63,5.64,1250,0
INDIW.US,5,20211117,194500,5.58,5.58,5.58,5.58,194,0
INDIW.US,5,20211117,195000,5.63,5.63,5.62,5.62,3825,0
INDIW.US,5,20211117,195500,5.63,5.64,5.59,5.63,1868,0
INDIW.US,5,20211117,200000,5.64,5.64,5.63,5.63,700,0
INDIW.US,5,20211117,200500,5.5913,5.63,5.5913,5.63,713,0
INDIW.US,5,20211117,201000,5.5905,5.6,5.5905,5.6,817,0
INDIW.US,5,20211117,201500,5.6,5.6,5.54,5.6,3431,0
INDIW.US,5,20211117,202000,5.59,5.59,5.53,5.53,6712,0
INDIW.US,5,20211117,202500,5.53,5.53,5.53,5.53,1477,0
INDIW.US,5,20211117,203000,5.53,5.53,5.53,5.53,219,0
INDIW.US,5,20211117,203500,5.53,5.56,5.52,5.56,1804,0
INDIW.US,5,20211117,204000,5.57,5.57,5.56,5.57,1143,0
INDIW.US,5,20211117,204500,5.59,5.61,5.59,5.61,549,0
INDIW.US,5,20211117,205000,5.63,5.64,5.63,5.64,1036,0
INDIW.US,5,20211117,205500,5.65,5.66,5.62,5.63,1101,0
INDIW.US,5,20211117,210000,5.64,5.64,5.63,5.63,1938,0
INDIW.US,5,20211117,211000,5.5905,5.5905,5.5905,5.5905,900,0
INDIW.US,5,20211117,211500,5.62,5.62,5.59,5.61,1743,0
INDIW.US,5,20211117,212000,5.56,5.5945,5.56,5.5945,1598,0
INDIW.US,5,20211117,212500,5.58,5.58,5.58,5.58,200,0
INDIW.US,5,20211117,213000,5.585,5.585,5.585,5.585,2500,0
INDIW.US,5,20211117,213500,5.6,5.6,5.6,5.6,447,0
INDIW.US,5,20211117,214000,5.62,5.62,5.57,5.59,5665,0
INDIW.US,5,20211117,214500,5.57,5.6,5.565,5.565,2684,0
INDIW.US,5,20211117,215000,5.58,5.62,5.58,5.61,3793,0
INDIW.US,5,20211117,215500,5.6019,5.63,5.6019,5.61,1330,0
INDIW.US,5,20211118,153000,5.46,5.67,5.41,5.67,2992,0
INDIW.US,5,20211118,153500,5.58,5.58,5.58,5.58,748,0
INDIW.US,5,20211118,154000,5.67,5.7,5.6,5.6,2851,0
INDIW.US,5,20211118,154500,5.64,5.65,5.64,5.65,251,0
INDIW.US,5,20211118,155000,5.65,5.69,5.6,5.6,2622,0
INDIW.US,5,20211118,155500,5.6,5.6,5.57,5.57,2102,0
INDIW.US,5,20211118,160000,5.57,5.59,5.55,5.59,2193,0
INDIW.US,5,20211118,160500,5.6,5.65,5.51,5.6,29240,0
INDIW.US,5,20211118,161000,5.53,5.53,5.4401,5.4401,5487,0
INDIW.US,5,20211118,161500,5.44,5.4444,5.43,5.43,2900,0
INDIW.US,5,20211118,162000,5.36,5.42,5.36,5.42,2000,0
INDIW.US,5,20211118,162500,5.43,5.43,5.39,5.39,2454,0
INDIW.US,5,20211118,163000,5.43,5.45,5.43,5.43,3746,0
INDIW.US,5,20211118,163500,5.39,5.42,5.38,5.4,5751,0
INDIW.US,5,20211118,164000,5.38,5.38,5.38,5.38,200,0
INDIW.US,5,20211118,164500,5.38,5.38,5.38,5.38,2000,0
INDIW.US,5,20211118,165500,5.3301,5.4,5.3301,5.36,1100,0
INDIW.US,5,20211118,170000,5.34,5.35,5.34,5.3401,1106,0
INDIW.US,5,20211118,171000,5.38,5.46,5.38,5.46,900,0
INDIW.US,5,20211118,171500,5.47,5.52,5.47,5.52,250,0
INDIW.US,5,20211118,173500,5.58,5.58,5.57,5.57,680,0
INDIW.US,5,20211118,174000,5.63,5.63,5.63,5.63,1200,0
INDIW.US,5,20211118,174500,5.63,5.63,5.63,5.63,1400,0
INDIW.US,5,20211118,175000,5.63,5.63,5.62,5.63,2100,0
INDIW.US,5,20211118,180000,5.63,5.63,5.62,5.63,4310,0
INDIW.US,5,20211118,180500,5.63,5.63,5.62,5.63,3692,0
INDIW.US,5,20211118,181500,5.61,5.61,5.595,5.595,4100,0
INDIW.US,5,20211118,182000,5.585,5.6,5.565,5.58,22123,0
INDIW.US,5,20211118,185000,5.61,5.61,5.61,5.61,200,0
INDIW.US,5,20211118,185500,5.59,5.59,5.59,5.59,100,0
INDIW.US,5,20211118,193000,5.6,5.6,5.6,5.6,1100,0
INDIW.US,5,20211118,193500,5.6,5.6,5.555,5.56,12250,0
INDIW.US,5,20211118,194500,5.555,5.56,5.555,5.555,700,0
INDIW.US,5,20211118,195000,5.56,5.56,5.505,5.52,7578,0
INDIW.US,5,20211118,195500,5.5,5.5,5.5,5.5,1000,0
INDIW.US,5,20211118,200000,5.52,5.56,5.51,5.51,7004,0
INDIW.US,5,20211118,201000,5.51,5.51,5.5,5.51,836,0
INDIW.US,5,20211118,201500,5.5,5.5,5.5,5.5,200,0
INDIW.US,5,20211118,202000,5.47,5.47,5.47,5.47,200,0
INDIW.US,5,20211118,203000,5.46,5.46,5.46,5.46,3061,0
INDIW.US,5,20211118,203500,5.47,5.47,5.47,5.47,1500,0
INDIW.US,5,20211118,204000,5.49,5.49,5.49,5.49,100,0
INDIW.US,5,20211118,205000,5.51,5.56,5.48,5.56,1100,0
INDIW.US,5,20211118,210500,5.49,5.49,5.49,5.49,100,0
INDIW.US,5,20211119,153000,5.5,5.5,5.32,5.32,825,0
INDIW.US,5,20211119,153500,5.55,5.55,5.55,5.55,251,0
INDIW.US,5,20211119,154000,5.5501,5.5501,5.5501,5.5501,100,0
INDIW.US,5,20211119,154500,5.59,5.6,5.53,5.55,1733,0
INDIW.US,5,20211119,155000,5.52,5.54,5.5,5.54,3970,0
INDIW.US,5,20211119,155500,5.54,5.58,5.54,5.58,2171,0
INDIW.US,5,20211119,160500,5.54,5.58,5.5,5.58,3457,0
INDIW.US,5,20211119,161000,5.53,5.57,5.51,5.55,2290,0
INDIW.US,5,20211119,161500,5.55,5.55,5.5,5.5,6100,0
INDIW.US,5,20211119,162000,5.5,5.55,5.5,5.51,8000,0
INDIW.US,5,20211119,163000,5.5,5.51,5.5,5.51,2797,0
INDIW.US,5,20211119,163500,5.495,5.495,5.49,5.49,555,0
INDIW.US,5,20211119,164000,5.47,5.49,5.47,5.49,1375,0
INDIW.US,5,20211119,165000,5.44,5.4418,5.43,5.4418,1500,0
INDIW.US,5,20211119,171000,5.4201,5.4201,5.4201,5.4201,5000,0
INDIW.US,5,20211119,171500,5.47,5.47,5.43,5.43,865,0
INDIW.US,5,20211119,173000,5.5,5.5,5.5,5.5,959,0
INDIW.US,5,20211119,173500,5.5,5.5,5.48,5.48,1006,0
INDIW.US,5,20211119,175000,5.45,5.45,5.45,5.45,100,0
INDIW.US,5,20211119,175500,5.47,5.47,5.43,5.455,5612,0
INDIW.US,5,20211119,180000,5.455,5.455,5.42,5.45,6909,0
INDIW.US,5,20211119,181000,5.45,5.45,5.45,5.45,100,0
INDIW.US,5,20211119,182000,5.44,5.45,5.44,5.45,3300,0
INDIW.US,5,20211119,182500,5.445,5.445,5.44,5.44,3400,0
INDIW.US,5,20211119,183000,5.45,5.45,5.44,5.44,200,0
INDIW.US,5,20211119,183500,5.46,5.46,5.46,5.46,900,0
INDIW.US,5,20211119,184000,5.47,5.47,5.47,5.47,1838,0
INDIW.US,5,20211119,184500,5.47,5.47,5.46,5.46,631,0
INDIW.US,5,20211119,185000,5.46,5.46,5.46,5.46,200,0
INDIW.US,5,20211119,185500,5.47,5.47,5.47,5.47,893,0
INDIW.US,5,20211119,190000,5.46,5.46,5.46,5.46,100,0
INDIW.US,5,20211119,192500,5.39,5.39,5.39,5.39,300,0
INDIW.US,5,20211119,193500,5.39,5.39,5.39,5.39,110,0
INDIW.US,5,20211119,194000,5.35,5.35,5.35,5.35,1200,0
INDIW.US,5,20211119,194500,5.365,5.365,5.365,5.365,500,0
INDIW.US,5,20211119,195000,5.35,5.35,5.35,5.35,100,0
INDIW.US,5,20211119,195500,5.35,5.35,5.35,5.35,2400,0
INDIW.US,5,20211119,200000,5.38,5.39,5.35,5.38,2215,0
INDIW.US,5,20211119,200500,5.38,5.4,5.38,5.4,449,0
INDIW.US,5,20211119,201000,5.39,5.43,5.39,5.43,502,0
INDIW.US,5,20211119,202000,5.42,5.45,5.41,5.45,553,0
INDIW.US,5,20211119,205500,5.455,5.455,5.36,5.41,11186,0
INDIW.US,5,20211119,212000,5.37,5.37,5.37,5.37,300,0
INDIW.US,5,20211119,213000,5.38,5.38,5.38,5.38,100,0
INDIW.US,5,20211119,213500,5.34,5.34,5.34,5.34,1200,0
INDIW.US,5,20211119,215000,5.36,5.36,5.36,5.36,350,0
INDIW.US,5,20211119,215500,5.37,5.45,5.37,5.44,18376,0
INDIW.US,5,20211122,153000,5.33,5.63,5.33,5.63,3094,0
INDIW.US,5,20211122,153500,5.6,5.63,5.52,5.61,3365,0
INDIW.US,5,20211122,155000,5.5628,5.5628,5.54,5.54,1300,0
INDIW.US,5,20211122,160000,5.59,5.59,5.59,5.59,128,0
INDIW.US,5,20211122,160500,5.4901,5.4901,5.4901,5.4901,200,0
INDIW.US,5,20211122,161000,5.51,5.51,5.51,5.51,100,0
INDIW.US,5,20211122,161500,5.56,5.56,5.56,5.56,327,0
INDIW.US,5,20211122,162000,5.6,5.63,5.6,5.61,3124,0
INDIW.US,5,20211122,162500,5.63,5.63,5.56,5.57,6280,0
INDIW.US,5,20211122,163000,5.55,5.5612,5.54,5.54,3013,0
INDIW.US,5,20211122,163500,5.55,5.55,5.54,5.54,718,0
INDIW.US,5,20211122,164000,5.54,5.54,5.54,5.54,500,0
INDIW.US,5,20211122,164500,5.55,5.55,5.54,5.54,1500,0
INDIW.US,5,20211122,170000,5.5,5.5,5.44,5.48,607,0
INDIW.US,5,20211122,170500,5.44,5.44,5.33,5.35,4798,0
INDIW.US,5,20211122,171000,5.4,5.4,5.4,5.4,627,0
INDIW.US,5,20211122,171500,5.41,5.47,5.4,5.41,6978,0
INDIW.US,5,20211122,172000,5.43,5.49,5.41,5.48,5553,0
INDIW.US,5,20211122,172500,5.45,5.45,5.36,5.38,24977,0
INDIW.US,5,20211122,173000,5.38,5.39,5.36,5.36,6463,0
INDIW.US,5,20211122,173500,5.35,5.35,5.31,5.31,2005,0
INDIW.US,5,20211122,174000,5.3,5.3001,5.25,5.25,3760,0
INDIW.US,5,20211122,174500,5.19,5.22,5.18,5.21,2020,0
INDIW.US,5,20211122,175000,5.22,5.22,5.2,5.2,400,0
INDIW.US,5,20211122,175500,5.15,5.15,5.08,5.1,2275,0
INDIW.US,5,20211122,180000,5.17,5.17,5.15,5.15,3080,0
INDIW.US,5,20211122,180500,5.11,5.11,5.11,5.11,600,0
INDIW.US,5,20211122,181000,5.0601,5.13,5.0601,5.13,896,0
INDIW.US,5,20211122,181500,5.15,5.15,5.15,5.15,1800,0
INDIW.US,5,20211122,182000,5.15,5.15,5.09,5.12,1678,0
INDIW.US,5,20211122,182500,5.15,5.15,5.15,5.15,179,0
INDIW.US,5,20211122,183000,5.15,5.21,5.15,5.21,1850,0
INDIW.US,5,20211122,183500,5.1601,5.22,5.1601,5.22,1130,0
INDIW.US,5,20211122,184000,5.23,5.26,5.22,5.2499,1878,0
INDIW.US,5,20211122,184500,5.21,5.21,5.21,5.21,300,0
INDIW.US,5,20211122,185000,5.21,5.21,5.19,5.19,640,0
INDIW.US,5,20211122,185500,5.18,5.22,5.18,5.2,1810,0
INDIW.US,5,20211122,190000,5.16,5.16,5.16,5.16,110,0
INDIW.US,5,20211122,190500,5.15,5.15,5.14,5.14,1358,0
INDIW.US,5,20211122,191500,5.18,5.22,5.17,5.22,1294,0
INDIW.US,5,20211122,192000,5.2,5.2,5.2,5.2,100,0
INDIW.US,5,20211122,192500,5.21,5.21,5.2,5.2,554,0
INDIW.US,5,20211122,193500,5.21,5.21,5.21,5.21,288,0
INDIW.US,5,20211122,194000,5.22,5.22,5.22,5.22,220,0
INDIW.US,5,20211122,194500,5.2,5.2,5.2,5.2,110,0
INDIW.US,5,20211122,195000,5.2,5.21,5.2,5.2,3074,0
INDIW.US,5,20211122,195500,5.2,5.2,5.185,5.1999,4133,0
INDIW.US,5,20211122,200000,5.2,5.2,5.2,5.2,620,0
INDIW.US,5,20211122,200500,5.2,5.2,5.2,5.2,1097,0
INDIW.US,5,20211122,201000,5.195,5.195,5.195,5.195,178,0
INDIW.US,5,20211122,201500,5.2,5.2,5.2,5.2,820,0
INDIW.US,5,20211122,202000,5.2,5.2,5.2,5.2,767,0
INDIW.US,5,20211122,202500,5.2,5.2,5.2,5.2,830,0
INDIW.US,5,20211122,203000,5.2,5.2,5.2,5.2,210,0
INDIW.US,5,20211122,203500,5.2,5.21,5.2,5.21,530,0
INDIW.US,5,20211122,204500,5.21,5.21,5.2,5.21,418,0
INDIW.US,5,20211122,205000,5.21,5.22,5.2,5.2,673,0
INDIW.US,5,20211122,205500,5.21,5.21,5.21,5.21,154,0
INDIW.US,5,20211122,210000,5.2,5.22,5.2,5.22,468,0
INDIW.US,5,20211122,210500,5.22,5.22,5.22,5.22,110,0
INDIW.US,5,20211122,211000,5.22,5.22,5.19,5.21,1520,0
INDIW.US,5,20211122,211500,5.2,5.21,5.2,5.21,1795,0
INDIW.US,5,20211122,212000,5.2,5.2,5.2,5.2,1923,0
INDIW.US,5,20211122,212500,5.195,5.195,5.15,5.19,3498,0
INDIW.US,5,20211122,213000,5.15,5.2,5.15,5.15,3951,0
INDIW.US,5,20211122,213500,5.15,5.2,5.15,5.17,2177,0
INDIW.US,5,20211122,214000,5.16,5.16,5.12,5.12,3170,0
INDIW.US,5,20211122,214500,5.12,5.12,5.12,5.12,633,0
INDIW.US,5,20211122,215000,5.12,5.12,5.11,5.11,240957,0
INDIW.US,5,20211122,215500,5.1,5.1,5.05,5.08,2411,0
INDIW.US,5,20211123,153000,4.72,5.19,4.72,4.9,2407,0
INDIW.US,5,20211123,153500,4.83,4.83,4.65,4.65,2800,0
INDIW.US,5,20211123,154000,4.65,4.715,4.604,4.715,6600,0
INDIW.US,5,20211123,154500,4.735,4.735,4.7,4.7,400,0
INDIW.US,5,20211123,155000,4.69,4.69,4.67,4.67,10486,0
INDIW.US,5,20211123,155500,4.649,4.649,4.649,4.649,500,0
INDIW.US,5,20211123,160000,4.62,4.62,4.54,4.57,3470,0
INDIW.US,5,20211123,160500,4.53,4.53,4.52,4.52,200,0
INDIW.US,5,20211123,161000,4.5001,4.5001,4.5,4.5,4039,0
INDIW.US,5,20211123,161500,4.48,4.48,4.41,4.41,5036,0
INDIW.US,5,20211123,162000,4.43,4.5,4.41,4.46,28730,0
INDIW.US,5,20211123,162500,4.45,4.49,4.43,4.43,3658,0
INDIW.US,5,20211123,163000,4.4,4.435,4.3601,4.3601,7568,0
INDIW.US,5,20211123,164000,4.36,4.36,4.36,4.36,300,0
INDIW.US,5,20211123,164500,4.36,4.36,4.36,4.36,371,0
INDIW.US,5,20211123,165500,4.3501,4.3501,4.35,4.35,440,0
INDIW.US,5,20211123,170000,4.3201,4.3201,4.32,4.32,1150,0
INDIW.US,5,20211123,170500,4.3404,4.35,4.34,4.35,1216,0
INDIW.US,5,20211123,171000,4.4,4.43,4.4,4.43,1300,0
INDIW.US,5,20211123,171500,4.44,4.4626,4.44,4.44,1100,0
INDIW.US,5,20211123,172000,4.44,4.44,4.44,4.44,2032,0
INDIW.US,5,20211123,172500,4.44,4.44,4.44,4.44,413,0
INDIW.US,5,20211123,173000,4.48,4.48,4.47,4.47,600,0
INDIW.US,5,20211123,174000,4.48,4.48,4.41,4.41,1137,0
INDIW.US,5,20211123,174500,4.41,4.42,4.4,4.42,2000,0
INDIW.US,5,20211123,175000,4.48,4.49,4.42,4.47,3386,0
INDIW.US,5,20211123,181000,4.43,4.43,4.42,4.42,1002,0
INDIW.US,5,20211123,181500,4.41,4.41,4.41,4.41,500,0
INDIW.US,5,20211123,182000,4.38,4.39,4.21,4.29,11464,0
INDIW.US,5,20211123,182500,4.3,4.3,4.3,4.3,186,0
INDIW.US,5,20211123,183500,4.335,4.335,4.335,4.335,100,0
INDIW.US,5,20211123,184000,4.35,4.37,4.32,4.37,1050,0
INDIW.US,5,20211123,184500,4.36,4.36,4.36,4.36,300,0
INDIW.US,5,20211123,185500,4.4,4.41,4.4,4.41,420,0
INDIW.US,5,20211123,190000,4.41,4.45,4.41,4.45,3479,0
INDIW.US,5,20211123,191000,4.44,4.45,4.36,4.36,4394,0
INDIW.US,5,20211123,191500,4.36,4.36,4.36,4.36,107,0
INDIW.US,5,20211123,192500,4.4,4.42,4.4,4.41,1010,0
INDIW.US,5,20211123,193500,4.39,4.43,4.39,4.43,2160,0
INDIW.US,5,20211123,194000,4.38,4.38,4.37,4.38,961,0
INDIW.US,5,20211123,194500,4.36,4.37,4.36,4.37,210,0
INDIW.US,5,20211123,200000,4.29,4.29,4.29,4.29,100,0
INDIW.US,5,20211123,200500,4.29,4.29,4.25,4.25,1197,0
INDIW.US,5,20211123,201000,4.21,4.21,4.1999,4.1999,700,0
INDIW.US,5,20211123,201500,4.1847,4.1847,4.18,4.18,398,0
INDIW.US,5,20211123,202000,4.16,4.16,4.14,4.14,500,0
INDIW.US,5,20211123,203000,4.09,4.11,4.08,4.11,1950,0
INDIW.US,5,20211123,203500,4.1262,4.1262,4.1101,4.1101,1000,0
INDIW.US,5,20211123,204000,4.14,4.15,4.14,4.15,970,0
INDIW.US,5,20211123,204500,4.18,4.24,4.1765,4.24,4950,0
INDIW.US,5,20211123,205000,4.25,4.26,4.226,4.226,7100,0
INDIW.US,5,20211123,210000,4.25,4.33,4.25,4.33,1000,0
INDIW.US,5,20211123,210500,4.305,4.305,4.305,4.305,2500,0
INDIW.US,5,20211123,211500,4.32,4.33,4.32,4.33,550,0
INDIW.US,5,20211123,214000,4.31,4.31,4.31,4.31,273,0
INDIW.US,5,20211123,214500,4.32,4.32,4.32,4.32,410,0
INDIW.US,5,20211123,215000,4.31,4.31,4.25,4.25,8000,0
INDIW.US,5,20211123,215500,4.12,4.12,4.12,4.12,1608,0
INDIW.US,5,20211124,153000,4.12,4.12,4.12,4.12,220,0
INDIW.US,5,20211124,154500,4.14,4.14,4.14,4.14,120,0
INDIW.US,5,20211124,155000,4.1812,4.19,4.1812,4.1812,300,0
INDIW.US,5,20211124,155500,4.1701,4.1701,4.1701,4.1701,150,0
INDIW.US,5,20211124,160000,4.23,4.2798,4.21,4.21,1060,0
INDIW.US,5,20211124,161500,4.2098,4.21,4.2098,4.21,2000,0
INDIW.US,5,20211124,162500,4.18,4.18,4.18,4.18,356,0
INDIW.US,5,20211124,164000,4.15,4.15,4.14,4.14,5307,0
INDIW.US,5,20211124,164500,4.12,4.14,4.12,4.14,5346,0
INDIW.US,5,20211124,165000,4.14,4.14,4.14,4.14,2500,0
INDIW.US,5,20211124,165500,4.16,4.16,4.13,4.13,8916,0
INDIW.US,5,20211124,170000,4.12,4.12,4.08,4.1,3670,0
INDIW.US,5,20211124,171000,4.1,4.1,4.1,4.1,2790,0
INDIW.US,5,20211124,171500,4.0921,4.0921,4.0921,4.0921,250,0
INDIW.US,5,20211124,172500,4.09,4.09,4.09,4.09,3454,0
INDIW.US,5,20211124,173000,4.09,4.09,4.09,4.09,1996,0
INDIW.US,5,20211124,173500,4.0501,4.0501,4.05,4.05,950,0
INDIW.US,5,20211124,174500,4.09,4.09,4.09,4.09,967,0
INDIW.US,5,20211124,175000,4.09,4.09,4.09,4.09,1498,0
INDIW.US,5,20211124,175500,4.09,4.09,4.08,4.09,8098,0
INDIW.US,5,20211124,180000,4.09,4.14,4.09,4.13,2382,0
INDIW.US,5,20211124,180500,4.1301,4.14,4.13,4.13,2199,0
INDIW.US,5,20211124,181000,4.13,4.14,4.07,4.11,7910,0
INDIW.US,5,20211124,181500,4.12,4.12,4.12,4.12,1980,0
INDIW.US,5,20211124,182000,4.07,4.07,4.07,4.07,330,0
INDIW.US,5,20211124,182500,4.07,4.07,4.07,4.07,1000,0
INDIW.US,5,20211124,183000,4.07,4.07,4.07,4.07,1543,0
INDIW.US,5,20211124,183500,4.07,4.07,4.07,4.07,368,0
INDIW.US,5,20211124,185500,4.08,4.09,4.07,4.07,1404,0
INDIW.US,5,20211124,190000,4.09,4.09,4.09,4.09,2635,0
INDIW.US,5,20211124,191000,4.09,4.09,4.09,4.09,2678,0
INDIW.US,5,20211124,191500,4.09,4.09,4.09,4.09,2998,0
INDIW.US,5,20211124,192000,4.1,4.15,4.1,4.14,12602,0
INDIW.US,5,20211124,192500,4.14,4.14,4.1395,4.14,12476,0
INDIW.US,5,20211124,194000,4.14,4.14,4.14,4.14,890,0
INDIW.US,5,20211124,194500,4.14,4.14,4.14,4.14,2111,0
INDIW.US,5,20211124,195000,4.14,4.14,4.14,4.14,957,0
INDIW.US,5,20211124,195500,4.14,4.14,4.14,4.14,152,0
INDIW.US,5,20211124,200500,4.16,4.16,4.16,4.16,720,0
INDIW.US,5,20211124,201000,4.1004,4.14,4.09,4.14,1262,0
INDIW.US,5,20211124,201500,4.14,4.14,4.14,4.14,2628,0
INDIW.US,5,20211124,202000,4.14,4.14,4.14,4.14,406,0
INDIW.US,5,20211124,203500,4.13,4.14,4.13,4.14,3204,0
INDIW.US,5,20211124,204000,4.14,4.14,4.14,4.14,1487,0
INDIW.US,5,20211124,204500,4.14,4.15,4.14,4.15,793,0
INDIW.US,5,20211124,205000,4.14,4.14,4.14,4.14,2571,0
INDIW.US,5,20211124,205500,4.14,4.14,4.14,4.14,942,0
INDIW.US,5,20211124,210500,4.19,4.19,4.19,4.19,326,0
INDIW.US,5,20211124,211000,4.21,4.22,4.18,4.22,426,0
INDIW.US,5,20211124,211500,4.22,4.22,4.22,4.22,731,0
INDIW.US,5,20211124,212000,4.2006,4.2006,4.2006,4.2006,100,0
INDIW.US,5,20211124,214000,4.21,4.21,4.2,4.2,425,0
INDIW.US,5,20211124,214500,4.19,4.19,4.1,4.15,6759,0
INDIW.US,5,20211126,153000,3.91,4,3.81,4,8199,0
INDIW.US,5,20211126,153500,4.09,4.15,4.09,4.15,907,0
INDIW.US,5,20211126,154000,4.2,4.2,4.1706,4.19,700,0
INDIW.US,5,20211126,154500,4.2,4.2,4.1635,4.17,626,0
INDIW.US,5,20211126,155000,4.14,4.14,4.14,4.14,163,0
INDIW.US,5,20211126,160000,4.1279,4.1279,4.1279,4.1279,200,0
INDIW.US,5,20211126,161000,4.19,4.19,4.1,4.12,2725,0
INDIW.US,5,20211126,161500,4.1,4.1,4,4.07,1126,0
INDIW.US,5,20211126,162000,4.14,4.18,4.14,4.15,1164,0
INDIW.US,5,20211126,163000,4.19,4.2,4.14,4.2,3600,0
INDIW.US,5,20211126,163500,4.2,4.23,4.19,4.21,6000,0
INDIW.US,5,20211126,164500,4.22,4.22,4.22,4.22,100,0
INDIW.US,5,20211126,165000,4.19,4.29,4.19,4.27,5989,0
INDIW.US,5,20211126,165500,4.28,4.29,4.2601,4.29,2600,0
INDIW.US,5,20211126,170000,4.29,4.29,4.25,4.26,5663,0
INDIW.US,5,20211126,170500,4.23,4.29,4.23,4.29,3624,0
INDIW.US,5,20211126,171500,4.24,4.24,4.23,4.23,1977,0
INDIW.US,5,20211126,172000,4.19,4.19,4.18,4.18,283,0
INDIW.US,5,20211126,173000,4.18,4.18,4.18,4.18,121,0
INDIW.US,5,20211126,173500,4.23,4.23,4.23,4.23,163,0
INDIW.US,5,20211126,174000,4.31,4.31,4.31,4.31,163,0
INDIW.US,5,20211126,174500,4.28,4.29,4.2701,4.29,1250,0
INDIW.US,5,20211126,180000,4.31,4.31,4.3,4.3,450,0
INDIW.US,5,20211126,180500,4.32,4.33,4.32,4.33,588,0
INDIW.US,5,20211126,181000,4.3465,4.3465,4.33,4.34,1200,0
INDIW.US,5,20211126,183000,4.28,4.28,4.28,4.28,1800,0
INDIW.US,5,20211126,183500,4.3,4.3,4.3,4.3,200,0
INDIW.US,5,20211126,184000,4.29,4.29,4.29,4.29,163,0
INDIW.US,5,20211126,185000,4.31,4.31,4.28,4.28,626,0
INDIW.US,5,20211126,185500,4.3,4.3,4.3,4.3,563,0
INDIW.US,5,20211126,190000,4.3,4.3,4.3,4.3,267,0
INDIW.US,5,20211129,153000,4.3,4.5,4.3,4.36,2375,0
INDIW.US,5,20211129,153500,4.44,4.44,4.36,4.36,1289,0
INDIW.US,5,20211129,154500,4.34,4.34,4.28,4.28,1126,0
INDIW.US,5,20211129,155000,4.26,4.28,4.19,4.28,2925,0
INDIW.US,5,20211129,155500,4.28,4.3,4.28,4.28,2139,0
INDIW.US,5,20211129,160000,4.28,4.28,4.27,4.27,463,0
INDIW.US,5,20211129,160500,4.26,4.26,4.18,4.18,1826,0
INDIW.US,5,20211129,161000,4.21,4.21,4.21,4.21,932,0
INDIW.US,5,20211129,161500,4.17,4.17,4.17,4.17,11299,0
INDIW.US,5,20211129,162000,4.1799,4.18,4.1799,4.18,1400,0
INDIW.US,5,20211129,165500,4.23,4.26,4.2259,4.26,1363,0
INDIW.US,5,20211129,170000,4.26,4.27,4.2412,4.26,1351,0
INDIW.US,5,20211129,170500,4.26,4.27,4.23,4.26,1994,0
INDIW.US,5,20211129,171000,4.27,4.28,4.2635,4.2635,1006,0
INDIW.US,5,20211129,171500,4.28,4.28,4.28,4.28,200,0
INDIW.US,5,20211129,172000,4.29,4.29,4.29,4.29,600,0
INDIW.US,5,20211129,172500,4.29,4.29,4.27,4.2757,1176,0
INDIW.US,5,20211129,173000,4.29,4.29,4.29,4.29,463,0
INDIW.US,5,20211129,173500,4.28,4.29,4.28,4.29,362,0
INDIW.US,5,20211129,174000,4.3,4.33,4.3,4.33,1000,0
INDIW.US,5,20211129,174500,4.33,4.4,4.33,4.36,4070,0
INDIW.US,5,20211129,175000,4.37,4.44,4.37,4.44,3831,0
INDIW.US,5,20211129,175500,4.44,4.44,4.44,4.44,300,0
INDIW.US,5,20211129,180500,4.48,4.48,4.41,4.41,1344,0
INDIW.US,5,20211129,181000,4.37,4.37,4.37,4.37,200,0
INDIW.US,5,20211129,181500,4.36,4.39,4.35,4.36,2331,0
INDIW.US,5,20211129,182000,4.34,4.34,4.34,4.34,100,0
INDIW.US,5,20211129,182500,4.37,4.37,4.37,4.37,100,0
INDIW.US,5,20211129,183000,4.385,4.385,4.385,4.385,250,0
INDIW.US,5,20211129,183500,4.39,4.39,4.39,4.39,906,0
INDIW.US,5,20211129,184000,4.36,4.36,4.36,4.36,100,0
INDIW.US,5,20211129,185000,4.44,4.44,4.4001,4.4001,7637,0
INDIW.US,5,20211129,185500,4.45,4.455,4.45,4.45,2000,0
INDIW.US,5,20211129,190000,4.45,4.47,4.45,4.47,1377,0
INDIW.US,5,20211129,190500,4.48,4.5,4.48,4.48,2000,0
INDIW.US,5,20211129,191500,4.4106,4.4106,4.4106,4.4106,250,0
INDIW.US,5,20211129,192500,4.435,4.44,4.435,4.44,980,0
INDIW.US,5,20211129,193000,4.42,4.42,4.42,4.42,1025,0
INDIW.US,5,20211129,193500,4.4,4.43,4.4,4.43,1520,0
INDIW.US,5,20211129,194500,4.4,4.42,4.4,4.42,2296,0
INDIW.US,5,20211129,195500,4.43,4.43,4.43,4.43,100,0
INDIW.US,5,20211129,200000,4.44,4.44,4.44,4.44,500,0
INDIW.US,5,20211129,200500,4.44,4.44,4.44,4.44,626,0
INDIW.US,5,20211129,201000,4.43,4.45,4.43,4.45,2078,0
INDIW.US,5,20211129,201500,4.45,4.45,4.45,4.45,175,0
INDIW.US,5,20211129,202000,4.45,4.45,4.44,4.44,218,0
INDIW.US,5,20211129,202500,4.46,4.4635,4.42,4.44,5048,0
INDIW.US,5,20211129,203000,4.44,4.47,4.44,4.45,6999,0
INDIW.US,5,20211129,203500,4.44,4.44,4.43,4.44,1450,0
INDIW.US,5,20211129,204000,4.44,4.45,4.43,4.45,4305,0
INDIW.US,5,20211129,204500,4.45,4.45,4.45,4.45,1575,0
INDIW.US,5,20211129,205000,4.47,4.47,4.45,4.46,3929,0
INDIW.US,5,20211129,205500,4.46,4.46,4.46,4.46,851,0
INDIW.US,5,20211129,210000,4.46,4.46,4.42,4.42,2839,0
INDIW.US,5,20211129,210500,4.43,4.43,4.42,4.42,4396,0
INDIW.US,5,20211129,211000,4.45,4.46,4.45,4.46,601,0
INDIW.US,5,20211129,213000,4.46,4.46,4.43,4.43,401,0
INDIW.US,5,20211129,214000,4.47,4.51,4.46,4.51,26708,0
INDIW.US,5,20211129,214500,4.52,4.52,4.52,4.52,15100,0
INDIW.US,5,20211129,215000,4.57,4.66,4.57,4.65,13900,0
INDIW.US,5,20211129,215500,4.65,4.67,4.65,4.65,4657,0
INDIW.US,5,20211130,153000,4.65,4.65,4.65,4.65,879,0
INDIW.US,5,20211130,154500,4.59,4.59,4.5791,4.5791,400,0
INDIW.US,5,20211130,160000,4.58,4.58,4.57,4.57,1600,0
INDIW.US,5,20211130,160500,4.56,4.56,4.56,4.56,100,0
INDIW.US,5,20211130,161000,4.58,4.58,4.58,4.58,100,0
INDIW.US,5,20211130,162000,4.54,4.54,4.5,4.5,1600,0
INDIW.US,5,20211130,163000,4.53,4.53,4.53,4.53,500,0
INDIW.US,5,20211130,164500,4.44,4.44,4.41,4.43,18939,0
INDIW.US,5,20211130,165000,4.43,4.43,4.32,4.35,15333,0
INDIW.US,5,20211130,165500,4.37,4.37,4.37,4.37,1120,0
INDIW.US,5,20211130,170000,4.33,4.33,4.28,4.3,830,0
INDIW.US,5,20211130,170500,4.31,4.34,4.31,4.34,4433,0
INDIW.US,5,20211130,171000,4.28,4.32,4.28,4.31,1875,0
INDIW.US,5,20211130,171500,4.31,4.34,4.3,4.34,2066,0
INDIW.US,5,20211130,172000,4.34,4.34,4.26,4.26,2405,0
INDIW.US,5,20211130,172500,4.26,4.26,4.26,4.26,1000,0
INDIW.US,5,20211130,173000,4.29,4.29,4.25,4.26,1300,0
INDIW.US,5,20211130,173500,4.24,4.24,4.19,4.21,6200,0
INDIW.US,5,20211130,174500,4.2201,4.245,4.2201,4.245,1042,0
INDIW.US,5,20211130,175000,4.25,4.25,4.25,4.25,623,0
INDIW.US,5,20211130,181500,4.2476,4.2476,4.2476,4.2476,300,0
INDIW.US,5,20211130,183000,4.24,4.24,4.24,4.24,206,0
INDIW.US,5,20211130,184500,4.26,4.28,4.26,4.28,1100,0
INDIW.US,5,20211130,191000,4.24,4.24,4.23,4.23,200,0
INDIW.US,5,20211130,193000,4.22,4.22,4.22,4.22,500,0
INDIW.US,5,20211130,194000,4.29,4.29,4.29,4.29,100,0
INDIW.US,5,20211130,200000,4.29,4.29,4.29,4.29,100,0
INDIW.US,5,20211130,201500,4.299,4.299,4.299,4.299,300,0
INDIW.US,5,20211130,205500,4.36,4.4,4.36,4.4,2600,0
INDIW.US,5,20211130,210500,4.36,4.38,4.36,4.38,1100,0
INDIW.US,5,20211130,211000,4.39,4.4,4.37,4.37,1500,0
INDIW.US,5,20211130,212000,4.3509,4.38,4.34,4.38,500,0
INDIW.US,5,20211130,212500,4.4,4.41,4.4,4.41,553,0
INDIW.US,5,20211130,213000,4.42,4.44,4.4004,4.44,3800,0
INDIW.US,5,20211130,213500,4.42,4.42,4.41,4.41,300,0
INDIW.US,5,20211130,214000,4.418,4.418,4.418,4.418,500,0
INDIW.US,5,20211130,214500,4.3901,4.44,4.3901,4.44,1900,0
INDIW.US,5,20211130,215000,4.46,4.47,4.46,4.46,1000,0
INDIW.US,5,20211130,215500,4.49,4.52,4.49,4.52,1235,0
INDIW.US,5,20211201,153000,4.51,4.53,4.51,4.53,700,0
INDIW.US,5,20211201,153500,4.53,4.53,4.53,4.53,2792,0
INDIW.US,5,20211201,154500,4.53,4.53,4.52,4.52,5900,0
INDIW.US,5,20211201,155000,4.5,4.5,4.5,4.5,1305,0
INDIW.US,5,20211201,155500,4.52,4.53,4.49,4.53,17721,0
INDIW.US,5,20211201,160000,4.53,4.53,4.52,4.52,10010,0
INDIW.US,5,20211201,160500,4.52,4.53,4.52,4.52,4317,0
INDIW.US,5,20211201,161000,4.5,4.51,4.5,4.51,326,0
INDIW.US,5,20211201,161500,4.5,4.5,4.5,4.5,7200,0
INDIW.US,5,20211201,162000,4.49,4.53,4.49,4.53,19113,0
INDIW.US,5,20211201,163500,4.53,4.53,4.53,4.53,400,0
INDIW.US,5,20211201,164000,4.53,4.53,4.53,4.53,2600,0
INDIW.US,5,20211201,165000,4.54,4.54,4.53,4.53,500,0
INDIW.US,5,20211201,170500,4.63,4.93,4.63,4.82,7792,0
INDIW.US,5,20211201,171000,4.94,5.03,4.94,5.03,4872,0
INDIW.US,5,20211201,171500,5.03,5.09,5.02,5.08,19316,0
INDIW.US,5,20211201,172000,5.08,5.19,5.08,5.19,10650,0
INDIW.US,5,20211201,172500,5.19,5.28,5.19,5.24,9431,0
INDIW.US,5,20211201,173000,5.2201,5.3,5.17,5.3,8068,0
INDIW.US,5,20211201,173500,5.29,5.33,5.25,5.25,3668,0
INDIW.US,5,20211201,174000,5.35,5.38,5.34,5.35,962,0
INDIW.US,5,20211201,174500,5.34,5.34,5.22,5.23,8039,0
INDIW.US,5,20211201,175000,5.21,5.26,5.21,5.25,3852,0
INDIW.US,5,20211201,175500,5.3,5.3,5.15,5.21,2091,0
INDIW.US,5,20211201,180000,5.2,5.23,5.2,5.23,800,0
INDIW.US,5,20211201,180500,5.22,5.3,5.18,5.26,3716,0
INDIW.US,5,20211201,181000,5.29,5.37,5.29,5.36,5733,0
INDIW.US,5,20211201,181500,5.4,5.4,5.36,5.36,2100,0
INDIW.US,5,20211201,182000,5.34,5.4,5.34,5.4,5029,0
INDIW.US,5,20211201,182500,5.3912,5.3912,5.36,5.37,2199,0
INDIW.US,5,20211201,183000,5.4,5.48,5.39,5.48,4623,0
INDIW.US,5,20211201,183500,5.48,5.48,5.4001,5.45,5461,0
INDIW.US,5,20211201,184000,5.44,5.44,5.3801,5.41,2832,0
INDIW.US,5,20211201,184500,5.42,5.45,5.42,5.43,2002,0
INDIW.US,5,20211201,185500,5.35,5.35,5.31,5.31,1310,0
INDIW.US,5,20211201,190000,5.32,5.3299,5.2701,5.32,6559,0
INDIW.US,5,20211201,190500,5.28,5.28,5.22,5.22,4300,0
INDIW.US,5,20211201,191000,5.23,5.23,5.2,5.22,1800,0
INDIW.US,5,20211201,192500,5.2599,5.3,5.25,5.3,1467,0
INDIW.US,5,20211201,194500,5.2006,5.21,5.19,5.19,2000,0
INDIW.US,5,20211201,195000,5.22,5.22,5.2101,5.2101,600,0
INDIW.US,5,20211201,195500,5.26,5.26,5.26,5.26,167,0
INDIW.US,5,20211201,200000,5.23,5.23,5.15,5.1601,3511,0
INDIW.US,5,20211201,200500,5.15,5.1506,5.15,5.1502,1500,0
INDIW.US,5,20211201,201500,5.18,5.18,5.17,5.17,1216,0
INDIW.US,5,20211201,202000,5.145,5.15,5.145,5.15,1067,0
INDIW.US,5,20211201,202500,5.17,5.21,5.155,5.19,3850,0
INDIW.US,5,20211201,203000,5.19,5.19,5.19,5.19,200,0
INDIW.US,5,20211201,203500,5.21,5.21,5.2,5.2,782,0
INDIW.US,5,20211201,204500,5.1973,5.1973,5.19,5.1901,2000,0
INDIW.US,5,20211201,205000,5.19,5.19,5.17,5.17,2947,0
INDIW.US,5,20211201,205500,5.17,5.17,5.15,5.15,2550,0
INDIW.US,5,20211201,210000,5.135,5.135,5.1091,5.1091,1200,0
INDIW.US,5,20211201,210500,5.12,5.12,5.08,5.08,1100,0
INDIW.US,5,20211201,211000,5.1,5.11,5.0716,5.0716,800,0
INDIW.US,5,20211201,211500,5.08,5.085,5.0519,5.07,3756,0
INDIW.US,5,20211201,212000,5.04,5.05,4.99,4.99,2400,0
INDIW.US,5,20211201,212500,4.98,5.02,4.95,5.02,1825,0
INDIW.US,5,20211201,213000,4.95,4.95,4.92,4.92,600,0
INDIW.US,5,20211201,213500,4.9,4.9,4.88,4.895,1580,0
INDIW.US,5,20211201,214000,4.92,4.95,4.92,4.95,300,0
INDIW.US,5,20211201,215500,4.93,4.93,4.86,4.86,3997,0
INDIW.US,5,20211202,153000,4.86,4.95,4.86,4.86,635,0
INDIW.US,5,20211202,153500,4.71,4.71,4.71,4.71,4800,0
INDIW.US,5,20211202,154000,4.75,4.75,4.7426,4.7426,518,0
INDIW.US,5,20211202,155000,4.75,4.85,4.75,4.85,1640,0
INDIW.US,5,20211202,155500,4.88,4.88,4.88,4.88,700,0
INDIW.US,5,20211202,160500,4.8301,4.8301,4.83,4.83,292,0
INDIW.US,5,20211202,162000,4.67,4.67,4.67,4.67,1000,0
INDIW.US,5,20211202,163000,4.76,4.76,4.7482,4.76,1880,0
INDIW.US,5,20211202,163500,4.66,4.66,4.66,4.66,800,0
INDIW.US,5,20211202,164000,4.62,4.62,4.55,4.55,1600,0
INDIW.US,5,20211202,165000,4.55,4.55,4.51,4.51,1100,0
INDIW.US,5,20211202,165500,4.49,4.49,4.47,4.4703,1150,0
INDIW.US,5,20211202,170000,4.5,4.5,4.47,4.47,300,0
INDIW.US,5,20211202,171000,4.56,4.56,4.56,4.56,400,0
INDIW.US,5,20211202,171500,4.58,4.58,4.54,4.54,700,0
INDIW.US,5,20211202,172000,4.59,4.59,4.59,4.59,400,0
INDIW.US,5,20211202,172500,4.57,4.57,4.57,4.57,300,0
INDIW.US,5,20211202,173000,4.57,4.57,4.5,4.5299,925,0
INDIW.US,5,20211202,174000,4.56,4.57,4.56,4.57,500,0
INDIW.US,5,20211202,174500,4.56,4.56,4.54,4.54,300,0
INDIW.US,5,20211202,175000,4.56,4.56,4.55,4.55,500,0
INDIW.US,5,20211202,180000,4.64,4.65,4.63,4.65,1300,0
INDIW.US,5,20211202,181000,4.7,4.7013,4.68,4.7013,1360,0
INDIW.US,5,20211202,181500,4.73,4.74,4.73,4.74,1300,0
INDIW.US,5,20211202,182000,4.76,4.76,4.74,4.74,472,0
INDIW.US,5,20211202,182500,4.73,4.74,4.69,4.69,850,0
INDIW.US,5,20211202,183500,4.66,4.67,4.66,4.67,500,0
INDIW.US,5,20211202,184000,4.7,4.7,4.7,4.7,200,0
INDIW.US,5,20211202,184500,4.7,4.7,4.68,4.69,600,0
INDIW.US,5,20211202,185000,4.73,4.73,4.68,4.68,400,0
INDIW.US,5,20211202,185500,4.67,4.67,4.65,4.65,1100,0
INDIW.US,5,20211202,190000,4.63,4.63,4.63,4.63,300,0
INDIW.US,5,20211202,190500,4.62,4.62,4.62,4.62,1700,0
INDIW.US,5,20211202,191000,4.62,4.62,4.62,4.62,200,0
INDIW.US,5,20211202,191500,4.63,4.63,4.63,4.63,100,0
INDIW.US,5,20211202,192000,4.62,4.62,4.5841,4.5841,2466,0
INDIW.US,5,20211202,192500,4.575,4.575,4.55,4.55,4145,0
INDIW.US,5,20211202,193000,4.53,4.54,4.5,4.54,1746,0
INDIW.US,5,20211202,193500,4.54,4.54,4.53,4.53,500,0
INDIW.US,5,20211202,194000,4.58,4.59,4.5701,4.5701,1000,0
INDIW.US,5,20211202,194500,4.551,4.551,4.54,4.54,1300,0
INDIW.US,5,20211202,195000,4.5561,4.5736,4.5561,4.57,4911,0
INDIW.US,5,20211202,195500,4.58,4.5802,4.57,4.57,2536,0
INDIW.US,5,20211202,200000,4.61,4.62,4.61,4.62,500,0
INDIW.US,5,20211202,200500,4.61,4.61,4.6,4.61,600,0
INDIW.US,5,20211202,201500,4.64,4.68,4.64,4.66,1900,0
INDIW.US,5,20211202,202000,4.66,4.6601,4.66,4.6601,1074,0
INDIW.US,5,20211202,202500,4.66,4.66,4.66,4.66,600,0
INDIW.US,5,20211202,203000,4.65,4.74,4.6,4.74,4562,0
INDIW.US,5,20211202,203500,4.7,4.7,4.65,4.68,3456,0
INDIW.US,5,20211202,204000,4.6716,4.68,4.65,4.68,1500,0
INDIW.US,5,20211202,204500,4.65,4.65,4.65,4.65,2873,0
INDIW.US,5,20211202,205000,4.65,4.65,4.65,4.65,990,0
INDIW.US,5,20211202,205500,4.65,4.66,4.65,4.65,5557,0
INDIW.US,5,20211202,210000,4.6569,4.665,4.6569,4.66,3100,0
INDIW.US,5,20211202,210500,4.665,4.72,4.665,4.7,2968,0
INDIW.US,5,20211202,211500,4.69,4.69,4.69,4.69,200,0
INDIW.US,5,20211202,212000,4.73,4.73,4.71,4.73,600,0
INDIW.US,5,20211202,212500,4.74,4.74,4.74,4.74,231,0
INDIW.US,5,20211202,213000,4.74,4.75,4.74,4.75,830,0
INDIW.US,5,20211202,213500,4.745,4.75,4.745,4.75,200,0
INDIW.US,5,20211202,214000,4.764,4.7701,4.764,4.77,1000,0
INDIW.US,5,20211202,214500,4.76,4.76,4.76,4.76,100,0
INDIW.US,5,20211202,215000,4.77,4.77,4.71,4.7106,900,0
INDIW.US,5,20211202,215500,4.74,4.74,4.71,4.73,1934,0
INDIW.US,5,20211203,153000,4.62,4.75,4.62,4.75,2993,0
INDIW.US,5,20211203,153500,4.8,4.8001,4.8,4.8001,1760,0
INDIW.US,5,20211203,154000,4.8,4.8,4.8,4.8,2950,0
INDIW.US,5,20211203,154500,4.8,4.8,4.79,4.79,1670,0
INDIW.US,5,20211203,155000,4.75,4.75,4.66,4.66,1400,0
INDIW.US,5,20211203,155500,4.65,4.66,4.64,4.64,7150,0
INDIW.US,5,20211203,160000,4.61,4.62,4.57,4.62,1408,0
INDIW.US,5,20211203,160500,4.59,4.59,4.54,4.54,4123,0
INDIW.US,5,20211203,161000,4.51,4.5403,4.5,4.52,16691,0
INDIW.US,5,20211203,161500,4.51,4.55,4.5,4.55,7667,0
INDIW.US,5,20211203,162000,4.55,4.6,4.55,4.6,2954,0
INDIW.US,5,20211203,162500,4.66,4.66,4.66,4.66,200,0
INDIW.US,5,20211203,163000,4.62,4.62,4.62,4.62,396,0
INDIW.US,5,20211203,164000,4.6,4.6,4.55,4.56,1480,0
INDIW.US,5,20211203,164500,4.55,4.55,4.52,4.53,1408,0
INDIW.US,5,20211203,165000,4.555,4.58,4.555,4.58,558,0
INDIW.US,5,20211203,165500,4.64,4.64,4.63,4.63,922,0
INDIW.US,5,20211203,170000,4.63,4.65,4.62,4.62,1157,0
INDIW.US,5,20211203,171000,4.61,4.61,4.61,4.61,200,0
INDIW.US,5,20211203,172000,4.63,4.63,4.63,4.63,100,0
INDIW.US,5,20211203,172500,4.62,4.63,4.6,4.6,462,0
INDIW.US,5,20211203,173000,4.67,4.67,4.65,4.65,700,0
INDIW.US,5,20211203,173500,4.64,4.64,4.64,4.64,161,0
INDIW.US,5,20211203,174500,4.54,4.54,4.44,4.46,16948,0
INDIW.US,5,20211203,175000,4.47,4.47,4.42,4.43,2861,0
INDIW.US,5,20211203,175500,4.42,4.42,4.39,4.4,3700,0
INDIW.US,5,20211203,180000,4.38,4.38,4.34,4.34,1000,0
INDIW.US,5,20211203,180500,4.3,4.32,4.3,4.32,5362,0
INDIW.US,5,20211203,181000,4.376,4.38,4.26,4.26,6716,0
INDIW.US,5,20211203,181500,4.32,4.32,4.32,4.32,3150,0
INDIW.US,5,20211203,182000,4.33,4.33,4.33,4.33,800,0
INDIW.US,5,20211203,182500,4.32,4.32,4.32,4.32,1275,0
INDIW.US,5,20211203,183000,4.22,4.23,4.22,4.23,200,0
INDIW.US,5,20211203,185000,4.247,4.247,4.24,4.24,690,0
INDIW.US,5,20211203,190000,4.3143,4.3143,4.3143,4.3143,1000,0
INDIW.US,5,20211203,191000,4.31,4.31,4.31,4.31,200,0
INDIW.US,5,20211203,192000,4.31,4.31,4.31,4.31,100,0
INDIW.US,5,20211203,193000,4.3301,4.3301,4.3301,4.3301,500,0
INDIW.US,5,20211203,193500,4.35,4.35,4.35,4.35,110,0
INDIW.US,5,20211203,201000,4.3,4.3,4.3,4.3,925,0
INDIW.US,5,20211203,202000,4.2401,4.26,4.2401,4.26,350,0
INDIW.US,5,20211203,203000,4.26,4.26,4.26,4.26,100,0
INDIW.US,5,20211203,203500,4.25,4.25,4.24,4.24,1700,0
INDIW.US,5,20211203,204000,4.24,4.24,4.24,4.24,890,0
INDIW.US,5,20211203,204500,4.2204,4.2204,4.22,4.22,200,0
INDIW.US,5,20211203,205500,4.21,4.21,4.21,4.21,250,0
INDIW.US,5,20211203,210000,4.2,4.2,4.13,4.13,2300,0
INDIW.US,5,20211203,210500,4.19,4.19,4.19,4.19,2000,0
INDIW.US,5,20211203,211500,4.19,4.19,4.19,4.19,100,0
INDIW.US,5,20211203,212500,4.2,4.2001,4.2,4.2,1250,0
INDIW.US,5,20211203,213000,4.2,4.2,4.2,4.2,300,0
INDIW.US,5,20211203,214500,4.2,4.2,4.1899,4.19,1221,0
INDIW.US,5,20211203,215000,4.19,4.21,4.19,4.2,1990,0
INDIW.US,5,20211203,215500,4.23,4.23,4.23,4.23,2926,0
INDIW.US,5,20211206,153000,4.08,4.1,3.715,3.715,7883,0
INDIW.US,5,20211206,153500,3.69,3.69,3.51,3.59,3200,0
INDIW.US,5,20211206,154000,3.66,3.67,3.651,3.67,1904,0
INDIW.US,5,20211206,154500,3.68,3.68,3.68,3.68,1100,0
INDIW.US,5,20211206,155000,3.78,3.78,3.72,3.72,1278,0
INDIW.US,5,20211206,155500,3.7,3.7,3.67,3.67,854,0
INDIW.US,5,20211206,160000,3.77,3.79,3.77,3.79,1337,0
INDIW.US,5,20211206,160500,3.7501,3.78,3.7501,3.78,300,0
INDIW.US,5,20211206,161500,3.8,3.85,3.8,3.85,4328,0
INDIW.US,5,20211206,162000,3.8299,3.86,3.8299,3.86,1472,0
INDIW.US,5,20211206,162500,3.9,3.93,3.88,3.93,2201,0
INDIW.US,5,20211206,163000,3.95,3.95,3.95,3.95,195,0
INDIW.US,5,20211206,164000,3.92,3.92,3.91,3.91,4497,0
INDIW.US,5,20211206,165000,3.83,3.83,3.83,3.83,1000,0
INDIW.US,5,20211206,165500,3.82,3.83,3.82,3.83,1000,0
INDIW.US,5,20211206,170500,3.85,3.94,3.85,3.94,1900,0
INDIW.US,5,20211206,171000,3.86,3.86,3.85,3.85,300,0
INDIW.US,5,20211206,172000,3.85,3.8503,3.85,3.85,1850,0
INDIW.US,5,20211206,172500,3.88,3.88,3.87,3.88,2072,0
INDIW.US,5,20211206,173500,3.99,3.99,3.98,3.98,200,0
INDIW.US,5,20211206,174000,4,4,3.99,3.99,312,0
INDIW.US,5,20211206,182500,4.04,4.04,4.04,4.04,100,0
INDIW.US,5,20211206,183000,4.06,4.06,4.03,4.06,3246,0
INDIW.US,5,20211206,185500,4.0891,4.0891,4.0891,4.0891,245,0
INDIW.US,5,20211206,190500,4.0401,4.0401,4.0401,4.0401,400,0
INDIW.US,5,20211206,192500,4.07,4.1,4.07,4.09,1363,0
INDIW.US,5,20211206,193500,4.1,4.1,4.1,4.1,1618,0
INDIW.US,5,20211206,202000,4.13,4.13,4.13,4.13,150,0
INDIW.US,5,20211206,202500,4.12,4.13,4.12,4.13,800,0
INDIW.US,5,20211206,203500,4.08,4.08,4.08,4.08,1000,0
INDIW.US,5,20211206,205500,4.08,4.08,4.08,4.08,2600,0
INDIW.US,5,20211206,210000,4.04,4.04,4.04,4.04,343,0
INDIW.US,5,20211206,211500,4.06,4.06,4.0101,4.0101,1800,0
INDIW.US,5,20211206,214000,4.06,4.06,4.06,4.06,800,0
INDIW.US,5,20211206,214500,4.06,4.06,4.06,4.06,200,0
INDIW.US,5,20211206,215500,4.07,4.12,4.045,4.12,1900,0
INDIW.US,5,20211207,153000,4.2,4.35,4.2,4.35,3144,0
INDIW.US,5,20211207,153500,4.43,4.46,4.43,4.45,1892,0
INDIW.US,5,20211207,154000,4.43,4.44,4.43,4.44,591,0
INDIW.US,5,20211207,154500,4.38,4.38,4.38,4.38,930,0
INDIW.US,5,20211207,155000,4.39,4.41,4.38,4.41,1600,0
INDIW.US,5,20211207,155500,4.34,4.35,4.25,4.25,3100,0
INDIW.US,5,20211207,160000,4.41,4.55,4.41,4.52,3384,0
INDIW.US,5,20211207,160500,4.55,4.62,4.55,4.62,300,0
INDIW.US,5,20211207,161000,4.6,4.6,4.57,4.6,2700,0
INDIW.US,5,20211207,161500,4.55,4.55,4.39,4.52,1500,0
INDIW.US,5,20211207,162000,4.5206,4.53,4.5206,4.53,2540,0
INDIW.US,5,20211207,163000,4.5,4.56,4.5,4.56,6923,0
INDIW.US,5,20211207,163500,4.55,4.57,4.53,4.57,1448,0
INDIW.US,5,20211207,164000,4.56,4.5766,4.56,4.5766,1500,0
INDIW.US,5,20211207,172000,4.5104,4.5104,4.5104,4.5104,400,0
INDIW.US,5,20211207,173000,4.47,4.47,4.47,4.47,500,0
INDIW.US,5,20211207,174500,4.525,4.525,4.52,4.52,1304,0
INDIW.US,5,20211207,175000,4.51,4.51,4.49,4.49,733,0
INDIW.US,5,20211207,175500,4.52,4.52,4.52,4.52,100,0
INDIW.US,5,20211207,180000,4.5,4.55,4.5,4.55,600,0
INDIW.US,5,20211207,180500,4.54,4.54,4.54,4.54,200,0
INDIW.US,5,20211207,181000,4.52,4.52,4.52,4.52,100,0
INDIW.US,5,20211207,192500,4.57,4.57,4.56,4.56,366,0
INDIW.US,5,20211207,194000,4.5701,4.59,4.5701,4.58,750,0
INDIW.US,5,20211207,195000,4.5852,4.5852,4.5852,4.5852,100,0
INDIW.US,5,20211207,200000,4.59,4.59,4.59,4.59,200,0
INDIW.US,5,20211207,200500,4.5789,4.62,4.575,4.575,3147,0
INDIW.US,5,20211207,202500,4.57,4.57,4.57,4.57,4000,0
INDIW.US,5,20211207,211000,4.56,4.56,4.55,4.55,1246,0
INDIW.US,5,20211207,211500,4.53,4.53,4.53,4.53,300,0
INDIW.US,5,20211207,212000,4.58,4.58,4.58,4.58,104,0
INDIW.US,5,20211207,213000,4.55,4.55,4.49,4.49,2527,0
INDIW.US,5,20211207,213500,4.51,4.51,4.4611,4.4611,405,0
INDIW.US,5,20211207,214000,4.57,4.57,4.57,4.57,200,0
INDIW.US,5,20211207,215500,4.55,4.5702,4.55,4.5702,1490,0
INDIW.US,5,20211208,153000,4.8,4.8,4.7034,4.7034,3000,0
INDIW.US,5,20211208,154500,4.77,4.78,4.77,4.78,500,0
INDIW.US,5,20211208,155000,4.82,4.82,4.74,4.74,800,0
INDIW.US,5,20211208,160000,4.75,4.75,4.75,4.75,2450,0
INDIW.US,5,20211208,160500,4.75,4.75,4.71,4.75,2500,0
INDIW.US,5,20211208,162000,4.82,4.87,4.82,4.87,1877,0
INDIW.US,5,20211208,163500,4.9,4.94,4.89,4.89,2781,0
INDIW.US,5,20211208,164000,4.94,4.95,4.94,4.95,896,0
INDIW.US,5,20211208,164500,4.96,4.96,4.92,4.92,652,0
INDIW.US,5,20211208,170000,4.87,4.87,4.87,4.87,2000,0
INDIW.US,5,20211208,171000,4.9206,4.96,4.9206,4.96,925,0
INDIW.US,5,20211208,171500,4.97,4.99,4.93,4.99,2400,0
INDIW.US,5,20211208,173500,4.98,5,4.98,5,4289,0
INDIW.US,5,20211208,174000,5.03,5.05,5,5.03,3860,0
INDIW.US,5,20211208,174500,5.03,5.03,5.03,5.03,1000,0
INDIW.US,5,20211208,175000,5.05,5.06,5.0449,5.0449,2996,0
INDIW.US,5,20211208,175500,5.06,5.09,5.06,5.09,1096,0
INDIW.US,5,20211208,180000,5.1,5.1,5.1,5.1,100,0
INDIW.US,5,20211208,180500,5.14,5.27,5.14,5.27,8249,0
INDIW.US,5,20211208,181000,5.25,5.26,5.18,5.26,4238,0
INDIW.US,5,20211208,181500,5.24,5.24,5.24,5.24,308,0
INDIW.US,5,20211208,182500,5.24,5.28,5.24,5.25,1943,0
INDIW.US,5,20211208,183000,5.2601,5.2601,5.22,5.22,831,0
INDIW.US,5,20211208,183500,5.23,5.2301,5.18,5.22,6200,0
INDIW.US,5,20211208,184500,5.23,5.24,5.22,5.22,1705,0
INDIW.US,5,20211208,185000,5.19,5.19,5.18,5.18,1250,0
INDIW.US,5,20211208,185500,5.19,5.19,5.19,5.19,1000,0
INDIW.US,5,20211208,191000,5.25,5.25,5.25,5.25,700,0
INDIW.US,5,20211208,191500,5.25,5.26,5.25,5.26,588,0
INDIW.US,5,20211208,192000,5.27,5.27,5.2,5.2,454,0
INDIW.US,5,20211208,192500,5.2,5.2,5.1936,5.1936,2700,0
INDIW.US,5,20211208,193000,5.175,5.2,5.175,5.2,780,0
INDIW.US,5,20211208,194500,5.2,5.2,5.2,5.2,300,0
INDIW.US,5,20211208,195500,5.26,5.26,5.26,5.26,100,0
INDIW.US,5,20211208,200000,5.28,5.36,5.28,5.36,20434,0
INDIW.US,5,20211208,200500,5.37,5.38,5.37,5.38,9981,0
INDIW.US,5,20211208,201000,5.38,5.38,5.38,5.38,4566,0
INDIW.US,5,20211208,201500,5.38,5.38,5.38,5.38,5418,0
INDIW.US,5,20211208,202000,5.39,5.42,5.39,5.42,3282,0
INDIW.US,5,20211208,203000,5.3606,5.3606,5.3606,5.3606,100,0
INDIW.US,5,20211208,204000,5.35,5.35,5.35,5.35,1000,0
INDIW.US,5,20211208,210500,5.34,5.34,5.29,5.29,6930,0
INDIW.US,5,20211208,211000,5.26,5.28,5.24,5.24,9773,0
INDIW.US,5,20211208,211500,5.2999,5.2999,5.2999,5.2999,100,0
INDIW.US,5,20211208,212000,5.2992,5.3,5.2992,5.3,744,0
INDIW.US,5,20211208,212500,5.29,5.29,5.28,5.28,5790,0
INDIW.US,5,20211208,213500,5.3494,5.3494,5.3494,5.3494,400,0
INDIW.US,5,20211208,214500,5.2761,5.2761,5.2761,5.2761,500,0
INDIW.US,5,20211208,215500,5.35,5.37,5.35,5.37,1072,0
INDIW.US,5,20211209,153000,5.39,5.45,5.39,5.45,2864,0
INDIW.US,5,20211209,153500,5.4,5.4,5.4,5.4,400,0
INDIW.US,5,20211209,154000,5.45,5.47,5.41,5.47,26692,0
INDIW.US,5,20211209,155000,5.4425,5.45,5.4425,5.45,200,0
INDIW.US,5,20211209,155500,5.47,5.52,5.47,5.505,5739,0
INDIW.US,5,20211209,160000,5.56,5.7,5.55,5.7,5709,0
INDIW.US,5,20211209,160500,5.63,5.7,5.615,5.65,9908,0
INDIW.US,5,20211209,161000,5.6011,5.63,5.56,5.63,2798,0
INDIW.US,5,20211209,161500,5.635,5.7,5.635,5.68,7800,0
INDIW.US,5,20211209,162000,5.6925,5.6925,5.6925,5.6925,860,0
INDIW.US,5,20211209,163000,5.5501,5.5501,5.5501,5.5501,1000,0
INDIW.US,5,20211209,163500,5.6,5.6,5.55,5.56,1429,0
INDIW.US,5,20211209,164000,5.5302,5.56,5.5302,5.56,450,0
INDIW.US,5,20211209,164500,5.6,5.6,5.51,5.51,1184,0
INDIW.US,5,20211209,165500,5.5,5.54,5.5,5.54,600,0
INDIW.US,5,20211209,170000,5.55,5.55,5.55,5.55,702,0
INDIW.US,5,20211209,171500,5.49,5.5,5.49,5.5,1868,0
INDIW.US,5,20211209,173000,5.5101,5.53,5.5101,5.52,400,0
INDIW.US,5,20211209,173500,5.49,5.49,5.47,5.47,337,0
INDIW.US,5,20211209,174500,5.45,5.45,5.45,5.45,900,0
INDIW.US,5,20211209,180000,5.45,5.45,5.45,5.45,161,0
INDIW.US,5,20211209,181000,5.45,5.45,5.45,5.45,1500,0
INDIW.US,5,20211209,182000,5.49,5.49,5.49,5.49,500,0
INDIW.US,5,20211209,182500,5.5,5.5,5.48,5.48,300,0
INDIW.US,5,20211209,184000,5.49,5.49,5.46,5.47,700,0
INDIW.US,5,20211209,184500,5.53,5.55,5.53,5.55,1300,0
INDIW.US,5,20211209,190500,5.53,5.53,5.5,5.5,1902,0
INDIW.US,5,20211209,191500,5.46,5.49,5.46,5.486,14722,0
INDIW.US,5,20211209,192000,5.475,5.51,5.47,5.47,5833,0
INDIW.US,5,20211209,193500,5.46,5.56,5.45,5.49,21294,0
INDIW.US,5,20211209,195000,5.48,5.48,5.48,5.48,1000,0
INDIW.US,5,20211209,200000,5.46,5.46,5.46,5.46,100,0
INDIW.US,5,20211209,200500,5.46,5.46,5.45,5.45,2434,0
INDIW.US,5,20211209,202000,5.4,5.4,5.4,5.4,2988,0
INDIW.US,5,20211209,203500,5.36,5.36,5.28,5.28,12863,0
INDIW.US,5,20211209,204000,5.3201,5.3201,5.32,5.32,11960,0
INDIW.US,5,20211209,210000,5.3201,5.3201,5.3201,5.3201,1000,0
INDIW.US,5,20211209,210500,5.32,5.3201,5.29,5.29,1200,0
INDIW.US,5,20211209,211000,5.28,5.28,5.25,5.2547,10000,0
INDIW.US,5,20211209,211500,5.28,5.3227,5.28,5.31,4561,0
INDIW.US,5,20211209,212000,5.31,5.31,5.31,5.31,2635,0
INDIW.US,5,20211209,213500,5.31,5.31,5.31,5.31,200,0
INDIW.US,5,20211209,215000,5.34,5.35,5.34,5.35,996,0
INDIW.US,5,20211209,215500,5.35,5.35,5.34,5.35,500,0
INDIW.US,5,20211210,153000,5.06,5.06,4.55,4.7,13833,0
INDIW.US,5,20211210,153500,4.5,4.53,4.35,4.35,2800,0
INDIW.US,5,20211210,154000,4.37,4.4,4.36,4.36,1400,0
INDIW.US,5,20211210,154500,4.31,4.31,4.29,4.2983,13774,0
INDIW.US,5,20211210,155000,4.27,4.29,4.22,4.22,3142,0
INDIW.US,5,20211210,155500,4.23,4.25,4.19,4.25,3640,0
INDIW.US,5,20211210,160000,4.2799,4.31,4.26,4.3,1270,0
INDIW.US,5,20211210,160500,4.35,4.36,4.35,4.36,1300,0
INDIW.US,5,20211210,161000,4.31,4.31,4.2,4.2,2650,0
INDIW.US,5,20211210,161500,4.2,4.2,4.1605,4.2,5050,0
INDIW.US,5,20211210,162500,4.265,4.265,4.265,4.265,115,0
INDIW.US,5,20211210,163000,4.24,4.24,4.2,4.2,310,0
INDIW.US,5,20211210,163500,4.19,4.19,4.04,4.04,6701,0
INDIW.US,5,20211210,164000,4.01,4.01,3.86,3.87,8727,0
INDIW.US,5,20211210,164500,3.86,3.86,3.81,3.81,4600,0
INDIW.US,5,20211210,165000,3.81,3.83,3.76,3.76,8405,0
INDIW.US,5,20211210,165500,3.77,3.77,3.77,3.77,832,0
INDIW.US,5,20211210,170000,3.83,3.85,3.81,3.81,1319,0
INDIW.US,5,20211210,170500,3.85,3.86,3.81,3.86,8261,0
INDIW.US,5,20211210,171000,3.85,3.86,3.76,3.81,12532,0
INDIW.US,5,20211210,171500,3.8,3.81,3.8,3.81,1600,0
INDIW.US,5,20211210,172000,3.79,3.81,3.75,3.77,5928,0
INDIW.US,5,20211210,172500,3.78,3.85,3.78,3.85,12424,0
INDIW.US,5,20211210,173000,3.84,3.88,3.825,3.88,18644,0
INDIW.US,5,20211210,173500,3.83,3.89,3.83,3.845,16818,0
INDIW.US,5,20211210,174000,3.83,3.84,3.83,3.84,2700,0
INDIW.US,5,20211210,174500,3.85,3.85,3.8,3.82,8182,0
INDIW.US,5,20211210,175000,3.82,3.8399,3.8,3.81,23000,0
INDIW.US,5,20211210,175500,3.8073,3.88,3.8,3.87,19378,0
INDIW.US,5,20211210,180000,3.87,3.87,3.84,3.84,4498,0
INDIW.US,5,20211210,180500,3.83,3.855,3.82,3.83,900,0
INDIW.US,5,20211210,181000,3.84,3.84,3.81,3.82,4130,0
INDIW.US,5,20211210,181500,3.83,3.85,3.83,3.85,4100,0
INDIW.US,5,20211210,182000,3.82,3.82,3.8,3.8,4760,0
INDIW.US,5,20211210,182500,3.8,3.82,3.8,3.81,8500,0
INDIW.US,5,20211210,183000,3.81,3.89,3.8,3.8,9372,0
INDIW.US,5,20211210,183500,3.8,3.87,3.8,3.8003,4205,0
INDIW.US,5,20211210,184000,3.8003,3.81,3.8003,3.81,440,0
INDIW.US,5,20211210,184500,3.81,3.85,3.81,3.85,650,0
INDIW.US,5,20211210,185000,3.82,3.9099,3.82,3.9099,7615,0
INDIW.US,5,20211210,185500,3.84,3.86,3.83,3.83,2634,0
INDIW.US,5,20211210,190000,3.81,3.83,3.81,3.83,1500,0
INDIW.US,5,20211210,190500,3.89,3.89,3.89,3.89,1500,0
INDIW.US,5,20211210,191000,3.855,3.855,3.855,3.855,514,0
INDIW.US,5,20211210,191500,3.85,3.85,3.85,3.85,2000,0
INDIW.US,5,20211210,192000,3.85,3.87,3.85,3.86,1700,0
INDIW.US,5,20211210,193000,3.8,3.8,3.8,3.8,9922,0
INDIW.US,5,20211210,193500,3.82,3.82,3.74,3.7738,59911,0
INDIW.US,5,20211210,194000,3.78,3.78,3.7201,3.7201,9999,0
INDIW.US,5,20211210,194500,3.79,3.8,3.74,3.79,21029,0
INDIW.US,5,20211210,195500,3.8057,3.8186,3.8,3.8,2816,0
INDIW.US,5,20211210,200000,3.77,3.77,3.77,3.77,800,0
INDIW.US,5,20211210,200500,3.77,3.77,3.75,3.7599,10779,0
INDIW.US,5,20211210,201000,3.7476,3.7476,3.7476,3.7476,100,0
INDIW.US,5,20211210,201500,3.76,3.76,3.74,3.75,3052,0
INDIW.US,5,20211210,202000,3.75,3.75,3.725,3.74,2812,0
INDIW.US,5,20211210,202500,3.75,3.75,3.75,3.75,990,0
INDIW.US,5,20211210,203000,3.7699,3.7699,3.74,3.74,2235,0
INDIW.US,5,20211210,203500,3.74,3.7697,3.74,3.7697,2050,0
INDIW.US,5,20211210,204000,3.77,3.77,3.76,3.76,3155,0
INDIW.US,5,20211210,205500,3.8,3.8,3.8,3.8,104,0
INDIW.US,5,20211210,210000,3.85,3.91,3.8495,3.8799,18610,0
INDIW.US,5,20211210,211000,3.85,3.8899,3.85,3.8899,5700,0
INDIW.US,5,20211210,211500,3.9,3.91,3.8856,3.8856,3100,0
INDIW.US,5,20211210,212000,3.8852,3.91,3.8852,3.91,11166,0
INDIW.US,5,20211210,212500,3.9,3.91,3.86,3.86,1700,0
INDIW.US,5,20211210,213500,3.8707,3.885,3.84,3.84,2300,0
INDIW.US,5,20211210,214000,3.84,3.8403,3.82,3.8208,4800,0
INDIW.US,5,20211210,214500,3.81,3.81,3.81,3.81,200,0
INDIW.US,5,20211210,215000,3.855,3.855,3.855,3.855,250,0
INDIW.US,5,20211210,215500,3.87,3.87,3.87,3.87,100,0
INDIW.US,5,20211213,153000,4.07,4.07,3.9,3.9,4102,0
INDIW.US,5,20211213,153500,3.87,3.92,3.87,3.92,250,0
INDIW.US,5,20211213,154000,3.9,3.9,3.9,3.9,200,0
INDIW.US,5,20211213,155500,3.91,3.91,3.91,3.91,188,0
INDIW.US,5,20211213,161000,3.8301,3.8301,3.8301,3.8301,200,0
INDIW.US,5,20211213,162000,3.8101,3.8101,3.8101,3.8101,150,0
INDIW.US,5,20211213,163000,3.8,3.8,3.8,3.8,5936,0
INDIW.US,5,20211213,163500,3.88,3.88,3.88,3.88,909,0
INDIW.US,5,20211213,164000,3.845,3.845,3.845,3.845,500,0
INDIW.US,5,20211213,165000,3.84,3.84,3.84,3.84,1000,0
INDIW.US,5,20211213,165500,3.86,3.86,3.86,3.86,200,0
INDIW.US,5,20211213,171000,3.8699,3.87,3.8699,3.87,1000,0
INDIW.US,5,20211213,173000,3.82,3.82,3.82,3.82,200,0
INDIW.US,5,20211213,181500,3.84,3.84,3.84,3.84,400,0
INDIW.US,5,20211213,194500,3.84,3.84,3.84,3.84,351,0
INDIW.US,5,20211213,195000,3.8402,3.8402,3.8402,3.8402,200,0
INDIW.US,5,20211213,195500,3.86,3.86,3.86,3.86,535,0
INDIW.US,5,20211213,200000,3.86,3.86,3.86,3.86,2997,0
INDIW.US,5,20211213,200500,3.86,3.86,3.86,3.86,200,0
INDIW.US,5,20211213,201500,3.865,3.865,3.86,3.86,715,0
INDIW.US,5,20211213,202000,3.84,3.84,3.84,3.84,600,0
INDIW.US,5,20211213,203000,3.83,3.83,3.83,3.83,200,0
INDIW.US,5,20211213,205500,3.82,3.82,3.81,3.81,3300,0
INDIW.US,5,20211213,212500,3.87,3.87,3.87,3.87,400,0
INDIW.US,5,20211213,213000,3.83,3.83,3.83,3.83,125,0
INDIW.US,5,20211213,213500,3.87,3.87,3.87,3.87,100,0
INDIW.US,5,20211213,214000,3.84,3.84,3.82,3.82,3000,0
INDIW.US,5,20211214,153000,3.84,3.84,3.56,3.62,7096,0
INDIW.US,5,20211214,153500,3.56,3.61,3.55,3.6,10992,0
INDIW.US,5,20211214,154000,3.6,3.6,3.3,3.41,68594,0
INDIW.US,5,20211214,154500,3.4,3.4,3.4,3.4,400,0
INDIW.US,5,20211214,155000,3.36,3.39,3.35,3.38,2320,0
INDIW.US,5,20211214,155500,3.34,3.41,3.29,3.32,7328,0
INDIW.US,5,20211214,160000,3.35,3.43,3.33,3.43,7146,0
INDIW.US,5,20211214,160500,3.41,3.52,3.39,3.5,5400,0
INDIW.US,5,20211214,161000,3.43,3.43,3.43,3.43,100,0
INDIW.US,5,20211214,161500,3.43,3.43,3.4,3.42,700,0
INDIW.US,5,20211214,162000,3.43,3.59,3.43,3.58,4000,0
INDIW.US,5,20211214,162500,3.57,3.57,3.54,3.54,700,0
INDIW.US,5,20211214,163000,3.56,3.56,3.52,3.52,850,0
INDIW.US,5,20211214,163500,3.5,3.57,3.5,3.57,4400,0
INDIW.US,5,20211214,164000,3.55,3.55,3.515,3.515,200,0
INDIW.US,5,20211214,164500,3.515,3.515,3.49,3.49,225,0
INDIW.US,5,20211214,171000,3.47,3.49,3.47,3.49,1346,0
INDIW.US,5,20211214,172500,3.47,3.47,3.47,3.47,1197,0
INDIW.US,5,20211214,173000,3.4604,3.47,3.4604,3.47,610,0
INDIW.US,5,20211214,173500,3.47,3.47,3.47,3.47,400,0
INDIW.US,5,20211214,174000,3.465,3.465,3.465,3.465,300,0
INDIW.US,5,20211214,175000,3.47,3.47,3.46,3.47,2628,0
INDIW.US,5,20211214,175500,3.46,3.46,3.46,3.46,486,0
INDIW.US,5,20211214,181500,3.4985,3.4985,3.4985,3.4985,1000,0
INDIW.US,5,20211214,192000,3.49,3.49,3.49,3.49,100,0
INDIW.US,5,20211214,192500,3.49,3.49,3.47,3.49,650,0
INDIW.US,5,20211214,193000,3.48,3.49,3.48,3.49,900,0
INDIW.US,5,20211214,193500,3.49,3.49,3.47,3.47,1000,0
INDIW.US,5,20211214,194000,3.47,3.47,3.47,3.47,400,0
INDIW.US,5,20211214,194500,3.47,3.47,3.47,3.47,900,0
INDIW.US,5,20211214,200500,3.42,3.42,3.405,3.41,2072,0
INDIW.US,5,20211214,201000,3.41,3.41,3.41,3.41,493,0
INDIW.US,5,20211214,201500,3.41,3.41,3.41,3.41,7000,0
INDIW.US,5,20211214,204000,3.36,3.36,3.36,3.36,500,0
INDIW.US,5,20211214,205500,3.38,3.38,3.38,3.38,100,0
INDIW.US,5,20211214,210000,3.405,3.405,3.405,3.405,900,0
INDIW.US,5,20211214,210500,3.42,3.45,3.42,3.45,34121,0
INDIW.US,5,20211214,211000,3.45,3.45,3.45,3.45,600,0
INDIW.US,5,20211214,212000,3.49,3.49,3.484,3.484,1111,0
INDIW.US,5,20211214,212500,3.485,3.49,3.485,3.49,900,0
INDIW.US,5,20211214,213000,3.5,3.5,3.5,3.5,2000,0
INDIW.US,5,20211214,213500,3.51,3.51,3.51,3.51,500,0
INDIW.US,5,20211214,214500,3.51,3.54,3.51,3.54,400,0
INDIW.US,5,20211214,215000,3.54,3.54,3.53,3.54,400,0
INDIW.US,5,20211214,215500,3.53,3.54,3.49,3.49,2400,0
INDIW.US,5,20211215,153500,3.63,3.63,3.63,3.63,9999,0
INDIW.US,5,20211215,154500,3.54,3.54,3.53,3.53,6000,0
INDIW.US,5,20211215,160000,3.555,3.555,3.555,3.555,1111,0
INDIW.US,5,20211215,161000,3.54,3.54,3.54,3.54,100,0
INDIW.US,5,20211215,161500,3.54,3.54,3.53,3.53,5419,0
INDIW.US,5,20211215,162000,3.55,3.555,3.55,3.55,3000,0
INDIW.US,5,20211215,162500,3.555,3.555,3.54,3.54,2000,0
INDIW.US,5,20211215,163000,3.57,3.57,3.57,3.57,700,0
INDIW.US,5,20211215,163500,3.5635,3.58,3.5635,3.58,200,0
INDIW.US,5,20211215,164500,3.58,3.58,3.58,3.58,170,0
INDIW.US,5,20211215,165000,3.6,3.6,3.6,3.6,171,0
INDIW.US,5,20211215,174000,3.59,3.62,3.59,3.62,15762,0
INDIW.US,5,20211215,174500,3.62,3.62,3.605,3.62,28135,0
INDIW.US,5,20211215,175000,3.62,3.62,3.61,3.62,2204,0
INDIW.US,5,20211215,175500,3.6286,3.6286,3.6286,3.6286,150,0
INDIW.US,5,20211215,180000,3.65,3.71,3.64,3.7,5982,0
INDIW.US,5,20211215,180500,3.7,3.7,3.7,3.7,1171,0
INDIW.US,5,20211215,181000,3.7,3.7,3.7,3.7,1000,0
INDIW.US,5,20211215,181500,3.7,3.73,3.7,3.73,500,0
INDIW.US,5,20211215,182000,3.7299,3.7299,3.7299,3.7299,100,0
INDIW.US,5,20211215,182500,3.7,3.7,3.7,3.7,2408,0
INDIW.US,5,20211215,183000,3.71,3.71,3.71,3.71,100,0
INDIW.US,5,20211215,191000,3.75,3.75,3.75,3.75,100,0
INDIW.US,5,20211215,192500,3.75,3.75,3.73,3.75,10005,0
INDIW.US,5,20211215,193000,3.75,3.75,3.75,3.75,1000,0
INDIW.US,5,20211215,193500,3.75,3.76,3.73,3.76,10200,0
INDIW.US,5,20211215,195500,3.795,3.82,3.795,3.82,1200,0
INDIW.US,5,20211215,200000,3.79,3.85,3.79,3.85,8518,0
INDIW.US,5,20211215,200500,3.85,3.91,3.835,3.91,5700,0
INDIW.US,5,20211215,201000,3.925,3.925,3.925,3.925,199,0
INDIW.US,5,20211215,202500,3.85,3.85,3.81,3.81,900,0
INDIW.US,5,20211215,203000,3.81,3.82,3.81,3.82,8200,0
INDIW.US,5,20211215,203500,3.815,3.84,3.81,3.82,4700,0
INDIW.US,5,20211215,204000,3.82,3.83,3.81,3.81,2400,0
INDIW.US,5,20211215,204500,3.81,3.83,3.81,3.83,3900,0
INDIW.US,5,20211215,205000,3.82,3.82,3.82,3.82,2200,0
INDIW.US,5,20211215,210000,3.81,3.82,3.81,3.81,2581,0
INDIW.US,5,20211215,210500,3.84,3.84,3.8201,3.83,600,0
INDIW.US,5,20211215,211000,3.85,3.85,3.85,3.85,773,0
INDIW.US,5,20211215,212000,3.83,3.92,3.83,3.88,15424,0
INDIW.US,5,20211215,212500,3.89,3.89,3.89,3.89,200,0
INDIW.US,5,20211215,213000,3.89,3.9,3.89,3.89,2192,0
INDIW.US,5,20211215,213500,3.93,3.93,3.89,3.89,1300,0
INDIW.US,5,20211215,214000,3.9,3.9,3.88,3.88,400,0
INDIW.US,5,20211215,215000,3.96,3.96,3.96,3.96,100,0
INDIW.US,5,20211215,215500,3.96,3.97,3.92,3.92,9562,0
INDIW.US,5,20211216,155000,3.99,4.02,3.99,4.02,3800,0
INDIW.US,5,20211216,155500,3.99,3.99,3.99,3.99,4850,0
INDIW.US,5,20211216,160000,3.99,3.99,3.99,3.99,3723,0
INDIW.US,5,20211216,160500,3.96,3.97,3.91,3.91,2800,0
INDIW.US,5,20211216,165500,3.99,3.99,3.99,3.99,300,0
INDIW.US,5,20211216,171500,3.9324,3.9326,3.9324,3.9326,2000,0
INDIW.US,5,20211216,172000,3.96,3.96,3.96,3.96,500,0
INDIW.US,5,20211216,181000,3.86,3.87,3.86,3.87,1200,0
INDIW.US,5,20211216,182500,3.82,3.82,3.81,3.81,932,0
INDIW.US,5,20211216,183000,3.77,3.77,3.75,3.77,5000,0
INDIW.US,5,20211216,183500,3.8186,3.8186,3.75,3.76,5222,0
INDIW.US,5,20211216,184000,3.76,3.76,3.75,3.7599,2461,0
INDIW.US,5,20211216,184500,3.75,3.75,3.75,3.75,2500,0
INDIW.US,5,20211216,185000,3.76,3.76,3.75,3.75,7891,0
INDIW.US,5,20211216,185500,3.7,3.7,3.7,3.7,200,0
INDIW.US,5,20211216,190000,3.71,3.71,3.71,3.71,300,0
INDIW.US,5,20211216,191500,3.79,3.79,3.79,3.79,1400,0
INDIW.US,5,20211216,192000,3.76,3.8,3.76,3.76,13270,0
INDIW.US,5,20211216,192500,3.76,3.76,3.71,3.7363,4950,0
INDIW.US,5,20211216,193000,3.76,3.76,3.76,3.76,5372,0
INDIW.US,5,20211216,193500,3.75,3.76,3.75,3.76,5330,0
INDIW.US,5,20211216,194000,3.76,3.79,3.73,3.79,4404,0
INDIW.US,5,20211216,194500,3.78,3.79,3.74,3.79,7619,0
INDIW.US,5,20211216,195000,3.79,3.8,3.75,3.75,8463,0
INDIW.US,5,20211216,195500,3.75,3.77,3.73,3.74,6900,0
INDIW.US,5,20211216,200000,3.73,3.75,3.73,3.75,3000,0
INDIW.US,5,20211216,200500,3.73,3.75,3.66,3.69,8456,0
INDIW.US,5,20211216,201000,3.7,3.71,3.67,3.69,8415,0
INDIW.US,5,20211216,201500,3.69,3.69,3.65,3.66,4502,0
INDIW.US,5,20211216,202000,3.65,3.7,3.65,3.65,3709,0
INDIW.US,5,20211216,202500,3.65,3.65,3.65,3.65,1100,0
INDIW.US,5,20211216,203000,3.65,3.65,3.64,3.65,3100,0
INDIW.US,5,20211216,203500,3.65,3.65,3.6,3.62,4400,0
INDIW.US,5,20211216,204000,3.67,3.68,3.65,3.66,9200,0
INDIW.US,5,20211216,204500,3.66,3.67,3.63,3.66,4147,0
INDIW.US,5,20211216,205000,3.66,3.66,3.63,3.65,8604,0
INDIW.US,5,20211216,205500,3.6301,3.65,3.6,3.63,40489,0
INDIW.US,5,20211216,210000,3.65,3.67,3.63,3.66,22720,0
INDIW.US,5,20211216,210500,3.64,3.67,3.6,3.66,75312,0
INDIW.US,5,20211216,211000,3.64,3.67,3.63,3.64,21506,0
INDIW.US,5,20211216,211500,3.63,3.66,3.63,3.63,2824,0
INDIW.US,5,20211216,212000,3.65,3.68,3.64,3.64,3210,0
INDIW.US,5,20211216,212500,3.63,3.65,3.62,3.65,2371,0
INDIW.US,5,20211216,213000,3.65,3.66,3.62,3.66,6974,0
INDIW.US,5,20211216,213500,3.66,3.72,3.65,3.68,3904,0
INDIW.US,5,20211216,214000,3.68,3.72,3.64,3.65,6300,0
INDIW.US,5,20211216,214500,3.68,3.69,3.64,3.64,6859,0
INDIW.US,5,20211216,215000,3.64,3.71,3.64,3.67,23700,0
INDIW.US,5,20211216,215500,3.66,3.68,3.59,3.6,29367,0
INDIW.US,5,20211217,153000,3.216,3.26,3.2004,3.26,8300,0
INDIW.US,5,20211217,153500,3.22,3.2476,3.21,3.21,1930,0
INDIW.US,5,20211217,154000,3.21,3.21,3.03,3.05,23994,0
INDIW.US,5,20211217,154500,3.05,3.05,2.99,2.99,10655,0
INDIW.US,5,20211217,155000,2.95,2.99,2.945,2.95,21342,0
INDIW.US,5,20211217,155500,2.94,2.95,2.9,2.95,18229,0
INDIW.US,5,20211217,160000,2.94,3.09,2.94,3.04,35848,0
INDIW.US,5,20211217,160500,3.06,3.09,2.99,3,11687,0
INDIW.US,5,20211217,161000,2.99,3,2.95,2.95,5128,0
INDIW.US,5,20211217,161500,2.985,2.99,2.95,2.95,8306,0
INDIW.US,5,20211217,162000,2.9501,2.99,2.9501,2.9899,2199,0
INDIW.US,5,20211217,162500,2.99,3,2.99,3,9985,0
INDIW.US,5,20211217,163000,3,3.02,3,3,20616,0
INDIW.US,5,20211217,163500,3,3.03,2.9982,3,51034,0
INDIW.US,5,20211217,164000,3,3.08,3,3.075,8053,0
INDIW.US,5,20211217,164500,3.07,3.07,3.01,3.05,2963,0
INDIW.US,5,20211217,165000,3.055,3.1,3.05,3.09,6132,0
INDIW.US,5,20211217,165500,3.09,3.15,3.065,3.08,16323,0
INDIW.US,5,20211217,170000,3.08,3.08,3.06,3.08,22800,0
INDIW.US,5,20211217,170500,3.08,3.08,3.07,3.07,24783,0
INDIW.US,5,20211217,171000,3.08,3.08,3.0793,3.0793,47540,0
INDIW.US,5,20211217,171500,3.06,3.15,3.06,3.15,37615,0
INDIW.US,5,20211217,172000,3.15,3.15,3.15,3.15,3150,0
INDIW.US,5,20211217,172500,3.185,3.185,3.185,3.185,500,0
INDIW.US,5,20211217,173000,3.18,3.25,3.18,3.215,12200,0
INDIW.US,5,20211217,173500,3.2,3.2,3.2,3.2,1375,0
INDIW.US,5,20211217,174000,3.1948,3.1948,3.13,3.14,2300,0
INDIW.US,5,20211217,174500,3.14,3.14,3.14,3.14,1900,0
INDIW.US,5,20211217,175000,3.165,3.19,3.165,3.19,640,0
INDIW.US,5,20211217,175500,3.19,3.19,3.19,3.19,123,0
INDIW.US,5,20211217,180000,3.18,3.185,3.18,3.18,1350,0
INDIW.US,5,20211217,180500,3.17,3.18,3.17,3.17,700,0
INDIW.US,5,20211217,181500,3.22,3.22,3.17,3.17,15805,0
INDIW.US,5,20211217,182000,3.17,3.2,3.17,3.2,95872,0
INDIW.US,5,20211217,182500,3.2,3.24,3.18,3.24,17900,0
INDIW.US,5,20211217,183000,3.23,3.23,3.23,3.23,300,0
INDIW.US,5,20211217,183500,3.23,3.23,3.23,3.23,100,0
INDIW.US,5,20211217,184000,3.23,3.23,3.23,3.23,200,0
INDIW.US,5,20211217,184500,3.22,3.22,3.22,3.22,300,0
INDIW.US,5,20211217,185000,3.21,3.21,3.13,3.14,900,0
INDIW.US,5,20211217,185500,3.1696,3.2,3.16,3.2,1226,0
INDIW.US,5,20211217,190500,3.21,3.21,3.2,3.2,1000,0
INDIW.US,5,20211217,191000,3.22,3.22,3.22,3.22,100,0
INDIW.US,5,20211217,191500,3.22,3.23,3.21,3.23,1600,0
INDIW.US,5,20211217,192000,3.21,3.21,3.18,3.19,4000,0
INDIW.US,5,20211217,192500,3.19,3.27,3.19,3.27,9150,0
INDIW.US,5,20211217,193000,3.27,3.27,3.27,3.27,290,0
INDIW.US,5,20211217,193500,3.2101,3.2101,3.2101,3.2101,500,0
INDIW.US,5,20211217,194000,3.28,3.28,3.2405,3.25,3100,0
INDIW.US,5,20211217,194500,3.24,3.24,3.23,3.23,300,0
INDIW.US,5,20211217,195500,3.25,3.25,3.2171,3.2171,310,0
INDIW.US,5,20211217,200500,3.28,3.28,3.28,3.28,500,0
INDIW.US,5,20211217,201500,3.27,3.27,3.26,3.26,300,0
INDIW.US,5,20211217,202000,3.29,3.29,3.29,3.29,590,0
INDIW.US,5,20211217,202500,3.28,3.28,3.25,3.25,500,0
INDIW.US,5,20211217,203500,3.26,3.26,3.26,3.26,600,0
INDIW.US,5,20211217,204000,3.22,3.22,3.22,3.22,1000,0
INDIW.US,5,20211217,204500,3.26,3.26,3.26,3.26,600,0
INDIW.US,5,20211217,205000,3.25,3.25,3.25,3.25,100,0
INDIW.US,5,20211217,205500,3.24,3.24,3.2,3.2006,2564,0
INDIW.US,5,20211217,210000,3.24,3.24,3.23,3.23,1000,0
INDIW.US,5,20211217,210500,3.27,3.28,3.21,3.21,1682,0
INDIW.US,5,20211217,211500,3.27,3.27,3.27,3.27,475,0
INDIW.US,5,20211217,212500,3.27,3.27,3.24,3.26,2161,0
INDIW.US,5,20211217,213000,3.26,3.26,3.225,3.225,594,0
INDIW.US,5,20211217,213500,3.25,3.25,3.25,3.25,562,0
INDIW.US,5,20211217,214500,3.3,3.3,3.2785,3.2785,1710,0
INDIW.US,5,20211217,215000,3.3,3.3,3.2501,3.26,10000,0
INDIW.US,5,20211217,215500,3.26,3.26,3.23,3.24,1687,0
INDIW.US,5,20211220,153000,3.25,3.25,3.25,3.25,378,0
INDIW.US,5,20211220,161500,3.01,3.01,3.01,3.01,500,0
INDIW.US,5,20211220,162500,3,3.01,3,3.01,2168,0
INDIW.US,5,20211220,163000,3,3,3,3,200,0
INDIW.US,5,20211220,163500,3.01,3.0399,3.01,3.0399,225,0
INDIW.US,5,20211220,164000,3.0001,3.04,3.0001,3.04,630,0
INDIW.US,5,20211220,164500,3.09,3.09,3.09,3.09,500,0
INDIW.US,5,20211220,165000,3.07,3.07,3.07,3.07,136,0
INDIW.US,5,20211220,170000,3.1,3.1,3.1,3.1,500,0
INDIW.US,5,20211220,170500,3.08,3.09,3.08,3.08,500,0
INDIW.US,5,20211220,171500,3.0501,3.09,3.0501,3.075,1675,0
INDIW.US,5,20211220,172000,3.06,3.06,3.0597,3.06,8700,0
INDIW.US,5,20211220,172500,3.05,3.05,3.04,3.04,300,0
INDIW.US,5,20211220,173000,3.05,3.05,3.05,3.05,800,0
INDIW.US,5,20211220,173500,3.06,3.06,3.06,3.06,300,0
INDIW.US,5,20211220,174000,3.05,3.05,3.05,3.05,400,0
INDIW.US,5,20211220,174500,3.05,3.05,3.05,3.05,3945,0
INDIW.US,5,20211220,180000,3.05,3.05,3.04,3.05,600,0
INDIW.US,5,20211220,180500,3.05,3.05,3.05,3.05,600,0
INDIW.US,5,20211220,181500,3.05,3.09,3.05,3.05,3400,0
INDIW.US,5,20211220,182000,3.05,3.05,3.045,3.0499,1700,0
INDIW.US,5,20211220,182500,3.0492,3.0492,3.0492,3.0492,300,0
INDIW.US,5,20211220,183000,3.05,3.05,3.05,3.05,538,0
INDIW.US,5,20211220,183500,3.04,3.04,3.04,3.04,600,0
INDIW.US,5,20211220,184000,3.04,3.04,3.04,3.04,300,0
INDIW.US,5,20211220,184500,3.0355,3.0355,3.0355,3.0355,500,0
INDIW.US,5,20211220,185000,3.0399,3.04,3.0399,3.04,1800,0
INDIW.US,5,20211220,190000,3.04,3.04,3.04,3.04,500,0
INDIW.US,5,20211220,190500,3.04,3.04,3.04,3.04,600,0
INDIW.US,5,20211220,191500,3.03,3.03,3.03,3.03,1044,0
INDIW.US,5,20211220,192500,3.03,3.03,3.02,3.02,809,0
INDIW.US,5,20211220,193500,3.02,3.02,3.02,3.02,300,0
INDIW.US,5,20211220,194000,3.02,3.02,3.02,3.02,222,0
INDIW.US,5,20211220,194500,3.02,3.02,3.02,3.02,222,0
INDIW.US,5,20211220,195000,3.005,3.02,3.005,3.02,1500,0
INDIW.US,5,20211220,195500,3.02,3.02,2.99,3.0101,1169,0
INDIW.US,5,20211220,200500,3.02,3.02,3.02,3.02,444,0
INDIW.US,5,20211220,201500,3.02,3.02,3.02,3.02,444,0
INDIW.US,5,20211220,202000,3.02,3.02,3.02,3.02,1000,0
INDIW.US,5,20211220,202500,3.02,3.02,3.02,3.02,522,0
INDIW.US,5,20211220,203000,3.01,3.01,3,3.01,10293,0
INDIW.US,5,20211220,203500,3,3.01,3,3,51000,0
INDIW.US,5,20211220,204500,3.02,3.02,3.02,3.02,422,0
INDIW.US,5,20211220,210000,3.02,3.02,3.02,3.02,344,0
INDIW.US,5,20211220,210500,3.02,3.02,3.02,3.02,444,0
INDIW.US,5,20211220,211000,3.0199,3.02,3.0199,3.02,77500,0
INDIW.US,5,20211220,211500,3.0299,3.04,3.0299,3.04,880,0
INDIW.US,5,20211220,212500,3.04,3.06,3.04,3.06,700,0
INDIW.US,5,20211220,213500,3.04,3.04,3.04,3.04,500,0
INDIW.US,5,20211220,214500,3.06,3.06,3.06,3.06,491,0
INDIW.US,5,20211220,215000,3.07,3.07,3.07,3.07,600,0
INDIW.US,5,20211220,215500,3.05,3.1,3.05,3.1,600,0
INDIW.US,5,20211221,153000,3.22,3.22,3.15,3.15,1100,0
INDIW.US,5,20211221,154000,3.2,3.29,3.2,3.2,1300,0
INDIW.US,5,20211221,154500,3.16,3.24,3.16,3.21,11300,0
INDIW.US,5,20211221,155000,3.2,3.22,3.2,3.21,3830,0
INDIW.US,5,20211221,160000,3.21,3.21,3.21,3.21,1073,0
INDIW.US,5,20211221,160500,3.21,3.21,3.2,3.2,11500,0
INDIW.US,5,20211221,161500,3.21,3.21,3.2063,3.21,27106,0
INDIW.US,5,20211221,162000,3.21,3.21,3.21,3.21,500,0
INDIW.US,5,20211221,162500,3.2,3.2,3.2,3.2,100,0
INDIW.US,5,20211221,163000,3.21,3.21,3.205,3.205,1200,0
INDIW.US,5,20211221,163500,3.21,3.21,3.21,3.21,700,0
INDIW.US,5,20211221,164000,3.21,3.21,3.18,3.21,3603,0
INDIW.US,5,20211221,164500,3.18,3.18,3.17,3.17,300,0
INDIW.US,5,20211221,170500,3.21,3.21,3.2073,3.2082,1500,0
INDIW.US,5,20211221,171000,3.21,3.21,3.17,3.18,1225,0
INDIW.US,5,20211221,172000,3.21,3.21,3.21,3.21,921,0
INDIW.US,5,20211221,173500,3.1978,3.21,3.1978,3.21,5050,0
INDIW.US,5,20211221,174000,3.21,3.21,3.18,3.2099,21143,0
INDIW.US,5,20211221,174500,3.21,3.21,3.21,3.21,3900,0
INDIW.US,5,20211221,175000,3.21,3.21,3.1901,3.21,800,0
INDIW.US,5,20211221,175500,3.21,3.21,3.21,3.21,4800,0
INDIW.US,5,20211221,181000,3.2,3.23,3.2,3.23,7728,0
INDIW.US,5,20211221,181500,3.23,3.23,3.21,3.21,400,0
INDIW.US,5,20211221,182000,3.25,3.27,3.25,3.25,400,0
INDIW.US,5,20211221,182500,3.29,3.29,3.29,3.29,200,0
INDIW.US,5,20211221,183000,3.27,3.28,3.27,3.27,300,0
INDIW.US,5,20211221,183500,3.2896,3.2896,3.285,3.285,1500,0
INDIW.US,5,20211221,184000,3.27,3.27,3.26,3.2614,1500,0
INDIW.US,5,20211221,191000,3.2606,3.2666,3.2606,3.2666,750,0
INDIW.US,5,20211221,193000,3.3499,3.3499,3.3499,3.3499,100,0
INDIW.US,5,20211221,193500,3.3101,3.35,3.3101,3.35,5000,0
INDIW.US,5,20211221,194000,3.33,3.33,3.33,3.33,600,0
INDIW.US,5,20211221,195000,3.3192,3.33,3.3192,3.33,300,0
INDIW.US,5,20211221,195500,3.32,3.32,3.32,3.32,200,0
INDIW.US,5,20211221,201000,3.31,3.31,3.31,3.31,4200,0
INDIW.US,5,20211221,201500,3.31,3.31,3.31,3.31,3900,0
INDIW.US,5,20211221,202500,3.31,3.31,3.31,3.31,500,0
INDIW.US,5,20211221,203000,3.29,3.2983,3.285,3.285,300,0
INDIW.US,5,20211221,203500,3.2601,3.2601,3.2601,3.2601,100,0
INDIW.US,5,20211221,204500,3.26,3.27,3.25,3.25,12987,0
INDIW.US,5,20211221,205000,3.26,3.26,3.26,3.26,10000,0
INDIW.US,5,20211221,210000,3.26,3.26,3.26,3.26,9164,0
INDIW.US,5,20211221,211500,3.26,3.26,3.26,3.26,2208,0
INDIW.US,5,20211221,212000,3.26,3.27,3.26,3.26,13733,0
INDIW.US,5,20211221,212500,3.26,3.26,3.26,3.26,12902,0
INDIW.US,5,20211221,213000,3.26,3.26,3.26,3.26,5973,0
INDIW.US,5,20211221,213500,3.26,3.3699,3.26,3.35,9337,0
INDIW.US,5,20211221,214000,3.35,3.37,3.35,3.37,3350,0
INDIW.US,5,20211221,214500,3.35,3.35,3.35,3.35,1483,0
INDIW.US,5,20211221,215000,3.3799,3.3799,3.3799,3.3799,147,0
INDIW.US,5,20211221,215500,3.4,3.41,3.4,3.4,2700,0
INDIW.US,5,20211222,153000,3.4,3.4,3.4,3.4,2925,0
INDIW.US,5,20211222,154000,3.31,3.31,3.25,3.285,625,0
INDIW.US,5,20211222,154500,3.2995,3.2995,3.2995,3.2995,100,0
INDIW.US,5,20211222,155000,3.31,3.31,3.31,3.31,100,0
INDIW.US,5,20211222,155500,3.395,3.395,3.395,3.395,250,0
INDIW.US,5,20211222,161500,3.4099,3.4099,3.4099,3.4099,500,0
INDIW.US,5,20211222,162000,3.38,3.38,3.35,3.35,1778,0
INDIW.US,5,20211222,162500,3.35,3.36,3.35,3.35,1497,0
INDIW.US,5,20211222,163500,3.35,3.35,3.33,3.33,4588,0
INDIW.US,5,20211222,164500,3.315,3.315,3.315,3.315,300,0
INDIW.US,5,20211222,165000,3.33,3.33,3.33,3.33,2363,0
INDIW.US,5,20211222,165500,3.33,3.33,3.33,3.33,1100,0
INDIW.US,5,20211222,170000,3.33,3.33,3.33,3.33,1363,0
INDIW.US,5,20211222,171000,3.33,3.33,3.3258,3.33,2500,0
INDIW.US,5,20211222,171500,3.33,3.34,3.33,3.33,4081,0
INDIW.US,5,20211222,173000,3.31,3.31,3.31,3.31,600,0
INDIW.US,5,20211222,173500,3.3101,3.3101,3.3101,3.3101,180,0
INDIW.US,5,20211222,174500,3.33,3.33,3.33,3.33,906,0
INDIW.US,5,20211222,192000,3.33,3.33,3.33,3.33,2282,0
INDIW.US,5,20211222,193500,3.3,3.3,3.3,3.3,300,0
INDIW.US,5,20211222,194500,3.26,3.26,3.26,3.26,200,0
INDIW.US,5,20211222,201000,3.27,3.29,3.27,3.29,2357,0
INDIW.US,5,20211222,203000,3.2994,3.2994,3.2994,3.2994,1055,0
INDIW.US,5,20211222,204000,3.3,3.31,3.3,3.3,11175,0
INDIW.US,5,20211222,204500,3.3,3.3,3.3,3.3,1000,0
INDIW.US,5,20211222,211500,3.28,3.28,3.28,3.28,311,0
INDIW.US,5,20211222,214000,3.3,3.33,3.3,3.3,66858,0
INDIW.US,5,20211222,214500,3.3,3.3,3.3,3.3,300,0
INDIW.US,5,20211222,215000,3.3,3.3,3.3,3.3,500,0
INDIW.US,5,20211223,153000,3.3,3.3,3.3,3.3,151,0
INDIW.US,5,20211223,153500,3.34,3.41,3.34,3.345,34405,0
INDIW.US,5,20211223,154000,3.31,3.34,3.3,3.3101,12111,0
INDIW.US,5,20211223,154500,3.35,3.35,3.35,3.35,9990,0
INDIW.US,5,20211223,160000,3.35,3.35,3.35,3.35,10500,0
INDIW.US,5,20211223,162500,3.33,3.33,3.3,3.3,656,0
INDIW.US,5,20211223,171500,3.34,3.34,3.32,3.32,1249,0
INDIW.US,5,20211223,172000,3.3098,3.32,3.3098,3.32,2482,0
INDIW.US,5,20211223,173000,3.32,3.32,3.31,3.32,5900,0
INDIW.US,5,20211223,174500,3.32,3.35,3.32,3.35,76990,0
INDIW.US,5,20211223,181000,3.35,3.35,3.35,3.35,100,0
INDIW.US,5,20211223,182000,3.35,3.35,3.35,3.35,26661,0
INDIW.US,5,20211223,182500,3.35,3.35,3.35,3.35,11700,0
INDIW.US,5,20211223,183000,3.35,3.35,3.35,3.35,6911,0
INDIW.US,5,20211223,183500,3.35,3.35,3.35,3.35,300,0
INDIW.US,5,20211223,184000,3.34,3.34,3.34,3.34,484,0
INDIW.US,5,20211223,184500,3.34,3.34,3.34,3.34,100,0
INDIW.US,5,20211223,185500,3.34,3.34,3.34,3.34,100,0
INDIW.US,5,20211223,190000,3.34,3.35,3.34,3.35,11400,0
INDIW.US,5,20211223,190500,3.35,3.35,3.35,3.35,1598,0
INDIW.US,5,20211223,191000,3.3421,3.3421,3.3421,3.3421,215,0
INDIW.US,5,20211223,192000,3.35,3.35,3.35,3.35,1050,0
INDIW.US,5,20211223,192500,3.35,3.36,3.35,3.35,7940,0
INDIW.US,5,20211223,193000,3.35,3.36,3.35,3.35,5659,0
INDIW.US,5,20211223,193500,3.34,3.34,3.32,3.34,5600,0
INDIW.US,5,20211223,194500,3.35,3.35,3.35,3.35,600,0
INDIW.US,5,20211223,195000,3.35,3.35,3.35,3.35,2100,0
INDIW.US,5,20211223,195500,3.35,3.35,3.35,3.35,2077,0
INDIW.US,5,20211223,200000,3.35,3.38,3.35,3.35,14850,0
INDIW.US,5,20211223,201000,3.35,3.35,3.34,3.34,1000,0
INDIW.US,5,20211223,201500,3.35,3.35,3.35,3.35,900,0
INDIW.US,5,20211223,202000,3.35,3.35,3.35,3.35,2100,0
INDIW.US,5,20211223,202500,3.35,3.35,3.35,3.35,2200,0
INDIW.US,5,20211223,203000,3.34,3.34,3.34,3.34,1000,0
INDIW.US,5,20211223,203500,3.34,3.3401,3.34,3.3401,300,0
INDIW.US,5,20211223,204000,3.35,3.35,3.35,3.35,1620,0
INDIW.US,5,20211223,210000,3.33,3.33,3.32,3.32,400,0
INDIW.US,5,20211223,210500,3.31,3.31,3.31,3.31,400,0
INDIW.US,5,20211223,211500,3.31,3.31,3.31,3.31,500,0
INDIW.US,5,20211223,212500,3.33,3.4,3.33,3.35,15100,0
INDIW.US,5,20211223,214500,3.39,3.4,3.39,3.4,2800,0
INDIW.US,5,20211223,215000,3.43,3.43,3.43,3.43,2100,0
INDIW.US,5,20211223,215500,3.42,3.48,3.42,3.48,16126,0
