<TICKER>,<PER>,<DATE>,<TIME>,<OPEN>,<HIGH>,<LOW>,<CLOSE>,<VOL>,<OPENINT>
ISIG.US,5,20211104,143000,7.32,7.32,7.32,7.32,500,0
ISIG.US,5,20211104,144500,7.25,7.25,7.25,7.25,199,0
ISIG.US,5,20211104,153500,7.2,7.2,7.2,7.2,1013,0
ISIG.US,5,20211104,160000,7.2501,7.26,7.25,7.25,2283,0
ISIG.US,5,20211104,170000,7.2739,7.2739,7.2739,7.2739,100,0
ISIG.US,5,20211104,192000,7.5299,7.6,7.455,7.46,3135,0
ISIG.US,5,20211104,192500,7.5495,7.5495,7.5495,7.5495,1000,0
ISIG.US,5,20211104,193000,7.55,7.55,7.55,7.55,100,0
ISIG.US,5,20211104,193500,7.54,7.54,7.54,7.54,100,0
ISIG.US,5,20211104,200000,7.5,7.5,7.31,7.31,795,0
ISIG.US,5,20211104,204500,7.5,7.5,7.5,7.5,100,0
ISIG.US,5,20211104,205500,7.41,7.41,7.41,7.41,140,0
ISIG.US,5,20211105,143000,7.03,7.38,7,7.0173,17517,0
ISIG.US,5,20211105,143500,7,7,6.7001,6.8718,13424,0
ISIG.US,5,20211105,144000,6.91,6.91,6.5,6.67,12763,0
ISIG.US,5,20211105,144500,6.62,6.745,6.61,6.745,2014,0
ISIG.US,5,20211105,145000,6.7601,6.86,6.68,6.68,1762,0
ISIG.US,5,20211105,145500,6.5948,6.725,6.5948,6.6,2093,0
ISIG.US,5,20211105,150000,6.6018,6.6018,6.6,6.6,579,0
ISIG.US,5,20211105,150500,6.7658,6.7658,6.6001,6.6299,3081,0
ISIG.US,5,20211105,151000,6.6213,6.64,6.5,6.5,5619,0
ISIG.US,5,20211105,151500,6.627,6.64,6.52,6.57,10791,0
ISIG.US,5,20211105,152000,6.56,6.64,6.5507,6.6043,1705,0
ISIG.US,5,20211105,152500,6.69,6.69,6.35,6.4999,20287,0
ISIG.US,5,20211105,153000,6.4,6.5,6.38,6.38,1942,0
ISIG.US,5,20211105,153500,6.4,6.49,6.38,6.49,4060,0
ISIG.US,5,20211105,154000,6.44,6.45,6.38,6.45,3797,0
ISIG.US,5,20211105,154500,6.45,6.56,6.45,6.5,1021,0
ISIG.US,5,20211105,155000,6.65,6.65,6.4901,6.5,910,0
ISIG.US,5,20211105,155500,6.525,6.64,6.5,6.5501,1000,0
ISIG.US,5,20211105,160000,6.57,6.57,6.21,6.24,3788,0
ISIG.US,5,20211105,160500,6.33,6.5,6.32,6.5,800,0
ISIG.US,5,20211105,161000,6.49,6.49,6.29,6.29,1094,0
ISIG.US,5,20211105,161500,6.47,6.47,6.47,6.47,200,0
ISIG.US,5,20211105,162000,6.46,6.5,6.46,6.5,800,0
ISIG.US,5,20211105,162500,6.48,6.53,6.48,6.53,200,0
ISIG.US,5,20211105,163500,6.52,6.52,6.52,6.52,200,0
ISIG.US,5,20211105,164000,6.53,6.53,6.53,6.53,200,0
ISIG.US,5,20211105,164500,6.52,6.565,6.5,6.565,1659,0
ISIG.US,5,20211105,165000,6.5641,6.5641,6.5641,6.5641,150,0
ISIG.US,5,20211105,165500,6.5636,6.5636,6.51,6.51,225,0
ISIG.US,5,20211105,170000,6.5,6.5,6.5,6.5,691,0
ISIG.US,5,20211105,171500,6.5,6.5,6.5,6.5,162,0
ISIG.US,5,20211105,172000,6.55,6.56,6.42,6.42,2531,0
ISIG.US,5,20211105,172500,6.435,6.45,6.36,6.385,2968,0
ISIG.US,5,20211105,173000,6.4,6.4,6.36,6.4,700,0
ISIG.US,5,20211105,173500,6.35,6.39,6.3,6.31,1798,0
ISIG.US,5,20211105,174000,6.45,6.45,6.44,6.44,305,0
ISIG.US,5,20211105,174500,6.45,6.45,6.45,6.45,400,0
ISIG.US,5,20211105,175000,6.45,6.45,6.45,6.45,305,0
ISIG.US,5,20211105,175500,6.3501,6.4355,6.3501,6.4355,534,0
ISIG.US,5,20211105,181500,6.395,6.395,6.3101,6.3101,1200,0
ISIG.US,5,20211105,182000,6.31,6.31,6.3,6.3,949,0
ISIG.US,5,20211105,182500,6.3,6.3,6.3,6.3,445,0
ISIG.US,5,20211105,183000,6.3,6.3,6.28,6.3,847,0
ISIG.US,5,20211105,183500,6.315,6.315,6.28,6.28,1700,0
ISIG.US,5,20211105,184000,6.31,6.31,6.27,6.274,476,0
ISIG.US,5,20211105,184500,6.2701,6.2701,6.2701,6.2701,200,0
ISIG.US,5,20211105,185000,6.27,6.34,6.25,6.34,534,0
ISIG.US,5,20211105,185500,6.34,6.34,6.34,6.34,300,0
ISIG.US,5,20211105,190000,6.34,6.42,6.34,6.42,700,0
ISIG.US,5,20211105,190500,6.41,6.41,6.2948,6.355,1227,0
ISIG.US,5,20211105,191000,6.43,6.44,6.2601,6.44,751,0
ISIG.US,5,20211105,191500,6.445,6.45,6.4441,6.4441,650,0
ISIG.US,5,20211105,192000,6.445,6.445,6.445,6.445,100,0
ISIG.US,5,20211105,193000,6.445,6.445,6.44,6.44,798,0
ISIG.US,5,20211105,194000,6.38,6.38,6.325,6.38,900,0
ISIG.US,5,20211105,194500,6.27,6.35,6.27,6.35,600,0
ISIG.US,5,20211105,195000,6.31,6.3422,6.26,6.26,1659,0
ISIG.US,5,20211105,195500,6.31,6.31,6.31,6.31,858,0
ISIG.US,5,20211105,200000,6.31,6.31,6.31,6.31,200,0
ISIG.US,5,20211105,201500,6.31,6.31,6.31,6.31,400,0
ISIG.US,5,20211105,202000,6.31,6.36,6.31,6.36,898,0
ISIG.US,5,20211105,202500,6.44,6.48,6.37,6.46,2786,0
ISIG.US,5,20211105,203000,6.42,6.42,6.35,6.35,500,0
ISIG.US,5,20211105,203500,6.42,6.42,6.42,6.42,300,0
ISIG.US,5,20211105,204000,6.42,6.42,6.42,6.42,200,0
ISIG.US,5,20211105,204500,6.2828,6.35,6.2501,6.2501,2241,0
ISIG.US,5,20211105,205000,6.365,6.365,6.2501,6.35,1484,0
ISIG.US,5,20211105,205500,6.28,6.4399,6.2501,6.26,1445,0
ISIG.US,5,20211108,153000,6.16,6.19,6.14,6.19,3695,0
ISIG.US,5,20211108,153500,6.15,6.15,6.14,6.14,1593,0
ISIG.US,5,20211108,154000,6.14,6.1699,6.1201,6.1201,650,0
ISIG.US,5,20211108,154500,6.15,6.1801,6.145,6.1801,900,0
ISIG.US,5,20211108,155000,6.1815,6.2,6.1815,6.19,2321,0
ISIG.US,5,20211108,155500,6.18,6.3199,6.18,6.3199,544,0
ISIG.US,5,20211108,160000,6.1,6.1,6.1,6.1,100,0
ISIG.US,5,20211108,160500,6.13,6.13,6.13,6.13,2000,0
ISIG.US,5,20211108,162500,5.95,5.95,5.95,5.95,100,0
ISIG.US,5,20211108,163000,6.065,6.11,6.05,6.05,709,0
ISIG.US,5,20211108,163500,6.05,6.05,6.01,6.03,521,0
ISIG.US,5,20211108,164000,6.03,6.0999,6.02,6.09,568,0
ISIG.US,5,20211108,165000,6.04,6.04,6.04,6.04,100,0
ISIG.US,5,20211108,165500,6.02,6.02,6.02,6.02,100,0
ISIG.US,5,20211108,170000,6.0201,6.1,6.0201,6.1,221,0
ISIG.US,5,20211108,171500,6.09,6.09,6.09,6.09,100,0
ISIG.US,5,20211108,172500,6.06,6.09,6.06,6.09,200,0
ISIG.US,5,20211108,173000,6.0101,6.0101,6.0101,6.0101,460,0
ISIG.US,5,20211108,174000,6.09,6.09,6.09,6.09,100,0
ISIG.US,5,20211108,175000,6.01,6.01,6.01,6.01,215,0
ISIG.US,5,20211108,180000,6.01,6.01,6.01,6.01,552,0
ISIG.US,5,20211108,182500,6,6,5.98,5.98,300,0
ISIG.US,5,20211108,183000,5.9799,5.9799,5.9799,5.9799,200,0
ISIG.US,5,20211108,183500,5.98,5.98,5.98,5.98,221,0
ISIG.US,5,20211108,184000,5.995,5.995,5.98,5.98,693,0
ISIG.US,5,20211108,184500,5.95,5.96,5.95,5.96,574,0
ISIG.US,5,20211108,190000,5.945,5.945,5.91,5.945,2464,0
ISIG.US,5,20211108,190500,5.91,5.9101,5.91,5.9101,1455,0
ISIG.US,5,20211108,191000,5.94,5.94,5.9001,5.94,2100,0
ISIG.US,5,20211108,193500,5.91,5.9199,5.9,5.9,967,0
ISIG.US,5,20211108,194000,5.8972,5.8972,5.8972,5.8972,170,0
ISIG.US,5,20211108,194500,5.885,5.885,5.885,5.885,200,0
ISIG.US,5,20211108,195000,5.8999,5.8999,5.87,5.87,300,0
ISIG.US,5,20211108,195500,5.87,5.87,5.83,5.83,300,0
ISIG.US,5,20211108,200000,5.8051,5.83,5.8051,5.83,220,0
ISIG.US,5,20211108,201000,5.85,5.85,5.85,5.85,100,0
ISIG.US,5,20211108,202000,5.87,5.87,5.87,5.87,100,0
ISIG.US,5,20211108,203000,5.855,5.855,5.855,5.855,100,0
ISIG.US,5,20211108,204000,5.85,5.89,5.84,5.89,600,0
ISIG.US,5,20211108,205000,5.84,5.84,5.84,5.84,100,0
ISIG.US,5,20211108,210000,5.87,5.87,5.87,5.87,100,0
ISIG.US,5,20211108,211000,5.86,5.86,5.86,5.86,100,0
ISIG.US,5,20211108,212000,5.85,5.85,5.85,5.85,100,0
ISIG.US,5,20211108,212500,5.84,5.84,5.84,5.84,100,0
ISIG.US,5,20211108,213000,5.85,5.85,5.85,5.85,100,0
ISIG.US,5,20211108,214000,5.85,5.8555,5.83,5.8555,400,0
ISIG.US,5,20211108,215000,5.85,5.85,5.85,5.85,100,0
ISIG.US,5,20211108,215500,5.86,5.86,5.86,5.86,468,0
ISIG.US,5,20211109,153000,5.82,5.92,5.82,5.92,522,0
ISIG.US,5,20211109,154000,5.76,5.76,5.6,5.6,2611,0
ISIG.US,5,20211109,154500,5.61,5.61,5.61,5.61,100,0
ISIG.US,5,20211109,155000,5.59,5.6,5.51,5.5712,2300,0
ISIG.US,5,20211109,160000,5.5201,5.53,5.5201,5.53,312,0
ISIG.US,5,20211109,160500,5.53,5.53,5.52,5.52,1600,0
ISIG.US,5,20211109,161500,5.55,5.5899,5.55,5.5899,2200,0
ISIG.US,5,20211109,162000,5.52,5.52,5.52,5.52,100,0
ISIG.US,5,20211109,163000,5.53,5.5521,5.53,5.5521,600,0
ISIG.US,5,20211109,164000,5.49,5.5001,5.49,5.5001,1088,0
ISIG.US,5,20211109,164500,5.55,5.55,5.55,5.55,200,0
ISIG.US,5,20211109,165500,5.58,5.58,5.58,5.58,500,0
ISIG.US,5,20211109,170000,5.5792,5.5792,5.54,5.54,2010,0
ISIG.US,5,20211109,170500,5.52,5.52,5.52,5.52,200,0
ISIG.US,5,20211109,171000,5.54,5.54,5.48,5.5,4099,0
ISIG.US,5,20211109,171500,5.52,5.53,5.52,5.53,2625,0
ISIG.US,5,20211109,173500,5.5199,5.5199,5.5199,5.5199,100,0
ISIG.US,5,20211109,175500,5.46,5.46,5.46,5.46,100,0
ISIG.US,5,20211109,180000,5.465,5.465,5.465,5.465,300,0
ISIG.US,5,20211109,181500,5.47,5.5,5.41,5.5,2483,0
ISIG.US,5,20211109,182000,5.529,5.529,5.529,5.529,123,0
ISIG.US,5,20211109,184000,5.4,5.4,5.4,5.4,100,0
ISIG.US,5,20211109,184500,5.393,5.393,5.393,5.393,100,0
ISIG.US,5,20211109,185000,5.4799,5.4799,5.4799,5.4799,100,0
ISIG.US,5,20211109,185500,5.47,5.48,5.4,5.4,2164,0
ISIG.US,5,20211109,190000,5.47,5.47,5.462,5.47,2300,0
ISIG.US,5,20211109,193500,5.385,5.385,5.33,5.33,200,0
ISIG.US,5,20211109,195500,5.36,5.37,5.36,5.37,424,0
ISIG.US,5,20211109,202000,5.42,5.42,5.42,5.42,100,0
ISIG.US,5,20211109,203500,5.39,5.455,5.39,5.455,500,0
ISIG.US,5,20211109,204000,5.46,5.46,5.46,5.46,403,0
ISIG.US,5,20211109,204500,5.51,5.52,5.51,5.52,400,0
ISIG.US,5,20211109,205000,5.45,5.45,5.45,5.45,200,0
ISIG.US,5,20211109,205500,5.48,5.55,5.48,5.53,900,0
ISIG.US,5,20211109,210000,5.59,5.59,5.49,5.49,500,0
ISIG.US,5,20211109,212500,5.4256,5.4256,5.4256,5.4256,100,0
ISIG.US,5,20211109,213000,5.435,5.45,5.435,5.44,376,0
ISIG.US,5,20211109,213500,5.44,5.44,5.44,5.44,100,0
ISIG.US,5,20211109,215500,5.4201,5.4727,5.4201,5.45,1381,0
ISIG.US,5,20211110,153000,5.45,5.525,5.45,5.525,679,0
ISIG.US,5,20211110,153500,5.4907,5.495,5.46,5.46,647,0
ISIG.US,5,20211110,154000,5.455,5.49,5.45,5.45,1661,0
ISIG.US,5,20211110,155000,5.45,5.45,5.45,5.45,100,0
ISIG.US,5,20211110,155500,5.4532,5.48,5.45,5.48,1505,0
ISIG.US,5,20211110,160500,5.45,5.45,5.45,5.45,539,0
ISIG.US,5,20211110,161500,5.41,5.41,5.41,5.41,600,0
ISIG.US,5,20211110,162000,5.4,5.4,5.3886,5.389,1121,0
ISIG.US,5,20211110,162500,5.3899,5.3899,5.3884,5.3884,800,0
ISIG.US,5,20211110,163500,5.4712,5.4712,5.4712,5.4712,450,0
ISIG.US,5,20211110,165000,5.37,5.37,5.37,5.37,100,0
ISIG.US,5,20211110,170000,5.42,5.44,5.42,5.44,813,0
ISIG.US,5,20211110,170500,5.44,5.45,5.44,5.45,444,0
ISIG.US,5,20211110,171500,5.45,5.45,5.44,5.44,600,0
ISIG.US,5,20211110,172000,5.4377,5.4377,5.4377,5.4377,1000,0
ISIG.US,5,20211110,175500,5.42,5.42,5.37,5.37,1400,0
ISIG.US,5,20211110,181000,5.37,5.37,5.37,5.37,100,0
ISIG.US,5,20211110,182000,5.41,5.41,5.41,5.41,185,0
ISIG.US,5,20211110,183500,5.34,5.34,5.34,5.34,100,0
ISIG.US,5,20211110,184500,5.47,5.47,5.47,5.47,100,0
ISIG.US,5,20211110,192500,5.35,5.4,5.35,5.4,400,0
ISIG.US,5,20211110,193500,5.3682,5.3682,5.3682,5.3682,100,0
ISIG.US,5,20211110,194000,5.4,5.4,5.4,5.4,200,0
ISIG.US,5,20211110,200000,5.3356,5.3356,5.3356,5.3356,1100,0
ISIG.US,5,20211110,203500,5.3399,5.34,5.21,5.2557,1000,0
ISIG.US,5,20211110,204500,5.3225,5.33,5.3225,5.33,200,0
ISIG.US,5,20211110,205000,5.295,5.295,5.295,5.295,100,0
ISIG.US,5,20211110,210500,5.38,5.38,5.38,5.38,100,0
ISIG.US,5,20211110,211000,5.3001,5.3001,5.3001,5.3001,200,0
ISIG.US,5,20211110,214000,5.335,5.335,5.335,5.335,100,0
ISIG.US,5,20211110,215500,5.3,5.36,5.28,5.36,1567,0
ISIG.US,5,20211111,153000,5.39,5.39,5.39,5.39,194,0
ISIG.US,5,20211111,154500,5.37,5.37,5.37,5.37,147,0
ISIG.US,5,20211111,161000,5.2801,5.2801,5.2801,5.2801,163,0
ISIG.US,5,20211111,163500,5.3077,5.3699,5.3077,5.36,300,0
ISIG.US,5,20211111,164000,5.37,5.37,5.37,5.37,189,0
ISIG.US,5,20211111,171000,5.26,5.26,5.26,5.26,100,0
ISIG.US,5,20211111,172500,5.31,5.315,5.31,5.315,800,0
ISIG.US,5,20211111,173000,5.348,5.348,5.348,5.348,700,0
ISIG.US,5,20211111,173500,5.32,5.32,5.32,5.32,200,0
ISIG.US,5,20211111,183000,5.32,5.32,5.32,5.32,200,0
ISIG.US,5,20211111,184000,5.33,5.38,5.31,5.38,3288,0
ISIG.US,5,20211111,184500,5.39,5.41,5.38,5.41,660,0
ISIG.US,5,20211111,185000,5.44,5.4673,5.425,5.425,3600,0
ISIG.US,5,20211111,185500,5.46,5.47,5.36,5.47,1170,0
ISIG.US,5,20211111,192000,5.38,5.38,5.38,5.38,300,0
ISIG.US,5,20211111,200500,5.3801,5.3801,5.3801,5.3801,337,0
ISIG.US,5,20211111,201000,5.44,5.485,5.44,5.47,1401,0
ISIG.US,5,20211111,201500,5.4721,5.4721,5.4721,5.4721,200,0
ISIG.US,5,20211111,204500,5.5451,5.55,5.485,5.5403,2467,0
ISIG.US,5,20211111,211500,5.57,5.57,5.57,5.57,200,0
ISIG.US,5,20211111,212000,5.55,5.56,5.5395,5.5395,550,0
ISIG.US,5,20211111,213500,5.53,5.54,5.53,5.54,300,0
ISIG.US,5,20211111,215500,5.49,5.49,5.46,5.46,697,0
ISIG.US,5,20211112,155500,5.3694,5.3694,5.3694,5.3694,192,0
ISIG.US,5,20211112,160500,5.37,5.51,5.37,5.51,665,0
ISIG.US,5,20211112,161000,5.4,5.4249,5.33,5.4249,402,0
ISIG.US,5,20211112,172500,5.4574,5.4574,5.4574,5.4574,200,0
ISIG.US,5,20211112,173000,5.5,5.5282,5.49,5.5282,1000,0
ISIG.US,5,20211112,174000,5.68,5.68,5.68,5.68,100,0
ISIG.US,5,20211112,174500,5.51,5.51,5.51,5.51,100,0
ISIG.US,5,20211112,182000,5.51,5.51,5.51,5.51,173,0
ISIG.US,5,20211112,183500,5.535,5.535,5.535,5.535,300,0
ISIG.US,5,20211112,202000,5.5179,5.5299,5.45,5.5299,1000,0
ISIG.US,5,20211112,202500,5.51,5.53,5.51,5.5277,967,0
ISIG.US,5,20211112,203000,5.52,5.53,5.42,5.52,1000,0
ISIG.US,5,20211112,203500,5.415,5.54,5.415,5.52,2296,0
ISIG.US,5,20211112,204000,5.535,5.54,5.535,5.54,200,0
ISIG.US,5,20211112,211500,5.6563,5.6563,5.6563,5.6563,100,0
ISIG.US,5,20211112,213000,5.65,5.65,5.64,5.64,200,0
ISIG.US,5,20211115,153000,5.62,5.62,5.45,5.45,350,0
ISIG.US,5,20211115,154500,5.58,5.58,5.58,5.58,400,0
ISIG.US,5,20211115,155500,5.3802,5.5,5.3802,5.5,2513,0
ISIG.US,5,20211115,161500,5.39,5.39,5.39,5.39,151,0
ISIG.US,5,20211115,162000,5.38,5.42,5.2784,5.2784,6974,0
ISIG.US,5,20211115,162500,5.3618,5.3618,5.36,5.36,2199,0
ISIG.US,5,20211115,163500,5.48,5.48,5.48,5.48,273,0
ISIG.US,5,20211115,164500,5.38,5.38,5.38,5.38,135,0
ISIG.US,5,20211115,165500,5.38,5.38,5.37,5.37,600,0
ISIG.US,5,20211115,174000,5.455,5.46,5.455,5.46,200,0
ISIG.US,5,20211115,175000,5.34,5.34,5.34,5.34,100,0
ISIG.US,5,20211115,180500,5.335,5.335,5.33,5.33,752,0
ISIG.US,5,20211115,181000,5.325,5.3299,5.32,5.3299,1000,0
ISIG.US,5,20211115,181500,5.3166,5.3166,5.31,5.315,800,0
ISIG.US,5,20211115,182000,5.3275,5.3275,5.3275,5.3275,300,0
ISIG.US,5,20211115,182500,5.3275,5.36,5.315,5.36,1800,0
ISIG.US,5,20211115,185500,5.4222,5.43,5.4222,5.43,1024,0
ISIG.US,5,20211115,191500,5.3401,5.3401,5.3401,5.3401,1900,0
ISIG.US,5,20211115,205500,5.43,5.43,5.43,5.43,300,0
ISIG.US,5,20211115,210000,5.43,5.43,5.43,5.43,1400,0
ISIG.US,5,20211115,211000,5.4,5.4,5.4,5.4,200,0
ISIG.US,5,20211115,213500,5.395,5.5,5.395,5.4898,2447,0
ISIG.US,5,20211115,215000,5.49,5.5,5.49,5.5,1186,0
ISIG.US,5,20211115,215500,5.5,5.5,5.49,5.49,274,0
ISIG.US,5,20211116,153000,5.4,5.4168,5.4,5.4168,1166,0
ISIG.US,5,20211116,154000,5.28,5.28,5.27,5.27,292,0
ISIG.US,5,20211116,154500,5.29,5.29,5.29,5.29,250,0
ISIG.US,5,20211116,161000,5.55,5.55,5.55,5.55,200,0
ISIG.US,5,20211116,165500,5.52,5.54,5.47,5.54,3780,0
ISIG.US,5,20211116,171000,5.4,5.4,5.4,5.4,300,0
ISIG.US,5,20211116,171500,5.32,5.32,5.32,5.32,100,0
ISIG.US,5,20211116,172000,5.3035,5.3322,5.3,5.32,1800,0
ISIG.US,5,20211116,180000,5.3001,5.3048,5.3001,5.3048,3000,0
ISIG.US,5,20211116,181500,5.32,5.34,5.3027,5.34,1621,0
ISIG.US,5,20211116,185000,5.32,5.32,5.32,5.32,300,0
ISIG.US,5,20211116,192500,5.3145,5.3145,5.3145,5.3145,500,0
ISIG.US,5,20211116,195000,5.3,5.3,5.3,5.3,1000,0
ISIG.US,5,20211116,200500,5.31,5.3315,5.26,5.26,2200,0
ISIG.US,5,20211116,201000,5.31,5.31,5.31,5.31,200,0
ISIG.US,5,20211116,201500,5.3,5.3,5.255,5.28,600,0
ISIG.US,5,20211116,202500,5.2899,5.2899,5.2899,5.2899,2900,0
ISIG.US,5,20211116,212000,5.22,5.33,5.22,5.33,1300,0
ISIG.US,5,20211116,215000,5.32,5.329,5.265,5.265,900,0
ISIG.US,5,20211117,153000,5.31,5.32,5.3031,5.3031,980,0
ISIG.US,5,20211117,155500,5.32,5.32,5.32,5.32,100,0
ISIG.US,5,20211117,161000,5.395,5.395,5.395,5.395,100,0
ISIG.US,5,20211117,162000,5.3,5.35,5.3,5.35,2100,0
ISIG.US,5,20211117,163000,5.36,5.36,5.3572,5.3572,325,0
ISIG.US,5,20211117,164000,5.3699,5.3699,5.325,5.325,900,0
ISIG.US,5,20211117,170500,5.32,5.32,5.32,5.32,300,0
ISIG.US,5,20211117,184000,5.27,5.27,5.27,5.27,100,0
ISIG.US,5,20211117,185500,5.22,5.22,5.22,5.22,100,0
ISIG.US,5,20211117,191000,5.22,5.22,5.22,5.22,100,0
ISIG.US,5,20211117,191500,5.2343,5.2343,5.22,5.22,300,0
ISIG.US,5,20211117,194000,5.235,5.25,5.235,5.25,900,0
ISIG.US,5,20211117,194500,5.225,5.25,5.225,5.23,500,0
ISIG.US,5,20211117,200500,5.2552,5.2552,5.2552,5.2552,200,0
ISIG.US,5,20211117,204500,5.2262,5.2262,5.2262,5.2262,400,0
ISIG.US,5,20211117,210000,5.26,5.26,5.26,5.26,175,0
ISIG.US,5,20211117,211500,5.32,5.32,5.3,5.3,200,0
ISIG.US,5,20211117,213500,5.26,5.26,5.25,5.26,774,0
ISIG.US,5,20211117,214000,5.255,5.3,5.25,5.3,384,0
ISIG.US,5,20211118,153000,5.23,5.2501,5.23,5.245,2423,0
ISIG.US,5,20211118,153500,5.2475,5.2475,5.2475,5.2475,123,0
ISIG.US,5,20211118,154000,5.2,5.2085,5.2,5.2,1445,0
ISIG.US,5,20211118,160000,5.21,5.21,5.2,5.2,300,0
ISIG.US,5,20211118,160500,5.2,5.2,5.2,5.2,3100,0
ISIG.US,5,20211118,161000,5.2,5.2061,5.2,5.2,1300,0
ISIG.US,5,20211118,162000,5.2,5.2001,5.2,5.2,4722,0
ISIG.US,5,20211118,165500,5.19,5.19,5.06,5.06,3197,0
ISIG.US,5,20211118,171000,5.115,5.17,5.06,5.06,6068,0
ISIG.US,5,20211118,171500,5.1699,5.1872,5.07,5.07,6268,0
ISIG.US,5,20211118,172500,5.08,5.08,5.08,5.08,1000,0
ISIG.US,5,20211118,175000,5.09,5.1192,5.08,5.08,11698,0
ISIG.US,5,20211118,190000,5.125,5.125,5.125,5.125,100,0
ISIG.US,5,20211118,192500,5.12,5.12,5.11,5.11,433,0
ISIG.US,5,20211118,193000,5.115,5.12,5.115,5.12,331,0
ISIG.US,5,20211118,194500,5.12,5.13,5.12,5.13,693,0
ISIG.US,5,20211118,195000,5.12,5.12,5.12,5.12,125,0
ISIG.US,5,20211118,195500,5.115,5.115,5.115,5.115,2000,0
ISIG.US,5,20211118,201000,5.1006,5.18,5.09,5.18,5470,0
ISIG.US,5,20211118,202000,5.0601,5.0601,5.0601,5.0601,100,0
ISIG.US,5,20211118,203500,5.06,5.13,5.06,5.13,300,0
ISIG.US,5,20211118,210500,5.12,5.12,5.12,5.12,100,0
ISIG.US,5,20211118,213000,5.1,5.1,5.1,5.1,100,0
ISIG.US,5,20211118,215000,5.18,5.18,5.18,5.18,300,0
ISIG.US,5,20211118,215500,5.08,5.08,5.06,5.06,2826,0
ISIG.US,5,20211119,154500,5.0601,5.0601,5.0601,5.0601,150,0
ISIG.US,5,20211119,163500,5.0701,5.0701,5.0701,5.0701,1000,0
ISIG.US,5,20211119,185000,5.1217,5.1217,5.1217,5.1217,100,0
ISIG.US,5,20211119,185500,5.13,5.13,5.11,5.11,1298,0
ISIG.US,5,20211119,193500,5.11,5.11,5.11,5.11,433,0
ISIG.US,5,20211119,194000,5.11,5.11,5.11,5.11,300,0
ISIG.US,5,20211119,195000,5.1,5.12,5.095,5.095,1100,0
ISIG.US,5,20211119,200000,5.1,5.12,5.095,5.095,500,0
ISIG.US,5,20211119,202000,5.1199,5.1199,5.095,5.095,600,0
ISIG.US,5,20211119,203000,5.1199,5.1199,5.1199,5.1199,750,0
ISIG.US,5,20211119,203500,5.07,5.07,5.07,5.07,498,0
ISIG.US,5,20211119,210500,5.1162,5.1162,5.06,5.06,450,0
ISIG.US,5,20211119,211500,5.085,5.12,5.085,5.09,1568,0
ISIG.US,5,20211119,212000,5.13,5.13,5.1135,5.1135,527,0
ISIG.US,5,20211119,215000,5.05,5.05,5.05,5.05,100,0
ISIG.US,5,20211119,215500,5.0854,5.0854,5.06,5.06,413,0
ISIG.US,5,20211122,153000,5.247,5.247,5.247,5.247,100,0
ISIG.US,5,20211122,153500,5.184,5.184,5.18,5.18,409,0
ISIG.US,5,20211122,154500,5.17,5.17,5.1655,5.17,1391,0
ISIG.US,5,20211122,155000,5.17,5.17,5.17,5.17,200,0
ISIG.US,5,20211122,155500,5.18,5.18,5.18,5.18,327,0
ISIG.US,5,20211122,161500,5.25,5.26,5.25,5.26,200,0
ISIG.US,5,20211122,164500,5.21,5.21,5.15,5.152,2392,0
ISIG.US,5,20211122,170000,5.25,5.25,5.2137,5.2137,200,0
ISIG.US,5,20211122,170500,5.0425,5.0425,5.0425,5.0425,110,0
ISIG.US,5,20211122,171000,5.0441,5.25,5.0441,5.206,300,0
ISIG.US,5,20211122,172500,5.23,5.23,5.23,5.23,100,0
ISIG.US,5,20211122,173500,5.2596,5.2596,5.2596,5.2596,100,0
ISIG.US,5,20211122,174000,5.0207,5.0207,5.0207,5.0207,426,0
ISIG.US,5,20211122,175500,5.19,5.19,5.19,5.19,100,0
ISIG.US,5,20211122,181500,5.0638,5.0638,5.0638,5.0638,100,0
ISIG.US,5,20211122,182000,5.05,5.05,5.02,5.02,4184,0
ISIG.US,5,20211122,190000,5.09,5.09,5.08,5.08,906,0
ISIG.US,5,20211122,191000,5.065,5.065,5.065,5.065,120,0
ISIG.US,5,20211122,192500,5.05,5.05,5.02,5.02,200,0
ISIG.US,5,20211122,193000,5.02,5.02,5.02,5.02,182,0
ISIG.US,5,20211122,195500,5.02,5.02,5.02,5.02,500,0
ISIG.US,5,20211122,200000,5.01,5.015,5,5,891,0
ISIG.US,5,20211122,201000,5.015,5.03,5.015,5.03,400,0
ISIG.US,5,20211122,201500,5.0299,5.03,5.015,5.0298,1400,0
ISIG.US,5,20211122,202000,5.015,5.05,5.015,5.05,1397,0
ISIG.US,5,20211122,202500,5.04,5.2662,5.04,5.2662,2453,0
ISIG.US,5,20211122,203000,5.2673,5.2673,5.2673,5.2673,200,0
ISIG.US,5,20211122,203500,5.24,5.24,5.23,5.23,200,0
ISIG.US,5,20211122,204000,5.26,5.26,5.24,5.24,200,0
ISIG.US,5,20211122,205000,5.24,5.27,5.24,5.27,1184,0
ISIG.US,5,20211122,212500,5.2372,5.2372,5.2372,5.2372,1000,0
ISIG.US,5,20211122,213500,5.19,5.1973,5.1873,5.1973,400,0
ISIG.US,5,20211122,214000,5.22,5.22,5.22,5.22,100,0
ISIG.US,5,20211122,214500,5.22,5.31,5.2165,5.2165,886,0
ISIG.US,5,20211122,215000,5.25,5.25,5.25,5.25,100,0
ISIG.US,5,20211122,215500,5.2227,5.2227,5.2227,5.2227,100,0
ISIG.US,5,20211123,153500,5.1004,5.11,5.1004,5.11,211,0
ISIG.US,5,20211123,154500,5.0409,5.0409,5.0409,5.0409,300,0
ISIG.US,5,20211123,171500,5.092,5.092,5.092,5.092,100,0
ISIG.US,5,20211123,175000,5.0914,5.0914,5.0914,5.0914,100,0
ISIG.US,5,20211123,185500,5.2299,5.2299,5.2299,5.2299,100,0
ISIG.US,5,20211123,191500,5.2199,5.2199,5.2118,5.2118,800,0
ISIG.US,5,20211123,204000,5.18,5.18,5.18,5.18,1000,0
ISIG.US,5,20211123,204500,5.19,5.19,5.19,5.19,396,0
ISIG.US,5,20211123,205000,5.1832,5.1832,5.1832,5.1832,200,0
ISIG.US,5,20211123,205500,5.14,5.14,5.14,5.14,100,0
ISIG.US,5,20211123,211000,5.14,5.14,5.09,5.09,300,0
ISIG.US,5,20211123,212000,5.0809,5.0809,5.0809,5.0809,428,0
ISIG.US,5,20211123,213500,5.1699,5.1699,5.1699,5.1699,100,0
ISIG.US,5,20211124,153000,5.1831,5.1831,5.1831,5.1831,200,0
ISIG.US,5,20211124,153500,5.0885,5.0885,5.0885,5.0885,119,0
ISIG.US,5,20211124,155000,5.0801,5.0801,5.0801,5.0801,703,0
ISIG.US,5,20211124,162500,5.08,5.08,5.0308,5.0308,886,0
ISIG.US,5,20211124,170000,5.05,5.05,5.05,5.05,100,0
ISIG.US,5,20211124,170500,5.08,5.08,5.08,5.08,250,0
ISIG.US,5,20211124,173500,5.03,5.1,5.015,5.1,750,0
ISIG.US,5,20211124,174000,5.09,5.09,5.09,5.09,600,0
ISIG.US,5,20211124,174500,5.09,5.1,5.09,5.1,312,0
ISIG.US,5,20211124,175000,5.09,5.09,5.09,5.09,900,0
ISIG.US,5,20211124,175500,5.1,5.1,5.1,5.1,1288,0
ISIG.US,5,20211124,181500,5.1,5.1,5.1,5.1,100,0
ISIG.US,5,20211124,182500,5.1,5.1,5.05,5.08,787,0
ISIG.US,5,20211124,184500,5.12,5.28,5.1,5.19,9151,0
ISIG.US,5,20211124,185000,5.1825,5.4582,5.1,5.35,11381,0
ISIG.US,5,20211124,185500,5.46,5.5,5.36,5.45,13013,0
ISIG.US,5,20211124,190000,5.39,5.49,5.3601,5.49,8369,0
ISIG.US,5,20211124,190500,5.49,5.5,5.4,5.4312,7681,0
ISIG.US,5,20211124,191000,5.43,5.43,5.38,5.42,4196,0
ISIG.US,5,20211124,191500,5.4299,5.4299,5.3181,5.37,4724,0
ISIG.US,5,20211124,192000,5.37,5.38,5.3571,5.38,2300,0
ISIG.US,5,20211124,192500,5.4256,5.4474,5.37,5.37,3878,0
ISIG.US,5,20211124,193000,5.3958,5.42,5.36,5.402,4300,0
ISIG.US,5,20211124,193500,5.405,5.8599,5.405,5.85,26685,0
ISIG.US,5,20211124,194000,5.85,5.85,5.6101,5.73,4666,0
ISIG.US,5,20211124,194500,5.78,5.78,5.6101,5.7,10741,0
ISIG.US,5,20211124,195000,5.68,5.69,5.6799,5.6799,2000,0
ISIG.US,5,20211124,195500,5.645,5.645,5.645,5.645,1100,0
ISIG.US,5,20211124,200000,5.61,5.61,5.39,5.455,5427,0
ISIG.US,5,20211124,200500,5.425,5.4345,5.425,5.4345,2101,0
ISIG.US,5,20211124,201000,5.41,5.4198,5.33,5.33,2350,0
ISIG.US,5,20211124,201500,5.34,5.38,5.31,5.32,2697,0
ISIG.US,5,20211124,202000,5.32,5.41,5.32,5.41,2100,0
ISIG.US,5,20211124,202500,5.32,5.32,5.32,5.32,100,0
ISIG.US,5,20211124,203500,5.3202,5.3202,5.3202,5.3202,1000,0
ISIG.US,5,20211124,205000,5.3553,5.415,5.3301,5.415,300,0
ISIG.US,5,20211124,205500,5.415,5.415,5.34,5.34,3200,0
ISIG.US,5,20211124,212500,5.4834,5.4834,5.4834,5.4834,110,0
ISIG.US,5,20211124,213500,5.3853,5.3853,5.3853,5.3853,150,0
ISIG.US,5,20211124,214000,5.3816,5.3816,5.3816,5.3816,225,0
ISIG.US,5,20211124,214500,5.35,5.3601,5.35,5.3601,1500,0
ISIG.US,5,20211124,215000,5.43,5.43,5.43,5.43,200,0
ISIG.US,5,20211124,215500,5.395,5.395,5.395,5.395,100,0
ISIG.US,5,20211126,153000,5.27,5.31,5.27,5.31,812,0
ISIG.US,5,20211126,153500,5.39,5.44,5.3759,5.38,777,0
ISIG.US,5,20211126,155000,5.38,5.38,5.38,5.38,139,0
ISIG.US,5,20211126,160500,5.38,5.38,5.38,5.38,100,0
ISIG.US,5,20211126,162000,5.3342,5.3342,5.3342,5.3342,120,0
ISIG.US,5,20211126,163500,5.4,5.4,5.4,5.4,330,0
ISIG.US,5,20211126,170500,5.41,5.41,5.41,5.41,300,0
ISIG.US,5,20211126,171500,5.28,5.28,5.28,5.28,432,0
ISIG.US,5,20211126,172500,5.4704,5.4704,5.4704,5.4704,193,0
ISIG.US,5,20211126,180000,5.312,5.312,5.312,5.312,300,0
ISIG.US,5,20211126,181000,5.37,5.4,5.37,5.39,719,0
ISIG.US,5,20211126,183000,5.33,5.3675,5.33,5.3675,200,0
ISIG.US,5,20211126,184000,5.27,5.2701,5.27,5.2701,336,0
ISIG.US,5,20211126,185000,5.381,5.381,5.34,5.34,399,0
ISIG.US,5,20211129,153500,5.39,5.42,5.39,5.42,681,0
ISIG.US,5,20211129,154000,5.42,5.42,5.42,5.42,2000,0
ISIG.US,5,20211129,155500,5.4,5.4,5.4,5.4,141,0
ISIG.US,5,20211129,160000,5.42,5.42,5.42,5.42,500,0
ISIG.US,5,20211129,161000,5.3711,5.3711,5.3711,5.3711,100,0
ISIG.US,5,20211129,161500,5.2501,5.2501,5.2501,5.2501,690,0
ISIG.US,5,20211129,162000,5.372,5.372,5.372,5.372,200,0
ISIG.US,5,20211129,165000,5.3202,5.3202,5.3202,5.3202,1000,0
ISIG.US,5,20211129,172000,5.355,5.355,5.355,5.355,600,0
ISIG.US,5,20211129,172500,5.355,5.355,5.355,5.355,100,0
ISIG.US,5,20211129,181500,5.33,5.33,5.33,5.33,200,0
ISIG.US,5,20211129,183000,5.3473,5.4,5.3465,5.4,1333,0
ISIG.US,5,20211129,184000,5.42,5.43,5.4,5.43,700,0
ISIG.US,5,20211129,184500,5.43,5.43,5.41,5.4173,500,0
ISIG.US,5,20211129,191000,5.42,5.42,5.42,5.42,500,0
ISIG.US,5,20211129,200000,5.42,5.42,5.42,5.42,300,0
ISIG.US,5,20211129,202500,5.31,5.31,5.3036,5.3036,800,0
ISIG.US,5,20211129,210500,5.32,5.32,5.32,5.32,100,0
ISIG.US,5,20211129,212000,5.43,5.43,5.43,5.43,300,0
ISIG.US,5,20211129,212500,5.41,5.48,5.41,5.48,934,0
ISIG.US,5,20211129,213000,5.48,5.495,5.48,5.49,400,0
ISIG.US,5,20211129,215000,5.3247,5.3247,5.3247,5.3247,100,0
ISIG.US,5,20211130,153500,5.31,5.3873,5.31,5.3873,941,0
ISIG.US,5,20211130,161000,5.2956,5.2956,5.2956,5.2956,304,0
ISIG.US,5,20211130,163000,5.3001,5.3001,5.3001,5.3001,200,0
ISIG.US,5,20211130,163500,5.5,5.52,5.5,5.52,200,0
ISIG.US,5,20211130,165500,5.365,5.365,5.2801,5.2801,500,0
ISIG.US,5,20211130,170000,5.41,5.41,5.41,5.41,100,0
ISIG.US,5,20211130,170500,5.3197,5.3197,5.3197,5.3197,100,0
ISIG.US,5,20211130,171000,5.4,5.4,5.4,5.4,300,0
ISIG.US,5,20211130,171500,5.34,5.34,5.34,5.34,100,0
ISIG.US,5,20211130,175000,5.365,5.365,5.3483,5.3483,500,0
ISIG.US,5,20211130,180000,5.38,5.38,5.38,5.38,300,0
ISIG.US,5,20211130,182000,5.345,5.345,5.345,5.345,100,0
ISIG.US,5,20211130,183500,5.38,5.38,5.38,5.38,100,0
ISIG.US,5,20211130,184500,5.37,5.42,5.37,5.42,1000,0
ISIG.US,5,20211130,185000,5.44,5.44,5.44,5.44,100,0
ISIG.US,5,20211130,190500,5.34,5.34,5.34,5.34,120,0
ISIG.US,5,20211130,192000,5.3301,5.3301,5.3301,5.3301,1500,0
ISIG.US,5,20211130,193000,5.44,5.45,5.44,5.45,200,0
ISIG.US,5,20211130,194500,5.4,5.4,5.4,5.4,200,0
ISIG.US,5,20211130,200000,5.4,5.4,5.4,5.4,100,0
ISIG.US,5,20211130,202500,5.375,5.375,5.375,5.375,200,0
ISIG.US,5,20211130,203000,5.3575,5.3575,5.3575,5.3575,142,0
ISIG.US,5,20211130,204000,5.38,5.38,5.38,5.38,100,0
ISIG.US,5,20211130,210500,5.38,5.38,5.38,5.38,600,0
ISIG.US,5,20211130,211500,5.37,5.37,5.33,5.33,200,0
ISIG.US,5,20211130,213000,5.37,5.37,5.37,5.37,200,0
ISIG.US,5,20211130,213500,5.37,5.37,5.3353,5.3353,203,0
ISIG.US,5,20211130,214000,5.34,5.34,5.34,5.34,100,0
ISIG.US,5,20211130,214500,5.37,5.37,5.37,5.37,100,0
ISIG.US,5,20211130,215500,5.37,5.37,5.32,5.32,376,0
ISIG.US,5,20211201,155000,5.31,5.31,5.31,5.31,456,0
ISIG.US,5,20211201,155500,5.33,5.33,5.2901,5.2901,775,0
ISIG.US,5,20211201,160000,5.425,5.425,5.425,5.425,100,0
ISIG.US,5,20211201,165000,5.45,5.45,5.45,5.45,700,0
ISIG.US,5,20211201,170000,5.53,5.53,5.53,5.53,100,0
ISIG.US,5,20211201,170500,5.53,5.53,5.5204,5.53,900,0
ISIG.US,5,20211201,171500,5.4577,5.4577,5.4577,5.4577,100,0
ISIG.US,5,20211201,172500,5.5273,5.5273,5.5273,5.5273,100,0
ISIG.US,5,20211201,173500,5.5,5.5,5.5,5.5,100,0
ISIG.US,5,20211201,174000,5.49,5.49,5.49,5.49,100,0
ISIG.US,5,20211201,174500,5.4001,5.4001,5.4001,5.4001,875,0
ISIG.US,5,20211201,180000,5.425,5.425,5.425,5.425,1000,0
ISIG.US,5,20211201,180500,5.4,5.4,5.4,5.4,100,0
ISIG.US,5,20211201,181500,5.4352,5.4352,5.4352,5.4352,100,0
ISIG.US,5,20211201,183000,5.415,5.415,5.415,5.415,200,0
ISIG.US,5,20211201,184500,5.42,5.42,5.41,5.415,500,0
ISIG.US,5,20211201,185000,5.41,5.41,5.41,5.41,922,0
ISIG.US,5,20211201,190000,5.4233,5.4233,5.41,5.41,200,0
ISIG.US,5,20211201,190500,5.4,5.4,5.4,5.4,523,0
ISIG.US,5,20211201,202500,5.32,5.32,5.32,5.32,100,0
ISIG.US,5,20211201,204500,5.36,5.36,5.36,5.36,100,0
ISIG.US,5,20211201,212500,5.27,5.27,5.25,5.25,200,0
ISIG.US,5,20211201,213500,5.25,5.25,5.25,5.25,1300,0
ISIG.US,5,20211201,214000,5.25,5.25,5.25,5.25,100,0
ISIG.US,5,20211201,214500,5.25,5.29,5.08,5.08,4600,0
ISIG.US,5,20211201,215000,5.0835,5.18,5.082,5.082,8455,0
ISIG.US,5,20211201,215500,5.0901,5.19,5.0901,5.19,250,0
ISIG.US,5,20211202,153000,5.23,5.4002,5.23,5.4002,2250,0
ISIG.US,5,20211202,153500,5.4277,5.4277,5.4277,5.4277,100,0
ISIG.US,5,20211202,154500,5.36,5.38,5.35,5.38,501,0
ISIG.US,5,20211202,155000,5.4,5.42,5.4,5.4,568,0
ISIG.US,5,20211202,161500,5.4,5.4,5.4,5.4,100,0
ISIG.US,5,20211202,163500,5.36,5.36,5.34,5.34,800,0
ISIG.US,5,20211202,164000,5.38,5.38,5.36,5.36,400,0
ISIG.US,5,20211202,171500,5.4014,5.4014,5.4014,5.4014,1000,0
ISIG.US,5,20211202,173000,5.4,5.4,5.4,5.4,194,0
ISIG.US,5,20211202,174000,5.4,5.4,5.4,5.4,200,0
ISIG.US,5,20211202,181500,5.41,5.41,5.4,5.4,209,0
ISIG.US,5,20211202,183500,5.41,5.41,5.41,5.41,100,0
ISIG.US,5,20211202,193000,5.4,5.4,5.4,5.4,293,0
ISIG.US,5,20211202,193500,5.4,5.4,5.4,5.4,393,0
ISIG.US,5,20211202,194500,5.4324,5.4324,5.4324,5.4324,2846,0
ISIG.US,5,20211202,203000,5.472,5.49,5.47,5.49,1620,0
ISIG.US,5,20211202,203500,5.49,5.49,5.49,5.49,100,0
ISIG.US,5,20211202,204000,5.4971,5.4971,5.4971,5.4971,200,0
ISIG.US,5,20211202,211500,5.497,5.5591,5.497,5.5591,1125,0
ISIG.US,5,20211202,212000,5.53,5.53,5.5,5.5,299,0
ISIG.US,5,20211202,213500,5.5348,5.5348,5.5348,5.5348,120,0
ISIG.US,5,20211202,214000,5.53,5.6,5.53,5.6,883,0
ISIG.US,5,20211202,215000,5.69,5.69,5.66,5.66,213,0
ISIG.US,5,20211202,215500,5.69,5.77,5.66,5.77,4001,0
ISIG.US,5,20211203,153000,5.64,5.64,5.64,5.64,211,0
ISIG.US,5,20211203,153500,5.3474,5.3474,5.3474,5.3474,100,0
ISIG.US,5,20211203,154500,5.4692,5.4692,5.36,5.36,1501,0
ISIG.US,5,20211203,155000,5.39,5.39,5.13,5.14,7267,0
ISIG.US,5,20211203,162000,5.1401,5.1401,5.1401,5.1401,100,0
ISIG.US,5,20211203,165000,5.17,5.256,5.17,5.256,1500,0
ISIG.US,5,20211203,174500,5.3,5.3389,5.3,5.3389,485,0
ISIG.US,5,20211203,175000,5.34,5.34,5.34,5.34,100,0
ISIG.US,5,20211203,190000,5.3099,5.3099,5.3099,5.3099,109,0
ISIG.US,5,20211203,193000,5.1582,5.1582,5.1582,5.1582,200,0
ISIG.US,5,20211203,201500,5.17,5.17,5.17,5.17,100,0
ISIG.US,5,20211203,211500,5.18,5.18,5.05,5.05,1240,0
ISIG.US,5,20211203,212000,5.0227,5.025,4.95,4.952,5086,0
ISIG.US,5,20211203,212500,4.975,5.02,4.975,5.02,300,0
ISIG.US,5,20211203,214000,4.94,4.94,4.94,4.94,100,0
ISIG.US,5,20211203,214500,4.925,4.93,4.925,4.93,700,0
ISIG.US,5,20211203,215000,4.945,4.95,4.945,4.95,300,0
ISIG.US,5,20211203,215500,4.954,4.954,4.94,4.94,675,0
ISIG.US,5,20211206,153000,6.6,6.7,6.02,6.5943,337305,0
ISIG.US,5,20211206,153500,6.55,6.88,5.88,6.59,781042,0
ISIG.US,5,20211206,154000,6.59,7.1,6.44,6.735,1543871,0
ISIG.US,5,20211206,154500,6.7201,6.8899,6.33,6.55,875049,0
ISIG.US,5,20211206,155000,6.54,7,6.54,6.7801,921533,0
ISIG.US,5,20211206,155500,6.7817,7.24,6.77,7.165,1918884,0
ISIG.US,5,20211206,160000,7.15,7.24,6.63,6.759,1135163,0
ISIG.US,5,20211206,160500,6.75,7.2899,6.38,6.74,758689,0
ISIG.US,5,20211206,161000,6.74,7,6.73,6.96,707772,0
ISIG.US,5,20211206,161500,6.8801,7.17,6.66,7.0201,878678,0
ISIG.US,5,20211206,162000,7.0212,7.15,6.8,6.96,784973,0
ISIG.US,5,20211206,162500,6.9696,7.31,6.81,6.9249,1261393,0
ISIG.US,5,20211206,163000,6.95,7.06,6.63,6.79,640750,0
ISIG.US,5,20211206,163500,6.7952,6.8,6.52,6.67,369666,0
ISIG.US,5,20211206,164000,6.67,7.02,6.53,6.8,471088,0
ISIG.US,5,20211206,164500,6.8414,7.05,6.72,6.8499,457711,0
ISIG.US,5,20211206,165000,6.8201,7.15,6.7,7.11,647848,0
ISIG.US,5,20211206,165500,7.1,7.3,6.85,7.15,756267,0
ISIG.US,5,20211206,170000,7.0205,7.26,7,7.07,518127,0
ISIG.US,5,20211206,170500,7.0625,7.27,6.9,7.1892,632250,0
ISIG.US,5,20211206,171000,7.2,7.55,7.2,7.5092,1318060,0
ISIG.US,5,20211206,171500,7.51,7.85,7.47,7.6964,1379249,0
ISIG.US,5,20211206,172000,7.6823,7.88,7.41,7.48,907829,0
ISIG.US,5,20211206,172500,7.49,7.7,7.41,7.5101,625633,0
ISIG.US,5,20211206,173000,7.5107,8,7.5101,7.9345,798018,0
ISIG.US,5,20211206,173500,7.95,8.4499,7.81,7.8501,1131155,0
ISIG.US,5,20211206,174000,7.8937,8,7.8,7.8944,356402,0
ISIG.US,5,20211206,174500,7.9278,8.19,7.8714,8.0589,573061,0
ISIG.US,5,20211206,175000,8.055,9.2299,8.05,8.84,1502328,0
ISIG.US,5,20211206,175500,8.84,9.5,8.79,9.5,740695,0
ISIG.US,5,20211206,180500,10.03,11.03,10,11.03,320604,0
ISIG.US,5,20211206,181000,11.04,12.14,11.03,12.14,357412,0
ISIG.US,5,20211206,181500,12.14,13.3,10.93,10.93,273252,0
ISIG.US,5,20211206,182000,10.48,12,10.33,11.77,1586074,0
ISIG.US,5,20211206,182500,11.7996,12.5,11.53,11.878,2026107,0
ISIG.US,5,20211206,183000,11.84,12.0999,11.05,11.96,1188440,0
ISIG.US,5,20211206,183500,11.925,12.25,11.3001,11.7851,1205934,0
ISIG.US,5,20211206,184000,11.81,13.7,11.8,13.31,2697236,0
ISIG.US,5,20211206,184500,13.3165,13.6,12.76,13.0001,1452315,0
ISIG.US,5,20211206,185000,13.0449,13.8,12.63,13.0901,1429023,0
ISIG.US,5,20211206,185500,13.11,13.98,12.93,13.9001,1346043,0
ISIG.US,5,20211206,190000,13.9009,14.01,13.18,13.63,1282271,0
ISIG.US,5,20211206,190500,13.63,13.69,12.76,13.1237,752559,0
ISIG.US,5,20211206,191000,13.13,13.19,12.66,13.0999,534259,0
ISIG.US,5,20211206,191500,13.0819,13.23,11.9,12.0984,848155,0
ISIG.US,5,20211206,192000,12.1,12.13,11.77,11.9992,792574,0
ISIG.US,5,20211206,192500,11.9738,12,11.61,11.9,334548,0
ISIG.US,5,20211206,193000,11.9499,12.0999,11.36,11.9062,570173,0
ISIG.US,5,20211206,193500,11.9101,12.31,11.83,12.135,650892,0
ISIG.US,5,20211206,194000,12.1399,12.67,12.11,12.17,986303,0
ISIG.US,5,20211206,194500,12.175,12.85,12.07,12.7501,812685,0
ISIG.US,5,20211206,195000,12.75,14.27,12.65,14.27,1180201,0
ISIG.US,5,20211206,195500,14.5,15.3,14.28,14.5788,785477,0
ISIG.US,5,20211206,200000,14.535,15.2099,13.65,14.0958,1575782,0
ISIG.US,5,20211206,200500,14.0801,14.3,13.35,13.4454,778286,0
ISIG.US,5,20211206,201000,13.4496,13.7,13.22,13.38,552801,0
ISIG.US,5,20211206,201500,13.37,13.37,12.57,12.89,596948,0
ISIG.US,5,20211206,202000,12.895,14.08,12.6,13.87,1223314,0
ISIG.US,5,20211206,202500,13.9,14.45,13.8,14.11,1263351,0
ISIG.US,5,20211206,203000,14.16,14.6299,13.8,13.88,864218,0
ISIG.US,5,20211206,203500,13.8501,13.91,13.35,13.54,452883,0
ISIG.US,5,20211206,204000,13.53,14.18,13.41,13.81,774546,0
ISIG.US,5,20211206,204500,13.81,14.14,13.65,13.84,549257,0
ISIG.US,5,20211206,205000,13.86,14.05,13.25,13.787,835337,0
ISIG.US,5,20211206,205500,13.8099,15.15,13.65,14.54,1187732,0
ISIG.US,5,20211206,210000,14.45,14.84,14.1,14.6894,1335565,0
ISIG.US,5,20211206,210500,14.66,15.7099,14.17,14.545,1858267,0
ISIG.US,5,20211206,211000,14.5454,14.66,14.18,14.5001,677871,0
ISIG.US,5,20211206,211500,14.5459,14.6051,13.89,14.11,704966,0
ISIG.US,5,20211206,212000,14.12,14.21,13.52,13.87,721369,0
ISIG.US,5,20211206,212500,13.87,14.54,13.6701,14.3141,1020694,0
ISIG.US,5,20211206,213000,14.35,14.3957,13.68,14.1,656523,0
ISIG.US,5,20211206,213500,14.13,14.6,13.7,13.8,797459,0
ISIG.US,5,20211206,214000,13.8001,14.4,13.7001,14.08,608195,0
ISIG.US,5,20211206,214500,14.0601,14.1,12.92,13.11,792537,0
ISIG.US,5,20211206,215000,13.11,14.7099,12.94,14.45,1146045,0
ISIG.US,5,20211206,215500,14.394,15.48,14.18,15.05,1730086,0
ISIG.US,5,20211207,153000,11.02,11.9799,11,11.8971,528973,0
ISIG.US,5,20211207,153500,11.8973,11.8973,10.52,10.7365,499115,0
ISIG.US,5,20211207,154000,10.6806,10.8,10.3,10.38,233644,0
ISIG.US,5,20211207,154500,10.3987,10.78,10.3,10.31,210922,0
ISIG.US,5,20211207,155000,10.3,10.486,10.11,10.37,197712,0
ISIG.US,5,20211207,155500,10.379,10.97,10.3618,10.705,255920,0
ISIG.US,5,20211207,160000,10.7,11.87,10.5216,11.87,263517,0
ISIG.US,5,20211207,160500,12.4,12.7879,11.67,11.8094,748155,0
ISIG.US,5,20211207,161000,11.81,11.8199,11.06,11.3,862529,0
ISIG.US,5,20211207,161500,11.3,11.5,10.93,11,393039,0
ISIG.US,5,20211207,162000,11,11.44,10.65,10.7106,282763,0
ISIG.US,5,20211207,162500,10.7107,10.9748,10.68,10.85,127974,0
ISIG.US,5,20211207,163000,10.8575,11.12,10.77,10.8293,105870,0
ISIG.US,5,20211207,163500,10.8101,11.07,10.81,11.0699,37866,0
ISIG.US,5,20211207,164000,11.05,11.08,10.77,10.87,32958,0
ISIG.US,5,20211207,164500,10.91,10.9499,10.4106,10.58,89722,0
ISIG.US,5,20211207,165000,10.6,10.7,10.35,10.6111,67751,0
ISIG.US,5,20211207,165500,10.69,10.92,10.6102,10.71,67958,0
ISIG.US,5,20211207,170000,10.74,10.9195,10.52,10.6899,48197,0
ISIG.US,5,20211207,170500,10.6601,10.83,10.61,10.61,26625,0
ISIG.US,5,20211207,171000,10.62,10.91,10.6101,10.69,125111,0
ISIG.US,5,20211207,171500,10.65,10.79,10.62,10.7466,42562,0
ISIG.US,5,20211207,172000,10.75,10.85,10.42,10.46,100144,0
ISIG.US,5,20211207,172500,10.5,10.5633,10.25,10.26,66463,0
ISIG.US,5,20211207,173000,10.26,10.35,10.1,10.35,121742,0
ISIG.US,5,20211207,173500,10.37,10.37,9.72,9.909,190167,0
ISIG.US,5,20211207,174000,9.89,9.95,9.85,9.9293,60354,0
ISIG.US,5,20211207,174500,9.9,10.05,9.85,9.99,61502,0
ISIG.US,5,20211207,175000,9.9852,10.12,9.88,9.995,45892,0
ISIG.US,5,20211207,175500,9.9881,9.9899,9.85,9.86,53812,0
ISIG.US,5,20211207,180000,9.9465,9.95,9.6784,9.8299,126659,0
ISIG.US,5,20211207,180500,9.7864,9.95,9.77,9.9,53419,0
ISIG.US,5,20211207,181000,9.89,9.8999,9.8101,9.82,34147,0
ISIG.US,5,20211207,181500,9.82,9.862,9.61,9.72,74134,0
ISIG.US,5,20211207,182000,9.77,9.8,9.65,9.6985,38500,0
ISIG.US,5,20211207,182500,9.685,9.73,9.55,9.63,87347,0
ISIG.US,5,20211207,183000,9.6287,9.6294,9.32,9.4,148006,0
ISIG.US,5,20211207,183500,9.475,10.05,9.372,9.9926,216263,0
ISIG.US,5,20211207,184000,10.04,10.5,9.87,10.1753,384027,0
ISIG.US,5,20211207,184500,10.2,10.3,9.8849,10.095,114269,0
ISIG.US,5,20211207,185000,10.09,10.0999,9.67,10.04,106603,0
ISIG.US,5,20211207,185500,9.93,10.18,9.901,10.012,40228,0
ISIG.US,5,20211207,190000,10.0556,10.0556,9.781,9.8628,49967,0
ISIG.US,5,20211207,190500,9.9183,9.9183,9.63,9.77,39672,0
ISIG.US,5,20211207,191000,9.785,9.85,9.7,9.7442,11509,0
ISIG.US,5,20211207,191500,9.74,9.98,9.72,9.98,53752,0
ISIG.US,5,20211207,192000,9.9767,10.02,9.8,9.8255,34215,0
ISIG.US,5,20211207,192500,9.9323,9.95,9.62,9.8201,71487,0
ISIG.US,5,20211207,193000,9.8801,10.3,9.8398,10.2001,119071,0
ISIG.US,5,20211207,193500,10.225,10.58,10.1301,10.31,116242,0
ISIG.US,5,20211207,194000,10.31,10.4,10.04,10.06,64582,0
ISIG.US,5,20211207,194500,10.1499,10.4,10.0601,10.4,35869,0
ISIG.US,5,20211207,195000,10.385,10.4,10.2568,10.3533,31958,0
ISIG.US,5,20211207,195500,10.345,10.6,10.25,10.5,81132,0
ISIG.US,5,20211207,200000,10.4201,10.79,10.36,10.7399,127813,0
ISIG.US,5,20211207,200500,10.7395,10.86,10.61,10.7795,198074,0
ISIG.US,5,20211207,201000,10.7255,10.82,10.26,10.5,134464,0
ISIG.US,5,20211207,201500,10.4692,10.6399,10.3,10.3825,60986,0
ISIG.US,5,20211207,202000,10.395,10.395,10.1,10.3053,48735,0
ISIG.US,5,20211207,202500,10.34,10.5,10.2,10.31,30342,0
ISIG.US,5,20211207,203000,10.32,10.68,10.32,10.68,55475,0
ISIG.US,5,20211207,203500,10.5718,10.75,10.53,10.6,86328,0
ISIG.US,5,20211207,204000,10.6,10.65,10.5,10.58,31130,0
ISIG.US,5,20211207,204500,10.54,10.83,10.52,10.83,66596,0
ISIG.US,5,20211207,205000,10.85,11.11,10.505,10.52,181642,0
ISIG.US,5,20211207,205500,10.5481,10.6294,10.4,10.46,47022,0
ISIG.US,5,20211207,210000,10.47,10.5199,10.26,10.41,31194,0
ISIG.US,5,20211207,210500,10.37,10.37,10.05,10.25,55566,0
ISIG.US,5,20211207,211000,10.2697,10.49,10.1,10.4331,33665,0
ISIG.US,5,20211207,211500,10.32,10.4199,10.24,10.27,20221,0
ISIG.US,5,20211207,212000,10.2699,10.43,10.246,10.3357,13152,0
ISIG.US,5,20211207,212500,10.294,10.55,10.2711,10.4884,37276,0
ISIG.US,5,20211207,213000,10.4805,10.64,10.48,10.55,49975,0
ISIG.US,5,20211207,213500,10.48,10.68,10.45,10.46,94243,0
ISIG.US,5,20211207,214000,10.45,10.5681,10.3204,10.53,35632,0
ISIG.US,5,20211207,214500,10.5143,10.55,10.39,10.3984,45013,0
ISIG.US,5,20211207,215000,10.48,10.4999,10.14,10.3499,40600,0
ISIG.US,5,20211207,215500,10.245,10.43,10.22,10.38,82825,0
ISIG.US,5,20211208,153000,12.8,13.44,12.16,12.6486,2406077,0
ISIG.US,5,20211208,153500,12.62,13.3499,12.3,13.33,1320934,0
ISIG.US,5,20211208,154000,13.3032,14.17,13.259,14.17,460159,0
ISIG.US,5,20211208,155000,15.35,16.89,14.4,16.89,633086,0
ISIG.US,5,20211208,155500,16.91,19.75,16.12,19.75,4332558,0
ISIG.US,5,20211208,160000,19.72,19.97,17.74,18.215,2810760,0
ISIG.US,5,20211208,160500,18.28,19.4,18.05,18.93,1808477,0
ISIG.US,5,20211208,161000,18.88,19.6099,18,18.37,1938854,0
ISIG.US,5,20211208,161500,18.38,19,18.1,18.635,1141774,0
ISIG.US,5,20211208,162000,18.61,20.6,18.35,20.6,861860,0
ISIG.US,5,20211208,162500,21.2,24.2,20.65,23.034,3416256,0
ISIG.US,5,20211208,163000,23.01,23.25,21.23,22.78,1660449,0
ISIG.US,5,20211208,163500,22.78,22.78,21.56,22.345,816690,0
ISIG.US,5,20211208,164000,22.35,23.17,20.14,20.5501,1602702,0
ISIG.US,5,20211208,164500,20.64,21.44,20.08,21.2286,835794,0
ISIG.US,5,20211208,165000,21.225,21.88,20.3844,21.8201,850115,0
ISIG.US,5,20211208,165500,21.82,22.33,21.15,21.4661,960058,0
ISIG.US,5,20211208,170000,21.5,22.6994,21.2001,22.517,859750,0
ISIG.US,5,20211208,170500,22.4802,24.85,22.1,23.6,1959836,0
ISIG.US,5,20211208,171000,23.5999,23.5999,22.13,22.89,829812,0
ISIG.US,5,20211208,171500,22.9,23.91,22.5401,23.2009,884405,0
ISIG.US,5,20211208,172000,23.4499,23.82,20.84,21.6,996584,0
ISIG.US,5,20211208,172500,21.4601,21.6476,20.9,21.115,409169,0
ISIG.US,5,20211208,173000,21.13,21.58,20.5,21.3963,481845,0
ISIG.US,5,20211208,173500,21.3999,21.68,20.91,21.45,356661,0
ISIG.US,5,20211208,174000,21.42,22.2799,20.85,22.2799,551857,0
ISIG.US,5,20211208,174500,22.2266,22.26,21.11,21.35,448391,0
ISIG.US,5,20211208,175000,21.36,21.6456,20.7,21.14,345857,0
ISIG.US,5,20211208,175500,21.1318,21.75,20.95,20.9586,344413,0
ISIG.US,5,20211208,180000,21.03,21.8,20.6,21.383,431888,0
ISIG.US,5,20211208,180500,21.368,22.83,21.2001,21.97,864282,0
ISIG.US,5,20211208,181000,21.97,22.8,21.33,21.7108,717153,0
ISIG.US,5,20211208,181500,21.71,21.95,20.82,21.3399,486123,0
ISIG.US,5,20211208,182000,21.34,21.46,20.7,21.18,304225,0
ISIG.US,5,20211208,182500,21.08,21.44,18.82,19.1231,424298,0
ISIG.US,5,20211208,183000,19.11,20.33,18.66,18.9299,735255,0
ISIG.US,5,20211208,183500,18.8863,19.43,18.48,19.0208,461303,0
ISIG.US,5,20211208,184000,19.07,19.49,19.0001,19.49,276023,0
ISIG.US,5,20211208,184500,19.4501,19.9,19,19.4001,407583,0
ISIG.US,5,20211208,185000,19.44,19.97,19.2,19.31,299125,0
ISIG.US,5,20211208,185500,19.2401,19.55,18.6614,19.31,363868,0
ISIG.US,5,20211208,190000,19.2999,19.5,18.6,19.235,301005,0
ISIG.US,5,20211208,190500,19.2417,19.2999,18.8,18.98,149561,0
ISIG.US,5,20211208,191000,18.9,19.71,18.9,19.4512,337008,0
ISIG.US,5,20211208,191500,19.5,19.8,18.75,19.1,358799,0
ISIG.US,5,20211208,192000,19.05,19.3999,19,19.08,114993,0
ISIG.US,5,20211208,192500,19.09,19.7,18.9,19.5429,344558,0
ISIG.US,5,20211208,193000,19.48,19.569,18.93,19.06,210543,0
ISIG.US,5,20211208,193500,19.0391,19.0999,18.09,18.67,462868,0
ISIG.US,5,20211208,194000,18.67,18.77,18.2524,18.445,159651,0
ISIG.US,5,20211208,194500,18.45,18.5599,18.03,18.49,222704,0
ISIG.US,5,20211208,195000,18.3901,19.0999,18.3,18.81,320128,0
ISIG.US,5,20211208,195500,18.8644,19.45,18.4,19.1398,183423,0
ISIG.US,5,20211208,200000,19.165,21.17,19.08,20.547,1383774,0
ISIG.US,5,20211208,200500,20.5301,21.5,20.25,21.495,870814,0
ISIG.US,5,20211208,201000,21.5,21.5,20.6153,20.7,844091,0
ISIG.US,5,20211208,201500,20.7149,21.93,20.66,21.53,1148098,0
ISIG.US,5,20211208,202000,21.5499,22.2299,21.35,21.78,955465,0
ISIG.US,5,20211208,202500,21.7901,22.17,20.66,20.75,747311,0
ISIG.US,5,20211208,203000,20.79,21.25,20.7401,21.0201,328559,0
ISIG.US,5,20211208,203500,21.0775,21.6899,20.86,20.94,365254,0
ISIG.US,5,20211208,204000,20.9601,22,20.96,21.6999,453934,0
ISIG.US,5,20211208,204500,21.675,21.8,21.11,21.3501,369469,0
ISIG.US,5,20211208,205000,21.4387,21.5735,20.05,20.6701,587810,0
ISIG.US,5,20211208,205500,20.62,20.85,20.3,20.31,191990,0
ISIG.US,5,20211208,210000,20.3481,20.7799,20.3,20.4214,142204,0
ISIG.US,5,20211208,210500,20.415,21.95,20.35,21.8,432180,0
ISIG.US,5,20211208,211000,21.81,22.5499,21.23,21.52,679098,0
ISIG.US,5,20211208,211500,21.5594,21.56,20.2,20.4736,354429,0
ISIG.US,5,20211208,212000,20.4527,20.49,18.8163,19.83,636729,0
ISIG.US,5,20211208,212500,19.8126,19.9893,19.0501,19.24,294895,0
ISIG.US,5,20211208,213000,19.25,19.45,18.2701,18.5,355954,0
ISIG.US,5,20211208,213500,18.525,18.939,18.1,18.3,257027,0
ISIG.US,5,20211208,214000,18.22,19.34,18.22,19.035,433827,0
ISIG.US,5,20211208,214500,19.035,19.9,18.97,19.5694,407914,0
ISIG.US,5,20211208,215000,19.57,20.22,19.18,19.59,405575,0
ISIG.US,5,20211208,215500,19.58,19.87,18.86,19.11,387636,0
ISIG.US,5,20211209,153000,17.21,19.04,16.83,19.04,136948,0
ISIG.US,5,20211209,154000,21,22.1798,19.1,21.9077,869499,0
ISIG.US,5,20211209,154500,21.99,22.48,20.61,22.1955,843102,0
ISIG.US,5,20211209,155000,22.16,23.88,22.1,23.88,566302,0
ISIG.US,5,20211209,155500,24.92,27.41,24,27.41,299726,0
ISIG.US,5,20211209,160000,28.5,32.83,27.5,29.0601,2341135,0
ISIG.US,5,20211209,160500,29.07,31.8099,28.82,29.1994,1319986,0
ISIG.US,5,20211209,161000,29.1327,30,27.8,28.5001,937062,0
ISIG.US,5,20211209,161500,28.505,32.06,28.11,32.06,732608,0
ISIG.US,5,20211209,162000,33.25,35.5,32.15,33.06,1480839,0
ISIG.US,5,20211209,162500,33.045,33.37,30.37,30.3847,925172,0
ISIG.US,5,20211209,163000,30.3889,31.9,30.21,30.9499,546508,0
ISIG.US,5,20211209,163500,30.8,30.89,28.11,28.96,706872,0
ISIG.US,5,20211209,164000,28.9541,30.08,27.6,27.76,551559,0
ISIG.US,5,20211209,164500,27.751,28.28,26.25,27.21,609820,0
ISIG.US,5,20211209,165000,27.3736,27.7998,26.53,26.95,333781,0
ISIG.US,5,20211209,165500,27.1,29.34,26.8201,27.445,485773,0
ISIG.US,5,20211209,170000,27.4682,28.47,26.87,26.87,316332,0
ISIG.US,5,20211209,170500,26.9289,28.92,26.9289,28.3444,368987,0
ISIG.US,5,20211209,171000,28.305,28.5,27.01,27.38,327949,0
ISIG.US,5,20211209,171500,27.47,28.1,25.56,26.25,389049,0
ISIG.US,5,20211209,172000,26.1201,26.74,26.11,26.45,161651,0
ISIG.US,5,20211209,172500,26.3579,27.3999,26.35,27.0928,323171,0
ISIG.US,5,20211209,173000,27.09,29.31,26.699,28.95,610420,0
ISIG.US,5,20211209,173500,28.95,29.88,28.74,29.08,778950,0
ISIG.US,5,20211209,174000,29.13,29.3,28.2801,29.2199,405303,0
ISIG.US,5,20211209,174500,29.14,29.61,28.4,28.51,425062,0
ISIG.US,5,20211209,175000,28.695,28.8461,27.02,27.64,324780,0
ISIG.US,5,20211209,175500,27.63,28.07,27.1701,27.2301,100443,0
ISIG.US,5,20211209,180000,27.23,28.36,27.1901,27.6151,138738,0
ISIG.US,5,20211209,180500,27.6935,28,27.2,27.545,125677,0
ISIG.US,5,20211209,181000,27.6099,27.62,26.55,27.54,177934,0
ISIG.US,5,20211209,181500,27.565,28.0299,27.1,27.6,129294,0
ISIG.US,5,20211209,182000,27.6399,28.6,27.25,27.435,275254,0
ISIG.US,5,20211209,182500,27.39,27.75,27,27.47,96265,0
ISIG.US,5,20211209,183000,27.49,29,27.15,28.6411,296373,0
ISIG.US,5,20211209,183500,28.6792,29.34,27.801,28.075,353605,0
ISIG.US,5,20211209,184000,28.1499,28.78,27.71,28.245,118204,0
ISIG.US,5,20211209,184500,28.26,29.4,28.21,29.236,348458,0
ISIG.US,5,20211209,185000,29.08,31.85,26.65,27.5938,909805,0
ISIG.US,5,20211209,185500,27.7999,27.7999,26.9501,27.22,135876,0
ISIG.US,5,20211209,190000,27.23,28.24,27.2,27.6472,154352,0
ISIG.US,5,20211209,190500,27.67,28.1,27.2,27.2,96974,0
ISIG.US,5,20211209,191000,27.2093,27.4499,26.06,26.5599,181997,0
ISIG.US,5,20211209,191500,26.56,27,26.52,26.66,116906,0
ISIG.US,5,20211209,192000,26.62,26.65,25.6,25.91,172857,0
ISIG.US,5,20211209,192500,26.01,26.1339,24.15,25.0853,208686,0
ISIG.US,5,20211209,193000,25,25.1099,24.1,24.6697,160533,0
ISIG.US,5,20211209,193500,24.5101,25.45,24.2962,25.29,139503,0
ISIG.US,5,20211209,194000,25.2,25.69,24.61,25.2896,123785,0
ISIG.US,5,20211209,194500,25.161,25.6,24.7,24.9,74930,0
ISIG.US,5,20211209,195000,24.97,24.9899,24.2,24.4,70680,0
ISIG.US,5,20211209,195500,24.3501,26.4,24.3501,25.94,255531,0
ISIG.US,5,20211209,200000,26,26.95,25.75,26.23,300144,0
ISIG.US,5,20211209,200500,26.25,26.69,25.66,26.2631,133514,0
ISIG.US,5,20211209,201000,26.1001,26.7,25.75,26.61,152484,0
ISIG.US,5,20211209,201500,26.55,27.5,26.24,26.4001,436405,0
ISIG.US,5,20211209,202000,26.5,26.79,26.13,26.2006,97645,0
ISIG.US,5,20211209,202500,26.2099,26.5,25.95,26.12,107631,0
ISIG.US,5,20211209,203000,26.11,26.13,25.58,25.87,85519,0
ISIG.US,5,20211209,203500,25.7801,26.25,25.5,25.6187,100202,0
ISIG.US,5,20211209,204000,25.6217,25.99,25.3853,25.9,53523,0
ISIG.US,5,20211209,204500,25.9773,25.9773,25.14,25.285,72750,0
ISIG.US,5,20211209,205000,25.29,25.9499,24.81,25.235,141405,0
ISIG.US,5,20211209,205500,25.1487,25.73,25.0695,25.5864,64322,0
ISIG.US,5,20211209,210000,25.43,26.1999,24.8026,24.85,136593,0
ISIG.US,5,20211209,210500,24.86,25.0191,24.35,24.35,98167,0
ISIG.US,5,20211209,211000,24.34,24.77,23.7301,23.77,125620,0
ISIG.US,5,20211209,211500,23.7605,24.4,23.62,23.62,100143,0
ISIG.US,5,20211209,212000,23.6001,24.37,23.565,23.8,90052,0
ISIG.US,5,20211209,212500,23.775,24,23.53,23.7999,72604,0
ISIG.US,5,20211209,213000,23.79,23.8999,22.8301,22.99,152659,0
ISIG.US,5,20211209,213500,22.9484,24.3884,22.6,23.8,183637,0
ISIG.US,5,20211209,214000,23.5101,24.5,23.5,24.1435,276029,0
ISIG.US,5,20211209,214500,23.935,23.935,23.0495,23.4016,123577,0
ISIG.US,5,20211209,215000,23.45,24.5,23.4101,24.4556,158593,0
ISIG.US,5,20211209,215500,24.47,25.2,22.55,23.5,341592,0
ISIG.US,5,20211210,153000,27.25,27.35,23.23,23.23,1704687,0
ISIG.US,5,20211210,153500,23.23,23.5699,22.5,23.03,891515,0
ISIG.US,5,20211210,154000,23.02,23.53,22.2,22.24,530552,0
ISIG.US,5,20211210,154500,22.24,22.33,21.76,21.925,354700,0
ISIG.US,5,20211210,155000,21.9602,22.78,21.7,21.8633,261102,0
ISIG.US,5,20211210,155500,21.865,22.8,21.8301,22.64,212015,0
ISIG.US,5,20211210,160000,22.58,23.35,21.1501,21.3998,562934,0
ISIG.US,5,20211210,160500,21.42,21.49,20.2,20.39,356070,0
ISIG.US,5,20211210,161000,20.4081,20.84,20.3,20.6,147352,0
ISIG.US,5,20211210,161500,20.6338,21.2,20.2,21.01,123993,0
ISIG.US,5,20211210,162000,20.99,21.28,20.52,20.63,110285,0
ISIG.US,5,20211210,162500,20.76,21.2,20.5,20.8,76128,0
ISIG.US,5,20211210,163000,20.755,21.41,20.04,20.78,167982,0
ISIG.US,5,20211210,163500,20.78,21.23,20.66,21.1219,82295,0
ISIG.US,5,20211210,164000,21.08,21.3,20.81,21.01,62088,0
ISIG.US,5,20211210,164500,21.0829,21.15,19.9,20.22,205547,0
ISIG.US,5,20211210,165000,20.2,20.3419,19.6,19.7,154629,0
ISIG.US,5,20211210,165500,19.72,20.2999,19.4,19.99,98029,0
ISIG.US,5,20211210,170000,19.9237,20.1499,19.5301,19.6614,60109,0
ISIG.US,5,20211210,170500,19.665,19.73,18.95,19,123188,0
ISIG.US,5,20211210,171000,19.08,19.398,18.9,19.33,61584,0
ISIG.US,5,20211210,171500,19.33,19.65,19.09,19.41,70072,0
ISIG.US,5,20211210,172000,19.41,20,19.41,19.95,73100,0
ISIG.US,5,20211210,172500,19.94,20.2,19.8,19.9236,105518,0
ISIG.US,5,20211210,173000,19.94,20.02,19.61,19.743,36061,0
ISIG.US,5,20211210,173500,19.81,21.41,19.81,21.13,270204,0
ISIG.US,5,20211210,174000,21.05,21.3815,20.5,20.8,129932,0
ISIG.US,5,20211210,174500,20.845,20.8899,20.55,20.785,66073,0
ISIG.US,5,20211210,175000,20.79,21.04,20.53,20.59,65819,0
ISIG.US,5,20211210,175500,20.58,20.6,20.03,20.5386,97630,0
ISIG.US,5,20211210,180000,20.51,20.78,20.4,20.7399,33901,0
ISIG.US,5,20211210,180500,20.695,20.88,20.63,20.68,51978,0
ISIG.US,5,20211210,181000,20.7,20.78,19,19.8028,85787,0
ISIG.US,5,20211210,181500,19.76,19.86,19.3,19.58,41143,0
ISIG.US,5,20211210,182000,19.6799,19.6799,19.1201,19.3915,59821,0
ISIG.US,5,20211210,182500,19.405,19.6,19.35,19.58,18051,0
ISIG.US,5,20211210,183000,19.5193,20.0478,19.5001,19.845,37856,0
ISIG.US,5,20211210,183500,19.8501,20,19.68,19.88,26737,0
ISIG.US,5,20211210,184000,19.88,19.9835,19.56,19.71,12521,0
ISIG.US,5,20211210,184500,19.6001,19.89,19.54,19.795,9044,0
ISIG.US,5,20211210,185000,19.8001,19.8001,19.47,19.6228,9248,0
ISIG.US,5,20211210,185500,19.69,19.8739,19.49,19.7599,14306,0
ISIG.US,5,20211210,190000,19.62,19.6664,19.4,19.5999,24252,0
ISIG.US,5,20211210,190500,19.59,20.64,19.4175,20.64,47220,0
ISIG.US,5,20211210,191000,20.35,20.9,19.94,19.94,98943,0
ISIG.US,5,20211210,191500,19.95,20,19.86,19.88,14455,0
ISIG.US,5,20211210,192000,19.85,19.85,19.4501,19.7003,24838,0
ISIG.US,5,20211210,192500,19.7,20,19.7,19.95,24794,0
ISIG.US,5,20211210,193000,19.9312,19.9312,19.64,19.83,13639,0
ISIG.US,5,20211210,193500,19.92,19.92,19.7,19.775,19486,0
ISIG.US,5,20211210,194000,19.75,19.8662,19.7,19.7,8281,0
ISIG.US,5,20211210,194500,19.71,19.88,19.7,19.825,9657,0
ISIG.US,5,20211210,195000,19.88,20.66,19.81,20.38,54781,0
ISIG.US,5,20211210,195500,20.375,20.4312,19.9975,20.18,34187,0
ISIG.US,5,20211210,200000,20.14,20.34,20.072,20.34,40030,0
ISIG.US,5,20211210,200500,20.2695,21.19,19.96,20.19,162855,0
ISIG.US,5,20211210,201000,20.16,20.2502,20.11,20.2,9090,0
ISIG.US,5,20211210,201500,20.18,20.2199,19.18,19.42,67949,0
ISIG.US,5,20211210,202000,19.42,19.56,19.32,19.455,7226,0
ISIG.US,5,20211210,202500,19.44,19.58,19.15,19.2818,16204,0
ISIG.US,5,20211210,203000,19.1802,19.37,19.1,19.105,37835,0
ISIG.US,5,20211210,203500,19.103,19.3708,19,19.3708,31409,0
ISIG.US,5,20211210,204000,19.4004,19.68,19.3001,19.48,28298,0
ISIG.US,5,20211210,204500,19.48,19.68,19.4175,19.68,8523,0
ISIG.US,5,20211210,205000,19.6999,20.73,19.59,19.92,142378,0
ISIG.US,5,20211210,205500,19.92,19.9698,19.2501,19.84,74507,0
ISIG.US,5,20211210,210000,19.7001,19.9999,19.7,19.845,18031,0
ISIG.US,5,20211210,210500,19.8514,19.9,19.54,19.648,7305,0
ISIG.US,5,20211210,211000,19.655,20.13,19.6,20.13,13519,0
ISIG.US,5,20211210,211500,20.0627,20.14,19.705,19.7655,32347,0
ISIG.US,5,20211210,212000,19.78,20.02,19.62,19.62,13618,0
ISIG.US,5,20211210,212500,19.7861,19.98,19.62,19.7499,14221,0
ISIG.US,5,20211210,213000,19.73,19.7699,19.47,19.59,17795,0
ISIG.US,5,20211210,213500,19.678,19.84,19.4,19.795,22441,0
ISIG.US,5,20211210,214000,19.78,20,19.54,19.54,28663,0
ISIG.US,5,20211210,214500,19.88,20.36,19.56,20.2894,56677,0
ISIG.US,5,20211210,215000,20.3,20.72,20.11,20.21,127284,0
ISIG.US,5,20211210,215500,20.21,20.7,20.06,20.7,63201,0
ISIG.US,5,20211213,153000,20.7,20.79,19.69,19.76,55596,0
ISIG.US,5,20211213,153500,19.75,20.205,19.5,19.9256,34910,0
ISIG.US,5,20211213,154000,19.8901,21,19.75,20.6175,96018,0
ISIG.US,5,20211213,154500,20.66,21.5,20.53,20.82,181280,0
ISIG.US,5,20211213,155000,20.74,21.199,19.8,19.98,95622,0
ISIG.US,5,20211213,155500,19.97,20.49,19.3,19.3,67861,0
ISIG.US,5,20211213,160000,19.2983,19.85,19.1,19.62,39428,0
ISIG.US,5,20211213,160500,19.6154,20.088,19.5,19.75,35329,0
ISIG.US,5,20211213,161000,19.8194,20.19,19.6005,20.19,15587,0
ISIG.US,5,20211213,161500,20.02,20.29,19.72,19.88,19491,0
ISIG.US,5,20211213,162000,19.6501,19.99,19.6501,19.99,24227,0
ISIG.US,5,20211213,162500,20,21.3,19.726,21.19,189410,0
ISIG.US,5,20211213,163000,21.29,22.65,20.09,20.81,487262,0
ISIG.US,5,20211213,163500,20.75,21.29,20.22,20.715,98968,0
ISIG.US,5,20211213,164000,20.83,20.92,20.01,20.21,53790,0
ISIG.US,5,20211213,164500,20.305,20.76,20.2552,20.51,17051,0
ISIG.US,5,20211213,165000,20.4839,21.1796,20.35,20.9,52682,0
ISIG.US,5,20211213,165500,20.81,21,20.15,20.28,59239,0
ISIG.US,5,20211213,170000,20.19,20.5,20.179,20.3,23751,0
ISIG.US,5,20211213,170500,20.455,20.82,20.2,20.72,39189,0
ISIG.US,5,20211213,171000,20.765,21.1,20.2,20.59,84827,0
ISIG.US,5,20211213,171500,20.59,20.6,20.27,20.355,17595,0
ISIG.US,5,20211213,172000,20.4225,20.5291,19.6,20,30129,0
ISIG.US,5,20211213,172500,19.6139,20.2,19.52,20.2,37083,0
ISIG.US,5,20211213,173000,20.175,20.2,19.61,19.61,25777,0
ISIG.US,5,20211213,173500,19.63,20,19.63,19.845,15063,0
ISIG.US,5,20211213,174000,19.86,20.11,19.59,20.1,45577,0
ISIG.US,5,20211213,174500,20.03,20.45,20.02,20.395,61815,0
ISIG.US,5,20211213,175000,20.38,20.5,20.0601,20.17,43955,0
ISIG.US,5,20211213,175500,20.1,20.5,20.09,20.22,53876,0
ISIG.US,5,20211213,180000,20.39,20.39,20.05,20.23,52886,0
ISIG.US,5,20211213,180500,20.23,20.28,19.81,20.02,30298,0
ISIG.US,5,20211213,181000,20.2,20.2983,20.02,20.05,31328,0
ISIG.US,5,20211213,181500,20.07,20.23,19.8001,19.92,31337,0
ISIG.US,5,20211213,182000,20.0443,20.2,19.5,19.6,30881,0
ISIG.US,5,20211213,182500,19.54,19.59,19.2,19.34,52683,0
ISIG.US,5,20211213,183000,19.31,19.559,19.25,19.3792,7771,0
ISIG.US,5,20211213,183500,19.3055,19.31,18.9,19.045,53769,0
ISIG.US,5,20211213,184000,19.0799,19.0799,18.32,18.6403,33747,0
ISIG.US,5,20211213,184500,18.645,18.966,18.52,18.58,19971,0
ISIG.US,5,20211213,185000,18.59,18.98,18.42,18.88,48037,0
ISIG.US,5,20211213,185500,18.74,18.82,18.538,18.5739,7122,0
ISIG.US,5,20211213,190000,18.6,18.6921,18.25,18.5,28425,0
ISIG.US,5,20211213,190500,18.5,18.7,18.285,18.38,26503,0
ISIG.US,5,20211213,191000,18.26,18.5,18.26,18.4503,12030,0
ISIG.US,5,20211213,191500,18.45,18.8499,18.45,18.735,30803,0
ISIG.US,5,20211213,192000,18.77,18.825,18.35,18.7,11393,0
ISIG.US,5,20211213,192500,18.6,18.6104,18.5798,18.5864,700,0
ISIG.US,5,20211213,193000,18.5,18.7,18.4601,18.4605,19172,0
ISIG.US,5,20211213,193500,18.57,18.57,18.25,18.3424,21507,0
ISIG.US,5,20211213,194000,18.28,18.28,17.4,18.1,82067,0
ISIG.US,5,20211213,194500,18.2,18.37,18.04,18.3246,20228,0
ISIG.US,5,20211213,195000,18.36,18.5,18.2642,18.3513,13227,0
ISIG.US,5,20211213,195500,18.455,18.455,18.1205,18.17,4683,0
ISIG.US,5,20211213,200000,18.21,18.22,17.9,17.9816,8666,0
ISIG.US,5,20211213,200500,17.98,18.29,17.92,18.16,2691,0
ISIG.US,5,20211213,201000,18.15,18.2,18.02,18.02,6752,0
ISIG.US,5,20211213,201500,18.0741,18.1226,18.0741,18.1226,498,0
ISIG.US,5,20211213,202000,18.1158,18.29,18.1158,18.29,10899,0
ISIG.US,5,20211213,202500,18.2,18.41,18.18,18.2,35990,0
ISIG.US,5,20211213,203000,18.36,18.36,18.0501,18.36,12057,0
ISIG.US,5,20211213,203500,18.3999,19.15,18.39,19.01,64054,0
ISIG.US,5,20211213,204000,19.01,19.499,18.5001,18.51,95467,0
ISIG.US,5,20211213,204500,18.53,18.78,17.8151,18.15,59211,0
ISIG.US,5,20211213,205000,18.13,18.4999,18.13,18.4,9230,0
ISIG.US,5,20211213,205500,18.41,18.41,18.02,18.16,7003,0
ISIG.US,5,20211213,210000,18.24,18.26,18.1601,18.26,1600,0
ISIG.US,5,20211213,210500,18.31,18.5,18.2,18.43,13657,0
ISIG.US,5,20211213,211000,18.22,18.2922,18.22,18.2922,1058,0
ISIG.US,5,20211213,211500,18.3006,18.3006,18.2862,18.2867,500,0
ISIG.US,5,20211213,212000,18.2001,18.22,17.9,18.1999,14062,0
ISIG.US,5,20211213,212500,18.1896,18.1896,18.06,18.0655,1654,0
ISIG.US,5,20211213,213000,18.0601,18.18,18.06,18.06,5318,0
ISIG.US,5,20211213,213500,18.073,18.083,17.92,17.92,5394,0
ISIG.US,5,20211213,214000,17.99,18.05,17.8,17.8147,10735,0
ISIG.US,5,20211213,214500,17.98,18.3,17.948,18.1,12201,0
ISIG.US,5,20211213,215000,18.09,18.09,17.9,17.97,16590,0
ISIG.US,5,20211213,215500,17.9,18.2,17.815,17.85,23973,0
ISIG.US,5,20211214,153000,17.549,18.3899,17.45,18.25,80352,0
ISIG.US,5,20211214,153500,18.3293,18.48,17.92,18.2032,21827,0
ISIG.US,5,20211214,154000,18.22,19.69,18.21,19.06,106610,0
ISIG.US,5,20211214,154500,19.02,19.6,18.4,19.5,116003,0
ISIG.US,5,20211214,155000,19.47,20.06,19.24,19.26,233930,0
ISIG.US,5,20211214,155500,19.41,19.8904,19.32,19.41,56871,0
ISIG.US,5,20211214,160000,19.41,21.38,19.409,20.34,333834,0
ISIG.US,5,20211214,160500,20.17,20.3999,19.19,19.84,192524,0
ISIG.US,5,20211214,161000,19.8499,19.8499,19.3,19.4,47861,0
ISIG.US,5,20211214,161500,19.36,19.48,18.59,18.79,83275,0
ISIG.US,5,20211214,162000,18.7931,19,18.6401,18.88,29090,0
ISIG.US,5,20211214,162500,18.89,18.89,18.3,18.45,27874,0
ISIG.US,5,20211214,163000,18.4899,18.69,18.35,18.54,46746,0
ISIG.US,5,20211214,163500,18.64,19.1,18.58,19.1,43499,0
ISIG.US,5,20211214,164000,19.09,19.1,18.78,18.81,35436,0
ISIG.US,5,20211214,164500,18.9941,18.9941,18.3,18.3589,23151,0
ISIG.US,5,20211214,165000,18.47,18.47,17.9,18.2853,28762,0
ISIG.US,5,20211214,165500,18.29,18.61,17.65,18.18,43798,0
ISIG.US,5,20211214,170000,18.08,18.23,17.7,17.84,33199,0
ISIG.US,5,20211214,170500,17.85,18.23,17.7367,18.055,11394,0
ISIG.US,5,20211214,171000,18.06,18.3,18,18.29,12668,0
ISIG.US,5,20211214,171500,18.28,18.48,18.17,18.39,16099,0
ISIG.US,5,20211214,172000,18.29,18.35,17.85,18,13989,0
ISIG.US,5,20211214,172500,17.95,18.35,17.95,18.34,7817,0
ISIG.US,5,20211214,173000,18.07,18.205,17.8101,18.15,7246,0
ISIG.US,5,20211214,173500,18.015,18.1,17.9,18.07,12339,0
ISIG.US,5,20211214,174000,18.07,18.15,17.97,18.0967,12421,0
ISIG.US,5,20211214,174500,18.1,18.1,17.8401,17.95,20212,0
ISIG.US,5,20211214,175000,17.85,18.05,17.8,17.925,4611,0
ISIG.US,5,20211214,175500,17.86,17.99,17.86,17.99,4548,0
ISIG.US,5,20211214,180000,17.9767,17.9767,17.71,17.81,9898,0
ISIG.US,5,20211214,180500,17.71,17.81,17.15,17.2005,36324,0
ISIG.US,5,20211214,181000,17.2,17.29,17.03,17.275,10752,0
ISIG.US,5,20211214,181500,17.2523,17.38,17.1501,17.1932,5315,0
ISIG.US,5,20211214,182000,17.15,17.155,17,17.104,12186,0
ISIG.US,5,20211214,182500,17,17.01,16.72,16.72,21051,0
ISIG.US,5,20211214,183000,16.72,16.72,16.504,16.6,16190,0
ISIG.US,5,20211214,183500,16.64,16.74,16.5401,16.615,9935,0
ISIG.US,5,20211214,184000,16.69,16.69,16.46,16.48,15522,0
ISIG.US,5,20211214,184500,16.479,16.69,16.44,16.6896,13055,0
ISIG.US,5,20211214,185000,16.68,16.6899,16.67,16.68,6015,0
ISIG.US,5,20211214,185500,16.4801,16.6,16.48,16.6,2842,0
ISIG.US,5,20211214,190000,16.63,16.68,16.63,16.68,1019,0
ISIG.US,5,20211214,190500,16.64,16.6899,16.55,16.63,3585,0
ISIG.US,5,20211214,191000,16.611,16.8,16.5557,16.68,17172,0
ISIG.US,5,20211214,191500,16.48,16.88,16.48,16.75,37744,0
ISIG.US,5,20211214,192000,16.7499,17.2,16.55,17.0206,28130,0
ISIG.US,5,20211214,192500,16.97,17.11,16.62,16.93,10760,0
ISIG.US,5,20211214,193000,16.83,17.1,16.77,16.88,10303,0
ISIG.US,5,20211214,193500,16.9,16.9,16.8401,16.9,1870,0
ISIG.US,5,20211214,194000,16.91,16.91,16.84,16.86,2675,0
ISIG.US,5,20211214,194500,16.86,16.86,16.8,16.8322,1424,0
ISIG.US,5,20211214,195000,16.85,16.86,16.8296,16.8296,1528,0
ISIG.US,5,20211214,195500,16.68,16.775,16.62,16.735,14652,0
ISIG.US,5,20211214,200000,16.75,16.91,16.55,16.9,13431,0
ISIG.US,5,20211214,200500,16.8,16.91,16.61,16.7847,15082,0
ISIG.US,5,20211214,201000,16.7999,17.03,16.64,16.72,11379,0
ISIG.US,5,20211214,201500,16.64,17,16.64,16.9,4713,0
ISIG.US,5,20211214,202500,16.71,16.86,16.66,16.82,4683,0
ISIG.US,5,20211214,203000,16.81,17.1,16.81,16.975,10716,0
ISIG.US,5,20211214,203500,17.0499,17.0499,16.955,16.955,3129,0
ISIG.US,5,20211214,204000,16.9268,16.9677,16.9268,16.9677,400,0
ISIG.US,5,20211214,204500,16.9999,16.9999,16.72,16.949,3051,0
ISIG.US,5,20211214,205000,16.88,17,16.83,16.88,3220,0
ISIG.US,5,20211214,205500,16.8,17.04,16.8,17.02,12322,0
ISIG.US,5,20211214,210000,17.0062,17.0062,16.78,16.9699,13403,0
ISIG.US,5,20211214,210500,16.9699,17.37,16.8101,17.2301,27516,0
ISIG.US,5,20211214,211000,17.3996,17.4977,17.1592,17.35,11550,0
ISIG.US,5,20211214,211500,17.24,17.73,17.24,17.6958,50959,0
ISIG.US,5,20211214,212000,17.6994,18.9,17.5226,17.58,246302,0
ISIG.US,5,20211214,212500,17.67,17.9,17.6101,17.8092,19636,0
ISIG.US,5,20211214,213000,17.79,17.84,17.48,17.5501,8165,0
ISIG.US,5,20211214,213500,17.565,17.6,17.5,17.55,3062,0
ISIG.US,5,20211214,214000,17.6,17.72,17.31,17.66,15884,0
ISIG.US,5,20211214,214500,17.65,17.65,17.0875,17.26,10303,0
ISIG.US,5,20211214,215000,17.28,17.35,16.82,16.96,41187,0
ISIG.US,5,20211214,215500,16.955,16.955,16.62,16.65,31232,0
ISIG.US,5,20211215,153000,16.91,17.45,16.65,16.68,62709,0
ISIG.US,5,20211215,153500,16.84,16.9828,16.72,16.83,27031,0
ISIG.US,5,20211215,154000,16.8299,16.9,16.15,16.55,49967,0
ISIG.US,5,20211215,154500,16.6,16.6799,16.29,16.4754,19756,0
ISIG.US,5,20211215,155000,16.51,17.45,16.51,16.77,105507,0
ISIG.US,5,20211215,155500,16.735,17.3,16.6,17.2999,37162,0
ISIG.US,5,20211215,160000,17.28,18.4,17.2,17.63,174807,0
ISIG.US,5,20211215,160500,17.71,17.8,16.3,16.7,74854,0
ISIG.US,5,20211215,161000,16.675,17,16.675,17,21733,0
ISIG.US,5,20211215,161500,16.9343,17.9999,16.9343,17.95,107675,0
ISIG.US,5,20211215,162000,17.84,20.18,17.7634,20.18,346459,0
ISIG.US,5,20211215,162500,19.6,19.99,17.32,17.9699,474858,0
ISIG.US,5,20211215,163000,17.95,18.2185,17.31,17.66,323911,0
ISIG.US,5,20211215,163500,17.69,17.72,17.07,17.415,97887,0
ISIG.US,5,20211215,164000,17.4693,17.65,17.1,17.3,98514,0
ISIG.US,5,20211215,164500,17.325,17.46,17.15,17.2,37215,0
ISIG.US,5,20211215,165000,17.21,17.65,17.2,17.3584,60712,0
ISIG.US,5,20211215,165500,17.43,17.75,17.28,17.5239,85975,0
ISIG.US,5,20211215,170000,17.51,17.7299,17.4,17.4999,60401,0
ISIG.US,5,20211215,170500,17.46,17.5,17.3001,17.35,29591,0
ISIG.US,5,20211215,171000,17.4,17.75,17.2001,17.6526,64427,0
ISIG.US,5,20211215,171500,17.6899,17.7,17.33,17.6324,34559,0
ISIG.US,5,20211215,172000,17.6899,17.6899,17.06,17.24,62675,0
ISIG.US,5,20211215,172500,17.3,17.36,17.08,17.25,24048,0
ISIG.US,5,20211215,173000,17.3,17.39,17.03,17.36,35916,0
ISIG.US,5,20211215,173500,17.35,17.75,17.27,17.5939,44580,0
ISIG.US,5,20211215,174000,17.65,17.96,17.19,17.25,121236,0
ISIG.US,5,20211215,174500,17.24,17.38,17.2,17.34,27711,0
ISIG.US,5,20211215,175000,17.33,17.35,17.21,17.3205,22620,0
ISIG.US,5,20211215,175500,17.35,17.48,17.32,17.43,8175,0
ISIG.US,5,20211215,180000,17.43,17.49,17.39,17.43,7599,0
ISIG.US,5,20211215,180500,17.45,17.45,17.25,17.35,14205,0
ISIG.US,5,20211215,181000,17.4299,17.4299,17.13,17.29,30936,0
ISIG.US,5,20211215,181500,17.23,17.23,15.82,16.2559,120664,0
ISIG.US,5,20211215,182000,16.29,16.42,16.14,16.3,33016,0
ISIG.US,5,20211215,182500,16.3,16.3337,15.98,16.1,21685,0
ISIG.US,5,20211215,183000,16.1454,16.5,16.145,16.41,22101,0
ISIG.US,5,20211215,183500,16.4071,16.41,16.32,16.3201,13356,0
ISIG.US,5,20211215,184000,16.385,16.66,16.3314,16.58,16086,0
ISIG.US,5,20211215,184500,16.6599,16.6599,16.51,16.51,4751,0
ISIG.US,5,20211215,185000,16.5566,16.57,16.2501,16.413,16317,0
ISIG.US,5,20211215,185500,16.385,16.48,16.35,16.45,2800,0
ISIG.US,5,20211215,190000,16.39,16.66,16.335,16.63,9520,0
ISIG.US,5,20211215,190500,16.5083,16.66,16.4922,16.66,3182,0
ISIG.US,5,20211215,191000,16.55,16.62,16.55,16.59,1470,0
ISIG.US,5,20211215,191500,16.5001,16.55,16.15,16.29,13106,0
ISIG.US,5,20211215,192000,16.394,16.48,16.21,16.2615,7070,0
ISIG.US,5,20211215,192500,16.34,16.47,16.3,16.45,2894,0
ISIG.US,5,20211215,193000,16.45,16.45,16.392,16.42,4499,0
ISIG.US,5,20211215,193500,16.42,16.5,16.34,16.39,5553,0
ISIG.US,5,20211215,194000,16.4,16.4,16.4,16.4,200,0
ISIG.US,5,20211215,194500,16.43,16.43,16.35,16.415,4208,0
ISIG.US,5,20211215,195000,16.44,16.47,16.13,16.33,16727,0
ISIG.US,5,20211215,195500,16.47,16.47,16.29,16.44,1282,0
ISIG.US,5,20211215,200000,16.45,16.45,16.25,16.4395,7023,0
ISIG.US,5,20211215,200500,16.43,16.62,16.25,16.56,31082,0
ISIG.US,5,20211215,201000,16.46,16.46,16.3,16.375,8969,0
ISIG.US,5,20211215,201500,16.405,16.49,16.3501,16.4399,5955,0
ISIG.US,5,20211215,202000,16.4399,16.44,16.37,16.44,2300,0
ISIG.US,5,20211215,202500,16.387,16.47,16.387,16.41,5350,0
ISIG.US,5,20211215,203000,16.45,16.74,16.4,16.5903,32157,0
ISIG.US,5,20211215,203500,16.6404,16.76,16.55,16.7,13925,0
ISIG.US,5,20211215,204000,16.7496,16.97,16.73,16.91,34229,0
ISIG.US,5,20211215,204500,16.855,16.9,16.65,16.9,16700,0
ISIG.US,5,20211215,205000,16.89,16.89,16.55,16.667,22239,0
ISIG.US,5,20211215,205500,16.6,16.7465,16.36,16.68,14993,0
ISIG.US,5,20211215,210000,16.68,17.09,16.6525,17.05,31749,0
ISIG.US,5,20211215,210500,17.05,17.08,16.81,16.865,18008,0
ISIG.US,5,20211215,211000,16.88,17.27,16.7227,16.835,11095,0
ISIG.US,5,20211215,211500,16.75,16.95,16.53,16.89,11038,0
ISIG.US,5,20211215,212000,16.94,17.22,16.8903,17.02,5298,0
ISIG.US,5,20211215,212500,17.0199,17.02,16.7501,17,9209,0
ISIG.US,5,20211215,213000,17,17.19,16.7501,17.16,22232,0
ISIG.US,5,20211215,213500,17.11,17.17,17.0047,17.099,11362,0
ISIG.US,5,20211215,214000,17.0939,17.0939,16.8,16.82,13548,0
ISIG.US,5,20211215,214500,16.82,16.8425,16.43,16.8425,6651,0
ISIG.US,5,20211215,215000,16.75,16.9082,16.65,16.79,13553,0
ISIG.US,5,20211215,215500,16.79,16.8,16.42,16.42,35206,0
ISIG.US,5,20211216,153000,16.41,17.22,16.41,17.1786,106581,0
ISIG.US,5,20211216,153500,17.185,17.42,17.07,17.42,86013,0
ISIG.US,5,20211216,154000,17.4126,17.82,17.3,17.47,97439,0
ISIG.US,5,20211216,154500,17.49,17.5899,17.3108,17.3168,31862,0
ISIG.US,5,20211216,155000,17.3194,17.3708,17.08,17.1746,21692,0
ISIG.US,5,20211216,155500,17.25,17.6,17.25,17.5599,43731,0
ISIG.US,5,20211216,160000,17.5591,17.75,17.47,17.6,39887,0
ISIG.US,5,20211216,160500,17.51,18.16,17.51,17.675,102804,0
ISIG.US,5,20211216,161000,17.7499,18.1541,17.55,17.64,94064,0
ISIG.US,5,20211216,161500,17.6599,18.26,17.63,17.885,45848,0
ISIG.US,5,20211216,162000,17.885,17.9886,17.85,17.875,17015,0
ISIG.US,5,20211216,162500,17.885,17.95,17.67,17.74,14944,0
ISIG.US,5,20211216,163000,17.81,17.81,17.67,17.735,6170,0
ISIG.US,5,20211216,163500,17.78,18.24,17.7,17.95,67435,0
ISIG.US,5,20211216,164000,18.0927,18.2399,18.01,18.17,69075,0
ISIG.US,5,20211216,164500,18.17,18.17,17.51,17.58,28221,0
ISIG.US,5,20211216,165000,17.6,17.6,17.1601,17.1601,17834,0
ISIG.US,5,20211216,165500,17.18,17.48,17.16,17.48,17082,0
ISIG.US,5,20211216,170000,17.4899,17.72,17.3002,17.72,38142,0
ISIG.US,5,20211216,170500,17.72,17.89,17.45,17.45,38270,0
ISIG.US,5,20211216,171000,17.34,17.385,17.3216,17.385,2643,0
ISIG.US,5,20211216,171500,17.332,17.55,17.332,17.55,3300,0
ISIG.US,5,20211216,172000,17.48,17.5372,17,17,10780,0
ISIG.US,5,20211216,172500,17.155,17.4674,17.03,17.41,21694,0
ISIG.US,5,20211216,173000,17.45,17.63,17.23,17.4,22604,0
ISIG.US,5,20211216,173500,17.43,17.9299,17.23,17.4475,13030,0
ISIG.US,5,20211216,174000,17.43,17.6,17.38,17.3822,3192,0
ISIG.US,5,20211216,174500,17.49,17.68,17.39,17.52,8218,0
ISIG.US,5,20211216,175000,17.67,17.67,17.4701,17.5,1100,0
ISIG.US,5,20211216,175500,17.48,17.53,17.46,17.53,2110,0
ISIG.US,5,20211216,180000,17.4601,17.53,17.4601,17.53,3810,0
ISIG.US,5,20211216,180500,17.53,17.53,17.4675,17.4675,1091,0
ISIG.US,5,20211216,181000,17.52,17.56,17.1,17.56,19522,0
ISIG.US,5,20211216,181500,17.5,17.52,17.18,17.39,14399,0
ISIG.US,5,20211216,182000,17.21,17.355,17.21,17.355,250,0
ISIG.US,5,20211216,182500,17.27,17.3975,17.27,17.3,2904,0
ISIG.US,5,20211216,183000,17.4,17.44,17.05,17.292,6930,0
ISIG.US,5,20211216,183500,17.33,17.35,17.26,17.26,2769,0
ISIG.US,5,20211216,184000,17.25,17.3433,17.2,17.2213,2725,0
ISIG.US,5,20211216,184500,17.28,17.28,17.13,17.22,1400,0
ISIG.US,5,20211216,185000,17.25,17.25,17.2,17.2,999,0
ISIG.US,5,20211216,185500,17.18,17.18,17.06,17.07,3095,0
ISIG.US,5,20211216,190000,17.07,17.2,17.07,17.16,2151,0
ISIG.US,5,20211216,190500,17.16,17.48,17.16,17.4,14106,0
ISIG.US,5,20211216,191000,17.275,17.34,17.27,17.275,1346,0
ISIG.US,5,20211216,191500,17.2,17.3,17.2,17.2001,1830,0
ISIG.US,5,20211216,192000,17.31,17.3999,17.2201,17.34,2255,0
ISIG.US,5,20211216,192500,17.32,17.34,17.28,17.34,1850,0
ISIG.US,5,20211216,193000,17.34,17.37,17.2868,17.37,6000,0
ISIG.US,5,20211216,193500,17.35,17.38,17.345,17.3653,3600,0
ISIG.US,5,20211216,194000,17.35,17.59,17.35,17.57,18385,0
ISIG.US,5,20211216,194500,17.6,17.8995,17.4744,17.75,24032,0
ISIG.US,5,20211216,195000,17.695,17.8999,17.66,17.75,20324,0
ISIG.US,5,20211216,195500,17.82,18.5,17.7236,18.384,83250,0
ISIG.US,5,20211216,200000,18.39,18.43,17.86,18.1798,48184,0
ISIG.US,5,20211216,200500,18.15,19.48,18.1,18.1501,239728,0
ISIG.US,5,20211216,201000,18.3449,18.56,18.05,18.5001,102357,0
ISIG.US,5,20211216,201500,18.65,19.8,18.5001,19.13,131123,0
ISIG.US,5,20211216,202000,19.11,20.9796,19.02,20.7607,333920,0
ISIG.US,5,20211216,202500,20.835,22.22,19.82,20,454360,0
ISIG.US,5,20211216,203000,20.05,20.52,19.83,20.35,177907,0
ISIG.US,5,20211216,203500,20.35,21.13,20.305,20.4451,165357,0
ISIG.US,5,20211216,204000,20.48,21.49,19.82,20.19,260114,0
ISIG.US,5,20211216,204500,20.19,20.19,19.2,19.48,138162,0
ISIG.US,5,20211216,205000,19.334,19.4999,19.16,19.327,37823,0
ISIG.US,5,20211216,205500,19.32,19.7881,19.3,19.5,60041,0
ISIG.US,5,20211216,210000,19.46,19.6,18.8,18.9572,65556,0
ISIG.US,5,20211216,210500,18.96,19,18.67,18.84,42150,0
ISIG.US,5,20211216,211000,18.8071,19.29,18.7081,19.175,20468,0
ISIG.US,5,20211216,211500,19.0476,19.08,18.7,18.8098,17505,0
ISIG.US,5,20211216,212000,18.88,19.22,18.71,19.195,19428,0
ISIG.US,5,20211216,212500,19.09,19.405,19,19.24,35477,0
ISIG.US,5,20211216,213000,19.325,19.38,19.13,19.13,17366,0
ISIG.US,5,20211216,213500,19.14,19.17,18.52,18.63,36691,0
ISIG.US,5,20211216,214000,18.6,18.99,18.6,18.9799,35613,0
ISIG.US,5,20211216,214500,18.98,19.9,18.68,18.9,182614,0
ISIG.US,5,20211216,215000,18.73,19.05,18.28,18.6,27202,0
ISIG.US,5,20211216,215500,18.6901,18.8725,18.5,18.65,44312,0
ISIG.US,5,20211217,153000,18.75,18.8,18.24,18.685,45578,0
ISIG.US,5,20211217,153500,18.7,18.9,18.3139,18.6664,48876,0
ISIG.US,5,20211217,154000,18.744,18.83,18.45,18.7597,14999,0
ISIG.US,5,20211217,154500,18.76,19.49,18.5,19.1274,89296,0
ISIG.US,5,20211217,155000,19.3,19.3,18.7,18.9361,22743,0
ISIG.US,5,20211217,155500,19,19.0494,18.7,18.74,23559,0
ISIG.US,5,20211217,160000,18.7891,19.2345,18.75,19.2345,62975,0
ISIG.US,5,20211217,160500,19.18,20.2,19.0602,20.15,114594,0
ISIG.US,5,20211217,161000,20.03,20.3,19.6,19.9144,50396,0
ISIG.US,5,20211217,161500,19.93,20.71,19.7676,20.54,108622,0
ISIG.US,5,20211217,162000,20.45,20.45,19.75,20.25,60066,0
ISIG.US,5,20211217,162500,20.315,22,20.25,21.85,225543,0
ISIG.US,5,20211217,163000,21.85,23.93,20.06,20.68,804957,0
ISIG.US,5,20211217,163500,20.69,21.3094,20.5304,20.63,126209,0
ISIG.US,5,20211217,164000,20.705,20.8074,20.22,20.6446,60505,0
ISIG.US,5,20211217,164500,20.56,20.88,20.3,20.3,87312,0
ISIG.US,5,20211217,165000,20.5499,20.5499,19.8307,20.37,67305,0
ISIG.US,5,20211217,165500,20.3207,20.3899,20,20.05,30261,0
ISIG.US,5,20211217,170000,20.1,20.15,19.32,19.5849,63499,0
ISIG.US,5,20211217,170500,19.51,19.99,19.5,19.99,37514,0
ISIG.US,5,20211217,171000,19.99,20.25,19.99,20.125,16902,0
ISIG.US,5,20211217,171500,20.1,20.1,19.66,19.99,6128,0
ISIG.US,5,20211217,172000,19.76,19.923,19.65,19.8387,6596,0
ISIG.US,5,20211217,172500,19.85,19.85,19.57,19.62,8896,0
ISIG.US,5,20211217,173000,19.6832,19.75,19.6,19.75,6559,0
ISIG.US,5,20211217,173500,19.825,20,19.6601,20,7598,0
ISIG.US,5,20211217,174000,20.01,20.2499,19.7,20.2499,38375,0
ISIG.US,5,20211217,174500,20.2499,20.49,19.93,20.04,39211,0
ISIG.US,5,20211217,175000,20.0401,20.2,20.0401,20.2,11018,0
ISIG.US,5,20211217,175500,20.15,20.2,19.8,19.921,14730,0
ISIG.US,5,20211217,180000,19.955,20,19.55,19.6,12647,0
ISIG.US,5,20211217,180500,19.541,19.89,19.12,19.35,77400,0
ISIG.US,5,20211217,181000,19.2,19.69,19.08,19.2747,38452,0
ISIG.US,5,20211217,181500,19.36,19.57,19.22,19.35,13597,0
ISIG.US,5,20211217,182000,19.38,19.59,19.2525,19.2705,12920,0
ISIG.US,5,20211217,182500,19.27,19.2993,19.02,19.2351,9565,0
ISIG.US,5,20211217,183000,19.25,19.7,19.2,19.69,17519,0
ISIG.US,5,20211217,183500,19.65,19.65,19.4,19.5,4780,0
ISIG.US,5,20211217,184000,19.35,19.3826,19.2201,19.227,3800,0
ISIG.US,5,20211217,184500,19.22,19.3999,19.11,19.2,11740,0
ISIG.US,5,20211217,185000,19.2894,19.58,19.11,19.35,17659,0
ISIG.US,5,20211217,185500,19.13,19.71,19.13,19.5,30184,0
ISIG.US,5,20211217,190000,19.31,19.63,19.18,19.56,18842,0
ISIG.US,5,20211217,190500,19.56,19.96,19.4237,19.77,22407,0
ISIG.US,5,20211217,191000,19.7,19.8371,19.7,19.8,2893,0
ISIG.US,5,20211217,191500,19.7087,20.2281,19.63,20.2281,53858,0
ISIG.US,5,20211217,192000,20.0637,21.49,20.0473,21.1,192201,0
ISIG.US,5,20211217,192500,21.28,23.5,19.42,19.42,673297,0
ISIG.US,5,20211217,193000,19.537,20.0415,19.3,19.6922,127827,0
ISIG.US,5,20211217,193500,19.6663,19.8,19.41,19.5288,36233,0
ISIG.US,5,20211217,194000,19.49,19.6099,19.16,19.32,33642,0
ISIG.US,5,20211217,194500,19.3899,19.3899,19.1,19.26,16666,0
ISIG.US,5,20211217,195000,19.2,19.5298,19.1166,19.3,20556,0
ISIG.US,5,20211217,195500,19.3373,19.3665,18.76,19.05,29970,0
ISIG.US,5,20211217,200000,19.0784,19.3899,19.065,19.2641,31482,0
ISIG.US,5,20211217,200500,19.2339,19.2339,18.9432,19.0999,10193,0
ISIG.US,5,20211217,201000,19.075,19.32,19.075,19.1001,6252,0
ISIG.US,5,20211217,201500,19.1693,19.1693,19.01,19.065,935,0
ISIG.US,5,20211217,202000,19.0988,19.2,19.03,19.2,2117,0
ISIG.US,5,20211217,202500,19.13,19.135,19.05,19.0601,3421,0
ISIG.US,5,20211217,203000,19.062,19.1796,19.0608,19.14,5070,0
ISIG.US,5,20211217,203500,19.18,19.35,19.18,19.34,7507,0
ISIG.US,5,20211217,204000,19.3411,19.42,19.18,19.3,7126,0
ISIG.US,5,20211217,204500,19.28,19.3248,19.09,19.195,3400,0
ISIG.US,5,20211217,205000,19.101,19.2494,19.09,19.2364,3571,0
ISIG.US,5,20211217,205500,19.1001,19.22,19.1,19.21,4147,0
ISIG.US,5,20211217,210000,19.23,19.23,19.1,19.1788,2430,0
ISIG.US,5,20211217,210500,19.15,19.2,19.1,19.2,900,0
ISIG.US,5,20211217,211000,19.198,19.2,19.07,19.13,4240,0
ISIG.US,5,20211217,211500,19.1,19.101,18.55,18.6501,32477,0
ISIG.US,5,20211217,212000,18.675,18.8,18.36,18.8,33065,0
ISIG.US,5,20211217,212500,18.75,18.8399,18.47,18.548,23337,0
ISIG.US,5,20211217,213000,18.45,18.96,18.4,18.65,16939,0
ISIG.US,5,20211217,213500,18.47,18.66,18.3,18.5878,12496,0
ISIG.US,5,20211217,214000,18.46,18.46,18.3821,18.41,4599,0
ISIG.US,5,20211217,214500,18.44,18.5399,18.4,18.49,11440,0
ISIG.US,5,20211217,215000,18.4834,18.49,18.38,18.43,6989,0
ISIG.US,5,20211217,215500,18.45,18.54,17.71,17.71,58252,0
ISIG.US,5,20211220,153000,17.7,17.7,17.7,17.7,2820,0
ISIG.US,5,20211220,160000,17.3419,17.6399,17.26,17.26,1021,0
ISIG.US,5,20211220,160500,17.6323,17.6323,17,17.03,6918,0
ISIG.US,5,20211220,161000,17.04,17.2399,16.8867,17.2399,12064,0
ISIG.US,5,20211220,161500,17.24,17.24,16.8801,16.9485,5529,0
ISIG.US,5,20211220,162000,16.9072,17.215,16.9072,17.118,5969,0
ISIG.US,5,20211220,162500,16.94,16.94,16.5903,16.7,18201,0
ISIG.US,5,20211220,163000,16.7424,17.2999,16.66,16.98,17256,0
ISIG.US,5,20211220,163500,17.02,17.2899,16.9,17.1,17014,0
ISIG.US,5,20211220,164000,17.05,17.2,17,17.17,12698,0
ISIG.US,5,20211220,164500,17.15,17.25,17.031,17.19,7714,0
ISIG.US,5,20211220,165000,17.21,17.2401,17.02,17.045,4281,0
ISIG.US,5,20211220,165500,17.13,17.14,17.0001,17.14,5916,0
ISIG.US,5,20211220,170000,17.054,17.054,17.0201,17.05,3263,0
ISIG.US,5,20211220,170500,17.23,17.23,16.65,16.9963,13467,0
ISIG.US,5,20211220,171000,16.7214,16.98,16.6441,16.8411,4983,0
ISIG.US,5,20211220,171500,16.8,16.81,16.36,16.44,23943,0
ISIG.US,5,20211220,172000,16.49,17.0199,16.416,16.52,12678,0
ISIG.US,5,20211220,172500,16.52,16.98,16.41,16.7,18005,0
ISIG.US,5,20211220,173000,16.73,16.85,16.5032,16.66,9111,0
ISIG.US,5,20211220,173500,16.8,16.8,16.3821,16.525,4350,0
ISIG.US,5,20211220,174000,16.4583,16.5963,16.4583,16.585,2700,0
ISIG.US,5,20211220,174500,16.49,16.7899,16.49,16.6,4347,0
ISIG.US,5,20211220,175000,16.84,16.84,16.3,16.7,8273,0
ISIG.US,5,20211220,175500,16.6406,16.66,16.4601,16.515,1150,0
ISIG.US,5,20211220,180000,16.52,16.9695,16.4115,16.795,18468,0
ISIG.US,5,20211220,180500,16.725,16.725,16.55,16.56,1500,0
ISIG.US,5,20211220,181000,16.61,16.62,16.6095,16.6095,847,0
ISIG.US,5,20211220,181500,16.6199,16.62,16.56,16.6,1274,0
ISIG.US,5,20211220,182000,16.5208,16.5208,16.4118,16.4118,6965,0
ISIG.US,5,20211220,182500,16.4,16.4,16.04,16.29,10855,0
ISIG.US,5,20211220,183000,16.355,16.5,16.17,16.5,12975,0
ISIG.US,5,20211220,183500,16.5,16.5516,16.42,16.5,3350,0
ISIG.US,5,20211220,184000,16.43,16.46,16.3,16.3,1500,0
ISIG.US,5,20211220,184500,16.3,16.6,16.26,16.5,11400,0
ISIG.US,5,20211220,185000,16.5,16.5496,16.06,16.42,31730,0
ISIG.US,5,20211220,185500,16.36,16.56,16.19,16.44,13069,0
ISIG.US,5,20211220,190000,16.43,16.43,16.2627,16.3001,5225,0
ISIG.US,5,20211220,190500,16.4,16.5,16.4,16.4745,904,0
ISIG.US,5,20211220,191000,16.4834,16.4834,16.35,16.35,600,0
ISIG.US,5,20211220,191500,16.35,16.4999,16.16,16.4999,15026,0
ISIG.US,5,20211220,192000,16.46,16.53,16.36,16.3843,6826,0
ISIG.US,5,20211220,192500,16.21,16.5499,16.21,16.21,5300,0
ISIG.US,5,20211220,193000,16.17,16.54,16.11,16.2001,7179,0
ISIG.US,5,20211220,193500,16.23,16.5,16.1,16.37,7249,0
ISIG.US,5,20211220,194000,16.37,16.39,16.19,16.32,8592,0
ISIG.US,5,20211220,194500,16.3,16.39,16.28,16.39,3474,0
ISIG.US,5,20211220,195000,16.33,16.33,16.1,16.2,7703,0
ISIG.US,5,20211220,200000,16.1128,16.2899,16.1128,16.2,1567,0
ISIG.US,5,20211220,200500,16.17,16.2,15.63,15.7961,32141,0
ISIG.US,5,20211220,201000,15.81,15.97,15.71,15.79,10160,0
ISIG.US,5,20211220,201500,15.88,16.05,15.88,15.92,18257,0
ISIG.US,5,20211220,202000,15.975,16.04,15.9,15.9,3113,0
ISIG.US,5,20211220,202500,15.9,16.14,15.7501,15.9988,15430,0
ISIG.US,5,20211220,203000,15.97,15.97,15.8981,15.8981,3933,0
ISIG.US,5,20211220,203500,15.85,15.91,15.75,15.8,10314,0
ISIG.US,5,20211220,204000,15.8,15.93,15.55,15.675,35081,0
ISIG.US,5,20211220,204500,15.75,15.75,15.19,15.2,36607,0
ISIG.US,5,20211220,205000,15.17,15.26,14.655,14.7099,39726,0
ISIG.US,5,20211220,205500,14.71,14.8,14.0742,14.2833,31442,0
ISIG.US,5,20211220,210000,14.2999,14.2999,13.65,13.7,84312,0
ISIG.US,5,20211220,210500,13.68,13.7,12.8175,12.9862,76255,0
ISIG.US,5,20211220,211000,12.88,12.88,12.01,12.16,98368,0
ISIG.US,5,20211220,211500,12.194,12.2,10.57,10.82,180220,0
ISIG.US,5,20211220,212000,10.84,10.99,10.3601,10.6341,150316,0
ISIG.US,5,20211220,212500,10.6806,11.73,10.5,11.26,169533,0
ISIG.US,5,20211220,213000,11.12,11.96,11.1,11.8,93286,0
ISIG.US,5,20211220,213500,11.815,11.815,10.9101,11.375,61000,0
ISIG.US,5,20211220,214000,11.33,11.65,11.29,11.55,51210,0
ISIG.US,5,20211220,214500,11.65,11.75,11.27,11.36,54977,0
ISIG.US,5,20211220,215000,11.3601,11.7,11.34,11.49,39635,0
ISIG.US,5,20211220,215500,11.65,11.65,11.18,11.5,50423,0
ISIG.US,5,20211221,153000,12.08,12.88,11.95,12.7,79136,0
ISIG.US,5,20211221,153500,12.6999,12.75,11.971,12.44,44991,0
ISIG.US,5,20211221,154000,12.44,12.5,11.79,11.88,42905,0
ISIG.US,5,20211221,154500,12,12.13,11.8159,12.1,24464,0
ISIG.US,5,20211221,155000,12.0097,12.14,11.42,11.47,31648,0
ISIG.US,5,20211221,155500,11.4701,11.9199,11.4701,11.79,13149,0
ISIG.US,5,20211221,160000,11.75,12.09,11.72,11.85,22611,0
ISIG.US,5,20211221,160500,11.948,11.98,11.8601,11.8786,3856,0
ISIG.US,5,20211221,161000,11.9788,12.0005,11.9004,11.9369,5570,0
ISIG.US,5,20211221,161500,12.0643,12.0643,11.72,11.77,14698,0
ISIG.US,5,20211221,162000,11.77,12,11.52,11.52,24328,0
ISIG.US,5,20211221,162500,11.57,11.76,11.53,11.7499,14494,0
ISIG.US,5,20211221,163000,11.715,12,11.715,11.95,18121,0
ISIG.US,5,20211221,163500,11.89,11.96,11.6,11.79,17502,0
ISIG.US,5,20211221,164000,11.755,11.77,11.695,11.7617,5270,0
ISIG.US,5,20211221,164500,11.72,11.77,11.5957,11.72,3979,0
ISIG.US,5,20211221,165000,11.7199,11.72,11.36,11.38,7483,0
ISIG.US,5,20211221,165500,11.42,11.57,10.9,10.9947,24863,0
ISIG.US,5,20211221,170000,10.975,11.05,10.7501,10.9427,44428,0
ISIG.US,5,20211221,170500,10.95,11.2993,10.95,11.2993,9525,0
ISIG.US,5,20211221,171000,11.23,11.3929,11.23,11.39,8509,0
ISIG.US,5,20211221,171500,11.3613,11.46,11.3227,11.3604,15270,0
ISIG.US,5,20211221,172000,11.34,11.34,11.06,11.25,18929,0
ISIG.US,5,20211221,172500,11.123,11.44,11.01,11.34,9498,0
ISIG.US,5,20211221,173000,11.29,11.44,11.11,11.15,11399,0
ISIG.US,5,20211221,173500,11.15,11.5175,11.14,11.2,13139,0
ISIG.US,5,20211221,174000,11.1,11.55,11.1,11.24,13662,0
ISIG.US,5,20211221,174500,11.24,11.44,11.24,11.34,12950,0
ISIG.US,5,20211221,175000,11.28,11.43,11.25,11.43,12667,0
ISIG.US,5,20211221,175500,11.33,11.54,11.13,11.54,13910,0
ISIG.US,5,20211221,180000,11.54,11.66,11.34,11.59,17783,0
ISIG.US,5,20211221,180500,11.58,11.58,11.1,11.4,18869,0
ISIG.US,5,20211221,181000,11.4275,11.55,11.25,11.27,29130,0
ISIG.US,5,20211221,181500,11.25,11.35,11.12,11.275,8981,0
ISIG.US,5,20211221,182000,11.2001,11.52,11.2001,11.43,4900,0
ISIG.US,5,20211221,182500,11.35,11.35,11.35,11.35,200,0
ISIG.US,5,20211221,183000,11.26,11.52,11.26,11.455,2647,0
ISIG.US,5,20211221,183500,11.5,11.65,11.47,11.65,2300,0
ISIG.US,5,20211221,184000,11.66,11.66,11.25,11.35,6060,0
ISIG.US,5,20211221,184500,11.55,11.55,11.354,11.51,1611,0
ISIG.US,5,20211221,185000,11.45,11.58,11.3,11.38,10178,0
ISIG.US,5,20211221,185500,11.35,11.4,11.2375,11.4,2530,0
ISIG.US,5,20211221,190000,11.38,11.5,11.2701,11.5,5398,0
ISIG.US,5,20211221,190500,11.44,11.44,11.36,11.42,800,0
ISIG.US,5,20211221,191000,11.42,11.5075,11.1779,11.36,10450,0
ISIG.US,5,20211221,191500,11.52,11.52,11.4107,11.47,544,0
ISIG.US,5,20211221,192000,11.47,11.475,11.195,11.29,6001,0
ISIG.US,5,20211221,192500,11.28,11.45,11.24,11.33,7300,0
ISIG.US,5,20211221,193000,11.45,11.45,11.35,11.4,727,0
ISIG.US,5,20211221,193500,11.37,11.4486,11.27,11.42,7829,0
ISIG.US,5,20211221,194000,11.41,11.49,11.3456,11.36,8460,0
ISIG.US,5,20211221,194500,11.32,11.38,11.26,11.345,9709,0
ISIG.US,5,20211221,195000,11.36,11.6,11.3,11.45,8459,0
ISIG.US,5,20211221,195500,11.36,11.53,11.3,11.47,2700,0
ISIG.US,5,20211221,200000,11.42,11.47,11.4,11.4,1145,0
ISIG.US,5,20211221,200500,11.4573,11.4573,11.4217,11.4217,300,0
ISIG.US,5,20211221,201000,11.46,11.73,11.46,11.7096,14424,0
ISIG.US,5,20211221,201500,11.55,11.7006,11.4,11.5501,10523,0
ISIG.US,5,20211221,202000,11.61,11.75,11.43,11.43,11300,0
ISIG.US,5,20211221,202500,11.5499,11.5499,11.4628,11.4628,2230,0
ISIG.US,5,20211221,203000,11.5,11.6,11.48,11.49,3350,0
ISIG.US,5,20211221,203500,11.4921,11.6,11.4921,11.59,400,0
ISIG.US,5,20211221,204000,11.5782,11.8,11.5762,11.62,23577,0
ISIG.US,5,20211221,204500,11.62,11.96,11.55,11.845,23375,0
ISIG.US,5,20211221,205000,11.9,11.9299,11.8039,11.88,22445,0
ISIG.US,5,20211221,205500,11.88,11.9,11.8071,11.8347,9413,0
ISIG.US,5,20211221,210000,11.865,11.8925,11.7,11.7,7100,0
ISIG.US,5,20211221,210500,11.75,11.88,11.71,11.76,5696,0
ISIG.US,5,20211221,211000,11.81,11.87,11.671,11.84,4101,0
ISIG.US,5,20211221,211500,11.82,12.5,11.75,12.3855,99010,0
ISIG.US,5,20211221,212000,12.385,13.91,12.3501,13.87,419390,0
ISIG.US,5,20211221,212500,13.83,14.18,12.35,12.577,296009,0
ISIG.US,5,20211221,213000,12.57,12.68,12.11,12.1787,67228,0
ISIG.US,5,20211221,213500,12.377,12.47,12.18,12.31,48352,0
ISIG.US,5,20211221,214000,12.32,12.325,11.7,12.1032,80126,0
ISIG.US,5,20211221,214500,12.12,12.2,11.92,12.02,29460,0
ISIG.US,5,20211221,215000,12,12.2,11.9501,12.1041,20084,0
ISIG.US,5,20211221,215500,12.15,12.265,11.9,12.08,42260,0
ISIG.US,5,20211222,153000,12.11,12.7566,12.11,12.45,29947,0
ISIG.US,5,20211222,153500,12.5743,12.6,11.86,12.02,16080,0
ISIG.US,5,20211222,154000,12.0043,12.2399,11.53,12.1099,17797,0
ISIG.US,5,20211222,154500,12.1099,12.17,11.79,11.8407,37092,0
ISIG.US,5,20211222,155000,11.8327,12.25,11.7901,11.87,55887,0
ISIG.US,5,20211222,155500,12,12.16,11.81,12.1,20832,0
ISIG.US,5,20211222,160000,11.98,12.29,11.8573,12.1675,21227,0
ISIG.US,5,20211222,160500,12.2,12.28,11.81,11.92,42579,0
ISIG.US,5,20211222,161000,11.97,12.18,11.95,12.07,4870,0
ISIG.US,5,20211222,161500,12.15,12.5,12.03,12.3,75050,0
ISIG.US,5,20211222,162000,12.3,12.3,11.91,11.95,52661,0
ISIG.US,5,20211222,162500,12,12.05,11.82,11.89,16679,0
ISIG.US,5,20211222,163000,11.87,12,11.81,11.96,19845,0
ISIG.US,5,20211222,163500,12,12,11.7283,11.849,10307,0
ISIG.US,5,20211222,164000,11.85,11.8899,11.61,11.7808,7508,0
ISIG.US,5,20211222,164500,11.735,11.7872,11.67,11.7,9163,0
ISIG.US,5,20211222,165000,11.7,11.845,11.7,11.78,6752,0
ISIG.US,5,20211222,165500,11.79,11.79,11.61,11.76,3181,0
ISIG.US,5,20211222,170000,11.9082,11.9082,11.77,11.8774,1673,0
ISIG.US,5,20211222,170500,11.86,11.925,11.8,11.8769,4310,0
ISIG.US,5,20211222,171000,11.855,12,11.8,12,10105,0
ISIG.US,5,20211222,171500,11.9968,12.05,11.89,11.89,15623,0
ISIG.US,5,20211222,172000,11.89,12,11.7036,11.89,24985,0
ISIG.US,5,20211222,172500,11.9102,11.9102,11.9102,11.9102,100,0
ISIG.US,5,20211222,173000,11.875,11.97,11.8036,11.9299,2821,0
ISIG.US,5,20211222,173500,11.88,11.9,11.8,11.8306,15601,0
ISIG.US,5,20211222,174000,11.8394,12.1399,11.83,12,27439,0
ISIG.US,5,20211222,174500,11.93,12.13,11.79,12.09,16596,0
ISIG.US,5,20211222,175000,12.04,12.04,11.85,11.88,6050,0
ISIG.US,5,20211222,175500,11.92,12.04,11.92,12.04,1984,0
ISIG.US,5,20211222,180000,11.98,12.5,11.92,12.4,58974,0
ISIG.US,5,20211222,180500,12.5,13.11,12.3,12.87,99984,0
ISIG.US,5,20211222,181000,12.8,13.1,12.4,12.5,59135,0
ISIG.US,5,20211222,181500,12.4328,12.9481,12.4328,12.89,49155,0
ISIG.US,5,20211222,182000,12.7089,12.94,12.51,12.6955,90861,0
ISIG.US,5,20211222,182500,12.66,12.8494,12.66,12.77,20643,0
ISIG.US,5,20211222,183000,12.8,12.84,12.46,12.6499,27382,0
ISIG.US,5,20211222,183500,12.5,12.5,12.1291,12.38,63829,0
ISIG.US,5,20211222,184000,12.59,12.5926,12.35,12.35,10476,0
ISIG.US,5,20211222,184500,12.365,12.58,12.29,12.38,23978,0
ISIG.US,5,20211222,185000,12.38,12.4999,12.38,12.38,5499,0
ISIG.US,5,20211222,185500,12.4,12.402,12.15,12.28,11500,0
ISIG.US,5,20211222,190000,12.37,12.6051,12.32,12.5208,30860,0
ISIG.US,5,20211222,190500,12.49,12.54,12.3,12.45,16319,0
ISIG.US,5,20211222,191000,12.44,12.44,12.34,12.3709,2324,0
ISIG.US,5,20211222,191500,12.39,12.44,12.32,12.44,1987,0
ISIG.US,5,20211222,192000,12.41,12.4595,12.23,12.28,4134,0
ISIG.US,5,20211222,192500,12.31,12.3914,12.23,12.23,7110,0
ISIG.US,5,20211222,193000,12.28,12.3,12.2,12.26,6494,0
ISIG.US,5,20211222,193500,12.26,12.415,12.15,12.35,8971,0
ISIG.US,5,20211222,194000,12.38,12.41,12.3,12.325,1654,0
ISIG.US,5,20211222,194500,12.3,12.342,12.25,12.27,2985,0
ISIG.US,5,20211222,195000,12.32,12.35,11.91,11.98,12869,0
ISIG.US,5,20211222,195500,12.08,12.15,12.02,12.055,8977,0
ISIG.US,5,20211222,200000,12.05,12.11,12.05,12.1,958,0
ISIG.US,5,20211222,200500,12.05,12.1,12.05,12.05,772,0
ISIG.US,5,20211222,201000,12.01,12.18,11.8,11.98,14727,0
ISIG.US,5,20211222,201500,11.82,12.07,11.8,11.93,19012,0
ISIG.US,5,20211222,202000,11.95,11.96,11.84,11.845,7200,0
ISIG.US,5,20211222,202500,11.82,11.9099,11.82,11.85,2450,0
ISIG.US,5,20211222,203000,11.86,11.88,11.84,11.85,1950,0
ISIG.US,5,20211222,203500,11.8,11.86,11.67,11.81,4400,0
ISIG.US,5,20211222,204000,11.82,11.86,11.82,11.86,1300,0
ISIG.US,5,20211222,204500,11.84,11.84,11.82,11.83,613,0
ISIG.US,5,20211222,205000,11.75,12,11.75,11.99,4186,0
ISIG.US,5,20211222,205500,11.9501,11.97,11.82,11.82,2590,0
ISIG.US,5,20211222,210000,11.94,11.95,11.8455,11.87,5288,0
ISIG.US,5,20211222,210500,11.89,12.15,11.89,12,9834,0
ISIG.US,5,20211222,211000,11.97,12.08,11.96,11.98,1705,0
ISIG.US,5,20211222,211500,12,12.0004,11.82,11.85,12738,0
ISIG.US,5,20211222,212000,11.88,12.02,11.88,12.02,3943,0
ISIG.US,5,20211222,212500,12.02,12.3,11.97,12.15,68345,0
ISIG.US,5,20211222,213000,12.1773,12.4,12.07,12.1056,82147,0
ISIG.US,5,20211222,213500,12.0701,12.1299,11.8,11.9945,27111,0
ISIG.US,5,20211222,214000,12,12.15,11.98,12.05,3029,0
ISIG.US,5,20211222,214500,12.04,12.05,11.78,11.92,8067,0
ISIG.US,5,20211222,215000,11.9702,11.9702,11.75,11.89,24059,0
ISIG.US,5,20211222,215500,11.8341,12,11.72,11.98,13269,0
ISIG.US,5,20211223,153000,11.69,11.8498,11.24,11.5,18930,0
ISIG.US,5,20211223,153500,11.66,11.7274,11.4488,11.715,6001,0
ISIG.US,5,20211223,154000,11.79,11.85,11.53,11.6586,21176,0
ISIG.US,5,20211223,154500,11.61,11.945,11.57,11.7682,6041,0
ISIG.US,5,20211223,155000,11.68,11.9,11.59,11.62,11843,0
ISIG.US,5,20211223,155500,11.7613,11.7613,11.74,11.74,600,0
ISIG.US,5,20211223,160000,11.737,11.737,11.72,11.7281,1311,0
ISIG.US,5,20211223,160500,11.86,11.86,11.76,11.76,800,0
ISIG.US,5,20211223,161000,11.78,11.79,11.72,11.72,1569,0
ISIG.US,5,20211223,161500,11.7307,11.84,11.7307,11.75,940,0
ISIG.US,5,20211223,162000,11.77,11.8699,11.75,11.75,7192,0
ISIG.US,5,20211223,162500,11.72,11.75,11.61,11.66,6864,0
ISIG.US,5,20211223,163000,11.66,11.75,11.6,11.6111,1521,0
ISIG.US,5,20211223,163500,11.62,12.09,11.62,11.99,29339,0
ISIG.US,5,20211223,164000,12.02,12.1999,11.9064,11.9671,15249,0
ISIG.US,5,20211223,164500,11.955,12.16,11.78,12.16,13583,0
ISIG.US,5,20211223,165000,12.1122,12.115,11.95,12,10816,0
ISIG.US,5,20211223,165500,12,12,11.91,11.91,4133,0
ISIG.US,5,20211223,170000,12.01,12.3299,12,12.05,57258,0
ISIG.US,5,20211223,170500,12.13,12.29,12.08,12.1517,14000,0
ISIG.US,5,20211223,171000,12.15,12.15,11.9,11.9501,11518,0
ISIG.US,5,20211223,171500,11.955,12.09,11.955,12.055,5280,0
ISIG.US,5,20211223,172000,12.02,12.02,11.995,11.995,400,0
ISIG.US,5,20211223,172500,11.955,11.96,11.84,11.84,1996,0
ISIG.US,5,20211223,173000,11.96,11.96,11.95,11.95,300,0
ISIG.US,5,20211223,173500,11.95,11.98,11.9225,11.98,500,0
ISIG.US,5,20211223,174000,12.09,12.09,11.85,11.92,9310,0
ISIG.US,5,20211223,174500,11.8851,12.005,11.84,11.96,10900,0
ISIG.US,5,20211223,175000,11.96,12,11.95,11.9702,2600,0
ISIG.US,5,20211223,175500,11.9771,11.9771,11.9771,11.9771,159,0
ISIG.US,5,20211223,180000,12.0082,12.02,11.992,11.992,900,0
ISIG.US,5,20211223,180500,12.0699,12.0699,12.0699,12.0699,370,0
ISIG.US,5,20211223,181000,11.99,12.025,11.98,12.025,2350,0
ISIG.US,5,20211223,181500,12.0296,12.0296,12.0296,12.0296,250,0
ISIG.US,5,20211223,182000,12.0526,12.0526,12.01,12.02,2238,0
ISIG.US,5,20211223,182500,12.0899,12.36,12.06,12.2691,28836,0
ISIG.US,5,20211223,183000,12.215,12.215,12.12,12.13,5514,0
ISIG.US,5,20211223,183500,12.14,12.2,12.1,12.1,4130,0
ISIG.US,5,20211223,184000,12.1069,12.209,12.1069,12.2,1318,0
ISIG.US,5,20211223,184500,12.15,12.2964,12.15,12.2964,4879,0
ISIG.US,5,20211223,185000,12.3,12.3,12.14,12.14,1700,0
ISIG.US,5,20211223,185500,12.25,12.26,12.25,12.26,400,0
ISIG.US,5,20211223,190000,12.25,12.5,12.06,12.35,19531,0
ISIG.US,5,20211223,190500,12.3,12.44,12.22,12.28,16391,0
ISIG.US,5,20211223,191000,12.45,12.45,12.08,12.19,9730,0
ISIG.US,5,20211223,191500,12.11,12.27,12.11,12.1356,7108,0
ISIG.US,5,20211223,192000,12.1186,12.21,12.1186,12.21,750,0
ISIG.US,5,20211223,193000,12.12,12.165,12.11,12.145,6710,0
ISIG.US,5,20211223,193500,12.08,12.09,12.08,12.09,6276,0
ISIG.US,5,20211223,194000,12.08,12.08,12.06,12.06,800,0
ISIG.US,5,20211223,194500,12.06,12.0899,12.06,12.0899,1070,0
ISIG.US,5,20211223,195000,12.075,12.075,11.85,11.85,20529,0
ISIG.US,5,20211223,195500,11.8501,12.0365,11.8501,12,4940,0
ISIG.US,5,20211223,200000,12,12.05,11.86,11.96,5548,0
ISIG.US,5,20211223,200500,11.9625,12.22,11.96,12.09,18435,0
ISIG.US,5,20211223,201000,12,12.1616,11.9899,12.1616,2621,0
ISIG.US,5,20211223,201500,12.02,12.0226,11.71,11.965,11310,0
ISIG.US,5,20211223,202000,11.8,12.0642,11.8,12.0642,700,0
ISIG.US,5,20211223,203000,11.8204,12.02,11.8001,12.02,4914,0
ISIG.US,5,20211223,203500,12,12.04,12,12.04,697,0
ISIG.US,5,20211223,204000,11.9362,12.0192,11.9362,12.0192,1546,0
ISIG.US,5,20211223,204500,12.0192,12.05,11.922,12.05,2045,0
ISIG.US,5,20211223,205000,11.98,12.02,11.92,11.94,5240,0
ISIG.US,5,20211223,205500,12.0499,12.0499,11.929,12,600,0
ISIG.US,5,20211223,210000,12.04,12.04,11.9558,11.9558,600,0
ISIG.US,5,20211223,210500,11.92,12.0466,11.851,12.0466,2929,0
ISIG.US,5,20211223,211500,11.8804,12.04,11.8804,12.04,5090,0
ISIG.US,5,20211223,212000,11.945,12.0357,11.85,12.0357,2850,0
ISIG.US,5,20211223,212500,12.0096,12.0096,12,12,6000,0
ISIG.US,5,20211223,213000,11.99,12.05,11.99,12.05,1137,0
ISIG.US,5,20211223,213500,12.115,12.2375,12.115,12.2375,613,0
ISIG.US,5,20211223,214000,12.02,12.03,12.02,12.03,200,0
ISIG.US,5,20211223,214500,12.0501,12.0501,12,12,6400,0
ISIG.US,5,20211223,215000,12.02,12.19,12,12.02,4069,0
ISIG.US,5,20211223,215500,12.0783,12.1343,11.85,12.02,14261,0
