<TICKER>,<PER>,<DATE>,<TIME>,<OPEN>,<HIGH>,<LOW>,<CLOSE>,<VOL>,<OPENINT>
LSEAW.US,5,20211104,143000,0.31,0.31,0.31,0.31,1130,0
LSEAW.US,5,20211104,143500,0.305,0.305,0.3,0.3,470,0
LSEAW.US,5,20211104,145500,0.2922,0.2923,0.2922,0.2923,3960,0
LSEAW.US,5,20211104,150000,0.2923,0.2923,0.2923,0.2923,1700,0
LSEAW.US,5,20211104,151000,0.3,0.3,0.3,0.3,1000,0
LSEAW.US,5,20211104,153000,0.29615,0.29615,0.29615,0.29615,3000,0
LSEAW.US,5,20211104,155000,0.2962,0.2962,0.2962,0.2962,1000,0
LSEAW.US,5,20211104,155500,0.2962,0.3,0.2923,0.29615,6600,0
LSEAW.US,5,20211104,161500,0.2923,0.2923,0.2923,0.2923,5000,0
LSEAW.US,5,20211104,162500,0.2922,0.2922,0.2921,0.2922,998,0
LSEAW.US,5,20211104,163000,0.2901,0.2901,0.29,0.29,1989,0
LSEAW.US,5,20211104,164500,0.29,0.29,0.29,0.29,300,0
LSEAW.US,5,20211104,165000,0.29,0.29,0.29,0.29,700,0
LSEAW.US,5,20211104,170000,0.29,0.29,0.29,0.29,3189,0
LSEAW.US,5,20211104,173000,0.2851,0.285223,0.281,0.281,9700,0
LSEAW.US,5,20211104,181500,0.2812,0.2812,0.2812,0.2812,400,0
LSEAW.US,5,20211104,193500,0.2856,0.29,0.2856,0.29,600,0
LSEAW.US,5,20211104,201500,0.2875,0.2875,0.2875,0.2875,180,0
LSEAW.US,5,20211104,203000,0.2875,0.2875,0.2875,0.2875,330,0
LSEAW.US,5,20211104,205000,0.2851,0.2851,0.2851,0.2851,400,0
LSEAW.US,5,20211105,143000,0.285,0.285,0.285,0.285,1100,0
LSEAW.US,5,20211105,144000,0.2851,0.2851,0.2851,0.2851,1000,0
LSEAW.US,5,20211105,144500,0.2852,0.2852,0.2811,0.2811,2200,0
LSEAW.US,5,20211105,145000,0.2822,0.2822,0.2822,0.2822,200,0
LSEAW.US,5,20211105,151000,0.309,0.309,0.309,0.309,3000,0
LSEAW.US,5,20211105,151500,0.309,0.309,0.309,0.309,4500,0
LSEAW.US,5,20211105,153000,0.31,0.31,0.31,0.31,5289,0
LSEAW.US,5,20211105,155000,0.309,0.309,0.309,0.309,100,0
LSEAW.US,5,20211105,163000,0.303751,0.303751,0.286,0.286,14000,0
LSEAW.US,5,20211105,164500,0.3,0.3,0.3,0.3,1341,0
LSEAW.US,5,20211105,165500,0.3,0.3,0.3,0.3,659,0
LSEAW.US,5,20211105,193000,0.3,0.3,0.3,0.3,6000,0
LSEAW.US,5,20211108,153000,0.3,0.3,0.3,0.3,4900,0
LSEAW.US,5,20211108,154500,0.2822,0.2822,0.2822,0.2822,2700,0
LSEAW.US,5,20211108,155500,0.2822,0.2822,0.2822,0.2822,6531,0
LSEAW.US,5,20211108,160000,0.2822,0.2822,0.2822,0.2822,2300,0
LSEAW.US,5,20211108,160500,0.2822,0.2822,0.2822,0.2822,1000,0
LSEAW.US,5,20211108,161000,0.2822,0.2822,0.2822,0.2822,600,0
LSEAW.US,5,20211108,161500,0.2822,0.29,0.2822,0.29,464,0
LSEAW.US,5,20211108,171000,0.29,0.29,0.29,0.29,1259,0
LSEAW.US,5,20211108,172000,0.285,0.285,0.285,0.285,3504,0
LSEAW.US,5,20211108,180000,0.287499,0.287499,0.287499,0.287499,690,0
LSEAW.US,5,20211108,181500,0.2899,0.29,0.2899,0.29,3701,0
LSEAW.US,5,20211108,182000,0.2992,0.2998,0.2992,0.2998,12196,0
LSEAW.US,5,20211108,190000,0.2864,0.2864,0.2864,0.2864,221,0
LSEAW.US,5,20211108,200000,0.29,0.29,0.29,0.29,200,0
LSEAW.US,5,20211108,200500,0.29,0.29,0.29,0.29,3900,0
LSEAW.US,5,20211108,201500,0.29,0.29,0.29,0.29,2044,0
LSEAW.US,5,20211108,205000,0.29,0.29,0.29,0.29,1000,0
LSEAW.US,5,20211108,211500,0.289,0.289,0.289,0.289,1000,0
LSEAW.US,5,20211109,155500,0.309,0.309,0.309,0.309,890,0
LSEAW.US,5,20211109,160500,0.29,0.29,0.29,0.29,1000,0
LSEAW.US,5,20211109,164500,0.2851,0.2851,0.2851,0.2851,300,0
LSEAW.US,5,20211109,170500,0.2851,0.2851,0.2851,0.2851,1000,0
LSEAW.US,5,20211109,172500,0.2862,0.2862,0.2862,0.2862,300,0
LSEAW.US,5,20211109,173500,0.2862,0.2863,0.285,0.2863,500,0
LSEAW.US,5,20211109,181000,0.2851,0.2851,0.2851,0.2851,600,0
LSEAW.US,5,20211109,190500,0.29,0.29,0.281,0.281,11778,0
LSEAW.US,5,20211109,191000,0.281,0.281,0.281,0.281,30000,0
LSEAW.US,5,20211109,191500,0.281,0.2811,0.281,0.281,8100,0
LSEAW.US,5,20211109,200500,0.29,0.29,0.2899,0.29,13200,0
LSEAW.US,5,20211109,204500,0.29,0.29,0.2899,0.2899,6000,0
LSEAW.US,5,20211109,210000,0.2875,0.2875,0.275,0.275,15911,0
LSEAW.US,5,20211109,211000,0.28,0.28,0.28,0.28,1000,0
LSEAW.US,5,20211109,212000,0.289899,0.29,0.289899,0.29,902,0
LSEAW.US,5,20211109,214500,0.29,0.29,0.2899,0.29,2000,0
LSEAW.US,5,20211109,215500,0.2772,0.29,0.2772,0.2778,16316,0
LSEAW.US,5,20211110,153000,0.3,0.3,0.292,0.292,2235,0
LSEAW.US,5,20211110,153500,0.29,0.29,0.2899,0.29,2000,0
LSEAW.US,5,20211110,160000,0.2751,0.2751,0.2751,0.2751,1200,0
LSEAW.US,5,20211110,163000,0.29,0.29,0.285,0.285,4000,0
LSEAW.US,5,20211110,163500,0.285,0.285,0.285,0.285,150,0
LSEAW.US,5,20211110,181000,0.285,0.285,0.28,0.28,8800,0
LSEAW.US,5,20211110,181500,0.279899,0.279899,0.279899,0.279899,1400,0
LSEAW.US,5,20211110,182500,0.2751,0.2751,0.2751,0.2751,1200,0
LSEAW.US,5,20211110,185000,0.28,0.28,0.28,0.28,4000,0
LSEAW.US,5,20211110,193500,0.279899,0.279899,0.279899,0.279899,200,0
LSEAW.US,5,20211110,202000,0.28,0.28,0.2799,0.2799,2416,0
LSEAW.US,5,20211110,203000,0.2752,0.2752,0.275,0.275,1775,0
LSEAW.US,5,20211110,204000,0.2702,0.2702,0.27,0.27,26462,0
LSEAW.US,5,20211110,205500,0.2691,0.2691,0.269,0.269,9795,0
LSEAW.US,5,20211111,153000,0.26,0.26,0.26,0.26,1500,0
LSEAW.US,5,20211111,164000,0.2611,0.2611,0.2611,0.2611,1000,0
LSEAW.US,5,20211111,164500,0.2611,0.2611,0.2611,0.2611,1000,0
LSEAW.US,5,20211111,181000,0.2622,0.2622,0.26,0.26,20874,0
LSEAW.US,5,20211111,183500,0.26,0.26,0.26,0.26,2000,0
LSEAW.US,5,20211111,193500,0.27,0.27,0.27,0.27,998,0
LSEAW.US,5,20211111,194500,0.26,0.26,0.26,0.26,5000,0
LSEAW.US,5,20211111,195000,0.26,0.26,0.26,0.26,7868,0
LSEAW.US,5,20211111,195500,0.252201,0.252201,0.252201,0.252201,6000,0
LSEAW.US,5,20211111,205000,0.252179,0.252179,0.252179,0.252179,700,0
LSEAW.US,5,20211111,212500,0.26,0.26,0.26,0.26,3000,0
LSEAW.US,5,20211111,215500,0.27,0.27,0.27,0.27,232,0
LSEAW.US,5,20211112,153000,0.27,0.27,0.27,0.27,2800,0
LSEAW.US,5,20211112,154500,0.298,0.298,0.298,0.298,1923,0
LSEAW.US,5,20211112,161000,0.27,0.27,0.27,0.27,678,0
LSEAW.US,5,20211112,165000,0.2691,0.2691,0.2691,0.2691,6045,0
LSEAW.US,5,20211112,170000,0.2691,0.2691,0.2691,0.2691,3955,0
LSEAW.US,5,20211112,171000,0.269,0.269,0.269,0.269,955,0
LSEAW.US,5,20211112,171500,0.261201,0.261201,0.2611,0.2612,576,0
LSEAW.US,5,20211112,172000,0.269,0.269,0.252,0.267899,26557,0
LSEAW.US,5,20211112,174000,0.26,0.26,0.252,0.252,18800,0
LSEAW.US,5,20211112,181000,0.26,0.26,0.26,0.26,1000,0
LSEAW.US,5,20211112,210000,0.26,0.262,0.26,0.262,10600,0
LSEAW.US,5,20211112,212500,0.258049,0.26,0.258049,0.26,700,0
LSEAW.US,5,20211112,213500,0.26,0.26,0.26,0.26,3000,0
LSEAW.US,5,20211112,215000,0.26,0.26,0.26,0.26,500,0
LSEAW.US,5,20211115,153000,0.26,0.26,0.25,0.25,4166,0
LSEAW.US,5,20211115,154500,0.261,0.261,0.261,0.261,1000,0
LSEAW.US,5,20211115,155000,0.261,0.2621,0.261,0.2621,500,0
LSEAW.US,5,20211115,155500,0.2632,0.278,0.2632,0.278,5672,0
LSEAW.US,5,20211115,160500,0.2635,0.26352,0.2635,0.26352,4600,0
LSEAW.US,5,20211115,162000,0.2635,0.2635,0.2635,0.2635,14100,0
LSEAW.US,5,20211115,162500,0.2621,0.2621,0.2621,0.2621,4800,0
LSEAW.US,5,20211115,163000,0.261,0.261,0.26,0.26,8206,0
LSEAW.US,5,20211115,163500,0.253,0.253,0.253,0.253,1800,0
LSEAW.US,5,20211115,165000,0.2615,0.2615,0.2615,0.2615,100,0
LSEAW.US,5,20211115,173000,0.253,0.253,0.25,0.25,1027,0
LSEAW.US,5,20211115,180000,0.252,0.252,0.252,0.252,1314,0
LSEAW.US,5,20211115,180500,0.252,0.2521,0.252,0.2521,5200,0
LSEAW.US,5,20211115,181000,0.255,0.255,0.255,0.255,3891,0
LSEAW.US,5,20211115,182500,0.254899,0.254899,0.254899,0.254899,200,0
LSEAW.US,5,20211115,194000,0.2535,0.2535,0.25,0.25,5560,0
LSEAW.US,5,20211115,200500,0.25,0.25,0.25,0.25,5447,0
LSEAW.US,5,20211115,202500,0.2536,0.2536,0.2536,0.2536,600,0
LSEAW.US,5,20211115,214000,0.25,0.2501,0.25,0.2501,1000,0
LSEAW.US,5,20211115,215500,0.2501,0.2501,0.2501,0.2501,300,0
LSEAW.US,5,20211116,153000,0.25,0.25,0.25,0.25,7731,0
LSEAW.US,5,20211116,154500,0.26,0.26,0.26,0.26,5000,0
LSEAW.US,5,20211116,160500,0.2502,0.2502,0.25,0.2502,1900,0
LSEAW.US,5,20211116,170000,0.251,0.251,0.25,0.25,8002,0
LSEAW.US,5,20211116,191000,0.2508,0.2508,0.2508,0.2508,9000,0
LSEAW.US,5,20211116,191500,0.2572,0.2572,0.2572,0.2572,300,0
LSEAW.US,5,20211116,200000,0.2572,0.257358,0.2508,0.2508,5300,0
LSEAW.US,5,20211116,201500,0.257099,0.2572,0.257099,0.2572,1600,0
LSEAW.US,5,20211116,202500,0.254,0.254,0.254,0.254,1000,0
LSEAW.US,5,20211116,203000,0.254,0.254,0.254,0.254,1000,0
LSEAW.US,5,20211116,212000,0.254,0.254,0.254,0.254,400,0
LSEAW.US,5,20211116,212500,0.254,0.254,0.254,0.254,500,0
LSEAW.US,5,20211116,214000,0.2572,0.2572,0.257,0.2572,6400,0
LSEAW.US,5,20211117,153000,0.27,0.27,0.256,0.256,9690,0
LSEAW.US,5,20211117,160500,0.251,0.2511,0.25,0.25,3342,0
LSEAW.US,5,20211117,161000,0.25,0.25,0.25,0.25,8393,0
LSEAW.US,5,20211117,162000,0.25,0.25,0.25,0.25,10000,0
LSEAW.US,5,20211117,172000,0.25,0.25,0.2499,0.2499,2000,0
LSEAW.US,5,20211117,182000,0.25,0.25,0.25,0.25,500,0
LSEAW.US,5,20211117,183000,0.248,0.248,0.2457,0.2457,500,0
LSEAW.US,5,20211117,192000,0.2499,0.25,0.245801,0.245801,1200,0
LSEAW.US,5,20211117,203500,0.2458,0.2458,0.2458,0.2458,400,0
LSEAW.US,5,20211117,215500,0.2458,0.2484,0.231,0.2312,11407,0
LSEAW.US,5,20211118,153000,0.2313,0.2313,0.2313,0.2313,650,0
LSEAW.US,5,20211118,172000,0.25,0.25,0.25,0.25,1000,0
LSEAW.US,5,20211118,173500,0.25,0.25,0.25,0.25,5000,0
LSEAW.US,5,20211118,182500,0.25,0.25,0.25,0.25,350,0
LSEAW.US,5,20211118,183000,0.25,0.259,0.25,0.259,95400,0
LSEAW.US,5,20211118,184000,0.252295,0.252295,0.252295,0.252295,500,0
LSEAW.US,5,20211118,192000,0.258,0.258,0.2579,0.2579,5000,0
LSEAW.US,5,20211118,192500,0.2578,0.2578,0.2578,0.2578,500,0
LSEAW.US,5,20211118,194500,0.2506,0.2506,0.2506,0.2506,349,0
LSEAW.US,5,20211118,201500,0.255899,0.255899,0.255899,0.255899,1000,0
LSEAW.US,5,20211118,210000,0.2314,0.2314,0.2314,0.2314,1000,0
LSEAW.US,5,20211119,153000,0.23,0.23,0.23,0.23,2825,0
LSEAW.US,5,20211119,160000,0.2978,0.2978,0.2978,0.2978,500,0
LSEAW.US,5,20211119,160500,0.275,0.275,0.275,0.275,140,0
LSEAW.US,5,20211119,161000,0.2316,0.2316,0.2316,0.2316,100,0
LSEAW.US,5,20211119,161500,0.269,0.269,0.269,0.269,6111,0
LSEAW.US,5,20211119,163500,0.257,0.257,0.257,0.257,100,0
LSEAW.US,5,20211119,170000,0.2326,0.2326,0.2326,0.2326,800,0
LSEAW.US,5,20211119,173500,0.2338,0.239023,0.2338,0.239023,5000,0
LSEAW.US,5,20211119,175500,0.2337,0.2369,0.2337,0.2369,1000,0
LSEAW.US,5,20211119,180000,0.2398,0.23985,0.2397,0.2397,500,0
LSEAW.US,5,20211119,181500,0.2455,0.2455,0.2455,0.2455,5000,0
LSEAW.US,5,20211119,184000,0.255,0.259,0.255,0.259,49950,0
LSEAW.US,5,20211119,185000,0.248001,0.248001,0.248001,0.248001,1000,0
LSEAW.US,5,20211119,185500,0.259,0.259,0.258451,0.259,11292,0
LSEAW.US,5,20211119,194500,0.259,0.259,0.259,0.259,127,0
LSEAW.US,5,20211119,205000,0.256,0.256,0.256,0.256,3800,0
LSEAW.US,5,20211119,205500,0.25,0.25,0.25,0.25,100,0
LSEAW.US,5,20211119,213500,0.256,0.256,0.2559,0.2559,1000,0
LSEAW.US,5,20211122,153500,0.25,0.25,0.24,0.24,6115,0
LSEAW.US,5,20211122,155500,0.2559,0.26,0.2557,0.26,49960,0
LSEAW.US,5,20211122,191000,0.25,0.25,0.23,0.23,36460,0
LSEAW.US,5,20211122,192000,0.23,0.23,0.229951,0.23,8900,0
LSEAW.US,5,20211122,215500,0.2401,0.248,0.23555,0.23555,26104,0
LSEAW.US,5,20211123,153500,0.2301,0.2303,0.23,0.23,3700,0
LSEAW.US,5,20211123,154500,0.23,0.23,0.228,0.228,5996,0
LSEAW.US,5,20211123,155000,0.2282,0.2282,0.2282,0.2282,800,0
LSEAW.US,5,20211123,161500,0.2291,0.2291,0.2291,0.2291,500,0
LSEAW.US,5,20211123,162000,0.23455,0.23455,0.23455,0.23455,2000,0
LSEAW.US,5,20211123,164500,0.2301,0.23505,0.23,0.23,5100,0
LSEAW.US,5,20211123,170500,0.239899,0.239899,0.2291,0.2291,2156,0
LSEAW.US,5,20211123,175000,0.23,0.23,0.23,0.23,2600,0
LSEAW.US,5,20211123,180000,0.2398,0.24,0.2398,0.24,2000,0
LSEAW.US,5,20211123,193500,0.23,0.23,0.229,0.23,19173,0
LSEAW.US,5,20211123,200500,0.234,0.237,0.228,0.228,1500,0
LSEAW.US,5,20211123,211000,0.2396,0.2437,0.2396,0.2437,5587,0
LSEAW.US,5,20211123,211500,0.24875,0.24875,0.2475,0.2475,300,0
LSEAW.US,5,20211123,213000,0.25,0.25,0.25,0.25,3612,0
LSEAW.US,5,20211123,213500,0.259,0.2599,0.253299,0.258999,10775,0
LSEAW.US,5,20211123,214500,0.2475,0.2475,0.2475,0.2475,1000,0
LSEAW.US,5,20211124,185000,0.2555,0.2555,0.2555,0.2555,800,0
LSEAW.US,5,20211124,185500,0.244701,0.244701,0.244701,0.244701,163,0
LSEAW.US,5,20211124,195000,0.242,0.242,0.242,0.242,699,0
LSEAW.US,5,20211124,201000,0.242001,0.242001,0.242001,0.242001,1800,0
LSEAW.US,5,20211124,213000,0.2447,0.245294,0.24,0.241351,4200,0
LSEAW.US,5,20211124,213500,0.2474,0.2474,0.2474,0.2474,1250,0
LSEAW.US,5,20211126,153000,0.2474,0.2474,0.240101,0.240101,4100,0
LSEAW.US,5,20211126,154500,0.269,0.269,0.269,0.269,200,0
LSEAW.US,5,20211126,155000,0.24,0.24,0.22,0.22,58950,0
LSEAW.US,5,20211126,171000,0.2489,0.2489,0.2489,0.2489,1000,0
LSEAW.US,5,20211126,172500,0.230101,0.230101,0.225,0.225001,8952,0
LSEAW.US,5,20211126,173500,0.2251,0.249,0.2251,0.249,1500,0
LSEAW.US,5,20211126,174000,0.249,0.249,0.249,0.249,500,0
LSEAW.US,5,20211126,174500,0.239,0.239,0.239,0.239,900,0
LSEAW.US,5,20211126,175000,0.239,0.239,0.239,0.239,300,0
LSEAW.US,5,20211126,175500,0.239,0.239,0.239,0.239,700,0
LSEAW.US,5,20211126,183500,0.2345,0.2345,0.2345,0.2345,100,0
LSEAW.US,5,20211129,153000,0.2484,0.2484,0.2484,0.2484,1000,0
LSEAW.US,5,20211129,153500,0.22,0.22,0.22,0.22,100,0
LSEAW.US,5,20211129,154000,0.2201,0.2201,0.2201,0.2201,400,0
LSEAW.US,5,20211129,161000,0.2325,0.2325,0.2325,0.2325,1030,0
LSEAW.US,5,20211129,164000,0.232551,0.232551,0.232551,0.232551,1900,0
LSEAW.US,5,20211129,170000,0.2201,0.2201,0.22,0.22,24999,0
LSEAW.US,5,20211129,194500,0.22,0.22,0.22,0.22,200,0
LSEAW.US,5,20211129,202500,0.225,0.2251,0.22,0.22,13793,0
LSEAW.US,5,20211129,205000,0.22,0.22,0.22,0.22,8917,0
LSEAW.US,5,20211129,210000,0.22,0.22,0.22,0.22,5000,0
LSEAW.US,5,20211129,210500,0.2201,0.2201,0.2201,0.2201,450,0
LSEAW.US,5,20211129,213000,0.22,0.220003,0.22,0.22,1980,0
LSEAW.US,5,20211129,214500,0.22,0.22,0.2196,0.22,27968,0
LSEAW.US,5,20211129,215500,0.2195,0.2195,0.2195,0.2195,300,0
LSEAW.US,5,20211130,153000,0.2195,0.219588,0.2195,0.219588,7249,0
LSEAW.US,5,20211130,160500,0.2196,0.22,0.2196,0.2196,1000,0
LSEAW.US,5,20211130,163000,0.22,0.22,0.2196,0.2196,9700,0
LSEAW.US,5,20211130,173500,0.2195,0.2196,0.2195,0.2196,3950,0
LSEAW.US,5,20211130,174000,0.219601,0.219601,0.219601,0.219601,5000,0
LSEAW.US,5,20211130,212500,0.2196,0.2196,0.2196,0.2196,900,0
LSEAW.US,5,20211201,153000,0.2395,0.2395,0.2395,0.2395,500,0
LSEAW.US,5,20211201,162000,0.2196,0.2196,0.2196,0.2196,100,0
LSEAW.US,5,20211201,164500,0.2195,0.2195,0.2195,0.2195,400,0
LSEAW.US,5,20211201,171000,0.2196,0.23,0.2195,0.2197,18700,0
LSEAW.US,5,20211201,171500,0.220101,0.220101,0.22,0.22,2000,0
LSEAW.US,5,20211201,195000,0.225999,0.225999,0.225999,0.225999,200,0
LSEAW.US,5,20211201,201500,0.229,0.229,0.2289,0.2289,1000,0
LSEAW.US,5,20211201,203000,0.223,0.223,0.223,0.223,1705,0
LSEAW.US,5,20211201,210500,0.2195,0.2195,0.2195,0.2195,2000,0
LSEAW.US,5,20211201,212000,0.219601,0.22125,0.2195,0.2195,7546,0
LSEAW.US,5,20211201,213500,0.215,0.215,0.215,0.215,1000,0
LSEAW.US,5,20211202,160000,0.215,0.215,0.2121,0.2121,1983,0
LSEAW.US,5,20211202,161500,0.22,0.22,0.22,0.22,1800,0
LSEAW.US,5,20211202,163000,0.22,0.22,0.22,0.22,6200,0
LSEAW.US,5,20211202,163500,0.2122,0.2123,0.2122,0.2123,800,0
LSEAW.US,5,20211202,165000,0.2122,0.2125,0.2117,0.2117,5000,0
LSEAW.US,5,20211202,174000,0.2137,0.2137,0.2137,0.2137,4000,0
LSEAW.US,5,20211202,174500,0.2125,0.2126,0.2125,0.2126,1000,0
LSEAW.US,5,20211202,175500,0.229,0.229,0.229,0.229,500,0
LSEAW.US,5,20211202,180000,0.2125,0.2125,0.2125,0.2125,14900,0
LSEAW.US,5,20211202,180500,0.2133,0.2133,0.2127,0.2133,1900,0
LSEAW.US,5,20211202,183000,0.212601,0.212601,0.212601,0.212601,2000,0
LSEAW.US,5,20211202,184000,0.219,0.219,0.219,0.219,2000,0
LSEAW.US,5,20211202,190500,0.2125,0.2125,0.2125,0.2125,1454,0
LSEAW.US,5,20211202,191000,0.2117,0.212033,0.2117,0.212033,2000,0
LSEAW.US,5,20211202,192500,0.2117,0.2117,0.2117,0.2117,500,0
LSEAW.US,5,20211202,210000,0.2118,0.2118,0.2118,0.2118,300,0
LSEAW.US,5,20211202,211500,0.2199,0.2199,0.2199,0.2199,460,0
LSEAW.US,5,20211202,212000,0.22,0.22,0.22,0.22,300,0
LSEAW.US,5,20211202,214000,0.229,0.229,0.2287,0.2287,1699,0
LSEAW.US,5,20211202,215000,0.2119,0.2119,0.2119,0.2119,1500,0
LSEAW.US,5,20211202,215500,0.2205,0.2205,0.2205,0.2205,590,0
LSEAW.US,5,20211203,155000,0.22,0.22,0.22,0.22,2000,0
LSEAW.US,5,20211203,164500,0.2205,0.2205,0.2117,0.2117,4000,0
LSEAW.US,5,20211203,172000,0.2117,0.2118,0.2117,0.2118,16000,0
LSEAW.US,5,20211203,173500,0.2111,0.2111,0.2111,0.2111,1182,0
LSEAW.US,5,20211203,174500,0.211,0.211,0.211,0.211,25000,0
LSEAW.US,5,20211203,175000,0.21,0.21,0.21,0.21,27406,0
LSEAW.US,5,20211203,175500,0.21,0.2101,0.21,0.2101,1200,0
LSEAW.US,5,20211203,180500,0.2101,0.2101,0.2101,0.2101,400,0
LSEAW.US,5,20211203,182000,0.2101,0.2101,0.2101,0.2101,1400,0
LSEAW.US,5,20211203,182500,0.228,0.228,0.228,0.228,2000,0
LSEAW.US,5,20211203,184000,0.2102,0.2102,0.210101,0.210101,200,0
LSEAW.US,5,20211203,184500,0.2101,0.2101,0.21,0.2101,11494,0
LSEAW.US,5,20211203,185000,0.2075,0.2075,0.205,0.205,14300,0
LSEAW.US,5,20211203,185500,0.205,0.205,0.2012,0.2012,57500,0
LSEAW.US,5,20211203,190000,0.2,0.2001,0.2,0.2001,17206,0
LSEAW.US,5,20211203,193500,0.2001,0.2001,0.2001,0.2001,1000,0
LSEAW.US,5,20211203,195500,0.2001,0.2001,0.2001,0.2001,600,0
LSEAW.US,5,20211203,203000,0.2002,0.2002,0.2002,0.2002,2000,0
LSEAW.US,5,20211203,203500,0.2002,0.2002,0.2002,0.2002,5100,0
LSEAW.US,5,20211203,210000,0.2001,0.2001,0.2001,0.2001,6359,0
LSEAW.US,5,20211203,214500,0.2001,0.2001,0.2001,0.2001,16000,0
LSEAW.US,5,20211203,215500,0.2002,0.2002,0.2001,0.2001,1100,0
LSEAW.US,5,20211206,153000,0.2198,0.2198,0.2198,0.2198,180,0
LSEAW.US,5,20211206,153500,0.2,0.2,0.2,0.2,3653,0
LSEAW.US,5,20211206,154500,0.2,0.2055,0.2,0.2055,14361,0
LSEAW.US,5,20211206,160500,0.2049,0.2049,0.2049,0.2049,389,0
LSEAW.US,5,20211206,161000,0.2,0.2,0.178,0.18,83000,0
LSEAW.US,5,20211206,161500,0.18,0.18,0.1721,0.18,20299,0
LSEAW.US,5,20211206,164000,0.18,0.18,0.18,0.18,1000,0
LSEAW.US,5,20211206,165000,0.1881,0.1881,0.188,0.1881,1000,0
LSEAW.US,5,20211206,165500,0.1881,0.1881,0.1881,0.1881,200,0
LSEAW.US,5,20211206,170000,0.1811,0.1811,0.1811,0.1811,3000,0
LSEAW.US,5,20211206,172500,0.181,0.181,0.1723,0.1723,23640,0
LSEAW.US,5,20211206,174500,0.1723,0.1723,0.1723,0.1723,100,0
LSEAW.US,5,20211206,175500,0.1723,0.1723,0.1723,0.1723,900,0
LSEAW.US,5,20211206,182500,0.1723,0.1723,0.1723,0.1723,100,0
LSEAW.US,5,20211206,183000,0.1722,0.1722,0.1722,0.1722,1480,0
LSEAW.US,5,20211206,190500,0.1722,0.1722,0.1722,0.1722,700,0
LSEAW.US,5,20211206,191500,0.1722,0.1724,0.1722,0.1724,600,0
LSEAW.US,5,20211206,194500,0.1735,0.1735,0.1735,0.1735,580,0
LSEAW.US,5,20211206,195000,0.1728,0.1728,0.1728,0.1728,700,0
LSEAW.US,5,20211206,195500,0.1721,0.1722,0.1721,0.1722,10680,0
LSEAW.US,5,20211206,200000,0.175,0.175,0.175,0.175,6000,0
LSEAW.US,5,20211206,202000,0.17225,0.175,0.17225,0.175,1700,0
LSEAW.US,5,20211206,203500,0.1722,0.1722,0.1722,0.1722,2000,0
LSEAW.US,5,20211206,210500,0.1736,0.176,0.1736,0.176,5900,0
LSEAW.US,5,20211206,212000,0.1785,0.1785,0.1785,0.1785,1250,0
LSEAW.US,5,20211206,213000,0.176,0.176,0.1721,0.1721,34275,0
LSEAW.US,5,20211207,153500,0.176499,0.176499,0.176499,0.176499,2500,0
LSEAW.US,5,20211207,154500,0.178,0.178,0.178,0.178,3676,0
LSEAW.US,5,20211207,160000,0.178,0.178,0.178,0.178,3400,0
LSEAW.US,5,20211207,161500,0.1761,0.177999,0.1761,0.1762,5200,0
LSEAW.US,5,20211207,162000,0.178,0.178,0.178,0.178,6737,0
LSEAW.US,5,20211207,163500,0.18,0.18,0.18,0.18,300,0
LSEAW.US,5,20211207,164000,0.179899,0.179899,0.1765,0.1765,2878,0
LSEAW.US,5,20211207,165500,0.18,0.18,0.18,0.18,356,0
LSEAW.US,5,20211207,171000,0.18,0.18,0.18,0.18,2800,0
LSEAW.US,5,20211207,171500,0.18,0.18,0.18,0.18,1800,0
LSEAW.US,5,20211207,182000,0.18,0.18,0.18,0.18,1000,0
LSEAW.US,5,20211207,183000,0.1799,0.1799,0.1799,0.1799,400,0
LSEAW.US,5,20211207,191000,0.1799,0.1799,0.1799,0.1799,1000,0
LSEAW.US,5,20211207,200500,0.18,0.18,0.18,0.18,2370,0
LSEAW.US,5,20211207,210000,0.1799,0.1799,0.175,0.175,2960,0
LSEAW.US,5,20211207,210500,0.177501,0.177501,0.177,0.177,1500,0
LSEAW.US,5,20211207,213500,0.179,0.179,0.179,0.179,23000,0
LSEAW.US,5,20211207,215000,0.18,0.18,0.1775,0.1775,12160,0
LSEAW.US,5,20211207,215500,0.175,0.175,0.175,0.175,300,0
LSEAW.US,5,20211208,153500,0.18,0.18,0.1799,0.1799,2850,0
LSEAW.US,5,20211208,163000,0.18,0.18,0.1756,0.1756,8300,0
LSEAW.US,5,20211208,174500,0.1778,0.18,0.177,0.18,3700,0
LSEAW.US,5,20211208,184500,0.185,0.185,0.1826,0.1826,3600,0
LSEAW.US,5,20211208,185500,0.18,0.1801,0.18,0.18,3899,0
LSEAW.US,5,20211208,193000,0.185,0.185,0.184175,0.184175,250,0
LSEAW.US,5,20211208,210000,0.18465,0.18465,0.18465,0.18465,625,0
LSEAW.US,5,20211208,210500,0.18465,0.18465,0.1803,0.18465,2250,0
LSEAW.US,5,20211208,211000,0.18465,0.18465,0.18465,0.18465,1250,0
LSEAW.US,5,20211208,211500,0.18465,0.18465,0.18465,0.18465,1250,0
LSEAW.US,5,20211208,212000,0.18465,0.18465,0.18465,0.18465,750,0
LSEAW.US,5,20211208,212500,0.18465,0.18465,0.18465,0.18465,125,0
LSEAW.US,5,20211208,213500,0.18465,0.18465,0.18465,0.18465,125,0
LSEAW.US,5,20211208,214000,0.189,0.189,0.189,0.189,1356,0
LSEAW.US,5,20211208,215500,0.18465,0.18465,0.18465,0.18465,125,0
LSEAW.US,5,20211209,160000,0.1811,0.1811,0.18,0.18,39459,0
LSEAW.US,5,20211209,194000,0.19,0.19,0.1888,0.1888,15000,0
LSEAW.US,5,20211209,194500,0.189,0.189,0.189,0.189,5000,0
LSEAW.US,5,20211209,200000,0.195,0.195,0.195,0.195,1400,0
LSEAW.US,5,20211209,201000,0.194999,0.194999,0.194999,0.194999,250,0
LSEAW.US,5,20211209,212500,0.195,0.195,0.195,0.195,500,0
LSEAW.US,5,20211209,213500,0.1889,0.1889,0.1889,0.1889,5000,0
LSEAW.US,5,20211210,162000,0.188,0.188,0.188,0.188,900,0
LSEAW.US,5,20211210,165500,0.19,0.19,0.1804,0.1804,4166,0
LSEAW.US,5,20211210,180000,0.1979,0.1979,0.1978,0.1978,4000,0
LSEAW.US,5,20211210,203500,0.19,0.19,0.19,0.19,500,0
LSEAW.US,5,20211213,161500,0.18,0.188,0.18,0.188,6002,0
LSEAW.US,5,20211213,184000,0.1803,0.1803,0.18,0.18,3100,0
LSEAW.US,5,20211213,190000,0.187,0.187,0.187,0.187,2000,0
LSEAW.US,5,20211213,190500,0.1879,0.1879,0.1879,0.1879,100,0
LSEAW.US,5,20211213,211000,0.18,0.18,0.18,0.18,36438,0
LSEAW.US,5,20211213,215500,0.1798,0.1798,0.1798,0.1798,300,0
LSEAW.US,5,20211214,173000,0.1806,0.1806,0.175,0.175,2691,0
LSEAW.US,5,20211214,175500,0.1718,0.1718,0.1718,0.1718,300,0
LSEAW.US,5,20211214,190500,0.1738,0.1738,0.1738,0.1738,922,0
LSEAW.US,5,20211214,195500,0.1717,0.1718,0.1717,0.1718,1060,0
LSEAW.US,5,20211214,200000,0.1701,0.1701,0.1701,0.1701,200,0
LSEAW.US,5,20211214,201000,0.1701,0.1701,0.1701,0.1701,200,0
LSEAW.US,5,20211214,210500,0.1701,0.1701,0.165,0.165,13500,0
LSEAW.US,5,20211214,215000,0.1602,0.1602,0.1602,0.1602,400,0
LSEAW.US,5,20211214,215500,0.164899,0.164899,0.164899,0.164899,6061,0
LSEAW.US,5,20211215,153000,0.1507,0.1601,0.1507,0.1601,18537,0
LSEAW.US,5,20211215,154000,0.16,0.16,0.16,0.16,4905,0
LSEAW.US,5,20211215,154500,0.1601,0.1601,0.1601,0.1601,1392,0
LSEAW.US,5,20211215,155000,0.16,0.161,0.16,0.16,1950,0
LSEAW.US,5,20211215,165500,0.162499,0.165,0.1601,0.165,6800,0
LSEAW.US,5,20211215,171500,0.165,0.165,0.1601,0.1601,14040,0
LSEAW.US,5,20211215,172000,0.1601,0.1601,0.1601,0.1601,600,0
LSEAW.US,5,20211215,172500,0.1601,0.1601,0.1601,0.1601,300,0
LSEAW.US,5,20211215,174000,0.16,0.16,0.16,0.16,950,0
LSEAW.US,5,20211215,175500,0.16,0.16,0.16,0.16,2950,0
LSEAW.US,5,20211215,184000,0.16,0.16,0.16,0.16,11458,0
LSEAW.US,5,20211215,190500,0.1601,0.162499,0.1601,0.162499,1325,0
LSEAW.US,5,20211215,194000,0.1601,0.1601,0.1601,0.1601,1334,0
LSEAW.US,5,20211215,194500,0.1602,0.165,0.1602,0.165,1300,0
LSEAW.US,5,20211215,200000,0.1649,0.165,0.1649,0.165,1806,0
LSEAW.US,5,20211215,213500,0.1602,0.1602,0.1602,0.1602,400,0
LSEAW.US,5,20211215,215000,0.165,0.165,0.165,0.165,1000,0
LSEAW.US,5,20211216,162500,0.1635,0.1635,0.1635,0.1635,1000,0
LSEAW.US,5,20211216,164000,0.177,0.177,0.177,0.177,3500,0
LSEAW.US,5,20211216,175500,0.17,0.17,0.17,0.17,101,0
LSEAW.US,5,20211216,192000,0.165,0.165,0.165,0.165,1000,0
LSEAW.US,5,20211216,194000,0.1651,0.17,0.1651,0.17,5500,0
LSEAW.US,5,20211216,194500,0.1651,0.1651,0.165,0.165,4904,0
LSEAW.US,5,20211216,195500,0.1651,0.169,0.16508,0.169,3700,0
LSEAW.US,5,20211216,201000,0.17,0.17,0.17,0.17,1402,0
LSEAW.US,5,20211216,205000,0.165,0.1651,0.165,0.165098,1350,0
LSEAW.US,5,20211216,212500,0.16552,0.16552,0.1655,0.16552,3400,0
LSEAW.US,5,20211216,215000,0.165,0.165,0.165,0.165,1000,0
LSEAW.US,5,20211217,160500,0.1603,0.1603,0.16,0.16,2536,0
LSEAW.US,5,20211217,162500,0.1575,0.1575,0.1575,0.1575,1000,0
LSEAW.US,5,20211217,165500,0.1575,0.1575,0.14039,0.14039,24785,0
LSEAW.US,5,20211217,170000,0.1401,0.1413,0.1401,0.1401,4000,0
LSEAW.US,5,20211217,170500,0.1406,0.1406,0.1401,0.1401,1200,0
LSEAW.US,5,20211217,171500,0.1401,0.14495,0.14,0.14495,8721,0
LSEAW.US,5,20211217,174500,0.147,0.147,0.147,0.147,2700,0
LSEAW.US,5,20211217,175000,0.147,0.1471,0.147,0.1471,1693,0
LSEAW.US,5,20211217,181000,0.1471,0.1471,0.1471,0.1471,1900,0
LSEAW.US,5,20211217,182000,0.147,0.147,0.141,0.141,4900,0
LSEAW.US,5,20211217,185000,0.1455,0.1455,0.1455,0.1455,1300,0
LSEAW.US,5,20211217,185500,0.15,0.15,0.1499,0.1499,3840,0
LSEAW.US,5,20211217,201000,0.15,0.15,0.15,0.15,11400,0
LSEAW.US,5,20211217,201500,0.1473,0.1473,0.1471,0.1471,400,0
LSEAW.US,5,20211217,204500,0.147,0.147,0.147,0.147,3333,0
LSEAW.US,5,20211217,211500,0.1471,0.1471,0.1471,0.1471,195,0
LSEAW.US,5,20211217,213500,0.1471,0.1471,0.1471,0.1471,1500,0
LSEAW.US,5,20211217,214500,0.147891,0.147891,0.147,0.147,3600,0
LSEAW.US,5,20211217,215500,0.1459,0.1459,0.141,0.1428,3400,0
LSEAW.US,5,20211220,153000,0.14,0.14,0.14,0.14,3436,0
LSEAW.US,5,20211220,160500,0.144,0.1441,0.144,0.1441,5200,0
LSEAW.US,5,20211220,164000,0.144,0.144,0.144,0.144,998,0
LSEAW.US,5,20211220,165000,0.144,0.144,0.144,0.144,2257,0
LSEAW.US,5,20211220,182500,0.144,0.1441,0.144,0.1441,400,0
LSEAW.US,5,20211220,193000,0.1433,0.1433,0.1402,0.1402,9249,0
LSEAW.US,5,20211220,205500,0.1411,0.1411,0.1411,0.1411,2000,0
LSEAW.US,5,20211220,212500,0.1591,0.1591,0.1591,0.1591,1000,0
LSEAW.US,5,20211220,215500,0.1768,0.1768,0.1768,0.1768,200,0
LSEAW.US,5,20211221,160000,0.17,0.17,0.17,0.17,504,0
LSEAW.US,5,20211221,163000,0.16,0.16,0.16,0.16,250,0
LSEAW.US,5,20211221,163500,0.16,0.16,0.16,0.16,600,0
LSEAW.US,5,20211221,164500,0.1511,0.1511,0.1511,0.1511,4000,0
LSEAW.US,5,20211221,165500,0.151101,0.151101,0.151101,0.151101,9750,0
LSEAW.US,5,20211221,170500,0.16,0.16,0.16,0.16,3000,0
LSEAW.US,5,20211221,174500,0.1602,0.1602,0.1601,0.1602,4300,0
LSEAW.US,5,20211221,175000,0.1603,0.1604,0.16,0.16,11700,0
LSEAW.US,5,20211221,180000,0.1501,0.1568,0.1501,0.1568,700,0
LSEAW.US,5,20211221,181500,0.16,0.16,0.16,0.16,500,0
LSEAW.US,5,20211221,182000,0.155,0.155,0.1506,0.1506,6369,0
LSEAW.US,5,20211221,184000,0.1528,0.1528,0.1506,0.1506,519,0
LSEAW.US,5,20211221,190000,0.1548,0.155,0.1548,0.155,799,0
LSEAW.US,5,20211221,192000,0.155,0.155,0.155,0.155,4000,0
LSEAW.US,5,20211221,194000,0.1506,0.1506,0.1506,0.1506,1000,0
LSEAW.US,5,20211221,201000,0.1507,0.1507,0.1507,0.1507,971,0
LSEAW.US,5,20211221,205000,0.1504,0.155,0.1504,0.155,1000,0
LSEAW.US,5,20211221,205500,0.1507,0.15215,0.15,0.15,16334,0
LSEAW.US,5,20211221,210500,0.15,0.15,0.1421,0.1422,5665,0
LSEAW.US,5,20211221,211000,0.1428,0.1428,0.1428,0.1428,200,0
LSEAW.US,5,20211221,211500,0.1445,0.15,0.1428,0.146,3000,0
LSEAW.US,5,20211221,212000,0.1445,0.1445,0.1445,0.1445,100,0
LSEAW.US,5,20211221,213000,0.1445,0.1445,0.1445,0.1445,200,0
LSEAW.US,5,20211221,213500,0.1445,0.15,0.1444,0.1445,1700,0
LSEAW.US,5,20211221,214000,0.1445,0.1445,0.1444,0.1444,1200,0
LSEAW.US,5,20211221,215500,0.144,0.144,0.144,0.144,300,0
LSEAW.US,5,20211222,153000,0.15,0.15,0.15,0.15,3495,0
LSEAW.US,5,20211222,154000,0.1439,0.1439,0.14,0.14,9978,0
LSEAW.US,5,20211222,154500,0.14,0.14,0.138,0.14,24190,0
LSEAW.US,5,20211222,155500,0.14,0.14,0.14,0.14,9900,0
LSEAW.US,5,20211222,161000,0.1402,0.145,0.14,0.145,2991,0
LSEAW.US,5,20211222,165000,0.148,0.148,0.148,0.148,12200,0
LSEAW.US,5,20211222,170500,0.1481,0.1481,0.1481,0.1481,158,0
LSEAW.US,5,20211222,172000,0.1481,0.1483,0.1481,0.1483,300,0
LSEAW.US,5,20211222,172500,0.15,0.15,0.15,0.15,17700,0
LSEAW.US,5,20211222,174000,0.1486,0.16,0.1486,0.16,4000,0
LSEAW.US,5,20211222,180500,0.1598,0.1598,0.1485,0.1485,900,0
LSEAW.US,5,20211222,181000,0.148,0.148,0.1421,0.1421,3200,0
LSEAW.US,5,20211222,184500,0.1435,0.145501,0.1435,0.145501,52661,0
LSEAW.US,5,20211222,185000,0.145,0.1456,0.144,0.1456,51439,0
LSEAW.US,5,20211222,195500,0.1501,0.1501,0.1501,0.1501,2111,0
LSEAW.US,5,20211222,203000,0.15,0.1501,0.15,0.15,2800,0
LSEAW.US,5,20211222,210500,0.149899,0.149899,0.149899,0.149899,1500,0
LSEAW.US,5,20211222,211000,0.15,0.15,0.15,0.15,400,0
LSEAW.US,5,20211222,215500,0.159,0.159,0.159,0.159,2400,0
LSEAW.US,5,20211223,153000,0.146,0.146,0.146,0.146,100,0
LSEAW.US,5,20211223,154000,0.1494,0.15,0.1494,0.15,2465,0
LSEAW.US,5,20211223,155500,0.147,0.147,0.146,0.146,3000,0
LSEAW.US,5,20211223,161500,0.145,0.145,0.145,0.145,500,0
LSEAW.US,5,20211223,162000,0.1412,0.1412,0.1411,0.1412,6000,0
LSEAW.US,5,20211223,165500,0.1413,0.145,0.1411,0.145,7369,0
LSEAW.US,5,20211223,170500,0.1412,0.1412,0.14,0.14,19828,0
LSEAW.US,5,20211223,171000,0.1401,0.1401,0.1401,0.1401,200,0
LSEAW.US,5,20211223,173500,0.1402,0.1402,0.1402,0.1402,1100,0
LSEAW.US,5,20211223,174500,0.1402,0.1406,0.1402,0.1406,800,0
LSEAW.US,5,20211223,175000,0.1402,0.1402,0.1402,0.1402,500,0
LSEAW.US,5,20211223,181500,0.1403,0.1403,0.1403,0.1403,400,0
LSEAW.US,5,20211223,190000,0.1439,0.1439,0.1439,0.1439,600,0
LSEAW.US,5,20211223,190500,0.1403,0.1403,0.1403,0.1403,1600,0
LSEAW.US,5,20211223,191000,0.144,0.144,0.144,0.144,2500,0
LSEAW.US,5,20211223,191500,0.144,0.15,0.144,0.15,8200,0
LSEAW.US,5,20211223,203000,0.15,0.15,0.1499,0.1499,3000,0
LSEAW.US,5,20211223,215000,0.1451,0.1451,0.1403,0.1403,25400,0
