<TICKER>,<PER>,<DATE>,<TIME>,<OPEN>,<HIGH>,<LOW>,<CLOSE>,<VOL>,<OPENINT>
LTRN.US,5,20211104,143000,10.44,10.45,10.43,10.45,986,0
LTRN.US,5,20211104,143500,10.5923,10.5923,10.5923,10.5923,4305,0
LTRN.US,5,20211104,144000,10.6,10.6,10.6,10.6,300,0
LTRN.US,5,20211104,145000,10.5751,10.6728,10.5701,10.6728,1650,0
LTRN.US,5,20211104,145500,10.63,10.63,10.6,10.6003,438,0
LTRN.US,5,20211104,150500,10.61,10.61,10.57,10.57,696,0
LTRN.US,5,20211104,152500,10.4549,10.4549,10.4549,10.4549,300,0
LTRN.US,5,20211104,153000,10.3801,10.465,10.3801,10.465,4306,0
LTRN.US,5,20211104,154500,10.55,10.55,10.54,10.55,700,0
LTRN.US,5,20211104,155500,10.43,10.43,10.309,10.335,7100,0
LTRN.US,5,20211104,160000,10.31,10.31,10.31,10.31,380,0
LTRN.US,5,20211104,162000,10.3,10.3,10.28,10.28,300,0
LTRN.US,5,20211104,163000,10.3,10.3,10.3,10.3,100,0
LTRN.US,5,20211104,164000,10.2444,10.2444,10.2444,10.2444,199,0
LTRN.US,5,20211104,165500,10.38,10.38,10.38,10.38,100,0
LTRN.US,5,20211104,170000,10.305,10.305,10.305,10.305,2000,0
LTRN.US,5,20211104,170500,10.23,10.2769,10.2,10.2769,1182,0
LTRN.US,5,20211104,171000,10.3279,10.3279,10.21,10.21,2100,0
LTRN.US,5,20211104,172500,10.21,10.21,10.2,10.2,426,0
LTRN.US,5,20211104,173000,10.13,10.13,9.9,9.9,2210,0
LTRN.US,5,20211104,173500,9.95,10.135,9.95,10.135,2000,0
LTRN.US,5,20211104,175000,10.34,10.34,10.34,10.34,100,0
LTRN.US,5,20211104,180000,10.38,10.38,10.38,10.38,100,0
LTRN.US,5,20211104,191500,10.39,10.39,10.39,10.39,100,0
LTRN.US,5,20211104,192500,10.285,10.285,10.285,10.285,175,0
LTRN.US,5,20211104,193500,10.215,10.215,10.215,10.215,400,0
LTRN.US,5,20211104,194000,10.18,10.18,10.18,10.18,500,0
LTRN.US,5,20211104,201500,10.3,10.3,10.2,10.22,3099,0
LTRN.US,5,20211104,203500,10.29,10.29,10.27,10.27,780,0
LTRN.US,5,20211104,204500,10.28,10.28,10.17,10.19,900,0
LTRN.US,5,20211104,205500,10.329,10.329,10.3,10.32,986,0
LTRN.US,5,20211105,143000,10.28,10.28,10.05,10.05,1275,0
LTRN.US,5,20211105,143500,10.06,10.09,9.99,10.05,9517,0
LTRN.US,5,20211105,144000,9.9616,10.07,9.9616,10.07,300,0
LTRN.US,5,20211105,145000,10.0391,10.0391,10.0391,10.0391,400,0
LTRN.US,5,20211105,153500,10.05,10.1625,10.05,10.1625,400,0
LTRN.US,5,20211105,154500,10.27,10.27,10.27,10.27,142,0
LTRN.US,5,20211105,155000,10.27,10.27,10.04,10.04,2400,0
LTRN.US,5,20211105,160000,10.45,10.45,10.45,10.45,100,0
LTRN.US,5,20211105,162500,10.43,10.43,10.43,10.43,100,0
LTRN.US,5,20211105,170500,10.04,10.04,10.04,10.04,100,0
LTRN.US,5,20211105,171000,10.042,10.042,10.042,10.042,450,0
LTRN.US,5,20211105,171500,10.0093,10.24,10.0093,10.24,5100,0
LTRN.US,5,20211105,172000,10.22,10.22,10.22,10.22,100,0
LTRN.US,5,20211105,172500,10.21,10.21,10.21,10.21,200,0
LTRN.US,5,20211105,173000,10.08,10.08,10.08,10.08,107,0
LTRN.US,5,20211105,180000,10.35,10.35,10.35,10.35,100,0
LTRN.US,5,20211105,181000,10.01,10.01,10.01,10.01,250,0
LTRN.US,5,20211105,184000,10.43,10.43,10.43,10.43,100,0
LTRN.US,5,20211105,185000,10.22,10.4,10.22,10.4,250,0
LTRN.US,5,20211105,190500,10.35,10.35,10.35,10.35,200,0
LTRN.US,5,20211105,192000,10.09,10.1487,10.06,10.1487,400,0
LTRN.US,5,20211105,201000,10.39,10.39,10.39,10.39,100,0
LTRN.US,5,20211105,202000,10.15,10.15,10.15,10.15,206,0
LTRN.US,5,20211105,205500,10.277,10.31,10.27,10.31,3071,0
LTRN.US,5,20211108,153000,10.32,10.32,10.32,10.32,1241,0
LTRN.US,5,20211108,154000,10.25,10.2905,10.25,10.2905,1100,0
LTRN.US,5,20211108,154500,10.18,10.18,10.18,10.18,100,0
LTRN.US,5,20211108,155000,10.28,10.28,10.28,10.28,350,0
LTRN.US,5,20211108,155500,10.3,10.36,10.3,10.36,1300,0
LTRN.US,5,20211108,160000,10.36,10.36,10.35,10.35,784,0
LTRN.US,5,20211108,161000,10.38,10.38,10.34,10.34,1200,0
LTRN.US,5,20211108,161500,10.36,10.44,10.34,10.4,5767,0
LTRN.US,5,20211108,162000,10.365,10.365,10.365,10.365,255,0
LTRN.US,5,20211108,162500,10.34,10.3401,10.34,10.3401,200,0
LTRN.US,5,20211108,163000,10.34,10.3475,10.34,10.3475,716,0
LTRN.US,5,20211108,164000,10.35,10.36,10.35,10.36,540,0
LTRN.US,5,20211108,165500,10.3541,10.3541,10.3541,10.3541,200,0
LTRN.US,5,20211108,170000,10.3499,10.3645,10.3499,10.3645,1485,0
LTRN.US,5,20211108,170500,10.3,10.3,10.29,10.29,720,0
LTRN.US,5,20211108,174000,10.25,10.2605,10.18,10.18,500,0
LTRN.US,5,20211108,174500,10.15,10.15,10.15,10.15,100,0
LTRN.US,5,20211108,180500,10.2168,10.23,10.1035,10.23,1000,0
LTRN.US,5,20211108,181500,10.118,10.118,10.1027,10.1027,526,0
LTRN.US,5,20211108,182000,10.16,10.16,10.1,10.118,1545,0
LTRN.US,5,20211108,182500,10.0127,10.0127,10.0127,10.0127,200,0
LTRN.US,5,20211108,183000,10.0756,10.0756,10.0127,10.0127,810,0
LTRN.US,5,20211108,184500,10.1573,10.16,10.04,10.16,1200,0
LTRN.US,5,20211108,185500,10.13,10.13,10.1253,10.1253,250,0
LTRN.US,5,20211108,190500,10.16,10.328,10.16,10.328,300,0
LTRN.US,5,20211108,191500,10.32,10.32,10.197,10.21,5800,0
LTRN.US,5,20211108,193500,10.24,10.24,10.12,10.12,400,0
LTRN.US,5,20211108,200000,10.26,10.26,10.13,10.13,944,0
LTRN.US,5,20211108,202000,10.23,10.24,10.23,10.24,200,0
LTRN.US,5,20211108,202500,10.18,10.18,10.13,10.13,200,0
LTRN.US,5,20211108,203500,10.22,10.22,10.13,10.185,1400,0
LTRN.US,5,20211108,205000,10.16,10.2185,10.16,10.2185,417,0
LTRN.US,5,20211108,211000,10.22,10.22,10.22,10.22,400,0
LTRN.US,5,20211108,212000,10.22,10.22,10.22,10.22,200,0
LTRN.US,5,20211108,213000,10.24,10.24,10.24,10.24,400,0
LTRN.US,5,20211108,213500,10.24,10.24,10.24,10.24,100,0
LTRN.US,5,20211108,214500,10.23,10.23,10.23,10.23,300,0
LTRN.US,5,20211108,215000,10.225,10.225,10.2,10.2,400,0
LTRN.US,5,20211108,215500,10.2,10.22,10.17,10.17,1088,0
LTRN.US,5,20211109,153000,10.14,10.14,10.14,10.14,1211,0
LTRN.US,5,20211109,160500,10.0963,10.0963,9.82,9.9,16710,0
LTRN.US,5,20211109,161500,9.78,9.88,9.71,9.88,9977,0
LTRN.US,5,20211109,163000,9.895,9.9,9.8,9.9,4360,0
LTRN.US,5,20211109,163500,9.9489,9.9489,9.9489,9.9489,100,0
LTRN.US,5,20211109,164500,9.83,9.895,9.68,9.68,1466,0
LTRN.US,5,20211109,165000,9.9,9.925,9.9,9.925,1100,0
LTRN.US,5,20211109,165500,9.97,9.97,9.96,9.96,500,0
LTRN.US,5,20211109,173500,9.9899,10,9.9877,9.9877,3800,0
LTRN.US,5,20211109,175000,10.015,10.015,10.015,10.015,139,0
LTRN.US,5,20211109,182000,10.0336,10.0336,10.0336,10.0336,2000,0
LTRN.US,5,20211109,184500,10.05,10.05,10.05,10.05,200,0
LTRN.US,5,20211109,185000,10.08,10.08,10.08,10.08,100,0
LTRN.US,5,20211109,193000,10.06,10.06,10.01,10.04,2049,0
LTRN.US,5,20211109,193500,10,10.02,9.99,10.02,2543,0
LTRN.US,5,20211109,195000,9.97,9.97,9.97,9.97,100,0
LTRN.US,5,20211109,200000,9.945,9.945,9.945,9.945,200,0
LTRN.US,5,20211109,201500,9.95,9.95,9.95,9.95,100,0
LTRN.US,5,20211109,202500,9.99,10,9.97,10,1200,0
LTRN.US,5,20211109,203000,9.9301,9.9301,9.9301,9.9301,170,0
LTRN.US,5,20211109,204000,10.175,10.175,9.92,9.975,7172,0
LTRN.US,5,20211109,204500,9.975,9.975,9.975,9.975,100,0
LTRN.US,5,20211109,205500,9.97,9.97,9.97,9.97,100,0
LTRN.US,5,20211109,210000,9.97,9.98,9.97,9.975,1700,0
LTRN.US,5,20211109,210500,9.9038,10.03,9.9038,10.03,2072,0
LTRN.US,5,20211109,215000,10.115,10.175,10.115,10.175,700,0
LTRN.US,5,20211109,215500,10.15,10.22,10.13,10.17,1019,0
LTRN.US,5,20211110,153000,10.06,10.06,9.7563,9.7563,1544,0
LTRN.US,5,20211110,153500,10.125,10.125,9.84,9.85,5923,0
LTRN.US,5,20211110,154000,9.881,10.1081,9.881,10.1081,750,0
LTRN.US,5,20211110,155500,10.09,10.1,10.06,10.06,610,0
LTRN.US,5,20211110,160000,10.2483,10.25,10.2483,10.25,200,0
LTRN.US,5,20211110,161500,10.315,10.315,10.315,10.315,100,0
LTRN.US,5,20211110,162500,10.23,10.23,10.2209,10.2209,351,0
LTRN.US,5,20211110,164000,10.2076,10.24,10.2076,10.24,500,0
LTRN.US,5,20211110,170500,10.2107,10.2107,10.2107,10.2107,100,0
LTRN.US,5,20211110,171000,10.21,10.239,10.185,10.185,600,0
LTRN.US,5,20211110,172000,10.2444,10.2444,10.2444,10.2444,233,0
LTRN.US,5,20211110,173500,10.24,10.27,10.24,10.27,200,0
LTRN.US,5,20211110,174000,10.25,10.25,10.2203,10.2203,700,0
LTRN.US,5,20211110,174500,10.25,10.25,10.25,10.25,100,0
LTRN.US,5,20211110,175000,10.22,10.25,10.13,10.25,1900,0
LTRN.US,5,20211110,180000,10.17,10.21,10.15,10.21,1700,0
LTRN.US,5,20211110,180500,10.21,10.21,10.15,10.15,3200,0
LTRN.US,5,20211110,181500,10.23,10.23,10.23,10.23,100,0
LTRN.US,5,20211110,182500,10.2306,10.2306,10.2306,10.2306,150,0
LTRN.US,5,20211110,185000,10.18,10.25,10.17,10.25,561,0
LTRN.US,5,20211110,185500,10.21,10.21,10.21,10.21,328,0
LTRN.US,5,20211110,191500,10.19,10.21,10.115,10.2,1100,0
LTRN.US,5,20211110,192000,10.15,10.15,10.15,10.15,763,0
LTRN.US,5,20211110,195000,10.1,10.1,9.99,9.99,964,0
LTRN.US,5,20211110,200500,10.09,10.09,10.09,10.09,505,0
LTRN.US,5,20211110,202000,10.07,10.08,10.07,10.08,569,0
LTRN.US,5,20211110,202500,10.015,10.015,9.9527,10.015,506,0
LTRN.US,5,20211110,203000,10.02,10.02,10.02,10.02,100,0
LTRN.US,5,20211110,203500,10.02,10.07,10.02,10.07,681,0
LTRN.US,5,20211110,204000,10.04,10.04,10.04,10.04,100,0
LTRN.US,5,20211110,204500,9.995,9.995,9.995,9.995,100,0
LTRN.US,5,20211110,205000,10.04,10.04,10.04,10.04,500,0
LTRN.US,5,20211110,205500,9.995,9.995,9.995,9.995,434,0
LTRN.US,5,20211110,210000,10,10.07,9.9,10.01,2095,0
LTRN.US,5,20211110,211000,9.92,9.955,9.9022,9.955,1547,0
LTRN.US,5,20211110,211500,9.98,9.98,9.98,9.98,300,0
LTRN.US,5,20211110,212500,10,10.01,10,10.01,300,0
LTRN.US,5,20211110,213000,10.01,10.05,10.01,10.05,600,0
LTRN.US,5,20211110,213500,9.96,10,9.96,10,1014,0
LTRN.US,5,20211110,214500,9.995,10.04,9.95,10.04,650,0
LTRN.US,5,20211110,215000,10.01,10.01,10,10,200,0
LTRN.US,5,20211110,215500,10,10.06,9.96,9.96,962,0
LTRN.US,5,20211111,153000,10.07,10.16,9.8362,9.9,2303,0
LTRN.US,5,20211111,153500,10.15,10.15,10.15,10.15,100,0
LTRN.US,5,20211111,154000,10.01,10.1,10.01,10.1,500,0
LTRN.US,5,20211111,154500,10.025,10.025,10.025,10.025,100,0
LTRN.US,5,20211111,160500,9.96,9.96,9.96,9.96,1300,0
LTRN.US,5,20211111,164000,10.1195,10.1195,10.1195,10.1195,1600,0
LTRN.US,5,20211111,165000,10.17,10.17,9.85,9.86,11655,0
LTRN.US,5,20211111,165500,9.9283,9.99,9.9283,9.99,400,0
LTRN.US,5,20211111,170500,9.94,9.94,9.9,9.9,200,0
LTRN.US,5,20211111,173000,10,10,10,10,255,0
LTRN.US,5,20211111,173500,9.98,10,9.98,10,800,0
LTRN.US,5,20211111,174500,10,10,10,10,150,0
LTRN.US,5,20211111,175000,9.91,9.91,9.91,9.91,100,0
LTRN.US,5,20211111,175500,9.9913,9.9913,9.9913,9.9913,100,0
LTRN.US,5,20211111,181000,10.18,10.18,10.18,10.18,100,0
LTRN.US,5,20211111,191500,10.02,10.02,10,10,1600,0
LTRN.US,5,20211111,192500,10.01,10.0539,10,10,1746,0
LTRN.US,5,20211111,193000,10.065,10.1287,10.065,10.1287,400,0
LTRN.US,5,20211111,193500,9.94,9.95,9.78,9.78,3021,0
LTRN.US,5,20211111,194000,9.8,9.8,9.7,9.7,1749,0
LTRN.US,5,20211111,194500,9.7,9.7,9.6,9.6,3735,0
LTRN.US,5,20211111,195000,9.6,9.62,9.6,9.61,1000,0
LTRN.US,5,20211111,195500,9.7,9.76,9.7,9.76,300,0
LTRN.US,5,20211111,200500,9.6016,9.61,9.51,9.5412,7292,0
LTRN.US,5,20211111,201500,9.67,9.67,9.67,9.67,300,0
LTRN.US,5,20211111,202500,9.6511,9.72,9.6511,9.72,350,0
LTRN.US,5,20211111,204000,9.72,9.9199,9.72,9.9199,1007,0
LTRN.US,5,20211111,204500,9.8923,9.8923,9.78,9.78,1051,0
LTRN.US,5,20211111,205000,9.68,9.68,9.53,9.53,4150,0
LTRN.US,5,20211111,205500,9.53,9.59,9.5,9.565,1400,0
LTRN.US,5,20211111,210000,9.57,9.57,9.57,9.57,100,0
LTRN.US,5,20211111,210500,9.6124,9.6124,9.6124,9.6124,450,0
LTRN.US,5,20211111,211500,9.643,9.643,9.643,9.643,500,0
LTRN.US,5,20211111,212000,9.615,9.615,9.58,9.6,1547,0
LTRN.US,5,20211111,212500,9.565,9.61,9.565,9.61,814,0
LTRN.US,5,20211111,213000,9.62,9.62,9.62,9.62,100,0
LTRN.US,5,20211111,214500,9.7593,9.7593,9.7593,9.7593,500,0
LTRN.US,5,20211111,215500,9.75,9.801,9.69,9.69,1571,0
LTRN.US,5,20211112,153000,9.7,9.9638,9.7,9.9638,687,0
LTRN.US,5,20211112,154500,9.99,9.99,9.72,9.72,1200,0
LTRN.US,5,20211112,155500,9.75,9.75,9.5,9.5,7568,0
LTRN.US,5,20211112,160000,9.565,9.565,9.565,9.565,100,0
LTRN.US,5,20211112,160500,9.53,9.59,9.53,9.585,900,0
LTRN.US,5,20211112,161500,9.6436,9.66,9.63,9.63,940,0
LTRN.US,5,20211112,162500,9.629,9.74,9.56,9.56,3625,0
LTRN.US,5,20211112,163000,9.59,9.59,9.585,9.585,200,0
LTRN.US,5,20211112,163500,9.64,9.66,9.59,9.6565,2540,0
LTRN.US,5,20211112,164000,9.74,9.74,9.51,9.625,3800,0
LTRN.US,5,20211112,164500,9.625,9.625,9.625,9.625,100,0
LTRN.US,5,20211112,165000,9.62,9.62,9.5,9.5,5972,0
LTRN.US,5,20211112,165500,9.57,9.57,9.57,9.57,200,0
LTRN.US,5,20211112,170000,9.6299,9.6299,9.51,9.5101,13885,0
LTRN.US,5,20211112,170500,9.61,9.61,9.61,9.61,100,0
LTRN.US,5,20211112,171000,9.61,9.7099,9.5101,9.5101,1000,0
LTRN.US,5,20211112,171500,9.7099,9.71,9.68,9.68,2100,0
LTRN.US,5,20211112,173500,9.8,9.8955,9.8,9.8955,400,0
LTRN.US,5,20211112,180000,9.7396,9.74,9.7396,9.74,830,0
LTRN.US,5,20211112,183000,9.88,9.88,9.819,9.819,250,0
LTRN.US,5,20211112,183500,9.81,9.94,9.79,9.88,2095,0
LTRN.US,5,20211112,185000,9.8289,9.8289,9.8289,9.8289,180,0
LTRN.US,5,20211112,191500,9.885,9.885,9.885,9.885,200,0
LTRN.US,5,20211112,192000,9.92,9.98,9.91,9.98,5390,0
LTRN.US,5,20211112,192500,9.955,10.05,9.955,10.05,600,0
LTRN.US,5,20211112,193500,10.05,10.1,10.05,10.1,300,0
LTRN.US,5,20211112,195500,10.1518,10.1518,10.1518,10.1518,250,0
LTRN.US,5,20211112,200500,10.04,10.04,9.86,9.86,1654,0
LTRN.US,5,20211112,201000,9.8601,9.8601,9.8601,9.8601,1250,0
LTRN.US,5,20211112,202500,9.99,10.01,9.99,9.99,300,0
LTRN.US,5,20211112,203000,10.0199,10.02,10.0186,10.02,2500,0
LTRN.US,5,20211112,203500,9.91,9.91,9.87,9.88,2700,0
LTRN.US,5,20211112,205000,9.74,9.76,9.6,9.6,2100,0
LTRN.US,5,20211112,205500,9.6,9.6,9.52,9.52,2016,0
LTRN.US,5,20211112,210000,9.52,9.615,9.52,9.615,1950,0
LTRN.US,5,20211112,211500,9.685,9.77,9.685,9.77,600,0
LTRN.US,5,20211112,213000,9.65,9.65,9.65,9.65,300,0
LTRN.US,5,20211112,213500,9.65,9.65,9.65,9.65,500,0
LTRN.US,5,20211112,214000,9.5937,9.75,9.5937,9.75,4630,0
LTRN.US,5,20211112,214500,9.73,9.75,9.73,9.75,646,0
LTRN.US,5,20211112,215000,9.74,9.75,9.74,9.74,2707,0
LTRN.US,5,20211112,215500,9.78,9.8,9.75,9.75,1141,0
LTRN.US,5,20211115,153000,10,10,9.8,9.8,5581,0
LTRN.US,5,20211115,153500,9.81,9.83,9.8,9.8,1800,0
LTRN.US,5,20211115,154000,9.95,9.95,9.946,9.946,350,0
LTRN.US,5,20211115,154500,9.8,9.875,9.8,9.81,400,0
LTRN.US,5,20211115,155000,9.82,9.94,9.82,9.8706,1300,0
LTRN.US,5,20211115,155500,9.95,9.95,9.8,9.84,500,0
LTRN.US,5,20211115,160000,9.84,9.84,9.83,9.8301,600,0
LTRN.US,5,20211115,161000,9.84,9.84,9.7,9.82,1569,0
LTRN.US,5,20211115,161500,9.825,9.85,9.825,9.85,425,0
LTRN.US,5,20211115,162500,10.038,10.05,10,10.05,4110,0
LTRN.US,5,20211115,163500,10.04,10.04,9.905,9.905,1100,0
LTRN.US,5,20211115,164500,9.81,9.81,9.81,9.81,147,0
LTRN.US,5,20211115,165500,9.84,9.84,9.84,9.84,100,0
LTRN.US,5,20211115,170000,9.92,9.92,9.92,9.92,200,0
LTRN.US,5,20211115,170500,9.8795,9.9743,9.8795,9.9743,400,0
LTRN.US,5,20211115,171000,9.99,9.99,9.99,9.99,100,0
LTRN.US,5,20211115,171500,9.89,9.89,9.89,9.89,100,0
LTRN.US,5,20211115,172500,9.98,9.98,9.98,9.98,500,0
LTRN.US,5,20211115,173000,9.97,9.97,9.95,9.95,400,0
LTRN.US,5,20211115,173500,9.94,9.94,9.82,9.82,900,0
LTRN.US,5,20211115,174000,9.75,9.86,9.6,9.6,7126,0
LTRN.US,5,20211115,174500,9.7555,9.77,9.7555,9.77,1100,0
LTRN.US,5,20211115,175000,9.77,9.77,9.62,9.62,1280,0
LTRN.US,5,20211115,175500,9.76,9.76,9.63,9.63,375,0
LTRN.US,5,20211115,180000,9.61,9.61,9.61,9.61,100,0
LTRN.US,5,20211115,180500,9.92,9.92,9.92,9.92,100,0
LTRN.US,5,20211115,182500,9.825,9.825,9.825,9.825,100,0
LTRN.US,5,20211115,183500,9.8783,9.8783,9.8783,9.8783,150,0
LTRN.US,5,20211115,184000,9.91,9.92,9.885,9.885,1300,0
LTRN.US,5,20211115,185000,9.92,9.955,9.89,9.955,1000,0
LTRN.US,5,20211115,190000,9.8666,9.8666,9.8666,9.8666,300,0
LTRN.US,5,20211115,190500,9.98,9.98,9.9,9.9,200,0
LTRN.US,5,20211115,191500,9.77,9.77,9.77,9.77,100,0
LTRN.US,5,20211115,192500,9.865,9.865,9.865,9.865,1000,0
LTRN.US,5,20211115,194000,9.78,9.78,9.63,9.69,1900,0
LTRN.US,5,20211115,194500,9.62,9.62,9.5,9.5,10612,0
LTRN.US,5,20211115,195000,9.58,9.58,9.58,9.58,100,0
LTRN.US,5,20211115,195500,9.58,9.58,9.58,9.58,496,0
LTRN.US,5,20211115,202000,9.6101,9.6101,9.6101,9.6101,200,0
LTRN.US,5,20211115,202500,9.61,9.61,9.61,9.61,100,0
LTRN.US,5,20211115,204000,9.6348,9.6348,9.6348,9.6348,400,0
LTRN.US,5,20211115,205000,9.65,9.7,9.65,9.66,500,0
LTRN.US,5,20211115,211000,9.58,9.58,9.58,9.58,100,0
LTRN.US,5,20211115,213000,9.615,9.63,9.58,9.63,400,0
LTRN.US,5,20211115,213500,9.6007,9.64,9.6007,9.64,200,0
LTRN.US,5,20211115,214000,9.645,9.6805,9.6,9.6,1300,0
LTRN.US,5,20211115,214500,9.6,9.6,9.6,9.6,354,0
LTRN.US,5,20211115,215000,9.57,9.57,9.57,9.57,200,0
LTRN.US,5,20211115,215500,9.57,9.66,9.57,9.66,1282,0
LTRN.US,5,20211116,153000,9.65,9.65,9.65,9.65,496,0
LTRN.US,5,20211116,154000,9.65,9.715,9.65,9.715,450,0
LTRN.US,5,20211116,160000,9.6,9.6,9.6,9.6,100,0
LTRN.US,5,20211116,163000,9.5692,9.5692,9.5692,9.5692,500,0
LTRN.US,5,20211116,163500,9.659,9.659,9.659,9.659,191,0
LTRN.US,5,20211116,164000,9.6599,9.6599,9.6599,9.6599,100,0
LTRN.US,5,20211116,164500,9.56,9.58,9.51,9.51,1332,0
LTRN.US,5,20211116,165000,9.605,9.605,9.605,9.605,100,0
LTRN.US,5,20211116,170500,9.5332,9.5332,9.53,9.5329,1000,0
LTRN.US,5,20211116,171500,9.51,9.52,9.41,9.41,1284,0
LTRN.US,5,20211116,173000,9.39,9.39,9.39,9.39,100,0
LTRN.US,5,20211116,175000,9.4,9.4,9.25,9.31,6695,0
LTRN.US,5,20211116,180000,9.32,9.36,9.3197,9.35,5096,0
LTRN.US,5,20211116,180500,9.4,9.54,9.4,9.54,2900,0
LTRN.US,5,20211116,181000,9.515,9.53,9.46,9.46,1011,0
LTRN.US,5,20211116,181500,9.52,9.69,9.52,9.58,2270,0
LTRN.US,5,20211116,182000,9.64,9.64,9.6,9.6,534,0
LTRN.US,5,20211116,182500,9.41,9.41,9.4,9.4,400,0
LTRN.US,5,20211116,183000,9.61,9.61,9.61,9.61,100,0
LTRN.US,5,20211116,183500,9.4415,9.5099,9.4415,9.5099,1543,0
LTRN.US,5,20211116,184500,9.45,9.51,9.45,9.5085,2288,0
LTRN.US,5,20211116,191000,9.59,9.59,9.59,9.59,100,0
LTRN.US,5,20211116,200000,9.4501,9.4501,9.4501,9.4501,100,0
LTRN.US,5,20211116,200500,9.4383,9.4383,9.4383,9.4383,407,0
LTRN.US,5,20211116,202500,9.45,9.45,9.45,9.45,400,0
LTRN.US,5,20211116,210000,9.48,9.48,9.45,9.475,1100,0
LTRN.US,5,20211116,211000,9.47,9.47,9.47,9.47,500,0
LTRN.US,5,20211116,211500,9.45,9.45,9.45,9.45,125,0
LTRN.US,5,20211116,212000,9.46,9.46,9.46,9.46,100,0
LTRN.US,5,20211116,213000,9.48,9.51,9.42,9.42,1923,0
LTRN.US,5,20211116,213500,9.51,9.51,9.51,9.51,120,0
LTRN.US,5,20211116,214000,9.43,9.43,9.43,9.43,100,0
LTRN.US,5,20211116,215000,9.43,9.44,9.43,9.44,200,0
LTRN.US,5,20211116,215500,9.44,9.46,9.42,9.46,892,0
LTRN.US,5,20211117,153000,9.46,9.46,9.46,9.46,929,0
LTRN.US,5,20211117,153500,9.5498,9.5498,9.4,9.4157,4306,0
LTRN.US,5,20211117,154500,9.27,9.27,9.27,9.27,200,0
LTRN.US,5,20211117,155500,9.2861,9.2861,9.2861,9.2861,100,0
LTRN.US,5,20211117,160500,9.39,9.39,9.365,9.365,1240,0
LTRN.US,5,20211117,161000,9.365,9.365,9.28,9.28,2363,0
LTRN.US,5,20211117,161500,9.26,9.29,9.25,9.29,1398,0
LTRN.US,5,20211117,162000,9.3,9.3,9.3,9.3,359,0
LTRN.US,5,20211117,163000,9.29,9.29,9.29,9.29,100,0
LTRN.US,5,20211117,163500,9.21,9.23,9.1002,9.13,4150,0
LTRN.US,5,20211117,164000,9.12,9.1368,9.02,9.1368,5760,0
LTRN.US,5,20211117,165000,9.18,9.18,9.18,9.18,200,0
LTRN.US,5,20211117,170000,9.1799,9.18,9.17,9.18,571,0
LTRN.US,5,20211117,170500,9.18,9.18,9.18,9.18,400,0
LTRN.US,5,20211117,171000,9.1857,9.2,9.1857,9.2,5549,0
LTRN.US,5,20211117,171500,9.34,9.34,9.34,9.34,100,0
LTRN.US,5,20211117,172000,9.35,9.35,9.34,9.34,300,0
LTRN.US,5,20211117,173000,9.325,9.325,9.29,9.31,700,0
LTRN.US,5,20211117,173500,9.29,9.29,9.05,9.05,5180,0
LTRN.US,5,20211117,174000,9.18,9.18,9.18,9.18,100,0
LTRN.US,5,20211117,180500,9.29,9.29,9.29,9.29,550,0
LTRN.US,5,20211117,181000,9.1701,9.18,9.17,9.17,2700,0
LTRN.US,5,20211117,185000,9.185,9.185,9.05,9.05,1800,0
LTRN.US,5,20211117,185500,9.115,9.12,9.115,9.12,600,0
LTRN.US,5,20211117,191000,9.081,9.081,9.081,9.081,250,0
LTRN.US,5,20211117,191500,9.1,9.1,9.02,9.02,3802,0
LTRN.US,5,20211117,192000,9.02,9.02,9.02,9.02,514,0
LTRN.US,5,20211117,193500,9.07,9.11,9.01,9.11,2200,0
LTRN.US,5,20211117,194000,9.1098,9.14,9.095,9.14,1530,0
LTRN.US,5,20211117,194500,9.105,9.115,9.105,9.115,2000,0
LTRN.US,5,20211117,195000,9.14,9.14,9.1111,9.1111,1100,0
LTRN.US,5,20211117,195500,9.19,9.25,9.19,9.25,700,0
LTRN.US,5,20211117,200000,9.195,9.2,9.15,9.15,2000,0
LTRN.US,5,20211117,200500,9.2002,9.2002,9.2002,9.2002,496,0
LTRN.US,5,20211117,203500,9.19,9.19,9.19,9.19,100,0
LTRN.US,5,20211117,205000,9.18,9.2,9.18,9.2,200,0
LTRN.US,5,20211117,213000,9.155,9.155,9.09,9.1,1750,0
LTRN.US,5,20211117,213500,9.1,9.1,9.0539,9.0539,300,0
LTRN.US,5,20211117,214000,9.08,9.08,9.06,9.06,400,0
LTRN.US,5,20211117,214500,9.05,9.085,9.05,9.07,712,0
LTRN.US,5,20211117,215000,9.065,9.1,9.065,9.075,1723,0
LTRN.US,5,20211117,215500,9.09,9.1,9.01,9.08,6827,0
LTRN.US,5,20211118,153000,9.3,9.51,9.03,9.095,1797,0
LTRN.US,5,20211118,153500,9.02,9.02,8.47,8.72,23518,0
LTRN.US,5,20211118,154000,8.73,8.73,8.57,8.57,3006,0
LTRN.US,5,20211118,154500,8.6,8.6,8.58,8.58,404,0
LTRN.US,5,20211118,155000,8.6,8.64,8.56,8.605,3859,0
LTRN.US,5,20211118,155500,8.65,8.73,8.65,8.73,300,0
LTRN.US,5,20211118,160000,8.66,8.69,8.66,8.66,1000,0
LTRN.US,5,20211118,160500,8.6201,8.73,8.62,8.62,3749,0
LTRN.US,5,20211118,161000,8.59,8.6,8.53,8.6,2400,0
LTRN.US,5,20211118,161500,8.555,8.555,8.35,8.485,5126,0
LTRN.US,5,20211118,162000,8.47,8.5,8.4499,8.5,1538,0
LTRN.US,5,20211118,162500,8.5,8.58,8.5,8.58,3814,0
LTRN.US,5,20211118,163000,8.5,8.61,8.5,8.61,1120,0
LTRN.US,5,20211118,163500,8.62,8.665,8.6054,8.665,1743,0
LTRN.US,5,20211118,164000,8.73,8.82,8.73,8.7608,2540,0
LTRN.US,5,20211118,164500,8.75,8.75,8.72,8.72,2515,0
LTRN.US,5,20211118,170000,8.77,8.77,8.7091,8.7091,1500,0
LTRN.US,5,20211118,171500,8.82,8.85,8.82,8.85,2958,0
LTRN.US,5,20211118,172000,8.825,8.825,8.77,8.77,587,0
LTRN.US,5,20211118,172500,8.6309,8.6418,8.6309,8.6418,700,0
LTRN.US,5,20211118,181000,8.71,8.71,8.71,8.71,100,0
LTRN.US,5,20211118,183000,8.71,8.74,8.71,8.74,200,0
LTRN.US,5,20211118,184500,8.7689,8.7689,8.7689,8.7689,105,0
LTRN.US,5,20211118,190000,8.69,8.69,8.69,8.69,1000,0
LTRN.US,5,20211118,192000,8.67,8.67,8.6,8.6,717,0
LTRN.US,5,20211118,193000,8.55,8.55,8.55,8.55,300,0
LTRN.US,5,20211118,195000,8.49,8.49,8.3602,8.3904,4700,0
LTRN.US,5,20211118,200500,8.435,8.435,8.435,8.435,100,0
LTRN.US,5,20211118,201000,8.5,8.5,8.45,8.46,500,0
LTRN.US,5,20211118,202000,8.48,8.48,8.41,8.41,1506,0
LTRN.US,5,20211118,202500,8.4,8.53,8.3716,8.53,1740,0
LTRN.US,5,20211118,203000,8.3961,8.3961,8.3961,8.3961,100,0
LTRN.US,5,20211118,203500,8.38,8.51,8.38,8.51,900,0
LTRN.US,5,20211118,204000,8.44,8.5199,8.439,8.465,2700,0
LTRN.US,5,20211118,204500,8.465,8.465,8.465,8.465,100,0
LTRN.US,5,20211118,205000,8.53,8.56,8.53,8.54,900,0
LTRN.US,5,20211118,205500,8.54,8.66,8.5,8.66,808,0
LTRN.US,5,20211118,211500,8.5,8.5,8.5,8.5,200,0
LTRN.US,5,20211118,212000,8.5,8.5,8.5,8.5,100,0
LTRN.US,5,20211118,213500,8.59,8.59,8.59,8.59,100,0
LTRN.US,5,20211118,215000,8.59,8.65,8.59,8.61,900,0
LTRN.US,5,20211118,215500,8.65,8.65,8.55,8.56,3679,0
LTRN.US,5,20211119,153000,8.51,8.51,8.51,8.51,485,0
LTRN.US,5,20211119,153500,8.45,8.45,8.4298,8.4298,700,0
LTRN.US,5,20211119,160000,8.73,8.79,8.73,8.79,500,0
LTRN.US,5,20211119,160500,8.75,8.75,8.57,8.57,5450,0
LTRN.US,5,20211119,161000,8.58,8.8,8.58,8.63,500,0
LTRN.US,5,20211119,161500,8.71,8.9,8.71,8.84,5428,0
LTRN.US,5,20211119,162000,8.9,9,8.9,9,550,0
LTRN.US,5,20211119,162500,8.8683,9.0837,8.8683,9.0837,2010,0
LTRN.US,5,20211119,163500,8.915,9.039,8.915,8.9938,3581,0
LTRN.US,5,20211119,165000,8.9992,8.9992,8.9992,8.9992,100,0
LTRN.US,5,20211119,165500,8.71,9.18,8.71,9.12,8387,0
LTRN.US,5,20211119,170000,8.965,9.14,8.965,9.14,300,0
LTRN.US,5,20211119,170500,9.15,9.15,9.0965,9.13,1300,0
LTRN.US,5,20211119,171000,9.1405,9.19,9.09,9.17,3700,0
LTRN.US,5,20211119,172500,9.17,9.1787,9.141,9.141,1100,0
LTRN.US,5,20211119,173500,9.12,9.125,9.12,9.125,300,0
LTRN.US,5,20211119,174000,9.17,9.17,9.17,9.17,300,0
LTRN.US,5,20211119,174500,9.1704,9.1704,9.1704,9.1704,500,0
LTRN.US,5,20211119,175000,9.1163,9.13,9.1,9.1,1294,0
LTRN.US,5,20211119,181500,9.015,9.015,9.015,9.015,181,0
LTRN.US,5,20211119,182500,8.9659,8.9659,8.9659,8.9659,250,0
LTRN.US,5,20211119,183000,8.97,8.97,8.97,8.97,200,0
LTRN.US,5,20211119,184000,8.96,8.96,8.93,8.93,300,0
LTRN.US,5,20211119,185000,8.9508,8.9508,8.9508,8.9508,100,0
LTRN.US,5,20211119,185500,9,9,9,9,300,0
LTRN.US,5,20211119,191500,8.9,8.9,8.9,8.9,200,0
LTRN.US,5,20211119,195000,8.9704,8.9704,8.9704,8.9704,165,0
LTRN.US,5,20211119,195500,8.97,8.97,8.97,8.97,100,0
LTRN.US,5,20211119,200000,8.975,8.975,8.905,8.905,850,0
LTRN.US,5,20211119,200500,8.97,8.97,8.97,8.97,280,0
LTRN.US,5,20211119,202500,8.84,8.84,8.84,8.84,2200,0
LTRN.US,5,20211119,203000,8.87,8.97,8.85,8.97,2152,0
LTRN.US,5,20211119,204000,8.955,8.955,8.86,8.9507,1600,0
LTRN.US,5,20211119,204500,8.98,8.98,8.98,8.98,100,0
LTRN.US,5,20211119,205000,8.89,8.89,8.88,8.88,500,0
LTRN.US,5,20211119,210500,8.88,8.9,8.88,8.9,200,0
LTRN.US,5,20211119,212000,8.87,8.87,8.87,8.87,265,0
LTRN.US,5,20211119,213500,8.9,8.9,8.9,8.9,300,0
LTRN.US,5,20211119,214000,8.8838,8.8838,8.8838,8.8838,150,0
LTRN.US,5,20211119,214500,8.8801,8.8801,8.8801,8.8801,300,0
LTRN.US,5,20211119,215000,8.94,8.94,8.94,8.94,200,0
LTRN.US,5,20211119,215500,8.925,8.99,8.85,8.99,1672,0
LTRN.US,5,20211122,153000,9,9.09,8.95,8.95,8649,0
LTRN.US,5,20211122,153500,8.97,8.97,8.96,8.96,826,0
LTRN.US,5,20211122,154000,8.95,8.95,8.821,8.9306,3950,0
LTRN.US,5,20211122,154500,8.95,8.98,8.87,8.98,3310,0
LTRN.US,5,20211122,155000,8.8745,8.8745,8.8745,8.8745,500,0
LTRN.US,5,20211122,160000,8.99,8.99,8.99,8.99,111,0
LTRN.US,5,20211122,160500,8.9694,8.97,8.9576,8.9576,576,0
LTRN.US,5,20211122,161000,8.97,8.97,8.97,8.97,300,0
LTRN.US,5,20211122,162000,9.035,9.035,9.035,9.035,100,0
LTRN.US,5,20211122,162500,9.0679,9.3,9.0679,9.2817,17838,0
LTRN.US,5,20211122,163000,9.28,9.35,9.28,9.2833,1300,0
LTRN.US,5,20211122,163500,9.335,9.335,9.335,9.335,146,0
LTRN.US,5,20211122,164000,9.335,9.335,9.335,9.335,890,0
LTRN.US,5,20211122,164500,9.2834,9.2834,9.2834,9.2834,200,0
LTRN.US,5,20211122,165500,9.3,9.3,9.3,9.3,500,0
LTRN.US,5,20211122,170000,9.39,9.39,9.39,9.39,100,0
LTRN.US,5,20211122,171000,9.315,9.315,9.27,9.27,303,0
LTRN.US,5,20211122,171500,9.3224,9.3224,9.3224,9.3224,100,0
LTRN.US,5,20211122,172500,9.36,9.36,9.36,9.36,250,0
LTRN.US,5,20211122,173500,9.305,9.305,9.205,9.205,13283,0
LTRN.US,5,20211122,174000,9.15,9.15,9.04,9.04,341,0
LTRN.US,5,20211122,174500,9.0756,9.0756,9,9,701,0
LTRN.US,5,20211122,175000,9,9.1,8.95,8.95,2882,0
LTRN.US,5,20211122,175500,8.95,8.95,8.9,8.9,862,0
LTRN.US,5,20211122,180000,8.97,8.97,8.9,8.945,3450,0
LTRN.US,5,20211122,180500,8.9,8.99,8.9,8.9899,1600,0
LTRN.US,5,20211122,181000,8.945,8.945,8.945,8.945,400,0
LTRN.US,5,20211122,181500,8.907,8.907,8.9,8.9,1845,0
LTRN.US,5,20211122,182000,8.82,8.82,8.73,8.73,1410,0
LTRN.US,5,20211122,183500,8.6504,8.78,8.6504,8.78,830,0
LTRN.US,5,20211122,184000,8.78,8.78,8.75,8.75,350,0
LTRN.US,5,20211122,184500,8.78,8.78,8.78,8.78,100,0
LTRN.US,5,20211122,185000,8.76,8.76,8.71,8.71,800,0
LTRN.US,5,20211122,185500,8.7207,8.77,8.7207,8.77,789,0
LTRN.US,5,20211122,190500,8.8159,8.8159,8.8159,8.8159,300,0
LTRN.US,5,20211122,191000,8.83,8.8384,8.83,8.8384,2315,0
LTRN.US,5,20211122,192000,8.83,8.83,8.83,8.83,100,0
LTRN.US,5,20211122,192500,8.73,8.77,8.65,8.65,8455,0
LTRN.US,5,20211122,193000,8.705,8.7437,8.705,8.7437,2200,0
LTRN.US,5,20211122,193500,8.7,8.79,8.7,8.79,2100,0
LTRN.US,5,20211122,194000,8.695,8.76,8.69,8.76,1000,0
LTRN.US,5,20211122,194500,8.7354,8.78,8.7354,8.78,442,0
LTRN.US,5,20211122,195000,8.74,8.93,8.74,8.93,953,0
LTRN.US,5,20211122,195500,8.8938,8.8938,8.8938,8.8938,350,0
LTRN.US,5,20211122,200000,8.87,8.87,8.87,8.87,100,0
LTRN.US,5,20211122,201000,8.87,8.87,8.87,8.87,200,0
LTRN.US,5,20211122,202000,8.92,8.92,8.885,8.885,600,0
LTRN.US,5,20211122,203000,8.89,8.98,8.89,8.98,1998,0
LTRN.US,5,20211122,203500,8.98,9,8.95,8.99,890,0
LTRN.US,5,20211122,204000,8.955,9,8.955,9,1100,0
LTRN.US,5,20211122,205000,9.08,9.08,9.08,9.08,100,0
LTRN.US,5,20211122,205500,9.0601,9.0601,9,9,1000,0
LTRN.US,5,20211122,210000,9,9.025,9,9,1582,0
LTRN.US,5,20211122,210500,9.02,9.02,8.9,8.9,1240,0
LTRN.US,5,20211122,212500,8.8,8.875,8.8,8.8637,2499,0
LTRN.US,5,20211122,213000,8.93,8.96,8.92,8.96,662,0
LTRN.US,5,20211122,213500,8.875,8.875,8.875,8.875,100,0
LTRN.US,5,20211122,214000,8.82,8.87,8.82,8.87,450,0
LTRN.US,5,20211122,215000,8.91,8.91,8.82,8.84,1301,0
LTRN.US,5,20211122,215500,8.83,8.84,8.83,8.83,740,0
LTRN.US,5,20211123,153000,8.88,8.88,8.88,8.88,1058,0
LTRN.US,5,20211123,153500,8.79,8.79,8.5962,8.61,5276,0
LTRN.US,5,20211123,154000,8.6669,8.98,8.6669,8.97,1900,0
LTRN.US,5,20211123,154500,8.9446,9.17,8.63,9.17,2300,0
LTRN.US,5,20211123,155000,9.19,9.19,9.1,9.1,200,0
LTRN.US,5,20211123,155500,9.07,9.07,8.8434,9.06,300,0
LTRN.US,5,20211123,162000,8.7001,8.7001,8.7001,8.7001,500,0
LTRN.US,5,20211123,162500,8.7001,8.78,8.48,8.48,8200,0
LTRN.US,5,20211123,163000,8.4485,8.56,8.4485,8.55,300,0
LTRN.US,5,20211123,163500,8.57,8.57,8.56,8.56,600,0
LTRN.US,5,20211123,164000,8.57,8.57,8.57,8.57,200,0
LTRN.US,5,20211123,164500,8.525,8.58,8.48,8.52,2143,0
LTRN.US,5,20211123,165000,8.5,8.54,8.48,8.49,650,0
LTRN.US,5,20211123,165500,8.49,8.55,8.49,8.55,1065,0
LTRN.US,5,20211123,170000,8.43,8.43,8.31,8.31,805,0
LTRN.US,5,20211123,170500,8.31,8.31,8.31,8.31,100,0
LTRN.US,5,20211123,171000,8.31,8.46,8.31,8.46,225,0
LTRN.US,5,20211123,172500,8.45,8.7,8.45,8.7,2400,0
LTRN.US,5,20211123,173000,8.62,8.7,8.6154,8.68,8680,0
LTRN.US,5,20211123,173500,8.69,8.69,8.61,8.61,500,0
LTRN.US,5,20211123,174000,8.66,8.67,8.66,8.67,500,0
LTRN.US,5,20211123,174500,8.67,8.67,8.66,8.66,500,0
LTRN.US,5,20211123,175000,8.66,8.67,8.64,8.6694,1674,0
LTRN.US,5,20211123,175500,8.67,8.7,8.67,8.7,780,0
LTRN.US,5,20211123,180000,8.7,8.7,8.61,8.61,1805,0
LTRN.US,5,20211123,181500,8.69,8.69,8.69,8.69,100,0
LTRN.US,5,20211123,182000,8.56,8.56,8.56,8.56,100,0
LTRN.US,5,20211123,182500,8.511,8.633,8.37,8.5,8082,0
LTRN.US,5,20211123,183000,8.49,8.5,8.4616,8.5,2100,0
LTRN.US,5,20211123,183500,8.66,8.66,8.66,8.66,100,0
LTRN.US,5,20211123,184000,8.58,8.61,8.58,8.61,800,0
LTRN.US,5,20211123,185000,8.4956,8.5,8.4956,8.5,4990,0
LTRN.US,5,20211123,185500,8.63,8.68,8.63,8.68,200,0
LTRN.US,5,20211123,190000,8.53,8.58,8.53,8.53,800,0
LTRN.US,5,20211123,190500,8.68,8.68,8.68,8.68,100,0
LTRN.US,5,20211123,191000,8.66,8.6899,8.6599,8.6899,480,0
LTRN.US,5,20211123,191500,8.69,8.69,8.51,8.51,790,0
LTRN.US,5,20211123,192000,8.66,8.68,8.66,8.68,200,0
LTRN.US,5,20211123,192500,8.68,8.68,8.68,8.68,100,0
LTRN.US,5,20211123,193000,8.53,8.66,8.53,8.66,200,0
LTRN.US,5,20211123,193500,8.65,8.65,8.65,8.65,100,0
LTRN.US,5,20211123,194000,8.65,8.65,8.65,8.65,100,0
LTRN.US,5,20211123,194500,8.62,8.62,8.62,8.62,100,0
LTRN.US,5,20211123,195000,8.62,8.62,8.62,8.62,200,0
LTRN.US,5,20211123,195500,8.61,8.69,8.61,8.69,1800,0
LTRN.US,5,20211123,200000,8.7,8.7,8.67,8.67,200,0
LTRN.US,5,20211123,200500,8.615,8.615,8.57,8.615,317,0
LTRN.US,5,20211123,202000,8.64,8.64,8.5,8.62,3100,0
LTRN.US,5,20211123,202500,8.5235,8.55,8.485,8.55,620,0
LTRN.US,5,20211123,203000,8.52,8.52,8.52,8.52,400,0
LTRN.US,5,20211123,203500,8.64,8.64,8.64,8.64,100,0
LTRN.US,5,20211123,204000,8.64,8.64,8.64,8.64,100,0
LTRN.US,5,20211123,204500,8.63,8.63,8.63,8.63,100,0
LTRN.US,5,20211123,205000,8.63,8.63,8.63,8.63,100,0
LTRN.US,5,20211123,205500,8.66,8.66,8.66,8.66,100,0
LTRN.US,5,20211123,210000,8.64,8.64,8.6,8.6,2100,0
LTRN.US,5,20211123,210500,8.7,8.7,8.7,8.7,100,0
LTRN.US,5,20211123,211000,8.62,8.62,8.62,8.62,500,0
LTRN.US,5,20211123,211500,8.69,8.7,8.69,8.7,365,0
LTRN.US,5,20211123,212000,8.69,8.69,8.66,8.66,800,0
LTRN.US,5,20211123,212500,8.7,8.7,8.7,8.7,100,0
LTRN.US,5,20211123,213000,8.681,8.681,8.681,8.681,100,0
LTRN.US,5,20211123,213500,8.65,8.7,8.65,8.7,200,0
LTRN.US,5,20211123,214000,8.7,8.7,8.66,8.68,4444,0
LTRN.US,5,20211123,214500,8.7,8.7,8.7,8.7,100,0
LTRN.US,5,20211123,215000,8.66,8.68,8.65,8.65,2200,0
LTRN.US,5,20211123,215500,8.625,8.7,8.62,8.62,2489,0
LTRN.US,5,20211124,153000,8.56,8.56,8.56,8.56,491,0
LTRN.US,5,20211124,154000,8.56,8.7071,8.56,8.7071,1000,0
LTRN.US,5,20211124,154500,8.5967,8.5967,8.45,8.45,1700,0
LTRN.US,5,20211124,155000,8.4621,8.4621,8.4621,8.4621,165,0
LTRN.US,5,20211124,160000,8.4071,8.4071,8.4071,8.4071,100,0
LTRN.US,5,20211124,162000,8.61,8.705,8.61,8.63,5576,0
LTRN.US,5,20211124,163000,8.8,8.8,8.8,8.8,100,0
LTRN.US,5,20211124,165500,8.9881,8.9881,8.9881,8.9881,150,0
LTRN.US,5,20211124,170000,8.96,9.0835,8.96,8.975,408,0
LTRN.US,5,20211124,170500,9.1099,9.1099,9.0765,9.0765,2281,0
LTRN.US,5,20211124,171000,9.1024,9.1024,9.1024,9.1024,379,0
LTRN.US,5,20211124,171500,9.11,9.11,9.06,9.1009,1247,0
LTRN.US,5,20211124,172000,9.1034,9.1034,9.0109,9.0109,2803,0
LTRN.US,5,20211124,172500,9.055,9.055,9,9,1255,0
LTRN.US,5,20211124,173500,8.9355,8.9355,8.9355,8.9355,300,0
LTRN.US,5,20211124,174000,8.93,8.93,8.93,8.93,250,0
LTRN.US,5,20211124,174500,8.9979,8.9979,8.9,8.9,957,0
LTRN.US,5,20211124,175000,8.9687,8.9687,8.9687,8.9687,3500,0
LTRN.US,5,20211124,175500,8.8248,8.8248,8.8248,8.8248,500,0
LTRN.US,5,20211124,180000,8.9529,8.9529,8.9529,8.9529,164,0
LTRN.US,5,20211124,180500,8.91,8.9999,8.91,8.963,4230,0
LTRN.US,5,20211124,181000,8.99,8.99,8.99,8.99,100,0
LTRN.US,5,20211124,184500,8.9999,9,8.93,8.99,1500,0
LTRN.US,5,20211124,185000,9,9,9,9,856,0
LTRN.US,5,20211124,185500,9.03,9.03,9.03,9.03,100,0
LTRN.US,5,20211124,190000,9.04,9.04,9.04,9.04,100,0
LTRN.US,5,20211124,191000,8.99,9.045,8.97,8.98,2884,0
LTRN.US,5,20211124,192000,8.86,8.86,8.86,8.86,100,0
LTRN.US,5,20211124,193000,8.87,8.87,8.87,8.87,100,0
LTRN.US,5,20211124,193500,8.88,8.88,8.88,8.88,100,0
LTRN.US,5,20211124,194000,8.98,8.98,8.98,8.98,100,0
LTRN.US,5,20211124,200000,8.945,8.945,8.89,8.89,1500,0
LTRN.US,5,20211124,200500,8.9,8.945,8.89,8.8903,1062,0
LTRN.US,5,20211124,202000,8.9128,8.9128,8.9128,8.9128,413,0
LTRN.US,5,20211124,203000,8.9224,8.9224,8.9224,8.9224,191,0
LTRN.US,5,20211124,204000,9,9,9,9,100,0
LTRN.US,5,20211124,210500,8.965,8.965,8.965,8.965,400,0
LTRN.US,5,20211124,211000,8.9854,8.9854,8.9476,8.9476,600,0
LTRN.US,5,20211124,212000,9,9,9,9,3297,0
LTRN.US,5,20211124,213000,9.0541,9.12,9.0541,9.0583,400,0
LTRN.US,5,20211124,213500,9.12,9.12,9.12,9.12,100,0
LTRN.US,5,20211124,214000,9.15,9.15,9.15,9.15,237,0
LTRN.US,5,20211124,214500,9.19,9.1999,9.19,9.1999,260,0
LTRN.US,5,20211124,215000,9.1535,9.1535,9.1535,9.1535,200,0
LTRN.US,5,20211124,215500,9.14,9.2,9.13,9.2,817,0
LTRN.US,5,20211126,153000,9.15,9.15,9.15,9.15,2722,0
LTRN.US,5,20211126,153500,9.13,9.13,9.12,9.13,300,0
LTRN.US,5,20211126,154000,9.11,9.11,9.11,9.11,400,0
LTRN.US,5,20211126,154500,9.0234,9.0234,8.94,8.94,900,0
LTRN.US,5,20211126,155000,9.1384,9.1384,9.1384,9.1384,250,0
LTRN.US,5,20211126,160000,9.0961,9.0961,9.0961,9.0961,600,0
LTRN.US,5,20211126,161000,8.8901,9.04,8.8901,9.04,1324,0
LTRN.US,5,20211126,163500,8.7805,8.9397,8.7805,8.9397,609,0
LTRN.US,5,20211126,164000,9.19,9.19,9.19,9.19,250,0
LTRN.US,5,20211126,165000,9.1411,9.1411,9.1411,9.1411,200,0
LTRN.US,5,20211126,165500,8.78,8.78,8.78,8.78,200,0
LTRN.US,5,20211126,170500,9.0899,9.0899,9.0899,9.0899,400,0
LTRN.US,5,20211126,171000,8.8,8.8,8.62,8.62,3055,0
LTRN.US,5,20211126,171500,8.93,8.93,8.66,8.8,1300,0
LTRN.US,5,20211126,172000,8.6201,8.63,8.62,8.63,2200,0
LTRN.US,5,20211126,173000,8.71,8.71,8.71,8.71,100,0
LTRN.US,5,20211126,175500,8.65,8.65,8.65,8.65,250,0
LTRN.US,5,20211126,181000,8.667,8.8,8.667,8.8,1300,0
LTRN.US,5,20211126,181500,8.75,8.75,8.62,8.65,6148,0
LTRN.US,5,20211126,182500,8.73,8.73,8.73,8.73,422,0
LTRN.US,5,20211126,183500,8.8,8.8,8.8,8.8,950,0
LTRN.US,5,20211126,184000,8.9,8.9,8.9,8.9,100,0
LTRN.US,5,20211126,185500,8.81,8.95,8.81,8.95,400,0
LTRN.US,5,20211126,190000,8.96,8.96,8.96,8.96,1570,0
LTRN.US,5,20211129,153000,9.1,9.1,9.0715,9.0715,315,0
LTRN.US,5,20211129,153500,8.96,9.06,8.96,9.06,1348,0
LTRN.US,5,20211129,154000,8.9684,8.9684,8.9684,8.9684,350,0
LTRN.US,5,20211129,160500,9.05,9.05,8.73,8.73,2430,0
LTRN.US,5,20211129,161500,8.738,8.738,8.68,8.68,700,0
LTRN.US,5,20211129,162000,8.82,8.82,8.72,8.72,536,0
LTRN.US,5,20211129,162500,8.7338,8.7338,8.7338,8.7338,700,0
LTRN.US,5,20211129,163000,8.68,8.745,8.68,8.745,300,0
LTRN.US,5,20211129,163500,8.69,8.7301,8.66,8.7301,1428,0
LTRN.US,5,20211129,164000,8.685,8.685,8.685,8.685,100,0
LTRN.US,5,20211129,164500,8.75,8.75,8.67,8.67,499,0
LTRN.US,5,20211129,165000,8.76,8.76,8.76,8.76,300,0
LTRN.US,5,20211129,165500,8.63,8.63,8.63,8.63,150,0
LTRN.US,5,20211129,170000,8.6201,8.6201,8.6201,8.6201,250,0
LTRN.US,5,20211129,170500,8.65,8.65,8.65,8.65,128,0
LTRN.US,5,20211129,171000,8.6385,8.6385,8.6385,8.6385,500,0
LTRN.US,5,20211129,171500,8.6406,8.6406,8.6406,8.6406,300,0
LTRN.US,5,20211129,172500,8.63,8.63,8.6201,8.625,15000,0
LTRN.US,5,20211129,173000,8.6201,8.6721,8.6201,8.6721,6328,0
LTRN.US,5,20211129,173500,8.62,8.62,8.55,8.55,3186,0
LTRN.US,5,20211129,174000,8.51,8.51,8.5,8.51,2160,0
LTRN.US,5,20211129,180000,8.54,8.54,8.5,8.5,2200,0
LTRN.US,5,20211129,180500,8.465,8.465,8.31,8.455,7341,0
LTRN.US,5,20211129,181000,8.32,8.49,8.32,8.4607,1450,0
LTRN.US,5,20211129,182000,8.4518,8.4518,8.4518,8.4518,1000,0
LTRN.US,5,20211129,183000,8.49,8.49,8.415,8.415,2200,0
LTRN.US,5,20211129,183500,8.415,8.415,8.415,8.415,1000,0
LTRN.US,5,20211129,184000,8.415,8.415,8.415,8.415,200,0
LTRN.US,5,20211129,185500,8.4301,8.4301,8.4301,8.4301,150,0
LTRN.US,5,20211129,190000,8.4937,8.4937,8.4937,8.4937,600,0
LTRN.US,5,20211129,191000,8.46,8.46,8.46,8.46,600,0
LTRN.US,5,20211129,191500,8.41,8.41,8.41,8.41,839,0
LTRN.US,5,20211129,192000,8.4599,8.4599,8.4599,8.4599,5000,0
LTRN.US,5,20211129,193500,8.41,8.41,8.41,8.41,1000,0
LTRN.US,5,20211129,194500,8.4999,8.4999,8.4999,8.4999,400,0
LTRN.US,5,20211129,195500,8.45,8.5,8.44,8.5,2759,0
LTRN.US,5,20211129,200000,8.4592,8.4592,8.4592,8.4592,110,0
LTRN.US,5,20211129,201500,8.5,8.5,8.4417,8.4417,1405,0
LTRN.US,5,20211129,202500,8.45,8.45,8.45,8.45,300,0
LTRN.US,5,20211129,203000,8.51,8.52,8.45,8.4601,6660,0
LTRN.US,5,20211129,203500,8.42,8.4231,8.33,8.417,3993,0
LTRN.US,5,20211129,205500,8.4,8.45,8.4,8.42,1696,0
LTRN.US,5,20211129,210000,8.46,8.48,8.46,8.48,300,0
LTRN.US,5,20211129,211000,8.42,8.45,8.42,8.45,200,0
LTRN.US,5,20211129,211500,8.45,8.45,8.45,8.45,374,0
LTRN.US,5,20211129,212000,8.415,8.415,8.415,8.415,100,0
LTRN.US,5,20211129,213500,8.4659,8.4659,8.4659,8.4659,100,0
LTRN.US,5,20211129,214000,8.41,8.41,8.41,8.41,500,0
LTRN.US,5,20211129,214500,8.44,8.47,8.43,8.47,4179,0
LTRN.US,5,20211129,215000,8.47,8.48,8.47,8.48,391,0
LTRN.US,5,20211129,215500,8.465,8.5,8.41,8.41,2678,0
LTRN.US,5,20211130,153000,8.41,8.45,8.4,8.4001,6993,0
LTRN.US,5,20211130,155000,8.4209,8.5,8.4209,8.46,500,0
LTRN.US,5,20211130,160500,8.51,8.65,8.51,8.65,939,0
LTRN.US,5,20211130,161000,8.51,8.61,8.51,8.61,357,0
LTRN.US,5,20211130,161500,8.54,8.54,8.54,8.54,100,0
LTRN.US,5,20211130,163000,8.5886,8.5886,8.5886,8.5886,150,0
LTRN.US,5,20211130,164500,8.5,8.56,8.49,8.56,400,0
LTRN.US,5,20211130,170000,8.41,8.41,8.07,8.07,12132,0
LTRN.US,5,20211130,170500,8.21,8.21,8.21,8.21,100,0
LTRN.US,5,20211130,171000,8.25,8.27,8.17,8.27,381,0
LTRN.US,5,20211130,172000,8.22,8.23,8.18,8.18,2300,0
LTRN.US,5,20211130,172500,8.45,8.45,8.45,8.45,100,0
LTRN.US,5,20211130,174000,8.2461,8.2461,8.11,8.22,3893,0
LTRN.US,5,20211130,180000,8.125,8.125,8.125,8.125,100,0
LTRN.US,5,20211130,180500,8.33,8.4,8.33,8.4,800,0
LTRN.US,5,20211130,181500,8.2,8.2,8.2,8.2,300,0
LTRN.US,5,20211130,182000,8.19,8.19,8.19,8.19,100,0
LTRN.US,5,20211130,183000,8.2,8.24,8.2,8.24,1800,0
LTRN.US,5,20211130,183500,8.4999,8.4999,8.4999,8.4999,1000,0
LTRN.US,5,20211130,184000,8.4513,8.4999,8.4513,8.47,400,0
LTRN.US,5,20211130,184500,8.49,8.49,8.49,8.49,100,0
LTRN.US,5,20211130,185000,8.5,8.5,8.5,8.5,500,0
LTRN.US,5,20211130,185500,8.5,8.5,8.283,8.45,598,0
LTRN.US,5,20211130,193000,8.44,8.44,8.44,8.44,215,0
LTRN.US,5,20211130,193500,8.3801,8.3801,8.3801,8.3801,400,0
LTRN.US,5,20211130,194000,8.43,8.44,8.4284,8.4284,1400,0
LTRN.US,5,20211130,195500,8.44,8.44,8.44,8.44,1495,0
LTRN.US,5,20211130,200000,8.44,8.49,8.44,8.4809,1023,0
LTRN.US,5,20211130,200500,8.4466,8.465,8.435,8.435,1300,0
LTRN.US,5,20211130,201000,8.44,8.44,8.43,8.43,700,0
LTRN.US,5,20211130,202000,8.44,8.44,8.44,8.44,100,0
LTRN.US,5,20211130,204000,8.44,8.495,8.44,8.495,5157,0
LTRN.US,5,20211130,204500,8.5448,8.5448,8.5448,8.5448,2000,0
LTRN.US,5,20211130,205500,8.44,8.55,8.44,8.55,750,0
LTRN.US,5,20211130,210000,8.46,8.5,8.45,8.5,1998,0
LTRN.US,5,20211130,210500,8.45,8.51,8.44,8.51,800,0
LTRN.US,5,20211130,211000,8.55,8.55,8.48,8.48,1356,0
LTRN.US,5,20211130,211500,8.48,8.48,8.33,8.33,1999,0
LTRN.US,5,20211130,212000,8.44,8.44,8.44,8.44,617,0
LTRN.US,5,20211130,212500,8.44,8.45,8.44,8.45,1387,0
LTRN.US,5,20211130,213000,8.465,8.51,8.44,8.44,1243,0
LTRN.US,5,20211130,213500,8.44,8.44,8.41,8.43,908,0
LTRN.US,5,20211130,214000,8.43,8.44,8.3901,8.44,2063,0
LTRN.US,5,20211130,214500,8.44,8.44,8.42,8.44,1109,0
LTRN.US,5,20211130,215000,8.44,8.44,8.4,8.44,2228,0
LTRN.US,5,20211130,215500,8.44,8.5,8.42,8.44,4002,0
LTRN.US,5,20211201,153000,8.5,8.5,8.42,8.42,833,0
LTRN.US,5,20211201,153500,8.62,8.6399,8.62,8.6399,1300,0
LTRN.US,5,20211201,155500,8.39,8.41,8.39,8.39,400,0
LTRN.US,5,20211201,161000,8.4025,8.4025,8.4025,8.4025,100,0
LTRN.US,5,20211201,163500,8.42,8.42,8.35,8.35,600,0
LTRN.US,5,20211201,164500,8.4719,8.49,8.3963,8.3963,1175,0
LTRN.US,5,20211201,165000,8.39,8.5,8.39,8.5,2053,0
LTRN.US,5,20211201,165500,8.44,8.44,8.44,8.44,130,0
LTRN.US,5,20211201,170000,8.5402,8.5402,8.5402,8.5402,100,0
LTRN.US,5,20211201,173000,8.57,8.57,8.57,8.57,100,0
LTRN.US,5,20211201,174500,8.4526,8.4526,8.4526,8.4526,200,0
LTRN.US,5,20211201,175500,8.39,8.41,8.32,8.41,1855,0
LTRN.US,5,20211201,180000,8.3,8.3,8.28,8.3,923,0
LTRN.US,5,20211201,180500,8.21,8.47,8.21,8.47,2220,0
LTRN.US,5,20211201,182500,8.24,8.44,8.15,8.44,2015,0
LTRN.US,5,20211201,185500,8.36,8.45,8.36,8.45,1100,0
LTRN.US,5,20211201,191500,8.25,8.25,8.22,8.22,300,0
LTRN.US,5,20211201,192000,8.22,8.22,8.21,8.21,1209,0
LTRN.US,5,20211201,194000,8.25,8.25,8.24,8.24,350,0
LTRN.US,5,20211201,194500,8.15,8.15,8.15,8.15,100,0
LTRN.US,5,20211201,195000,8.04,8.2,8.02,8.1,1900,0
LTRN.US,5,20211201,195500,8.1,8.1,8.06,8.06,200,0
LTRN.US,5,20211201,200500,8.075,8.25,8.075,8.14,1432,0
LTRN.US,5,20211201,201000,8.14,8.14,8.14,8.14,100,0
LTRN.US,5,20211201,201500,8.08,8.08,8.07,8.07,400,0
LTRN.US,5,20211201,202000,8.0501,8.07,8.05,8.07,444,0
LTRN.US,5,20211201,202500,8.14,8.26,8.14,8.145,3900,0
LTRN.US,5,20211201,203000,8.14,8.14,8.14,8.14,200,0
LTRN.US,5,20211201,204500,8.115,8.115,8.115,8.115,1200,0
LTRN.US,5,20211201,210000,8.17,8.19,8.17,8.19,706,0
LTRN.US,5,20211201,211500,8.125,8.15,8.03,8.03,5368,0
LTRN.US,5,20211201,212000,8.01,8.11,8,8.1,5097,0
LTRN.US,5,20211201,212500,8.01,8.11,7.96,8.095,4930,0
LTRN.US,5,20211201,213500,8,8.11,8,8.1,1450,0
LTRN.US,5,20211201,214000,8.15,8.15,8.06,8.09,926,0
LTRN.US,5,20211201,214500,8.09,8.09,8.03,8.03,630,0
LTRN.US,5,20211201,215000,8.01,8.01,7.99,8.01,1238,0
LTRN.US,5,20211201,215500,8.075,8.14,7.94,7.94,4922,0
LTRN.US,5,20211202,153000,8.765,8.765,8.05,8.35,1031,0
LTRN.US,5,20211202,153500,8.2877,8.2877,8.2877,8.2877,109,0
LTRN.US,5,20211202,154000,8.05,8.05,8.05,8.05,195,0
LTRN.US,5,20211202,154500,7.99,7.99,7.99,7.99,100,0
LTRN.US,5,20211202,160000,8.17,8.17,8.17,8.17,100,0
LTRN.US,5,20211202,161500,7.97,8.21,7.94,8.21,1300,0
LTRN.US,5,20211202,162000,7.991,7.991,7.991,7.991,900,0
LTRN.US,5,20211202,162500,7.73,7.93,7.7,7.9,2645,0
LTRN.US,5,20211202,164500,7.77,7.79,7.77,7.79,200,0
LTRN.US,5,20211202,165000,7.77,7.91,7.77,7.9,500,0
LTRN.US,5,20211202,170000,7.8888,7.8888,7.77,7.78,1065,0
LTRN.US,5,20211202,170500,7.82,7.82,7.82,7.82,150,0
LTRN.US,5,20211202,171500,7.91,7.96,7.9,7.96,3795,0
LTRN.US,5,20211202,172000,7.975,7.975,7.975,7.975,100,0
LTRN.US,5,20211202,174500,8.09,8.09,7.74,7.74,3041,0
LTRN.US,5,20211202,175000,7.7425,7.99,7.7425,7.91,6905,0
LTRN.US,5,20211202,175500,7.78,7.88,7.73,7.73,3354,0
LTRN.US,5,20211202,180000,7.79,7.89,7.69,7.71,704,0
LTRN.US,5,20211202,180500,7.785,7.785,7.67,7.6777,2716,0
LTRN.US,5,20211202,181000,7.69,7.69,7.59,7.59,1297,0
LTRN.US,5,20211202,181500,7.645,7.69,7.6,7.69,800,0
LTRN.US,5,20211202,182000,7.66,7.66,7.66,7.66,200,0
LTRN.US,5,20211202,182500,7.68,7.68,7.65,7.65,1500,0
LTRN.US,5,20211202,183000,7.65,7.7,7.65,7.7,1100,0
LTRN.US,5,20211202,183500,7.73,7.73,7.73,7.73,400,0
LTRN.US,5,20211202,184000,7.7,7.72,7.7,7.72,1200,0
LTRN.US,5,20211202,184500,7.72,7.72,7.7,7.72,2564,0
LTRN.US,5,20211202,185500,7.71,7.71,7.71,7.71,400,0
LTRN.US,5,20211202,190000,7.775,7.84,7.71,7.71,1800,0
LTRN.US,5,20211202,190500,7.72,7.72,7.71,7.71,200,0
LTRN.US,5,20211202,191000,7.71,7.71,7.71,7.71,400,0
LTRN.US,5,20211202,191500,7.71,7.71,7.665,7.665,1200,0
LTRN.US,5,20211202,192000,7.63,7.71,7.63,7.71,705,0
LTRN.US,5,20211202,192500,7.68,7.68,7.67,7.67,300,0
LTRN.US,5,20211202,193000,7.64,7.71,7.62,7.71,1800,0
LTRN.US,5,20211202,193500,7.6847,7.6847,7.6847,7.6847,100,0
LTRN.US,5,20211202,194000,7.63,7.63,7.63,7.63,400,0
LTRN.US,5,20211202,194500,7.63,7.65,7.63,7.65,1200,0
LTRN.US,5,20211202,195000,7.65,7.65,7.62,7.62,500,0
LTRN.US,5,20211202,195500,7.62,7.62,7.61,7.62,1138,0
LTRN.US,5,20211202,200000,7.65,7.7698,7.65,7.735,3895,0
LTRN.US,5,20211202,200500,7.67,7.81,7.67,7.8,1384,0
LTRN.US,5,20211202,201000,7.79,7.79,7.64,7.665,2108,0
LTRN.US,5,20211202,201500,7.7,7.7,7.58,7.58,2445,0
LTRN.US,5,20211202,202000,7.61,7.61,7.59,7.59,400,0
LTRN.US,5,20211202,202500,7.61,7.61,7.59,7.59,1686,0
LTRN.US,5,20211202,203000,7.61,7.6161,7.59,7.59,1350,0
LTRN.US,5,20211202,203500,7.6,7.6,7.54,7.54,1100,0
LTRN.US,5,20211202,204000,7.55,7.5576,7.5,7.54,7000,0
LTRN.US,5,20211202,204500,7.5515,7.5515,7.48,7.48,4683,0
LTRN.US,5,20211202,205000,7.48,7.58,7.48,7.57,1944,0
LTRN.US,5,20211202,205500,7.58,7.61,7.58,7.6,2470,0
LTRN.US,5,20211202,210000,7.615,7.62,7.6,7.61,4025,0
LTRN.US,5,20211202,210500,7.63,7.63,7.61,7.62,13312,0
LTRN.US,5,20211202,211000,7.62,7.62,7.6,7.6,1454,0
LTRN.US,5,20211202,211500,7.6,7.63,7.6,7.62,17326,0
LTRN.US,5,20211202,212000,7.62,7.71,7.62,7.64,4100,0
LTRN.US,5,20211202,212500,7.64,7.685,7.64,7.68,5500,0
LTRN.US,5,20211202,213000,7.68,7.6998,7.64,7.6998,710,0
LTRN.US,5,20211202,213500,7.72,7.72,7.6,7.63,3280,0
LTRN.US,5,20211202,214000,7.6,7.62,7.52,7.54,1900,0
LTRN.US,5,20211202,214500,7.555,7.555,7.5,7.555,600,0
LTRN.US,5,20211202,215000,7.555,7.62,7.53,7.6,2668,0
LTRN.US,5,20211202,215500,7.6,7.68,7.54,7.6,3874,0
LTRN.US,5,20211203,153000,7.53,7.9024,7.53,7.9024,2145,0
LTRN.US,5,20211203,153500,7.765,7.93,7.765,7.9,2100,0
LTRN.US,5,20211203,154000,7.82,7.82,7.79,7.79,200,0
LTRN.US,5,20211203,154500,7.72,7.72,7.7036,7.7036,300,0
LTRN.US,5,20211203,155000,7.5606,7.64,7.4802,7.52,2147,0
LTRN.US,5,20211203,155500,7.46,7.48,7.46,7.48,200,0
LTRN.US,5,20211203,160000,7.52,7.52,7.38,7.38,2502,0
LTRN.US,5,20211203,160500,7.35,7.56,7.3488,7.56,2998,0
LTRN.US,5,20211203,161000,7.56,7.69,7.56,7.62,2700,0
LTRN.US,5,20211203,161500,7.5,7.71,7.44,7.68,2800,0
LTRN.US,5,20211203,162000,7.68,7.68,7.56,7.6,1100,0
LTRN.US,5,20211203,162500,7.6,7.615,7.55,7.6,1935,0
LTRN.US,5,20211203,163000,7.59,7.6,7.56,7.6,500,0
LTRN.US,5,20211203,163500,7.56,7.63,7.55,7.6299,1641,0
LTRN.US,5,20211203,164000,7.6,7.6,7.59,7.59,400,0
LTRN.US,5,20211203,164500,7.58,7.61,7.4,7.43,6137,0
LTRN.US,5,20211203,165000,7.45,7.45,7.4,7.41,1986,0
LTRN.US,5,20211203,165500,7.48,7.555,7.48,7.555,2597,0
LTRN.US,5,20211203,170000,7.56,7.6,7.55,7.6,1900,0
LTRN.US,5,20211203,170500,7.57,7.64,7.57,7.6,400,0
LTRN.US,5,20211203,171000,7.62,7.7,7.56,7.66,2773,0
LTRN.US,5,20211203,171500,7.64,7.66,7.63,7.63,900,0
LTRN.US,5,20211203,172000,7.63,7.63,7.63,7.63,200,0
LTRN.US,5,20211203,172500,7.55,7.639,7.4401,7.63,1480,0
LTRN.US,5,20211203,173000,7.66,7.72,7.63,7.72,800,0
LTRN.US,5,20211203,173500,7.72,7.72,7.72,7.72,300,0
LTRN.US,5,20211203,174000,7.715,7.79,7.715,7.715,500,0
LTRN.US,5,20211203,175000,7.7,7.7,7.7,7.7,300,0
LTRN.US,5,20211203,175500,7.75,7.75,7.7,7.7,400,0
LTRN.US,5,20211203,180000,7.7,7.7,7.65,7.65,600,0
LTRN.US,5,20211203,180500,7.55,7.69,7.55,7.62,400,0
LTRN.US,5,20211203,181000,7.69,7.73,7.6,7.64,1500,0
LTRN.US,5,20211203,182000,7.67,7.67,7.67,7.67,300,0
LTRN.US,5,20211203,182500,7.67,7.67,7.6,7.61,1820,0
LTRN.US,5,20211203,183500,7.7,7.7,7.69,7.695,700,0
LTRN.US,5,20211203,185000,7.59,7.64,7.59,7.64,200,0
LTRN.US,5,20211203,185500,7.675,7.69,7.675,7.69,1100,0
LTRN.US,5,20211203,190000,7.715,7.715,7.56,7.56,1100,0
LTRN.US,5,20211203,190500,7.64,7.66,7.57,7.57,3300,0
LTRN.US,5,20211203,191000,7.68,7.75,7.68,7.69,3428,0
LTRN.US,5,20211203,192000,7.715,7.715,7.7,7.7,300,0
LTRN.US,5,20211203,192500,7.715,7.715,7.7,7.7,400,0
LTRN.US,5,20211203,193000,7.715,7.715,7.6,7.6,2100,0
LTRN.US,5,20211203,195000,7.65,7.66,7.645,7.645,300,0
LTRN.US,5,20211203,195500,7.665,7.665,7.635,7.64,561,0
LTRN.US,5,20211203,200000,7.6,7.6,7.6,7.6,351,0
LTRN.US,5,20211203,200500,7.635,7.635,7.635,7.635,100,0
LTRN.US,5,20211203,201000,7.66,7.67,7.55,7.67,2351,0
LTRN.US,5,20211203,202000,7.61,7.61,7.5676,7.5676,510,0
LTRN.US,5,20211203,202500,7.56,7.61,7.42,7.43,8581,0
LTRN.US,5,20211203,203000,7.58,7.58,7.58,7.58,200,0
LTRN.US,5,20211203,203500,7.57,7.58,7.57,7.58,500,0
LTRN.US,5,20211203,204500,7.525,7.58,7.45,7.515,4796,0
LTRN.US,5,20211203,205000,7.545,7.58,7.545,7.58,600,0
LTRN.US,5,20211203,205500,7.64,7.65,7.62,7.65,1400,0
LTRN.US,5,20211203,210000,7.62,7.6201,7.48,7.585,1413,0
LTRN.US,5,20211203,210500,7.49,7.65,7.49,7.595,2698,0
LTRN.US,5,20211203,211000,7.6799,7.6799,7.595,7.595,300,0
LTRN.US,5,20211203,211500,7.59,7.68,7.59,7.68,200,0
LTRN.US,5,20211203,212000,7.595,7.72,7.595,7.69,1000,0
LTRN.US,5,20211203,212500,7.6306,7.65,7.6306,7.65,200,0
LTRN.US,5,20211203,213500,7.65,7.65,7.65,7.65,100,0
LTRN.US,5,20211203,214000,7.65,7.695,7.65,7.69,1586,0
LTRN.US,5,20211203,214500,7.65,7.65,7.58,7.58,700,0
LTRN.US,5,20211203,215000,7.65,7.66,7.58,7.625,1712,0
LTRN.US,5,20211203,215500,7.69,7.69,7.57,7.63,1415,0
LTRN.US,5,20211206,153000,7.63,7.85,7.63,7.63,2793,0
LTRN.US,5,20211206,153500,7.63,7.63,7.36,7.36,2401,0
LTRN.US,5,20211206,155000,7.5,7.5,7.455,7.5,800,0
LTRN.US,5,20211206,155500,7.49,7.59,7.4813,7.58,4716,0
LTRN.US,5,20211206,160000,7.575,7.575,7.5,7.5,200,0
LTRN.US,5,20211206,160500,7.5,7.5755,7.5,7.5442,1070,0
LTRN.US,5,20211206,161000,7.575,7.63,7.57,7.58,3436,0
LTRN.US,5,20211206,161500,7.58,7.59,7.5,7.59,4744,0
LTRN.US,5,20211206,162000,7.59,7.59,7.48,7.57,4284,0
LTRN.US,5,20211206,162500,7.57,7.61,7.57,7.58,4400,0
LTRN.US,5,20211206,163000,7.57,7.6,7.46,7.59,5537,0
LTRN.US,5,20211206,163500,7.5634,7.625,7.56,7.575,4154,0
LTRN.US,5,20211206,164000,7.575,7.69,7.57,7.57,1147,0
LTRN.US,5,20211206,164500,7.635,7.635,7.635,7.635,100,0
LTRN.US,5,20211206,165000,7.67,7.67,7.67,7.67,100,0
LTRN.US,5,20211206,165500,7.67,7.69,7.67,7.69,400,0
LTRN.US,5,20211206,170000,7.7,7.7,7.7,7.7,600,0
LTRN.US,5,20211206,170500,7.69,7.69,7.68,7.68,900,0
LTRN.US,5,20211206,171500,7.67,7.68,7.66,7.68,300,0
LTRN.US,5,20211206,172000,7.66,7.66,7.66,7.66,316,0
LTRN.US,5,20211206,172500,7.68,7.72,7.68,7.72,1686,0
LTRN.US,5,20211206,173000,7.75,7.78,7.75,7.78,1160,0
LTRN.US,5,20211206,173500,7.83,7.84,7.83,7.84,200,0
LTRN.US,5,20211206,174500,7.84,7.84,7.83,7.83,200,0
LTRN.US,5,20211206,175000,7.835,7.835,7.835,7.835,100,0
LTRN.US,5,20211206,175500,7.8,7.8,7.618,7.618,2152,0
LTRN.US,5,20211206,180500,7.735,7.735,7.735,7.735,100,0
LTRN.US,5,20211206,181000,7.83,7.83,7.83,7.83,100,0
LTRN.US,5,20211206,182000,7.71,7.71,7.71,7.71,510,0
LTRN.US,5,20211206,182500,7.71,7.79,7.71,7.74,1600,0
LTRN.US,5,20211206,183500,7.79,7.81,7.79,7.81,3048,0
LTRN.US,5,20211206,184000,7.83,7.85,7.83,7.85,600,0
LTRN.US,5,20211206,184500,7.83,7.83,7.83,7.83,400,0
LTRN.US,5,20211206,185000,7.85,7.85,7.83,7.83,300,0
LTRN.US,5,20211206,185500,7.83,7.83,7.83,7.83,100,0
LTRN.US,5,20211206,190000,7.83,7.83,7.83,7.83,200,0
LTRN.US,5,20211206,191000,7.83,7.83,7.83,7.83,100,0
LTRN.US,5,20211206,192500,7.835,7.835,7.8325,7.835,302,0
LTRN.US,5,20211206,193000,7.835,7.835,7.835,7.835,100,0
LTRN.US,5,20211206,193500,7.83,7.83,7.8,7.8,1200,0
LTRN.US,5,20211206,194500,7.8,7.8,7.8,7.8,1000,0
LTRN.US,5,20211206,195000,7.83,7.83,7.83,7.83,100,0
LTRN.US,5,20211206,200000,7.83,7.855,7.83,7.83,3127,0
LTRN.US,5,20211206,200500,7.83,7.83,7.7,7.7,5263,0
LTRN.US,5,20211206,201500,7.825,7.91,7.82,7.82,1327,0
LTRN.US,5,20211206,202000,7.89,7.89,7.82,7.82,620,0
LTRN.US,5,20211206,202500,7.82,7.87,7.82,7.85,400,0
LTRN.US,5,20211206,203000,7.87,7.87,7.83,7.83,800,0
LTRN.US,5,20211206,203500,7.83,7.83,7.83,7.83,500,0
LTRN.US,5,20211206,204000,7.83,7.85,7.82,7.85,500,0
LTRN.US,5,20211206,204500,7.85,7.85,7.7691,7.7691,1500,0
LTRN.US,5,20211206,210000,7.83,7.865,7.83,7.86,1505,0
LTRN.US,5,20211206,210500,7.86,7.86,7.8,7.83,1600,0
LTRN.US,5,20211206,211000,7.83,7.83,7.83,7.83,100,0
LTRN.US,5,20211206,212000,7.89,7.94,7.89,7.94,1722,0
LTRN.US,5,20211206,212500,7.95,7.95,7.95,7.95,399,0
LTRN.US,5,20211206,213500,7.97,7.97,7.97,7.97,343,0
LTRN.US,5,20211206,214000,7.9477,8.0303,7.94,8,7857,0
LTRN.US,5,20211206,214500,8.05,8.05,8.05,8.05,100,0
LTRN.US,5,20211206,215000,8.23,8.23,8.0092,8.0248,750,0
LTRN.US,5,20211206,215500,8.044,8.18,7.98,8.11,6626,0
LTRN.US,5,20211207,153000,8.2,8.45,8.2,8.45,3830,0
LTRN.US,5,20211207,153500,8.3975,8.4,8.3975,8.4,1863,0
LTRN.US,5,20211207,154000,8.2723,8.2723,8.2723,8.2723,1000,0
LTRN.US,5,20211207,154500,8.4099,8.4099,8.4099,8.4099,100,0
LTRN.US,5,20211207,160000,8.11,8.19,8.11,8.142,755,0
LTRN.US,5,20211207,160500,8.38,8.38,8.38,8.38,300,0
LTRN.US,5,20211207,162000,8.3499,8.3499,8.3,8.3,400,0
LTRN.US,5,20211207,162500,8.31,8.31,8.255,8.255,214,0
LTRN.US,5,20211207,164500,8.26,8.26,8.26,8.26,150,0
LTRN.US,5,20211207,170500,8.37,8.37,8.37,8.37,100,0
LTRN.US,5,20211207,173000,8.31,8.31,8.31,8.31,200,0
LTRN.US,5,20211207,173500,8.31,8.32,8.26,8.32,5300,0
LTRN.US,5,20211207,174500,8.33,8.33,8.28,8.33,2200,0
LTRN.US,5,20211207,175000,8.33,8.33,8.2,8.26,5440,0
LTRN.US,5,20211207,181000,8.305,8.305,8.1701,8.1701,1601,0
LTRN.US,5,20211207,181500,8.2359,8.2359,8.2359,8.2359,100,0
LTRN.US,5,20211207,183000,8.32,8.38,8.32,8.35,3252,0
LTRN.US,5,20211207,183500,8.355,8.36,8.355,8.36,200,0
LTRN.US,5,20211207,190000,8.435,8.435,8.435,8.435,100,0
LTRN.US,5,20211207,191000,8.38,8.43,8.37,8.38,900,0
LTRN.US,5,20211207,191500,8.47,8.47,8.35,8.35,1688,0
LTRN.US,5,20211207,192000,8.37,8.45,8.37,8.45,312,0
LTRN.US,5,20211207,192500,8.45,8.45,8.37,8.37,700,0
LTRN.US,5,20211207,193000,8.37,8.37,8.37,8.37,100,0
LTRN.US,5,20211207,193500,8.38,8.38,8.38,8.38,100,0
LTRN.US,5,20211207,194000,8.37,8.4753,8.37,8.4753,200,0
LTRN.US,5,20211207,195000,8.4035,8.4035,8.4035,8.4035,350,0
LTRN.US,5,20211207,200000,8.33,8.33,8.32,8.32,200,0
LTRN.US,5,20211207,200500,8.45,8.499,8.31,8.31,1117,0
LTRN.US,5,20211207,201000,8.31,8.31,8.31,8.31,500,0
LTRN.US,5,20211207,202500,8.32,8.32,8.32,8.32,100,0
LTRN.US,5,20211207,203500,8.372,8.372,8.372,8.372,490,0
LTRN.US,5,20211207,204000,8.435,8.435,8.3,8.3,2752,0
LTRN.US,5,20211207,204500,8.32,8.32,8.32,8.32,100,0
LTRN.US,5,20211207,205000,8.305,8.31,8.305,8.31,200,0
LTRN.US,5,20211207,210000,8.34,8.49,8.33,8.34,900,0
LTRN.US,5,20211207,211500,8.31,8.31,8.31,8.31,400,0
LTRN.US,5,20211207,212000,8.305,8.36,8.305,8.36,300,0
LTRN.US,5,20211207,212500,8.38,8.38,8.38,8.38,700,0
LTRN.US,5,20211207,213000,8.31,8.36,8.3,8.3,766,0
LTRN.US,5,20211207,214000,8.27,8.27,8.25,8.25,5600,0
LTRN.US,5,20211207,214500,8.3606,8.3606,8.11,8.11,6526,0
LTRN.US,5,20211207,215000,8.0529,8.15,8.0529,8.15,1473,0
LTRN.US,5,20211207,215500,8.32,8.339,8.14,8.15,600,0
LTRN.US,5,20211208,153000,8.26,8.44,8.26,8.36,697,0
LTRN.US,5,20211208,154500,8.33,8.33,8.27,8.27,350,0
LTRN.US,5,20211208,155000,8.25,8.26,8.2,8.2,565,0
LTRN.US,5,20211208,155500,8.05,8.05,8.01,8.02,669,0
LTRN.US,5,20211208,160500,8.0853,8.0853,8.0853,8.0853,100,0
LTRN.US,5,20211208,161000,8.1,8.17,8.05,8.17,1237,0
LTRN.US,5,20211208,162000,8.235,8.235,8.235,8.235,100,0
LTRN.US,5,20211208,162500,8.265,8.27,8.24,8.24,1300,0
LTRN.US,5,20211208,163000,8.29,8.33,8.26,8.3,900,0
LTRN.US,5,20211208,163500,8.3,8.355,8.3,8.355,1475,0
LTRN.US,5,20211208,164000,8.35,8.39,8.305,8.36,1300,0
LTRN.US,5,20211208,164500,8.35,8.35,8.27,8.315,3300,0
LTRN.US,5,20211208,165000,8.27,8.37,8.27,8.365,15300,0
LTRN.US,5,20211208,165500,8.365,8.365,8.365,8.365,1100,0
LTRN.US,5,20211208,170000,8.37,8.37,8.37,8.37,100,0
LTRN.US,5,20211208,171000,8.415,8.415,8.415,8.415,100,0
LTRN.US,5,20211208,171500,8.415,8.46,8.38,8.38,400,0
LTRN.US,5,20211208,172000,8.415,8.46,8.37,8.38,1400,0
LTRN.US,5,20211208,172500,8.42,8.42,8.42,8.42,400,0
LTRN.US,5,20211208,173000,8.42,8.42,8.42,8.42,100,0
LTRN.US,5,20211208,173500,8.37,8.41,8.37,8.4,1200,0
LTRN.US,5,20211208,174000,8.39,8.39,8.37,8.37,800,0
LTRN.US,5,20211208,174500,8.415,8.415,8.37,8.37,500,0
LTRN.US,5,20211208,175000,8.415,8.425,8.39,8.425,900,0
LTRN.US,5,20211208,175500,8.4,8.44,8.37,8.42,1200,0
LTRN.US,5,20211208,180000,8.4,8.42,8.37,8.37,300,0
LTRN.US,5,20211208,180500,8.42,8.42,8.42,8.42,100,0
LTRN.US,5,20211208,181000,8.469,8.469,8.37,8.385,1200,0
LTRN.US,5,20211208,181500,8.32,8.36,8.3,8.36,2000,0
LTRN.US,5,20211208,182000,8.36,8.36,8.36,8.36,635,0
LTRN.US,5,20211208,182500,8.36,8.365,8.3001,8.32,500,0
LTRN.US,5,20211208,183000,8.365,8.38,8.26,8.325,2373,0
LTRN.US,5,20211208,183500,8.325,8.3717,8.26,8.306,1905,0
LTRN.US,5,20211208,184000,8.28,8.33,8.27,8.28,900,0
LTRN.US,5,20211208,184500,8.27,8.29,8.27,8.29,400,0
LTRN.US,5,20211208,185000,8.29,8.4,8.29,8.33,1700,0
LTRN.US,5,20211208,185500,8.4497,8.4497,8.4497,8.4497,100,0
LTRN.US,5,20211208,190000,8.44,8.44,8.38,8.38,600,0
LTRN.US,5,20211208,190500,8.425,8.48,8.425,8.43,1000,0
LTRN.US,5,20211208,191000,8.545,8.545,8.44,8.44,1211,0
LTRN.US,5,20211208,191500,8.545,8.545,8.46,8.46,600,0
LTRN.US,5,20211208,192000,8.545,8.545,8.39,8.39,800,0
LTRN.US,5,20211208,192500,8.46,8.46,8.34,8.44,800,0
LTRN.US,5,20211208,193000,8.44,8.445,8.36,8.44,700,0
LTRN.US,5,20211208,193500,8.44,8.53,8.34,8.38,4855,0
LTRN.US,5,20211208,194000,8.445,8.445,8.37,8.445,400,0
LTRN.US,5,20211208,194500,8.445,8.445,8.445,8.445,300,0
LTRN.US,5,20211208,195000,8.445,8.45,8.35,8.45,400,0
LTRN.US,5,20211208,195500,8.36,8.45,8.36,8.36,600,0
LTRN.US,5,20211208,200000,8.36,8.452,8.35,8.35,3720,0
LTRN.US,5,20211208,200500,8.42,8.42,8.35,8.38,1500,0
LTRN.US,5,20211208,201000,8.35,8.38,8.35,8.35,700,0
LTRN.US,5,20211208,201500,8.35,8.35,8.3,8.35,3400,0
LTRN.US,5,20211208,202000,8.3,8.31,8.2806,8.2806,700,0
LTRN.US,5,20211208,202500,8.3,8.355,8.29,8.3,1300,0
LTRN.US,5,20211208,203000,8.345,8.345,8.345,8.345,200,0
LTRN.US,5,20211208,203500,8.345,8.35,8.34,8.35,700,0
LTRN.US,5,20211208,204000,8.365,8.365,8.34,8.355,600,0
LTRN.US,5,20211208,204500,8.36,8.37,8.3,8.3,1761,0
LTRN.US,5,20211208,205000,8.36,8.36,8.35,8.35,600,0
LTRN.US,5,20211208,205500,8.35,8.385,8.34,8.3402,1641,0
LTRN.US,5,20211208,210000,8.4,8.44,8.36,8.435,1100,0
LTRN.US,5,20211208,210500,8.445,8.58,8.4,8.51,500,0
LTRN.US,5,20211208,211000,8.44,8.519,8.3298,8.3298,1600,0
LTRN.US,5,20211208,211500,8.5,8.5,8.49,8.5,700,0
LTRN.US,5,20211208,212000,8.51,8.59,8.5,8.55,2000,0
LTRN.US,5,20211208,212500,8.59,8.67,8.525,8.525,2896,0
LTRN.US,5,20211208,213000,8.525,8.525,8.525,8.525,600,0
LTRN.US,5,20211208,213500,8.525,8.525,8.525,8.525,646,0
LTRN.US,5,20211208,214000,8.525,8.525,8.45,8.45,1300,0
LTRN.US,5,20211208,214500,8.46,8.51,8.46,8.5,583,0
LTRN.US,5,20211208,215000,8.5,8.54,8.5,8.5,1526,0
LTRN.US,5,20211208,215500,8.515,8.619,8.5,8.61,4475,0
LTRN.US,5,20211209,153000,8.65,8.75,8.65,8.6802,4701,0
LTRN.US,5,20211209,153500,8.75,8.75,8.46,8.46,704,0
LTRN.US,5,20211209,154000,8.75,8.75,8.47,8.47,900,0
LTRN.US,5,20211209,154500,8.6,8.75,8.5,8.6,2590,0
LTRN.US,5,20211209,155000,8.52,8.74,8.52,8.55,1019,0
LTRN.US,5,20211209,155500,8.5694,8.635,8.5694,8.635,400,0
LTRN.US,5,20211209,160000,8.525,8.525,8.525,8.525,100,0
LTRN.US,5,20211209,160500,8.6,8.6,8.444,8.59,819,0
LTRN.US,5,20211209,161000,8.58,8.58,8.57,8.57,200,0
LTRN.US,5,20211209,161500,8.73,8.73,8.73,8.73,200,0
LTRN.US,5,20211209,162000,8.7299,8.73,8.7299,8.73,1200,0
LTRN.US,5,20211209,162500,8.45,8.71,8.45,8.6,2700,0
LTRN.US,5,20211209,163000,8.73,8.73,8.73,8.73,100,0
LTRN.US,5,20211209,163500,8.72,8.72,8.6,8.69,400,0
LTRN.US,5,20211209,164000,8.6493,8.69,8.401,8.401,6531,0
LTRN.US,5,20211209,164500,8.43,8.53,8.4,8.4,8558,0
LTRN.US,5,20211209,165000,8.4,8.4,8.34,8.34,1337,0
LTRN.US,5,20211209,165500,8.26,8.4,8.26,8.34,300,0
LTRN.US,5,20211209,170000,8.39,8.4184,8.28,8.28,300,0
LTRN.US,5,20211209,170500,8.39,8.39,8.3241,8.3241,2010,0
LTRN.US,5,20211209,171000,8.345,8.345,8.345,8.345,100,0
LTRN.US,5,20211209,171500,8.32,8.32,8.32,8.32,100,0
LTRN.US,5,20211209,172000,8.41,8.41,8.33,8.33,200,0
LTRN.US,5,20211209,172500,8.4,8.4,8.28,8.28,200,0
LTRN.US,5,20211209,173000,8.41,8.46,8.41,8.46,300,0
LTRN.US,5,20211209,173500,8.46,8.46,8.46,8.46,200,0
LTRN.US,5,20211209,174000,8.69,8.69,8.69,8.69,100,0
LTRN.US,5,20211209,174500,8.535,8.69,8.41,8.5,6400,0
LTRN.US,5,20211209,175000,8.69,8.69,8.5,8.5,200,0
LTRN.US,5,20211209,175500,8.49,8.58,8.48,8.58,700,0
LTRN.US,5,20211209,180000,8.58,8.58,8.5,8.5,200,0
LTRN.US,5,20211209,180500,8.49,8.49,8.49,8.49,300,0
LTRN.US,5,20211209,181000,8.27,8.46,8.27,8.46,200,0
LTRN.US,5,20211209,181500,8.27,8.46,8.27,8.46,300,0
LTRN.US,5,20211209,182000,8.3,8.3,8.3,8.3,100,0
LTRN.US,5,20211209,182500,8.45,8.45,8.35,8.35,200,0
LTRN.US,5,20211209,183000,8.39,8.39,8.32,8.37,600,0
LTRN.US,5,20211209,183500,8.43,8.43,8.43,8.43,100,0
LTRN.US,5,20211209,184500,8.43,8.43,8.43,8.43,100,0
LTRN.US,5,20211209,185000,8.4,8.4,8.365,8.365,200,0
LTRN.US,5,20211209,185500,8.33,8.33,8.29,8.29,400,0
LTRN.US,5,20211209,190000,8.29,8.33,8.27,8.33,500,0
LTRN.US,5,20211209,190500,8.33,8.33,8.27,8.32,300,0
LTRN.US,5,20211209,191000,8.3132,8.32,8.28,8.28,300,0
LTRN.US,5,20211209,191500,8.31,8.31,8.27,8.27,200,0
LTRN.US,5,20211209,192000,8.2501,8.2501,8.25,8.25,800,0
LTRN.US,5,20211209,192500,8.17,8.17,8.1602,8.1602,1000,0
LTRN.US,5,20211209,193000,8.24,8.27,8.18,8.205,1000,0
LTRN.US,5,20211209,193500,8.205,8.25,8.18,8.2,4300,0
LTRN.US,5,20211209,194000,8.19,8.19,8.17,8.17,300,0
LTRN.US,5,20211209,194500,8.2,8.2,8.07,8.07,7373,0
LTRN.US,5,20211209,195000,8.05,8.14,8.03,8.14,1600,0
LTRN.US,5,20211209,195500,8.04,8.07,8,8,1199,0
LTRN.US,5,20211209,200000,8.02,8.07,8,8.01,520,0
LTRN.US,5,20211209,201000,8.075,8.1269,8.02,8.02,1200,0
LTRN.US,5,20211209,201500,8.075,8.155,8.075,8.155,703,0
LTRN.US,5,20211209,202000,8.17,8.17,8.16,8.16,2400,0
LTRN.US,5,20211209,202500,8.16,8.16,8.15,8.15,2601,0
LTRN.US,5,20211209,203500,8.245,8.245,8.245,8.245,100,0
LTRN.US,5,20211209,204000,8.18,8.245,8.15,8.15,1200,0
LTRN.US,5,20211209,205000,8.15,8.19,8.15,8.19,4600,0
LTRN.US,5,20211209,205500,8.15,8.15,8.15,8.15,100,0
LTRN.US,5,20211209,210000,8.175,8.2,8.17,8.2,3100,0
LTRN.US,5,20211209,210500,8.2,8.2,8.15,8.16,2100,0
LTRN.US,5,20211209,211000,8.1,8.1,8.07,8.07,6600,0
LTRN.US,5,20211209,211500,8.13,8.2,8.12,8.2,1662,0
LTRN.US,5,20211209,212500,8.2,8.2,8.16,8.16,1000,0
LTRN.US,5,20211209,213000,8.14,8.34,8.14,8.205,2810,0
LTRN.US,5,20211209,214000,8.23,8.23,8.07,8.1,4075,0
LTRN.US,5,20211209,214500,8.1,8.1,8.09,8.1,3010,0
LTRN.US,5,20211209,215000,8.04,8.04,7.95,7.98,11974,0
LTRN.US,5,20211209,215500,8,8,7.81,7.83,6334,0
LTRN.US,5,20211210,153000,8.2,8.2,8,8,3450,0
LTRN.US,5,20211210,153500,8.1634,8.1634,8.1634,8.1634,500,0
LTRN.US,5,20211210,154000,8.1654,8.19,8.1654,8.19,525,0
LTRN.US,5,20211210,154500,8.1899,8.1899,8.1899,8.1899,200,0
LTRN.US,5,20211210,155000,8.04,8.04,8.04,8.04,100,0
LTRN.US,5,20211210,155500,8.04,8.05,8.04,8.05,200,0
LTRN.US,5,20211210,160500,8.06,8.06,8.06,8.06,100,0
LTRN.US,5,20211210,161000,8.025,8.05,7.97,7.97,3400,0
LTRN.US,5,20211210,161500,8,8,7.9099,8,650,0
LTRN.US,5,20211210,162500,8.03,8.03,8.03,8.03,200,0
LTRN.US,5,20211210,163000,7.9294,7.97,7.9294,7.97,200,0
LTRN.US,5,20211210,163500,7.96,7.96,7.96,7.96,200,0
LTRN.US,5,20211210,164000,8,8,7.94,7.94,300,0
LTRN.US,5,20211210,164500,8.005,8.005,8.005,8.005,100,0
LTRN.US,5,20211210,170500,8.028,8.028,8.028,8.028,300,0
LTRN.US,5,20211210,171000,8.015,8.015,8.015,8.015,200,0
LTRN.US,5,20211210,171500,8.0574,8.0574,8.0574,8.0574,112,0
LTRN.US,5,20211210,172000,8,8.04,8,8.04,1900,0
LTRN.US,5,20211210,172500,8.04,8.04,8.04,8.04,495,0
LTRN.US,5,20211210,173500,7.975,7.975,7.975,7.975,200,0
LTRN.US,5,20211210,174000,8.01,8.01,8.01,8.01,100,0
LTRN.US,5,20211210,175000,7.9801,7.9801,7.9801,7.9801,371,0
LTRN.US,5,20211210,175500,7.9986,8.01,7.9986,8.01,382,0
LTRN.US,5,20211210,180500,8.015,8.05,8.015,8.015,700,0
LTRN.US,5,20211210,181000,8.015,8.12,7.98,8.11,5417,0
LTRN.US,5,20211210,181500,8.13,8.13,8.11,8.13,835,0
LTRN.US,5,20211210,182000,8.13,8.13,8.11,8.11,200,0
LTRN.US,5,20211210,182500,8.07,8.105,8.07,8.105,1000,0
LTRN.US,5,20211210,183500,8.07,8.07,8,8,600,0
LTRN.US,5,20211210,184000,8,8,8,8,200,0
LTRN.US,5,20211210,184500,8.0342,8.0342,8.0342,8.0342,118,0
LTRN.US,5,20211210,185000,8,8,8,8,100,0
LTRN.US,5,20211210,185500,8.03,8.03,8.03,8.03,1100,0
LTRN.US,5,20211210,190000,8.03,8.045,8.03,8.0397,1400,0
LTRN.US,5,20211210,190500,8.05,8.05,8.05,8.05,350,0
LTRN.US,5,20211210,191000,8.05,8.05,8.01,8.0238,849,0
LTRN.US,5,20211210,191500,8.01,8.01,8,8,1007,0
LTRN.US,5,20211210,192000,8.005,8.005,8.005,8.005,100,0
LTRN.US,5,20211210,193000,8,8,8,8,700,0
LTRN.US,5,20211210,193500,8,8,8,8,200,0
LTRN.US,5,20211210,194500,7.9334,7.9334,7.9334,7.9334,140,0
LTRN.US,5,20211210,200000,7.9305,7.9305,7.9305,7.9305,150,0
LTRN.US,5,20211210,204500,8,8,8,8,200,0
LTRN.US,5,20211210,205500,7.95,7.96,7.9,7.96,2066,0
LTRN.US,5,20211210,210000,7.965,7.965,7.965,7.965,100,0
LTRN.US,5,20211210,210500,7.965,7.965,7.9564,7.9564,200,0
LTRN.US,5,20211210,211000,8,8,7.96,7.96,600,0
LTRN.US,5,20211210,212000,7.96,7.98,7.9,7.98,945,0
LTRN.US,5,20211210,212500,7.95,7.99,7.95,7.95,1550,0
LTRN.US,5,20211210,213000,7.95,7.97,7.93,7.955,1700,0
LTRN.US,5,20211210,214000,8,8,8,8,100,0
LTRN.US,5,20211210,214500,8,8,8,8,900,0
LTRN.US,5,20211210,215000,8,8,7.955,7.96,2171,0
LTRN.US,5,20211210,215500,7.99,8.07,7.9201,8.07,20891,0
LTRN.US,5,20211213,153000,8.01,8.15,7.95,7.95,1739,0
LTRN.US,5,20211213,153500,8.0756,8.0756,8.0756,8.0756,356,0
LTRN.US,5,20211213,161000,8.0597,8.13,8.0597,8.06,642,0
LTRN.US,5,20211213,162500,8.12,8.1384,8.12,8.1384,300,0
LTRN.US,5,20211213,165500,8.1405,8.1405,7.9107,7.9107,1600,0
LTRN.US,5,20211213,170000,7.956,7.956,7.9301,7.9301,400,0
LTRN.US,5,20211213,172000,8.106,8.106,8.04,8.04,295,0
LTRN.US,5,20211213,173000,7.97,7.97,7.8,7.8,5245,0
LTRN.US,5,20211213,173500,7.955,7.955,7.95,7.95,200,0
LTRN.US,5,20211213,175000,7.895,7.895,7.74,7.74,2811,0
LTRN.US,5,20211213,180000,7.83,7.83,7.83,7.83,100,0
LTRN.US,5,20211213,180500,7.6701,7.6701,7.6701,7.6701,250,0
LTRN.US,5,20211213,182000,7.78,7.78,7.66,7.66,957,0
LTRN.US,5,20211213,182500,7.68,7.8191,7.66,7.8191,1330,0
LTRN.US,5,20211213,183000,7.765,7.84,7.765,7.84,200,0
LTRN.US,5,20211213,183500,7.7192,7.7192,7.7192,7.7192,1000,0
LTRN.US,5,20211213,184000,7.84,7.84,7.84,7.84,100,0
LTRN.US,5,20211213,185000,7.7101,7.7101,7.71,7.71,613,0
LTRN.US,5,20211213,185500,7.72,7.72,7.72,7.72,300,0
LTRN.US,5,20211213,190000,7.775,7.78,7.775,7.775,700,0
LTRN.US,5,20211213,190500,7.7276,7.7276,7.7276,7.7276,129,0
LTRN.US,5,20211213,191500,7.84,7.84,7.84,7.84,100,0
LTRN.US,5,20211213,192500,7.72,7.786,7.72,7.786,974,0
LTRN.US,5,20211213,194000,7.845,7.845,7.845,7.845,100,0
LTRN.US,5,20211213,195500,7.77,7.835,7.73,7.73,1152,0
LTRN.US,5,20211213,200000,7.835,7.835,7.835,7.835,360,0
LTRN.US,5,20211213,201500,7.8422,7.8422,7.8422,7.8422,400,0
LTRN.US,5,20211213,202000,7.815,7.815,7.815,7.815,117,0
LTRN.US,5,20211213,202500,7.74,7.74,7.74,7.74,200,0
LTRN.US,5,20211213,203500,7.775,7.775,7.775,7.775,100,0
LTRN.US,5,20211213,204500,7.775,7.775,7.775,7.775,271,0
LTRN.US,5,20211213,205000,7.72,7.72,7.72,7.72,100,0
LTRN.US,5,20211213,205500,7.72,7.775,7.7,7.74,2310,0
LTRN.US,5,20211213,210000,7.74,7.74,7.74,7.74,100,0
LTRN.US,5,20211213,210500,7.7,7.7,7.65,7.65,1325,0
LTRN.US,5,20211213,211000,7.66,7.74,7.66,7.74,700,0
LTRN.US,5,20211213,211500,7.755,7.755,7.755,7.755,100,0
LTRN.US,5,20211213,212500,7.73,7.785,7.67,7.76,1205,0
LTRN.US,5,20211213,213000,7.695,7.695,7.695,7.695,100,0
LTRN.US,5,20211213,213500,7.71,7.71,7.7,7.7,200,0
LTRN.US,5,20211213,214000,7.71,7.75,7.67,7.67,1769,0
LTRN.US,5,20211213,214500,7.7,7.7,7.6,7.62,3118,0
LTRN.US,5,20211213,215000,7.63,7.8,7.62,7.625,1900,0
LTRN.US,5,20211213,215500,7.68,7.81,7.62,7.63,2935,0
LTRN.US,5,20211214,153000,7.64,7.76,7.63,7.63,2470,0
LTRN.US,5,20211214,153500,7.63,7.7017,7.5,7.69,1968,0
LTRN.US,5,20211214,154000,7.5,7.5,7.45,7.45,464,0
LTRN.US,5,20211214,154500,7.545,7.545,7.4501,7.4501,305,0
LTRN.US,5,20211214,155500,7.4845,7.4845,7.4845,7.4845,700,0
LTRN.US,5,20211214,160000,7.62,7.62,7.46,7.4879,474,0
LTRN.US,5,20211214,160500,7.6121,7.6121,7.6121,7.6121,400,0
LTRN.US,5,20211214,162000,7.4901,7.57,7.4901,7.57,1978,0
LTRN.US,5,20211214,163000,7.64,7.64,7.64,7.64,100,0
LTRN.US,5,20211214,163500,7.58,7.58,7.58,7.58,100,0
LTRN.US,5,20211214,164500,7.61,7.61,7.5807,7.5807,485,0
LTRN.US,5,20211214,165500,7.61,7.61,7.605,7.605,1175,0
LTRN.US,5,20211214,170000,7.605,7.605,7.46,7.5,4833,0
LTRN.US,5,20211214,170500,7.55,7.55,7.55,7.55,100,0
LTRN.US,5,20211214,171000,7.5,7.54,7.46,7.53,3900,0
LTRN.US,5,20211214,171500,7.5,7.54,7.5,7.54,3400,0
LTRN.US,5,20211214,172000,7.5551,7.59,7.5551,7.59,300,0
LTRN.US,5,20211214,172500,7.48,7.48,7.4,7.4,2896,0
LTRN.US,5,20211214,173000,7.42,7.4382,7.34,7.35,2082,0
LTRN.US,5,20211214,173500,7.44,7.455,7.385,7.385,820,0
LTRN.US,5,20211214,174500,7.46,7.46,7.46,7.46,500,0
LTRN.US,5,20211214,175000,7.38,7.38,7.28,7.28,6254,0
LTRN.US,5,20211214,175500,7.288,7.32,7.288,7.32,9002,0
LTRN.US,5,20211214,180000,7.36,7.36,7.34,7.34,1100,0
LTRN.US,5,20211214,180500,7.34,7.35,7.34,7.35,400,0
LTRN.US,5,20211214,181000,7.47,7.47,7.47,7.47,600,0
LTRN.US,5,20211214,181500,7.47,7.47,7.41,7.41,600,0
LTRN.US,5,20211214,182500,7.4204,7.46,7.42,7.46,1050,0
LTRN.US,5,20211214,183000,7.46,7.52,7.46,7.52,200,0
LTRN.US,5,20211214,183500,7.5,7.5,7.5,7.5,400,0
LTRN.US,5,20211214,184000,7.5,7.5,7.3709,7.3709,1020,0
LTRN.US,5,20211214,185500,7.46,7.46,7.46,7.46,300,0
LTRN.US,5,20211214,190500,7.46,7.47,7.46,7.47,400,0
LTRN.US,5,20211214,191000,7.51,7.51,7.51,7.51,200,0
LTRN.US,5,20211214,192000,7.4798,7.495,7.47,7.49,1458,0
LTRN.US,5,20211214,192500,7.49,7.535,7.44,7.45,4034,0
LTRN.US,5,20211214,193500,7.45,7.45,7.45,7.45,200,0
LTRN.US,5,20211214,194000,7.42,7.46,7.42,7.46,200,0
LTRN.US,5,20211214,195000,7.49,7.49,7.48,7.48,1300,0
LTRN.US,5,20211214,195500,7.44,7.44,7.44,7.44,100,0
LTRN.US,5,20211214,200000,7.4117,7.4117,7.4117,7.4117,500,0
LTRN.US,5,20211214,200500,7.46,7.46,7.46,7.46,700,0
LTRN.US,5,20211214,201000,7.4513,7.46,7.45,7.46,1450,0
LTRN.US,5,20211214,201500,7.48,7.48,7.48,7.48,100,0
LTRN.US,5,20211214,202000,7.48,7.48,7.36,7.41,1700,0
LTRN.US,5,20211214,203000,7.43,7.43,7.43,7.43,816,0
LTRN.US,5,20211214,203500,7.47,7.47,7.43,7.43,934,0
LTRN.US,5,20211214,204000,7.4356,7.54,7.4356,7.54,2300,0
LTRN.US,5,20211214,204500,7.5,7.5,7.5,7.5,975,0
LTRN.US,5,20211214,205000,7.4985,7.4985,7.4985,7.4985,269,0
LTRN.US,5,20211214,205500,7.48,7.48,7.48,7.48,881,0
LTRN.US,5,20211214,210500,7.54,7.54,7.54,7.54,100,0
LTRN.US,5,20211214,211000,7.53,7.53,7.51,7.51,600,0
LTRN.US,5,20211214,212000,7.55,7.55,7.515,7.515,616,0
LTRN.US,5,20211214,212500,7.55,7.59,7.54,7.55,6423,0
LTRN.US,5,20211214,213000,7.62,7.62,7.62,7.62,100,0
LTRN.US,5,20211214,213500,7.585,7.585,7.585,7.585,100,0
LTRN.US,5,20211214,214000,7.67,7.67,7.67,7.67,100,0
LTRN.US,5,20211214,215500,7.6,7.65,7.48,7.505,2244,0
LTRN.US,5,20211215,153000,7.51,7.59,7.41,7.59,993,0
LTRN.US,5,20211215,153500,7.41,7.45,7.41,7.42,1612,0
LTRN.US,5,20211215,154000,7.42,7.5869,7.28,7.41,1557,0
LTRN.US,5,20211215,154500,7.4,7.4,7.4,7.4,100,0
LTRN.US,5,20211215,155000,7.2725,7.37,7.2725,7.37,720,0
LTRN.US,5,20211215,155500,7.365,7.365,7.365,7.365,100,0
LTRN.US,5,20211215,161500,7.4,7.4,7.35,7.35,1113,0
LTRN.US,5,20211215,162000,7.39,7.39,7.39,7.39,100,0
LTRN.US,5,20211215,162500,7.4,7.4,7.4,7.4,200,0
LTRN.US,5,20211215,163000,7.46,7.46,7.46,7.46,100,0
LTRN.US,5,20211215,163500,7.4593,7.4593,7.4593,7.4593,140,0
LTRN.US,5,20211215,164500,7.47,7.47,7.47,7.47,100,0
LTRN.US,5,20211215,165000,7.435,7.435,7.28,7.3299,7576,0
LTRN.US,5,20211215,165500,7.3,7.3,7.257,7.257,1600,0
LTRN.US,5,20211215,170000,7.3299,7.33,7.3,7.3,1600,0
LTRN.US,5,20211215,170500,7.29,7.29,7.29,7.29,100,0
LTRN.US,5,20211215,171000,7.32,7.32,7.32,7.32,100,0
LTRN.US,5,20211215,171500,7.32,7.38,7.32,7.38,1700,0
LTRN.US,5,20211215,172000,7.32,7.4,7.32,7.4,300,0
LTRN.US,5,20211215,173000,7.4,7.4,7.4,7.4,100,0
LTRN.US,5,20211215,174000,7.405,7.405,7.32,7.405,4800,0
LTRN.US,5,20211215,174500,7.405,7.44,7.405,7.435,400,0
LTRN.US,5,20211215,175000,7.435,7.435,7.3364,7.3364,1100,0
LTRN.US,5,20211215,180000,7.52,7.52,7.52,7.52,100,0
LTRN.US,5,20211215,181500,7.401,7.52,7.401,7.52,398,0
LTRN.US,5,20211215,183000,7.5199,7.5199,7.5199,7.5199,108,0
LTRN.US,5,20211215,184500,7.43,7.43,7.4,7.4,942,0
LTRN.US,5,20211215,185000,7.345,7.345,7.3129,7.3129,1022,0
LTRN.US,5,20211215,190500,7.3195,7.3195,7.3195,7.3195,575,0
LTRN.US,5,20211215,192000,7.39,7.39,7.39,7.39,100,0
LTRN.US,5,20211215,194000,7.3799,7.3799,7.32,7.338,1600,0
LTRN.US,5,20211215,194500,7.35,7.35,7.3284,7.35,1400,0
LTRN.US,5,20211215,195000,7.35,7.35,7.24,7.24,3812,0
LTRN.US,5,20211215,195500,7.235,7.235,7.2,7.2,342,0
LTRN.US,5,20211215,200000,7.17,7.17,7.17,7.17,926,0
LTRN.US,5,20211215,200500,7.25,7.29,7.23,7.29,800,0
LTRN.US,5,20211215,201000,7.21,7.21,7.21,7.21,100,0
LTRN.US,5,20211215,202000,7.355,7.3846,7.12,7.165,10050,0
LTRN.US,5,20211215,202500,7.17,7.3893,7.09,7.3893,17270,0
LTRN.US,5,20211215,203000,7.34,7.37,7.1101,7.2656,2400,0
LTRN.US,5,20211215,203500,7.15,7.44,7.12,7.44,800,0
LTRN.US,5,20211215,204000,7.43,7.43,7.3,7.3,1100,0
LTRN.US,5,20211215,204500,7.41,7.435,7.41,7.435,200,0
LTRN.US,5,20211215,205000,7.345,7.44,7.25,7.4,3016,0
LTRN.US,5,20211215,205500,7.38,7.42,7.38,7.42,2100,0
LTRN.US,5,20211215,210000,7.42,7.43,7.33,7.43,3400,0
LTRN.US,5,20211215,210500,7.51,7.51,7.51,7.51,381,0
LTRN.US,5,20211215,211500,7.5906,7.5906,7.5906,7.5906,100,0
LTRN.US,5,20211215,212000,7.637,7.637,7.637,7.637,500,0
LTRN.US,5,20211215,212500,7.52,7.59,7.52,7.59,357,0
LTRN.US,5,20211215,213000,7.59,7.59,7.53,7.53,600,0
LTRN.US,5,20211215,213500,7.53,7.6,7.49,7.6,900,0
LTRN.US,5,20211215,214000,7.67,7.67,7.67,7.67,100,0
LTRN.US,5,20211215,214500,7.665,7.665,7.5201,7.5201,650,0
LTRN.US,5,20211215,215000,7.65,7.78,7.65,7.78,4976,0
LTRN.US,5,20211215,215500,7.78,7.79,7.695,7.79,5936,0
LTRN.US,5,20211216,153000,8.1,8.35,7.79,8,1761,0
LTRN.US,5,20211216,153500,7.9999,7.9999,7.91,7.91,412,0
LTRN.US,5,20211216,154000,7.8954,7.8954,7.8954,7.8954,500,0
LTRN.US,5,20211216,154500,7.9,7.9,7.84,7.84,2300,0
LTRN.US,5,20211216,155500,7.9555,7.9555,7.9,7.9,400,0
LTRN.US,5,20211216,160000,7.9429,7.9429,7.9429,7.9429,125,0
LTRN.US,5,20211216,160500,7.9056,7.9056,7.79,7.81,510,0
LTRN.US,5,20211216,161000,7.562,7.562,7.562,7.562,200,0
LTRN.US,5,20211216,162000,7.695,7.695,7.695,7.695,122,0
LTRN.US,5,20211216,162500,7.8099,7.82,7.8099,7.82,1361,0
LTRN.US,5,20211216,163500,7.9498,7.9498,7.9498,7.9498,410,0
LTRN.US,5,20211216,165500,7.915,7.915,7.915,7.915,100,0
LTRN.US,5,20211216,170000,7.915,7.915,7.8566,7.8566,300,0
LTRN.US,5,20211216,172000,7.91,7.91,7.83,7.91,1520,0
LTRN.US,5,20211216,172500,7.8479,7.865,7.8479,7.865,440,0
LTRN.US,5,20211216,173000,7.855,7.855,7.81,7.81,11200,0
LTRN.US,5,20211216,174500,7.813,7.813,7.77,7.77,900,0
LTRN.US,5,20211216,175000,7.81,7.81,7.81,7.81,100,0
LTRN.US,5,20211216,181500,7.81,7.81,7.81,7.81,50000,0
LTRN.US,5,20211216,182000,7.805,7.81,7.63,7.81,22781,0
LTRN.US,5,20211216,183000,7.7801,7.7801,7.7801,7.7801,200,0
LTRN.US,5,20211216,184000,7.7891,7.895,7.78,7.895,1919,0
LTRN.US,5,20211216,184500,7.98,7.98,7.98,7.98,100,0
LTRN.US,5,20211216,185500,7.89,7.895,7.89,7.895,421,0
LTRN.US,5,20211216,190000,7.8,7.802,7.66,7.66,2935,0
LTRN.US,5,20211216,190500,7.74,7.74,7.65,7.65,400,0
LTRN.US,5,20211216,191000,7.665,7.8,7.6,7.8,1340,0
LTRN.US,5,20211216,191500,7.73,7.73,7.73,7.73,100,0
LTRN.US,5,20211216,193500,7.7121,7.745,7.7121,7.745,251,0
LTRN.US,5,20211216,194000,7.83,7.83,7.83,7.83,100,0
LTRN.US,5,20211216,195500,7.865,7.865,7.865,7.865,100,0
LTRN.US,5,20211216,202500,7.7733,7.86,7.7733,7.86,1100,0
LTRN.US,5,20211216,204000,7.8443,7.8443,7.7397,7.7397,900,0
LTRN.US,5,20211216,204500,7.75,7.75,7.47,7.56,5083,0
LTRN.US,5,20211216,210500,7.67,7.67,7.67,7.67,100,0
LTRN.US,5,20211216,211000,7.58,7.58,7.5,7.56,1012,0
LTRN.US,5,20211216,212000,7.53,7.53,7.53,7.53,200,0
LTRN.US,5,20211216,212500,7.56,7.58,7.53,7.55,1256,0
LTRN.US,5,20211216,214500,7.64,7.64,7.64,7.64,1000,0
LTRN.US,5,20211216,215000,7.5438,7.5438,7.5438,7.5438,400,0
LTRN.US,5,20211216,215500,7.79,7.79,7.54,7.74,854,0
LTRN.US,5,20211217,153000,7.54,7.54,7.54,7.54,609,0
LTRN.US,5,20211217,153500,7.58,7.67,7.53,7.53,300,0
LTRN.US,5,20211217,154000,7.4947,7.4947,7.4947,7.4947,375,0
LTRN.US,5,20211217,154500,7.45,7.45,7.45,7.45,100,0
LTRN.US,5,20211217,155500,7.57,7.5872,7.57,7.5872,2703,0
LTRN.US,5,20211217,160000,7.62,7.89,7.56,7.82,5797,0
LTRN.US,5,20211217,160500,7.89,8,7.75,7.76,9829,0
LTRN.US,5,20211217,161000,7.81,7.86,7.7061,7.7061,2982,0
LTRN.US,5,20211217,162000,7.76,7.76,7.76,7.76,100,0
LTRN.US,5,20211217,163000,7.655,7.75,7.655,7.665,1400,0
LTRN.US,5,20211217,163500,7.7,7.81,7.7,7.76,1856,0
LTRN.US,5,20211217,164000,7.76,7.79,7.75,7.79,2805,0
LTRN.US,5,20211217,165000,7.72,7.85,7.72,7.73,771,0
LTRN.US,5,20211217,165500,7.8714,7.8714,7.8714,7.8714,200,0
LTRN.US,5,20211217,170000,7.77,7.942,7.77,7.94,2952,0
LTRN.US,5,20211217,171500,7.919,7.92,7.89,7.89,700,0
LTRN.US,5,20211217,172000,7.86,7.86,7.7101,7.7101,2300,0
LTRN.US,5,20211217,172500,7.755,7.755,7.75,7.75,400,0
LTRN.US,5,20211217,173000,7.8189,7.8189,7.8189,7.8189,1900,0
LTRN.US,5,20211217,174000,7.78,7.79,7.78,7.79,200,0
LTRN.US,5,20211217,174500,7.78,7.78,7.7698,7.7698,220,0
LTRN.US,5,20211217,175000,7.78,7.8,7.78,7.8,800,0
LTRN.US,5,20211217,180000,7.9,7.9,7.9,7.9,328,0
LTRN.US,5,20211217,180500,7.73,7.87,7.73,7.87,1700,0
LTRN.US,5,20211217,181000,7.788,7.788,7.788,7.788,150,0
LTRN.US,5,20211217,182000,7.88,7.88,7.88,7.88,100,0
LTRN.US,5,20211217,182500,7.87,7.9,7.87,7.9,500,0
LTRN.US,5,20211217,183500,7.95,7.95,7.95,7.95,100,0
LTRN.US,5,20211217,184000,7.8536,7.95,7.8536,7.95,240,0
LTRN.US,5,20211217,190500,7.95,7.95,7.94,7.95,500,0
LTRN.US,5,20211217,192000,7.94,7.95,7.94,7.95,400,0
LTRN.US,5,20211217,193000,7.95,7.95,7.95,7.95,100,0
LTRN.US,5,20211217,193500,7.94,7.95,7.94,7.95,500,0
LTRN.US,5,20211217,194500,7.95,7.96,7.948,7.96,935,0
LTRN.US,5,20211217,195000,7.96,7.96,7.96,7.96,935,0
LTRN.US,5,20211217,195500,7.99,7.99,7.99,7.99,100,0
LTRN.US,5,20211217,200000,7.99,7.99,7.99,7.99,200,0
LTRN.US,5,20211217,201000,7.97,7.97,7.97,7.97,100,0
LTRN.US,5,20211217,201500,7.91,7.91,7.86,7.86,6280,0
LTRN.US,5,20211217,202000,7.816,7.855,7.816,7.855,1397,0
LTRN.US,5,20211217,202500,7.855,7.855,7.855,7.855,100,0
LTRN.US,5,20211217,203000,7.855,7.88,7.855,7.88,200,0
LTRN.US,5,20211217,203500,7.88,7.89,7.88,7.89,900,0
LTRN.US,5,20211217,204000,7.9,7.9,7.89,7.89,425,0
LTRN.US,5,20211217,204500,7.93,7.94,7.91,7.94,385,0
LTRN.US,5,20211217,205000,7.94,7.94,7.94,7.94,100,0
LTRN.US,5,20211217,210000,7.92,7.93,7.92,7.93,700,0
LTRN.US,5,20211217,210500,7.92,7.95,7.92,7.94,1100,0
LTRN.US,5,20211217,211000,7.94,7.94,7.91,7.91,3843,0
LTRN.US,5,20211217,211500,7.92,7.92,7.9022,7.9022,1484,0
LTRN.US,5,20211217,212000,7.9,7.95,7.9,7.95,3014,0
LTRN.US,5,20211217,213500,7.91,7.925,7.87,7.885,4368,0
LTRN.US,5,20211217,214000,7.87,7.87,7.71,7.76,2188,0
LTRN.US,5,20211217,214500,7.7001,7.7001,7.7001,7.7001,5500,0
LTRN.US,5,20211217,215000,7.755,7.7731,7.7,7.74,12708,0
LTRN.US,5,20211217,215500,7.745,7.8,7.69,7.76,2915,0
LTRN.US,5,20211220,153000,7.47,7.47,7.3647,7.3647,1825,0
LTRN.US,5,20211220,160500,7.2514,7.32,7.2514,7.32,2700,0
LTRN.US,5,20211220,161000,7.38,7.38,7.38,7.38,100,0
LTRN.US,5,20211220,161500,7.39,7.39,7.37,7.37,400,0
LTRN.US,5,20211220,162000,7.42,7.43,7.42,7.43,300,0
LTRN.US,5,20211220,162500,7.43,7.455,7.43,7.455,300,0
LTRN.US,5,20211220,163000,7.4,7.4,7.4,7.4,100,0
LTRN.US,5,20211220,163500,7.45,7.45,7.39,7.39,649,0
LTRN.US,5,20211220,164000,7.335,7.335,7.3007,7.3007,215,0
LTRN.US,5,20211220,165000,7.27,7.3,7.26,7.26,1070,0
LTRN.US,5,20211220,165500,7.25,7.299,7.25,7.275,1100,0
LTRN.US,5,20211220,170000,7.3,7.3,7.25,7.3,1317,0
LTRN.US,5,20211220,172000,7.33,7.33,7.33,7.33,100,0
LTRN.US,5,20211220,172500,7.26,7.26,7.25,7.25,200,0
LTRN.US,5,20211220,173000,7.25,7.286,7.25,7.27,399,0
LTRN.US,5,20211220,173500,7.3,7.3,7.3,7.3,400,0
LTRN.US,5,20211220,174000,7.25,7.25,7.25,7.25,100,0
LTRN.US,5,20211220,175000,7.3,7.3,7.25,7.3,400,0
LTRN.US,5,20211220,175500,7.2305,7.3099,7.2,7.2003,5713,0
LTRN.US,5,20211220,180000,7.22,7.22,7.1502,7.1502,2458,0
LTRN.US,5,20211220,180500,7.22,7.22,7.22,7.22,300,0
LTRN.US,5,20211220,181000,7.15,7.15,7.15,7.15,219,0
LTRN.US,5,20211220,181500,7.19,7.19,7.09,7.09,4245,0
LTRN.US,5,20211220,182000,7.155,7.155,7.155,7.155,200,0
LTRN.US,5,20211220,183000,7.1,7.1,7.1,7.1,1200,0
LTRN.US,5,20211220,183500,7.19,7.19,7.19,7.19,100,0
LTRN.US,5,20211220,184000,7.1899,7.19,7.1899,7.19,2000,0
LTRN.US,5,20211220,184500,7.145,7.19,7.145,7.155,300,0
LTRN.US,5,20211220,185500,7.3,7.3,7.3,7.3,230,0
LTRN.US,5,20211220,190500,7.215,7.215,7.12,7.1975,3499,0
LTRN.US,5,20211220,191000,7.185,7.25,7.185,7.22,400,0
LTRN.US,5,20211220,191500,7.22,7.3,7.22,7.265,850,0
LTRN.US,5,20211220,192000,7.2767,7.3,7.275,7.28,1868,0
LTRN.US,5,20211220,192500,7.31,7.31,7.31,7.31,100,0
LTRN.US,5,20211220,193000,7.34,7.345,7.34,7.34,1300,0
LTRN.US,5,20211220,193500,7.34,7.35,7.34,7.35,717,0
LTRN.US,5,20211220,194000,7.42,7.42,7.42,7.42,100,0
LTRN.US,5,20211220,195000,7.42,7.42,7.42,7.42,200,0
LTRN.US,5,20211220,200000,7.45,7.45,7.45,7.45,180,0
LTRN.US,5,20211220,200500,7.45,7.45,7.45,7.45,400,0
LTRN.US,5,20211220,201000,7.45,7.45,7.45,7.45,684,0
LTRN.US,5,20211220,201500,7.48,7.48,7.48,7.48,100,0
LTRN.US,5,20211220,203000,7.48,7.48,7.48,7.48,100,0
LTRN.US,5,20211220,204000,7.48,7.48,7.48,7.48,1900,0
LTRN.US,5,20211220,204500,7.49,7.49,7.49,7.49,200,0
LTRN.US,5,20211220,210000,7.5,7.5,7.5,7.5,200,0
LTRN.US,5,20211220,210500,7.4998,7.53,7.4713,7.53,2300,0
LTRN.US,5,20211220,212000,7.53,7.53,7.53,7.53,100,0
LTRN.US,5,20211220,212500,7.5164,7.5164,7.5164,7.5164,250,0
LTRN.US,5,20211220,213000,7.5,7.5,7.47,7.47,710,0
LTRN.US,5,20211220,214000,7.45,7.47,7.45,7.47,500,0
LTRN.US,5,20211220,214500,7.435,7.435,7.4,7.4,600,0
LTRN.US,5,20211220,215500,7.44,7.459,7.34,7.34,1126,0
LTRN.US,5,20211221,153000,7.31,7.315,7.31,7.315,2053,0
LTRN.US,5,20211221,153500,7.34,7.34,7.34,7.34,500,0
LTRN.US,5,20211221,154000,7.46,7.46,7.46,7.46,182,0
LTRN.US,5,20211221,155000,7.345,7.345,7.345,7.345,100,0
LTRN.US,5,20211221,160000,7.38,7.38,7.38,7.38,100,0
LTRN.US,5,20211221,160500,7.3,7.3,7.17,7.21,1647,0
LTRN.US,5,20211221,161500,7.25,7.25,7.25,7.25,180,0
LTRN.US,5,20211221,163000,7.37,7.375,7.25,7.28,800,0
LTRN.US,5,20211221,163500,7.26,7.26,7.26,7.26,100,0
LTRN.US,5,20211221,164000,7.33,7.33,7.33,7.33,100,0
LTRN.US,5,20211221,164500,7.32,7.32,7.32,7.32,100,0
LTRN.US,5,20211221,165000,7.315,7.315,7.315,7.315,100,0
LTRN.US,5,20211221,170000,7.25,7.28,7.23,7.23,1400,0
LTRN.US,5,20211221,170500,7.275,7.275,7.27,7.27,244,0
LTRN.US,5,20211221,171000,7.2103,7.25,7.2103,7.25,450,0
LTRN.US,5,20211221,173000,7.23,7.23,7.15,7.19,2091,0
LTRN.US,5,20211221,173500,7.2225,7.24,7.185,7.185,2208,0
LTRN.US,5,20211221,174500,7.24,7.25,7.24,7.25,300,0
LTRN.US,5,20211221,175000,7.25,7.25,7.25,7.25,200,0
LTRN.US,5,20211221,175500,7.2383,7.2383,7.2383,7.2383,150,0
LTRN.US,5,20211221,180500,7.21,7.21,7.14,7.14,1810,0
LTRN.US,5,20211221,181500,7.135,7.135,7.11,7.11,200,0
LTRN.US,5,20211221,182000,7.11,7.11,7.095,7.11,1650,0
LTRN.US,5,20211221,183000,7.1699,7.17,7.16,7.1699,1100,0
LTRN.US,5,20211221,183500,7.2163,7.2163,7.2,7.2,400,0
LTRN.US,5,20211221,185000,7.21,7.21,7.21,7.21,300,0
LTRN.US,5,20211221,185500,7.24,7.24,7.24,7.24,100,0
LTRN.US,5,20211221,190500,7.2499,7.25,7.215,7.2499,3900,0
LTRN.US,5,20211221,191000,7.26,7.26,7.26,7.26,100,0
LTRN.US,5,20211221,192000,7.3,7.35,7.3,7.3072,300,0
LTRN.US,5,20211221,192500,7.3,7.34,7.2744,7.34,1300,0
LTRN.US,5,20211221,193500,7.35,7.35,7.35,7.35,100,0
LTRN.US,5,20211221,194500,7.35,7.41,7.35,7.365,1400,0
LTRN.US,5,20211221,195500,7.44,7.44,7.3343,7.43,501,0
LTRN.US,5,20211221,200000,7.45,7.45,7.45,7.45,100,0
LTRN.US,5,20211221,200500,7.34,7.42,7.34,7.42,300,0
LTRN.US,5,20211221,201000,7.43,7.48,7.43,7.48,200,0
LTRN.US,5,20211221,201500,7.48,7.5,7.48,7.5,700,0
LTRN.US,5,20211221,202500,7.5,7.5,7.5,7.5,200,0
LTRN.US,5,20211221,203000,7.5,7.53,7.5,7.53,600,0
LTRN.US,5,20211221,203500,7.53,7.53,7.53,7.53,100,0
LTRN.US,5,20211221,204000,7.53,7.53,7.48,7.53,1098,0
LTRN.US,5,20211221,204500,7.54,7.54,7.47,7.47,1635,0
LTRN.US,5,20211221,205000,7.51,7.54,7.47,7.4701,1250,0
LTRN.US,5,20211221,205500,7.465,7.465,7.465,7.465,100,0
LTRN.US,5,20211221,210000,7.47,7.47,7.47,7.47,500,0
LTRN.US,5,20211221,210500,7.455,7.455,7.455,7.455,200,0
LTRN.US,5,20211221,212000,7.47,7.47,7.41,7.41,600,0
LTRN.US,5,20211221,212500,7.41,7.41,7.385,7.385,200,0
LTRN.US,5,20211221,214000,7.385,7.385,7.385,7.385,200,0
LTRN.US,5,20211221,214500,7.48,7.48,7.48,7.48,114,0
LTRN.US,5,20211221,215000,7.45,7.45,7.45,7.45,100,0
LTRN.US,5,20211221,215500,7.47,7.47,7.42,7.47,1360,0
LTRN.US,5,20211222,153000,7.46,7.46,7.42,7.45,1200,0
LTRN.US,5,20211222,153500,7.3788,7.3788,7.3788,7.3788,343,0
LTRN.US,5,20211222,154500,7.36,7.415,7.35,7.415,1500,0
LTRN.US,5,20211222,155000,7.45,7.45,7.45,7.45,100,0
LTRN.US,5,20211222,155500,7.4011,7.4011,7.4011,7.4011,100,0
LTRN.US,5,20211222,160000,7.4,7.4,7.32,7.32,3113,0
LTRN.US,5,20211222,162000,7.325,7.325,7.325,7.325,303,0
LTRN.US,5,20211222,163500,7.37,7.3987,7.24,7.3987,1050,0
LTRN.US,5,20211222,164000,7.38,7.38,7.38,7.38,100,0
LTRN.US,5,20211222,164500,7.31,7.366,7.31,7.31,1100,0
LTRN.US,5,20211222,165000,7.38,7.39,7.38,7.39,397,0
LTRN.US,5,20211222,170000,7.48,7.48,7.455,7.48,400,0
LTRN.US,5,20211222,170500,7.475,7.475,7.42,7.4456,626,0
LTRN.US,5,20211222,173000,7.49,7.49,7.49,7.49,100,0
LTRN.US,5,20211222,174000,7.5,7.52,7.4398,7.515,1772,0
LTRN.US,5,20211222,175000,7.55,7.55,7.515,7.515,200,0
LTRN.US,5,20211222,175500,7.55,7.55,7.55,7.55,400,0
LTRN.US,5,20211222,180000,7.555,7.58,7.555,7.58,300,0
LTRN.US,5,20211222,180500,7.57,7.58,7.56,7.56,400,0
LTRN.US,5,20211222,181000,7.56,7.56,7.54,7.54,200,0
LTRN.US,5,20211222,182000,7.44,7.44,7.44,7.44,103,0
LTRN.US,5,20211222,183000,7.395,7.395,7.395,7.395,100,0
LTRN.US,5,20211222,183500,7.3563,7.375,7.35,7.35,1818,0
LTRN.US,5,20211222,184000,7.35,7.38,7.35,7.38,749,0
LTRN.US,5,20211222,184500,7.46,7.46,7.46,7.46,200,0
LTRN.US,5,20211222,185500,7.47,7.47,7.47,7.47,100,0
LTRN.US,5,20211222,190000,7.47,7.47,7.47,7.47,100,0
LTRN.US,5,20211222,190500,7.41,7.41,7.38,7.39,5207,0
LTRN.US,5,20211222,192000,7.415,7.42,7.415,7.42,500,0
LTRN.US,5,20211222,192500,7.42,7.42,7.42,7.42,200,0
LTRN.US,5,20211222,193000,7.3816,7.3816,7.3816,7.3816,111,0
LTRN.US,5,20211222,193500,7.405,7.405,7.405,7.405,100,0
LTRN.US,5,20211222,195000,7.407,7.407,7.3604,7.3604,500,0
LTRN.US,5,20211222,195500,7.39,7.39,7.3101,7.3101,3082,0
LTRN.US,5,20211222,200000,7.35,7.35,7.35,7.35,100,0
LTRN.US,5,20211222,200500,7.35,7.35,7.3067,7.3067,2700,0
LTRN.US,5,20211222,201000,7.39,7.39,7.39,7.39,100,0
LTRN.US,5,20211222,202000,7.395,7.395,7.35,7.36,3525,0
LTRN.US,5,20211222,202500,7.4,7.42,7.39,7.39,1200,0
LTRN.US,5,20211222,203000,7.39,7.395,7.38,7.39,700,0
LTRN.US,5,20211222,203500,7.39,7.395,7.39,7.39,800,0
LTRN.US,5,20211222,204000,7.39,7.39,7.38,7.38,1000,0
LTRN.US,5,20211222,204500,7.405,7.405,7.39,7.39,800,0
LTRN.US,5,20211222,205000,7.39,7.405,7.39,7.405,900,0
LTRN.US,5,20211222,205500,7.39,7.39,7.39,7.39,700,0
LTRN.US,5,20211222,210000,7.39,7.39,7.39,7.39,800,0
LTRN.US,5,20211222,210500,7.39,7.39,7.39,7.39,700,0
LTRN.US,5,20211222,211000,7.39,7.39,7.35,7.38,2500,0
LTRN.US,5,20211222,211500,7.39,7.39,7.37,7.37,1400,0
LTRN.US,5,20211222,212000,7.37,7.37,7.365,7.37,1214,0
LTRN.US,5,20211222,212500,7.38,7.38,7.34,7.34,300,0
LTRN.US,5,20211222,213000,7.325,7.35,7.325,7.33,799,0
LTRN.US,5,20211222,214000,7.315,7.33,7.315,7.33,1600,0
LTRN.US,5,20211222,214500,7.33,7.33,7.33,7.33,238,0
LTRN.US,5,20211222,215000,7.36,7.36,7.3102,7.3102,343,0
LTRN.US,5,20211222,215500,7.39,7.39,7.35,7.35,1376,0
LTRN.US,5,20211223,153000,7.27,7.4,7.27,7.4,2663,0
LTRN.US,5,20211223,153500,7.2308,7.3,7.2308,7.3,843,0
LTRN.US,5,20211223,154500,7.38,7.38,7.38,7.38,100,0
LTRN.US,5,20211223,155000,7.3,7.38,7.3,7.38,1000,0
LTRN.US,5,20211223,160000,7.368,7.38,7.3618,7.38,3900,0
LTRN.US,5,20211223,160500,7.38,7.38,7.38,7.38,100,0
LTRN.US,5,20211223,161000,7.38,7.38,7.2,7.23,10483,0
LTRN.US,5,20211223,161500,7.225,7.23,7.225,7.23,443,0
LTRN.US,5,20211223,162000,7.23,7.23,7.215,7.23,1800,0
LTRN.US,5,20211223,163000,7.23,7.23,7.23,7.23,100,0
LTRN.US,5,20211223,163500,7.23,7.23,7.23,7.23,1000,0
LTRN.US,5,20211223,164000,7.225,7.23,7.225,7.23,600,0
LTRN.US,5,20211223,164500,7.25,7.25,7.23,7.23,850,0
LTRN.US,5,20211223,165000,7.21,7.265,7.21,7.21,3100,0
LTRN.US,5,20211223,165500,7.25,7.25,7.2,7.225,1100,0
LTRN.US,5,20211223,170000,7.21,7.3,7.21,7.23,4000,0
LTRN.US,5,20211223,170500,7.235,7.245,7.2,7.21,3457,0
LTRN.US,5,20211223,171000,7.255,7.3,7.21,7.21,5057,0
LTRN.US,5,20211223,171500,7.21,7.25,7.2,7.25,600,0
LTRN.US,5,20211223,172000,7.24,7.2723,7.2,7.2723,1900,0
LTRN.US,5,20211223,172500,7.3,7.3,7.2652,7.2751,3889,0
LTRN.US,5,20211223,173000,7.39,7.42,7.38,7.42,1675,0
LTRN.US,5,20211223,173500,7.38,7.39,7.38,7.38,678,0
LTRN.US,5,20211223,174000,7.37,7.39,7.3595,7.39,800,0
LTRN.US,5,20211223,174500,7.38,7.38,7.3,7.3,3536,0
LTRN.US,5,20211223,175000,7.3,7.3,7.271,7.271,1368,0
LTRN.US,5,20211223,175500,7.33,7.4,7.2701,7.38,260600,0
LTRN.US,5,20211223,180500,7.375,7.42,7.31,7.393,5119,0
LTRN.US,5,20211223,181500,7.39,7.42,7.39,7.41,800,0
LTRN.US,5,20211223,182000,7.4,7.46,7.4,7.46,1400,0
LTRN.US,5,20211223,183000,7.52,7.53,7.52,7.53,700,0
LTRN.US,5,20211223,184000,7.58,7.63,7.5726,7.58,1234,0
LTRN.US,5,20211223,184500,7.63,7.63,7.53,7.53,1000,0
LTRN.US,5,20211223,185000,7.62,7.62,7.43,7.43,1822,0
LTRN.US,5,20211223,190000,7.44,7.5,7.44,7.5,600,0
LTRN.US,5,20211223,190500,7.46,7.54,7.46,7.52,2208,0
LTRN.US,5,20211223,191000,7.49,7.57,7.4,7.41,1919,0
LTRN.US,5,20211223,191500,7.41,7.42,7.39,7.4,2800,0
LTRN.US,5,20211223,192000,7.4,7.49,7.37,7.42,1900,0
LTRN.US,5,20211223,192500,7.43,7.475,7.37,7.41,2300,0
LTRN.US,5,20211223,193000,7.41,7.43,7.3,7.3,3000,0
LTRN.US,5,20211223,193500,7.35,7.35,7.31,7.35,2300,0
LTRN.US,5,20211223,195000,7.32,7.35,7.3,7.3,5937,0
LTRN.US,5,20211223,195500,7.3,7.37,7.3,7.37,4128,0
LTRN.US,5,20211223,200000,7.425,7.43,7.31,7.31,1300,0
LTRN.US,5,20211223,200500,7.31,7.43,7.3,7.3,2225,0
LTRN.US,5,20211223,201000,7.3,7.39,7.3,7.31,1700,0
LTRN.US,5,20211223,201500,7.3,7.39,7.3,7.31,1500,0
LTRN.US,5,20211223,202000,7.32,7.37,7.275,7.3,4553,0
LTRN.US,5,20211223,202500,7.3,7.37,7.3,7.37,1000,0
LTRN.US,5,20211223,203000,7.345,7.345,7.345,7.345,100,0
LTRN.US,5,20211223,203500,7.35,7.37,7.35,7.35,1804,0
LTRN.US,5,20211223,204000,7.35,7.4,7.35,7.395,2225,0
LTRN.US,5,20211223,204500,7.3512,7.41,7.35,7.35,400,0
LTRN.US,5,20211223,205000,7.34,7.34,7.29,7.29,5100,0
LTRN.US,5,20211223,205500,7.28,7.3,7.28,7.3,1400,0
LTRN.US,5,20211223,210000,7.2999,7.3,7.25,7.28,11159,0
LTRN.US,5,20211223,210500,7.28,7.2924,7.28,7.285,1100,0
LTRN.US,5,20211223,211000,7.3,7.3,7.3,7.3,267,0
LTRN.US,5,20211223,211500,7.285,7.3,7.27,7.28,2900,0
LTRN.US,5,20211223,213000,7.34,7.35,7.34,7.35,483,0
LTRN.US,5,20211223,214000,7.46,7.46,7.45,7.46,600,0
LTRN.US,5,20211223,214500,7.47,7.5,7.47,7.5,2400,0
LTRN.US,5,20211223,215000,7.48,7.51,7.29,7.29,12165,0
LTRN.US,5,20211223,215500,7.3,7.37,7.26,7.31,13534,0
