<TICKER>,<PER>,<DATE>,<TIME>,<OPEN>,<HIGH>,<LOW>,<CLOSE>,<VOL>,<OPENINT>
MACQ.US,5,20211104,143000,9.92,9.92,9.92,9.92,5298,0
MACQ.US,5,20211104,144000,9.925,9.925,9.925,9.925,100,0
MACQ.US,5,20211104,144500,9.925,9.925,9.925,9.925,300,0
MACQ.US,5,20211104,150000,9.93,9.93,9.93,9.93,10210,0
MACQ.US,5,20211104,152500,9.939,9.939,9.939,9.939,800,0
MACQ.US,5,20211104,153500,9.94,9.94,9.94,9.94,100,0
MACQ.US,5,20211104,160000,9.94,9.94,9.94,9.94,100,0
MACQ.US,5,20211104,172000,9.94,9.94,9.94,9.94,100,0
MACQ.US,5,20211104,191500,9.93,9.93,9.93,9.93,22010,0
MACQ.US,5,20211104,193500,9.93,9.93,9.93,9.93,1470,0
MACQ.US,5,20211104,194000,9.935,9.935,9.935,9.935,100,0
MACQ.US,5,20211104,195500,9.93,9.93,9.93,9.93,100,0
MACQ.US,5,20211104,201500,9.935,9.935,9.935,9.935,100,0
MACQ.US,5,20211104,202500,9.93,9.93,9.93,9.93,100,0
MACQ.US,5,20211104,203000,9.93,9.93,9.93,9.93,1949,0
MACQ.US,5,20211104,203500,9.935,9.935,9.93,9.93,2091,0
MACQ.US,5,20211104,204500,9.93,9.93,9.93,9.93,100,0
MACQ.US,5,20211104,205000,9.93,9.93,9.93,9.93,200,0
MACQ.US,5,20211104,205500,9.93,9.93,9.93,9.93,400,0
MACQ.US,5,20211105,143000,9.93,9.93,9.92,9.92,11414,0
MACQ.US,5,20211105,152000,9.93,9.93,9.93,9.93,10000,0
MACQ.US,5,20211105,153000,9.93,9.93,9.93,9.93,100,0
MACQ.US,5,20211105,161000,9.93,9.93,9.93,9.93,100,0
MACQ.US,5,20211105,171500,9.93,9.93,9.93,9.93,100,0
MACQ.US,5,20211105,174000,9.9244,9.9244,9.9244,9.9244,789,0
MACQ.US,5,20211105,180000,9.925,9.925,9.92,9.92,1000,0
MACQ.US,5,20211105,180500,9.92,9.92,9.92,9.92,100,0
MACQ.US,5,20211105,181500,9.92,9.92,9.92,9.92,526,0
MACQ.US,5,20211105,182500,9.92,9.92,9.92,9.92,526,0
MACQ.US,5,20211105,183000,9.92,9.92,9.92,9.92,526,0
MACQ.US,5,20211105,183500,9.92,9.92,9.92,9.92,527,0
MACQ.US,5,20211105,184000,9.92,9.92,9.92,9.92,526,0
MACQ.US,5,20211105,184500,9.92,9.92,9.92,9.92,527,0
MACQ.US,5,20211105,185000,9.92,9.92,9.92,9.92,527,0
MACQ.US,5,20211105,185500,9.92,9.92,9.92,9.92,527,0
MACQ.US,5,20211105,190500,9.92,9.92,9.92,9.92,526,0
MACQ.US,5,20211105,191000,9.92,9.92,9.92,9.92,527,0
MACQ.US,5,20211105,191500,9.92,9.92,9.92,9.92,526,0
MACQ.US,5,20211105,192000,9.92,9.92,9.92,9.92,527,0
MACQ.US,5,20211105,192500,9.92,9.92,9.92,9.92,526,0
MACQ.US,5,20211105,193000,9.92,9.92,9.92,9.92,527,0
MACQ.US,5,20211105,193500,9.93,9.93,9.92,9.92,726,0
MACQ.US,5,20211105,194000,9.92,9.92,9.92,9.92,527,0
MACQ.US,5,20211105,194500,9.92,9.92,9.92,9.92,527,0
MACQ.US,5,20211105,195500,9.92,9.92,9.92,9.92,526,0
MACQ.US,5,20211105,200000,9.92,9.92,9.92,9.92,527,0
MACQ.US,5,20211105,200500,9.92,9.92,9.92,9.92,525,0
MACQ.US,5,20211105,201000,9.92,9.92,9.92,9.92,527,0
MACQ.US,5,20211105,202000,9.92,9.925,9.92,9.92,5964,0
MACQ.US,5,20211105,202500,9.92,9.92,9.92,9.92,600,0
MACQ.US,5,20211105,204000,9.93,9.93,9.91,9.91,2689,0
MACQ.US,5,20211105,205000,9.93,9.93,9.93,9.93,100,0
MACQ.US,5,20211105,205500,9.91,9.91,9.91,9.91,467,0
MACQ.US,5,20211108,153000,9.98,9.98,9.94,9.94,123596,0
MACQ.US,5,20211108,161000,9.93,9.93,9.93,9.93,100,0
MACQ.US,5,20211108,162500,9.93,9.93,9.93,9.93,1779,0
MACQ.US,5,20211108,163000,9.93,9.93,9.93,9.93,9921,0
MACQ.US,5,20211108,172000,9.9399,9.9399,9.9399,9.9399,101,0
MACQ.US,5,20211108,182500,9.92,9.92,9.91,9.92,419,0
MACQ.US,5,20211108,183500,9.9101,9.94,9.9101,9.94,850,0
MACQ.US,5,20211108,193000,9.9399,9.9399,9.9399,9.9399,1000,0
MACQ.US,5,20211108,203500,9.94,9.94,9.94,9.94,500,0
MACQ.US,5,20211109,153000,9.97,9.97,9.97,9.97,4711,0
MACQ.US,5,20211109,154500,9.94,9.94,9.94,9.94,200,0
MACQ.US,5,20211109,155000,9.92,9.93,9.92,9.92,123140,0
MACQ.US,5,20211109,160000,9.935,9.935,9.935,9.935,200,0
MACQ.US,5,20211109,160500,9.935,9.935,9.935,9.935,200,0
MACQ.US,5,20211109,161000,9.935,9.935,9.935,9.935,100,0
MACQ.US,5,20211109,161500,9.935,9.935,9.935,9.935,100,0
MACQ.US,5,20211109,162000,9.92,9.93,9.92,9.93,700,0
MACQ.US,5,20211109,162500,9.93,9.93,9.93,9.93,100,0
MACQ.US,5,20211109,163000,9.93,9.93,9.93,9.93,100,0
MACQ.US,5,20211109,163500,9.93,9.93,9.93,9.93,100,0
MACQ.US,5,20211109,164500,9.93,9.93,9.93,9.93,200,0
MACQ.US,5,20211109,165500,9.93,9.93,9.93,9.93,100,0
MACQ.US,5,20211109,170500,9.93,9.93,9.93,9.93,1000,0
MACQ.US,5,20211109,171000,9.93,9.93,9.93,9.93,100,0
MACQ.US,5,20211109,172000,9.92,9.92,9.92,9.92,100,0
MACQ.US,5,20211109,173000,9.92,9.92,9.92,9.92,100,0
MACQ.US,5,20211109,175500,9.925,9.925,9.925,9.925,100,0
MACQ.US,5,20211109,181500,9.925,9.925,9.925,9.925,100,0
MACQ.US,5,20211109,183500,9.925,9.925,9.925,9.925,100,0
MACQ.US,5,20211109,185500,9.92,9.92,9.91,9.92,3594,0
MACQ.US,5,20211109,190000,9.92,9.92,9.92,9.92,300,0
MACQ.US,5,20211109,193000,9.92,9.92,9.92,9.92,100,0
MACQ.US,5,20211109,194000,9.93,9.93,9.93,9.93,25000,0
MACQ.US,5,20211109,194500,9.92,9.92,9.92,9.92,100,0
MACQ.US,5,20211109,200000,9.92,9.92,9.92,9.92,100,0
MACQ.US,5,20211109,202000,9.9299,9.9299,9.9299,9.9299,325,0
MACQ.US,5,20211109,203000,9.92,9.92,9.92,9.92,100,0
MACQ.US,5,20211109,205000,9.92,9.92,9.92,9.92,100,0
MACQ.US,5,20211109,210000,9.92,9.92,9.92,9.92,600,0
MACQ.US,5,20211109,211500,9.92,9.92,9.92,9.92,100,0
MACQ.US,5,20211109,213000,9.92,9.92,9.92,9.92,100,0
MACQ.US,5,20211109,213500,9.92,9.92,9.92,9.92,100,0
MACQ.US,5,20211109,215000,9.92,9.92,9.92,9.92,1000,0
MACQ.US,5,20211110,153500,9.92,9.92,9.92,9.92,6300,0
MACQ.US,5,20211110,154000,9.93,9.93,9.93,9.93,200,0
MACQ.US,5,20211110,154500,9.9299,9.9299,9.9299,9.9299,310,0
MACQ.US,5,20211110,155000,9.925,9.925,9.925,9.925,250000,0
MACQ.US,5,20211110,155500,9.92,9.9288,9.92,9.9288,83820,0
MACQ.US,5,20211110,160500,9.92,9.93,9.92,9.93,8006,0
MACQ.US,5,20211110,165000,9.929,9.929,9.929,9.929,800,0
MACQ.US,5,20211110,170000,9.925,9.925,9.92,9.92,14297,0
MACQ.US,5,20211110,172000,9.91,9.93,9.91,9.93,10783,0
MACQ.US,5,20211110,175000,9.925,9.93,9.925,9.93,1099,0
MACQ.US,5,20211110,203500,9.93,9.93,9.9201,9.9201,2200,0
MACQ.US,5,20211110,205500,9.92,9.92,9.92,9.92,400,0
MACQ.US,5,20211110,210000,9.92,9.92,9.92,9.92,700,0
MACQ.US,5,20211110,210500,9.92,9.925,9.92,9.92,934,0
MACQ.US,5,20211110,212000,9.925,9.925,9.925,9.925,300,0
MACQ.US,5,20211110,214500,9.92,9.925,9.92,9.92,2557,0
MACQ.US,5,20211111,154500,9.92,9.92,9.92,9.92,2000,0
MACQ.US,5,20211111,161500,9.92,9.92,9.92,9.92,100,0
MACQ.US,5,20211111,163500,9.92,9.92,9.92,9.92,100,0
MACQ.US,5,20211111,164000,9.92,9.92,9.92,9.92,100,0
MACQ.US,5,20211111,170500,9.92,9.92,9.92,9.92,100,0
MACQ.US,5,20211111,172000,9.92,9.92,9.92,9.92,200,0
MACQ.US,5,20211111,185500,9.93,9.93,9.93,9.93,100,0
MACQ.US,5,20211111,211000,9.93,9.93,9.93,9.93,400,0
MACQ.US,5,20211111,213500,9.929,9.929,9.929,9.929,500,0
MACQ.US,5,20211112,153000,9.94,9.94,9.94,9.94,400,0
MACQ.US,5,20211112,153500,9.94,9.94,9.94,9.94,400,0
MACQ.US,5,20211112,154500,9.941,9.941,9.94,9.94,26080,0
MACQ.US,5,20211112,155000,9.945,9.945,9.945,9.945,100,0
MACQ.US,5,20211112,161500,9.94,9.94,9.94,9.94,100,0
MACQ.US,5,20211112,162500,9.96,9.96,9.9576,9.9576,400,0
MACQ.US,5,20211112,164000,9.94,9.94,9.94,9.94,21085,0
MACQ.US,5,20211112,170000,9.93,9.93,9.93,9.93,398,0
MACQ.US,5,20211112,183500,9.94,9.94,9.94,9.94,10034,0
MACQ.US,5,20211112,184000,9.94,9.94,9.94,9.94,8300,0
MACQ.US,5,20211112,190000,9.94,9.94,9.94,9.94,18744,0
MACQ.US,5,20211112,190500,9.94,9.94,9.94,9.94,100,0
MACQ.US,5,20211112,195500,9.93,9.93,9.93,9.93,518,0
MACQ.US,5,20211112,210500,9.93,9.93,9.93,9.93,4396,0
MACQ.US,5,20211112,212000,9.935,9.935,9.935,9.935,100,0
MACQ.US,5,20211112,214500,9.935,9.935,9.93,9.935,4399,0
MACQ.US,5,20211112,215000,9.94,9.94,9.94,9.94,400,0
MACQ.US,5,20211112,215500,9.93,9.94,9.93,9.94,3615,0
MACQ.US,5,20211115,153500,9.945,9.95,9.945,9.95,761,0
MACQ.US,5,20211115,154000,9.95,9.96,9.95,9.95,40337,0
MACQ.US,5,20211115,161500,9.95,9.95,9.95,9.95,100,0
MACQ.US,5,20211115,162000,9.95,9.95,9.945,9.95,1200,0
MACQ.US,5,20211115,162500,9.95,9.95,9.95,9.95,200,0
MACQ.US,5,20211115,163000,9.943,9.943,9.943,9.943,100,0
MACQ.US,5,20211115,163500,9.95,9.95,9.95,9.95,200,0
MACQ.US,5,20211115,164500,9.95,9.95,9.95,9.95,100,0
MACQ.US,5,20211115,171000,9.9447,9.95,9.9447,9.95,451,0
MACQ.US,5,20211115,171500,9.945,9.945,9.945,9.945,8000,0
MACQ.US,5,20211115,172000,9.95,9.95,9.95,9.95,134,0
MACQ.US,5,20211115,172500,9.95,9.95,9.95,9.95,100,0
MACQ.US,5,20211115,174500,9.945,9.945,9.945,9.945,3600,0
MACQ.US,5,20211115,181000,9.94,9.95,9.94,9.95,14050,0
MACQ.US,5,20211115,183500,9.95,9.95,9.95,9.95,100,0
MACQ.US,5,20211115,185000,9.95,9.95,9.95,9.95,100,0
MACQ.US,5,20211115,190500,9.95,9.95,9.95,9.95,239,0
MACQ.US,5,20211115,191500,9.95,9.95,9.95,9.95,100,0
MACQ.US,5,20211115,195000,9.95,9.95,9.95,9.95,100,0
MACQ.US,5,20211115,203500,9.945,9.945,9.945,9.945,100,0
MACQ.US,5,20211115,210000,9.94,9.95,9.94,9.95,51249,0
MACQ.US,5,20211115,210500,9.95,9.95,9.95,9.95,200,0
MACQ.US,5,20211115,211000,9.95,9.95,9.95,9.95,200,0
MACQ.US,5,20211115,211500,9.95,9.95,9.95,9.95,200,0
MACQ.US,5,20211115,213000,9.95,9.95,9.95,9.95,100,0
MACQ.US,5,20211115,213500,9.945,9.945,9.945,9.945,100,0
MACQ.US,5,20211115,214500,9.945,9.945,9.945,9.945,1001,0
MACQ.US,5,20211115,215000,9.95,9.95,9.95,9.95,700,0
MACQ.US,5,20211115,215500,9.95,9.95,9.95,9.95,4700,0
MACQ.US,5,20211116,153000,9.96,9.96,9.95,9.95,35739,0
MACQ.US,5,20211116,154000,9.96,9.97,9.955,9.96,41566,0
MACQ.US,5,20211116,154500,9.96,9.97,9.96,9.97,39118,0
MACQ.US,5,20211116,155000,9.97,9.97,9.96,9.96,3932,0
MACQ.US,5,20211116,162000,9.95,9.95,9.95,9.95,400,0
MACQ.US,5,20211116,162500,9.95,9.95,9.95,9.95,200,0
MACQ.US,5,20211116,164000,9.955,9.955,9.955,9.955,1000,0
MACQ.US,5,20211116,193000,9.95,9.95,9.95,9.95,1300,0
MACQ.US,5,20211116,194000,9.9506,9.9506,9.9506,9.9506,100,0
MACQ.US,5,20211116,201000,9.9511,9.9511,9.9511,9.9511,100,0
MACQ.US,5,20211116,201500,9.959,9.959,9.959,9.959,300,0
MACQ.US,5,20211116,203000,9.96,9.96,9.96,9.96,300,0
MACQ.US,5,20211116,203500,9.955,9.96,9.955,9.955,400,0
MACQ.US,5,20211116,204000,9.955,9.955,9.955,9.955,300,0
MACQ.US,5,20211116,204500,9.955,9.955,9.955,9.955,100,0
MACQ.US,5,20211116,210000,9.955,9.955,9.955,9.955,100,0
MACQ.US,5,20211116,215000,9.955,9.955,9.955,9.955,300,0
MACQ.US,5,20211116,215500,9.96,9.96,9.96,9.96,132,0
MACQ.US,5,20211117,153000,9.95,9.97,9.95,9.95,13233,0
MACQ.US,5,20211117,153500,9.96,9.97,9.9533,9.9533,1704,0
MACQ.US,5,20211117,160000,9.97,9.97,9.96,9.97,29279,0
MACQ.US,5,20211117,161500,9.97,9.97,9.97,9.97,11252,0
MACQ.US,5,20211117,162000,9.975,9.975,9.975,9.975,100,0
MACQ.US,5,20211117,163500,9.97,9.97,9.97,9.97,765,0
MACQ.US,5,20211117,181500,9.95,9.95,9.95,9.95,200,0
MACQ.US,5,20211117,182000,9.95,9.95,9.95,9.95,1100,0
MACQ.US,5,20211117,182500,9.95,9.95,9.95,9.95,1000,0
MACQ.US,5,20211117,183000,9.95,9.955,9.95,9.955,3800,0
MACQ.US,5,20211117,183500,9.95,9.96,9.95,9.95,1347,0
MACQ.US,5,20211117,184000,9.95,9.95,9.95,9.95,1000,0
MACQ.US,5,20211117,184500,9.95,9.955,9.95,9.95,900,0
MACQ.US,5,20211117,185000,9.95,9.95,9.95,9.95,1100,0
MACQ.US,5,20211117,185500,9.95,9.955,9.95,9.95,1000,0
MACQ.US,5,20211117,190000,9.95,9.95,9.95,9.95,800,0
MACQ.US,5,20211117,190500,9.95,9.95,9.95,9.95,1100,0
MACQ.US,5,20211117,191000,9.95,9.955,9.95,9.95,900,0
MACQ.US,5,20211117,191500,9.95,9.95,9.95,9.95,900,0
MACQ.US,5,20211117,192000,9.95,9.95,9.95,9.95,900,0
MACQ.US,5,20211117,192500,9.95,9.955,9.95,9.95,900,0
MACQ.US,5,20211117,193000,9.95,9.95,9.95,9.95,1000,0
MACQ.US,5,20211117,193500,9.95,9.95,9.95,9.95,1100,0
MACQ.US,5,20211117,194000,9.95,9.955,9.95,9.95,1100,0
MACQ.US,5,20211117,194500,9.95,9.95,9.95,9.95,1000,0
MACQ.US,5,20211117,195000,9.95,9.955,9.95,9.95,1100,0
MACQ.US,5,20211117,195500,9.95,9.96,9.95,9.95,1334,0
MACQ.US,5,20211117,200000,9.95,9.95,9.95,9.95,900,0
MACQ.US,5,20211117,200500,9.95,9.95,9.95,9.95,1100,0
MACQ.US,5,20211117,201000,9.95,9.95,9.95,9.95,1000,0
MACQ.US,5,20211117,201500,9.95,9.955,9.95,9.95,1100,0
MACQ.US,5,20211117,202000,9.95,9.95,9.95,9.95,1000,0
MACQ.US,5,20211117,202500,9.95,9.95,9.95,9.95,1100,0
MACQ.US,5,20211117,203000,9.95,9.95,9.95,9.95,1100,0
MACQ.US,5,20211117,203500,9.95,9.95,9.95,9.95,1000,0
MACQ.US,5,20211117,204000,9.95,9.95,9.95,9.95,1200,0
MACQ.US,5,20211117,204500,9.95,9.95,9.95,9.95,1100,0
MACQ.US,5,20211117,205000,9.95,9.95,9.95,9.95,1200,0
MACQ.US,5,20211117,205500,9.95,9.95,9.95,9.95,1200,0
MACQ.US,5,20211117,210000,9.95,9.95,9.95,9.95,1700,0
MACQ.US,5,20211117,210500,9.95,9.95,9.95,9.95,1300,0
MACQ.US,5,20211117,211000,9.95,9.955,9.95,9.95,1569,0
MACQ.US,5,20211117,211500,9.95,9.955,9.95,9.95,1264,0
MACQ.US,5,20211117,212000,9.95,9.95,9.95,9.95,1600,0
MACQ.US,5,20211117,212500,9.955,9.96,9.95,9.95,1567,0
MACQ.US,5,20211117,213000,9.95,9.955,9.95,9.95,1567,0
MACQ.US,5,20211117,213500,9.95,9.955,9.95,9.95,1800,0
MACQ.US,5,20211117,214000,9.95,9.96,9.95,9.95,1967,0
MACQ.US,5,20211117,214500,9.95,9.955,9.95,9.95,2867,0
MACQ.US,5,20211117,215000,9.95,9.955,9.95,9.955,5299,0
MACQ.US,5,20211117,215500,9.96,9.96,9.95,9.96,23271,0
MACQ.US,5,20211118,154500,9.97,9.97,9.96,9.96,8108,0
MACQ.US,5,20211118,155000,9.96,9.96,9.96,9.96,100,0
MACQ.US,5,20211118,155500,9.96,9.96,9.96,9.96,400,0
MACQ.US,5,20211118,160500,9.96,9.96,9.96,9.96,100,0
MACQ.US,5,20211118,162500,9.96,9.96,9.96,9.96,100,0
MACQ.US,5,20211118,163500,9.96,9.9602,9.96,9.9602,200,0
MACQ.US,5,20211118,164500,9.96,9.96,9.96,9.96,100,0
MACQ.US,5,20211118,170500,9.9687,9.9687,9.9687,9.9687,200,0
MACQ.US,5,20211118,171000,9.9699,9.9699,9.9691,9.9699,2495,0
MACQ.US,5,20211118,172500,9.9699,9.97,9.9699,9.97,1500,0
MACQ.US,5,20211118,174000,9.96,9.96,9.96,9.96,100,0
MACQ.US,5,20211118,175500,9.96,9.96,9.96,9.96,100,0
MACQ.US,5,20211118,181500,9.96,9.96,9.96,9.96,100,0
MACQ.US,5,20211118,184500,9.96,9.96,9.96,9.96,100,0
MACQ.US,5,20211118,192500,9.965,9.965,9.965,9.965,100,0
MACQ.US,5,20211118,202500,9.9603,9.9603,9.9603,9.9603,100,0
MACQ.US,5,20211118,204500,9.96,9.9602,9.96,9.96,1332,0
MACQ.US,5,20211118,210000,9.96,9.96,9.96,9.96,100,0
MACQ.US,5,20211118,211500,9.96,9.96,9.96,9.96,12822,0
MACQ.US,5,20211118,212000,9.96,9.96,9.96,9.96,100,0
MACQ.US,5,20211118,212500,9.96,9.96,9.96,9.96,802,0
MACQ.US,5,20211118,213000,9.96,9.96,9.96,9.96,400,0
MACQ.US,5,20211118,213500,9.9632,9.9632,9.96,9.96,514,0
MACQ.US,5,20211118,214000,9.96,9.9601,9.96,9.96,614,0
MACQ.US,5,20211118,214500,9.96,9.96,9.96,9.96,200,0
MACQ.US,5,20211118,215500,9.97,9.97,9.963,9.965,1100,0
MACQ.US,5,20211119,153000,9.98,9.98,9.965,9.97,1820,0
MACQ.US,5,20211119,153500,9.96,9.96,9.96,9.96,100,0
MACQ.US,5,20211119,154000,9.96,9.96,9.96,9.96,100,0
MACQ.US,5,20211119,160000,9.9502,9.9502,9.9502,9.9502,1000,0
MACQ.US,5,20211119,164000,9.96,9.96,9.95,9.95,4993,0
MACQ.US,5,20211119,165000,9.95,9.95,9.95,9.95,100,0
MACQ.US,5,20211119,165500,9.96,9.96,9.95,9.95,200,0
MACQ.US,5,20211119,170500,9.95,9.95,9.95,9.95,100,0
MACQ.US,5,20211119,172500,9.95,9.95,9.95,9.95,100,0
MACQ.US,5,20211119,173500,9.95,9.95,9.95,9.95,100,0
MACQ.US,5,20211119,180500,9.959,9.959,9.959,9.959,200,0
MACQ.US,5,20211119,181500,9.9586,9.96,9.9586,9.96,2000,0
MACQ.US,5,20211119,203500,9.95,9.95,9.95,9.95,200,0
MACQ.US,5,20211119,204000,9.95,9.95,9.95,9.95,200,0
MACQ.US,5,20211119,204500,9.955,9.96,9.95,9.95,400,0
MACQ.US,5,20211119,205000,9.95,9.95,9.95,9.95,300,0
MACQ.US,5,20211119,205500,9.955,9.955,9.95,9.95,300,0
MACQ.US,5,20211119,210000,9.95,9.95,9.95,9.95,300,0
MACQ.US,5,20211119,210500,9.95,9.955,9.95,9.95,400,0
MACQ.US,5,20211119,211000,9.95,9.95,9.95,9.95,400,0
MACQ.US,5,20211119,211500,9.95,9.95,9.95,9.95,300,0
MACQ.US,5,20211119,212000,9.95,9.955,9.95,9.95,500,0
MACQ.US,5,20211119,212500,9.95,9.95,9.95,9.95,100,0
MACQ.US,5,20211119,213000,9.9502,9.9502,9.95,9.95,900,0
MACQ.US,5,20211119,213500,9.95,9.955,9.95,9.955,402,0
MACQ.US,5,20211119,214000,9.95,9.95,9.95,9.95,200,0
MACQ.US,5,20211119,214500,9.95,9.95,9.95,9.95,100,0
MACQ.US,5,20211119,215000,9.955,9.955,9.955,9.955,200,0
MACQ.US,5,20211119,215500,9.955,9.96,9.95,9.95,6447,0
MACQ.US,5,20211122,154000,9.97,9.98,9.97,9.98,6199,0
MACQ.US,5,20211122,154500,9.95,9.95,9.95,9.95,100,0
MACQ.US,5,20211122,155000,9.965,9.965,9.95,9.95,350,0
MACQ.US,5,20211122,155500,9.95,9.95,9.95,9.95,100,0
MACQ.US,5,20211122,160000,9.955,9.955,9.955,9.955,300,0
MACQ.US,5,20211122,160500,9.95,9.95,9.95,9.95,100,0
MACQ.US,5,20211122,161000,9.955,9.955,9.955,9.955,600,0
MACQ.US,5,20211122,161500,9.96,9.97,9.96,9.97,2527,0
MACQ.US,5,20211122,163500,9.9711,9.9711,9.9711,9.9711,100,0
MACQ.US,5,20211122,164500,9.97,9.97,9.97,9.97,100,0
MACQ.US,5,20211122,165500,9.97,9.97,9.97,9.97,100,0
MACQ.US,5,20211122,170000,9.97,9.97,9.97,9.97,100,0
MACQ.US,5,20211122,171000,9.97,9.97,9.97,9.97,1000,0
MACQ.US,5,20211122,173500,9.97,9.97,9.97,9.97,100,0
MACQ.US,5,20211122,174000,9.9799,9.9799,9.9799,9.9799,400,0
MACQ.US,5,20211122,175500,9.97,9.97,9.97,9.97,2754,0
MACQ.US,5,20211122,181000,9.97,9.97,9.97,9.97,100,0
MACQ.US,5,20211122,182500,9.97,9.97,9.97,9.97,100,0
MACQ.US,5,20211122,183500,9.97,9.97,9.97,9.97,100,0
MACQ.US,5,20211122,184000,9.97,9.97,9.97,9.97,100,0
MACQ.US,5,20211122,184500,9.978,9.978,9.978,9.978,500,0
MACQ.US,5,20211122,202500,9.963,9.963,9.963,9.963,357,0
MACQ.US,5,20211122,203000,9.965,9.965,9.965,9.965,700,0
MACQ.US,5,20211122,210500,9.96,9.96,9.96,9.96,100,0
MACQ.US,5,20211122,211000,9.9699,9.9699,9.9699,9.9699,300,0
MACQ.US,5,20211122,213000,9.95,9.95,9.95,9.95,100,0
MACQ.US,5,20211122,214000,9.955,9.955,9.955,9.955,100,0
MACQ.US,5,20211122,214500,9.95,9.96,9.95,9.96,1400,0
MACQ.US,5,20211123,153000,9.96,9.9699,9.96,9.9699,649,0
MACQ.US,5,20211123,161000,9.97,9.975,9.96,9.975,6926,0
MACQ.US,5,20211123,161500,9.97,9.97,9.97,9.97,1444,0
MACQ.US,5,20211123,162000,9.96,9.96,9.96,9.96,100,0
MACQ.US,5,20211123,171000,9.96,9.96,9.96,9.96,100,0
MACQ.US,5,20211123,180000,9.9776,9.9776,9.9776,9.9776,100,0
MACQ.US,5,20211123,181000,9.9703,9.9703,9.9703,9.9703,425,0
MACQ.US,5,20211123,201500,9.965,9.965,9.9575,9.9575,142356,0
MACQ.US,5,20211123,202000,9.955,9.96,9.955,9.955,2300,0
MACQ.US,5,20211123,204000,9.95,9.95,9.95,9.95,959,0
MACQ.US,5,20211123,204500,9.95,9.955,9.95,9.955,203170,0
MACQ.US,5,20211123,205000,9.95,9.95,9.95,9.95,12595,0
MACQ.US,5,20211123,205500,9.95,9.95,9.95,9.95,305,0
MACQ.US,5,20211123,213000,9.95,9.95,9.95,9.95,600,0
MACQ.US,5,20211123,214500,9.95,9.95,9.95,9.95,100,0
MACQ.US,5,20211123,215000,9.95,9.95,9.95,9.95,100,0
MACQ.US,5,20211123,215500,9.95,9.95,9.95,9.95,400,0
MACQ.US,5,20211124,153000,9.96,9.96,9.96,9.96,102,0
MACQ.US,5,20211124,153500,9.9532,9.9532,9.9512,9.9512,200,0
MACQ.US,5,20211124,155000,9.95,9.95,9.95,9.95,10022,0
MACQ.US,5,20211124,161000,9.94,9.94,9.94,9.94,100,0
MACQ.US,5,20211124,163000,9.95,9.95,9.945,9.95,3500,0
MACQ.US,5,20211124,163500,9.9497,9.95,9.945,9.945,16153,0
MACQ.US,5,20211124,164000,9.94,9.95,9.94,9.945,11404,0
MACQ.US,5,20211124,164500,9.94,9.94,9.935,9.94,68474,0
MACQ.US,5,20211124,165000,9.935,9.94,9.93,9.935,6539,0
MACQ.US,5,20211124,170000,9.93,9.93,9.93,9.93,500,0
MACQ.US,5,20211124,170500,9.93,9.935,9.93,9.935,1741,0
MACQ.US,5,20211124,174500,9.9399,9.9399,9.9399,9.9399,400,0
MACQ.US,5,20211124,194500,9.93,9.935,9.93,9.93,15132,0
MACQ.US,5,20211124,200000,9.935,9.935,9.935,9.935,500,0
MACQ.US,5,20211124,200500,9.93,9.9301,9.93,9.9301,10674,0
MACQ.US,5,20211124,213000,9.93,9.94,9.93,9.93,10700,0
MACQ.US,5,20211124,214000,9.9399,9.9399,9.9399,9.9399,200,0
MACQ.US,5,20211124,214500,9.94,9.94,9.94,9.94,1535,0
MACQ.US,5,20211124,215000,9.95,9.95,9.95,9.95,100,0
MACQ.US,5,20211124,215500,9.95,9.96,9.93,9.95,156541,0
MACQ.US,5,20211126,153000,9.94,9.94,9.94,9.94,302,0
MACQ.US,5,20211126,153500,9.9599,9.96,9.9599,9.96,8641,0
MACQ.US,5,20211126,155000,9.95,9.95,9.95,9.95,2100,0
MACQ.US,5,20211126,160000,9.95,9.95,9.95,9.95,40180,0
MACQ.US,5,20211126,160500,9.96,9.96,9.96,9.96,2140,0
MACQ.US,5,20211126,161000,9.955,9.96,9.95,9.96,65428,0
MACQ.US,5,20211126,161500,9.95,9.95,9.95,9.95,19450,0
MACQ.US,5,20211126,162500,9.94,9.94,9.94,9.94,400,0
MACQ.US,5,20211126,163000,9.945,9.95,9.945,9.95,632,0
MACQ.US,5,20211126,170000,9.95,9.95,9.95,9.95,100,0
MACQ.US,5,20211126,171500,9.95,9.95,9.95,9.95,100,0
MACQ.US,5,20211126,172000,9.95,9.95,9.95,9.95,100,0
MACQ.US,5,20211126,181000,9.95,9.95,9.95,9.95,1000,0
MACQ.US,5,20211126,182000,9.95,9.95,9.95,9.95,100,0
MACQ.US,5,20211126,184500,9.94,9.94,9.94,9.94,700,0
MACQ.US,5,20211126,185000,9.9492,9.9492,9.9492,9.9492,700,0
MACQ.US,5,20211126,185500,9.95,9.95,9.94,9.9402,2300,0
MACQ.US,5,20211129,153000,9.97,9.97,9.96,9.965,1311,0
MACQ.US,5,20211129,155500,9.97,9.97,9.97,9.97,100,0
MACQ.US,5,20211129,162500,9.965,9.965,9.96,9.965,48656,0
MACQ.US,5,20211129,163000,9.97,9.97,9.97,9.97,300,0
MACQ.US,5,20211129,163500,9.965,9.965,9.965,9.965,100,0
MACQ.US,5,20211129,164500,9.9687,9.9687,9.9687,9.9687,400,0
MACQ.US,5,20211129,170500,9.9616,9.9616,9.9616,9.9616,2349,0
MACQ.US,5,20211129,171500,9.9699,9.97,9.9699,9.97,450,0
MACQ.US,5,20211129,174000,9.965,9.965,9.965,9.965,300,0
MACQ.US,5,20211129,195500,9.96,9.965,9.96,9.965,25716,0
MACQ.US,5,20211129,215500,9.96,9.97,9.96,9.97,1135,0
MACQ.US,5,20211130,153000,9.95,9.9516,9.95,9.9516,429,0
MACQ.US,5,20211130,153500,9.955,9.955,9.955,9.955,100,0
MACQ.US,5,20211130,154000,9.95,9.95,9.95,9.95,100,0
MACQ.US,5,20211130,154500,9.955,9.955,9.955,9.955,100,0
MACQ.US,5,20211130,155500,9.955,9.955,9.955,9.955,100,0
MACQ.US,5,20211130,173500,9.95,9.95,9.95,9.95,3528,0
MACQ.US,5,20211130,174000,9.95,9.95,9.945,9.95,10498,0
MACQ.US,5,20211130,174500,9.955,9.955,9.955,9.955,200,0
MACQ.US,5,20211130,175000,9.96,9.96,9.9588,9.96,800,0
MACQ.US,5,20211130,175500,9.9546,9.9546,9.9546,9.9546,250,0
MACQ.US,5,20211130,180000,9.96,9.96,9.96,9.96,100,0
MACQ.US,5,20211130,181000,9.96,9.96,9.96,9.96,100,0
MACQ.US,5,20211130,181500,9.955,9.955,9.955,9.955,200,0
MACQ.US,5,20211130,182500,9.955,9.955,9.955,9.955,100,0
MACQ.US,5,20211130,183000,9.955,9.955,9.955,9.955,100,0
MACQ.US,5,20211130,183500,9.955,9.955,9.955,9.955,100,0
MACQ.US,5,20211130,184000,9.955,9.955,9.955,9.955,100,0
MACQ.US,5,20211130,184500,9.95,9.95,9.95,9.95,100,0
MACQ.US,5,20211130,185000,9.95,9.95,9.95,9.95,198,0
MACQ.US,5,20211130,191000,9.955,9.955,9.955,9.955,100,0
MACQ.US,5,20211130,192000,9.95,9.955,9.95,9.955,14500,0
MACQ.US,5,20211130,192500,9.955,9.955,9.955,9.955,400,0
MACQ.US,5,20211130,194500,9.96,9.96,9.96,9.96,100,0
MACQ.US,5,20211130,200500,9.951,9.951,9.95,9.95,1198,0
MACQ.US,5,20211130,202000,9.955,9.955,9.955,9.955,100,0
MACQ.US,5,20211130,204000,9.955,9.955,9.955,9.955,42380,0
MACQ.US,5,20211130,204500,9.96,9.96,9.955,9.96,600,0
MACQ.US,5,20211130,205000,9.96,9.96,9.96,9.96,300,0
MACQ.US,5,20211130,205500,9.96,9.96,9.96,9.96,500,0
MACQ.US,5,20211130,210000,9.96,9.96,9.955,9.96,600,0
MACQ.US,5,20211130,210500,9.96,9.96,9.96,9.96,600,0
MACQ.US,5,20211130,211000,9.96,9.96,9.96,9.96,500,0
MACQ.US,5,20211130,211500,9.96,9.96,9.96,9.96,600,0
MACQ.US,5,20211130,212000,9.96,9.96,9.96,9.96,500,0
MACQ.US,5,20211130,212500,9.96,9.96,9.96,9.96,500,0
MACQ.US,5,20211130,213000,9.96,9.96,9.96,9.96,700,0
MACQ.US,5,20211130,213500,9.96,9.96,9.96,9.96,500,0
MACQ.US,5,20211130,214000,9.96,9.96,9.96,9.96,700,0
MACQ.US,5,20211130,214500,9.96,9.96,9.96,9.96,1800,0
MACQ.US,5,20211130,215000,9.96,9.96,9.955,9.96,2000,0
MACQ.US,5,20211130,215500,9.96,9.96,9.96,9.96,1940,0
MACQ.US,5,20211201,153000,9.94,9.94,9.94,9.94,131,0
MACQ.US,5,20211201,153500,9.95,9.96,9.95,9.96,295,0
MACQ.US,5,20211201,154000,9.96,9.96,9.96,9.96,100,0
MACQ.US,5,20211201,154500,9.9511,9.9511,9.9511,9.9511,100,0
MACQ.US,5,20211201,160000,9.955,9.955,9.955,9.955,112,0
MACQ.US,5,20211201,183500,9.955,9.955,9.955,9.955,816,0
MACQ.US,5,20211201,202000,9.94,9.941,9.94,9.941,693,0
MACQ.US,5,20211201,202500,9.945,9.945,9.94,9.9415,1800,0
MACQ.US,5,20211201,214000,9.945,9.95,9.94,9.94,21649,0
MACQ.US,5,20211201,215000,9.94,9.94,9.93,9.9397,30432,0
MACQ.US,5,20211201,215500,9.9311,9.94,9.93,9.94,28261,0
MACQ.US,5,20211202,153000,9.93,9.93,9.93,9.93,603,0
MACQ.US,5,20211202,153500,9.934,9.938,9.934,9.938,1000,0
MACQ.US,5,20211202,154500,9.9402,9.9402,9.9402,9.9402,200,0
MACQ.US,5,20211202,155500,9.94,9.94,9.94,9.94,200,0
MACQ.US,5,20211202,161000,9.94,9.94,9.94,9.94,100,0
MACQ.US,5,20211202,170000,9.94,9.94,9.94,9.94,100,0
MACQ.US,5,20211202,173000,9.93,9.95,9.92,9.95,38577,0
MACQ.US,5,20211202,182000,9.94,9.94,9.94,9.94,800,0
MACQ.US,5,20211202,192000,9.935,9.95,9.93,9.935,47762,0
MACQ.US,5,20211202,192500,9.932,9.935,9.93,9.935,600,0
MACQ.US,5,20211202,193000,9.93,9.935,9.93,9.935,1000,0
MACQ.US,5,20211202,193500,9.935,9.94,9.93,9.94,21895,0
MACQ.US,5,20211202,194000,9.937,9.94,9.93,9.93,700,0
MACQ.US,5,20211202,194500,9.94,9.94,9.93,9.94,500,0
MACQ.US,5,20211202,195000,9.93,9.94,9.93,9.935,700,0
MACQ.US,5,20211202,195500,9.935,9.95,9.93,9.95,22713,0
MACQ.US,5,20211202,200000,9.944,9.944,9.944,9.944,225,0
MACQ.US,5,20211202,200500,9.94,9.94,9.94,9.94,400,0
MACQ.US,5,20211202,201500,9.93,9.95,9.93,9.935,42996,0
MACQ.US,5,20211202,202000,9.935,9.935,9.935,9.935,500,0
MACQ.US,5,20211202,202500,9.935,9.935,9.935,9.935,500,0
MACQ.US,5,20211202,203500,9.935,9.935,9.935,9.935,100,0
MACQ.US,5,20211202,210000,9.935,9.935,9.935,9.935,100,0
MACQ.US,5,20211202,212000,9.93,9.935,9.93,9.935,1100,0
MACQ.US,5,20211202,212500,9.93,9.935,9.93,9.935,5950,0
MACQ.US,5,20211202,215000,9.935,9.94,9.935,9.935,8697,0
MACQ.US,5,20211202,215500,9.94,9.94,9.93,9.93,6316,0
MACQ.US,5,20211203,153000,9.96,9.96,9.96,9.96,162,0
MACQ.US,5,20211203,153500,9.932,9.932,9.932,9.932,602,0
MACQ.US,5,20211203,154000,9.95,9.95,9.95,9.95,4900,0
MACQ.US,5,20211203,154500,9.95,9.95,9.94,9.95,827,0
MACQ.US,5,20211203,155000,9.95,9.95,9.945,9.945,600,0
MACQ.US,5,20211203,160000,9.95,9.95,9.945,9.945,1900,0
MACQ.US,5,20211203,161000,9.95,9.95,9.945,9.945,470,0
MACQ.US,5,20211203,163500,9.945,9.945,9.945,9.945,200,0
MACQ.US,5,20211203,164000,9.95,9.95,9.945,9.945,400,0
MACQ.US,5,20211203,165000,9.95,9.95,9.95,9.95,900,0
MACQ.US,5,20211203,165500,9.945,9.95,9.945,9.95,29900,0
MACQ.US,5,20211203,170000,9.95,9.95,9.95,9.95,53990,0
MACQ.US,5,20211203,170500,9.95,9.95,9.95,9.95,2500,0
MACQ.US,5,20211203,171000,9.95,9.95,9.95,9.95,2800,0
MACQ.US,5,20211203,171500,9.95,9.95,9.95,9.95,500,0
MACQ.US,5,20211203,172000,9.95,9.95,9.95,9.95,2000,0
MACQ.US,5,20211203,172500,9.95,9.95,9.95,9.95,1900,0
MACQ.US,5,20211203,173000,9.95,9.95,9.95,9.95,1900,0
MACQ.US,5,20211203,173500,9.95,9.95,9.95,9.95,2796,0
MACQ.US,5,20211203,174000,9.95,9.95,9.95,9.95,300,0
MACQ.US,5,20211203,174500,9.96,9.96,9.96,9.96,2500,0
MACQ.US,5,20211203,175000,9.96,9.96,9.96,9.96,300,0
MACQ.US,5,20211203,175500,9.96,9.96,9.96,9.96,3600,0
MACQ.US,5,20211203,180000,9.95,9.95,9.95,9.95,7431,0
MACQ.US,5,20211203,180500,9.95,9.95,9.95,9.95,1300,0
MACQ.US,5,20211203,181000,9.95,9.96,9.95,9.95,49637,0
MACQ.US,5,20211203,181500,9.95,9.95,9.95,9.95,2200,0
MACQ.US,5,20211203,182000,9.96,9.96,9.96,9.96,2100,0
MACQ.US,5,20211203,182500,9.96,9.96,9.95,9.95,42400,0
MACQ.US,5,20211203,183000,9.95,9.95,9.95,9.95,2200,0
MACQ.US,5,20211203,183500,9.95,9.95,9.95,9.95,800,0
MACQ.US,5,20211203,184000,9.95,9.95,9.95,9.95,100,0
MACQ.US,5,20211203,185000,9.9401,9.9401,9.9401,9.9401,500,0
MACQ.US,5,20211203,191000,9.95,9.955,9.95,9.95,8600,0
MACQ.US,5,20211203,191500,9.96,9.96,9.96,9.96,600,0
MACQ.US,5,20211203,192000,9.96,9.96,9.96,9.96,500,0
MACQ.US,5,20211203,192500,9.96,9.96,9.96,9.96,100,0
MACQ.US,5,20211203,195500,9.96,9.96,9.96,9.96,400,0
MACQ.US,5,20211203,200000,9.96,9.96,9.96,9.96,100,0
MACQ.US,5,20211203,202000,9.96,9.96,9.96,9.96,100,0
MACQ.US,5,20211203,203000,9.96,9.96,9.96,9.96,300,0
MACQ.US,5,20211203,204000,9.96,9.96,9.96,9.96,300,0
MACQ.US,5,20211203,210000,9.9501,9.955,9.95,9.955,865,0
MACQ.US,5,20211203,211500,9.955,9.96,9.95,9.96,5168,0
MACQ.US,5,20211203,212000,9.96,9.96,9.96,9.96,2000,0
MACQ.US,5,20211203,212500,9.96,9.96,9.96,9.96,300,0
MACQ.US,5,20211203,213500,9.96,9.96,9.96,9.96,100,0
MACQ.US,5,20211203,214000,9.96,9.96,9.96,9.96,400,0
MACQ.US,5,20211203,214500,9.96,9.96,9.96,9.96,300,0
MACQ.US,5,20211203,215000,9.96,9.96,9.96,9.96,100,0
MACQ.US,5,20211203,215500,9.96,9.97,9.95,9.97,9110,0
MACQ.US,5,20211206,153000,9.95,9.95,9.94,9.95,56092,0
MACQ.US,5,20211206,153500,9.95,9.95,9.95,9.95,22687,0
MACQ.US,5,20211206,155000,9.95,9.95,9.95,9.95,10000,0
MACQ.US,5,20211206,155500,9.945,9.945,9.94,9.94,12100,0
MACQ.US,5,20211206,160000,9.95,9.95,9.9499,9.95,10895,0
MACQ.US,5,20211206,161000,9.95,9.95,9.95,9.95,1300,0
MACQ.US,5,20211206,161500,9.95,9.95,9.95,9.95,600,0
MACQ.US,5,20211206,162000,9.95,9.95,9.95,9.95,4700,0
MACQ.US,5,20211206,162500,9.95,9.96,9.95,9.96,19880,0
MACQ.US,5,20211206,163500,9.955,9.955,9.95,9.955,14530,0
MACQ.US,5,20211206,164000,9.95,9.95,9.95,9.95,5265,0
MACQ.US,5,20211206,164500,9.95,9.96,9.95,9.955,12800,0
MACQ.US,5,20211206,165000,9.96,9.96,9.945,9.95,20579,0
MACQ.US,5,20211206,170000,9.95,9.95,9.95,9.95,100,0
MACQ.US,5,20211206,170500,9.95,9.95,9.95,9.95,4769,0
MACQ.US,5,20211206,171000,9.95,9.95,9.95,9.95,5467,0
MACQ.US,5,20211206,171500,9.95,9.95,9.95,9.95,3000,0
MACQ.US,5,20211206,172000,9.95,9.95,9.95,9.95,1400,0
MACQ.US,5,20211206,172500,9.95,9.95,9.95,9.95,1402,0
MACQ.US,5,20211206,173000,9.95,9.95,9.95,9.95,300,0
MACQ.US,5,20211206,173500,9.95,9.95,9.95,9.95,1400,0
MACQ.US,5,20211206,174000,9.95,9.95,9.95,9.95,12794,0
MACQ.US,5,20211206,175000,9.95,9.95,9.95,9.95,400,0
MACQ.US,5,20211206,175500,9.95,9.95,9.95,9.95,300,0
MACQ.US,5,20211206,180000,9.95,9.95,9.95,9.95,400,0
MACQ.US,5,20211206,180500,9.95,9.95,9.93,9.94,42095,0
MACQ.US,5,20211206,181000,9.94,9.95,9.94,9.95,1200,0
MACQ.US,5,20211206,181500,9.95,9.95,9.94,9.95,1500,0
MACQ.US,5,20211206,182000,9.95,9.95,9.95,9.95,2067,0
MACQ.US,5,20211206,182500,9.95,9.95,9.95,9.95,700,0
MACQ.US,5,20211206,183000,9.95,9.95,9.95,9.95,900,0
MACQ.US,5,20211206,183500,9.95,9.95,9.95,9.95,1100,0
MACQ.US,5,20211206,184000,9.95,9.95,9.95,9.95,7228,0
MACQ.US,5,20211206,184500,9.95,9.95,9.95,9.95,1900,0
MACQ.US,5,20211206,185000,9.95,9.95,9.95,9.95,1700,0
MACQ.US,5,20211206,185500,9.95,9.95,9.95,9.95,6100,0
MACQ.US,5,20211206,190000,9.95,9.95,9.95,9.95,300,0
MACQ.US,5,20211206,190500,9.95,9.95,9.9498,9.95,3700,0
MACQ.US,5,20211206,191000,9.95,9.95,9.95,9.95,400,0
MACQ.US,5,20211206,191500,9.95,9.95,9.95,9.95,2000,0
MACQ.US,5,20211206,192000,9.95,9.95,9.95,9.95,2700,0
MACQ.US,5,20211206,192500,9.95,9.95,9.95,9.95,600,0
MACQ.US,5,20211206,193000,9.95,9.95,9.95,9.95,3800,0
MACQ.US,5,20211206,193500,9.95,9.95,9.95,9.95,5000,0
MACQ.US,5,20211206,194000,9.95,9.95,9.95,9.95,600,0
MACQ.US,5,20211206,194500,9.95,9.95,9.95,9.95,700,0
MACQ.US,5,20211206,195000,9.95,9.95,9.95,9.95,500,0
MACQ.US,5,20211206,195500,9.95,9.95,9.95,9.95,300,0
MACQ.US,5,20211206,200000,9.95,9.95,9.95,9.95,1100,0
MACQ.US,5,20211206,200500,9.95,9.95,9.95,9.95,3400,0
MACQ.US,5,20211206,201000,9.95,9.95,9.95,9.95,1900,0
MACQ.US,5,20211206,201500,9.95,9.95,9.95,9.95,2300,0
MACQ.US,5,20211206,202000,9.95,9.95,9.95,9.95,1200,0
MACQ.US,5,20211206,202500,9.95,9.95,9.95,9.95,800,0
MACQ.US,5,20211206,203000,9.95,9.95,9.95,9.95,400,0
MACQ.US,5,20211206,203500,9.95,9.95,9.95,9.95,700,0
MACQ.US,5,20211206,204000,9.95,9.95,9.95,9.95,400,0
MACQ.US,5,20211206,204500,9.95,9.95,9.95,9.95,13800,0
MACQ.US,5,20211206,205000,9.95,9.95,9.95,9.95,500,0
MACQ.US,5,20211206,205500,9.95,9.95,9.945,9.95,21659,0
MACQ.US,5,20211206,210000,9.95,9.96,9.95,9.96,5640,0
MACQ.US,5,20211206,210500,9.96,9.96,9.96,9.96,900,0
MACQ.US,5,20211206,211000,9.96,9.96,9.96,9.96,600,0
MACQ.US,5,20211206,211500,9.96,9.96,9.96,9.96,600,0
MACQ.US,5,20211206,212000,9.96,9.96,9.96,9.96,300,0
MACQ.US,5,20211206,212500,9.96,9.96,9.96,9.96,100,0
MACQ.US,5,20211206,213000,9.96,9.97,9.96,9.965,1500,0
MACQ.US,5,20211206,213500,9.97,9.97,9.97,9.97,500,0
MACQ.US,5,20211206,214500,9.9532,9.969,9.95,9.969,700,0
MACQ.US,5,20211206,215500,9.96,9.97,9.95,9.97,5014,0
MACQ.US,5,20211207,153000,9.95,9.955,9.95,9.955,1111,0
MACQ.US,5,20211207,154500,9.955,9.955,9.955,9.955,100,0
MACQ.US,5,20211207,155000,9.9599,9.9599,9.95,9.95,364,0
MACQ.US,5,20211207,163500,9.95,9.95,9.95,9.95,2338,0
MACQ.US,5,20211207,164500,9.96,9.96,9.96,9.96,17664,0
MACQ.US,5,20211207,165000,9.95,9.95,9.94,9.94,10809,0
MACQ.US,5,20211207,171500,9.95,9.95,9.94,9.95,5350,0
MACQ.US,5,20211207,172000,9.94,9.94,9.94,9.94,200,0
MACQ.US,5,20211207,174000,9.95,9.95,9.94,9.95,289318,0
MACQ.US,5,20211207,175000,9.945,9.95,9.945,9.95,9905,0
MACQ.US,5,20211207,175500,9.95,9.95,9.95,9.95,400,0
MACQ.US,5,20211207,181000,9.958,9.958,9.958,9.958,500,0
MACQ.US,5,20211207,182500,9.945,9.945,9.945,9.945,100,0
MACQ.US,5,20211207,184000,9.945,9.945,9.94,9.94,3900,0
MACQ.US,5,20211207,190000,9.95,9.95,9.945,9.95,36146,0
MACQ.US,5,20211207,190500,9.945,9.945,9.94,9.94,9654,0
MACQ.US,5,20211207,192500,9.95,9.95,9.95,9.95,5000,0
MACQ.US,5,20211207,210500,9.94,9.945,9.94,9.94,67500,0
MACQ.US,5,20211207,211000,9.94,9.945,9.94,9.94,23879,0
MACQ.US,5,20211207,213500,9.94,9.94,9.94,9.94,700,0
MACQ.US,5,20211207,214500,9.94,9.9411,9.94,9.9411,348,0
MACQ.US,5,20211207,215500,9.95,9.95,9.94,9.94,13648,0
MACQ.US,5,20211208,153000,9.95,9.95,9.95,9.95,2244,0
MACQ.US,5,20211208,153500,9.95,9.95,9.95,9.95,1300,0
MACQ.US,5,20211208,154000,9.95,9.95,9.945,9.95,1400,0
MACQ.US,5,20211208,154500,9.95,9.95,9.95,9.95,1300,0
MACQ.US,5,20211208,155000,9.95,9.95,9.95,9.95,1200,0
MACQ.US,5,20211208,155500,9.95,9.95,9.95,9.95,5900,0
MACQ.US,5,20211208,160000,9.95,9.95,9.94,9.945,2400,0
MACQ.US,5,20211208,160500,9.945,9.95,9.945,9.95,1000,0
MACQ.US,5,20211208,161000,9.95,9.95,9.945,9.95,700,0
MACQ.US,5,20211208,161500,9.95,9.95,9.95,9.95,900,0
MACQ.US,5,20211208,162000,9.945,9.95,9.945,9.95,900,0
MACQ.US,5,20211208,162500,9.95,9.95,9.945,9.95,700,0
MACQ.US,5,20211208,163000,9.95,9.95,9.95,9.95,700,0
MACQ.US,5,20211208,163500,9.95,9.95,9.95,9.95,700,0
MACQ.US,5,20211208,164000,9.94,9.95,9.94,9.95,4668,0
MACQ.US,5,20211208,164500,9.95,9.95,9.95,9.95,600,0
MACQ.US,5,20211208,165000,9.95,9.95,9.94,9.95,1633,0
MACQ.US,5,20211208,165500,9.95,9.95,9.95,9.95,16800,0
MACQ.US,5,20211208,170000,9.95,9.95,9.95,9.95,600,0
MACQ.US,5,20211208,170500,9.95,9.95,9.945,9.95,600,0
MACQ.US,5,20211208,171000,9.95,9.95,9.95,9.95,600,0
MACQ.US,5,20211208,171500,9.95,9.95,9.95,9.95,500,0
MACQ.US,5,20211208,172000,9.95,9.95,9.95,9.95,500,0
MACQ.US,5,20211208,172500,9.95,9.95,9.95,9.95,500,0
MACQ.US,5,20211208,173000,9.95,9.95,9.95,9.95,600,0
MACQ.US,5,20211208,173500,9.95,9.95,9.95,9.95,500,0
MACQ.US,5,20211208,174000,9.95,9.95,9.95,9.95,500,0
MACQ.US,5,20211208,174500,9.95,9.95,9.949,9.95,1100,0
MACQ.US,5,20211208,175000,9.95,9.95,9.945,9.95,700,0
MACQ.US,5,20211208,175500,9.95,9.95,9.95,9.95,500,0
MACQ.US,5,20211208,182500,9.94,9.94,9.94,9.94,522,0
MACQ.US,5,20211208,191500,9.94,9.94,9.94,9.94,500,0
MACQ.US,5,20211208,192000,9.94,9.94,9.94,9.94,800,0
MACQ.US,5,20211208,192500,9.94,9.94,9.94,9.94,1000,0
MACQ.US,5,20211208,193000,9.94,9.94,9.94,9.94,300,0
MACQ.US,5,20211208,193500,9.94,9.94,9.94,9.94,400,0
MACQ.US,5,20211208,194000,9.94,9.94,9.94,9.94,300,0
MACQ.US,5,20211208,194500,9.94,9.94,9.94,9.94,400,0
MACQ.US,5,20211208,195000,9.94,9.94,9.94,9.94,100,0
MACQ.US,5,20211208,200500,9.945,9.945,9.945,9.945,400,0
MACQ.US,5,20211208,202500,9.945,9.945,9.945,9.945,100,0
MACQ.US,5,20211208,204000,9.94,9.94,9.94,9.94,17702,0
MACQ.US,5,20211208,204500,9.94,9.94,9.94,9.94,200,0
MACQ.US,5,20211208,212000,9.94,9.94,9.94,9.94,1000,0
MACQ.US,5,20211208,212500,9.94,9.94,9.94,9.94,200,0
MACQ.US,5,20211208,214000,9.94,9.94,9.94,9.94,2935,0
MACQ.US,5,20211208,214500,9.93,9.94,9.93,9.94,300,0
MACQ.US,5,20211208,215000,9.94,9.94,9.94,9.94,728,0
MACQ.US,5,20211208,215500,9.94,9.94,9.93,9.94,1171,0
MACQ.US,5,20211209,153000,9.96,9.96,9.94,9.95,186848,0
MACQ.US,5,20211209,153500,9.95,9.95,9.95,9.95,37000,0
MACQ.US,5,20211209,155500,9.96,9.96,9.96,9.96,400,0
MACQ.US,5,20211209,161000,9.965,9.965,9.965,9.965,220,0
MACQ.US,5,20211209,161500,9.96,9.96,9.96,9.96,40100,0
MACQ.US,5,20211209,163500,9.96,9.96,9.96,9.96,31100,0
MACQ.US,5,20211209,170000,9.9599,9.9599,9.9599,9.9599,100,0
MACQ.US,5,20211209,171500,9.96,9.96,9.96,9.96,40978,0
MACQ.US,5,20211209,174500,9.96,9.96,9.96,9.96,169,0
MACQ.US,5,20211209,192000,9.96,9.96,9.96,9.96,4454,0
MACQ.US,5,20211209,192500,9.96,9.96,9.96,9.96,1000,0
MACQ.US,5,20211209,193000,9.96,9.9612,9.96,9.96,7323,0
MACQ.US,5,20211209,193500,9.9607,9.9607,9.96,9.96,800,0
MACQ.US,5,20211209,194000,9.96,9.96,9.96,9.96,1600,0
MACQ.US,5,20211209,195000,9.96,9.96,9.96,9.96,1429,0
MACQ.US,5,20211209,195500,9.96,9.96,9.96,9.96,1200,0
MACQ.US,5,20211209,200000,9.96,9.96,9.96,9.96,2150,0
MACQ.US,5,20211209,202000,9.9625,9.965,9.96,9.965,5032,0
MACQ.US,5,20211209,202500,9.965,9.965,9.965,9.965,200,0
MACQ.US,5,20211209,203000,9.96,9.965,9.96,9.96,105398,0
MACQ.US,5,20211209,203500,9.9625,9.965,9.96,9.96,23852,0
MACQ.US,5,20211209,204500,9.97,9.97,9.97,9.97,267,0
MACQ.US,5,20211209,210500,9.97,9.975,9.97,9.975,184983,0
MACQ.US,5,20211209,212000,9.975,9.975,9.975,9.975,101,0
MACQ.US,5,20211209,213000,9.97,9.97,9.97,9.97,500,0
MACQ.US,5,20211209,214500,9.97,9.97,9.96,9.96,249,0
MACQ.US,5,20211209,215500,9.9774,9.9774,9.96,9.96,3434,0
MACQ.US,5,20211210,153000,9.96,9.97,9.96,9.96,25118,0
MACQ.US,5,20211210,153500,9.96,9.96,9.96,9.96,100,0
MACQ.US,5,20211210,154000,9.9699,9.97,9.9699,9.97,5000,0
MACQ.US,5,20211210,154500,9.96,9.96,9.96,9.96,249,0
MACQ.US,5,20211210,155500,9.965,9.965,9.965,9.965,400,0
MACQ.US,5,20211210,161000,9.965,9.965,9.96,9.96,40522,0
MACQ.US,5,20211210,161500,9.96,9.96,9.96,9.96,533,0
MACQ.US,5,20211210,163000,9.97,9.97,9.97,9.97,900,0
MACQ.US,5,20211210,171500,9.96,9.96,9.96,9.96,223,0
MACQ.US,5,20211210,190500,9.9694,9.9694,9.9694,9.9694,1500,0
MACQ.US,5,20211210,191000,9.97,9.97,9.965,9.97,98865,0
MACQ.US,5,20211210,200000,9.97,9.97,9.97,9.97,135739,0
MACQ.US,5,20211210,213000,9.97,9.97,9.97,9.97,22968,0
MACQ.US,5,20211210,213500,9.97,9.98,9.97,9.98,1279,0
MACQ.US,5,20211210,215500,9.98,9.98,9.97,9.97,47790,0
MACQ.US,5,20211213,153000,9.99,9.99,9.9701,9.9701,9454,0
MACQ.US,5,20211213,153500,9.97,9.99,9.97,9.9817,846,0
MACQ.US,5,20211213,155500,9.98,9.98,9.97,9.97,47898,0
MACQ.US,5,20211213,161000,9.979,9.979,9.979,9.979,500,0
MACQ.US,5,20211213,162500,9.97,9.97,9.97,9.97,100,0
MACQ.US,5,20211213,163000,9.9789,9.9789,9.9789,9.9789,200,0
MACQ.US,5,20211213,163500,9.98,9.98,9.98,9.98,200,0
MACQ.US,5,20211213,164500,9.979,9.979,9.979,9.979,500,0
MACQ.US,5,20211213,165000,9.97,9.97,9.97,9.97,100,0
MACQ.US,5,20211213,170000,9.975,9.975,9.975,9.975,18900,0
MACQ.US,5,20211213,171500,9.97,9.97,9.97,9.97,100,0
MACQ.US,5,20211213,172500,9.98,9.98,9.975,9.975,400,0
MACQ.US,5,20211213,174000,9.97,9.97,9.97,9.97,100,0
MACQ.US,5,20211213,180500,9.972,9.98,9.97,9.97,5200,0
MACQ.US,5,20211213,183000,9.97,9.97,9.97,9.97,100,0
MACQ.US,5,20211213,183500,9.975,9.975,9.975,9.975,134,0
MACQ.US,5,20211213,184000,9.975,9.975,9.97,9.97,8910,0
MACQ.US,5,20211213,185500,9.97,9.97,9.97,9.97,100,0
MACQ.US,5,20211213,191500,9.9745,9.9745,9.9745,9.9745,700,0
MACQ.US,5,20211213,192500,9.97,9.97,9.97,9.97,100,0
MACQ.US,5,20211213,193000,9.975,9.975,9.975,9.975,1000,0
MACQ.US,5,20211213,195000,9.97,9.97,9.97,9.97,100,0
MACQ.US,5,20211213,200500,9.975,9.98,9.975,9.98,60874,0
MACQ.US,5,20211213,201000,9.98,9.98,9.97,9.97,44550,0
MACQ.US,5,20211213,201500,9.98,9.98,9.98,9.98,100,0
MACQ.US,5,20211213,202500,9.98,9.98,9.98,9.98,49982,0
MACQ.US,5,20211213,203000,9.97,9.98,9.97,9.98,47393,0
MACQ.US,5,20211213,203500,9.98,9.98,9.975,9.98,16495,0
MACQ.US,5,20211213,204000,9.98,9.98,9.975,9.98,36811,0
MACQ.US,5,20211213,204500,9.975,9.98,9.975,9.98,50794,0
MACQ.US,5,20211213,205000,9.97,9.98,9.97,9.98,37300,0
MACQ.US,5,20211213,205500,9.99,9.99,9.99,9.99,7911,0
MACQ.US,5,20211213,210000,9.99,9.99,9.99,9.99,1000,0
MACQ.US,5,20211213,211000,9.98,9.9802,9.98,9.9802,400,0
MACQ.US,5,20211213,212000,9.9809,9.9809,9.9809,9.9809,300,0
MACQ.US,5,20211213,212500,9.9805,9.9805,9.9805,9.9805,424,0
MACQ.US,5,20211213,214500,9.985,9.99,9.985,9.99,1600,0
MACQ.US,5,20211213,215000,9.99,9.99,9.98,9.98,1100,0
MACQ.US,5,20211213,215500,9.97,9.98,9.97,9.97,5683,0
MACQ.US,5,20211214,153000,9.98,9.98,9.97,9.9711,20004,0
MACQ.US,5,20211214,153500,9.97,9.97,9.97,9.97,4399,0
MACQ.US,5,20211214,154000,9.9768,9.9768,9.9768,9.9768,150,0
MACQ.US,5,20211214,160500,9.9799,9.9799,9.9799,9.9799,1000,0
MACQ.US,5,20211214,162500,9.97,9.97,9.97,9.97,24628,0
MACQ.US,5,20211214,163500,9.97,9.97,9.97,9.97,1295,0
MACQ.US,5,20211214,164500,9.975,9.99,9.975,9.99,302400,0
MACQ.US,5,20211214,170500,9.98,9.98,9.98,9.98,100,0
MACQ.US,5,20211214,172500,9.99,9.99,9.99,9.99,100,0
MACQ.US,5,20211214,173000,9.98,9.98,9.98,9.98,160,0
MACQ.US,5,20211214,180000,9.98,9.98,9.98,9.98,100,0
MACQ.US,5,20211214,180500,9.985,9.985,9.985,9.985,200,0
MACQ.US,5,20211214,185500,9.985,9.985,9.98,9.98,80520,0
MACQ.US,5,20211214,190000,9.97,9.975,9.97,9.97,7039,0
MACQ.US,5,20211214,192000,9.9789,9.9789,9.9789,9.9789,200,0
MACQ.US,5,20211214,193000,9.97,9.97,9.97,9.97,100,0
MACQ.US,5,20211214,202000,9.97,9.98,9.97,9.98,27281,0
MACQ.US,5,20211214,202500,9.98,9.98,9.97,9.97,17839,0
MACQ.US,5,20211214,203000,9.98,9.9874,9.98,9.9874,200,0
MACQ.US,5,20211214,203500,9.99,9.99,9.98,9.98,6200,0
MACQ.US,5,20211214,204000,9.98,9.985,9.98,9.985,2400,0
MACQ.US,5,20211214,205000,9.98,9.98,9.98,9.98,600,0
MACQ.US,5,20211214,210500,9.985,9.985,9.985,9.985,910,0
MACQ.US,5,20211214,213500,9.985,9.985,9.985,9.985,150,0
MACQ.US,5,20211214,214500,9.985,9.985,9.985,9.985,100,0
MACQ.US,5,20211214,215000,9.985,9.985,9.985,9.985,1410,0
MACQ.US,5,20211214,215500,9.985,9.985,9.975,9.98,38697,0
MACQ.US,5,20211215,153000,9.99,9.99,9.981,9.981,904,0
MACQ.US,5,20211215,153500,9.989,9.989,9.989,9.989,1000,0
MACQ.US,5,20211215,154500,9.98,9.98,9.98,9.98,22200,0
MACQ.US,5,20211215,155000,9.975,9.98,9.975,9.975,1296,0
MACQ.US,5,20211215,155500,9.975,9.975,9.97,9.975,4500,0
MACQ.US,5,20211215,160000,9.975,9.975,9.97,9.9725,5200,0
MACQ.US,5,20211215,160500,9.975,9.975,9.9725,9.9725,300,0
MACQ.US,5,20211215,161000,9.975,9.975,9.975,9.975,200,0
MACQ.US,5,20211215,161500,9.975,9.975,9.975,9.975,200,0
MACQ.US,5,20211215,162000,9.975,9.98,9.97,9.98,132100,0
MACQ.US,5,20211215,162500,9.98,9.98,9.97,9.975,125270,0
MACQ.US,5,20211215,163000,9.975,9.975,9.97,9.975,3500,0
MACQ.US,5,20211215,163500,9.97,9.98,9.97,9.975,312969,0
MACQ.US,5,20211215,164000,9.975,9.975,9.975,9.975,6000,0
MACQ.US,5,20211215,164500,9.975,9.975,9.965,9.965,118892,0
MACQ.US,5,20211215,165000,9.965,9.965,9.965,9.965,4400,0
MACQ.US,5,20211215,165500,9.96,9.96,9.96,9.96,24634,0
MACQ.US,5,20211215,170000,9.96,9.96,9.96,9.96,27100,0
MACQ.US,5,20211215,170500,9.96,9.96,9.96,9.96,2400,0
MACQ.US,5,20211215,171000,9.96,9.96,9.96,9.96,1800,0
MACQ.US,5,20211215,171500,9.96,9.96,9.96,9.96,1200,0
MACQ.US,5,20211215,172000,9.96,9.97,9.96,9.965,103600,0
MACQ.US,5,20211215,172500,9.965,9.97,9.965,9.965,101800,0
MACQ.US,5,20211215,173000,9.965,9.965,9.965,9.965,800,0
MACQ.US,5,20211215,173500,9.965,9.965,9.965,9.965,800,0
MACQ.US,5,20211215,174000,9.965,9.965,9.96,9.96,22800,0
MACQ.US,5,20211215,174500,9.965,9.965,9.965,9.965,4000,0
MACQ.US,5,20211215,175000,9.96,9.96,9.96,9.96,500,0
MACQ.US,5,20211215,175500,9.96,9.96,9.96,9.96,700,0
MACQ.US,5,20211215,180000,9.96,9.965,9.96,9.965,1000,0
MACQ.US,5,20211215,180500,9.965,9.965,9.965,9.965,100,0
MACQ.US,5,20211215,181500,9.96,9.96,9.96,9.96,100,0
MACQ.US,5,20211215,182500,9.96,9.96,9.96,9.96,100,0
MACQ.US,5,20211215,183000,9.97,9.97,9.965,9.965,300,0
MACQ.US,5,20211215,184000,9.96,9.965,9.96,9.965,3191,0
MACQ.US,5,20211215,184500,9.965,9.965,9.965,9.965,200,0
MACQ.US,5,20211215,185000,9.965,9.965,9.965,9.965,100,0
MACQ.US,5,20211215,185500,9.965,9.965,9.96,9.965,234252,0
MACQ.US,5,20211215,190000,9.965,9.97,9.96,9.965,169645,0
MACQ.US,5,20211215,190500,9.965,9.97,9.965,9.97,400,0
MACQ.US,5,20211215,191500,9.97,9.97,9.97,9.97,55054,0
MACQ.US,5,20211215,192000,9.975,9.98,9.97,9.97,141265,0
MACQ.US,5,20211215,192500,9.96,9.97,9.96,9.97,1400,0
MACQ.US,5,20211215,193000,9.97,9.97,9.97,9.97,2700,0
MACQ.US,5,20211215,193500,9.96,9.96,9.96,9.96,100,0
MACQ.US,5,20211215,194000,9.97,9.97,9.97,9.97,41010,0
MACQ.US,5,20211215,194500,9.96,9.97,9.96,9.97,700,0
MACQ.US,5,20211215,195000,9.97,9.97,9.96,9.96,4363,0
MACQ.US,5,20211215,200500,9.965,9.965,9.965,9.965,100,0
MACQ.US,5,20211215,202000,9.96,9.96,9.96,9.96,1100,0
MACQ.US,5,20211215,202500,9.96,9.96,9.955,9.96,107769,0
MACQ.US,5,20211215,203000,9.96,9.96,9.96,9.96,10100,0
MACQ.US,5,20211215,203500,9.95,9.95,9.95,9.95,110,0
MACQ.US,5,20211215,204000,9.96,9.96,9.955,9.96,152207,0
MACQ.US,5,20211215,205500,9.95,9.955,9.95,9.955,400,0
MACQ.US,5,20211215,210500,9.955,9.955,9.955,9.955,200,0
MACQ.US,5,20211215,212500,9.9597,9.96,9.9597,9.96,63148,0
MACQ.US,5,20211215,213000,9.965,9.97,9.965,9.97,6000,0
MACQ.US,5,20211215,213500,9.97,9.97,9.97,9.97,74800,0
MACQ.US,5,20211215,214000,9.97,9.9799,9.97,9.9799,400,0
MACQ.US,5,20211215,215500,9.98,9.99,9.96,9.96,69327,0
MACQ.US,5,20211216,153000,9.8,9.8,9.65,9.75,6106,0
MACQ.US,5,20211216,153500,9.8,9.8,9.59,9.6297,5824,0
MACQ.US,5,20211216,154000,9.6691,9.6799,9.59,9.624,5195,0
MACQ.US,5,20211216,154500,9.56,9.9201,9.56,9.9201,21799,0
MACQ.US,5,20211216,155000,9.9599,9.9599,9.9599,9.9599,100,0
MACQ.US,5,20211216,160000,9.93,9.93,9.93,9.93,100,0
MACQ.US,5,20211216,160500,9.95,9.955,9.95,9.95,2500,0
MACQ.US,5,20211216,161000,9.955,9.955,9.95,9.955,400,0
MACQ.US,5,20211216,161500,9.95,9.95,9.95,9.95,800,0
MACQ.US,5,20211216,162500,9.96,9.96,9.95,9.95,4200,0
MACQ.US,5,20211216,163000,9.96,9.96,9.96,9.96,200,0
MACQ.US,5,20211216,163500,9.95,9.95,9.95,9.95,7000,0
MACQ.US,5,20211216,164000,9.95,9.95,9.95,9.95,15700,0
MACQ.US,5,20211216,165000,9.94,9.94,9.93,9.93,300,0
MACQ.US,5,20211216,170000,9.935,9.935,9.935,9.935,100,0
MACQ.US,5,20211216,172500,9.96,9.96,9.96,9.96,1101,0
MACQ.US,5,20211216,173000,9.96,9.96,9.96,9.96,1000,0
MACQ.US,5,20211216,175500,9.95,9.95,9.95,9.95,200,0
MACQ.US,5,20211216,180000,9.9301,9.931,9.9301,9.931,300,0
MACQ.US,5,20211216,180500,9.93,9.93,9.928,9.928,300,0
MACQ.US,5,20211216,181000,9.9206,9.9206,9.9206,9.9206,310,0
MACQ.US,5,20211216,181500,9.9299,9.9299,9.91,9.91,800,0
MACQ.US,5,20211216,182000,9.8801,9.8801,9.85,9.85,800,0
MACQ.US,5,20211216,182500,9.81,9.8499,9.81,9.8499,200,0
MACQ.US,5,20211216,183000,9.825,9.8299,9.8,9.8299,500,0
MACQ.US,5,20211216,183500,9.83,9.91,9.83,9.9001,6700,0
MACQ.US,5,20211216,184500,9.91,9.9199,9.9,9.9,3300,0
MACQ.US,5,20211216,185000,9.9,9.9,9.9,9.9,200,0
MACQ.US,5,20211216,190500,9.9,9.905,9.9,9.9,800,0
MACQ.US,5,20211216,191000,9.9,9.9014,9.89,9.89,1551,0
MACQ.US,5,20211216,191500,9.8659,9.8659,9.8659,9.8659,200,0
MACQ.US,5,20211216,192500,9.875,9.95,9.875,9.95,3000,0
MACQ.US,5,20211216,202000,9.91,9.91,9.91,9.91,1816,0
MACQ.US,5,20211216,205500,9.94,9.94,9.94,9.94,1300,0
MACQ.US,5,20211216,210500,9.96,9.96,9.96,9.96,2500,0
MACQ.US,5,20211216,213000,9.95,9.95,9.942,9.95,700,0
MACQ.US,5,20211216,213500,9.91,9.913,9.91,9.91,3600,0
MACQ.US,5,20211216,214000,9.92,9.92,9.92,9.92,100,0
MACQ.US,5,20211216,214500,9.95,9.95,9.95,9.95,700,0
MACQ.US,5,20211216,215500,9.95,9.95,9.89,9.89,21849,0
MACQ.US,5,20211217,153000,9.9,9.9,9.9,9.9,415,0
MACQ.US,5,20211217,155000,9.914,9.914,9.914,9.914,250,0
MACQ.US,5,20211217,155500,9.93,9.93,9.93,9.93,1300,0
MACQ.US,5,20211217,161500,9.9,9.9,9.9,9.9,900,0
MACQ.US,5,20211217,162000,9.91,9.91,9.9,9.9,2100,0
MACQ.US,5,20211217,162500,9.905,9.91,9.905,9.91,735,0
MACQ.US,5,20211217,163000,9.9,9.9,9.9,9.9,1145,0
MACQ.US,5,20211217,163500,9.9,9.9,9.9,9.9,900,0
MACQ.US,5,20211217,164500,9.95,9.955,9.95,9.955,2900,0
MACQ.US,5,20211217,165000,9.955,9.955,9.95,9.95,1125,0
MACQ.US,5,20211217,165500,9.96,9.975,9.96,9.975,561,0
MACQ.US,5,20211217,170000,9.98,9.98,9.95,9.96,2222,0
MACQ.US,5,20211217,170500,9.955,9.955,9.955,9.955,100,0
MACQ.US,5,20211217,171000,9.95,9.97,9.945,9.96,5045,0
MACQ.US,5,20211217,173500,9.96,9.96,9.96,9.96,200,0
MACQ.US,5,20211217,174500,9.97,9.97,9.9699,9.9699,2400,0
MACQ.US,5,20211217,175000,9.96,9.96,9.94,9.94,9900,0
MACQ.US,5,20211217,180000,9.9599,9.9599,9.9599,9.9599,200,0
MACQ.US,5,20211217,182000,9.97,10.01,9.97,9.99,30262,0
MACQ.US,5,20211217,184500,9.9701,9.9701,9.9701,9.9701,250,0
MACQ.US,5,20211217,190500,9.98,9.995,9.9758,9.995,1418,0
MACQ.US,5,20211217,192500,9.97,9.97,9.97,9.97,100,0
MACQ.US,5,20211217,193000,9.97,9.98,9.97,9.98,1000,0
MACQ.US,5,20211217,193500,9.975,9.975,9.97,9.97,400,0
MACQ.US,5,20211217,200000,9.95,9.95,9.94,9.94,600,0
MACQ.US,5,20211217,200500,9.91,9.91,9.86,9.86,1400,0
MACQ.US,5,20211217,201000,9.86,9.86,9.83,9.83,200,0
MACQ.US,5,20211217,202000,9.88,9.89,9.88,9.89,3038,0
MACQ.US,5,20211217,203500,9.885,9.885,9.85,9.85,400,0
MACQ.US,5,20211217,204000,9.82,9.82,9.82,9.82,2000,0
MACQ.US,5,20211217,204500,9.82,9.82,9.82,9.82,200,0
MACQ.US,5,20211217,205000,9.795,9.795,9.795,9.795,100,0
MACQ.US,5,20211217,211000,9.77,9.77,9.75,9.75,1926,0
MACQ.US,5,20211217,213000,9.7559,9.7559,9.7559,9.7559,200,0
MACQ.US,5,20211217,214000,9.79,9.79,9.79,9.79,261,0
MACQ.US,5,20211217,215000,9.79,9.79,9.77,9.77,2497,0
MACQ.US,5,20211217,215500,9.77,9.78,9.76,9.76,3361,0
MACQ.US,5,20211220,160000,9.49,9.535,9.49,9.535,2098,0
MACQ.US,5,20211220,161000,9.535,9.535,9.535,9.535,250,0
MACQ.US,5,20211220,162000,9.52,9.52,9.52,9.52,500,0
MACQ.US,5,20211220,163000,9.5,9.5,9.49,9.49,570,0
MACQ.US,5,20211220,164000,9.5,9.5,9.5,9.5,200,0
MACQ.US,5,20211220,164500,9.5,9.5,9.45,9.45,200,0
MACQ.US,5,20211220,165000,9.45,9.49,9.45,9.49,300,0
MACQ.US,5,20211220,170000,9.48,9.48,9.48,9.48,100,0
MACQ.US,5,20211220,170500,9.4999,9.4999,9.4999,9.4999,100,0
MACQ.US,5,20211220,173000,9.48,9.48,9.48,9.48,200,0
MACQ.US,5,20211220,175000,9.49,9.71,9.49,9.71,12119,0
MACQ.US,5,20211220,175500,9.6,9.61,9.6,9.61,300,0
MACQ.US,5,20211220,180500,9.63,9.63,9.62,9.62,400,0
MACQ.US,5,20211220,182500,9.64,9.64,9.64,9.64,400,0
MACQ.US,5,20211220,183000,9.72,9.75,9.72,9.74,2626,0
MACQ.US,5,20211220,185500,9.95,10.25,9.95,10.25,400,0
MACQ.US,5,20211220,190000,10.2799,10.2799,10.2799,10.2799,775,0
MACQ.US,5,20211220,190500,9.985,9.985,9.985,9.985,2000,0
MACQ.US,5,20211220,191500,9.99,10.15,9.99,9.99,4860,0
MACQ.US,5,20211220,192500,10,10,9.96,9.96,2602,0
MACQ.US,5,20211220,193500,9.83,9.96,9.79,9.96,3900,0
MACQ.US,5,20211220,194000,9.985,9.99,9.985,9.99,2500,0
MACQ.US,5,20211220,194500,9.94,9.94,9.89,9.89,400,0
MACQ.US,5,20211220,202000,9.9,9.9,9.9,9.9,300,0
MACQ.US,5,20211220,205500,9.85,9.85,9.85,9.85,100,0
MACQ.US,5,20211220,210500,9.85,9.934,9.85,9.93,931,0
MACQ.US,5,20211220,212500,9.86,9.86,9.85,9.85,200,0
MACQ.US,5,20211220,215500,9.9517,9.99,9.81,9.99,6168,0
MACQ.US,5,20211221,153500,10,10,10,10,1880,0
MACQ.US,5,20211221,154500,9.9501,9.9501,9.91,9.9254,1700,0
MACQ.US,5,20211221,155000,9.91,9.92,9.9,9.9,900,0
MACQ.US,5,20211221,160000,9.9317,9.9317,9.9317,9.9317,100,0
MACQ.US,5,20211221,162500,9.93,9.93,9.93,9.93,200,0
MACQ.US,5,20211221,163000,9.965,9.965,9.965,9.965,5000,0
MACQ.US,5,20211221,163500,9.97,9.9965,9.965,9.965,5259,0
MACQ.US,5,20211221,175000,9.97,9.99,9.97,9.97,7195,0
MACQ.US,5,20211221,180500,9.9555,9.99,9.955,9.9703,602,0
MACQ.US,5,20211221,182000,9.99,9.99,9.99,9.99,500,0
MACQ.US,5,20211221,201000,9.965,9.965,9.965,9.965,100,0
MACQ.US,5,20211221,204500,9.96,9.96,9.96,9.96,100,0
MACQ.US,5,20211221,205000,9.95,9.95,9.94,9.94,432,0
MACQ.US,5,20211221,205500,9.93,9.93,9.93,9.93,567,0
MACQ.US,5,20211221,210000,9.9008,9.91,9.9008,9.91,5100,0
MACQ.US,5,20211221,210500,9.91,9.91,9.91,9.91,366,0
MACQ.US,5,20211221,211000,9.91,9.91,9.91,9.91,500,0
MACQ.US,5,20211221,212000,9.9,9.9,9.89,9.8998,3248,0
MACQ.US,5,20211221,213000,9.91,9.91,9.9,9.9,700,0
MACQ.US,5,20211221,214000,9.9,9.9,9.9,9.9,600,0
MACQ.US,5,20211221,214500,9.9,9.9,9.89,9.89,1100,0
MACQ.US,5,20211221,215000,9.9,9.9,9.9,9.9,851,0
MACQ.US,5,20211221,215500,9.96,9.98,9.93,9.97,8650,0
MACQ.US,5,20211222,153000,9.98,9.98,9.8202,9.97,8906,0
MACQ.US,5,20211222,155000,9.82,9.82,9.82,9.82,100,0
MACQ.US,5,20211222,160500,9.795,9.795,9.795,9.795,7153,0
MACQ.US,5,20211222,162500,9.7992,9.7992,9.7992,9.7992,1000,0
MACQ.US,5,20211222,163000,9.75,9.75,9.7298,9.7298,300,0
MACQ.US,5,20211222,163500,9.72,9.72,9.6,9.6,8422,0
MACQ.US,5,20211222,164000,9.67,9.67,9.57,9.57,1100,0
MACQ.US,5,20211222,170000,9.59,9.59,9.54,9.54,7153,0
MACQ.US,5,20211222,172000,9.6299,9.6299,9.53,9.53,620,0
MACQ.US,5,20211222,172500,9.51,9.63,9.51,9.63,800,0
MACQ.US,5,20211222,173000,9.61,9.63,9.54,9.54,4940,0
MACQ.US,5,20211222,174500,9.55,9.55,9.5499,9.5499,1050,0
MACQ.US,5,20211222,180000,9.6089,9.6089,9.57,9.57,1100,0
MACQ.US,5,20211222,181000,9.59,9.59,9.54,9.5622,350,0
MACQ.US,5,20211222,182500,9.59,9.59,9.59,9.59,100,0
MACQ.US,5,20211222,185000,9.56,9.56,9.55,9.555,1136,0
MACQ.US,5,20211222,190500,9.5479,9.5479,9.5479,9.5479,100,0
MACQ.US,5,20211222,191500,9.54,9.54,9.54,9.54,200,0
MACQ.US,5,20211222,192000,9.55,9.56,9.55,9.56,600,0
MACQ.US,5,20211222,192500,9.58,9.6,9.58,9.6,1000,0
MACQ.US,5,20211222,193000,9.6,9.6,9.57,9.57,200,0
MACQ.US,5,20211222,193500,9.6084,9.6084,9.6084,9.6084,500,0
MACQ.US,5,20211222,194000,9.57,9.57,9.57,9.57,100,0
MACQ.US,5,20211222,201000,9.55,9.55,9.52,9.53,900,0
MACQ.US,5,20211222,201500,9.53,9.53,9.53,9.53,100,0
MACQ.US,5,20211222,203000,9.52,9.52,9.52,9.52,100,0
MACQ.US,5,20211222,204000,9.55,9.55,9.55,9.55,200,0
MACQ.US,5,20211222,204500,9.52,9.52,9.5,9.5,200,0
MACQ.US,5,20211222,205000,9.5,9.51,9.5,9.5,850,0
MACQ.US,5,20211222,205500,9.5,9.56,9.5,9.5,1108,0
MACQ.US,5,20211222,210500,9.545,9.617,9.51,9.608,1600,0
MACQ.US,5,20211222,211000,9.52,9.52,9.52,9.52,100,0
MACQ.US,5,20211222,212500,9.505,9.505,9.5,9.5,500,0
MACQ.US,5,20211222,213000,9.51,9.51,9.51,9.51,100,0
MACQ.US,5,20211222,214500,9.56,9.56,9.56,9.56,100,0
MACQ.US,5,20211222,215000,9.65,9.66,9.6089,9.65,2000,0
MACQ.US,5,20211222,215500,9.65,9.7,9.62,9.66,12854,0
