<TICKER>,<PER>,<DATE>,<TIME>,<OPEN>,<HIGH>,<LOW>,<CLOSE>,<VOL>,<OPENINT>
MITO.US,5,20211104,143000,1.14,1.1495,1.14,1.148,664,0
MITO.US,5,20211104,143500,1.15,1.15,1.15,1.15,100,0
MITO.US,5,20211104,145000,1.1499,1.15,1.1499,1.15,748,0
MITO.US,5,20211104,145500,1.14,1.155,1.14,1.155,4000,0
MITO.US,5,20211104,151000,1.16,1.16,1.16,1.16,1500,0
MITO.US,5,20211104,151500,1.16,1.16,1.16,1.16,3854,0
MITO.US,5,20211104,153500,1.1544,1.1544,1.1509,1.1509,1439,0
MITO.US,5,20211104,154000,1.16,1.16,1.15,1.15,2965,0
MITO.US,5,20211104,155000,1.15,1.1501,1.15,1.15,4900,0
MITO.US,5,20211104,155500,1.15,1.15,1.15,1.15,100,0
MITO.US,5,20211104,161500,1.15,1.1503,1.15,1.1503,3707,0
MITO.US,5,20211104,162000,1.15,1.15,1.15,1.15,8621,0
MITO.US,5,20211104,162500,1.145,1.145,1.145,1.145,100,0
MITO.US,5,20211104,163000,1.14,1.145,1.14,1.14,18017,0
MITO.US,5,20211104,164000,1.14,1.14,1.14,1.14,100,0
MITO.US,5,20211104,164500,1.14,1.14,1.14,1.14,200,0
MITO.US,5,20211104,174000,1.14,1.14,1.14,1.14,200,0
MITO.US,5,20211104,175000,1.1441,1.1441,1.1441,1.1441,583,0
MITO.US,5,20211104,175500,1.14,1.14,1.14,1.14,200,0
MITO.US,5,20211104,180000,1.14,1.1404,1.14,1.14,9851,0
MITO.US,5,20211104,182000,1.14,1.14,1.14,1.14,5284,0
MITO.US,5,20211104,184000,1.14,1.14,1.14,1.14,2028,0
MITO.US,5,20211104,184500,1.14,1.14,1.14,1.14,100,0
MITO.US,5,20211104,190000,1.14,1.14,1.14,1.14,12704,0
MITO.US,5,20211104,191000,1.14,1.14,1.14,1.14,100,0
MITO.US,5,20211104,193000,1.14,1.14,1.13,1.13,8100,0
MITO.US,5,20211104,194000,1.1349,1.1349,1.1349,1.1349,100,0
MITO.US,5,20211104,194500,1.135,1.14,1.13,1.14,4316,0
MITO.US,5,20211104,195500,1.14,1.14,1.13,1.13,400,0
MITO.US,5,20211104,200000,1.13,1.135,1.13,1.135,300,0
MITO.US,5,20211104,201000,1.14,1.14,1.14,1.14,800,0
MITO.US,5,20211104,202000,1.135,1.135,1.13,1.13,5015,0
MITO.US,5,20211104,202500,1.1386,1.1386,1.1386,1.1386,200,0
MITO.US,5,20211104,203000,1.135,1.14,1.135,1.14,3400,0
MITO.US,5,20211104,204000,1.135,1.1391,1.135,1.1391,560,0
MITO.US,5,20211104,205500,1.135,1.14,1.13,1.14,1150,0
MITO.US,5,20211105,143000,1.13,1.13,1.13,1.13,159,0
MITO.US,5,20211105,143500,1.1583,1.1583,1.13,1.1338,3000,0
MITO.US,5,20211105,145000,1.1324,1.14,1.1324,1.14,871,0
MITO.US,5,20211105,145500,1.15,1.15,1.14,1.14,900,0
MITO.US,5,20211105,150500,1.14,1.14,1.14,1.14,100,0
MITO.US,5,20211105,152000,1.14,1.14,1.135,1.1361,1719,0
MITO.US,5,20211105,153000,1.1398,1.1398,1.1398,1.1398,1500,0
MITO.US,5,20211105,153500,1.13,1.135,1.13,1.135,7960,0
MITO.US,5,20211105,154000,1.1301,1.1301,1.1301,1.1301,3534,0
MITO.US,5,20211105,161500,1.13,1.135,1.13,1.13,42001,0
MITO.US,5,20211105,164000,1.13,1.13,1.13,1.13,8626,0
MITO.US,5,20211105,164500,1.13,1.13,1.13,1.13,2600,0
MITO.US,5,20211105,165000,1.135,1.135,1.12,1.12,32183,0
MITO.US,5,20211105,170000,1.1291,1.1291,1.1291,1.1291,2000,0
MITO.US,5,20211105,170500,1.13,1.13,1.1299,1.1299,1000,0
MITO.US,5,20211105,171500,1.12,1.1207,1.11,1.11,26252,0
MITO.US,5,20211105,172000,1.12,1.12,1.11,1.1108,11200,0
MITO.US,5,20211105,172500,1.11,1.11,1.08,1.0887,21398,0
MITO.US,5,20211105,173000,1.085,1.1,1.08,1.085,15275,0
MITO.US,5,20211105,173500,1.085,1.0909,1.084,1.09,11858,0
MITO.US,5,20211105,174000,1.095,1.1,1.095,1.095,2647,0
MITO.US,5,20211105,174500,1.0999,1.1,1.09,1.095,20353,0
MITO.US,5,20211105,175000,1.0987,1.1,1.0907,1.0907,8069,0
MITO.US,5,20211105,180000,1.1,1.1,1.1,1.1,5900,0
MITO.US,5,20211105,181000,1.09,1.1,1.08,1.08,8600,0
MITO.US,5,20211105,181500,1.09,1.09,1.085,1.085,2100,0
MITO.US,5,20211105,182000,1.08,1.085,1.0701,1.0701,10260,0
MITO.US,5,20211105,182500,1.0798,1.0798,1.07,1.0718,1170,0
MITO.US,5,20211105,183000,1.08,1.08,1.0712,1.079,2400,0
MITO.US,5,20211105,183500,1.083,1.083,1.0801,1.0801,2150,0
MITO.US,5,20211105,184000,1.0814,1.0899,1.0814,1.0899,600,0
MITO.US,5,20211105,184500,1.08,1.085,1.08,1.085,5857,0
MITO.US,5,20211105,190000,1.08,1.09,1.07,1.09,10600,0
MITO.US,5,20211105,192000,1.085,1.085,1.085,1.085,100,0
MITO.US,5,20211105,194000,1.089,1.089,1.089,1.089,433,0
MITO.US,5,20211105,200000,1.085,1.09,1.085,1.09,600,0
MITO.US,5,20211105,202500,1.085,1.085,1.085,1.085,100,0
MITO.US,5,20211105,203000,1.09,1.09,1.09,1.09,150,0
MITO.US,5,20211105,204000,1.08,1.08,1.08,1.08,3250,0
MITO.US,5,20211105,204500,1.085,1.085,1.085,1.085,200,0
MITO.US,5,20211105,205000,1.085,1.085,1.085,1.085,200,0
MITO.US,5,20211105,205500,1.08,1.09,1.08,1.0806,21383,0
MITO.US,5,20211108,153000,1.11,1.11,1.0993,1.0993,11392,0
MITO.US,5,20211108,153500,1.09,1.1,1.0816,1.1,4250,0
MITO.US,5,20211108,154000,1.0931,1.1,1.09,1.1,7128,0
MITO.US,5,20211108,154500,1.09,1.1,1.09,1.1,1300,0
MITO.US,5,20211108,155000,1.0978,1.0978,1.0978,1.0978,500,0
MITO.US,5,20211108,155500,1.09,1.09,1.085,1.09,4370,0
MITO.US,5,20211108,160000,1.1,1.15,1.08,1.13,90448,0
MITO.US,5,20211108,160500,1.1128,1.17,1.1128,1.17,18644,0
MITO.US,5,20211108,161000,1.15,1.16,1.12,1.148,36633,0
MITO.US,5,20211108,162000,1.14,1.14,1.1202,1.125,2322,0
MITO.US,5,20211108,162500,1.13,1.1301,1.13,1.13,8604,0
MITO.US,5,20211108,163000,1.14,1.14,1.14,1.14,900,0
MITO.US,5,20211108,163500,1.133,1.133,1.13,1.1301,5340,0
MITO.US,5,20211108,164000,1.131,1.14,1.131,1.14,3390,0
MITO.US,5,20211108,165500,1.1305,1.1373,1.1305,1.1373,9150,0
MITO.US,5,20211108,170500,1.13,1.1301,1.13,1.1301,4100,0
MITO.US,5,20211108,172000,1.1311,1.1311,1.1311,1.1311,1000,0
MITO.US,5,20211108,172500,1.13,1.13,1.13,1.13,3000,0
MITO.US,5,20211108,174000,1.135,1.135,1.1302,1.1302,4000,0
MITO.US,5,20211108,174500,1.13,1.13,1.13,1.13,2000,0
MITO.US,5,20211108,180000,1.13,1.13,1.13,1.13,300,0
MITO.US,5,20211108,180500,1.14,1.14,1.135,1.135,1129,0
MITO.US,5,20211108,181000,1.135,1.135,1.135,1.135,200,0
MITO.US,5,20211108,181500,1.13,1.1333,1.13,1.13,1833,0
MITO.US,5,20211108,182000,1.13,1.13,1.13,1.13,100,0
MITO.US,5,20211108,182500,1.1399,1.1399,1.1399,1.1399,3000,0
MITO.US,5,20211108,190000,1.14,1.14,1.1368,1.1393,400,0
MITO.US,5,20211108,190500,1.12,1.1201,1.12,1.1201,5600,0
MITO.US,5,20211108,191500,1.13,1.13,1.12,1.12,5700,0
MITO.US,5,20211108,192500,1.1223,1.1223,1.1223,1.1223,1050,0
MITO.US,5,20211108,193500,1.125,1.125,1.125,1.125,100,0
MITO.US,5,20211108,194000,1.125,1.125,1.125,1.125,200,0
MITO.US,5,20211108,194500,1.1288,1.1288,1.1288,1.1288,100,0
MITO.US,5,20211108,195000,1.125,1.125,1.125,1.125,300,0
MITO.US,5,20211108,200500,1.1299,1.1299,1.1245,1.125,2905,0
MITO.US,5,20211108,203000,1.1295,1.13,1.125,1.13,6397,0
MITO.US,5,20211108,203500,1.135,1.135,1.13,1.131,4400,0
MITO.US,5,20211108,204000,1.135,1.135,1.13,1.13,600,0
MITO.US,5,20211108,204500,1.13,1.13,1.13,1.13,134,0
MITO.US,5,20211108,205000,1.135,1.135,1.13,1.13,1000,0
MITO.US,5,20211108,205500,1.14,1.14,1.14,1.14,1450,0
MITO.US,5,20211108,213500,1.135,1.135,1.135,1.135,700,0
MITO.US,5,20211108,214000,1.135,1.135,1.12,1.12,3766,0
MITO.US,5,20211108,215000,1.12,1.12,1.12,1.12,300,0
MITO.US,5,20211108,215500,1.1254,1.13,1.12,1.13,3234,0
MITO.US,5,20211109,153000,1.12,1.126,1.12,1.126,1154,0
MITO.US,5,20211109,153500,1.12,1.12,1.11,1.1103,1800,0
MITO.US,5,20211109,154000,1.11,1.11,1.1,1.101,6593,0
MITO.US,5,20211109,155000,1.1,1.1,1.1,1.1,2164,0
MITO.US,5,20211109,155500,1.09,1.0904,1.09,1.09,5786,0
MITO.US,5,20211109,161000,1.0899,1.0899,1.089,1.089,700,0
MITO.US,5,20211109,161500,1.0881,1.0881,1.0881,1.0881,100,0
MITO.US,5,20211109,162000,1.0806,1.09,1.0806,1.09,6500,0
MITO.US,5,20211109,162500,1.09,1.09,1.09,1.09,200,0
MITO.US,5,20211109,163000,1.08,1.09,1.08,1.09,6000,0
MITO.US,5,20211109,163500,1.09,1.09,1.09,1.09,115,0
MITO.US,5,20211109,164000,1.09,1.09,1.09,1.09,500,0
MITO.US,5,20211109,164500,1.09,1.09,1.08,1.08,5620,0
MITO.US,5,20211109,165000,1.0955,1.0955,1.0955,1.0955,100,0
MITO.US,5,20211109,165500,1.09,1.0955,1.09,1.0955,650,0
MITO.US,5,20211109,170500,1.09,1.1,1.09,1.1,702,0
MITO.US,5,20211109,171000,1.09,1.09,1.09,1.09,2000,0
MITO.US,5,20211109,171500,1.095,1.095,1.091,1.091,500,0
MITO.US,5,20211109,172000,1.09,1.09,1.09,1.09,6000,0
MITO.US,5,20211109,172500,1.09,1.09,1.09,1.09,2800,0
MITO.US,5,20211109,173000,1.095,1.1,1.0802,1.1,6490,0
MITO.US,5,20211109,174000,1.08,1.09,1.08,1.09,3550,0
MITO.US,5,20211109,174500,1.08,1.0818,1.08,1.0818,5100,0
MITO.US,5,20211109,180000,1.0938,1.0989,1.0938,1.0989,1100,0
MITO.US,5,20211109,182000,1.09,1.09,1.08,1.08,3900,0
MITO.US,5,20211109,182500,1.09,1.09,1.09,1.09,200,0
MITO.US,5,20211109,183000,1.09,1.09,1.088,1.088,400,0
MITO.US,5,20211109,183500,1.0899,1.0899,1.0899,1.0899,100,0
MITO.US,5,20211109,184500,1.085,1.085,1.085,1.085,100,0
MITO.US,5,20211109,190000,1.0892,1.09,1.0892,1.09,200,0
MITO.US,5,20211109,190500,1.0899,1.0899,1.0899,1.0899,100,0
MITO.US,5,20211109,193000,1.0899,1.0899,1.08,1.08,1000,0
MITO.US,5,20211109,193500,1.0888,1.0888,1.0888,1.0888,100,0
MITO.US,5,20211109,195500,1.0815,1.0815,1.0815,1.0815,350,0
MITO.US,5,20211109,201000,1.0895,1.0895,1.0888,1.0888,1100,0
MITO.US,5,20211109,202500,1.085,1.085,1.08,1.08,5877,0
MITO.US,5,20211109,204500,1.09,1.09,1.0892,1.0892,5100,0
MITO.US,5,20211109,205500,1.08,1.08,1.08,1.08,450,0
MITO.US,5,20211109,210500,1.08,1.08,1.08,1.08,1629,0
MITO.US,5,20211109,211000,1.085,1.0899,1.08,1.0899,11179,0
MITO.US,5,20211109,212000,1.09,1.09,1.09,1.09,300,0
MITO.US,5,20211109,212500,1.09,1.09,1.0886,1.0899,700,0
MITO.US,5,20211109,213000,1.09,1.09,1.0899,1.0899,4150,0
MITO.US,5,20211109,213500,1.085,1.085,1.085,1.085,3400,0
MITO.US,5,20211109,214000,1.085,1.0873,1.085,1.0873,1100,0
MITO.US,5,20211109,214500,1.0899,1.0899,1.0899,1.0899,200,0
MITO.US,5,20211109,215000,1.0885,1.0885,1.08,1.08,1198,0
MITO.US,5,20211109,215500,1.08,1.09,1.08,1.08,771,0
MITO.US,5,20211110,153000,1.09,1.09,1.09,1.09,1360,0
MITO.US,5,20211110,154000,1.09,1.091,1.09,1.0901,2300,0
MITO.US,5,20211110,154500,1.09,1.09,1.08,1.08,986,0
MITO.US,5,20211110,155000,1.09,1.09,1.09,1.09,2680,0
MITO.US,5,20211110,155500,1.08,1.085,1.08,1.085,2456,0
MITO.US,5,20211110,160000,1.09,1.09,1.09,1.09,100,0
MITO.US,5,20211110,160500,1.09,1.09,1.09,1.09,320,0
MITO.US,5,20211110,161500,1.0899,1.0899,1.0899,1.0899,733,0
MITO.US,5,20211110,162000,1.08,1.0895,1.08,1.08,5353,0
MITO.US,5,20211110,162500,1.08,1.08,1.07,1.0719,3710,0
MITO.US,5,20211110,163000,1.08,1.08,1.08,1.08,3000,0
MITO.US,5,20211110,163500,1.08,1.08,1.08,1.08,3000,0
MITO.US,5,20211110,164000,1.085,1.085,1.085,1.085,2000,0
MITO.US,5,20211110,164500,1.0801,1.085,1.08,1.08,3400,0
MITO.US,5,20211110,170500,1.09,1.09,1.09,1.09,1903,0
MITO.US,5,20211110,171500,1.08,1.085,1.06,1.0769,31845,0
MITO.US,5,20211110,172000,1.07,1.07,1.06,1.07,1700,0
MITO.US,5,20211110,174500,1.07,1.07,1.06,1.0644,3500,0
MITO.US,5,20211110,175000,1.0664,1.07,1.0664,1.07,200,0
MITO.US,5,20211110,180000,1.07,1.07,1.07,1.07,100,0
MITO.US,5,20211110,181000,1.07,1.07,1.07,1.07,100,0
MITO.US,5,20211110,183000,1.0685,1.0685,1.0685,1.0685,445,0
MITO.US,5,20211110,185500,1.0689,1.0689,1.06,1.06,831,0
MITO.US,5,20211110,192000,1.06,1.065,1.06,1.0644,1990,0
MITO.US,5,20211110,194000,1.065,1.065,1.06,1.06,4670,0
MITO.US,5,20211110,194500,1.0699,1.0699,1.0699,1.0699,500,0
MITO.US,5,20211110,200000,1.065,1.065,1.01,1.0285,27630,0
MITO.US,5,20211110,200500,1.03,1.04,1.0212,1.0301,12176,0
MITO.US,5,20211110,201000,1.0373,1.04,1.03,1.04,3005,0
MITO.US,5,20211110,201500,1.04,1.05,1.04,1.0486,1800,0
MITO.US,5,20211110,202500,1.045,1.045,1.03,1.0324,6217,0
MITO.US,5,20211110,203000,1.0454,1.0454,1.04,1.04,950,0
MITO.US,5,20211110,203500,1.04,1.04,1.04,1.04,190,0
MITO.US,5,20211110,204000,1.045,1.045,1.045,1.045,100,0
MITO.US,5,20211110,210500,1.045,1.05,1.045,1.05,1400,0
MITO.US,5,20211110,211500,1.05,1.0564,1.05,1.0564,1500,0
MITO.US,5,20211110,212000,1.055,1.055,1.055,1.055,500,0
MITO.US,5,20211110,213500,1.055,1.055,1.05,1.055,2020,0
MITO.US,5,20211110,214000,1.055,1.06,1.055,1.06,380,0
MITO.US,5,20211110,214500,1.06,1.06,1.055,1.055,4748,0
MITO.US,5,20211110,215000,1.055,1.06,1.05,1.05,2372,0
MITO.US,5,20211110,215500,1.05,1.0593,1.05,1.05,2783,0
MITO.US,5,20211111,153000,1.05,1.06,1.05,1.06,10903,0
MITO.US,5,20211111,153500,1.053,1.053,1.053,1.053,1766,0
MITO.US,5,20211111,154000,1.0501,1.052,1.0501,1.052,17056,0
MITO.US,5,20211111,154500,1.06,1.06,1.0533,1.0533,2100,0
MITO.US,5,20211111,155000,1.065,1.0699,1.0609,1.0699,1700,0
MITO.US,5,20211111,160000,1.0685,1.0685,1.06,1.06,6818,0
MITO.US,5,20211111,161000,1.065,1.065,1.06,1.06,2420,0
MITO.US,5,20211111,162000,1.065,1.065,1.065,1.065,100,0
MITO.US,5,20211111,162500,1.065,1.065,1.05,1.05,6949,0
MITO.US,5,20211111,164000,1.0671,1.0671,1.0671,1.0671,1000,0
MITO.US,5,20211111,165000,1.06,1.06,1.06,1.06,100,0
MITO.US,5,20211111,170500,1.07,1.07,1.07,1.07,100,0
MITO.US,5,20211111,171000,1.06,1.06,1.05,1.05,13620,0
MITO.US,5,20211111,171500,1.05,1.05,1.05,1.05,400,0
MITO.US,5,20211111,175000,1.05,1.05,1.05,1.05,296,0
MITO.US,5,20211111,180000,1.0508,1.055,1.04,1.04,7756,0
MITO.US,5,20211111,182000,1.0426,1.0426,1.0426,1.0426,3000,0
MITO.US,5,20211111,182500,1.045,1.045,1.045,1.045,200,0
MITO.US,5,20211111,183000,1.04,1.04,1.03,1.03,402,0
MITO.US,5,20211111,184000,1.0385,1.04,1.035,1.035,5450,0
MITO.US,5,20211111,185000,1.04,1.04,1.03,1.03,700,0
MITO.US,5,20211111,185500,1.0383,1.0383,1.0383,1.0383,290,0
MITO.US,5,20211111,190500,1.034,1.04,1.034,1.04,4967,0
MITO.US,5,20211111,191500,1.0394,1.0394,1.035,1.035,1100,0
MITO.US,5,20211111,192000,1.03,1.03,1.03,1.03,3100,0
MITO.US,5,20211111,193000,1.035,1.035,1.03,1.03,580,0
MITO.US,5,20211111,193500,1.04,1.04,1.04,1.04,200,0
MITO.US,5,20211111,194000,1.0387,1.0387,1.0387,1.0387,1000,0
MITO.US,5,20211111,194500,1.0306,1.035,1.0306,1.035,2100,0
MITO.US,5,20211111,195000,1.03,1.04,1.03,1.04,5200,0
MITO.US,5,20211111,195500,1.03,1.03,1.03,1.03,100,0
MITO.US,5,20211111,200000,1.04,1.04,1.0398,1.0398,200,0
MITO.US,5,20211111,200500,1.04,1.05,1.035,1.05,10268,0
MITO.US,5,20211111,201000,1.05,1.06,1.05,1.06,2866,0
MITO.US,5,20211111,201500,1.06,1.06,1.0502,1.0506,2400,0
MITO.US,5,20211111,202000,1.055,1.055,1.05,1.05,868,0
MITO.US,5,20211111,202500,1.055,1.06,1.0506,1.06,300,0
MITO.US,5,20211111,203000,1.05,1.05,1.0401,1.0401,7842,0
MITO.US,5,20211111,203500,1.05,1.05,1.05,1.05,100,0
MITO.US,5,20211111,205500,1.055,1.055,1.055,1.055,1000,0
MITO.US,5,20211111,211500,1.0525,1.055,1.0525,1.055,900,0
MITO.US,5,20211111,212000,1.05,1.05,1.04,1.04,1306,0
MITO.US,5,20211111,212500,1.05,1.06,1.05,1.05,1200,0
MITO.US,5,20211111,213000,1.05,1.05,1.05,1.05,1100,0
MITO.US,5,20211111,213500,1.0418,1.045,1.04,1.04,2416,0
MITO.US,5,20211111,214000,1.04,1.05,1.04,1.04,2000,0
MITO.US,5,20211111,215000,1.0493,1.0493,1.0493,1.0493,2000,0
MITO.US,5,20211111,215500,1.04,1.04,1.03,1.03,2696,0
MITO.US,5,20211112,153500,1.0326,1.0326,1.0326,1.0326,260,0
MITO.US,5,20211112,154000,1.04,1.04,1.04,1.04,5400,0
MITO.US,5,20211112,154500,1.03,1.03,1.03,1.03,2000,0
MITO.US,5,20211112,160000,1.0337,1.0337,1.0337,1.0337,100,0
MITO.US,5,20211112,161500,1.038,1.038,1.03,1.03,6000,0
MITO.US,5,20211112,162000,1.03,1.03,1.03,1.03,277,0
MITO.US,5,20211112,163000,1.03,1.05,1.03,1.05,4050,0
MITO.US,5,20211112,163500,1.0226,1.05,1.0216,1.0216,6500,0
MITO.US,5,20211112,164000,1.02,1.03,1.0195,1.02,6263,0
MITO.US,5,20211112,164500,1.03,1.03,1.03,1.03,212,0
MITO.US,5,20211112,165000,1.038,1.04,1.038,1.04,1070,0
MITO.US,5,20211112,170000,1.02,1.03,1.01,1.03,4178,0
MITO.US,5,20211112,170500,1.0399,1.0399,1.01,1.02,4300,0
MITO.US,5,20211112,171500,1.02,1.02,1.02,1.02,100,0
MITO.US,5,20211112,172000,1.025,1.025,1.025,1.025,4500,0
MITO.US,5,20211112,172500,1.02,1.02,1.01,1.01,1100,0
MITO.US,5,20211112,173000,1.0129,1.0129,1.0129,1.0129,2000,0
MITO.US,5,20211112,173500,1.0101,1.0386,1.0101,1.0386,3753,0
MITO.US,5,20211112,175000,1.021,1.021,1.021,1.021,2672,0
MITO.US,5,20211112,181000,1.03,1.03,1.02,1.02,9000,0
MITO.US,5,20211112,182500,1.026,1.026,1.02,1.02,5000,0
MITO.US,5,20211112,184500,1.0301,1.035,1.0301,1.0301,5718,0
MITO.US,5,20211112,185500,1.035,1.035,1.03,1.03,12500,0
MITO.US,5,20211112,190000,1.03,1.03,1.03,1.03,2302,0
MITO.US,5,20211112,191500,1.0201,1.025,1.0201,1.025,1258,0
MITO.US,5,20211112,192000,1.02,1.023,1.02,1.02,1415,0
MITO.US,5,20211112,195000,1.015,1.02,1.015,1.02,3691,0
MITO.US,5,20211112,200000,1.02,1.02,1.02,1.02,400,0
MITO.US,5,20211112,201000,1.015,1.02,1.01,1.02,12200,0
MITO.US,5,20211112,201500,1.0115,1.0115,1.0115,1.0115,1000,0
MITO.US,5,20211112,202000,1.0189,1.0189,1.0189,1.0189,434,0
MITO.US,5,20211112,202500,1.01,1.015,1.01,1.01,1908,0
MITO.US,5,20211112,203500,1.011,1.011,1.011,1.011,1300,0
MITO.US,5,20211112,204000,1.01,1.02,1.01,1.02,600,0
MITO.US,5,20211112,210500,1.0189,1.0189,1.0189,1.0189,450,0
MITO.US,5,20211112,211000,1.0185,1.0185,1.0185,1.0185,500,0
MITO.US,5,20211112,212500,1.0187,1.02,1.0187,1.02,340,0
MITO.US,5,20211112,214000,1.01,1.04,1.01,1.04,3340,0
MITO.US,5,20211112,214500,1.04,1.04,1.02,1.02,300,0
MITO.US,5,20211112,215000,1.02,1.02,1.02,1.02,100,0
MITO.US,5,20211112,215500,1.02,1.04,1.02,1.03,1623,0
MITO.US,5,20211115,153000,1.02,1.03,1.02,1.025,3182,0
MITO.US,5,20211115,153500,1.02,1.0201,1.02,1.0201,5740,0
MITO.US,5,20211115,154000,1.02,1.02,1.02,1.02,2000,0
MITO.US,5,20211115,155500,1.0201,1.0201,1.0201,1.0201,800,0
MITO.US,5,20211115,161000,1.03,1.03,1.03,1.03,100,0
MITO.US,5,20211115,161500,1.025,1.025,1.0206,1.0206,3100,0
MITO.US,5,20211115,162000,1.029,1.029,1.025,1.025,10100,0
MITO.US,5,20211115,162500,1.025,1.025,1.0109,1.0109,4920,0
MITO.US,5,20211115,163000,1.01,1.02,1.01,1.0121,2982,0
MITO.US,5,20211115,165500,1.02,1.028,1.02,1.028,704,0
MITO.US,5,20211115,170500,1.0102,1.02,1.0102,1.02,3900,0
MITO.US,5,20211115,171000,1.02,1.029,1.02,1.029,3100,0
MITO.US,5,20211115,171500,1.0299,1.03,1.0299,1.03,200,0
MITO.US,5,20211115,172000,1.01,1.02,1.01,1.02,2015,0
MITO.US,5,20211115,173000,1.01,1.012,1.01,1.012,600,0
MITO.US,5,20211115,174000,1.02,1.02,1.02,1.02,1000,0
MITO.US,5,20211115,174500,1.01,1.01,1.01,1.01,434,0
MITO.US,5,20211115,175000,1.02,1.02,1.02,1.02,200,0
MITO.US,5,20211115,175500,1.0101,1.0101,1.0101,1.0101,3000,0
MITO.US,5,20211115,182000,1.01,1.0116,1.01,1.0116,7000,0
MITO.US,5,20211115,190000,1.02,1.021,1.02,1.021,2075,0
MITO.US,5,20211115,190500,1.02,1.02,1.02,1.02,1800,0
MITO.US,5,20211115,191000,1.02,1.02,1.02,1.02,1600,0
MITO.US,5,20211115,193500,1.02,1.02,1.02,1.02,3000,0
MITO.US,5,20211115,194500,1.03,1.03,1.03,1.03,100,0
MITO.US,5,20211115,195500,1.02,1.02,1.02,1.02,100,0
MITO.US,5,20211115,200500,1.01,1.015,1.01,1.01,715,0
MITO.US,5,20211115,201000,1.0199,1.0199,1.0199,1.0199,100,0
MITO.US,5,20211115,202000,1.01,1.02,1.01,1.02,4600,0
MITO.US,5,20211115,203500,1.0122,1.0122,1.0122,1.0122,1000,0
MITO.US,5,20211115,205000,1.01,1.0179,1.01,1.0179,4400,0
MITO.US,5,20211115,205500,1.015,1.015,1.015,1.015,600,0
MITO.US,5,20211115,210500,1.0199,1.0199,1.0199,1.0199,4350,0
MITO.US,5,20211115,211000,1.0199,1.0199,1.0199,1.0199,565,0
MITO.US,5,20211115,213000,1.01,1.01,1.01,1.01,500,0
MITO.US,5,20211115,213500,1.02,1.02,1.01,1.0113,1150,0
MITO.US,5,20211115,214500,1.015,1.02,1.015,1.02,376,0
MITO.US,5,20211115,215000,1.01,1.015,1.01,1.01,400,0
MITO.US,5,20211115,215500,1.01,1.01,1.01,1.01,869,0
MITO.US,5,20211116,153000,1.03,1.03,1.03,1.03,10210,0
MITO.US,5,20211116,154000,1.025,1.025,1.02,1.02,1108,0
MITO.US,5,20211116,154500,1.022,1.022,1.022,1.022,2000,0
MITO.US,5,20211116,155000,1.02,1.02,1.02,1.02,400,0
MITO.US,5,20211116,160000,1.0201,1.0202,1.02,1.0202,1038,0
MITO.US,5,20211116,161000,1.01,1.01,1.01,1.01,1236,0
MITO.US,5,20211116,162000,1.01,1.01,1.01,1.01,148,0
MITO.US,5,20211116,164000,1.015,1.015,1.015,1.015,100,0
MITO.US,5,20211116,164500,1.0173,1.02,1.0173,1.02,1805,0
MITO.US,5,20211116,165000,1.0103,1.0199,1.01,1.0199,300,0
MITO.US,5,20211116,170500,1.01,1.01,1.01,1.01,300,0
MITO.US,5,20211116,171500,1.02,1.02,1.02,1.02,500,0
MITO.US,5,20211116,173500,1.0113,1.0113,1.0113,1.0113,1000,0
MITO.US,5,20211116,174500,1.0112,1.0112,1.01,1.01,400,0
MITO.US,5,20211116,175500,1.02,1.02,1.0101,1.0101,300,0
MITO.US,5,20211116,183000,1.01,1.01,1.01,1.01,100,0
MITO.US,5,20211116,183500,1.02,1.02,1.02,1.02,100,0
MITO.US,5,20211116,184000,1.02,1.02,1.02,1.02,5000,0
MITO.US,5,20211116,191000,1.015,1.015,1.015,1.015,4969,0
MITO.US,5,20211116,192000,1.0188,1.0188,1.0188,1.0188,400,0
MITO.US,5,20211116,193000,1.0101,1.0101,1.0101,1.0101,232,0
MITO.US,5,20211116,193500,1.02,1.02,1.02,1.02,867,0
MITO.US,5,20211116,195000,1.0112,1.0112,1.0112,1.0112,1000,0
MITO.US,5,20211116,200000,1.0116,1.015,1.0116,1.015,350,0
MITO.US,5,20211116,202000,1.01,1.01,1.01,1.01,1000,0
MITO.US,5,20211116,212000,1.0192,1.0192,1.0192,1.0192,1550,0
MITO.US,5,20211116,212500,1.01,1.01,1.01,1.01,800,0
MITO.US,5,20211116,213500,1.02,1.02,1.02,1.02,300,0
MITO.US,5,20211116,214500,1.02,1.02,1.02,1.02,200,0
MITO.US,5,20211116,215000,1.015,1.015,1.015,1.015,100,0
MITO.US,5,20211116,215500,1.01,1.02,1.01,1.02,3762,0
MITO.US,5,20211117,153000,1.01,1.03,1,1.02,17808,0
MITO.US,5,20211117,154000,1.015,1.015,1.015,1.015,400,0
MITO.US,5,20211117,160000,1.01,1.01,0.9913,0.9913,19370,0
MITO.US,5,20211117,160500,1,1,1,1,200,0
MITO.US,5,20211117,161000,0.9914,0.9914,0.9914,0.9914,3000,0
MITO.US,5,20211117,161500,0.9913,1,0.99,0.9902,7838,0
MITO.US,5,20211117,162000,1,1,0.9905,0.9905,997,0
MITO.US,5,20211117,162500,1,1.02,0.9995,1.02,2802,0
MITO.US,5,20211117,163000,1.0058,1.0058,1.0058,1.0058,100,0
MITO.US,5,20211117,164000,1.0236,1.0236,1.0236,1.0236,700,0
MITO.US,5,20211117,170500,1.02,1.02,1.02,1.02,100,0
MITO.US,5,20211117,171000,1.015,1.015,1.015,1.015,200,0
MITO.US,5,20211117,172000,1.015,1.02,1.01,1.02,518,0
MITO.US,5,20211117,172500,1.005,1.005,1,1,11137,0
MITO.US,5,20211117,175000,1,1,1,1,110,0
MITO.US,5,20211117,181500,1.01,1.01,1.01,1.01,100,0
MITO.US,5,20211117,184000,1.01,1.01,1.01,1.01,1940,0
MITO.US,5,20211117,192500,1.0109,1.0109,1.0109,1.0109,500,0
MITO.US,5,20211117,194000,1.0199,1.0199,1.0199,1.0199,100,0
MITO.US,5,20211117,200500,1.015,1.015,1,1,3868,0
MITO.US,5,20211117,205000,1.005,1.005,1.005,1.005,400,0
MITO.US,5,20211117,210000,1.0013,1.002,1,1,4400,0
MITO.US,5,20211117,212000,1.005,1.005,1.005,1.005,200,0
MITO.US,5,20211117,212500,1.0008,1.0008,1.0008,1.0008,370,0
MITO.US,5,20211117,213000,1.005,1.005,1,1.005,3031,0
MITO.US,5,20211117,214000,1,1,1,1,500,0
MITO.US,5,20211117,215000,1.005,1.005,1,1,720,0
MITO.US,5,20211117,215500,1.005,1.01,1,1,995,0
MITO.US,5,20211118,153000,1,1,0.999,0.999,5961,0
MITO.US,5,20211118,154000,0.99,0.99,0.99,0.99,180,0
MITO.US,5,20211118,154500,0.99,1,0.99,1,2773,0
MITO.US,5,20211118,155000,1,1,1,1,1390,0
MITO.US,5,20211118,155500,0.9902,0.9902,0.9902,0.9902,100,0
MITO.US,5,20211118,160000,0.9902,0.9965,0.99,0.9965,12600,0
MITO.US,5,20211118,161000,0.99,0.99,0.99,0.99,100,0
MITO.US,5,20211118,161500,0.995,0.995,0.995,0.995,200,0
MITO.US,5,20211118,162000,0.99001,0.99001,0.99,0.99,1882,0
MITO.US,5,20211118,162500,0.996,0.996,0.996,0.996,100,0
MITO.US,5,20211118,163000,0.996,0.996,0.99,0.99,3298,0
MITO.US,5,20211118,164000,0.987,0.987508,0.98,0.98,32541,0
MITO.US,5,20211118,164500,0.98,0.9899,0.98,0.989799,25220,0
MITO.US,5,20211118,165000,0.9899,0.9899,0.97995,0.9899,300,0
MITO.US,5,20211118,165500,0.9899,0.9899,0.97995,0.9899,5500,0
MITO.US,5,20211118,170500,0.984899,0.984899,0.984899,0.984899,100,0
MITO.US,5,20211118,171000,0.989799,0.989799,0.989799,0.989799,500,0
MITO.US,5,20211118,172000,0.98,0.98,0.98,0.98,1000,0
MITO.US,5,20211118,173000,0.98,0.9872,0.98,0.9872,999,0
MITO.US,5,20211118,173500,0.989699,0.989699,0.989699,0.989699,5000,0
MITO.US,5,20211118,174000,0.9871,0.9871,0.9871,0.9871,107,0
MITO.US,5,20211118,180500,0.9802,0.9802,0.9802,0.9802,309,0
MITO.US,5,20211118,183500,0.9843,0.9843,0.980201,0.980201,690,0
MITO.US,5,20211118,184000,0.9823,0.9823,0.9823,0.9823,100,0
MITO.US,5,20211118,184500,0.9834,0.9834,0.9834,0.9834,400,0
MITO.US,5,20211118,190500,0.9843,0.9843,0.9802,0.9802,499,0
MITO.US,5,20211118,192500,0.9802,0.9802,0.9802,0.9802,300,0
MITO.US,5,20211118,195000,0.9802,0.9817,0.9802,0.9817,250,0
MITO.US,5,20211118,195500,0.98,0.9826,0.98,0.9817,13472,0
MITO.US,5,20211118,201000,0.98,0.98,0.98,0.98,155,0
MITO.US,5,20211118,202000,0.980101,0.980101,0.980101,0.980101,260,0
MITO.US,5,20211118,202500,0.9816,0.9816,0.9816,0.9816,100,0
MITO.US,5,20211118,203000,0.9816,0.983,0.9816,0.983,700,0
MITO.US,5,20211118,203500,0.98155,0.98235,0.98155,0.98235,880,0
MITO.US,5,20211118,205000,0.9815,0.9815,0.9815,0.9815,200,0
MITO.US,5,20211118,210000,0.98,0.9816,0.98,0.981501,1100,0
MITO.US,5,20211118,210500,0.98,0.98,0.98,0.98,200,0
MITO.US,5,20211118,211000,0.98,0.9815,0.98,0.9815,300,0
MITO.US,5,20211118,211500,0.983,0.983,0.983,0.983,1000,0
MITO.US,5,20211118,212000,0.98225,0.98225,0.9815,0.98225,500,0
MITO.US,5,20211118,212500,0.9815,0.9822,0.9815,0.9822,200,0
MITO.US,5,20211118,213000,0.9815,0.9826,0.9815,0.9822,400,0
MITO.US,5,20211118,213500,0.9815,0.9815,0.9815,0.9815,200,0
MITO.US,5,20211118,215000,0.9828,0.9828,0.9828,0.9828,300,0
MITO.US,5,20211118,215500,0.9827,0.9828,0.9827,0.9828,2019,0
MITO.US,5,20211119,153000,0.97,0.974951,0.965499,0.974951,7300,0
MITO.US,5,20211119,154000,0.9745,0.9745,0.97,0.9723,977,0
MITO.US,5,20211119,154500,0.97,0.9723,0.97,0.9723,1751,0
MITO.US,5,20211119,155000,0.9745,0.9745,0.9745,0.9745,100,0
MITO.US,5,20211119,160000,0.9745,0.9745,0.97,0.97,1105,0
MITO.US,5,20211119,160500,0.971999,0.971999,0.971999,0.971999,1000,0
MITO.US,5,20211119,161500,0.97,0.97,0.9699,0.9699,4985,0
MITO.US,5,20211119,162500,0.969999,0.969999,0.969999,0.969999,471,0
MITO.US,5,20211119,163000,0.9675,0.9675,0.9675,0.9675,1000,0
MITO.US,5,20211119,163500,0.965049,0.97,0.965049,0.97,1100,0
MITO.US,5,20211119,164000,0.97,0.97,0.97,0.97,100,0
MITO.US,5,20211119,164500,0.969959,0.969959,0.969959,0.969959,2000,0
MITO.US,5,20211119,165500,0.966101,0.966101,0.966,0.966101,5236,0
MITO.US,5,20211119,170000,0.966,0.966,0.960101,0.960101,2350,0
MITO.US,5,20211119,170500,0.966,0.966,0.966,0.966,263,0
MITO.US,5,20211119,171000,0.9601,0.9601,0.9601,0.9601,242,0
MITO.US,5,20211119,171500,0.96,0.96,0.96,0.96,800,0
MITO.US,5,20211119,172000,0.9601,0.9601,0.9601,0.9601,200,0
MITO.US,5,20211119,172500,0.9601,0.966,0.9601,0.9601,845,0
MITO.US,5,20211119,173000,0.961,0.966,0.961,0.965899,1770,0
MITO.US,5,20211119,174000,0.9611,0.9611,0.9611,0.9611,103,0
MITO.US,5,20211119,175000,0.9611,0.9611,0.9611,0.9611,2400,0
MITO.US,5,20211119,175500,0.961,0.961,0.96,0.96,4340,0
MITO.US,5,20211119,180000,0.960499,0.960499,0.96,0.96,12859,0
MITO.US,5,20211119,180500,0.9605,0.9605,0.9605,0.9605,100,0
MITO.US,5,20211119,181500,0.961,0.9611,0.960101,0.960101,520,0
MITO.US,5,20211119,183000,0.969999,0.969999,0.969999,0.969999,100,0
MITO.US,5,20211119,184000,0.97,0.97,0.97,0.97,1100,0
MITO.US,5,20211119,191500,0.970084,0.970084,0.970084,0.970084,400,0
MITO.US,5,20211119,192500,0.97,0.97,0.9675,0.9675,21531,0
MITO.US,5,20211119,193000,0.965,0.965,0.96,0.96,1552,0
MITO.US,5,20211119,194000,0.953,0.969599,0.953,0.9532,4872,0
MITO.US,5,20211119,195500,0.9613,0.9613,0.9613,0.9613,200,0
MITO.US,5,20211119,200500,0.9605,0.961,0.96045,0.96045,1200,0
MITO.US,5,20211119,201000,0.9608,0.9609,0.9605,0.9605,504,0
MITO.US,5,20211119,202000,0.96,0.96,0.96,0.96,100,0
MITO.US,5,20211119,203000,0.96045,0.9609,0.96045,0.9609,400,0
MITO.US,5,20211119,203500,0.96045,0.96045,0.96,0.96,700,0
MITO.US,5,20211119,204500,0.960799,0.960799,0.960799,0.960799,100,0
MITO.US,5,20211119,205000,0.9532,0.9532,0.9531,0.9531,1400,0
MITO.US,5,20211119,205500,0.9531,0.9531,0.9516,0.9531,800,0
MITO.US,5,20211119,210500,0.953,0.953,0.9505,0.9505,5600,0
MITO.US,5,20211119,211000,0.9505,0.9516,0.9254,0.9398,28492,0
MITO.US,5,20211119,212000,0.9525,0.9525,0.9525,0.9525,2000,0
MITO.US,5,20211119,213500,0.9448,0.9448,0.9398,0.9398,300,0
MITO.US,5,20211119,214000,0.94,0.940491,0.94,0.940491,400,0
MITO.US,5,20211119,215000,0.9401,0.9401,0.9401,0.9401,320,0
MITO.US,5,20211119,215500,0.93,0.95,0.93,0.9401,4371,0
MITO.US,5,20211122,153000,0.723,0.8505,0.723,0.82,262687,0
MITO.US,5,20211122,153500,0.8501,0.8501,0.82,0.84,9476,0
MITO.US,5,20211122,154000,0.837,0.8881,0.837,0.8829,4322,0
MITO.US,5,20211122,154500,0.853451,0.8828,0.83,0.85,42924,0
MITO.US,5,20211122,155000,0.86,0.89,0.855049,0.889999,7130,0
MITO.US,5,20211122,155500,0.89,0.89,0.86,0.8878,5500,0
MITO.US,5,20211122,160000,0.86,0.889999,0.86,0.87,7325,0
MITO.US,5,20211122,160500,0.85,0.86,0.85,0.86,10618,0
MITO.US,5,20211122,161000,0.87,0.87,0.8699,0.8699,2400,0
MITO.US,5,20211122,162000,0.8697,0.8697,0.869599,0.8697,2890,0
MITO.US,5,20211122,162500,0.8602,0.8603,0.8602,0.8603,6024,0
MITO.US,5,20211122,163500,0.8613,0.8614,0.8612,0.8614,1100,0
MITO.US,5,20211122,164000,0.869599,0.869599,0.85,0.855,10167,0
MITO.US,5,20211122,164500,0.8591,0.86,0.8591,0.86,760,0
MITO.US,5,20211122,165000,0.852,0.852,0.8201,0.8201,4900,0
MITO.US,5,20211122,165500,0.8411,0.8411,0.83,0.83,700,0
MITO.US,5,20211122,170000,0.842,0.85,0.84,0.8401,14071,0
MITO.US,5,20211122,170500,0.84,0.84,0.8399,0.8399,11890,0
MITO.US,5,20211122,171000,0.839799,0.8399,0.839799,0.8399,500,0
MITO.US,5,20211122,172500,0.8399,0.84,0.8399,0.84,21311,0
MITO.US,5,20211122,173000,0.837501,0.8388,0.8375,0.8375,600,0
MITO.US,5,20211122,173500,0.8399,0.84,0.8376,0.8376,963,0
MITO.US,5,20211122,174000,0.84,0.84,0.8375,0.8375,3429,0
MITO.US,5,20211122,174500,0.8389,0.8389,0.8377,0.8377,770,0
MITO.US,5,20211122,175000,0.8377,0.8378,0.8377,0.8378,200,0
MITO.US,5,20211122,175500,0.84,0.84,0.837,0.8399,19764,0
MITO.US,5,20211122,180000,0.837,0.837,0.837,0.837,625,0
MITO.US,5,20211122,181000,0.8398,0.8398,0.837,0.837,1926,0
MITO.US,5,20211122,181500,0.8371,0.8371,0.837,0.837,6937,0
MITO.US,5,20211122,182000,0.822949,0.8299,0.822949,0.8299,200,0
MITO.US,5,20211122,182500,0.8278,0.8292,0.8275,0.8275,700,0
MITO.US,5,20211122,183500,0.8299,0.8299,0.828,0.828,1870,0
MITO.US,5,20211122,184000,0.8274,0.8274,0.8187,0.8194,3147,0
MITO.US,5,20211122,184500,0.8198,0.8199,0.8198,0.8198,634,0
MITO.US,5,20211122,185000,0.81005,0.8155,0.809899,0.809899,1900,0
MITO.US,5,20211122,185500,0.8099,0.8197,0.8086,0.8197,4747,0
MITO.US,5,20211122,190000,0.819599,0.819599,0.819599,0.819599,200,0
MITO.US,5,20211122,190500,0.819499,0.819499,0.819499,0.819499,100,0
MITO.US,5,20211122,191000,0.8171,0.8171,0.817,0.817001,2500,0
MITO.US,5,20211122,191500,0.8196,0.8196,0.8196,0.8196,400,0
MITO.US,5,20211122,192500,0.8195,0.8195,0.8195,0.8195,250,0
MITO.US,5,20211122,193000,0.815,0.815,0.8011,0.8011,4990,0
MITO.US,5,20211122,193500,0.8195,0.8195,0.8195,0.8195,300,0
MITO.US,5,20211122,194000,0.8149,0.8149,0.8149,0.8149,100,0
MITO.US,5,20211122,194500,0.8149,0.8149,0.8149,0.8149,500,0
MITO.US,5,20211122,195000,0.8194,0.8194,0.8038,0.8147,18933,0
MITO.US,5,20211122,195500,0.8102,0.8186,0.8102,0.8186,2100,0
MITO.US,5,20211122,200000,0.816,0.818,0.816,0.8179,2600,0
MITO.US,5,20211122,200500,0.8178,0.8178,0.8178,0.8178,6100,0
MITO.US,5,20211122,201000,0.8178,0.82,0.8178,0.8199,26390,0
MITO.US,5,20211122,201500,0.820101,0.838,0.820101,0.8377,19827,0
MITO.US,5,20211122,202000,0.829,0.829,0.829,0.829,700,0
MITO.US,5,20211122,203000,0.834,0.837,0.834,0.837,700,0
MITO.US,5,20211122,203500,0.834451,0.8348,0.8324,0.8348,700,0
MITO.US,5,20211122,204000,0.8346,0.8348,0.8346,0.8347,850,0
MITO.US,5,20211122,205000,0.8345,0.8346,0.8299,0.8299,2275,0
MITO.US,5,20211122,211000,0.8298,0.83,0.8298,0.8299,13868,0
MITO.US,5,20211122,211500,0.8297,0.8297,0.82001,0.82001,2197,0
MITO.US,5,20211122,212500,0.8298,0.8298,0.8298,0.8298,1590,0
MITO.US,5,20211122,213000,0.8298,0.8299,0.8298,0.8299,380,0
MITO.US,5,20211122,213500,0.8271,0.8271,0.8202,0.8202,2700,0
MITO.US,5,20211122,214000,0.8296,0.8298,0.8249,0.8298,15296,0
MITO.US,5,20211122,214500,0.829799,0.83,0.829799,0.8299,19097,0
MITO.US,5,20211122,215000,0.8299,0.8299,0.82985,0.8299,6300,0
MITO.US,5,20211122,215500,0.8298,0.8299,0.8298,0.8299,2221,0
MITO.US,5,20211123,153000,0.8437,0.8437,0.83,0.84,3155,0
MITO.US,5,20211123,153500,0.8314,0.835,0.8314,0.835,210,0
MITO.US,5,20211123,154000,0.8203,0.8203,0.8203,0.8203,438,0
MITO.US,5,20211123,154500,0.834,0.837,0.8339,0.836001,1450,0
MITO.US,5,20211123,155000,0.8369,0.8369,0.83,0.83,623,0
MITO.US,5,20211123,155500,0.8344,0.8344,0.8344,0.8344,100,0
MITO.US,5,20211123,160000,0.8363,0.8363,0.8363,0.8363,1915,0
MITO.US,5,20211123,160500,0.8365,0.8365,0.8362,0.8362,400,0
MITO.US,5,20211123,161000,0.83,0.83,0.8299,0.8299,950,0
MITO.US,5,20211123,161500,0.8299,0.8299,0.8251,0.8251,1982,0
MITO.US,5,20211123,162000,0.8251,0.8251,0.8251,0.8251,556,0
MITO.US,5,20211123,163000,0.825,0.8253,0.825,0.8253,2724,0
MITO.US,5,20211123,170000,0.8253,0.8253,0.8201,0.8201,1100,0
MITO.US,5,20211123,170500,0.8201,0.8201,0.8201,0.8201,1000,0
MITO.US,5,20211123,171000,0.8201,0.8201,0.8201,0.8201,100,0
MITO.US,5,20211123,171500,0.8228,0.8228,0.8228,0.8228,100,0
MITO.US,5,20211123,172000,0.833,0.833,0.8329,0.8329,200,0
MITO.US,5,20211123,172500,0.8261,0.8261,0.8261,0.8261,142,0
MITO.US,5,20211123,173000,0.8201,0.8202,0.82,0.8202,2545,0
MITO.US,5,20211123,173500,0.8201,0.8201,0.8201,0.8201,5100,0
MITO.US,5,20211123,174000,0.8201,0.8201,0.82,0.82,6687,0
MITO.US,5,20211123,174500,0.8201,0.8201,0.82,0.8201,26280,0
MITO.US,5,20211123,175000,0.8201,0.8201,0.82,0.82,4304,0
MITO.US,5,20211123,175500,0.8201,0.8201,0.8201,0.8201,480,0
MITO.US,5,20211123,180000,0.82,0.82,0.8176,0.8198,2900,0
MITO.US,5,20211123,181500,0.8195,0.82,0.8195,0.82,2100,0
MITO.US,5,20211123,182000,0.81555,0.8201,0.81555,0.8201,8155,0
MITO.US,5,20211123,182500,0.82,0.82,0.8184,0.8184,1900,0
MITO.US,5,20211123,183500,0.8198,0.8198,0.8198,0.8198,6100,0
MITO.US,5,20211123,184000,0.8199,0.8275,0.8199,0.8201,18350,0
MITO.US,5,20211123,184500,0.825,0.825,0.8201,0.8201,2039,0
MITO.US,5,20211123,185000,0.826,0.826,0.82595,0.82595,500,0
MITO.US,5,20211123,185500,0.825901,0.826,0.8259,0.826,898,0
MITO.US,5,20211123,190000,0.8299,0.83,0.8297,0.83,1280,0
MITO.US,5,20211123,191000,0.83,0.83,0.83,0.83,200,0
MITO.US,5,20211123,191500,0.83,0.83,0.8299,0.8299,2905,0
MITO.US,5,20211123,192000,0.827501,0.827501,0.827501,0.827501,200,0
MITO.US,5,20211123,193000,0.8299,0.8299,0.8299,0.8299,800,0
MITO.US,5,20211123,194000,0.8299,0.8299,0.8299,0.8299,720,0
MITO.US,5,20211123,194500,0.8298,0.8299,0.8298,0.8298,320,0
MITO.US,5,20211123,203000,0.8299,0.8299,0.8299,0.8299,100,0
MITO.US,5,20211123,205000,0.83,0.85,0.83,0.85,19181,0
MITO.US,5,20211123,205500,0.85,0.85,0.83,0.83,24775,0
MITO.US,5,20211123,210000,0.8499,0.8499,0.8369,0.8369,392,0
MITO.US,5,20211123,211500,0.8369,0.8369,0.8369,0.8369,300,0
MITO.US,5,20211123,213500,0.8368,0.8368,0.8368,0.8368,726,0
MITO.US,5,20211123,214000,0.836801,0.836801,0.836801,0.836801,101,0
MITO.US,5,20211123,215500,0.8499,0.85,0.8436,0.8436,16940,0
MITO.US,5,20211124,153000,0.85,0.85,0.8368,0.8368,862,0
MITO.US,5,20211124,153500,0.8434,0.8434,0.8434,0.8434,200,0
MITO.US,5,20211124,154000,0.849999,0.849999,0.849999,0.849999,400,0
MITO.US,5,20211124,155000,0.8368,0.8368,0.8368,0.8368,197,0
MITO.US,5,20211124,155500,0.8368,0.85,0.82,0.85,1205,0
MITO.US,5,20211124,160000,0.85,0.85,0.82,0.847999,10402,0
MITO.US,5,20211124,162000,0.84,0.84,0.84,0.84,1500,0
MITO.US,5,20211124,164000,0.825,0.847899,0.825,0.847899,663,0
MITO.US,5,20211124,165500,0.847899,0.847899,0.847899,0.847899,200,0
MITO.US,5,20211124,170500,0.8401,0.848,0.8401,0.8478,1415,0
MITO.US,5,20211124,172500,0.8401,0.8401,0.8322,0.8322,3416,0
MITO.US,5,20211124,174500,0.84799,0.848,0.84799,0.848,459,0
MITO.US,5,20211124,180500,0.84,0.84,0.84,0.84,2160,0
MITO.US,5,20211124,181000,0.847549,0.847549,0.847549,0.847549,100,0
MITO.US,5,20211124,181500,0.8499,0.8499,0.8499,0.8499,400,0
MITO.US,5,20211124,182000,0.85,0.85,0.85,0.85,2000,0
MITO.US,5,20211124,182500,0.85,0.85,0.84991,0.84991,1308,0
MITO.US,5,20211124,185000,0.8499,0.870601,0.8499,0.870601,83382,0
MITO.US,5,20211124,190000,0.88,0.88,0.87,0.87,1399,0
MITO.US,5,20211124,190500,0.85625,0.85625,0.85625,0.85625,350,0
MITO.US,5,20211124,191000,0.85,0.85,0.85,0.85,900,0
MITO.US,5,20211124,192500,0.85,0.85,0.85,0.85,100,0
MITO.US,5,20211124,193500,0.850629,0.850629,0.850629,0.850629,4300,0
MITO.US,5,20211124,195000,0.8593,0.8593,0.8593,0.8593,164,0
MITO.US,5,20211124,195500,0.866,0.866,0.8659,0.8659,22718,0
MITO.US,5,20211124,200500,0.8653,0.8653,0.8653,0.8653,100,0
MITO.US,5,20211124,201000,0.8653,0.8653,0.86,0.86,4066,0
MITO.US,5,20211124,201500,0.86,0.8627,0.86,0.86,4872,0
MITO.US,5,20211124,210500,0.8598,0.8598,0.8598,0.8598,500,0
MITO.US,5,20211124,213000,0.85525,0.85525,0.8505,0.8505,4920,0
MITO.US,5,20211124,215000,0.8513,0.8513,0.8513,0.8513,700,0
MITO.US,5,20211124,215500,0.86,0.8653,0.86,0.864,13720,0
MITO.US,5,20211126,153000,0.822,0.822,0.822,0.822,11261,0
MITO.US,5,20211126,153500,0.86,0.86,0.86,0.86,430,0
MITO.US,5,20211126,154000,0.875,0.876151,0.875,0.876151,2188,0
MITO.US,5,20211126,154500,0.86,0.87459,0.86,0.87,6109,0
MITO.US,5,20211126,155000,0.8685,0.8685,0.824,0.824,271,0
MITO.US,5,20211126,155500,0.854,0.854,0.854,0.854,100,0
MITO.US,5,20211126,161000,0.835,0.835,0.835,0.835,350,0
MITO.US,5,20211126,161500,0.835,0.835,0.83,0.8317,6995,0
MITO.US,5,20211126,162000,0.8302,0.8302,0.8302,0.8302,5000,0
MITO.US,5,20211126,162500,0.8717,0.8717,0.8717,0.8717,200,0
MITO.US,5,20211126,163000,0.87299,0.87299,0.8601,0.8601,3971,0
MITO.US,5,20211126,163500,0.86,0.86,0.86,0.86,500,0
MITO.US,5,20211126,164000,0.85,0.85,0.85,0.85,200,0
MITO.US,5,20211126,171000,0.845,0.845,0.845,0.845,1650,0
MITO.US,5,20211126,172000,0.8515,0.8515,0.8515,0.8515,120,0
MITO.US,5,20211126,172500,0.845,0.845,0.845,0.845,2000,0
MITO.US,5,20211126,173000,0.845,0.845,0.8321,0.8321,6432,0
MITO.US,5,20211126,173500,0.8397,0.8397,0.8397,0.8397,5000,0
MITO.US,5,20211126,175000,0.8399,0.8399,0.8398,0.8398,13400,0
MITO.US,5,20211126,180000,0.8301,0.8301,0.822,0.822,2000,0
MITO.US,5,20211126,182000,0.8235,0.8235,0.8235,0.8235,100,0
MITO.US,5,20211126,182500,0.8223,0.8398,0.8223,0.8398,1000,0
MITO.US,5,20211126,183500,0.8399,0.8399,0.8399,0.8399,370,0
MITO.US,5,20211126,184500,0.868,0.868,0.868,0.868,1119,0
MITO.US,5,20211126,185000,0.868,0.868,0.868,0.868,1000,0
MITO.US,5,20211129,153000,0.836,0.87,0.836,0.87,2524,0
MITO.US,5,20211129,153500,0.836,0.836,0.836,0.836,520,0
MITO.US,5,20211129,154000,0.841,0.8673,0.84,0.84,10104,0
MITO.US,5,20211129,155000,0.841,0.841,0.8401,0.841,1404,0
MITO.US,5,20211129,155500,0.864,0.864,0.864,0.864,100,0
MITO.US,5,20211129,161500,0.85,0.85,0.84,0.84,1250,0
MITO.US,5,20211129,163000,0.8402,0.8402,0.8402,0.8402,600,0
MITO.US,5,20211129,170000,0.8501,0.8501,0.8501,0.8501,5000,0
MITO.US,5,20211129,171000,0.8598,0.8598,0.8598,0.8598,100,0
MITO.US,5,20211129,173500,0.85,0.85,0.85,0.85,200,0
MITO.US,5,20211129,174500,0.859599,0.8596,0.859599,0.8596,998,0
MITO.US,5,20211129,175000,0.85,0.85,0.85,0.85,200,0
MITO.US,5,20211129,175500,0.8596,0.8596,0.8596,0.8596,150,0
MITO.US,5,20211129,182000,0.850101,0.850101,0.850101,0.850101,1500,0
MITO.US,5,20211129,184000,0.854951,0.854951,0.854951,0.854951,120,0
MITO.US,5,20211129,184500,0.855,0.855,0.855,0.855,300,0
MITO.US,5,20211129,190000,0.8589,0.8595,0.8589,0.8595,200,0
MITO.US,5,20211129,191500,0.8595,0.8595,0.8595,0.8595,320,0
MITO.US,5,20211129,192000,0.85525,0.85525,0.85525,0.85525,280,0
MITO.US,5,20211129,192500,0.85525,0.85525,0.85525,0.85525,1000,0
MITO.US,5,20211129,193500,0.8505,0.8563,0.85,0.8563,21710,0
MITO.US,5,20211129,194000,0.855,0.855,0.855,0.855,100,0
MITO.US,5,20211129,195000,0.855,0.855,0.855,0.855,100,0
MITO.US,5,20211129,201500,0.855,0.8559,0.855,0.8559,200,0
MITO.US,5,20211129,203000,0.856,0.8595,0.856,0.8595,1068,0
MITO.US,5,20211129,204500,0.8574,0.87,0.8574,0.87,11681,0
MITO.US,5,20211129,211000,0.8678,0.8678,0.8678,0.8678,126,0
MITO.US,5,20211129,212000,0.8553,0.8553,0.8553,0.8553,100,0
MITO.US,5,20211129,213000,0.86,0.867799,0.86,0.867799,700,0
MITO.US,5,20211129,213500,0.8679,0.8679,0.863949,0.863949,1116,0
MITO.US,5,20211129,215000,0.86,0.8665,0.86,0.863,500,0
MITO.US,5,20211129,215500,0.86,0.86,0.8502,0.8502,3123,0
MITO.US,5,20211130,153000,0.86,0.86,0.86,0.86,315,0
MITO.US,5,20211130,153500,0.86,0.86,0.854,0.854,1100,0
MITO.US,5,20211130,154500,0.86,0.86,0.86,0.86,580,0
MITO.US,5,20211130,155000,0.8521,0.8521,0.8521,0.8521,650,0
MITO.US,5,20211130,155500,0.862,0.899999,0.8619,0.899999,464,0
MITO.US,5,20211130,160000,0.850001,0.850001,0.850001,0.850001,200,0
MITO.US,5,20211130,162000,0.86,0.86,0.855,0.855,3200,0
MITO.US,5,20211130,162500,0.855,0.855,0.855,0.855,300,0
MITO.US,5,20211130,164000,0.855001,0.855001,0.85,0.85,3801,0
MITO.US,5,20211130,164500,0.867999,0.867999,0.867999,0.867999,700,0
MITO.US,5,20211130,170500,0.824001,0.8299,0.824001,0.8299,2957,0
MITO.US,5,20211130,171500,0.83,0.83,0.83,0.83,1313,0
MITO.US,5,20211130,172000,0.854999,0.854999,0.8223,0.8495,863,0
MITO.US,5,20211130,172500,0.83,0.83,0.83,0.83,300,0
MITO.US,5,20211130,173500,0.8299,0.8299,0.8299,0.8299,424,0
MITO.US,5,20211130,174000,0.8297,0.8297,0.8297,0.8297,3910,0
MITO.US,5,20211130,174500,0.8298,0.8298,0.8298,0.8298,500,0
MITO.US,5,20211130,175500,0.828,0.828,0.828,0.828,2884,0
MITO.US,5,20211130,182000,0.828,0.828,0.828,0.828,100,0
MITO.US,5,20211130,184000,0.829101,0.829101,0.829101,0.829101,1000,0
MITO.US,5,20211130,185500,0.829,0.829,0.829,0.829,114,0
MITO.US,5,20211130,191000,0.827949,0.827949,0.827949,0.827949,200,0
MITO.US,5,20211130,192500,0.8289,0.8289,0.8289,0.8289,300,0
MITO.US,5,20211130,193500,0.8289,0.829,0.8289,0.829,12493,0
MITO.US,5,20211130,194000,0.848,0.85,0.84,0.846384,8660,0
MITO.US,5,20211130,194500,0.85,0.85,0.849984,0.849984,600,0
MITO.US,5,20211130,200000,0.85,0.85,0.85,0.85,500,0
MITO.US,5,20211130,201500,0.85,0.85,0.8499,0.8499,703,0
MITO.US,5,20211130,204000,0.8467,0.8467,0.8291,0.8467,2200,0
MITO.US,5,20211130,212500,0.831,0.8405,0.831,0.8313,2499,0
MITO.US,5,20211130,215000,0.85,0.85,0.8435,0.8435,375,0
MITO.US,5,20211130,215500,0.85,0.85,0.8435,0.85,1231,0
MITO.US,5,20211201,153000,0.832,0.85,0.832,0.85,1688,0
MITO.US,5,20211201,154500,0.848,0.85,0.848,0.85,6175,0
MITO.US,5,20211201,155000,0.8414,0.868,0.8414,0.868,1000,0
MITO.US,5,20211201,160500,0.867999,0.867999,0.867999,0.867999,350,0
MITO.US,5,20211201,161500,0.8677,0.8677,0.8677,0.8677,4000,0
MITO.US,5,20211201,163000,0.855,0.855,0.8402,0.8402,2000,0
MITO.US,5,20211201,170500,0.84,0.84,0.84,0.84,3000,0
MITO.US,5,20211201,172000,0.8401,0.8401,0.8401,0.8401,100,0
MITO.US,5,20211201,174000,0.84,0.84,0.84,0.84,350,0
MITO.US,5,20211201,180000,0.8401,0.8439,0.8401,0.8439,300,0
MITO.US,5,20211201,180500,0.8459,0.8459,0.8459,0.8459,300,0
MITO.US,5,20211201,181000,0.8459,0.845903,0.84,0.84,1327,0
MITO.US,5,20211201,181500,0.84,0.84,0.84,0.84,100,0
MITO.US,5,20211201,183000,0.84,0.843,0.84,0.843,600,0
MITO.US,5,20211201,183500,0.84,0.8429,0.832,0.8321,7998,0
MITO.US,5,20211201,190000,0.835,0.835,0.83,0.8321,6879,0
MITO.US,5,20211201,193000,0.8321,0.83305,0.8321,0.83305,918,0
MITO.US,5,20211201,200000,0.835799,0.835799,0.8351,0.8351,280,0
MITO.US,5,20211201,200500,0.8357,0.8357,0.8357,0.8357,1000,0
MITO.US,5,20211201,201000,0.8322,0.8322,0.8321,0.8321,510,0
MITO.US,5,20211201,201500,0.83,0.8321,0.83,0.83,6833,0
MITO.US,5,20211201,202000,0.83,0.83,0.83,0.83,5695,0
MITO.US,5,20211201,202500,0.8309,0.8309,0.83,0.83,1700,0
MITO.US,5,20211201,203000,0.83,0.83,0.83,0.83,500,0
MITO.US,5,20211201,205000,0.8299,0.8299,0.8287,0.8287,840,0
MITO.US,5,20211201,210000,0.8286,0.8286,0.8286,0.8286,400,0
MITO.US,5,20211201,210500,0.826,0.826,0.826,0.826,200,0
MITO.US,5,20211201,211500,0.82675,0.8268,0.8118,0.8118,5238,0
MITO.US,5,20211201,212000,0.8031,0.807801,0.8031,0.807801,980,0
MITO.US,5,20211201,212500,0.807901,0.807901,0.807901,0.807901,450,0
MITO.US,5,20211201,213000,0.81,0.8112,0.81,0.8112,3400,0
MITO.US,5,20211201,213500,0.809,0.809,0.8,0.8029,2253,0
MITO.US,5,20211201,214000,0.8015,0.8015,0.801299,0.801299,1750,0
MITO.US,5,20211201,214500,0.8015,0.8167,0.8015,0.8167,7850,0
MITO.US,5,20211201,215000,0.8093,0.8169,0.8093,0.8169,3500,0
MITO.US,5,20211201,215500,0.8169,0.8169,0.8093,0.8093,600,0
MITO.US,5,20211202,153000,0.8,0.8,0.8,0.8,1181,0
MITO.US,5,20211202,154500,0.791552,0.791552,0.791552,0.791552,150,0
MITO.US,5,20211202,155000,0.817899,0.817899,0.817899,0.817899,106,0
MITO.US,5,20211202,160500,0.7999,0.7999,0.7999,0.7999,1000,0
MITO.US,5,20211202,161000,0.8097,0.8097,0.8097,0.8097,6500,0
MITO.US,5,20211202,162000,0.8096,0.8096,0.8096,0.8096,1289,0
MITO.US,5,20211202,162500,0.8097,0.8097,0.8097,0.8097,300,0
MITO.US,5,20211202,163000,0.8096,0.8096,0.8096,0.8096,3070,0
MITO.US,5,20211202,163500,0.8,0.8,0.8,0.8,500,0
MITO.US,5,20211202,164000,0.790001,0.790001,0.79,0.790001,2400,0
MITO.US,5,20211202,165000,0.797919,0.797919,0.797919,0.797919,320,0
MITO.US,5,20211202,165500,0.7908,0.7997,0.7908,0.7997,1280,0
MITO.US,5,20211202,170000,0.7997,0.7997,0.7912,0.799699,663,0
MITO.US,5,20211202,170500,0.7908,0.7908,0.7908,0.7908,290,0
MITO.US,5,20211202,180000,0.7908,0.81,0.7908,0.81,203,0
MITO.US,5,20211202,182000,0.7869,0.7869,0.7869,0.7869,200,0
MITO.US,5,20211202,184000,0.7932,0.7932,0.7932,0.7932,409,0
MITO.US,5,20211202,185000,0.7932,0.7932,0.7932,0.7932,2000,0
MITO.US,5,20211202,185500,0.79,0.792,0.787101,0.787101,4920,0
MITO.US,5,20211202,190500,0.7871,0.7871,0.7871,0.7871,200,0
MITO.US,5,20211202,191000,0.7871,0.7871,0.7871,0.7871,600,0
MITO.US,5,20211202,191500,0.7871,0.7871,0.7871,0.7871,422,0
MITO.US,5,20211202,192000,0.795049,0.795049,0.795049,0.795049,1000,0
MITO.US,5,20211202,192500,0.7871,0.7871,0.78,0.78,1244,0
MITO.US,5,20211202,193000,0.78,0.78,0.78,0.78,100,0
MITO.US,5,20211202,195000,0.78,0.78,0.78,0.78,1316,0
MITO.US,5,20211202,200000,0.789499,0.789499,0.789499,0.789499,442,0
MITO.US,5,20211202,201000,0.7863,0.7905,0.7863,0.7905,220,0
MITO.US,5,20211202,203000,0.7905,0.7905,0.7905,0.7905,312,0
MITO.US,5,20211202,210000,0.7968,0.7968,0.784001,0.784001,1000,0
MITO.US,5,20211202,212500,0.7847,0.7847,0.7847,0.7847,100,0
MITO.US,5,20211202,214000,0.7851,0.7968,0.7851,0.7968,15624,0
MITO.US,5,20211202,214500,0.7969,0.810899,0.7969,0.799,7521,0
MITO.US,5,20211202,215000,0.8089,0.811,0.799,0.8106,6387,0
MITO.US,5,20211202,215500,0.838,0.8433,0.838,0.8383,600,0
MITO.US,5,20211203,153000,0.8383,0.8383,0.8383,0.8383,1562,0
MITO.US,5,20211203,154000,0.83,0.83,0.8278,0.8278,1369,0
MITO.US,5,20211203,154500,0.8155,0.8155,0.8155,0.8155,320,0
MITO.US,5,20211203,155500,0.8001,0.8001,0.8,0.8,352,0
MITO.US,5,20211203,160000,0.785,0.785701,0.7801,0.7801,20580,0
MITO.US,5,20211203,161000,0.78,0.78,0.7621,0.7621,1320,0
MITO.US,5,20211203,161500,0.76,0.7603,0.742,0.75,34650,0
MITO.US,5,20211203,162000,0.75,0.7501,0.746,0.746,14680,0
MITO.US,5,20211203,162500,0.7504,0.7504,0.7485,0.7485,1201,0
MITO.US,5,20211203,163000,0.7859,0.7859,0.7601,0.7859,5687,0
MITO.US,5,20211203,163500,0.7859,0.7859,0.74,0.74,9688,0
MITO.US,5,20211203,164000,0.769999,0.77,0.7427,0.77,18250,0
MITO.US,5,20211203,165000,0.755,0.755,0.755,0.755,490,0
MITO.US,5,20211203,170000,0.77,0.77,0.77,0.77,1000,0
MITO.US,5,20211203,171000,0.77,0.77,0.755,0.7601,1826,0
MITO.US,5,20211203,171500,0.7699,0.769999,0.7699,0.769999,610,0
MITO.US,5,20211203,172000,0.7699,0.7699,0.7699,0.7699,1000,0
MITO.US,5,20211203,172500,0.7699,0.7699,0.7699,0.7699,1000,0
MITO.US,5,20211203,173000,0.76,0.76,0.76,0.76,100,0
MITO.US,5,20211203,173500,0.7599,0.78,0.7599,0.78,857,0
MITO.US,5,20211203,174000,0.769999,0.769999,0.769999,0.769999,1000,0
MITO.US,5,20211203,174500,0.7699,0.7699,0.7699,0.7699,4900,0
MITO.US,5,20211203,175500,0.7699,0.7699,0.76,0.76,2558,0
MITO.US,5,20211203,180500,0.798,0.798,0.798,0.798,400,0
MITO.US,5,20211203,182000,0.798,0.798,0.7929,0.7929,625,0
MITO.US,5,20211203,183500,0.780051,0.780051,0.780051,0.780051,1000,0
MITO.US,5,20211203,185500,0.770051,0.770051,0.770051,0.770051,400,0
MITO.US,5,20211203,190000,0.77,0.77,0.76,0.76,200,0
MITO.US,5,20211203,193500,0.7651,0.7651,0.7651,0.7651,1700,0
MITO.US,5,20211203,195000,0.78,0.7801,0.78,0.7801,3301,0
MITO.US,5,20211203,200500,0.78,0.7801,0.755,0.76,38984,0
MITO.US,5,20211203,201000,0.753201,0.753201,0.753201,0.753201,150,0
MITO.US,5,20211203,203000,0.7989,0.7989,0.7989,0.7989,128,0
MITO.US,5,20211203,203500,0.7608,0.77,0.7608,0.77,3100,0
MITO.US,5,20211203,204000,0.78,0.78,0.78,0.78,100,0
MITO.US,5,20211203,204500,0.785,0.785,0.785,0.785,451,0
MITO.US,5,20211203,205000,0.77,0.77,0.77,0.77,1211,0
MITO.US,5,20211203,205500,0.77,0.77,0.675,0.7101,66840,0
MITO.US,5,20211203,210000,0.7101,0.7201,0.7101,0.7201,7246,0
MITO.US,5,20211203,210500,0.7495,0.77,0.7495,0.77,4640,0
MITO.US,5,20211203,211000,0.7701,0.7701,0.75,0.76,33951,0
MITO.US,5,20211203,211500,0.75,0.76,0.7401,0.76,3321,0
MITO.US,5,20211203,213000,0.74,0.74025,0.74,0.74025,500,0
MITO.US,5,20211203,214500,0.74,0.74,0.74,0.74,100,0
MITO.US,5,20211203,215000,0.7599,0.76,0.7599,0.76,13712,0
MITO.US,5,20211203,215500,0.7617,0.7617,0.7601,0.7601,2384,0
MITO.US,5,20211206,153000,0.7225,0.73,0.7207,0.7207,2568,0
MITO.US,5,20211206,153500,0.73,0.73,0.73,0.73,1000,0
MITO.US,5,20211206,154000,0.73,0.73,0.73,0.73,103,0
MITO.US,5,20211206,155500,0.742,0.744,0.74188,0.74386,4326,0
MITO.US,5,20211206,160000,0.735,0.735,0.735,0.735,200,0
MITO.US,5,20211206,160500,0.7399,0.7399,0.7399,0.7399,120,0
MITO.US,5,20211206,161000,0.735,0.735,0.7321,0.735,402,0
MITO.US,5,20211206,162500,0.731,0.731,0.731,0.731,100,0
MITO.US,5,20211206,163000,0.732949,0.732949,0.732949,0.732949,300,0
MITO.US,5,20211206,163500,0.731,0.731,0.731,0.731,390,0
MITO.US,5,20211206,164500,0.7311,0.7311,0.7311,0.7311,1000,0
MITO.US,5,20211206,165500,0.7349,0.735,0.7349,0.735,4719,0
MITO.US,5,20211206,170000,0.735,0.7589,0.735,0.7589,21073,0
MITO.US,5,20211206,172000,0.7579,0.7599,0.7579,0.758,45160,0
MITO.US,5,20211206,172500,0.740101,0.740101,0.740101,0.740101,300,0
MITO.US,5,20211206,173000,0.758,0.768,0.758,0.768,1191,0
MITO.US,5,20211206,174000,0.7698,0.7698,0.768,0.768,1084,0
MITO.US,5,20211206,174500,0.7601,0.7601,0.7601,0.7601,5000,0
MITO.US,5,20211206,175000,0.7678,0.7678,0.760101,0.760101,2200,0
MITO.US,5,20211206,182000,0.7601,0.7601,0.7601,0.7601,250,0
MITO.US,5,20211206,182500,0.76,0.76,0.76,0.76,1500,0
MITO.US,5,20211206,183500,0.763901,0.763901,0.763901,0.763901,1818,0
MITO.US,5,20211206,190500,0.7678,0.77,0.7678,0.77,827,0
MITO.US,5,20211206,191500,0.78,0.78,0.78,0.78,192,0
MITO.US,5,20211206,193500,0.7899,0.7899,0.788,0.7899,3800,0
MITO.US,5,20211206,194000,0.796,0.796,0.79,0.796,5897,0
MITO.US,5,20211206,194500,0.794,0.795,0.794,0.795,300,0
MITO.US,5,20211206,195500,0.79,0.79,0.79,0.79,100,0
MITO.US,5,20211206,202500,0.79,0.79,0.79,0.79,200,0
MITO.US,5,20211206,203000,0.7937,0.793799,0.7937,0.793799,225,0
MITO.US,5,20211206,203500,0.79,0.79,0.79,0.79,9000,0
MITO.US,5,20211206,204000,0.7919,0.7919,0.79,0.7919,3400,0
MITO.US,5,20211206,211000,0.7919,0.7919,0.7919,0.7919,197,0
MITO.US,5,20211206,211500,0.7936,0.793899,0.7936,0.793899,650,0
MITO.US,5,20211206,212000,0.794,0.794,0.794,0.794,120,0
MITO.US,5,20211206,213500,0.7902,0.792,0.771,0.771,5204,0
MITO.US,5,20211206,214500,0.787,0.787,0.787,0.787,100,0
MITO.US,5,20211206,215500,0.78,0.7895,0.78,0.7895,2046,0
MITO.US,5,20211207,153000,0.77,0.8,0.77,0.77,2359,0
MITO.US,5,20211207,154500,0.786001,0.786001,0.786001,0.786001,1000,0
MITO.US,5,20211207,155000,0.7994,0.7994,0.77,0.77,20200,0
MITO.US,5,20211207,155500,0.78,0.78,0.78,0.78,200,0
MITO.US,5,20211207,160500,0.799999,0.799999,0.799999,0.799999,150,0
MITO.US,5,20211207,162000,0.8,0.82,0.790101,0.82,5632,0
MITO.US,5,20211207,163000,0.82,0.82,0.82,0.82,2000,0
MITO.US,5,20211207,164000,0.8,0.8,0.8,0.8,460,0
MITO.US,5,20211207,170000,0.8,0.8101,0.8,0.801,3011,0
MITO.US,5,20211207,170500,0.8102,0.815,0.8001,0.8001,10525,0
MITO.US,5,20211207,171000,0.8,0.82,0.8,0.82,1246,0
MITO.US,5,20211207,171500,0.82,0.82,0.82,0.82,663,0
MITO.US,5,20211207,173000,0.82,0.82,0.82,0.82,200,0
MITO.US,5,20211207,180500,0.84,0.84,0.82,0.82,1100,0
MITO.US,5,20211207,182000,0.8244,0.8245,0.8244,0.8244,3580,0
MITO.US,5,20211207,184000,0.84,0.84,0.84,0.84,200,0
MITO.US,5,20211207,184500,0.84,0.84,0.84,0.84,100,0
MITO.US,5,20211207,185000,0.84,0.84,0.84,0.84,100,0
MITO.US,5,20211207,185500,0.84,0.84,0.84,0.84,1855,0
MITO.US,5,20211207,190500,0.84,0.84,0.84,0.84,140,0
MITO.US,5,20211207,192000,0.8244,0.8244,0.8244,0.8244,170,0
MITO.US,5,20211207,200000,0.835006,0.835006,0.835006,0.835006,3000,0
MITO.US,5,20211207,202000,0.8352,0.8352,0.8352,0.8352,100,0
MITO.US,5,20211207,202500,0.8375,0.8375,0.8375,0.8375,477,0
MITO.US,5,20211207,205000,0.83078,0.83078,0.83078,0.83078,2005,0
MITO.US,5,20211207,210000,0.8375,0.8375,0.8375,0.8375,1000,0
MITO.US,5,20211207,212000,0.8354,0.8354,0.8354,0.8354,1000,0
MITO.US,5,20211207,212500,0.8355,0.8355,0.8355,0.8355,5000,0
MITO.US,5,20211207,213500,0.8367,0.8367,0.8356,0.8356,5500,0
MITO.US,5,20211207,214000,0.8356,0.8361,0.8356,0.8361,2340,0
MITO.US,5,20211207,214500,0.8381,0.8381,0.8362,0.8362,300,0
MITO.US,5,20211207,215000,0.83621,0.83621,0.83621,0.83621,109,0
MITO.US,5,20211207,215500,0.837,0.8399,0.837,0.8371,2180,0
MITO.US,5,20211208,153000,0.8371,0.8371,0.835,0.835,1138,0
MITO.US,5,20211208,153500,0.8201,0.820101,0.82,0.820101,14388,0
MITO.US,5,20211208,154500,0.820201,0.820201,0.820201,0.820201,700,0
MITO.US,5,20211208,155000,0.8299,0.8299,0.8299,0.8299,121,0
MITO.US,5,20211208,160000,0.820101,0.820596,0.820101,0.820596,265,0
MITO.US,5,20211208,160500,0.82505,0.835,0.82505,0.835,394,0
MITO.US,5,20211208,161500,0.8201,0.8201,0.8201,0.8201,100,0
MITO.US,5,20211208,162000,0.820101,0.834999,0.820101,0.834999,967,0
MITO.US,5,20211208,163500,0.8201,0.8201,0.8201,0.8201,420,0
MITO.US,5,20211208,164000,0.8203,0.8203,0.82,0.82,7974,0
MITO.US,5,20211208,172500,0.8201,0.8201,0.8201,0.8201,100,0
MITO.US,5,20211208,174000,0.82,0.82,0.82,0.82,160,0
MITO.US,5,20211208,174500,0.82,0.82,0.82,0.82,200,0
MITO.US,5,20211208,180000,0.82,0.82,0.82,0.82,600,0
MITO.US,5,20211208,180500,0.8202,0.8202,0.8202,0.8202,570,0
MITO.US,5,20211208,181000,0.8202,0.8202,0.8202,0.8202,400,0
MITO.US,5,20211208,182500,0.82,0.82,0.82,0.82,5000,0
MITO.US,5,20211208,200500,0.835,0.835,0.835,0.835,995,0
MITO.US,5,20211208,201500,0.83,0.83,0.83,0.83,1225,0
MITO.US,5,20211208,210000,0.84,0.859999,0.84,0.859999,1400,0
MITO.US,5,20211209,160000,0.84,0.85,0.84,0.8452,6509,0
MITO.US,5,20211209,160500,0.86,0.9499,0.86,0.895,23388,0
MITO.US,5,20211209,161000,0.8928,0.8928,0.8928,0.8928,100,0
MITO.US,5,20211209,161500,0.88,0.88,0.84,0.84,2722,0
MITO.US,5,20211209,162000,0.845201,0.845201,0.8414,0.8414,300,0
MITO.US,5,20211209,163500,0.8451,0.8451,0.8375,0.8375,13063,0
MITO.US,5,20211209,164000,0.8301,0.8301,0.8301,0.8301,400,0
MITO.US,5,20211209,165000,0.8301,0.8301,0.8301,0.8301,200,0
MITO.US,5,20211209,173500,0.86,0.86,0.86,0.86,1830,0
MITO.US,5,20211209,180500,0.85,0.85,0.85,0.85,550,0
MITO.US,5,20211209,181000,0.859899,0.859899,0.859899,0.859899,100,0
MITO.US,5,20211209,181500,0.859999,0.859999,0.8402,0.8402,441,0
MITO.US,5,20211209,192500,0.840101,0.840101,0.840101,0.840101,301,0
MITO.US,5,20211209,193000,0.849999,0.849999,0.849999,0.849999,116,0
MITO.US,5,20211209,195000,0.84,0.84,0.84,0.84,1589,0
MITO.US,5,20211209,201000,0.84,0.84,0.84,0.84,5000,0
MITO.US,5,20211209,202500,0.849999,0.85,0.849999,0.85,4178,0
MITO.US,5,20211209,203500,0.85999,0.85999,0.85999,0.85999,100,0
MITO.US,5,20211209,204000,0.849999,0.849999,0.849999,0.849999,100,0
MITO.US,5,20211209,204500,0.84,0.84,0.83,0.83,2406,0
MITO.US,5,20211209,205000,0.83,0.83,0.83,0.83,100,0
MITO.US,5,20211209,210500,0.83,0.83,0.82,0.8203,1500,0
MITO.US,5,20211209,214500,0.830001,0.830001,0.830001,0.830001,100,0
MITO.US,5,20211209,215000,0.8444,0.8444,0.8373,0.8373,709,0
MITO.US,5,20211210,153000,0.8373,0.855,0.8373,0.853266,610,0
MITO.US,5,20211210,153500,0.855,0.8934,0.855,0.855,10000,0
MITO.US,5,20211210,155500,0.8934,0.8934,0.8934,0.8934,200,0
MITO.US,5,20211210,160000,0.89,0.89,0.89,0.89,300,0
MITO.US,5,20211210,160500,0.89,0.89,0.879676,0.879676,400,0
MITO.US,5,20211210,161500,0.87,0.87,0.87,0.87,500,0
MITO.US,5,20211210,162500,0.8505,0.8505,0.8505,0.8505,1000,0
MITO.US,5,20211210,163500,0.87,0.87,0.87,0.87,339,0
MITO.US,5,20211210,170000,0.8399,0.8399,0.8399,0.8399,1190,0
MITO.US,5,20211210,173000,0.8398,0.8398,0.8398,0.8398,1000,0
MITO.US,5,20211210,173500,0.8378,0.8378,0.8378,0.8378,143,0
MITO.US,5,20211210,175000,0.835,0.835,0.835,0.835,100,0
MITO.US,5,20211210,181000,0.8399,0.8399,0.8399,0.8399,900,0
MITO.US,5,20211210,182000,0.832,0.832,0.832,0.832,600,0
MITO.US,5,20211210,182500,0.8399,0.8399,0.832,0.832,3965,0
MITO.US,5,20211210,184500,0.8321,0.8321,0.8321,0.8321,500,0
MITO.US,5,20211210,185000,0.84,0.84,0.84,0.84,173,0
MITO.US,5,20211210,201500,0.83999,0.83999,0.83999,0.83999,100,0
MITO.US,5,20211210,202000,0.84,0.89,0.84,0.89,5843,0
MITO.US,5,20211210,202500,0.832,0.835,0.832,0.835,1201,0
MITO.US,5,20211210,203000,0.89,0.89,0.89,0.89,300,0
MITO.US,5,20211210,204500,0.89,0.89,0.8625,0.8625,2200,0
MITO.US,5,20211210,205000,0.8899,0.89,0.8899,0.89,200,0
MITO.US,5,20211210,205500,0.89,0.89,0.89,0.89,200,0
MITO.US,5,20211210,212000,0.865,0.865,0.865,0.865,100,0
MITO.US,5,20211210,212500,0.8559,0.8651,0.8559,0.8651,543,0
MITO.US,5,20211210,213000,0.89,0.89,0.89,0.89,1128,0
MITO.US,5,20211210,215500,0.8645,0.8645,0.8645,0.8645,307,0
MITO.US,5,20211213,153000,0.914,0.914,0.914,0.914,3366,0
MITO.US,5,20211213,153500,0.8601,0.8601,0.8601,0.8601,150,0
MITO.US,5,20211213,155000,0.88,0.88,0.88,0.88,922,0
MITO.US,5,20211213,160000,0.9148,0.915,0.9148,0.915,5457,0
MITO.US,5,20211213,160500,0.9099,0.9099,0.9099,0.9099,400,0
MITO.US,5,20211213,161000,0.8699,0.87,0.8698,0.8698,3952,0
MITO.US,5,20211213,162000,0.87,0.87,0.87,0.87,500,0
MITO.US,5,20211213,162500,0.8727,0.8727,0.87,0.87,7828,0
MITO.US,5,20211213,163000,0.870099,0.870099,0.86015,0.8602,11694,0
MITO.US,5,20211213,163500,0.8602,0.9,0.8601,0.8601,1915,0
MITO.US,5,20211213,165500,0.860101,0.860101,0.860101,0.860101,100,0
MITO.US,5,20211213,172000,0.8602,0.8602,0.8602,0.8602,3400,0
MITO.US,5,20211213,173000,0.8601,0.8601,0.8601,0.8601,1000,0
MITO.US,5,20211213,174500,0.8628,0.8628,0.8601,0.8602,2400,0
MITO.US,5,20211213,175500,0.8602,0.86893,0.8602,0.86893,1100,0
MITO.US,5,20211213,181000,0.8604,0.8604,0.8604,0.8604,4000,0
MITO.US,5,20211213,185000,0.8601,0.8602,0.8601,0.8601,2070,0
MITO.US,5,20211213,201000,0.852,0.852,0.85,0.85,874,0
MITO.US,5,20211213,202500,0.850899,0.850899,0.850899,0.850899,4000,0
MITO.US,5,20211213,203500,0.84,0.84,0.84,0.84,1500,0
MITO.US,5,20211213,204000,0.84,0.8401,0.84,0.8401,600,0
MITO.US,5,20211213,210500,0.86,0.86,0.86,0.86,1170,0
MITO.US,5,20211213,214000,0.8601,0.8602,0.85,0.8526,10142,0
MITO.US,5,20211213,214500,0.85,0.85,0.85,0.85,200,0
MITO.US,5,20211213,215000,0.8542,0.8542,0.8542,0.8542,100,0
MITO.US,5,20211213,215500,0.8501,0.8502,0.85,0.85,1221,0
MITO.US,5,20211214,153000,0.84,0.865,0.84,0.865,2461,0
MITO.US,5,20211214,154000,0.84,0.84,0.84,0.84,1000,0
MITO.US,5,20211214,154500,0.89,0.89,0.89,0.89,2600,0
MITO.US,5,20211214,160000,0.8798,0.8798,0.8797,0.8797,1238,0
MITO.US,5,20211214,161000,0.879899,0.8799,0.879899,0.8799,5000,0
MITO.US,5,20211214,162500,0.840101,0.840101,0.84,0.84,10392,0
MITO.US,5,20211214,163500,0.84,0.841996,0.84,0.841996,4360,0
MITO.US,5,20211214,164000,0.8799,0.8799,0.8799,0.8799,300,0
MITO.US,5,20211214,165500,0.8599,0.8599,0.8599,0.8599,500,0
MITO.US,5,20211214,170000,0.84,0.84,0.84,0.84,172,0
MITO.US,5,20211214,174000,0.84,0.84,0.84,0.84,490,0
MITO.US,5,20211214,174500,0.84,0.84,0.84,0.84,450,0
MITO.US,5,20211214,175000,0.8798,0.8798,0.8798,0.8798,400,0
MITO.US,5,20211214,180500,0.85,0.85,0.85,0.85,5190,0
MITO.US,5,20211214,183000,0.85,0.85,0.85,0.85,300,0
MITO.US,5,20211214,183500,0.85,0.850597,0.8421,0.8421,6342,0
MITO.US,5,20211214,184000,0.8649,0.8649,0.8649,0.8649,500,0
MITO.US,5,20211214,184500,0.8462,0.8494,0.84,0.8444,2033,0
MITO.US,5,20211214,185500,0.832068,0.832068,0.832068,0.832068,107,0
MITO.US,5,20211214,192500,0.8402,0.8402,0.8402,0.8402,3000,0
MITO.US,5,20211214,201500,0.84,0.84,0.84,0.84,200,0
MITO.US,5,20211214,202000,0.85,0.85,0.8472,0.8472,1600,0
MITO.US,5,20211214,203000,0.8402,0.8402,0.8402,0.8402,100,0
MITO.US,5,20211214,212000,0.8544,0.8544,0.8544,0.8544,100,0
MITO.US,5,20211214,212500,0.8544,0.86,0.8544,0.86,220,0
MITO.US,5,20211214,214000,0.854299,0.854299,0.854299,0.854299,1000,0
MITO.US,5,20211214,215000,0.8544,0.8544,0.8544,0.8544,100,0
MITO.US,5,20211215,153000,0.83,0.83,0.83,0.83,385,0
MITO.US,5,20211215,154000,0.8203,0.8203,0.8203,0.8203,100,0
MITO.US,5,20211215,155500,0.8204,0.8204,0.8204,0.8204,2500,0
MITO.US,5,20211215,160000,0.8297,0.8297,0.8297,0.8297,250,0
MITO.US,5,20211215,160500,0.8299,0.8544,0.8251,0.8544,4000,0
MITO.US,5,20211215,162000,0.8544,0.8544,0.8544,0.8544,500,0
MITO.US,5,20211215,163000,0.83,0.83,0.83,0.83,100,0
MITO.US,5,20211215,164000,0.8415,0.842,0.8415,0.842,771,0
MITO.US,5,20211215,165000,0.8451,0.8451,0.8451,0.8451,100,0
MITO.US,5,20211215,173500,0.8498,0.8498,0.8498,0.8498,100,0
MITO.US,5,20211215,174500,0.84501,0.84501,0.84501,0.84501,550,0
MITO.US,5,20211215,175500,0.845,0.8462,0.845,0.8462,2233,0
MITO.US,5,20211215,180000,0.845,0.8451,0.845,0.8451,3975,0
MITO.US,5,20211215,180500,0.8451,0.8451,0.845,0.845,6896,0
MITO.US,5,20211215,181500,0.845,0.845,0.845,0.845,1312,0
MITO.US,5,20211215,183000,0.84505,0.84505,0.8203,0.8203,13439,0
MITO.US,5,20211215,184000,0.83,0.83,0.8203,0.820301,5635,0
MITO.US,5,20211215,190000,0.8203,0.8203,0.8203,0.8203,1500,0
MITO.US,5,20211215,191000,0.820301,0.820301,0.820301,0.820301,4000,0
MITO.US,5,20211215,192000,0.8204,0.8204,0.8204,0.8204,3000,0
MITO.US,5,20211215,192500,0.8327,0.8327,0.8327,0.8327,1000,0
MITO.US,5,20211215,200500,0.8499,0.8499,0.8499,0.8499,400,0
MITO.US,5,20211215,205500,0.8203,0.8203,0.8203,0.8203,1000,0
MITO.US,5,20211215,210000,0.849799,0.849799,0.849799,0.849799,100,0
MITO.US,5,20211215,210500,0.84,0.84,0.8204,0.8204,730,0
MITO.US,5,20211215,211500,0.8499,0.8499,0.8499,0.8499,118,0
MITO.US,5,20211215,212000,0.8434,0.8434,0.8385,0.84,1282,0
MITO.US,5,20211215,214000,0.8393,0.8393,0.8393,0.8393,300,0
MITO.US,5,20211215,214500,0.8392,0.8392,0.8392,0.8392,100,0
MITO.US,5,20211215,215000,0.8392,0.8392,0.8392,0.8392,200,0
MITO.US,5,20211215,215500,0.8392,0.8392,0.8392,0.8392,100,0
MITO.US,5,20211216,153000,0.823,0.8476,0.8203,0.8476,742,0
MITO.US,5,20211216,165000,0.8476,0.8476,0.822001,0.8475,729,0
MITO.US,5,20211216,170500,0.834749,0.834749,0.8,0.8338,25292,0
MITO.US,5,20211216,173000,0.8021,0.8021,0.8021,0.8021,100,0
MITO.US,5,20211216,173500,0.81001,0.8107,0.81001,0.8107,763,0
MITO.US,5,20211216,180000,0.810201,0.8136,0.8101,0.8104,5300,0
MITO.US,5,20211216,182500,0.8439,0.8439,0.8439,0.8439,200,0
MITO.US,5,20211216,184500,0.839999,0.839999,0.8138,0.8138,5300,0
MITO.US,5,20211216,191000,0.83,0.83,0.83,0.83,100,0
MITO.US,5,20211216,195000,0.829899,0.829899,0.829899,0.829899,1500,0
MITO.US,5,20211216,200000,0.8201,0.825,0.82,0.8202,7162,0
MITO.US,5,20211216,202500,0.825,0.825,0.825,0.825,120,0
MITO.US,5,20211216,203000,0.82255,0.825,0.8225,0.8225,1020,0
MITO.US,5,20211216,203500,0.825,0.825,0.825,0.825,3000,0
MITO.US,5,20211216,210500,0.8201,0.8202,0.8201,0.8202,1200,0
MITO.US,5,20211216,213000,0.820101,0.820101,0.82,0.82,200,0
MITO.US,5,20211216,214500,0.8471,0.8471,0.8471,0.8471,500,0
MITO.US,5,20211216,215000,0.8202,0.843779,0.8202,0.843779,5512,0
MITO.US,5,20211216,215500,0.8252,0.828,0.8225,0.828,2629,0
MITO.US,5,20211217,153000,0.8165,0.8165,0.8165,0.8165,114,0
MITO.US,5,20211217,154500,0.7805,0.7805,0.7805,0.7805,106,0
MITO.US,5,20211217,160500,0.825,0.825,0.8225,0.8225,300,0
MITO.US,5,20211217,161000,0.8201,0.8201,0.8201,0.8201,100,0
MITO.US,5,20211217,165000,0.847438,0.847438,0.847438,0.847438,250,0
MITO.US,5,20211217,181500,0.88,0.906099,0.88,0.906099,1005,0
MITO.US,5,20211217,184500,0.885,0.895551,0.885,0.895551,2350,0
MITO.US,5,20211217,185000,0.89,0.89,0.89,0.89,1600,0
MITO.US,5,20211217,190000,0.8851,0.8851,0.8687,0.8687,1825,0
MITO.US,5,20211217,190500,0.84,0.84,0.84,0.84,1300,0
MITO.US,5,20211217,201500,0.8402,0.8402,0.8402,0.8402,800,0
MITO.US,5,20211217,203000,0.842,0.842,0.842,0.842,1000,0
MITO.US,5,20211217,215000,0.8654,0.87,0.8654,0.87,453,0
MITO.US,5,20211220,153000,0.8011,0.8011,0.8011,0.8011,485,0
MITO.US,5,20211220,160500,0.8325,0.835,0.8325,0.835,400,0
MITO.US,5,20211220,161000,0.835,0.835,0.835,0.835,600,0
MITO.US,5,20211220,161500,0.84,0.893,0.84,0.893,618,0
MITO.US,5,20211220,163000,0.87,0.87,0.87,0.87,250,0
MITO.US,5,20211220,163500,0.84,0.84,0.81,0.81,3267,0
MITO.US,5,20211220,172500,0.838901,0.838901,0.838901,0.838901,600,0
MITO.US,5,20211220,174000,0.84,0.841501,0.84,0.84,1000,0
MITO.US,5,20211220,175000,0.84,0.8401,0.84,0.8401,533,0
MITO.US,5,20211220,175500,0.84,0.845251,0.84,0.845251,950,0
MITO.US,5,20211220,182000,0.8466,0.855142,0.8466,0.855142,1000,0
MITO.US,5,20211220,183000,0.8466,0.8466,0.8466,0.8466,111,0
MITO.US,5,20211220,185500,0.8466,0.8466,0.8466,0.8466,833,0
MITO.US,5,20211220,194000,0.8581,0.8581,0.8581,0.8581,500,0
MITO.US,5,20211220,204000,0.8466,0.8499,0.8466,0.8499,797,0
MITO.US,5,20211220,204500,0.8467,0.8471,0.8466,0.8471,1400,0
MITO.US,5,20211220,205000,0.8472,0.8472,0.8472,0.8472,200,0
MITO.US,5,20211220,205500,0.8471,0.8471,0.8471,0.8471,177,0
MITO.US,5,20211220,210500,0.8471,0.8471,0.8471,0.8471,100,0
MITO.US,5,20211220,214500,0.8471,0.8471,0.8471,0.8471,500,0
MITO.US,5,20211220,215500,0.86,0.86,0.8525,0.855,1200,0
MITO.US,5,20211221,153000,0.87776,0.87776,0.87776,0.87776,250,0
MITO.US,5,20211221,154500,0.888799,0.888799,0.870399,0.870399,700,0
MITO.US,5,20211221,155000,0.885,0.885,0.885,0.885,1000,0
MITO.US,5,20211221,155500,0.85201,0.85201,0.85201,0.85201,800,0
MITO.US,5,20211221,161000,0.88,0.88,0.88,0.88,1000,0
MITO.US,5,20211221,162000,0.8632,0.8632,0.8623,0.8623,200,0
MITO.US,5,20211221,162500,0.8621,0.8621,0.8621,0.8621,700,0
MITO.US,5,20211221,165500,0.8521,0.8521,0.8521,0.8521,130,0
MITO.US,5,20211221,170500,0.8521,0.856,0.8521,0.856,1300,0
MITO.US,5,20211221,171000,0.8521,0.8523,0.8521,0.8523,438,0
MITO.US,5,20211221,171500,0.859899,0.859899,0.856,0.856,5300,0
MITO.US,5,20211221,172000,0.86,0.86,0.857,0.857,1600,0
MITO.US,5,20211221,173000,0.8521,0.8523,0.85,0.85,7816,0
MITO.US,5,20211221,174000,0.8541,0.8541,0.8541,0.8541,100,0
MITO.US,5,20211221,182000,0.854,0.854,0.854,0.854,700,0
MITO.US,5,20211221,190500,0.854,0.854,0.82,0.821,11975,0
MITO.US,5,20211221,191000,0.8541,0.8574,0.8541,0.8574,2000,0
MITO.US,5,20211221,191500,0.857299,0.857299,0.857299,0.857299,1000,0
MITO.US,5,20211221,192000,0.8574,0.8574,0.8571,0.8571,1000,0
MITO.US,5,20211221,193500,0.8567,0.8567,0.8567,0.8567,1498,0
MITO.US,5,20211221,201000,0.825216,0.825216,0.825216,0.825216,258,0
MITO.US,5,20211221,202500,0.8574,0.86,0.8574,0.86,10000,0
MITO.US,5,20211221,210000,0.849999,0.849999,0.849999,0.849999,2900,0
MITO.US,5,20211221,210500,0.8402,0.8402,0.8402,0.8402,1000,0
MITO.US,5,20211221,212000,0.8599,0.8599,0.8598,0.8598,1370,0
MITO.US,5,20211221,212500,0.86,0.86,0.86,0.86,475,0
MITO.US,5,20211221,213000,0.86,0.86,0.86,0.86,5000,0
MITO.US,5,20211221,213500,0.86,0.86,0.86,0.86,5400,0
MITO.US,5,20211221,214000,0.8597,0.86,0.8597,0.86,600,0
MITO.US,5,20211221,214500,0.86,0.86,0.86,0.86,161,0
MITO.US,5,20211221,215000,0.856501,0.862,0.856501,0.862,200,0
MITO.US,5,20211221,215500,0.862,0.862,0.86,0.86,848,0
MITO.US,5,20211222,153000,0.8583,0.8583,0.8583,0.8583,1769,0
MITO.US,5,20211222,153500,0.8488,0.8488,0.8488,0.8488,3000,0
MITO.US,5,20211222,154500,0.8267,0.8288,0.8257,0.8257,3315,0
MITO.US,5,20211222,155500,0.8488,0.8488,0.84,0.84,300,0
MITO.US,5,20211222,161000,0.848257,0.848257,0.848257,0.848257,362,0
MITO.US,5,20211222,161500,0.8488,0.8488,0.8488,0.8488,323,0
MITO.US,5,20211222,162000,0.859899,0.86,0.83,0.83,3900,0
MITO.US,5,20211222,163500,0.8598,0.8598,0.8598,0.8598,6000,0
MITO.US,5,20211222,164000,0.86,0.86,0.86,0.86,1850,0
MITO.US,5,20211222,165500,0.827001,0.827001,0.827001,0.827001,143,0
MITO.US,5,20211222,170500,0.83,0.83,0.83,0.83,121,0
MITO.US,5,20211222,171000,0.8499,0.8499,0.8499,0.8499,500,0
MITO.US,5,20211222,171500,0.85,0.85,0.847001,0.85,12584,0
MITO.US,5,20211222,172000,0.8321,0.8321,0.8321,0.8321,1000,0
MITO.US,5,20211222,180000,0.8338,0.8338,0.8338,0.8338,800,0
MITO.US,5,20211222,181000,0.8338,0.8338,0.8338,0.8338,100,0
MITO.US,5,20211222,182500,0.85,0.85,0.85,0.85,300,0
MITO.US,5,20211222,183500,0.8401,0.85,0.8401,0.85,1100,0
MITO.US,5,20211222,184000,0.8401,0.8401,0.8401,0.8401,500,0
MITO.US,5,20211222,190500,0.85,0.85,0.8403,0.8403,200,0
MITO.US,5,20211222,192500,0.8404,0.8404,0.8404,0.8404,100,0
MITO.US,5,20211222,195500,0.8499,0.85,0.8477,0.85,9075,0
MITO.US,5,20211222,200000,0.8499,0.84995,0.84,0.84,7683,0
MITO.US,5,20211222,200500,0.8394,0.8499,0.83,0.83,6735,0
MITO.US,5,20211222,201500,0.8398,0.8398,0.8375,0.8375,7600,0
MITO.US,5,20211222,210000,0.835,0.835,0.835,0.835,100,0
MITO.US,5,20211222,211500,0.8377,0.84,0.8377,0.84,2700,0
MITO.US,5,20211222,212000,0.8399,0.8399,0.8399,0.8399,200,0
MITO.US,5,20211222,212500,0.84,0.84,0.84,0.84,1000,0
MITO.US,5,20211222,213500,0.83995,0.83995,0.83995,0.83995,100,0
MITO.US,5,20211222,214500,0.84,0.84,0.84,0.84,119,0
MITO.US,5,20211222,215000,0.8399,0.84,0.8399,0.8399,500,0
MITO.US,5,20211222,215500,0.84,0.84,0.84,0.84,400,0
MITO.US,5,20211223,153000,0.82,0.84,0.82,0.82,4323,0
MITO.US,5,20211223,153500,0.82,0.82,0.81095,0.81095,500,0
MITO.US,5,20211223,154500,0.8155,0.8155,0.8155,0.8155,300,0
MITO.US,5,20211223,155000,0.811101,0.82,0.811101,0.82,2190,0
MITO.US,5,20211223,155500,0.8155,0.82,0.8155,0.82,27109,0
MITO.US,5,20211223,160000,0.83,0.83,0.82,0.82,2665,0
MITO.US,5,20211223,161500,0.8111,0.8111,0.8111,0.8111,1100,0
MITO.US,5,20211223,162000,0.82,0.82,0.8111,0.8121,6800,0
MITO.US,5,20211223,163000,0.8111,0.8111,0.8111,0.8111,200,0
MITO.US,5,20211223,163500,0.811016,0.8111,0.811016,0.811096,3300,0
MITO.US,5,20211223,164500,0.8111,0.8111,0.8111,0.8111,385,0
MITO.US,5,20211223,165500,0.82,0.82,0.816,0.82,15181,0
MITO.US,5,20211223,170500,0.82,0.82,0.82,0.82,1800,0
MITO.US,5,20211223,171000,0.8201,0.8201,0.8201,0.8201,372,0
MITO.US,5,20211223,172500,0.8201,0.8298,0.8201,0.8298,4800,0
MITO.US,5,20211223,173000,0.83,0.83,0.83,0.83,200,0
MITO.US,5,20211223,174500,0.8252,0.8252,0.8251,0.8251,300,0
MITO.US,5,20211223,175000,0.825,0.825,0.825,0.825,300,0
MITO.US,5,20211223,175500,0.8251,0.8251,0.8251,0.8251,600,0
MITO.US,5,20211223,180000,0.8251,0.8251,0.8251,0.8251,300,0
MITO.US,5,20211223,181500,0.8251,0.8251,0.825098,0.825098,1100,0
MITO.US,5,20211223,183000,0.825,0.825,0.825,0.825,200,0
MITO.US,5,20211223,184000,0.825,0.825,0.825,0.825,1000,0
MITO.US,5,20211223,184500,0.825,0.825,0.82,0.825,2000,0
MITO.US,5,20211223,192000,0.82,0.8201,0.82,0.8201,5000,0
MITO.US,5,20211223,192500,0.82,0.82,0.82,0.82,200,0
MITO.US,5,20211223,193000,0.82,0.8201,0.82,0.82,4221,0
MITO.US,5,20211223,193500,0.8201,0.8201,0.8201,0.8201,223,0
MITO.US,5,20211223,194000,0.8201,0.8201,0.82,0.82,1000,0
MITO.US,5,20211223,195000,0.82,0.82,0.82,0.82,250,0
MITO.US,5,20211223,195500,0.820001,0.820001,0.820001,0.820001,1000,0
MITO.US,5,20211223,200000,0.82,0.82,0.82,0.82,1000,0
MITO.US,5,20211223,202000,0.8201,0.8201,0.8201,0.8201,100,0
MITO.US,5,20211223,203000,0.82,0.82,0.82,0.82,841,0
MITO.US,5,20211223,204000,0.82,0.8201,0.82,0.8201,3560,0
MITO.US,5,20211223,204500,0.82,0.82,0.82,0.82,200,0
MITO.US,5,20211223,205000,0.82,0.82,0.8111,0.8117,6249,0
MITO.US,5,20211223,205500,0.8112,0.8114,0.8107,0.8114,1538,0
MITO.US,5,20211223,210500,0.8168,0.8168,0.81,0.81,1400,0
MITO.US,5,20211223,212500,0.8399,0.8399,0.83,0.83,1400,0
MITO.US,5,20211223,215000,0.81,0.81,0.81,0.81,100,0
MITO.US,5,20211223,215500,0.83,0.83,0.81,0.81,1011,0
