<TICKER>,<PER>,<DATE>,<TIME>,<OPEN>,<HIGH>,<LOW>,<CLOSE>,<VOL>,<OPENINT>
NEXI.US,5,20211104,143000,11.65,11.65,11.65,11.65,114,0
NEXI.US,5,20211104,155500,11.57,11.57,11.57,11.57,150,0
NEXI.US,5,20211104,162500,11.59,11.59,11.59,11.59,200,0
NEXI.US,5,20211104,170000,11.56,11.56,11.56,11.56,100,0
NEXI.US,5,20211104,172000,11.74,11.74,11.74,11.74,100,0
NEXI.US,5,20211104,172500,11.74,11.74,11.74,11.74,100,0
NEXI.US,5,20211104,185000,11.67,11.67,11.66,11.66,300,0
NEXI.US,5,20211104,192500,11.64,11.64,11.64,11.64,100,0
NEXI.US,5,20211104,193000,11.63,11.65,11.63,11.64,700,0
NEXI.US,5,20211104,200000,11.76,11.76,11.76,11.76,100,0
NEXI.US,5,20211104,201000,11.77,11.77,11.77,11.77,300,0
NEXI.US,5,20211104,201500,11.77,11.77,11.77,11.77,100,0
NEXI.US,5,20211104,202000,11.77,11.77,11.77,11.77,800,0
NEXI.US,5,20211104,202500,11.72,11.72,11.68,11.68,400,0
NEXI.US,5,20211104,203500,11.75,11.75,11.75,11.75,100,0
NEXI.US,5,20211104,204000,11.705,11.705,11.705,11.705,100,0
NEXI.US,5,20211104,204500,11.73,11.76,11.73,11.76,700,0
NEXI.US,5,20211104,205500,11.74,11.76,11.67,11.7,2532,0
NEXI.US,5,20211105,143000,11.79,11.79,11.79,11.79,357,0
NEXI.US,5,20211105,143500,11.73,11.73,11.73,11.73,700,0
NEXI.US,5,20211105,151500,11.475,11.475,11.475,11.475,150,0
NEXI.US,5,20211105,161500,11.7,11.86,11.7,11.82,4500,0
NEXI.US,5,20211105,162500,12.03,12.04,11.99,11.99,300,0
NEXI.US,5,20211105,163000,11.97,11.97,11.88,11.88,300,0
NEXI.US,5,20211105,163500,11.99,12,11.99,12,200,0
NEXI.US,5,20211105,171000,12.31,12.31,12.1,12.1,609,0
NEXI.US,5,20211105,172000,12.22,12.22,12.22,12.22,100,0
NEXI.US,5,20211105,174500,12.13,12.13,12.13,12.13,100,0
NEXI.US,5,20211105,175500,12.05,12.05,12.05,12.05,100,0
NEXI.US,5,20211105,185000,12,12,12,12,100,0
NEXI.US,5,20211105,185500,12.03,12.03,12.03,12.03,200,0
NEXI.US,5,20211105,190500,12.1,12.1,12.1,12.1,200,0
NEXI.US,5,20211105,191000,12.21,12.21,12.21,12.21,100,0
NEXI.US,5,20211105,192000,12.21,12.21,11.93,11.93,400,0
NEXI.US,5,20211105,192500,11.98,11.98,11.98,11.98,200,0
NEXI.US,5,20211105,193500,11.97,11.98,11.95,11.98,700,0
NEXI.US,5,20211105,194500,11.95,11.95,11.95,11.95,100,0
NEXI.US,5,20211105,200500,11.97,11.98,11.97,11.98,200,0
NEXI.US,5,20211105,201500,11.98,11.98,11.98,11.98,100,0
NEXI.US,5,20211105,202000,11.98,11.98,11.98,11.98,100,0
NEXI.US,5,20211105,202500,12.09,12.1,12.09,12.1,300,0
NEXI.US,5,20211105,204000,12,12,11.975,11.975,200,0
NEXI.US,5,20211105,204500,12.1,12.1,12.1,12.1,100,0
NEXI.US,5,20211105,205000,12.21,12.21,12.2,12.2,400,0
NEXI.US,5,20211105,205500,12.215,12.3,12.06,12.24,8477,0
NEXI.US,5,20211108,153000,12.25,12.25,12.25,12.25,108,0
NEXI.US,5,20211108,154500,12.2646,12.2646,12.2646,12.2646,500,0
NEXI.US,5,20211108,155000,12.2,12.2,12.06,12.18,2576,0
NEXI.US,5,20211108,155500,12.1,12.1,12.1,12.1,300,0
NEXI.US,5,20211108,163500,12.05,12.05,12.05,12.05,100,0
NEXI.US,5,20211108,165500,12.1,12.1,12.1,12.1,300,0
NEXI.US,5,20211108,173500,12.1,12.12,12.08,12.12,1078,0
NEXI.US,5,20211108,174000,12.05,12.05,12.05,12.05,100,0
NEXI.US,5,20211108,180000,12,12,11.98,11.98,200,0
NEXI.US,5,20211108,205500,12,12,12,12,100,0
NEXI.US,5,20211108,211500,11.99,12.03,11.99,12.03,400,0
NEXI.US,5,20211108,212000,11.995,11.995,11.84,11.92,915,0
NEXI.US,5,20211108,213500,11.92,11.92,11.92,11.92,100,0
NEXI.US,5,20211108,214500,11.85,11.85,11.79,11.79,800,0
NEXI.US,5,20211108,215000,11.86,11.86,11.68,11.68,200,0
NEXI.US,5,20211108,215500,11.69,11.88,11.69,11.88,4045,0
NEXI.US,5,20211109,153000,12.08,12.08,12,12,569,0
NEXI.US,5,20211109,153500,11.56,11.56,11.56,11.56,100,0
NEXI.US,5,20211109,155500,11.57,11.57,11.5,11.5,600,0
NEXI.US,5,20211109,161000,11.478,11.478,11.478,11.478,2300,0
NEXI.US,5,20211109,161500,11.425,11.425,11.425,11.425,100,0
NEXI.US,5,20211109,162000,11.43,11.43,11.38,11.4,828,0
NEXI.US,5,20211109,162500,11.4,11.59,11.4,11.59,1800,0
NEXI.US,5,20211109,164000,11.385,11.385,11.385,11.385,100,0
NEXI.US,5,20211109,170500,11.59,11.59,11.59,11.59,200,0
NEXI.US,5,20211109,171000,11.43,11.43,11.43,11.43,100,0
NEXI.US,5,20211109,171500,11.57,11.57,11.57,11.57,1000,0
NEXI.US,5,20211109,172000,11.46,11.46,11.46,11.46,100,0
NEXI.US,5,20211109,172500,11.57,11.58,11.57,11.58,950,0
NEXI.US,5,20211109,173000,11.5712,11.5712,11.5712,11.5712,100,0
NEXI.US,5,20211109,173500,11.57,11.58,11.57,11.58,500,0
NEXI.US,5,20211109,175500,11.58,11.59,11.58,11.59,600,0
NEXI.US,5,20211109,182000,11.58,11.59,11.58,11.59,600,0
NEXI.US,5,20211109,182500,11.59,11.59,11.59,11.59,300,0
NEXI.US,5,20211109,183000,11.59,11.605,11.59,11.605,500,0
NEXI.US,5,20211109,184000,11.59,11.59,11.59,11.59,100,0
NEXI.US,5,20211109,185000,11.68,11.68,11.67,11.67,200,0
NEXI.US,5,20211109,190500,11.74,11.74,11.74,11.74,100,0
NEXI.US,5,20211109,191500,11.775,11.775,11.775,11.775,232,0
NEXI.US,5,20211109,195000,11.79,11.79,11.79,11.79,100,0
NEXI.US,5,20211109,201500,11.865,11.865,11.865,11.865,100,0
NEXI.US,5,20211109,202000,11.88,11.88,11.88,11.88,200,0
NEXI.US,5,20211109,203500,11.9,11.9,11.9,11.9,100,0
NEXI.US,5,20211109,210000,11.98,11.9897,11.895,11.895,800,0
NEXI.US,5,20211109,210500,11.8563,11.8563,11.8563,11.8563,500,0
NEXI.US,5,20211109,211500,11.825,11.825,11.825,11.825,100,0
NEXI.US,5,20211109,212000,11.9,11.9,11.9,11.9,100,0
NEXI.US,5,20211109,213500,11.855,11.855,11.82,11.82,1641,0
NEXI.US,5,20211109,214000,11.74,11.74,11.71,11.71,600,0
NEXI.US,5,20211109,215000,11.59,11.59,11.59,11.59,100,0
NEXI.US,5,20211109,215500,11.59,11.74,11.59,11.69,3201,0
NEXI.US,5,20211110,155000,11.71,11.71,11.71,11.71,100,0
NEXI.US,5,20211110,190000,11.874,11.874,11.874,11.874,300,0
NEXI.US,5,20211110,203500,11.51,11.51,11.51,11.51,100,0
NEXI.US,5,20211110,204500,11.43,11.43,11.41,11.41,1080,0
NEXI.US,5,20211110,205000,11.5,11.55,11.465,11.505,2565,0
NEXI.US,5,20211110,210500,11.47,11.58,11.47,11.58,200,0
NEXI.US,5,20211110,212500,11.7,11.7,11.65,11.65,300,0
NEXI.US,5,20211110,213000,11.56,11.65,11.47,11.47,1000,0
NEXI.US,5,20211110,213500,11.37,11.415,11.37,11.415,300,0
NEXI.US,5,20211110,214000,11.29,11.3,11.25,11.27,600,0
NEXI.US,5,20211110,215000,11.35,11.37,11.35,11.37,500,0
NEXI.US,5,20211110,215500,11.38,11.48,11.36,11.36,4087,0
NEXI.US,5,20211111,153000,11.51,11.51,11.51,11.51,100,0
NEXI.US,5,20211111,160000,11.615,11.615,11.615,11.615,100,0
NEXI.US,5,20211111,165500,11.52,11.585,11.52,11.585,1700,0
NEXI.US,5,20211111,171500,11.52,11.52,11.41,11.5,597,0
NEXI.US,5,20211111,172500,11.465,11.465,11.465,11.465,100,0
NEXI.US,5,20211111,183500,11.46,11.46,11.405,11.405,900,0
NEXI.US,5,20211111,184000,11.47,11.47,11.47,11.47,100,0
NEXI.US,5,20211111,185000,11.49,11.49,11.49,11.49,100,0
NEXI.US,5,20211111,185500,11.51,11.51,11.415,11.415,820,0
NEXI.US,5,20211111,190000,11.45,11.45,11.4,11.4,1665,0
NEXI.US,5,20211111,195500,11.365,11.365,11.365,11.365,100,0
NEXI.US,5,20211111,200000,11.36,11.36,11.36,11.36,100,0
NEXI.US,5,20211111,212000,11.3,11.3,11.3,11.3,100,0
NEXI.US,5,20211111,214000,11.37,11.37,11.205,11.205,400,0
NEXI.US,5,20211111,215000,11.37,11.37,11.2,11.2,420,0
NEXI.US,5,20211111,215500,11.155,11.28,11.15,11.28,3448,0
NEXI.US,5,20211112,153000,11.5454,11.5454,11.16,11.16,529,0
NEXI.US,5,20211112,154500,11.295,11.295,11.295,11.295,500,0
NEXI.US,5,20211112,165500,11.0824,11.09,11.0824,11.09,435,0
NEXI.US,5,20211112,171000,11.125,11.125,11.125,11.125,260,0
NEXI.US,5,20211112,171500,11.125,11.125,11.125,11.125,644,0
NEXI.US,5,20211112,172000,11.115,11.115,11.01,11.01,770,0
NEXI.US,5,20211112,182000,11.01,11.01,10.76,10.76,651,0
NEXI.US,5,20211112,183500,11.01,11.01,11.01,11.01,108,0
NEXI.US,5,20211112,185000,10.685,10.685,10.685,10.685,300,0
NEXI.US,5,20211112,193000,10.69,10.69,10.69,10.69,100,0
NEXI.US,5,20211112,194500,10.7,10.7,10.69,10.69,200,0
NEXI.US,5,20211112,202500,10.74,10.74,10.74,10.74,200,0
NEXI.US,5,20211112,203500,10.78,10.78,10.78,10.78,100,0
NEXI.US,5,20211112,205500,10.745,10.745,10.745,10.745,200,0
NEXI.US,5,20211112,210500,10.76,10.78,10.735,10.74,1000,0
NEXI.US,5,20211112,211000,10.835,10.835,10.835,10.835,100,0
NEXI.US,5,20211112,212500,10.8236,10.8236,10.7,10.7,850,0
NEXI.US,5,20211112,214000,10.62,10.8,10.62,10.8,400,0
NEXI.US,5,20211112,215000,10.625,10.63,10.625,10.63,200,0
NEXI.US,5,20211112,215500,10.62,10.72,10.52,10.72,5387,0
NEXI.US,5,20211115,153000,10.48,10.48,10.48,10.48,437,0
NEXI.US,5,20211115,154000,10.3628,10.505,10.3628,10.505,2385,0
NEXI.US,5,20211115,154500,10.51,10.51,10.51,10.51,147,0
NEXI.US,5,20211115,155000,10.51,10.51,10.51,10.51,182,0
NEXI.US,5,20211115,161500,10.2501,10.2501,10.25,10.25,400,0
NEXI.US,5,20211115,162500,10.2203,10.2203,9.91,9.91,7989,0
NEXI.US,5,20211115,163000,9.87,9.87,9.67,9.67,6071,0
NEXI.US,5,20211115,163500,9.63,9.74,9.5,9.69,4443,0
NEXI.US,5,20211115,164000,9.7014,9.7014,9.68,9.68,1714,0
NEXI.US,5,20211115,164500,9.8067,9.99,9.78,9.9875,4478,0
NEXI.US,5,20211115,165000,9.9798,9.99,9.8901,9.8901,2150,0
NEXI.US,5,20211115,170000,9.94,9.94,9.89,9.89,200,0
NEXI.US,5,20211115,170500,9.98,10.0868,9.96,9.96,1515,0
NEXI.US,5,20211115,171000,10.045,10.1357,9.955,9.955,1311,0
NEXI.US,5,20211115,171500,10.09,10.23,9.985,10.225,600,0
NEXI.US,5,20211115,172500,10.32,10.32,10.32,10.32,100,0
NEXI.US,5,20211115,174500,10.2,10.2,10.2,10.2,100,0
NEXI.US,5,20211115,180000,10.24,10.24,10.24,10.24,200,0
NEXI.US,5,20211115,180500,10.24,10.265,10.215,10.215,600,0
NEXI.US,5,20211115,181500,10.3,10.3,10.2401,10.28,400,0
NEXI.US,5,20211115,182000,10.22,10.25,10.22,10.25,500,0
NEXI.US,5,20211115,182500,10.21,10.21,10.17,10.17,1086,0
NEXI.US,5,20211115,184000,10.15,10.15,10.03,10.03,300,0
NEXI.US,5,20211115,184500,10.025,10.025,10.025,10.025,100,0
NEXI.US,5,20211115,191500,10.105,10.105,10.02,10.02,1000,0
NEXI.US,5,20211115,192500,10.0515,10.0515,9.89,9.89,800,0
NEXI.US,5,20211115,193000,9.945,9.945,9.945,9.945,100,0
NEXI.US,5,20211115,194500,9.89,9.89,9.89,9.89,200,0
NEXI.US,5,20211115,195000,9.94,9.94,9.94,9.94,100,0
NEXI.US,5,20211115,195500,9.89,9.89,9.89,9.89,200,0
NEXI.US,5,20211115,201000,9.9568,9.9568,9.9568,9.9568,100,0
NEXI.US,5,20211115,201500,9.98,9.98,9.96,9.96,200,0
NEXI.US,5,20211115,202000,9.9732,10.02,9.9732,10.02,300,0
NEXI.US,5,20211115,202500,10.04,10.04,10.01,10.01,300,0
NEXI.US,5,20211115,205500,10.105,10.105,10.035,10.035,300,0
NEXI.US,5,20211115,210500,10.115,10.115,10.115,10.115,100,0
NEXI.US,5,20211115,211500,10.11,10.11,10.04,10.1,504,0
NEXI.US,5,20211115,213500,10.06,10.07,10.06,10.07,400,0
NEXI.US,5,20211115,214000,10.06,10.1,10.04,10.04,1200,0
NEXI.US,5,20211115,214500,10,10.03,10,10.01,600,0
NEXI.US,5,20211115,215000,9.98,10.04,9.9701,10,1100,0
NEXI.US,5,20211115,215500,10.01,10.14,10.01,10.13,7776,0
NEXI.US,5,20211116,153000,10.24,10.24,10.24,10.24,300,0
NEXI.US,5,20211116,154000,10.86,10.86,10.86,10.86,100,0
NEXI.US,5,20211116,154500,10.2,10.2,10.2,10.2,100,0
NEXI.US,5,20211116,162500,10.43,10.43,10.1199,10.1199,370,0
NEXI.US,5,20211116,163500,10.65,10.65,10.65,10.65,100,0
NEXI.US,5,20211116,170000,10.54,10.54,10.54,10.54,100,0
NEXI.US,5,20211116,171000,10.34,10.34,10.11,10.11,400,0
NEXI.US,5,20211116,174000,10.39,10.39,10.115,10.115,200,0
NEXI.US,5,20211116,174500,10.265,10.265,10.265,10.265,100,0
NEXI.US,5,20211116,175500,10.12,10.12,10.12,10.12,100,0
NEXI.US,5,20211116,180500,10.44,10.44,10.44,10.44,100,0
NEXI.US,5,20211116,182000,10.8,10.8,10.76,10.76,200,0
NEXI.US,5,20211116,183000,10.53,10.53,10.53,10.53,100,0
NEXI.US,5,20211116,184500,10.97,11,10.68,10.68,300,0
NEXI.US,5,20211116,190500,11,11,10.635,10.635,300,0
NEXI.US,5,20211116,192000,10.92,10.92,10.655,10.655,300,0
NEXI.US,5,20211116,192500,10.742,10.742,10.742,10.742,100,0
NEXI.US,5,20211116,193000,10.81,10.815,10.62,10.62,1100,0
NEXI.US,5,20211116,193500,10.91,10.92,10.91,10.92,300,0
NEXI.US,5,20211116,194000,10.66,10.66,10.66,10.66,100,0
NEXI.US,5,20211116,195000,11.05,11.08,11.05,11.08,200,0
NEXI.US,5,20211116,201000,11,11,11,11,200,0
NEXI.US,5,20211116,202500,11.06,11.1,11.06,11.1,200,0
NEXI.US,5,20211116,203000,10.67,10.7,10.62,10.675,2210,0
NEXI.US,5,20211116,204000,10.455,10.455,10.455,10.455,100,0
NEXI.US,5,20211116,205000,10.63,10.63,10.63,10.63,100,0
NEXI.US,5,20211116,210000,10.65,10.65,10.46,10.46,200,0
NEXI.US,5,20211116,211000,10.71,10.71,10.71,10.71,100,0
NEXI.US,5,20211116,212000,10.71,10.71,10.71,10.71,168,0
NEXI.US,5,20211116,212500,10.7,10.7,10.7,10.7,100,0
NEXI.US,5,20211116,213000,10.72,10.72,10.7,10.7,200,0
NEXI.US,5,20211116,213500,10.61,10.61,10.52,10.52,200,0
NEXI.US,5,20211116,214000,10.69,10.69,10.69,10.69,100,0
NEXI.US,5,20211116,214500,10.54,10.71,10.54,10.59,474,0
NEXI.US,5,20211116,215000,10.69,10.7,10.68,10.68,500,0
NEXI.US,5,20211116,215500,10.8,10.84,10.72,10.84,3703,0
NEXI.US,5,20211117,153000,10.84,10.84,10.84,10.84,192,0
NEXI.US,5,20211117,153500,10.585,10.585,10.585,10.585,100,0
NEXI.US,5,20211117,154000,10.35,10.35,10.35,10.35,100,0
NEXI.US,5,20211117,155000,10.98,10.98,10.98,10.98,102,0
NEXI.US,5,20211117,172000,10.41,10.41,10.33,10.33,300,0
NEXI.US,5,20211117,173000,10.62,10.62,10.62,10.62,106,0
NEXI.US,5,20211117,180000,10.51,10.57,10.51,10.56,1600,0
NEXI.US,5,20211117,180500,10.658,10.72,10.325,10.325,2554,0
NEXI.US,5,20211117,182000,10.33,10.33,10.33,10.33,100,0
NEXI.US,5,20211117,184000,10.31,10.31,10.25,10.25,600,0
NEXI.US,5,20211117,190500,10.25,10.255,10.25,10.255,206,0
NEXI.US,5,20211117,192000,10.25,10.25,10.25,10.25,100,0
NEXI.US,5,20211117,192500,10.35,10.36,10.34,10.34,300,0
NEXI.US,5,20211117,202000,10.355,10.355,10.315,10.315,306,0
NEXI.US,5,20211117,202500,10.325,10.33,10.325,10.33,300,0
NEXI.US,5,20211117,203000,10.32,10.32,10.27,10.27,500,0
NEXI.US,5,20211117,203500,10.25,10.25,10.25,10.25,100,0
NEXI.US,5,20211117,210500,10.25,10.25,10.25,10.25,180,0
NEXI.US,5,20211117,211000,10.25,10.25,10.25,10.25,100,0
NEXI.US,5,20211117,211500,10.25,10.25,10.25,10.25,100,0
NEXI.US,5,20211117,212000,10.29,10.29,10.27,10.27,1400,0
NEXI.US,5,20211117,213000,10.32,10.33,10.27,10.27,400,0
NEXI.US,5,20211117,213500,10.355,10.355,10.355,10.355,100,0
NEXI.US,5,20211117,214000,10.255,10.255,10.255,10.255,100,0
NEXI.US,5,20211117,214500,10.27,10.4,10.27,10.4,300,0
NEXI.US,5,20211117,215500,10.25,10.36,10.25,10.36,3856,0
NEXI.US,5,20211118,153000,10.35,10.35,10.15,10.2,706,0
NEXI.US,5,20211118,155000,10.375,10.375,10.375,10.375,100,0
NEXI.US,5,20211118,161000,10.365,10.365,10.365,10.365,100,0
NEXI.US,5,20211118,161500,10.35,10.35,10.35,10.35,100,0
NEXI.US,5,20211118,162000,11.41,11.41,10.175,10.175,1100,0
NEXI.US,5,20211118,163000,10.44,10.66,10.2,10.2,800,0
NEXI.US,5,20211118,164500,10.7,10.7,10.7,10.7,100,0
NEXI.US,5,20211118,165000,10.5,10.5,10.5,10.5,100,0
NEXI.US,5,20211118,165500,10.255,10.255,10.24,10.24,200,0
NEXI.US,5,20211118,170500,10.7799,10.7799,10.7799,10.7799,500,0
NEXI.US,5,20211118,171000,10.27,10.27,10.27,10.27,100,0
NEXI.US,5,20211118,172000,10.32,10.35,10.32,10.35,300,0
NEXI.US,5,20211118,174000,10.32,10.32,10.32,10.32,100,0
NEXI.US,5,20211118,175000,10.4,10.4,10.27,10.27,500,0
NEXI.US,5,20211118,180500,10.28,10.28,10.28,10.28,100,0
NEXI.US,5,20211118,182000,10.32,10.32,10.32,10.32,100,0
NEXI.US,5,20211118,183000,10.26,10.26,10.26,10.26,100,0
NEXI.US,5,20211118,184000,10.36,10.36,10.29,10.29,200,0
NEXI.US,5,20211118,192000,10.32,10.32,10.3,10.3,400,0
NEXI.US,5,20211118,192500,10.37,10.37,10.35,10.35,200,0
NEXI.US,5,20211118,204500,10.19,10.19,10.19,10.19,100,0
NEXI.US,5,20211118,210500,10.35,10.39,10.27,10.31,2704,0
NEXI.US,5,20211118,211000,10.32,10.33,10.32,10.33,200,0
NEXI.US,5,20211118,212000,10.38,10.38,10.38,10.38,300,0
NEXI.US,5,20211118,213000,10.35,10.38,10.35,10.38,200,0
NEXI.US,5,20211118,213500,10.39,10.39,10.33,10.33,654,0
NEXI.US,5,20211118,214000,10.31,10.31,10.175,10.175,900,0
NEXI.US,5,20211118,214500,10.38,10.38,10.38,10.38,100,0
NEXI.US,5,20211118,215000,10.39,10.39,10.19,10.21,300,0
NEXI.US,5,20211118,215500,10.38,10.38,10.205,10.3,10049,0
NEXI.US,5,20211119,153000,10.31,10.31,10.31,10.31,957,0
NEXI.US,5,20211119,153500,10.32,10.32,10.015,10.015,1700,0
NEXI.US,5,20211119,160500,10.05,10.05,10.05,10.05,180,0
NEXI.US,5,20211119,165500,10.14,10.14,10.055,10.055,256,0
NEXI.US,5,20211119,170000,10.11,10.11,10.1,10.1,700,0
NEXI.US,5,20211119,184500,10.19,10.19,10.19,10.19,100,0
NEXI.US,5,20211119,193000,10.203,10.203,10.203,10.203,225,0
NEXI.US,5,20211119,193500,10.19,10.19,10.14,10.14,2007,0
NEXI.US,5,20211119,200000,10.05,10.05,10,10.01,900,0
NEXI.US,5,20211119,200500,10.03,10.03,9.96,9.96,1743,0
NEXI.US,5,20211119,204000,10.01,10.04,9.9,9.9,1800,0
NEXI.US,5,20211119,211000,9.99,10,9.96,9.96,1400,0
NEXI.US,5,20211119,211500,10,10.04,9.92,10.04,800,0
NEXI.US,5,20211119,212000,10.1,10.38,10.1,10.38,300,0
NEXI.US,5,20211119,215500,10.095,10.14,10.01,10.07,4169,0
NEXI.US,5,20211122,153000,10.18,10.18,10.18,10.18,266,0
NEXI.US,5,20211122,154000,10,10.01,10,10,500,0
NEXI.US,5,20211122,154500,9.94,10,9.94,10,300,0
NEXI.US,5,20211122,155500,10,10,10,10,480,0
NEXI.US,5,20211122,160000,10.07,10.07,10.07,10.07,100,0
NEXI.US,5,20211122,161500,10.2139,10.2139,10.2139,10.2139,100,0
NEXI.US,5,20211122,165500,10.19,10.19,10.1,10.1,202,0
NEXI.US,5,20211122,170500,10.06,10.06,9.91,9.91,500,0
NEXI.US,5,20211122,171500,10.03,10.03,10.03,10.03,100,0
NEXI.US,5,20211122,172500,9.84,9.851,9.79,9.79,824,0
NEXI.US,5,20211122,173500,9.79,9.79,9.79,9.79,101,0
NEXI.US,5,20211122,174000,9.79,9.79,9.61,9.61,4500,0
NEXI.US,5,20211122,174500,9.545,9.65,9.545,9.6,600,0
NEXI.US,5,20211122,175000,9.535,9.535,9.535,9.535,100,0
NEXI.US,5,20211122,175500,9.59,9.59,9.59,9.59,100,0
NEXI.US,5,20211122,180000,9.62,9.65,9.62,9.62,600,0
NEXI.US,5,20211122,182000,9.6981,9.6981,9.6981,9.6981,101,0
NEXI.US,5,20211122,184000,9.62,9.83,9.62,9.83,9805,0
NEXI.US,5,20211122,184500,10.03,10.1,9.86,10.04,3105,0
NEXI.US,5,20211122,185000,10.2,10.2,9.83,9.88,15565,0
NEXI.US,5,20211122,185500,9.8928,9.95,9.84,9.84,5507,0
NEXI.US,5,20211122,190000,9.9,9.92,9.7681,9.87,7599,0
NEXI.US,5,20211122,191500,9.88,9.88,9.88,9.88,100,0
NEXI.US,5,20211122,193000,9.92,9.92,9.92,9.92,100,0
NEXI.US,5,20211122,194500,9.82,9.82,9.82,9.82,100,0
NEXI.US,5,20211122,203500,9.71,9.71,9.52,9.6,8281,0
NEXI.US,5,20211122,204000,9.605,9.605,9.605,9.605,100,0
NEXI.US,5,20211122,204500,9.615,9.615,9.22,9.401,14513,0
NEXI.US,5,20211122,205000,9.47,9.495,9.47,9.495,200,0
NEXI.US,5,20211122,205500,9.64,9.64,9.64,9.64,100,0
NEXI.US,5,20211122,210000,9.66,9.66,9.66,9.66,100,0
NEXI.US,5,20211122,210500,9.55,9.56,9.55,9.56,500,0
NEXI.US,5,20211122,211000,9.65,9.65,9.64,9.65,613,0
NEXI.US,5,20211122,213000,9.61,9.62,9.61,9.62,300,0
NEXI.US,5,20211122,213500,9.48,9.54,9.45,9.49,2600,0
NEXI.US,5,20211122,214500,9.4362,9.4362,9.4362,9.4362,100,0
NEXI.US,5,20211122,215000,9.45,9.53,9.35,9.35,1000,0
NEXI.US,5,20211122,215500,9.405,9.45,9.25,9.34,7068,0
NEXI.US,5,20211123,153000,9.46,9.47,9.34,9.34,546,0
NEXI.US,5,20211123,154500,9.45,9.4698,9.45,9.4698,200,0
NEXI.US,5,20211123,155000,9.28,9.28,9.28,9.28,100,0
NEXI.US,5,20211123,160500,9.35,9.35,9.35,9.35,100,0
NEXI.US,5,20211123,163000,9.345,9.345,9.345,9.345,100,0
NEXI.US,5,20211123,163500,9.21,9.21,8.895,8.895,1122,0
NEXI.US,5,20211123,164000,9,9,9,9,1858,0
NEXI.US,5,20211123,165000,8.99,8.99,8.865,8.865,1100,0
NEXI.US,5,20211123,165500,8.85,8.85,8.85,8.85,100,0
NEXI.US,5,20211123,171000,9.18,9.18,9.18,9.18,100,0
NEXI.US,5,20211123,171500,8.755,8.755,8.755,8.755,100,0
NEXI.US,5,20211123,174000,8.73,8.73,8.73,8.73,100,0
NEXI.US,5,20211123,174500,8.955,8.955,8.615,8.71,3060,0
NEXI.US,5,20211123,175000,8.7,8.7,8.7,8.7,100,0
NEXI.US,5,20211123,180500,8.595,8.595,8.595,8.595,100,0
NEXI.US,5,20211123,183000,8.625,8.625,8.625,8.625,100,0
NEXI.US,5,20211123,184500,8.665,8.665,8.6,8.65,2587,0
NEXI.US,5,20211123,185000,8.6375,8.6375,8.6375,8.6375,200,0
NEXI.US,5,20211123,185500,8.62,8.62,8.6,8.6,3229,0
NEXI.US,5,20211123,190000,8.6,8.6,8.49,8.49,1105,0
NEXI.US,5,20211123,191000,8.6,8.6,8.6,8.6,100,0
NEXI.US,5,20211123,191500,8.5548,8.5548,8.5548,8.5548,200,0
NEXI.US,5,20211123,192000,8.49,8.51,8.42,8.47,2000,0
NEXI.US,5,20211123,192500,8.5511,8.59,8.5511,8.59,300,0
NEXI.US,5,20211123,193000,8.59,8.74,8.59,8.71,5700,0
NEXI.US,5,20211123,193500,8.88,8.88,8.88,8.88,500,0
NEXI.US,5,20211123,194000,8.88,8.88,8.88,8.88,100,0
NEXI.US,5,20211123,195000,8.755,8.88,8.755,8.88,311,0
NEXI.US,5,20211123,195500,8.9547,9.02,8.95,9.02,1600,0
NEXI.US,5,20211123,200000,9.41,9.41,8.95,8.95,4860,0
NEXI.US,5,20211123,200500,9.12,9.12,8.9598,9.035,480,0
NEXI.US,5,20211123,201500,8.96,9.015,8.96,9.015,200,0
NEXI.US,5,20211123,203000,8.9615,8.995,8.9615,8.995,300,0
NEXI.US,5,20211123,203500,8.94,8.94,8.94,8.94,200,0
NEXI.US,5,20211123,204000,8.91,8.91,8.91,8.91,100,0
NEXI.US,5,20211123,205000,9,9.31,9,9.31,704,0
NEXI.US,5,20211123,210500,9.05,9.165,9.05,9.165,200,0
NEXI.US,5,20211123,211000,9.2366,9.3,9.2366,9.3,230,0
NEXI.US,5,20211123,212500,9.12,9.12,9.12,9.12,100,0
NEXI.US,5,20211123,213500,9.18,9.25,9.18,9.25,400,0
NEXI.US,5,20211123,214000,9.31,9.45,9.31,9.45,400,0
NEXI.US,5,20211123,214500,9.39,9.45,9.38,9.38,800,0
NEXI.US,5,20211123,215000,9.34,9.42,9.34,9.42,600,0
NEXI.US,5,20211123,215500,9.38,9.59,9.37,9.38,5432,0
NEXI.US,5,20211124,153000,9.46,9.46,9.4285,9.4285,404,0
NEXI.US,5,20211124,154000,9.38,9.38,9.25,9.29,427,0
NEXI.US,5,20211124,155000,9.115,9.115,9.115,9.115,100,0
NEXI.US,5,20211124,161500,9.2078,9.2078,9.2078,9.2078,100,0
NEXI.US,5,20211124,171000,9.18,9.22,9.04,9.22,2036,0
NEXI.US,5,20211124,172000,9.11,9.11,9.11,9.11,300,0
NEXI.US,5,20211124,173500,9.22,9.22,9.145,9.22,400,0
NEXI.US,5,20211124,174000,9.22,9.22,9.22,9.22,400,0
NEXI.US,5,20211124,182000,9.519,9.519,9.519,9.519,100,0
NEXI.US,5,20211124,184000,9.29,9.29,9.25,9.29,800,0
NEXI.US,5,20211124,184500,9.26,9.2886,9.11,9.2886,1104,0
NEXI.US,5,20211124,190000,9.26,9.26,9.26,9.26,100,0
NEXI.US,5,20211124,195000,9.18,9.24,9.16,9.19,800,0
NEXI.US,5,20211124,200000,9.27,9.27,9.11,9.2125,1116,0
NEXI.US,5,20211124,204000,9.12,9.31,9.11,9.17,1300,0
NEXI.US,5,20211124,204500,9.09,9.09,9.07,9.07,400,0
NEXI.US,5,20211124,205000,9.06,9.06,8.87,8.87,560,0
NEXI.US,5,20211124,205500,8.87,8.87,8.8,8.81,400,0
NEXI.US,5,20211124,210000,8.75,8.75,8.72,8.72,500,0
NEXI.US,5,20211124,210500,8.815,8.9,8.815,8.9,800,0
NEXI.US,5,20211124,211000,8.96,8.96,8.96,8.96,100,0
NEXI.US,5,20211124,212000,8.985,8.985,8.985,8.985,100,0
NEXI.US,5,20211124,213500,9.06,9.06,9.06,9.06,200,0
NEXI.US,5,20211124,214000,9.05,9.05,9.05,9.05,200,0
NEXI.US,5,20211124,215000,9.07,9.25,9.035,9.09,900,0
NEXI.US,5,20211124,215500,9.09,9.1,8.9701,9,6669,0
NEXI.US,5,20211126,153000,8.7,8.7,8.7,8.7,517,0
NEXI.US,5,20211126,154000,9.33,9.33,8.8,8.8,350,0
NEXI.US,5,20211126,154500,8.25,8.25,8.15,8.15,2980,0
NEXI.US,5,20211126,155000,8.42,8.735,8.29,8.29,400,0
NEXI.US,5,20211126,155500,8.4999,8.4999,8.2,8.2,800,0
NEXI.US,5,20211126,160000,8.2,8.2,8.2,8.2,100,0
NEXI.US,5,20211126,160500,8.4,8.4,8.4,8.4,200,0
NEXI.US,5,20211126,161000,8.535,8.535,8.41,8.41,565,0
NEXI.US,5,20211126,161500,8.18,8.4654,8.18,8.4654,300,0
NEXI.US,5,20211126,162500,8.4,8.43,8.4,8.43,300,0
NEXI.US,5,20211126,163000,8.39,8.39,8.39,8.39,100,0
NEXI.US,5,20211126,163500,8.365,8.365,8.365,8.365,100,0
NEXI.US,5,20211126,164500,8.34,8.34,8.34,8.34,100,0
NEXI.US,5,20211126,170000,8.34,8.34,8.26,8.26,200,0
NEXI.US,5,20211126,171000,8.165,8.165,8.165,8.165,100,0
NEXI.US,5,20211126,172000,8.06,8.1,8.01,8.0583,893,0
NEXI.US,5,20211126,172500,8.02,8.03,8.02,8.03,400,0
NEXI.US,5,20211126,173000,8.01,8.01,8.01,8.01,100,0
NEXI.US,5,20211126,174000,8.07,8.18,8.07,8.09,630,0
NEXI.US,5,20211126,174500,8.1,8.1,8.1,8.1,350,0
NEXI.US,5,20211126,175000,8.08,8.23,8.08,8.23,400,0
NEXI.US,5,20211126,180000,8.195,8.2,8.14,8.14,500,0
NEXI.US,5,20211126,180500,8.09,8.09,8.09,8.09,100,0
NEXI.US,5,20211126,181000,8.14,8.14,8.09,8.1,502,0
NEXI.US,5,20211126,182000,8.2299,8.2299,8.17,8.17,200,0
NEXI.US,5,20211126,182500,8.12,8.12,8.12,8.12,100,0
NEXI.US,5,20211126,183000,8.12,8.12,8.12,8.12,300,0
NEXI.US,5,20211126,184000,8.18,8.18,8.18,8.18,200,0
NEXI.US,5,20211126,184500,8.17,8.17,8.1,8.12,1202,0
NEXI.US,5,20211126,185000,8.03,8.03,8.03,8.03,100,0
NEXI.US,5,20211126,185500,8.03,8.05,7.98,7.99,2076,0
NEXI.US,5,20211126,190000,7.99,7.99,7.99,7.99,119,0
NEXI.US,5,20211129,153000,8.02,8.12,8,8,1476,0
NEXI.US,5,20211129,153500,8,8.01,8,8.01,409,0
NEXI.US,5,20211129,154000,8.13,8.13,7.94,7.94,666,0
NEXI.US,5,20211129,154500,7.84,7.8466,7.57,7.57,3170,0
NEXI.US,5,20211129,155000,7.69,8.0399,7.69,8.0399,11623,0
NEXI.US,5,20211129,155500,8.1974,8.4,8.15,8.34,2296,0
NEXI.US,5,20211129,160000,8.2007,8.2007,8.08,8.08,8100,0
NEXI.US,5,20211129,160500,8.06,8.11,8.06,8.1,1202,0
NEXI.US,5,20211129,161000,8,8,7.91,7.91,1400,0
NEXI.US,5,20211129,161500,8.04,8.04,8.04,8.04,200,0
NEXI.US,5,20211129,162500,8.0499,8.0499,7.89,7.97,3299,0
NEXI.US,5,20211129,163500,8.27,8.27,8.27,8.27,100,0
NEXI.US,5,20211129,164000,8.2499,8.2499,8.2499,8.2499,500,0
NEXI.US,5,20211129,164500,8.2,8.2,7.895,8,2382,0
NEXI.US,5,20211129,165000,7.99,7.99,7.99,7.99,100,0
NEXI.US,5,20211129,170500,7.89,7.89,7.86,7.86,200,0
NEXI.US,5,20211129,171000,7.8,7.8,7.8,7.8,100,0
NEXI.US,5,20211129,172000,7.76,7.76,7.76,7.76,100,0
NEXI.US,5,20211129,173000,7.82,7.85,7.82,7.83,500,0
NEXI.US,5,20211129,174500,7.85,7.85,7.85,7.85,200,0
NEXI.US,5,20211129,175000,7.83,7.87,7.83,7.865,300,0
NEXI.US,5,20211129,181500,8,8,8,8,100,0
NEXI.US,5,20211129,185000,7.99,7.99,7.99,7.99,300,0
NEXI.US,5,20211129,191500,7.92,7.92,7.92,7.92,100,0
NEXI.US,5,20211129,192000,7.99,7.99,7.99,7.99,100,0
NEXI.US,5,20211129,193500,7.9822,7.9822,7.9822,7.9822,100,0
NEXI.US,5,20211129,194500,8,8,8,8,100,0
NEXI.US,5,20211129,195500,7.96,7.96,7.96,7.96,100,0
NEXI.US,5,20211129,200000,7.96,7.96,7.96,7.96,200,0
NEXI.US,5,20211129,200500,7.99,7.99,7.95,7.95,700,0
NEXI.US,5,20211129,201000,8,8,7.9609,7.9609,774,0
NEXI.US,5,20211129,201500,7.88,7.88,7.88,7.88,100,0
NEXI.US,5,20211129,202000,7.94,7.94,7.94,7.94,400,0
NEXI.US,5,20211129,202500,8,8,8,8,200,0
NEXI.US,5,20211129,204500,7.93,7.93,7.88,7.88,2568,0
NEXI.US,5,20211129,205000,7.89,7.89,7.89,7.89,100,0
NEXI.US,5,20211129,205500,7.9,7.9,7.79,7.79,1775,0
NEXI.US,5,20211129,210000,7.87,7.87,7.87,7.87,100,0
NEXI.US,5,20211129,212000,7.92,7.92,7.82,7.82,1500,0
NEXI.US,5,20211129,213000,7.77,8,7.76,8,1155,0
NEXI.US,5,20211129,213500,7.97,8.02,7.94,7.94,400,0
NEXI.US,5,20211129,214000,7.92,7.92,7.92,7.92,100,0
NEXI.US,5,20211129,214500,7.86,7.86,7.85,7.85,200,0
NEXI.US,5,20211129,215000,7.83,7.83,7.82,7.82,478,0
NEXI.US,5,20211129,215500,7.85,7.86,7.75,7.78,7946,0
NEXI.US,5,20211130,153000,7.78,8,7.78,8,950,0
NEXI.US,5,20211130,160000,7.75,7.75,7.75,7.75,100,0
NEXI.US,5,20211130,164000,7.75,7.75,7.75,7.75,100,0
NEXI.US,5,20211130,165000,7.7,7.7,7.7,7.7,584,0
NEXI.US,5,20211130,165500,7.66,7.66,7.66,7.66,1232,0
NEXI.US,5,20211130,170000,7.61,7.61,7.5,7.5,258,0
NEXI.US,5,20211130,170500,7.5,7.5,7.47,7.47,546,0
NEXI.US,5,20211130,172000,7.59,7.59,7.59,7.59,100,0
NEXI.US,5,20211130,173500,7.559,7.559,7.559,7.559,250,0
NEXI.US,5,20211130,175000,7.6234,7.6234,7.6234,7.6234,150,0
NEXI.US,5,20211130,182500,7.54,7.63,7.54,7.63,200,0
NEXI.US,5,20211130,183000,7.64,7.64,7.64,7.64,300,0
NEXI.US,5,20211130,183500,7.64,7.685,7.64,7.685,700,0
NEXI.US,5,20211130,184000,7.65,7.74,7.65,7.74,300,0
NEXI.US,5,20211130,185000,7.69,7.69,7.69,7.69,100,0
NEXI.US,5,20211130,185500,7.64,7.66,7.63,7.65,400,0
NEXI.US,5,20211130,190000,7.64,7.64,7.64,7.64,300,0
NEXI.US,5,20211130,190500,7.64,7.64,7.64,7.64,100,0
NEXI.US,5,20211130,193500,7.815,7.92,7.815,7.92,300,0
NEXI.US,5,20211130,200000,7.92,7.92,7.9,7.9,300,0
NEXI.US,5,20211130,200500,7.9,7.9,7.9,7.9,100,0
NEXI.US,5,20211130,201000,7.85,7.85,7.85,7.85,100,0
NEXI.US,5,20211130,201500,7.85,7.88,7.85,7.88,200,0
NEXI.US,5,20211130,203500,7.85,7.85,7.85,7.85,491,0
NEXI.US,5,20211130,205500,7.79,7.79,7.77,7.77,300,0
NEXI.US,5,20211130,212000,7.925,7.925,7.925,7.925,100,0
NEXI.US,5,20211130,213000,7.93,7.93,7.93,7.93,104,0
NEXI.US,5,20211130,214000,7.99,7.99,7.99,7.99,100,0
NEXI.US,5,20211130,214500,8,8,7.98,7.9962,500,0
NEXI.US,5,20211130,215000,8,8,7.96,7.96,421,0
NEXI.US,5,20211130,215500,7.98,8,7.9,8,2818,0
NEXI.US,5,20211201,153000,8.01,8.01,8.01,8.01,595,0
NEXI.US,5,20211201,153500,7.71,7.71,7.71,7.71,100,0
NEXI.US,5,20211201,154500,7.9586,7.9586,7.9586,7.9586,150,0
NEXI.US,5,20211201,155000,7.79,7.79,7.79,7.79,100,0
NEXI.US,5,20211201,155500,7.83,7.83,7.83,7.83,100,0
NEXI.US,5,20211201,161000,7.81,7.81,7.81,7.81,100,0
NEXI.US,5,20211201,161500,7.89,7.89,7.89,7.89,100,0
NEXI.US,5,20211201,162500,8.01,8.01,7.97,7.985,713,0
NEXI.US,5,20211201,163000,8.01,8.01,7.97,8.01,5082,0
NEXI.US,5,20211201,164000,8.15,8.15,8.15,8.15,100,0
NEXI.US,5,20211201,170000,8.08,8.13,8.08,8.13,200,0
NEXI.US,5,20211201,170500,8.11,8.11,8.11,8.11,200,0
NEXI.US,5,20211201,171000,8.11,8.11,8.11,8.11,100,0
NEXI.US,5,20211201,173000,8.12,8.12,8.12,8.12,100,0
NEXI.US,5,20211201,174500,8.2199,8.2199,8.12,8.12,3100,0
NEXI.US,5,20211201,175000,8.12,8.12,8.12,8.12,100,0
NEXI.US,5,20211201,181000,8.41,8.41,8.41,8.41,100,0
NEXI.US,5,20211201,181500,8.35,8.35,8.28,8.28,1400,0
NEXI.US,5,20211201,182000,8.2884,8.2884,8.2884,8.2884,200,0
NEXI.US,5,20211201,182500,8.24,8.24,8.24,8.24,3020,0
NEXI.US,5,20211201,184000,8.12,8.12,8.12,8.12,100,0
NEXI.US,5,20211201,185500,8.13,8.13,8.13,8.13,100,0
NEXI.US,5,20211201,190000,8.12,8.12,8.12,8.12,100,0
NEXI.US,5,20211201,190500,8.06,8.06,8.06,8.06,100,0
NEXI.US,5,20211201,194500,7.9,7.9,7.85,7.85,443,0
NEXI.US,5,20211201,195000,7.82,7.82,7.81,7.81,1100,0
NEXI.US,5,20211201,195500,7.84,7.84,7.84,7.84,100,0
NEXI.US,5,20211201,200500,7.85,7.85,7.85,7.85,100,0
NEXI.US,5,20211201,201000,7.88,7.95,7.88,7.95,200,0
NEXI.US,5,20211201,201500,7.92,7.92,7.92,7.92,100,0
NEXI.US,5,20211201,202500,7.98,7.98,7.98,7.98,100,0
NEXI.US,5,20211201,203000,7.98,7.98,7.98,7.98,100,0
NEXI.US,5,20211201,203500,7.98,7.98,7.98,7.98,100,0
NEXI.US,5,20211201,204000,7.98,7.98,7.85,7.85,200,0
NEXI.US,5,20211201,204500,7.9,8.17,7.9,8.17,300,0
NEXI.US,5,20211201,205000,8.0301,8.12,8.0301,8.04,735,0
NEXI.US,5,20211201,210000,7.99,8.04,7.94,8.02,1800,0
NEXI.US,5,20211201,210500,8.12,8.12,8,8.1,300,0
NEXI.US,5,20211201,211000,8,8.01,8,8.01,400,0
NEXI.US,5,20211201,211500,7.86,7.86,7.86,7.86,100,0
NEXI.US,5,20211201,212000,7.86,8.0039,7.855,7.855,950,0
NEXI.US,5,20211201,212500,7.86,7.86,7.85,7.85,200,0
NEXI.US,5,20211201,213000,7.92,7.92,7.92,7.92,100,0
NEXI.US,5,20211201,214000,7.84,7.84,7.84,7.84,100,0
NEXI.US,5,20211201,214500,7.73,7.74,7.63,7.63,600,0
NEXI.US,5,20211201,215000,7.56,7.67,7.56,7.67,600,0
NEXI.US,5,20211201,215500,7.63,7.63,7.58,7.62,6331,0
NEXI.US,5,20211202,153000,7.69,8.01,7.56,7.685,1074,0
NEXI.US,5,20211202,154000,7.8323,7.8323,7.8323,7.8323,200,0
NEXI.US,5,20211202,154500,7.635,7.635,7.635,7.635,100,0
NEXI.US,5,20211202,160000,7.49,7.49,7.47,7.47,231,0
NEXI.US,5,20211202,160500,7.48,7.48,7.48,7.48,100,0
NEXI.US,5,20211202,161500,7.5324,7.5324,7.5324,7.5324,130,0
NEXI.US,5,20211202,162000,7.47,7.47,7.47,7.47,172,0
NEXI.US,5,20211202,162500,7.39,7.4,7.23,7.384,2646,0
NEXI.US,5,20211202,163000,7.33,7.33,7.33,7.33,100,0
NEXI.US,5,20211202,172000,7.51,7.51,7.51,7.51,100,0
NEXI.US,5,20211202,173000,7.54,7.54,7.52,7.52,300,0
NEXI.US,5,20211202,174500,7.53,7.53,7.53,7.53,300,0
NEXI.US,5,20211202,181500,7.54,7.54,7.53,7.53,329,0
NEXI.US,5,20211202,183500,7.59,7.59,7.57,7.57,300,0
NEXI.US,5,20211202,192500,7.53,7.53,7.5,7.5,1166,0
NEXI.US,5,20211202,193500,7.42,7.54,7.33,7.41,1084,0
NEXI.US,5,20211202,195000,7.35,7.35,7.35,7.35,200,0
NEXI.US,5,20211202,200500,7.35,7.35,7.35,7.35,100,0
NEXI.US,5,20211202,203000,7.34,7.34,6.83,6.83,12312,0
NEXI.US,5,20211202,203500,7.01,7.02,6.9,6.9899,1324,0
NEXI.US,5,20211202,204000,6.915,7.02,6.91,7.02,500,0
NEXI.US,5,20211202,204500,7.06,7.06,7.0401,7.0401,200,0
NEXI.US,5,20211202,205500,7.05,7.1,7.04,7.1,700,0
NEXI.US,5,20211202,210000,7.1,7.1,7.07,7.07,811,0
NEXI.US,5,20211202,210500,7.095,7.21,7.06,7.21,1000,0
NEXI.US,5,20211202,211000,7.22,7.22,7.21,7.21,300,0
NEXI.US,5,20211202,212500,7.2,7.2,7.2,7.2,100,0
NEXI.US,5,20211202,213000,7.26,7.29,7.225,7.29,494,0
NEXI.US,5,20211202,213500,7.265,7.265,7.265,7.265,100,0
NEXI.US,5,20211202,214000,7.27,7.33,7.27,7.33,500,0
NEXI.US,5,20211202,215000,7.29,7.32,7.18,7.18,7469,0
NEXI.US,5,20211202,215500,7.175,7.2,7.14,7.2,7657,0
NEXI.US,5,20211203,153000,7.76,7.76,7.76,7.76,4523,0
NEXI.US,5,20211203,154000,7.56,7.75,7.43,7.43,400,0
NEXI.US,5,20211203,154500,7.35,7.35,7.35,7.35,100,0
NEXI.US,5,20211203,155500,7.42,7.42,6.55,7.0445,3388,0
NEXI.US,5,20211203,160000,6.51,6.51,6.51,6.51,100,0
NEXI.US,5,20211203,160500,6.65,6.65,6.6,6.6,400,0
NEXI.US,5,20211203,161000,6.9447,6.9447,6.505,6.505,250,0
NEXI.US,5,20211203,161500,6.47,6.47,6.47,6.47,100,0
NEXI.US,5,20211203,162000,6.49,6.71,6.49,6.6165,3750,0
NEXI.US,5,20211203,162500,6.74,6.76,6.58,6.6,1944,0
NEXI.US,5,20211203,163000,6.63,6.63,6.63,6.63,100,0
NEXI.US,5,20211203,163500,6.6,6.6,6.6,6.6,100,0
NEXI.US,5,20211203,164500,6.51,6.51,6.5,6.5,500,0
NEXI.US,5,20211203,165000,6.47,6.47,6.47,6.47,200,0
NEXI.US,5,20211203,165500,6.45,6.45,6.44,6.44,300,0
NEXI.US,5,20211203,170500,6.41,6.41,6.35,6.35,736,0
NEXI.US,5,20211203,171500,6.385,6.385,6.385,6.385,100,0
NEXI.US,5,20211203,172000,6.43,6.43,6.43,6.43,4000,0
NEXI.US,5,20211203,173500,6.4553,6.4553,6.4553,6.4553,100,0
NEXI.US,5,20211203,174000,6.49,6.49,6.49,6.49,100,0
NEXI.US,5,20211203,174500,6.4914,6.4914,6.4301,6.4301,800,0
NEXI.US,5,20211203,175000,6.51,6.51,6.46,6.46,600,0
NEXI.US,5,20211203,175500,6.44,6.464,6.44,6.464,200,0
NEXI.US,5,20211203,180000,6.43,6.43,6.42,6.42,800,0
NEXI.US,5,20211203,181000,6.4184,6.4184,6.4184,6.4184,100,0
NEXI.US,5,20211203,181500,6.4024,6.4024,6.4024,6.4024,100,0
NEXI.US,5,20211203,183500,6.39,6.42,6.39,6.42,200,0
NEXI.US,5,20211203,184000,6.42,6.43,6.3801,6.4,3749,0
NEXI.US,5,20211203,185000,6.39,6.39,6.38,6.38,300,0
NEXI.US,5,20211203,185500,6.38,6.38,6.38,6.38,200,0
NEXI.US,5,20211203,190000,6.41,6.43,6.41,6.4296,400,0
NEXI.US,5,20211203,190500,6.43,6.43,6.43,6.43,500,0
NEXI.US,5,20211203,191000,6.44,6.4749,6.44,6.4749,2100,0
NEXI.US,5,20211203,191500,6.5188,6.5188,6.5188,6.5188,1900,0
NEXI.US,5,20211203,192000,6.4533,6.5,6.44,6.44,2000,0
NEXI.US,5,20211203,192500,6.445,6.445,6.445,6.445,100,0
NEXI.US,5,20211203,193000,6.64,6.64,6.64,6.64,100,0
NEXI.US,5,20211203,193500,6.69,6.7,6.69,6.7,200,0
NEXI.US,5,20211203,202000,6.825,6.825,6.8,6.8,200,0
NEXI.US,5,20211203,203500,6.76,6.76,6.755,6.755,300,0
NEXI.US,5,20211203,204500,6.74,6.7699,6.74,6.7699,2378,0
NEXI.US,5,20211203,210000,6.725,6.725,6.68,6.68,300,0
NEXI.US,5,20211203,212000,6.51,6.51,6.51,6.51,100,0
NEXI.US,5,20211203,213000,6.51,6.525,6.51,6.525,539,0
NEXI.US,5,20211203,213500,6.49,6.49,6.49,6.49,100,0
NEXI.US,5,20211203,214000,6.4701,6.5011,6.47,6.47,3100,0
NEXI.US,5,20211203,214500,6.42,6.42,6.3053,6.3053,4172,0
NEXI.US,5,20211203,215000,6.33,6.33,6.24,6.2874,2637,0
NEXI.US,5,20211203,215500,6.22,6.33,6.22,6.32,5080,0
NEXI.US,5,20211206,153000,6.42,6.42,6.32,6.37,1166,0
NEXI.US,5,20211206,154000,6.2,6.31,6.2,6.23,748,0
NEXI.US,5,20211206,154500,6.21,6.22,6.21,6.22,900,0
NEXI.US,5,20211206,155000,6.2,6.2,6.2,6.2,445,0
NEXI.US,5,20211206,155500,6.16,6.16,6.08,6.16,3612,0
NEXI.US,5,20211206,160500,6.14,6.14,6.14,6.14,100,0
NEXI.US,5,20211206,161000,6.14,6.14,6.14,6.14,200,0
NEXI.US,5,20211206,163000,6.19,6.19,6.19,6.19,200,0
NEXI.US,5,20211206,163500,6.22,6.22,6.21,6.21,400,0
NEXI.US,5,20211206,164000,6.22,6.22,6.19,6.22,600,0
NEXI.US,5,20211206,165000,6.25,6.3,6.25,6.29,3400,0
NEXI.US,5,20211206,170000,6.29,6.29,6.29,6.29,100,0
NEXI.US,5,20211206,171000,6.2505,6.2505,6.2505,6.2505,900,0
NEXI.US,5,20211206,171500,6.275,6.275,6.275,6.275,100,0
NEXI.US,5,20211206,173500,6.3,6.3,6.3,6.3,100,0
NEXI.US,5,20211206,174000,6.2828,6.2828,6.2828,6.2828,100,0
NEXI.US,5,20211206,181000,6.2707,6.3,6.2301,6.3,700,0
NEXI.US,5,20211206,181500,6.29,6.29,6.29,6.29,100,0
NEXI.US,5,20211206,182000,6.3,6.3,6.29,6.3,1600,0
NEXI.US,5,20211206,182500,6.3,6.3,6.295,6.295,300,0
NEXI.US,5,20211206,183000,6.3,6.3,6.3,6.3,400,0
NEXI.US,5,20211206,183500,6.2901,6.2901,6.2901,6.2901,1800,0
NEXI.US,5,20211206,184000,6.3,6.3,6.3,6.3,100,0
NEXI.US,5,20211206,185000,6.29,6.29,6.29,6.29,100,0
NEXI.US,5,20211206,185500,6.31,6.36,6.31,6.36,400,0
NEXI.US,5,20211206,192000,6.44,6.44,6.39,6.4,2500,0
NEXI.US,5,20211206,192500,6.4399,6.44,6.4399,6.44,400,0
NEXI.US,5,20211206,193000,6.44,6.44,6.41,6.44,1500,0
NEXI.US,5,20211206,194500,6.41,6.41,6.4,6.41,300,0
NEXI.US,5,20211206,195500,6.395,6.395,6.395,6.395,100,0
NEXI.US,5,20211206,200000,6.41,6.41,6.41,6.41,100,0
NEXI.US,5,20211206,202000,6.41,6.41,6.41,6.41,100,0
NEXI.US,5,20211206,202500,6.38,6.38,6.37,6.37,400,0
NEXI.US,5,20211206,203500,6.395,6.395,6.395,6.395,100,0
NEXI.US,5,20211206,204000,6.395,6.395,6.31,6.31,604,0
NEXI.US,5,20211206,205000,6.35,6.35,6.35,6.35,100,0
NEXI.US,5,20211206,205500,6.31,6.35,6.3,6.3001,4900,0
NEXI.US,5,20211206,210000,6.345,6.345,6.345,6.345,100,0
NEXI.US,5,20211206,210500,6.3,6.37,6.3,6.3,700,0
NEXI.US,5,20211206,211000,6.32,6.32,6.26,6.26,200,0
NEXI.US,5,20211206,211500,6.255,6.255,6.24,6.24,200,0
NEXI.US,5,20211206,212500,6.24,6.24,6.24,6.24,100,0
NEXI.US,5,20211206,213000,6.19,6.19,6.19,6.19,100,0
NEXI.US,5,20211206,213500,6.1775,6.1775,6.0801,6.0801,1048,0
NEXI.US,5,20211206,214000,6.08,6.08,6.01,6.025,900,0
NEXI.US,5,20211206,214500,6.025,6.0357,5.98,5.98,688,0
NEXI.US,5,20211206,215000,5.98,6,5.9775,6,836,0
NEXI.US,5,20211206,215500,6.03,6.03,5.94,6.03,7374,0
NEXI.US,5,20211207,153000,6,6,6,6,444,0
NEXI.US,5,20211207,161500,6.06,6.07,6.06,6.0602,1000,0
NEXI.US,5,20211207,164500,6.16,6.16,6.1,6.1,1100,0
NEXI.US,5,20211207,165000,6.26,6.26,6.26,6.26,100,0
NEXI.US,5,20211207,170000,6.25,6.25,6.25,6.25,100,0
NEXI.US,5,20211207,172500,6.2,6.26,6.2,6.26,9624,0
NEXI.US,5,20211207,173500,6.45,6.4999,6.415,6.415,300,0
NEXI.US,5,20211207,174500,6.45,6.53,6.4,6.53,2379,0
NEXI.US,5,20211207,175000,6.4113,6.4113,6.4113,6.4113,200,0
NEXI.US,5,20211207,181000,6.54,6.54,6.54,6.54,100,0
NEXI.US,5,20211207,181500,6.48,6.57,6.48,6.57,202,0
NEXI.US,5,20211207,184000,7.13,7.13,6.8086,6.8086,4269,0
NEXI.US,5,20211207,184500,6.85,6.89,6.74,6.74,500,0
NEXI.US,5,20211207,192000,6.73,6.85,6.73,6.73,300,0
NEXI.US,5,20211207,193000,6.6816,6.6816,6.6816,6.6816,1000,0
NEXI.US,5,20211207,194500,6.78,6.78,6.63,6.63,254,0
NEXI.US,5,20211207,200000,6.75,6.76,6.75,6.76,1300,0
NEXI.US,5,20211207,200500,6.76,6.76,6.76,6.76,400,0
NEXI.US,5,20211207,201500,6.695,6.695,6.695,6.695,100,0
NEXI.US,5,20211207,202000,6.75,6.75,6.75,6.75,100,0
NEXI.US,5,20211207,202500,6.69,6.69,6.69,6.69,100,0
NEXI.US,5,20211207,203000,6.64,6.64,6.59,6.61,700,0
NEXI.US,5,20211207,204000,6.59,6.59,6.53,6.53,1000,0
NEXI.US,5,20211207,205000,6.57,6.59,6.57,6.59,3486,0
NEXI.US,5,20211207,205500,6.59,6.645,6.59,6.59,1719,0
NEXI.US,5,20211207,210500,6.6027,6.6027,6.6027,6.6027,140,0
NEXI.US,5,20211207,212000,6.655,6.66,6.655,6.66,200,0
NEXI.US,5,20211207,213000,6.62,6.62,6.62,6.62,100,0
NEXI.US,5,20211207,213500,6.64,6.64,6.64,6.64,200,0
NEXI.US,5,20211207,215000,6.63,6.6479,6.56,6.56,1330,0
NEXI.US,5,20211207,215500,6.55,6.62,6.54,6.58,5005,0
NEXI.US,5,20211208,153000,6.54,6.54,6.54,6.54,235,0
NEXI.US,5,20211208,153500,6.5,6.5,6.5,6.5,362,0
NEXI.US,5,20211208,154500,6.39,6.39,6.39,6.39,100,0
NEXI.US,5,20211208,160500,6.2,6.2,6.11,6.11,200,0
NEXI.US,5,20211208,162000,6.4211,6.4211,6.4211,6.4211,300,0
NEXI.US,5,20211208,165000,6.41,6.41,6.41,6.41,200,0
NEXI.US,5,20211208,173500,6.52,6.52,6.52,6.52,250,0
NEXI.US,5,20211208,175000,6.51,6.51,6.39,6.39,782,0
NEXI.US,5,20211208,181000,6.38,6.38,6.38,6.38,130,0
NEXI.US,5,20211208,185000,6.38,6.38,6.38,6.38,888,0
NEXI.US,5,20211208,190500,6.24,6.24,6.24,6.24,100,0
NEXI.US,5,20211208,200000,6.38,6.38,6.38,6.38,100,0
NEXI.US,5,20211208,200500,6.3884,6.3884,6.3884,6.3884,2000,0
NEXI.US,5,20211208,212000,6.3623,6.3623,6.3623,6.3623,100,0
NEXI.US,5,20211208,212500,6.415,6.49,6.345,6.345,600,0
NEXI.US,5,20211208,213000,6.415,6.47,6.415,6.47,200,0
NEXI.US,5,20211208,214500,6.355,6.355,6.355,6.355,100,0
NEXI.US,5,20211208,215000,6.41,6.41,6.355,6.355,200,0
NEXI.US,5,20211208,215500,6.47,6.47,6.4,6.44,2853,0
NEXI.US,5,20211209,153000,6.47,6.47,6.45,6.45,1762,0
NEXI.US,5,20211209,154500,6.47,6.58,6.47,6.49,852,0
NEXI.US,5,20211209,160000,6.44,6.44,6.44,6.44,100,0
NEXI.US,5,20211209,161000,6.41,6.41,6.41,6.41,100,0
NEXI.US,5,20211209,162500,6.38,6.38,6.38,6.38,100,0
NEXI.US,5,20211209,163500,6.38,6.38,6.38,6.38,100,0
NEXI.US,5,20211209,165000,6.37,6.37,6.28,6.28,200,0
NEXI.US,5,20211209,165500,6.28,6.28,6.25,6.25,700,0
NEXI.US,5,20211209,170500,6.25,6.29,6.25,6.29,200,0
NEXI.US,5,20211209,173000,6.35,6.47,6.35,6.47,600,0
NEXI.US,5,20211209,174500,6.45,6.455,6.43,6.455,300,0
NEXI.US,5,20211209,181000,6.42,6.42,6.42,6.42,100,0
NEXI.US,5,20211209,184500,6.315,6.42,6.315,6.42,328,0
NEXI.US,5,20211209,185500,6.405,6.405,6.35,6.35,700,0
NEXI.US,5,20211209,190500,6.36,6.36,6.36,6.36,100,0
NEXI.US,5,20211209,191000,6.41,6.41,6.41,6.41,200,0
NEXI.US,5,20211209,192000,6.35,6.35,6.35,6.35,100,0
NEXI.US,5,20211209,195500,6.31,6.31,6.31,6.31,100,0
NEXI.US,5,20211209,204000,6.34,6.34,6.26,6.26,200,0
NEXI.US,5,20211209,205500,6.17,6.17,6.17,6.17,100,0
NEXI.US,5,20211209,211000,6.19,6.19,6.19,6.19,100,0
NEXI.US,5,20211209,214500,6.16,6.17,6.12,6.15,600,0
NEXI.US,5,20211209,215000,6.16,6.16,6.16,6.16,100,0
NEXI.US,5,20211209,215500,6.14,6.15,6.09,6.12,5477,0
NEXI.US,5,20211210,153000,5.95,5.95,5.95,5.95,388,0
NEXI.US,5,20211210,153500,5.97,5.97,5.96,5.96,200,0
NEXI.US,5,20211210,155000,5.98,5.98,5.98,5.98,100,0
NEXI.US,5,20211210,161000,6.1205,6.1205,6.1205,6.1205,150,0
NEXI.US,5,20211210,162000,6.14,6.14,5.99,6.13,400,0
NEXI.US,5,20211210,164000,6.13,6.13,6,6,200,0
NEXI.US,5,20211210,164500,6.01,6.01,6.01,6.01,100,0
NEXI.US,5,20211210,171500,5.875,5.88,5.875,5.88,400,0
NEXI.US,5,20211210,173000,5.63,5.63,5.63,5.63,100,0
NEXI.US,5,20211210,173500,5.7,6.05,5.7,6.05,11592,0
NEXI.US,5,20211210,174000,6.01,6.19,5.96,5.98,13106,0
NEXI.US,5,20211210,174500,5.9835,5.99,5.97,5.98,600,0
NEXI.US,5,20211210,175000,5.99,6.2,5.96,6.2,3057,0
NEXI.US,5,20211210,175500,6.12,6.15,6,6,2400,0
NEXI.US,5,20211210,180000,6.05,6.06,6.05,6.06,476,0
NEXI.US,5,20211210,183500,6.0165,6.05,6,6.01,1310,0
NEXI.US,5,20211210,185000,6,6,6,6,200,0
NEXI.US,5,20211210,190500,5.98,5.98,5.98,5.98,100,0
NEXI.US,5,20211210,191000,5.98,5.98,5.98,5.98,100,0
NEXI.US,5,20211210,191500,5.9801,6.06,5.9801,6.02,1050,0
NEXI.US,5,20211210,193000,6.06,6.08,6.06,6.08,537,0
NEXI.US,5,20211210,193500,6.04,6.04,6.04,6.04,100,0
NEXI.US,5,20211210,194500,6.1,6.1,6.07,6.07,1655,0
NEXI.US,5,20211210,195000,6.045,6.045,6.045,6.045,100,0
NEXI.US,5,20211210,201000,6.045,6.045,6.045,6.045,100,0
NEXI.US,5,20211210,202000,6.045,6.045,6.045,6.045,100,0
NEXI.US,5,20211210,205500,6.04,6.04,6.04,6.04,200,0
NEXI.US,5,20211210,211500,5.965,5.965,5.965,5.965,100,0
NEXI.US,5,20211210,212500,6,6,6,6,100,0
NEXI.US,5,20211210,213000,6.03,6.03,6.03,6.03,100,0
NEXI.US,5,20211210,213500,6.03,6.03,5.99,5.99,2185,0
NEXI.US,5,20211210,214000,5.94,5.96,5.92,5.92,1181,0
NEXI.US,5,20211210,214500,5.91,5.91,5.91,5.91,100,0
NEXI.US,5,20211210,215000,5.97,5.98,5.94,5.94,3010,0
NEXI.US,5,20211210,215500,5.96,5.99,5.9,5.96,7944,0
NEXI.US,5,20211213,153000,5.99,5.99,5.99,5.99,553,0
NEXI.US,5,20211213,153500,6,6,5.92,5.92,400,0
NEXI.US,5,20211213,154000,5.83,5.83,5.83,5.83,200,0
NEXI.US,5,20211213,155000,5.8,5.8,5.8,5.8,968,0
NEXI.US,5,20211213,160500,5.82,5.82,5.82,5.82,100,0
NEXI.US,5,20211213,161000,5.81,5.82,5.81,5.82,300,0
NEXI.US,5,20211213,161500,5.8,5.8,5.8,5.8,200,0
NEXI.US,5,20211213,162000,5.75,5.75,5.75,5.75,106,0
NEXI.US,5,20211213,162500,5.75,5.75,5.68,5.68,254,0
NEXI.US,5,20211213,163000,5.675,5.68,5.675,5.68,380,0
NEXI.US,5,20211213,164000,5.6108,5.6108,5.6,5.6,1462,0
NEXI.US,5,20211213,165000,5.6069,5.6069,5.6069,5.6069,700,0
NEXI.US,5,20211213,170000,5.485,5.485,5.42,5.445,600,0
NEXI.US,5,20211213,170500,5.3801,5.45,5.38,5.45,2717,0
NEXI.US,5,20211213,171500,5.31,5.31,5.305,5.305,750,0
NEXI.US,5,20211213,172000,5.2202,5.2202,5.2202,5.2202,2575,0
NEXI.US,5,20211213,172500,5.25,5.25,5.2,5.2,500,0
NEXI.US,5,20211213,173000,5.17,5.18,5.0927,5.165,4417,0
NEXI.US,5,20211213,173500,5.15,5.19,5.0702,5.19,7762,0
NEXI.US,5,20211213,174000,5.12,5.13,5.12,5.13,1100,0
NEXI.US,5,20211213,175000,5.127,5.127,5.08,5.08,350,0
NEXI.US,5,20211213,175500,5.0909,5.13,5.075,5.09,1250,0
NEXI.US,5,20211213,182000,5.14,5.2,5.14,5.17,500,0
NEXI.US,5,20211213,182500,5.19,5.2,5.19,5.2,800,0
NEXI.US,5,20211213,183000,5.24,5.2499,5.24,5.2499,500,0
NEXI.US,5,20211213,185500,5.26,5.26,5.22,5.22,400,0
NEXI.US,5,20211213,191000,5.28,5.28,5.28,5.28,100,0
NEXI.US,5,20211213,193000,5.2626,5.2626,5.2626,5.2626,1000,0
NEXI.US,5,20211213,194500,5.275,5.28,5.27,5.27,300,0
NEXI.US,5,20211213,195000,5.31,5.31,5.31,5.31,140,0
NEXI.US,5,20211213,203000,5.31,5.31,5.31,5.31,100,0
NEXI.US,5,20211213,205500,5.335,5.335,5.335,5.335,200,0
NEXI.US,5,20211213,210000,5.35,5.41,5.35,5.41,1814,0
NEXI.US,5,20211213,211000,5.48,5.48,5.48,5.48,219,0
NEXI.US,5,20211213,211500,5.48,5.49,5.39,5.39,1900,0
NEXI.US,5,20211213,212500,5.39,5.41,5.39,5.41,425,0
NEXI.US,5,20211213,213000,5.41,5.41,5.41,5.41,225,0
NEXI.US,5,20211213,213500,5.4,5.52,5.4,5.52,800,0
NEXI.US,5,20211213,214000,5.46,5.46,5.42,5.42,3100,0
NEXI.US,5,20211213,214500,5.36,5.43,5.36,5.42,416,0
NEXI.US,5,20211213,215500,5.385,5.44,5.32,5.44,7444,0
NEXI.US,5,20211214,153000,5.3,5.3,5.29,5.29,330,0
NEXI.US,5,20211214,153500,5.23,5.4699,5.1,5.4699,500,0
NEXI.US,5,20211214,155500,5.4,5.43,5.4,5.41,300,0
NEXI.US,5,20211214,161000,5.41,5.41,5.36,5.36,500,0
NEXI.US,5,20211214,162500,5.27,5.45,5.27,5.45,300,0
NEXI.US,5,20211214,163500,5.37,5.42,5.37,5.42,200,0
NEXI.US,5,20211214,164500,5.385,5.385,5.385,5.385,100,0
NEXI.US,5,20211214,170500,5.44,5.545,5.44,5.4415,1887,0
NEXI.US,5,20211214,171000,5.45,5.45,5.45,5.45,274,0
NEXI.US,5,20211214,171500,5.47,5.47,5.44,5.44,400,0
NEXI.US,5,20211214,172500,5.46,5.63,5.4524,5.55,12338,0
NEXI.US,5,20211214,173500,5.64,5.685,5.64,5.66,1400,0
NEXI.US,5,20211214,174000,5.66,5.66,5.66,5.66,200,0
NEXI.US,5,20211214,174500,5.675,5.675,5.675,5.675,200,0
NEXI.US,5,20211214,175000,5.675,5.675,5.67,5.67,600,0
NEXI.US,5,20211214,175500,5.7,5.7,5.7,5.7,100,0
NEXI.US,5,20211214,181000,5.61,5.72,5.61,5.72,600,0
NEXI.US,5,20211214,185500,5.6,5.6,5.6,5.6,100,0
NEXI.US,5,20211214,190000,5.67,5.7,5.67,5.7,732,0
NEXI.US,5,20211214,191500,5.74,5.74,5.74,5.74,100,0
NEXI.US,5,20211214,200000,5.65,5.65,5.65,5.65,100,0
NEXI.US,5,20211214,201000,5.71,5.71,5.71,5.71,1000,0
NEXI.US,5,20211214,210500,5.57,5.57,5.57,5.57,100,0
NEXI.US,5,20211214,211000,5.57,5.58,5.44,5.44,1942,0
NEXI.US,5,20211214,211500,5.425,5.54,5.38,5.435,5710,0
NEXI.US,5,20211214,212000,5.43,5.46,5.38,5.42,4337,0
NEXI.US,5,20211214,213500,5.38,5.42,5.38,5.42,600,0
NEXI.US,5,20211214,214000,5.38,5.38,5.35,5.35,787,0
NEXI.US,5,20211214,214500,5.33,5.33,5.28,5.28,5398,0
NEXI.US,5,20211214,215000,5.14,5.32,5.11,5.3,8632,0
NEXI.US,5,20211214,215500,5.26,5.32,5.13,5.21,15943,0
NEXI.US,5,20211215,153000,5.23,5.23,5.18,5.18,2133,0
NEXI.US,5,20211215,153500,5.05,5.05,5.05,5.05,100,0
NEXI.US,5,20211215,155000,5.04,5.04,4.86,4.86,3099,0
NEXI.US,5,20211215,155500,5.085,5.085,4.86,4.86,200,0
NEXI.US,5,20211215,160500,4.98,4.98,4.9,4.9,1750,0
NEXI.US,5,20211215,161000,4.95,4.95,4.91,4.91,1480,0
NEXI.US,5,20211215,162000,4.95,4.99,4.93,4.93,2195,0
NEXI.US,5,20211215,162500,4.95,4.96,4.94,4.94,849,0
NEXI.US,5,20211215,163000,4.94,5,4.91,4.92,4750,0
NEXI.US,5,20211215,164000,4.93,4.93,4.93,4.93,100,0
NEXI.US,5,20211215,164500,4.92,4.92,4.91,4.91,840,0
NEXI.US,5,20211215,165000,4.91,4.91,4.86,4.86,5131,0
NEXI.US,5,20211215,165500,4.86,4.86,4.77,4.77,1695,0
NEXI.US,5,20211215,170000,4.827,4.827,4.77,4.77,600,0
NEXI.US,5,20211215,170500,4.77,4.77,4.69,4.69,4978,0
NEXI.US,5,20211215,171000,4.68,4.69,4.64,4.64,600,0
NEXI.US,5,20211215,171500,4.7184,4.73,4.7184,4.73,700,0
NEXI.US,5,20211215,182500,4.71,4.74,4.71,4.725,656,0
NEXI.US,5,20211215,183000,4.77,4.78,4.75,4.78,600,0
NEXI.US,5,20211215,185000,4.7856,4.805,4.7856,4.805,200,0
NEXI.US,5,20211215,193000,4.8098,4.8098,4.8098,4.8098,400,0
NEXI.US,5,20211215,193500,4.84,4.84,4.84,4.84,100,0
NEXI.US,5,20211215,194000,4.855,4.855,4.8,4.8,5305,0
NEXI.US,5,20211215,195000,4.81,4.82,4.81,4.82,700,0
NEXI.US,5,20211215,200000,4.84,4.84,4.84,4.84,300,0
NEXI.US,5,20211215,200500,4.85,4.89,4.85,4.89,200,0
NEXI.US,5,20211215,201500,4.9715,5.0988,4.9715,5.0988,2000,0
NEXI.US,5,20211215,202000,5.03,5.03,5.02,5.02,200,0
NEXI.US,5,20211215,203000,4.9999,4.9999,4.9999,4.9999,200,0
NEXI.US,5,20211215,203500,5,5.025,5,5.025,300,0
NEXI.US,5,20211215,204500,4.995,4.995,4.995,4.995,100,0
NEXI.US,5,20211215,210500,5,5,4.99,4.99,800,0
NEXI.US,5,20211215,212000,5.1,5.18,5.1,5.17,5126,0
NEXI.US,5,20211215,214000,5.235,5.235,5.225,5.225,200,0
NEXI.US,5,20211215,214500,5.225,5.24,5.21,5.24,1920,0
NEXI.US,5,20211215,215000,5.24,5.25,5.21,5.24,1304,0
NEXI.US,5,20211215,215500,5.24,5.27,5.19,5.24,11402,0
NEXI.US,5,20211216,153000,5.2,5.2,4.58,5,3996,0
NEXI.US,5,20211216,153500,5.15,5.15,5.15,5.15,838,0
NEXI.US,5,20211216,154000,5.07,5.07,5.07,5.07,100,0
NEXI.US,5,20211216,154500,5.12,5.12,5.1,5.1,471,0
NEXI.US,5,20211216,155500,5.1701,5.255,5.17,5.255,2928,0
NEXI.US,5,20211216,161500,5.45,5.45,5.45,5.45,491,0
NEXI.US,5,20211216,163000,5.36,5.36,5.36,5.36,100,0
NEXI.US,5,20211216,164000,5.415,5.45,5.3901,5.45,937,0
NEXI.US,5,20211216,165000,5.44,5.505,5.44,5.505,300,0
NEXI.US,5,20211216,165500,5.49,5.49,5.46,5.46,300,0
NEXI.US,5,20211216,170000,5.4535,5.46,5.44,5.44,1960,0
NEXI.US,5,20211216,171500,5.47,5.47,5.43,5.43,300,0
NEXI.US,5,20211216,172500,5.43,5.4301,5.42,5.42,300,0
NEXI.US,5,20211216,174500,5.364,5.364,5.364,5.364,100,0
NEXI.US,5,20211216,182500,5.36,5.3601,5.35,5.3601,1503,0
NEXI.US,5,20211216,184500,5.35,5.62,5.336,5.55,6150,0
NEXI.US,5,20211216,185500,5.69,5.69,5.69,5.69,200,0
NEXI.US,5,20211216,190000,5.55,5.55,5.55,5.55,200,0
NEXI.US,5,20211216,191000,5.56,5.56,5.56,5.56,100,0
NEXI.US,5,20211216,191500,5.55,5.55,5.41,5.41,400,0
NEXI.US,5,20211216,192500,5.575,5.575,5.575,5.575,100,0
NEXI.US,5,20211216,195000,5.4,5.4,5.355,5.355,500,0
NEXI.US,5,20211216,201000,5.33,5.34,5.32,5.325,550,0
NEXI.US,5,20211216,201500,5.325,5.325,5.26,5.26,400,0
NEXI.US,5,20211216,204000,5.2169,5.2169,4.98,4.98,300,0
NEXI.US,5,20211216,204500,5.11,5.11,5.11,5.11,100,0
NEXI.US,5,20211216,205500,4.8488,4.8488,4.8488,4.8488,200,0
NEXI.US,5,20211216,210500,4.82,4.82,4.82,4.82,100,0
NEXI.US,5,20211216,212500,4.97,4.97,4.97,4.97,100,0
NEXI.US,5,20211216,213000,5.01,5.015,5.01,5.015,552,0
NEXI.US,5,20211216,213500,5,5.01,5,5,350,0
NEXI.US,5,20211216,214000,5,5,4.98,4.98,1207,0
NEXI.US,5,20211216,214500,4.945,5,4.945,4.985,1339,0
NEXI.US,5,20211216,215000,4.99,5.11,4.99,4.99,12764,0
NEXI.US,5,20211216,215500,5,5.04,4.99,5.01,6812,0
NEXI.US,5,20211217,153000,5.04,5.04,5.04,5.04,12749,0
NEXI.US,5,20211217,160000,5.0001,5.0001,4.76,4.875,83900,0
NEXI.US,5,20211217,160500,4.96,5,4.87,4.98,500,0
NEXI.US,5,20211217,161500,5.04,5.05,4.995,4.995,1000,0
NEXI.US,5,20211217,162500,5.07,5.1,5.07,5.1,1759,0
NEXI.US,5,20211217,163000,5.1,5.15,5.1,5.15,200,0
NEXI.US,5,20211217,163500,5.18,5.18,5.18,5.18,100,0
NEXI.US,5,20211217,165000,5.45,5.45,5.45,5.45,100,0
NEXI.US,5,20211217,170000,5.38,5.38,5.38,5.38,300,0
NEXI.US,5,20211217,172500,5.405,5.405,5.405,5.405,100,0
NEXI.US,5,20211217,173000,5.36,5.45,5.05,5.31,14743,0
NEXI.US,5,20211217,180000,5.14,5.14,5.05,5.07,1765,0
NEXI.US,5,20211217,180500,5.0899,5.0899,5.08,5.08,4200,0
NEXI.US,5,20211217,181000,5.1,5.1,5.06,5.06,6900,0
NEXI.US,5,20211217,181500,5.1,5.1,5.1,5.1,212,0
NEXI.US,5,20211217,182500,5.08,5.08,5.08,5.08,110,0
NEXI.US,5,20211217,183000,5.1,5.45,5.1,5.45,8804,0
NEXI.US,5,20211217,190500,5.33,5.42,5.32,5.385,400,0
NEXI.US,5,20211217,191500,5.395,5.43,5.28,5.3,1135,0
NEXI.US,5,20211217,192000,5.3,5.3,5.25,5.25,935,0
NEXI.US,5,20211217,192500,5.26,5.26,5.26,5.26,100,0
NEXI.US,5,20211217,193500,5.28,5.3,5.27,5.29,3000,0
NEXI.US,5,20211217,194000,5.25,5.25,5.25,5.25,100,0
NEXI.US,5,20211217,194500,5.24,5.24,5.24,5.24,100,0
NEXI.US,5,20211217,195500,5.29,5.29,5.29,5.29,100,0
NEXI.US,5,20211217,200000,5.29,5.29,5.25,5.25,200,0
NEXI.US,5,20211217,200500,5.25,5.255,5.25,5.255,200,0
NEXI.US,5,20211217,205500,5.24,5.26,5.24,5.26,200,0
NEXI.US,5,20211217,212000,5.25,5.3,5.25,5.3,780,0
NEXI.US,5,20211217,213000,5.26,5.27,5.23,5.27,901,0
NEXI.US,5,20211217,213500,5.21,5.22,5.21,5.22,438,0
NEXI.US,5,20211217,214000,5.24,5.27,5.24,5.24,457,0
NEXI.US,5,20211217,214500,5.26,5.3,5.26,5.3,800,0
NEXI.US,5,20211217,215000,5.25,5.3,5.23,5.27,1966,0
NEXI.US,5,20211217,215500,5.24,5.29,5.18,5.21,37308,0
NEXI.US,5,20211220,153000,5.01,5.01,5.01,5.01,648,0
NEXI.US,5,20211220,160000,5.18,5.18,5.18,5.18,100,0
NEXI.US,5,20211220,161000,5.22,5.22,5.22,5.22,200,0
NEXI.US,5,20211220,161500,5.2,5.22,5.2,5.22,1300,0
NEXI.US,5,20211220,162000,5.18,5.18,5.18,5.18,800,0
NEXI.US,5,20211220,162500,5.16,5.16,5.135,5.135,4306,0
NEXI.US,5,20211220,163000,5.1,5.1,5.1,5.1,100,0
NEXI.US,5,20211220,163500,4.89,4.97,4.89,4.97,300,0
NEXI.US,5,20211220,164500,4.95,5.0873,4.95,5.0873,404,0
NEXI.US,5,20211220,170000,5.05,5.08,5.05,5.08,200,0
NEXI.US,5,20211220,171000,5.09,5.09,5.09,5.09,100,0
NEXI.US,5,20211220,172000,5.13,5.13,5.13,5.13,100,0
NEXI.US,5,20211220,174500,5.08,5.08,5.08,5.08,100,0
NEXI.US,5,20211220,175000,5.1,5.1,5.1,5.1,200,0
NEXI.US,5,20211220,181000,5.115,5.115,5.115,5.115,100,0
NEXI.US,5,20211220,181500,5.09,5.09,5.09,5.09,100,0
NEXI.US,5,20211220,182000,5.09,5.09,5.09,5.09,452,0
NEXI.US,5,20211220,182500,5.05,5.05,5.05,5.05,100,0
NEXI.US,5,20211220,183000,5.035,5.035,5.035,5.035,104,0
NEXI.US,5,20211220,183500,5.01,5.01,5.01,5.01,100,0
NEXI.US,5,20211220,184000,5.01,5.02,5.01,5.02,700,0
NEXI.US,5,20211220,191000,5.01,5.01,5.01,5.01,200,0
NEXI.US,5,20211220,191500,5.02,5.02,5.02,5.02,100,0
NEXI.US,5,20211220,192000,5.025,5.04,5.025,5.04,206,0
NEXI.US,5,20211220,192500,5.03,5.03,5.03,5.03,300,0
NEXI.US,5,20211220,193500,5.07,5.07,5.07,5.07,100,0
NEXI.US,5,20211220,194000,5.07,5.07,5.07,5.07,200,0
NEXI.US,5,20211220,200500,5.02,5.03,5,5.005,865,0
NEXI.US,5,20211220,202500,4.94,4.94,4.79,4.8,507,0
NEXI.US,5,20211220,203000,4.87,4.92,4.8,4.92,1104,0
NEXI.US,5,20211220,203500,4.9577,4.9577,4.9577,4.9577,402,0
NEXI.US,5,20211220,204000,4.97,4.97,4.97,4.97,100,0
NEXI.US,5,20211220,204500,5.05,5.05,4.94,4.94,200,0
NEXI.US,5,20211220,205000,4.91,5.03,4.91,5.03,200,0
NEXI.US,5,20211220,212000,4.95,4.95,4.95,4.95,108,0
NEXI.US,5,20211220,212500,4.92,4.92,4.82,4.85,1017,0
NEXI.US,5,20211220,214500,4.82,4.835,4.78,4.835,300,0
NEXI.US,5,20211220,215000,4.84,4.86,4.84,4.86,799,0
NEXI.US,5,20211220,215500,4.9,4.95,4.88,4.92,3859,0
NEXI.US,5,20211221,153000,4.84,4.84,4.84,4.84,454,0
NEXI.US,5,20211221,154000,5,5,5,5,100,0
NEXI.US,5,20211221,160000,4.9999,4.9999,4.9999,4.9999,200,0
NEXI.US,5,20211221,160500,4.9864,5,4.93,5,600,0
NEXI.US,5,20211221,164500,5,5,5,5,400,0
NEXI.US,5,20211221,170000,4.935,4.935,4.935,4.935,300,0
NEXI.US,5,20211221,170500,4.93,4.93,4.93,4.93,200,0
NEXI.US,5,20211221,172500,5,5,5,5,100,0
NEXI.US,5,20211221,174500,4.9489,5.1,4.9489,5,1000,0
NEXI.US,5,20211221,175000,5,5,5,5,100,0
NEXI.US,5,20211221,180000,5.04,5.04,4.99,4.99,400,0
NEXI.US,5,20211221,180500,5,5,5,5,200,0
NEXI.US,5,20211221,181000,5.02,5.05,4.99,4.99,16900,0
NEXI.US,5,20211221,181500,5.035,5.035,5.035,5.035,200,0
NEXI.US,5,20211221,182000,4.98,5.03,4.98,5.03,300,0
NEXI.US,5,20211221,182500,5.03,5.03,5.03,5.03,100,0
NEXI.US,5,20211221,183500,4.99,4.99,4.99,4.99,101,0
NEXI.US,5,20211221,184000,5.035,5.035,4.99,4.99,200,0
NEXI.US,5,20211221,184500,5.03,5.03,4.99,4.99,200,0
NEXI.US,5,20211221,185000,5.03,5.03,5.03,5.03,100,0
NEXI.US,5,20211221,185500,5.01,5.02,5.01,5.01,500,0
NEXI.US,5,20211221,191000,5.035,5.035,5.01,5.01,482,0
NEXI.US,5,20211221,191500,5.025,5.04,5.025,5.04,200,0
NEXI.US,5,20211221,192000,5.015,5.03,5,5.03,1600,0
NEXI.US,5,20211221,192500,5.03,5.04,5.03,5.04,500,0
NEXI.US,5,20211221,193000,5.05,5.05,5.03,5.03,1199,0
NEXI.US,5,20211221,194500,5.04,5.04,5.04,5.04,100,0
NEXI.US,5,20211221,195500,5.01,5.01,5.01,5.01,100,0
NEXI.US,5,20211221,201000,5.02,5.02,5.02,5.02,100,0
NEXI.US,5,20211221,201500,5.04,5.04,5.04,5.04,300,0
NEXI.US,5,20211221,202500,5.065,5.07,5,5,1482,0
NEXI.US,5,20211221,203000,5.05,5.05,4.99,4.99,200,0
NEXI.US,5,20211221,203500,4.99,4.99,4.99,4.99,100,0
NEXI.US,5,20211221,204000,5.045,5.045,5,5,300,0
NEXI.US,5,20211221,205000,5.045,5.045,5.04,5.04,200,0
NEXI.US,5,20211221,205500,4.99,5.02,4.99,5,500,0
NEXI.US,5,20211221,210000,5.01,5.0499,5,5,590,0
NEXI.US,5,20211221,210500,5.01,5.025,5.01,5.025,200,0
NEXI.US,5,20211221,211500,5.015,5.05,4.98,4.98,17618,0
NEXI.US,5,20211221,212000,5.015,5.015,5,5.015,600,0
NEXI.US,5,20211221,212500,5.015,5.015,4.98,4.98,821,0
NEXI.US,5,20211221,213000,5,5.015,4.9901,4.9901,1200,0
NEXI.US,5,20211221,213500,4.99,5,4.99,4.99,300,0
NEXI.US,5,20211221,214000,4.995,5,4.995,5,397,0
NEXI.US,5,20211221,214500,5.02,5.02,4.99,4.99,500,0
NEXI.US,5,20211221,215000,4.99,5.025,4.99,5,8534,0
NEXI.US,5,20211221,215500,5,5.01,4.93,5.01,14207,0
NEXI.US,5,20211222,153000,4.96,4.96,4.96,4.96,194,0
NEXI.US,5,20211222,153500,4.8,4.8,4.8,4.8,200,0
NEXI.US,5,20211222,161500,4.92,4.92,4.92,4.92,400,0
NEXI.US,5,20211222,162000,4.96,4.96,4.885,4.885,200,0
NEXI.US,5,20211222,163000,4.95,4.96,4.905,4.91,2210,0
NEXI.US,5,20211222,165500,5.08,5.08,5.08,5.08,100,0
NEXI.US,5,20211222,170500,5.07,5.07,5.025,5.03,300,0
NEXI.US,5,20211222,171500,5.0665,5.0665,4.98,5.0574,2100,0
NEXI.US,5,20211222,172000,5.03,5.07,5.03,5.03,300,0
NEXI.US,5,20211222,172500,5,5.035,5,5.035,1700,0
NEXI.US,5,20211222,173500,5,5.01,4.96,5.01,1450,0
NEXI.US,5,20211222,174000,4.98,4.985,4.96,4.975,2920,0
NEXI.US,5,20211222,174500,4.9698,4.9761,4.96,4.96,600,0
NEXI.US,5,20211222,175000,4.98,5,4.97,5,3501,0
NEXI.US,5,20211222,175500,5.005,5.005,5.005,5.005,100,0
NEXI.US,5,20211222,182500,4.97,4.97,4.97,4.97,100,0
NEXI.US,5,20211222,183000,4.995,5.0122,4.995,5.0122,600,0
NEXI.US,5,20211222,185000,4.99,5.015,4.99,4.995,1400,0
NEXI.US,5,20211222,190000,4.98,5.005,4.98,5.005,200,0
NEXI.US,5,20211222,191000,5,5,5,5,470,0
NEXI.US,5,20211222,191500,5.01,5.01,5.01,5.01,162,0
NEXI.US,5,20211222,192000,5.01,5.01,5.01,5.01,100,0
NEXI.US,5,20211222,193000,4.98,4.98,4.98,4.98,100,0
NEXI.US,5,20211222,193500,4.98,4.98,4.98,4.98,100,0
NEXI.US,5,20211222,194000,4.98,4.98,4.98,4.98,100,0
NEXI.US,5,20211222,195500,5.005,5.005,4.97,4.97,200,0
NEXI.US,5,20211222,200500,4.97,5.0125,4.96,5.0125,4030,0
NEXI.US,5,20211222,201000,5.03,5.04,5.03,5.04,600,0
NEXI.US,5,20211222,201500,4.98,4.98,4.97,4.97,400,0
NEXI.US,5,20211222,202000,4.98,4.99,4.97,4.99,400,0
NEXI.US,5,20211222,203000,4.96,4.96,4.96,4.96,400,0
NEXI.US,5,20211222,203500,4.98,4.98,4.95,4.98,950,0
NEXI.US,5,20211222,204000,4.94,4.94,4.94,4.94,100,0
NEXI.US,5,20211222,204500,4.93,4.93,4.93,4.93,100,0
NEXI.US,5,20211222,205000,4.93,5,4.93,5,700,0
NEXI.US,5,20211222,205500,4.97,5.005,4.97,5,1973,0
NEXI.US,5,20211222,210000,5,5,5,5,300,0
NEXI.US,5,20211222,211000,4.965,4.99,4.965,4.99,200,0
NEXI.US,5,20211222,211500,4.99,4.99,4.96,4.96,399,0
NEXI.US,5,20211222,212500,4.96,4.96,4.94,4.95,800,0
NEXI.US,5,20211222,213000,4.955,4.955,4.955,4.955,100,0
NEXI.US,5,20211222,213500,4.945,4.96,4.93,4.93,300,0
NEXI.US,5,20211222,214000,4.965,4.965,4.965,4.965,100,0
NEXI.US,5,20211222,214500,4.99,4.99,4.94,4.96,600,0
NEXI.US,5,20211222,215000,4.9575,4.97,4.94,4.965,1400,0
NEXI.US,5,20211222,215500,4.94,4.99,4.91,4.99,8942,0
NEXI.US,5,20211223,153000,4.97,4.97,4.97,4.97,265,0
NEXI.US,5,20211223,161000,4.99,4.99,4.99,4.99,100,0
NEXI.US,5,20211223,164500,5,5,5,5,1100,0
NEXI.US,5,20211223,165000,5,5,4.985,5,1000,0
NEXI.US,5,20211223,165500,5,5,5,5,100,0
NEXI.US,5,20211223,170000,4.985,5,4.979,4.979,400,0
NEXI.US,5,20211223,171000,4.95,4.95,4.95,4.95,100,0
NEXI.US,5,20211223,171500,4.975,5,4.975,4.99,1300,0
NEXI.US,5,20211223,172000,5,5,4.99,4.99,700,0
NEXI.US,5,20211223,173000,5,5,5,5,200,0
NEXI.US,5,20211223,173500,5,5,5,5,800,0
NEXI.US,5,20211223,174000,4.9901,4.9901,4.9901,4.9901,100,0
NEXI.US,5,20211223,174500,5,5,4.99,4.99,400,0
NEXI.US,5,20211223,175000,4.9818,4.9818,4.9818,4.9818,152,0
NEXI.US,5,20211223,180500,4.9661,4.9661,4.9661,4.9661,400,0
NEXI.US,5,20211223,182000,5,5,4.99,5,600,0
NEXI.US,5,20211223,183500,4.9999,5,4.99,4.99,1100,0
NEXI.US,5,20211223,185000,5,5,5,5,200,0
NEXI.US,5,20211223,194500,5,5,4.99,4.99,800,0
NEXI.US,5,20211223,195000,4.99,5,4.99,5,610,0
NEXI.US,5,20211223,200500,4.98,4.99,4.96,4.975,986,0
NEXI.US,5,20211223,202500,4.975,4.9849,4.975,4.9849,424,0
NEXI.US,5,20211223,203000,4.9899,4.9899,4.975,4.975,500,0
NEXI.US,5,20211223,203500,4.97,4.97,4.97,4.97,400,0
NEXI.US,5,20211223,204000,4.99,4.99,4.99,4.99,100,0
NEXI.US,5,20211223,212000,5.035,5.035,5.035,5.035,100,0
NEXI.US,5,20211223,213000,5.02,5.05,5.02,5.05,303,0
NEXI.US,5,20211223,214500,5.01,5.01,5.01,5.01,100,0
NEXI.US,5,20211223,215000,5.01,5.01,4.83,4.93,30991,0
NEXI.US,5,20211223,215500,4.89,4.97,4.82,4.85,48856,0
