<TICKER>,<PER>,<DATE>,<TIME>,<OPEN>,<HIGH>,<LOW>,<CLOSE>,<VOL>,<OPENINT>
OFS.US,5,20211104,143000,11.07,11.07,11.05,11.05,962,0
OFS.US,5,20211104,145000,11.09,11.09,11.09,11.09,100,0
OFS.US,5,20211104,145500,11.06,11.06,11.06,11.06,100,0
OFS.US,5,20211104,150500,11.0452,11.0452,11.0452,11.0452,100,0
OFS.US,5,20211104,151000,11,11,11,11,100,0
OFS.US,5,20211104,152000,11.1014,11.1014,11.1014,11.1014,899,0
OFS.US,5,20211104,153000,11.0103,11.0103,11,11,1200,0
OFS.US,5,20211104,154000,11.1138,11.1138,11.1051,11.1051,1492,0
OFS.US,5,20211104,154500,11.1025,11.1025,11.1025,11.1025,100,0
OFS.US,5,20211104,160000,11.05,11.05,11.05,11.05,500,0
OFS.US,5,20211104,161000,11.0765,11.0765,11.0765,11.0765,100,0
OFS.US,5,20211104,161500,11.01,11.06,10.98,11.06,2676,0
OFS.US,5,20211104,162000,11.05,11.05,11.05,11.05,100,0
OFS.US,5,20211104,165500,11.015,11.02,11.015,11.02,200,0
OFS.US,5,20211104,171000,10.9814,10.9814,10.9814,10.9814,100,0
OFS.US,5,20211104,171500,10.9809,10.9809,10.9809,10.9809,120,0
OFS.US,5,20211104,174000,11.0508,11.0508,10.97,10.97,534,0
OFS.US,5,20211104,174500,11.019,11.019,10.9752,10.9752,1200,0
OFS.US,5,20211104,175500,10.96,10.96,10.96,10.96,100,0
OFS.US,5,20211104,183000,10.96,11.02,10.96,11.02,1800,0
OFS.US,5,20211104,183500,11.02,11.02,11.005,11.005,500,0
OFS.US,5,20211104,185000,10.965,10.965,10.965,10.965,180,0
OFS.US,5,20211104,191500,10.96,10.96,10.96,10.96,2000,0
OFS.US,5,20211104,194000,11.0602,11.0602,11.0602,11.0602,100,0
OFS.US,5,20211104,200000,10.96,10.96,10.96,10.96,100,0
OFS.US,5,20211104,200500,11.04,11.04,11.04,11.04,400,0
OFS.US,5,20211104,201000,11.05,11.05,11.05,11.05,200,0
OFS.US,5,20211104,202000,11.04,11.04,11.04,11.04,250,0
OFS.US,5,20211104,203500,11.07,11.1015,11.07,11.1015,1100,0
OFS.US,5,20211104,204000,11.07,11.07,11.07,11.07,200,0
OFS.US,5,20211104,204500,10.98,10.98,10.97,10.97,800,0
OFS.US,5,20211104,205000,11.11,11.11,11.1044,11.1044,608,0
OFS.US,5,20211104,205500,10.98,10.99,10.98,10.98,459,0
OFS.US,5,20211105,143000,11,11.0976,11,11.01,7877,0
OFS.US,5,20211105,143500,11.03,11.03,10.9952,11,3810,0
OFS.US,5,20211105,144000,10.96,10.9911,10.96,10.9911,450,0
OFS.US,5,20211105,144500,10.9923,11,10.992,10.992,3385,0
OFS.US,5,20211105,145000,10.99,11.03,10.99,11,7730,0
OFS.US,5,20211105,145500,11.06,11.06,11.06,11.06,100,0
OFS.US,5,20211105,150500,11.02,11.05,11,11,4865,0
OFS.US,5,20211105,151000,11,11,10.972,10.972,1856,0
OFS.US,5,20211105,151500,11,11,10.95,10.95,2700,0
OFS.US,5,20211105,152000,10.99,11,10.99,11,3700,0
OFS.US,5,20211105,152500,10.99,10.99,10.99,10.99,100,0
OFS.US,5,20211105,153000,10.98,10.98,10.97,10.97,200,0
OFS.US,5,20211105,154500,10.9999,10.9999,10.95,10.95,3775,0
OFS.US,5,20211105,160000,10.99,11,10.99,10.99,2504,0
OFS.US,5,20211105,162000,11.0373,11.04,11.0373,11.04,731,0
OFS.US,5,20211105,162500,11.0953,11.1018,11.0953,11.1018,2999,0
OFS.US,5,20211105,163000,11.08,11.08,11.08,11.08,100,0
OFS.US,5,20211105,164000,11,11,11,11,600,0
OFS.US,5,20211105,172000,11.05,11.07,11.05,11.07,300,0
OFS.US,5,20211105,172500,11.0709,11.075,11.05,11.05,1780,0
OFS.US,5,20211105,173000,11.04,11.04,11.04,11.04,600,0
OFS.US,5,20211105,173500,11.05,11.05,11.05,11.05,200,0
OFS.US,5,20211105,175500,11.0785,11.0785,11.0785,11.0785,100,0
OFS.US,5,20211105,180000,11.05,11.05,11.05,11.05,100,0
OFS.US,5,20211105,180500,11.07,11.08,11.05,11.055,2100,0
OFS.US,5,20211105,181000,11.09,11.09,11.09,11.09,300,0
OFS.US,5,20211105,181500,11.06,11.06,11.06,11.06,1099,0
OFS.US,5,20211105,182500,11.1,11.12,11.1,11.12,1270,0
OFS.US,5,20211105,184000,11.1588,11.17,11.135,11.17,800,0
OFS.US,5,20211105,184500,11.07,11.07,11.07,11.07,413,0
OFS.US,5,20211105,192500,11.1799,11.1799,11.1799,11.1799,653,0
OFS.US,5,20211105,193000,11.18,11.18,11.18,11.18,100,0
OFS.US,5,20211105,193500,11.1765,11.1765,11.1765,11.1765,200,0
OFS.US,5,20211105,194000,11.112,11.135,11.1,11.135,1300,0
OFS.US,5,20211105,194500,11.12,11.15,11.11,11.15,500,0
OFS.US,5,20211105,195500,11.1858,11.1858,11.15,11.15,646,0
OFS.US,5,20211105,201000,11.19,11.21,11.17,11.18,8551,0
OFS.US,5,20211105,202000,11.23,11.25,11.23,11.25,1335,0
OFS.US,5,20211105,202500,11.25,11.29,11.25,11.25,3566,0
OFS.US,5,20211105,203500,11.29,11.29,11.26,11.27,300,0
OFS.US,5,20211105,204000,11.22,11.22,11.22,11.22,100,0
OFS.US,5,20211105,204500,11.21,11.29,11.21,11.29,733,0
OFS.US,5,20211105,205000,11.29,11.29,11.29,11.29,300,0
OFS.US,5,20211105,205500,11.29,11.4,11.25,11.4,865,0
OFS.US,5,20211108,153000,11.44,11.4596,11.4,11.4596,2929,0
OFS.US,5,20211108,153500,11.44,11.4899,11.39,11.42,5524,0
OFS.US,5,20211108,154000,11.36,11.48,11.25,11.48,10374,0
OFS.US,5,20211108,154500,11.2957,11.3843,11.25,11.3843,5274,0
OFS.US,5,20211108,155000,11.29,11.29,11.25,11.25,200,0
OFS.US,5,20211108,155500,11.2958,11.2958,11.25,11.29,800,0
OFS.US,5,20211108,160000,11.29,11.32,11.29,11.32,300,0
OFS.US,5,20211108,160500,11.345,11.345,11.345,11.345,100,0
OFS.US,5,20211108,161000,11.345,11.345,11.29,11.29,200,0
OFS.US,5,20211108,161500,11.345,11.345,11.345,11.345,165,0
OFS.US,5,20211108,162000,11.345,11.345,11.345,11.345,300,0
OFS.US,5,20211108,162500,11.2989,11.345,11.29,11.2901,5000,0
OFS.US,5,20211108,163000,11.2992,11.3591,11.29,11.345,950,0
OFS.US,5,20211108,163500,11.345,11.345,11.345,11.345,624,0
OFS.US,5,20211108,165000,11.3041,11.3041,11.29,11.3,5500,0
OFS.US,5,20211108,165500,11.35,11.35,11.35,11.35,799,0
OFS.US,5,20211108,170000,11.345,11.345,11.345,11.345,100,0
OFS.US,5,20211108,170500,11.345,11.345,11.345,11.345,400,0
OFS.US,5,20211108,171000,11.35,11.35,11.345,11.345,436,0
OFS.US,5,20211108,171500,11.345,11.345,11.345,11.345,100,0
OFS.US,5,20211108,172000,11.345,11.345,11.345,11.345,300,0
OFS.US,5,20211108,174000,11.35,11.35,11.35,11.35,100,0
OFS.US,5,20211108,175500,11.345,11.345,11.345,11.345,200,0
OFS.US,5,20211108,180000,11.335,11.335,11.335,11.335,100,0
OFS.US,5,20211108,181500,11.33,11.33,11.33,11.33,400,0
OFS.US,5,20211108,182500,11.3,11.3,11.3,11.3,100,0
OFS.US,5,20211108,183000,11.31,11.31,11.31,11.31,100,0
OFS.US,5,20211108,183500,11.31,11.31,11.31,11.31,142,0
OFS.US,5,20211108,184000,11.335,11.335,11.335,11.335,100,0
OFS.US,5,20211108,190000,11.3057,11.3057,11.3,11.3,2200,0
OFS.US,5,20211108,192000,11.315,11.33,11.3,11.3,1000,0
OFS.US,5,20211108,192500,11.3325,11.3325,11.3325,11.3325,100,0
OFS.US,5,20211108,193000,11.315,11.33,11.315,11.33,1700,0
OFS.US,5,20211108,194500,11.335,11.335,11.335,11.335,100,0
OFS.US,5,20211108,195000,11.335,11.335,11.33,11.33,500,0
OFS.US,5,20211108,195500,11.33,11.3383,11.32,11.32,500,0
OFS.US,5,20211108,200500,11.335,11.335,11.335,11.335,353,0
OFS.US,5,20211108,202000,11.34,11.34,11.32,11.33,5889,0
OFS.US,5,20211108,202500,11.33,11.33,11.33,11.33,100,0
OFS.US,5,20211108,203000,11.335,11.335,11.32,11.33,602,0
OFS.US,5,20211108,204000,11.315,11.325,11.315,11.325,1693,0
OFS.US,5,20211108,204500,11.32,11.32,11.32,11.32,315,0
OFS.US,5,20211108,205000,11.33,11.33,11.33,11.33,200,0
OFS.US,5,20211108,210500,11.325,11.325,11.325,11.325,100,0
OFS.US,5,20211108,211500,11.33,11.33,11.33,11.33,200,0
OFS.US,5,20211108,212500,11.3379,11.3379,11.3379,11.3379,400,0
OFS.US,5,20211108,213500,11.3477,11.3477,11.3477,11.3477,100,0
OFS.US,5,20211108,214000,11.34,11.34,11.33,11.34,350,0
OFS.US,5,20211108,214500,11.33,11.34,11.31,11.34,2840,0
OFS.US,5,20211108,215000,11.35,11.35,11.35,11.35,140,0
OFS.US,5,20211108,215500,11.35,11.35,11.33,11.35,700,0
OFS.US,5,20211109,153000,11.35,11.35,11.305,11.305,1904,0
OFS.US,5,20211109,154000,11.33,11.33,11.33,11.33,200,0
OFS.US,5,20211109,154500,11.34,11.34,11.34,11.34,100,0
OFS.US,5,20211109,155000,11.33,11.33,11.33,11.33,100,0
OFS.US,5,20211109,155500,11.33,11.33,11.31,11.31,200,0
OFS.US,5,20211109,160000,11.32,11.33,11.25,11.25,3239,0
OFS.US,5,20211109,160500,11.25,11.3157,11.25,11.3157,500,0
OFS.US,5,20211109,162000,11.26,11.26,11.25,11.25,300,0
OFS.US,5,20211109,162500,11.28,11.3,11.28,11.3,1000,0
OFS.US,5,20211109,163500,11.285,11.285,11.285,11.285,100,0
OFS.US,5,20211109,164500,11.2771,11.2771,11.2771,11.2771,1100,0
OFS.US,5,20211109,165000,11.25,11.25,11.25,11.25,300,0
OFS.US,5,20211109,170000,11.26,11.27,11.24,11.24,1359,0
OFS.US,5,20211109,171000,11.22,11.22,11.15,11.15,5430,0
OFS.US,5,20211109,171500,11.2899,11.2899,11.2899,11.2899,200,0
OFS.US,5,20211109,182000,11.17,11.23,11.15,11.23,900,0
OFS.US,5,20211109,182500,11.2077,11.2077,11.2077,11.2077,500,0
OFS.US,5,20211109,183500,11.235,11.255,11.235,11.255,200,0
OFS.US,5,20211109,185000,11.2917,11.2917,11.2917,11.2917,100,0
OFS.US,5,20211109,193500,11.31,11.31,11.31,11.31,2000,0
OFS.US,5,20211109,195500,11.2933,11.2933,11.2933,11.2933,100,0
OFS.US,5,20211109,202500,11.23,11.23,11.23,11.23,200,0
OFS.US,5,20211109,203000,11.28,11.28,11.28,11.28,500,0
OFS.US,5,20211109,204500,11.1708,11.1708,11.15,11.15,1323,0
OFS.US,5,20211109,211500,11.22,11.22,11.22,11.22,1296,0
OFS.US,5,20211109,213500,11.2,11.2,11.2,11.2,200,0
OFS.US,5,20211109,215000,11.18,11.18,11.17,11.17,2020,0
OFS.US,5,20211109,215500,11.175,11.2,11.16,11.18,3828,0
OFS.US,5,20211110,153500,11.22,11.22,11.22,11.22,200,0
OFS.US,5,20211110,154500,11.1547,11.1547,11.11,11.11,1100,0
OFS.US,5,20211110,155000,11.16,11.16,11.16,11.16,100,0
OFS.US,5,20211110,155500,11.16,11.17,11.11,11.12,810,0
OFS.US,5,20211110,160000,11.17,11.17,11.12,11.12,800,0
OFS.US,5,20211110,161000,11.12,11.12,11.1,11.1,2495,0
OFS.US,5,20211110,162000,11.1978,11.1978,11.1978,11.1978,100,0
OFS.US,5,20211110,162500,11.165,11.165,11.13,11.165,660,0
OFS.US,5,20211110,163000,11.1822,11.1822,11.1822,11.1822,100,0
OFS.US,5,20211110,164000,11.21,11.21,11.12,11.12,3700,0
OFS.US,5,20211110,164500,11.1332,11.1332,11.1332,11.1332,100,0
OFS.US,5,20211110,165000,11.165,11.165,11.165,11.165,100,0
OFS.US,5,20211110,170000,11.1228,11.1228,11.12,11.12,2200,0
OFS.US,5,20211110,170500,11.165,11.165,11.165,11.165,200,0
OFS.US,5,20211110,174000,11.122,11.13,11.12,11.13,2240,0
OFS.US,5,20211110,174500,11.1,11.1,11.1,11.1,1207,0
OFS.US,5,20211110,175000,11.1,11.1,11.05,11.07,3880,0
OFS.US,5,20211110,175500,11.07,11.08,11.07,11.08,941,0
OFS.US,5,20211110,180000,11.07,11.07,11.07,11.07,300,0
OFS.US,5,20211110,180500,11.07,11.07,11.05,11.05,1500,0
OFS.US,5,20211110,182000,11.08,11.08,11.08,11.08,213,0
OFS.US,5,20211110,183000,11.0741,11.0741,11.0741,11.0741,100,0
OFS.US,5,20211110,184000,11.05,11.0776,11.05,11.05,2531,0
OFS.US,5,20211110,185500,11.0712,11.0712,11.0712,11.0712,200,0
OFS.US,5,20211110,191500,11.08,11.08,11.08,11.08,1100,0
OFS.US,5,20211110,192500,11.08,11.08,11.08,11.08,270,0
OFS.US,5,20211110,194000,11.05,11.05,11.05,11.05,100,0
OFS.US,5,20211110,195500,11.0784,11.0784,11.0784,11.0784,280,0
OFS.US,5,20211110,201000,11.045,11.045,11.045,11.045,300,0
OFS.US,5,20211110,201500,11.0699,11.0699,11.0699,11.0699,100,0
OFS.US,5,20211110,202000,11.045,11.045,11.045,11.045,100,0
OFS.US,5,20211110,202500,11.0262,11.0262,11.0262,11.0262,180,0
OFS.US,5,20211110,203500,11.071,11.071,11.0231,11.03,420,0
OFS.US,5,20211110,204000,11.02,11.02,11.02,11.02,100,0
OFS.US,5,20211110,205000,11.03,11.03,11.03,11.03,100,0
OFS.US,5,20211110,210000,11.02,11.02,11.02,11.02,100,0
OFS.US,5,20211110,211500,11.02,11.02,11.02,11.02,100,0
OFS.US,5,20211110,212000,11.02,11.0256,11.02,11.0256,200,0
OFS.US,5,20211110,212500,11.0373,11.04,11.0373,11.04,300,0
OFS.US,5,20211110,213500,11.07,11.11,11.07,11.11,9119,0
OFS.US,5,20211110,214500,11.08,11.08,11.08,11.08,100,0
OFS.US,5,20211110,215000,11.1,11.12,11.1,11.12,468,0
OFS.US,5,20211110,215500,11.1,11.12,11.08,11.08,3368,0
OFS.US,5,20211111,153000,11.08,11.08,11.08,11.08,464,0
OFS.US,5,20211111,153500,11.08,11.08,11.08,11.08,850,0
OFS.US,5,20211111,154000,11.1,11.1,11.1,11.1,200,0
OFS.US,5,20211111,155500,11.0944,11.0999,11.05,11.05,700,0
OFS.US,5,20211111,160000,11.09,11.09,11.05,11.09,800,0
OFS.US,5,20211111,160500,11.04,11.04,11.04,11.04,100,0
OFS.US,5,20211111,162000,11.08,11.09,11.08,11.09,500,0
OFS.US,5,20211111,162500,11.07,11.1,11.07,11.0975,914,0
OFS.US,5,20211111,163000,11.105,11.105,11.105,11.105,100,0
OFS.US,5,20211111,165000,11.098,11.098,11.098,11.098,144,0
OFS.US,5,20211111,165500,11.1121,11.1121,11.1121,11.1121,148,0
OFS.US,5,20211111,170500,11.1,11.105,11.085,11.085,1143,0
OFS.US,5,20211111,172500,11.08,11.08,11.06,11.08,1312,0
OFS.US,5,20211111,173000,11.1194,11.1194,11.1194,11.1194,353,0
OFS.US,5,20211111,174000,11.1132,11.1132,11.1132,11.1132,200,0
OFS.US,5,20211111,175000,11.09,11.09,11.09,11.09,100,0
OFS.US,5,20211111,180500,11.105,11.19,11.105,11.19,2671,0
OFS.US,5,20211111,181000,11.2,11.2,11.2,11.2,100,0
OFS.US,5,20211111,182000,11.165,11.165,11.14,11.14,340,0
OFS.US,5,20211111,182500,11.17,11.17,11.17,11.17,382,0
OFS.US,5,20211111,183000,11.17,11.24,11.17,11.24,1636,0
OFS.US,5,20211111,183500,11.2035,11.23,11.2035,11.23,600,0
OFS.US,5,20211111,185500,11.195,11.195,11.195,11.195,100,0
OFS.US,5,20211111,190500,11.2399,11.2399,11.2399,11.2399,100,0
OFS.US,5,20211111,191000,11.195,11.195,11.195,11.195,321,0
OFS.US,5,20211111,192000,11.2,11.2,11.2,11.2,300,0
OFS.US,5,20211111,192500,11.21,11.21,11.21,11.21,100,0
OFS.US,5,20211111,193000,11.22,11.23,11.22,11.23,200,0
OFS.US,5,20211111,194500,11.24,11.25,11.24,11.25,1000,0
OFS.US,5,20211111,195000,11.25,11.25,11.2412,11.25,676,0
OFS.US,5,20211111,201000,11.2765,11.28,11.2762,11.28,887,0
OFS.US,5,20211111,202000,11.22,11.22,11.2,11.2,5026,0
OFS.US,5,20211111,204000,11.2713,11.2713,11.2713,11.2713,270,0
OFS.US,5,20211111,211000,11.24,11.24,11.24,11.24,500,0
OFS.US,5,20211111,213000,11.2407,11.246,11.24,11.24,400,0
OFS.US,5,20211111,213500,11.255,11.255,11.255,11.255,200,0
OFS.US,5,20211111,214500,11.25,11.25,11.24,11.25,814,0
OFS.US,5,20211111,215500,11.27,11.3,11.25,11.25,3853,0
OFS.US,5,20211112,153000,11.29,11.29,11.29,11.29,197,0
OFS.US,5,20211112,154000,11.26,11.26,11.26,11.26,200,0
OFS.US,5,20211112,155000,11.275,11.275,11.25,11.25,700,0
OFS.US,5,20211112,160000,11.275,11.275,11.275,11.275,200,0
OFS.US,5,20211112,160500,11.25,11.25,11.25,11.25,100,0
OFS.US,5,20211112,162000,11.25,11.25,11.25,11.25,100,0
OFS.US,5,20211112,175500,11.228,11.228,11.2,11.2,476,0
OFS.US,5,20211112,180500,11.28,11.28,11.27,11.27,443,0
OFS.US,5,20211112,181500,11.25,11.2744,11.25,11.2744,500,0
OFS.US,5,20211112,184500,11.2,11.28,11.2,11.28,3138,0
OFS.US,5,20211112,190000,11.2622,11.2622,11.2622,11.2622,199,0
OFS.US,5,20211112,194500,11.235,11.235,11.235,11.235,400,0
OFS.US,5,20211112,201500,11.27,11.27,11.25,11.25,300,0
OFS.US,5,20211112,202000,11.275,11.275,11.275,11.275,600,0
OFS.US,5,20211112,203500,11.25,11.25,11.25,11.25,300,0
OFS.US,5,20211112,214000,11.24,11.24,11.24,11.24,100,0
OFS.US,5,20211112,215000,11.22,11.22,11.22,11.22,100,0
OFS.US,5,20211112,215500,11.2462,11.2462,11.23,11.23,984,0
OFS.US,5,20211115,153000,11.16,11.16,11.1104,11.155,7530,0
OFS.US,5,20211115,154000,11.1263,11.1263,11.05,11.05,2079,0
OFS.US,5,20211115,154500,11.0837,11.1199,11.0837,11.11,1720,0
OFS.US,5,20211115,160500,11.1,11.1,11.07,11.07,2185,0
OFS.US,5,20211115,161500,11.085,11.1021,11.0751,11.0751,2757,0
OFS.US,5,20211115,162000,11.08,11.0997,11.08,11.095,1613,0
OFS.US,5,20211115,164000,11.11,11.12,11.1099,11.12,1160,0
OFS.US,5,20211115,164500,11.1134,11.16,11.1134,11.16,2268,0
OFS.US,5,20211115,165500,11.175,11.175,11.175,11.175,500,0
OFS.US,5,20211115,170000,11.1617,11.165,11.15,11.165,992,0
OFS.US,5,20211115,170500,11.16,11.17,11.15,11.15,400,0
OFS.US,5,20211115,173000,11.15,11.15,11.12,11.12,1828,0
OFS.US,5,20211115,173500,11.14,11.14,11.14,11.14,747,0
OFS.US,5,20211115,174500,11.1333,11.1333,11.1333,11.1333,465,0
OFS.US,5,20211115,175000,11.1201,11.1201,11.12,11.12,1696,0
OFS.US,5,20211115,180000,11.1484,11.1484,11.1484,11.1484,1240,0
OFS.US,5,20211115,181500,11.15,11.15,11.15,11.15,1000,0
OFS.US,5,20211115,184000,11.1201,11.1201,11.1201,11.1201,583,0
OFS.US,5,20211115,191000,11.15,11.15,11.14,11.14,1100,0
OFS.US,5,20211115,193000,11.16,11.16,11.16,11.16,100,0
OFS.US,5,20211115,194500,11.15,11.15,11.15,11.15,530,0
OFS.US,5,20211115,200500,11.1799,11.2,11.1799,11.2,1021,0
OFS.US,5,20211115,203000,11.1899,11.1899,11.155,11.155,1400,0
OFS.US,5,20211115,205000,11.155,11.2,11.155,11.2,900,0
OFS.US,5,20211115,210000,11.17,11.17,11.12,11.12,1200,0
OFS.US,5,20211115,210500,11.16,11.17,11.16,11.17,300,0
OFS.US,5,20211115,211000,11.15,11.15,11.15,11.15,100,0
OFS.US,5,20211115,212000,11.17,11.17,11.17,11.17,200,0
OFS.US,5,20211115,213000,11.16,11.16,11.16,11.16,200,0
OFS.US,5,20211115,214000,11.1201,11.17,11.1201,11.17,200,0
OFS.US,5,20211115,214500,11.13,11.13,11.13,11.13,200,0
OFS.US,5,20211115,215000,11.15,11.1758,11.14,11.14,1067,0
OFS.US,5,20211115,215500,11.1796,11.1796,11.12,11.12,2453,0
OFS.US,5,20211116,153500,11.16,11.16,11.16,11.16,200,0
OFS.US,5,20211116,154500,11.1207,11.1207,11.1207,11.1207,150,0
OFS.US,5,20211116,161000,11.135,11.135,11.135,11.135,357,0
OFS.US,5,20211116,161500,11.1499,11.1499,11.1499,11.1499,200,0
OFS.US,5,20211116,170000,11.1309,11.1309,11.1309,11.1309,200,0
OFS.US,5,20211116,172000,11.14,11.155,11.12,11.155,2177,0
OFS.US,5,20211116,173000,11.1891,11.1891,11.1891,11.1891,245,0
OFS.US,5,20211116,174500,11.15,11.175,11.15,11.175,300,0
OFS.US,5,20211116,175000,11.175,11.175,11.175,11.175,117,0
OFS.US,5,20211116,175500,11.1911,11.1911,11.1911,11.1911,100,0
OFS.US,5,20211116,181000,11.175,11.175,11.175,11.175,100,0
OFS.US,5,20211116,182000,11.17,11.17,11.17,11.17,100,0
OFS.US,5,20211116,190500,11.196,11.196,11.17,11.17,413,0
OFS.US,5,20211116,192500,11.2,11.2,11.18,11.18,479,0
OFS.US,5,20211116,193500,11.19,11.19,11.19,11.19,100,0
OFS.US,5,20211116,194000,11.2,11.2,11.2,11.2,100,0
OFS.US,5,20211116,201500,11.1853,11.1853,11.1853,11.1853,248,0
OFS.US,5,20211116,204000,11.23,11.235,11.19,11.235,600,0
OFS.US,5,20211116,212000,11.25,11.25,11.25,11.25,100,0
OFS.US,5,20211116,213500,11.28,11.28,11.25,11.25,200,0
OFS.US,5,20211116,214000,11.2621,11.2621,11.25,11.25,340,0
OFS.US,5,20211116,214500,11.22,11.22,11.22,11.22,100,0
OFS.US,5,20211116,215000,11.23,11.2695,11.22,11.2695,1239,0
OFS.US,5,20211116,215500,11.27,11.27,11.24,11.24,1144,0
OFS.US,5,20211117,153000,11.19,11.19,11.19,11.19,262,0
OFS.US,5,20211117,154500,11.225,11.225,11.225,11.225,358,0
OFS.US,5,20211117,160500,11.2779,11.28,11.27,11.28,2850,0
OFS.US,5,20211117,161500,11.2407,11.2407,11.2407,11.2407,200,0
OFS.US,5,20211117,162000,11.19,11.28,11.17,11.2713,660,0
OFS.US,5,20211117,164000,11.28,11.28,11.28,11.28,100,0
OFS.US,5,20211117,164500,11.225,11.225,11.17,11.17,500,0
OFS.US,5,20211117,165000,11.24,11.24,11.24,11.24,250,0
OFS.US,5,20211117,171000,11.27,11.27,11.27,11.27,100,0
OFS.US,5,20211117,171500,11.27,11.28,11.27,11.28,300,0
OFS.US,5,20211117,174500,11.2328,11.2328,11.2328,11.2328,348,0
OFS.US,5,20211117,180500,11.2812,11.2812,11.2812,11.2812,325,0
OFS.US,5,20211117,182000,11.28,11.3,11.28,11.2882,1716,0
OFS.US,5,20211117,185000,11.29,11.29,11.29,11.29,100,0
OFS.US,5,20211117,190000,11.27,11.3,11.25,11.3,2700,0
OFS.US,5,20211117,190500,11.275,11.29,11.275,11.29,200,0
OFS.US,5,20211117,192000,11.275,11.275,11.26,11.26,580,0
OFS.US,5,20211117,193000,11.28,11.29,11.28,11.29,200,0
OFS.US,5,20211117,193500,11.29,11.29,11.25,11.25,1430,0
OFS.US,5,20211117,194000,11.29,11.29,11.29,11.29,100,0
OFS.US,5,20211117,195500,11.25,11.25,11.25,11.25,300,0
OFS.US,5,20211117,200000,11.29,11.3,11.29,11.3,1944,0
OFS.US,5,20211117,200500,11.3,11.3,11.3,11.3,100,0
OFS.US,5,20211117,201500,11.2722,11.2722,11.25,11.25,1300,0
OFS.US,5,20211117,202000,11.3,11.3,11.3,11.3,100,0
OFS.US,5,20211117,203000,11.3,11.3,11.3,11.3,100,0
OFS.US,5,20211117,204000,11.2552,11.26,11.25,11.26,400,0
OFS.US,5,20211117,205500,11.29,11.29,11.275,11.275,320,0
OFS.US,5,20211117,210000,11.3,11.3,11.3,11.3,100,0
OFS.US,5,20211117,211500,11.26,11.3,11.25,11.3,3143,0
OFS.US,5,20211117,212000,11.3,11.3,11.3,11.3,4839,0
OFS.US,5,20211117,212500,11.2619,11.2619,11.25,11.25,700,0
OFS.US,5,20211117,213000,11.275,11.3,11.275,11.3,200,0
OFS.US,5,20211117,214000,11.25,11.25,11.25,11.25,690,0
OFS.US,5,20211117,214500,11.3,11.3,11.25,11.25,400,0
OFS.US,5,20211117,215000,11.275,11.275,11.275,11.275,1350,0
OFS.US,5,20211117,215500,11.275,11.29,11.23,11.23,1300,0
OFS.US,5,20211118,154500,11.2387,11.2387,11.2387,11.2387,450,0
OFS.US,5,20211118,155500,11.28,11.28,11.28,11.28,100,0
OFS.US,5,20211118,161000,11.26,11.26,11.26,11.26,100,0
OFS.US,5,20211118,164000,11.25,11.25,11.25,11.25,100,0
OFS.US,5,20211118,164500,11.23,11.23,11.2,11.2,350,0
OFS.US,5,20211118,165000,11.23,11.23,11.23,11.23,100,0
OFS.US,5,20211118,170000,11.2,11.26,11.2,11.26,600,0
OFS.US,5,20211118,173500,11.21,11.24,11.1961,11.24,1900,0
OFS.US,5,20211118,174500,11.26,11.3,11.25,11.3,7408,0
OFS.US,5,20211118,175500,11.2999,11.3,11.2999,11.3,2359,0
OFS.US,5,20211118,182500,11.1807,11.1807,11.16,11.16,900,0
OFS.US,5,20211118,184000,11.201,11.22,11.201,11.22,300,0
OFS.US,5,20211118,184500,11.19,11.19,11.16,11.16,3884,0
OFS.US,5,20211118,185000,11.16,11.16,11.11,11.11,2510,0
OFS.US,5,20211118,185500,11.11,11.11,11.11,11.11,200,0
OFS.US,5,20211118,190500,11.24,11.24,11.2,11.2,300,0
OFS.US,5,20211118,191000,11.2719,11.2719,11.2719,11.2719,100,0
OFS.US,5,20211118,191500,11.205,11.205,11.205,11.205,271,0
OFS.US,5,20211118,195000,11.1135,11.1366,11.1135,11.12,400,0
OFS.US,5,20211118,201000,11.13,11.13,11,11.0227,5560,0
OFS.US,5,20211118,203500,11.12,11.12,11.12,11.12,320,0
OFS.US,5,20211118,204000,11.0321,11.0321,11.0321,11.0321,100,0
OFS.US,5,20211118,204500,11.1883,11.1883,11,11,463,0
OFS.US,5,20211118,205000,11.13,11.13,11.13,11.13,160,0
OFS.US,5,20211118,210500,11.11,11.1425,11.085,11.1425,1171,0
OFS.US,5,20211118,214500,11.037,11.17,11.037,11.17,548,0
OFS.US,5,20211118,215500,11.18,11.2,11.05,11.18,1145,0
OFS.US,5,20211119,153000,11.14,11.14,11.14,11.14,296,0
OFS.US,5,20211119,153500,11.13,11.13,11.12,11.12,427,0
OFS.US,5,20211119,154500,11.16,11.16,11.16,11.16,100,0
OFS.US,5,20211119,155000,11.16,11.16,11.16,11.16,300,0
OFS.US,5,20211119,161000,11.1748,11.1748,11.1748,11.1748,100,0
OFS.US,5,20211119,161500,11.15,11.15,11.15,11.15,1000,0
OFS.US,5,20211119,162500,11.26,11.26,11.15,11.18,5400,0
OFS.US,5,20211119,163000,11.26,11.26,11.195,11.195,4271,0
OFS.US,5,20211119,164500,11.1388,11.2385,11.1388,11.2385,450,0
OFS.US,5,20211119,165000,11.24,11.24,11.24,11.24,300,0
OFS.US,5,20211119,165500,11.2274,11.2274,11.2274,11.2274,370,0
OFS.US,5,20211119,170000,11.165,11.165,11.165,11.165,350,0
OFS.US,5,20211119,173000,11.0981,11.0981,11.0981,11.0981,200,0
OFS.US,5,20211119,175500,11.12,11.13,11.12,11.13,2286,0
OFS.US,5,20211119,180500,11.12,11.12,11.12,11.12,125,0
OFS.US,5,20211119,181500,11.14,11.15,11.14,11.15,818,0
OFS.US,5,20211119,190000,11.15,11.17,11.14,11.15,1003,0
OFS.US,5,20211119,191500,11.16,11.17,11.16,11.1698,2883,0
OFS.US,5,20211119,200000,11.1,11.1,11.1,11.1,600,0
OFS.US,5,20211119,202500,11.13,11.13,11.13,11.13,101,0
OFS.US,5,20211119,203000,11.1974,11.1974,11.1974,11.1974,104,0
OFS.US,5,20211119,204500,11.14,11.14,11.14,11.14,209,0
OFS.US,5,20211119,211000,11.1876,11.1876,11.1876,11.1876,300,0
OFS.US,5,20211119,211500,11.135,11.135,11.135,11.135,500,0
OFS.US,5,20211119,212500,11.0761,11.0761,11.0761,11.0761,1200,0
OFS.US,5,20211119,214000,11.0828,11.0828,11.0828,11.0828,299,0
OFS.US,5,20211119,215500,11.0951,11.19,11.0951,11.19,545,0
OFS.US,5,20211122,153000,11.25,11.2591,11.21,11.2591,2090,0
OFS.US,5,20211122,153500,11.23,11.2577,11.2,11.2577,900,0
OFS.US,5,20211122,154000,11.23,11.23,11.2,11.2,1000,0
OFS.US,5,20211122,154500,11.1404,11.1897,11.1404,11.1897,460,0
OFS.US,5,20211122,161500,11.16,11.16,11.16,11.16,100,0
OFS.US,5,20211122,162500,11.181,11.252,11.181,11.252,550,0
OFS.US,5,20211122,163000,11.1802,11.1802,11.1802,11.1802,1000,0
OFS.US,5,20211122,164000,11.18,11.18,11.18,11.18,300,0
OFS.US,5,20211122,164500,11.1881,11.1881,11.1881,11.1881,200,0
OFS.US,5,20211122,165000,11.22,11.22,11.22,11.22,420,0
OFS.US,5,20211122,165500,11.22,11.22,11.22,11.22,100,0
OFS.US,5,20211122,171000,11.2506,11.2599,11.2506,11.2599,610,0
OFS.US,5,20211122,173000,11.25,11.25,11.2498,11.2498,1001,0
OFS.US,5,20211122,181000,11.1846,11.1846,11.1846,11.1846,446,0
OFS.US,5,20211122,190500,11.23,11.23,11.23,11.23,488,0
OFS.US,5,20211122,200500,11.23,11.23,11.23,11.23,200,0
OFS.US,5,20211122,201000,11.2799,11.2799,11.2799,11.2799,120,0
OFS.US,5,20211122,202500,11.27,11.27,11.27,11.27,2000,0
OFS.US,5,20211122,204500,11.2698,11.2698,11.2698,11.2698,823,0
OFS.US,5,20211122,210500,11.22,11.24,11.22,11.24,1000,0
OFS.US,5,20211122,211000,11.22,11.22,11.211,11.211,600,0
OFS.US,5,20211122,215500,11.2,11.25,11.18,11.19,1957,0
OFS.US,5,20211123,153000,11.21,11.21,11.21,11.21,122,0
OFS.US,5,20211123,154000,11.1469,11.1469,11.1469,11.1469,360,0
OFS.US,5,20211123,160000,11.14,11.155,11.14,11.14,2873,0
OFS.US,5,20211123,165000,11.165,11.165,11.13,11.13,1200,0
OFS.US,5,20211123,172000,11.1348,11.1348,11.1348,11.1348,121,0
OFS.US,5,20211123,173500,11.2006,11.2006,11.2006,11.2006,300,0
OFS.US,5,20211123,180000,11.1299,11.1299,11.1299,11.1299,100,0
OFS.US,5,20211123,181000,11.165,11.165,11.1301,11.1301,1000,0
OFS.US,5,20211123,182000,11.1307,11.1927,11.1307,11.1927,300,0
OFS.US,5,20211123,190500,11.19,11.21,11.19,11.2099,618,0
OFS.US,5,20211123,195000,11.2092,11.21,11.2092,11.21,1159,0
OFS.US,5,20211123,201000,11.215,11.215,11.215,11.215,400,0
OFS.US,5,20211123,203000,11.26,11.26,11.26,11.26,182,0
OFS.US,5,20211123,212000,11.28,11.2984,11.23,11.29,3234,0
OFS.US,5,20211123,212500,11.265,11.279,11.265,11.279,500,0
OFS.US,5,20211123,213500,11.23,11.23,11.23,11.23,100,0
OFS.US,5,20211123,215000,11.2993,11.2993,11.265,11.265,1180,0
OFS.US,5,20211123,215500,11.28,11.28,11.26,11.26,311,0
OFS.US,5,20211124,153000,11.27,11.3,11.265,11.3,1204,0
OFS.US,5,20211124,154000,11.275,11.275,11.275,11.275,200,0
OFS.US,5,20211124,155000,11.2,11.2,11.2,11.2,636,0
OFS.US,5,20211124,155500,11.26,11.28,11.26,11.28,200,0
OFS.US,5,20211124,160000,11.28,11.28,11.28,11.28,600,0
OFS.US,5,20211124,161000,11.3,11.3,11.28,11.29,400,0
OFS.US,5,20211124,162000,11.2664,11.28,11.15,11.15,2310,0
OFS.US,5,20211124,163500,11.29,11.29,11.25,11.25,300,0
OFS.US,5,20211124,164000,11.3,11.3,11.26,11.27,1108,0
OFS.US,5,20211124,164500,11.28,11.29,11.195,11.21,977,0
OFS.US,5,20211124,172000,11.29,11.3,11.29,11.3,300,0
OFS.US,5,20211124,173500,11.3,11.3,11.245,11.245,700,0
OFS.US,5,20211124,174500,11.2682,11.2682,11.2682,11.2682,268,0
OFS.US,5,20211124,181000,11.27,11.27,11.27,11.27,502,0
OFS.US,5,20211124,183500,11.27,11.27,11.27,11.27,200,0
OFS.US,5,20211124,185000,11.27,11.3,11.27,11.3,598,0
OFS.US,5,20211124,193500,11.2984,11.2984,11.2984,11.2984,115,0
OFS.US,5,20211124,201000,11.2999,11.2999,11.2999,11.2999,1000,0
OFS.US,5,20211124,202000,11.2316,11.2316,11.23,11.23,396,0
OFS.US,5,20211124,203000,11.29,11.3399,11.29,11.3399,4185,0
OFS.US,5,20211124,203500,11.2849,11.2849,11.2849,11.2849,199,0
OFS.US,5,20211124,204000,11.28,11.3,11.2501,11.277,1815,0
OFS.US,5,20211124,205000,11.27,11.27,11.27,11.27,500,0
OFS.US,5,20211124,212000,11.28,11.28,11.28,11.28,200,0
OFS.US,5,20211124,213500,11.29,11.29,11.2865,11.29,2088,0
OFS.US,5,20211124,214000,11.3,11.3,11.285,11.3,400,0
OFS.US,5,20211124,214500,11.285,11.3,11.27,11.27,2000,0
OFS.US,5,20211124,215000,11.285,11.3097,11.2807,11.3097,622,0
OFS.US,5,20211124,215500,11.315,11.34,11.2827,11.3,1085,0
OFS.US,5,20211126,153000,11.28,11.28,11.01,11.02,8127,0
OFS.US,5,20211126,153500,11.01,11.01,10.8,10.8824,7925,0
OFS.US,5,20211126,154000,10.83,10.84,10.8,10.8249,1000,0
OFS.US,5,20211126,154500,10.83,11.1109,10.83,11.1109,3284,0
OFS.US,5,20211126,155000,11,11.0176,11,11.0176,1500,0
OFS.US,5,20211126,155500,11.02,11.0779,10.9001,11.0779,1765,0
OFS.US,5,20211126,161000,10.9604,10.9604,10.9604,10.9604,2000,0
OFS.US,5,20211126,162000,10.96,10.96,10.96,10.96,500,0
OFS.US,5,20211126,162500,11.0575,11.0575,11.03,11.03,319,0
OFS.US,5,20211126,163000,11.0178,11.04,11.0178,11.04,1100,0
OFS.US,5,20211126,164500,11.07,11.07,11.04,11.04,1100,0
OFS.US,5,20211126,165000,11.04,11.04,11.04,11.04,100,0
OFS.US,5,20211126,165500,10.964,10.964,10.964,10.964,100,0
OFS.US,5,20211126,170500,10.9601,10.985,10.9601,10.985,299,0
OFS.US,5,20211126,171000,11.0185,11.0185,10.96,10.96,1000,0
OFS.US,5,20211126,172000,10.9342,10.9342,10.9342,10.9342,1316,0
OFS.US,5,20211126,172500,11.0267,11.0267,11.0267,11.0267,100,0
OFS.US,5,20211126,173000,11.03,11.03,11.03,11.03,204,0
OFS.US,5,20211126,180500,11.029,11.029,11.029,11.029,400,0
OFS.US,5,20211126,181500,11.0606,11.0606,11.0606,11.0606,500,0
OFS.US,5,20211126,182000,11.0557,11.0557,11.0557,11.0557,100,0
OFS.US,5,20211126,182500,11.015,11.015,11.015,11.015,130,0
OFS.US,5,20211126,183500,11.0585,11.07,11.015,11.07,650,0
OFS.US,5,20211126,185500,11.03,11.05,11.02,11.05,400,0
OFS.US,5,20211126,190000,11.07,11.07,11.07,11.07,432,0
OFS.US,5,20211129,153000,11.04,11.16,11,11.1195,10787,0
OFS.US,5,20211129,153500,11.1,11.2,11.1,11.2,200,0
OFS.US,5,20211129,155000,11.1361,11.1361,11.1361,11.1361,199,0
OFS.US,5,20211129,155500,11.1,11.1,11.1,11.1,100,0
OFS.US,5,20211129,161000,11.03,11.036,11,11.0026,2600,0
OFS.US,5,20211129,161500,11.09,11.09,11.09,11.09,100,0
OFS.US,5,20211129,162000,11.09,11.09,11.06,11.06,200,0
OFS.US,5,20211129,162500,11.1199,11.1199,11.1199,11.1199,250,0
OFS.US,5,20211129,163500,11.1,11.11,11.07,11.11,900,0
OFS.US,5,20211129,164500,11.119,11.119,11.119,11.119,1281,0
OFS.US,5,20211129,165500,11.11,11.11,11.11,11.11,100,0
OFS.US,5,20211129,170000,11.11,11.11,11.08,11.08,500,0
OFS.US,5,20211129,172000,11.04,11.04,11.03,11.03,400,0
OFS.US,5,20211129,173000,11.0554,11.0554,11.0554,11.0554,345,0
OFS.US,5,20211129,175000,11.08,11.08,11.08,11.08,445,0
OFS.US,5,20211129,175500,11.038,11.038,11.0206,11.0206,2000,0
OFS.US,5,20211129,180000,11.02,11.0272,11.02,11.02,900,0
OFS.US,5,20211129,180500,11.04,11.04,11.04,11.04,100,0
OFS.US,5,20211129,181000,11.06,11.06,11.06,11.06,100,0
OFS.US,5,20211129,184000,11.04,11.04,11.0325,11.0325,400,0
OFS.US,5,20211129,185000,11.03,11.0361,11.012,11.012,762,0
OFS.US,5,20211129,190500,11.04,11.04,11.04,11.04,220,0
OFS.US,5,20211129,191500,11.07,11.0998,11.07,11.09,3118,0
OFS.US,5,20211129,200000,11.0999,11.0999,11.0999,11.0999,449,0
OFS.US,5,20211129,201000,11.0888,11.0888,11.0888,11.0888,100,0
OFS.US,5,20211129,202500,11,11,11,11,138,0
OFS.US,5,20211129,203000,11.0576,11.0576,11.0576,11.0576,168,0
OFS.US,5,20211129,204000,11.1053,11.1053,11.1053,11.1053,140,0
OFS.US,5,20211129,205000,11.1092,11.1092,11.0732,11.0732,650,0
OFS.US,5,20211129,211000,11.1055,11.1055,11.1055,11.1055,100,0
OFS.US,5,20211129,214000,11.0998,11.0998,11.0998,11.0998,475,0
OFS.US,5,20211129,215500,11.01,11.01,11,11,1631,0
OFS.US,5,20211130,153000,10.97,10.97,10.89,10.89,4859,0
OFS.US,5,20211130,155000,10.9001,11.06,10.9001,11.06,630,0
OFS.US,5,20211130,155500,10.98,10.98,10.97,10.97,507,0
OFS.US,5,20211130,160000,11.2168,11.2168,11.2168,11.2168,100,0
OFS.US,5,20211130,162000,11.181,11.181,11.181,11.181,1000,0
OFS.US,5,20211130,162500,11.1734,11.1734,11.1734,11.1734,300,0
OFS.US,5,20211130,171000,10.97,10.97,10.95,10.95,1215,0
OFS.US,5,20211130,172500,10.96,10.96,10.96,10.96,100,0
OFS.US,5,20211130,174000,10.975,10.975,10.975,10.975,300,0
OFS.US,5,20211130,174500,10.9175,10.9175,10.9175,10.9175,100,0
OFS.US,5,20211130,180000,10.9495,10.965,10.9495,10.965,500,0
OFS.US,5,20211130,180500,10.965,10.965,10.9,10.9,540,0
OFS.US,5,20211130,181000,10.8278,11.0321,10.81,11.0321,2812,0
OFS.US,5,20211130,181500,10.9362,10.9362,10.9362,10.9362,141,0
OFS.US,5,20211130,182500,10.925,10.925,10.91,10.925,492,0
OFS.US,5,20211130,183000,10.94,10.96,10.94,10.96,1900,0
OFS.US,5,20211130,184500,11.0499,11.0499,11.0499,11.0499,971,0
OFS.US,5,20211130,185000,11.0382,11.0382,10.96,10.96,897,0
OFS.US,5,20211130,190500,10.975,10.98,10.975,10.98,200,0
OFS.US,5,20211130,191000,11.0415,11.0415,11.0415,11.0415,528,0
OFS.US,5,20211130,191500,10.9624,10.9624,10.9624,10.9624,108,0
OFS.US,5,20211130,192000,11.023,11.023,10.97,10.97,1300,0
OFS.US,5,20211130,192500,11.0499,11.0499,10.96,10.96,235,0
OFS.US,5,20211130,193500,11.0418,11.0418,10.96,10.96,1065,0
OFS.US,5,20211130,194000,11.005,11.005,11.005,11.005,100,0
OFS.US,5,20211130,200500,10.95,10.96,10.95,10.96,881,0
OFS.US,5,20211130,203500,10.907,10.907,10.907,10.907,462,0
OFS.US,5,20211130,205500,11.0213,11.0213,10.945,10.945,618,0
OFS.US,5,20211130,210000,10.945,10.96,10.945,10.96,1100,0
OFS.US,5,20211130,212000,10.9342,10.9342,10.9342,10.9342,251,0
OFS.US,5,20211130,214000,10.96,10.96,10.96,10.96,111,0
OFS.US,5,20211130,215500,10.94,10.98,10.93,10.98,1074,0
OFS.US,5,20211201,153000,10.98,11.135,10.98,11.135,2450,0
OFS.US,5,20211201,154000,11.105,11.105,11.105,11.105,100,0
OFS.US,5,20211201,154500,11,11,11,11,339,0
OFS.US,5,20211201,155000,11.2255,11.2255,11.2255,11.2255,400,0
OFS.US,5,20211201,155500,11.199,11.199,10.97,11.1489,1800,0
OFS.US,5,20211201,160500,10.98,10.98,10.98,10.98,100,0
OFS.US,5,20211201,161000,10.9701,10.9858,10.9701,10.9858,1254,0
OFS.US,5,20211201,161500,11,11,11,11,200,0
OFS.US,5,20211201,162500,11.08,11.17,11.08,11.17,290,0
OFS.US,5,20211201,164000,10.9842,10.9842,10.9842,10.9842,120,0
OFS.US,5,20211201,164500,11.1325,11.15,11.1325,11.15,400,0
OFS.US,5,20211201,165000,11,11,11,11,100,0
OFS.US,5,20211201,165500,10.98,10.98,10.94,10.94,1300,0
OFS.US,5,20211201,170000,10.97,10.97,10.93,10.93,640,0
OFS.US,5,20211201,170500,10.98,11.03,10.98,11.03,400,0
OFS.US,5,20211201,171500,10.98,10.98,10.98,10.98,100,0
OFS.US,5,20211201,172000,11,11,11,11,324,0
OFS.US,5,20211201,172500,10.9817,10.9817,10.98,10.98,700,0
OFS.US,5,20211201,174000,10.98,10.98,10.98,10.98,518,0
OFS.US,5,20211201,182000,10.9999,10.9999,10.9999,10.9999,128,0
OFS.US,5,20211201,183000,10.9869,10.9869,10.9869,10.9869,102,0
OFS.US,5,20211201,185500,10.96,10.9966,10.96,10.99,3600,0
OFS.US,5,20211201,190000,11,11,10.997,11,1600,0
OFS.US,5,20211201,190500,11.1,11.18,11.1,11.15,3938,0
OFS.US,5,20211201,191000,11.16,11.1657,11.04,11.04,2707,0
OFS.US,5,20211201,194000,11.12,11.12,11.12,11.12,400,0
OFS.US,5,20211201,195000,11,11,11,11,125,0
OFS.US,5,20211201,212000,11.1323,11.1323,11.11,11.11,375,0
OFS.US,5,20211201,212500,11.11,11.11,11.1,11.1,650,0
OFS.US,5,20211201,213000,11.1,11.11,11.02,11.11,400,0
OFS.US,5,20211201,215000,11.05,11.05,11,11.0107,3615,0
OFS.US,5,20211201,215500,11.0107,11.08,11,11,4021,0
OFS.US,5,20211202,153000,11.11,11.11,11.11,11.11,608,0
OFS.US,5,20211202,155000,11.14,11.15,11.13,11.15,500,0
OFS.US,5,20211202,155500,11.2399,11.2399,11.2399,11.2399,6912,0
OFS.US,5,20211202,160000,11.12,11.12,11.1,11.1,500,0
OFS.US,5,20211202,160500,11.1,11.1,11.1,11.1,100,0
OFS.US,5,20211202,162500,11.1255,11.1255,11.1255,11.1255,500,0
OFS.US,5,20211202,163500,11.1491,11.1491,11.06,11.06,200,0
OFS.US,5,20211202,164000,11.06,11.095,11.06,11.06,558,0
OFS.US,5,20211202,164500,11.01,11.01,11,11,300,0
OFS.US,5,20211202,165500,11.1498,11.1498,10.91,10.91,2767,0
OFS.US,5,20211202,170000,10.98,11.03,10.94,11,700,0
OFS.US,5,20211202,171000,11.065,11.065,11.065,11.065,100,0
OFS.US,5,20211202,172500,11.1265,11.1265,11.1265,11.1265,300,0
OFS.US,5,20211202,173000,10.9193,10.9193,10.84,10.84,1760,0
OFS.US,5,20211202,180000,11.025,11.025,11.025,11.025,100,0
OFS.US,5,20211202,181000,10.9,10.95,10.9,10.95,1063,0
OFS.US,5,20211202,181500,10.91,10.91,10.91,10.91,200,0
OFS.US,5,20211202,182000,10.93,10.93,10.93,10.93,100,0
OFS.US,5,20211202,183000,10.9759,10.9759,10.9759,10.9759,800,0
OFS.US,5,20211202,183500,11.1,11.1499,10.9747,10.9747,3099,0
OFS.US,5,20211202,184000,11.1499,11.1499,11.1499,11.1499,2423,0
OFS.US,5,20211202,193500,11.1213,11.1213,11.1213,11.1213,150,0
OFS.US,5,20211202,194000,11.1195,11.1195,11.1195,11.1195,100,0
OFS.US,5,20211202,201500,10.99,10.99,10.96,10.97,1860,0
OFS.US,5,20211202,204500,10.97,10.97,10.97,10.97,100,0
OFS.US,5,20211202,205000,11.03,11.03,11.03,11.03,224,0
OFS.US,5,20211202,210500,10.9591,10.9591,10.9591,10.9591,100,0
OFS.US,5,20211202,213000,10.96,10.96,10.96,10.96,200,0
OFS.US,5,20211202,215500,11.12,11.12,10.97,11.1,1211,0
OFS.US,5,20211203,153000,11.06,11.06,11.06,11.06,1082,0
OFS.US,5,20211203,153500,11.0417,11.0417,11.0417,11.0417,400,0
OFS.US,5,20211203,154000,10.98,10.98,10.98,10.98,100,0
OFS.US,5,20211203,154500,11.1,11.1,11.1,11.1,270,0
OFS.US,5,20211203,155000,11.0459,11.0459,11.0459,11.0459,293,0
OFS.US,5,20211203,155500,10.95,10.95,10.95,10.95,102,0
OFS.US,5,20211203,160000,10.82,10.82,10.82,10.82,400,0
OFS.US,5,20211203,163000,11.0611,11.0611,11.0611,11.0611,405,0
OFS.US,5,20211203,164000,10.9132,10.9132,10.9132,10.9132,1000,0
OFS.US,5,20211203,172000,11.0577,11.0577,11.0577,11.0577,200,0
OFS.US,5,20211203,173000,10.91,10.91,10.9,10.9,687,0
OFS.US,5,20211203,173500,10.91,10.91,10.91,10.91,300,0
OFS.US,5,20211203,174000,10.91,10.91,10.91,10.91,300,0
OFS.US,5,20211203,174500,10.9,10.9,10.9,10.9,200,0
OFS.US,5,20211203,175000,10.87,11.08,10.87,11.08,400,0
OFS.US,5,20211203,175500,10.87,10.87,10.85,10.85,500,0
OFS.US,5,20211203,180000,11.0709,11.08,11.0709,11.08,200,0
OFS.US,5,20211203,180500,10.965,10.965,10.965,10.965,369,0
OFS.US,5,20211203,181000,11.08,11.08,11.08,11.08,3042,0
OFS.US,5,20211203,181500,11.02,11.065,11.02,11.05,1168,0
OFS.US,5,20211203,182500,11.065,11.08,10.945,10.945,2824,0
OFS.US,5,20211203,185500,10.8229,10.8229,10.8229,10.8229,706,0
OFS.US,5,20211203,195500,10.9562,10.97,10.9562,10.97,877,0
OFS.US,5,20211203,200000,10.98,10.99,10.98,10.99,232,0
OFS.US,5,20211203,202500,11.04,11.0799,11.04,11.0799,700,0
OFS.US,5,20211203,204500,10.98,10.98,10.98,10.98,100,0
OFS.US,5,20211203,205000,11.07,11.07,11.06,11.06,630,0
OFS.US,5,20211203,210000,10.96,10.97,10.96,10.97,800,0
OFS.US,5,20211203,210500,11.04,11.04,11.04,11.04,114,0
OFS.US,5,20211203,211000,11,11,11,11,200,0
OFS.US,5,20211203,212500,11.0499,11.05,11.0499,11.05,509,0
OFS.US,5,20211203,213500,11.07,11.07,11.07,11.07,100,0
OFS.US,5,20211203,214500,11.0683,11.0683,11.035,11.035,300,0
OFS.US,5,20211203,215500,11.08,11.1,11,11,3098,0
OFS.US,5,20211206,153000,11.01,11.01,11.01,11.01,735,0
OFS.US,5,20211206,153500,11.09,11.09,10.96,10.96,2200,0
OFS.US,5,20211206,154000,10.9105,10.9105,10.9105,10.9105,100,0
OFS.US,5,20211206,154500,10.97,10.98,10.9113,10.9113,1035,0
OFS.US,5,20211206,155000,10.95,10.98,10.905,10.98,1826,0
OFS.US,5,20211206,155500,10.98,10.99,10.945,10.959,3600,0
OFS.US,5,20211206,160000,10.9999,11,10.9865,10.9865,6076,0
OFS.US,5,20211206,161000,11.09,11.1,11.09,11.09,8100,0
OFS.US,5,20211206,161500,11.0129,11.1,11.0129,11.1,1990,0
OFS.US,5,20211206,162500,11.055,11.055,11.055,11.055,100,0
OFS.US,5,20211206,163000,11.1,11.1,11.055,11.055,1500,0
OFS.US,5,20211206,163500,11.06,11.06,11.06,11.06,200,0
OFS.US,5,20211206,164000,11.1,11.1,11.1,11.1,100,0
OFS.US,5,20211206,165000,11.0215,11.0215,11.0215,11.0215,100,0
OFS.US,5,20211206,170000,11.015,11.015,11.015,11.015,129,0
OFS.US,5,20211206,171500,11.0747,11.0747,11.0747,11.0747,1419,0
OFS.US,5,20211206,172000,11.06,11.0818,11.06,11.06,3953,0
OFS.US,5,20211206,172500,11.06,11.06,11.06,11.06,129,0
OFS.US,5,20211206,173000,11.06,11.07,11.05,11.05,5212,0
OFS.US,5,20211206,174000,11.07,11.1,11.07,11.1,850,0
OFS.US,5,20211206,174500,11.06,11.06,11.06,11.06,100,0
OFS.US,5,20211206,180000,11.07,11.1,11.07,11.1,1037,0
OFS.US,5,20211206,181000,11.06,11.06,11.05,11.05,354,0
OFS.US,5,20211206,181500,11.0704,11.0995,11.0704,11.0995,213,0
OFS.US,5,20211206,183000,11.06,11.06,11.06,11.06,100,0
OFS.US,5,20211206,191500,11.04,11.04,11.03,11.03,628,0
OFS.US,5,20211206,192000,11.02,11.02,11.02,11.02,106,0
OFS.US,5,20211206,192500,11.04,11.04,11.0181,11.0181,300,0
OFS.US,5,20211206,195000,11.07,11.0899,11.05,11.05,1163,0
OFS.US,5,20211206,200000,11.0899,11.0899,11.0899,11.0899,100,0
OFS.US,5,20211206,200500,11.05,11.05,11.05,11.05,100,0
OFS.US,5,20211206,201000,11.02,11.02,11.02,11.02,100,0
OFS.US,5,20211206,202000,11.05,11.05,11.02,11.022,400,0
OFS.US,5,20211206,203000,11.045,11.045,11.045,11.045,100,0
OFS.US,5,20211206,203500,11.05,11.05,11.05,11.05,100,0
OFS.US,5,20211206,204500,11.0778,11.0778,11.0778,11.0778,100,0
OFS.US,5,20211206,210000,11.045,11.045,11.045,11.045,913,0
OFS.US,5,20211206,210500,11.045,11.045,11.045,11.045,100,0
OFS.US,5,20211206,212000,11,11.045,11,11.045,200,0
OFS.US,5,20211206,213500,11,11,11,11,100,0
OFS.US,5,20211206,215000,11.045,11.0899,11.045,11.045,1710,0
OFS.US,5,20211206,215500,11,11.09,11,11.09,4642,0
OFS.US,5,20211207,153000,11.1,11.1,11.1,11.1,1793,0
OFS.US,5,20211207,155000,11.0978,11.0978,11.0978,11.0978,444,0
OFS.US,5,20211207,161000,11.1961,11.1961,11.12,11.12,1100,0
OFS.US,5,20211207,161500,11.1959,11.23,11.02,11.1404,3555,0
OFS.US,5,20211207,163500,11.145,11.145,11.145,11.145,400,0
OFS.US,5,20211207,164000,11.1095,11.22,11.1071,11.1611,1040,0
OFS.US,5,20211207,164500,11.2243,11.2243,11.2243,11.2243,500,0
OFS.US,5,20211207,170000,11.0573,11.06,11.0573,11.06,1100,0
OFS.US,5,20211207,171000,11.1,11.1,11.0701,11.0701,3244,0
OFS.US,5,20211207,171500,11.07,11.07,11.07,11.07,100,0
OFS.US,5,20211207,172500,11.1282,11.14,11.1282,11.14,200,0
OFS.US,5,20211207,173000,11.1407,11.1407,11.1407,11.1407,180,0
OFS.US,5,20211207,180000,11.11,11.11,11.11,11.11,100,0
OFS.US,5,20211207,182000,11.1499,11.1499,11.1499,11.1499,100,0
OFS.US,5,20211207,183500,11.09,11.09,11.0801,11.0801,200,0
OFS.US,5,20211207,184500,11.08,11.08,11.08,11.08,200,0
OFS.US,5,20211207,185000,11.13,11.14,11.13,11.14,200,0
OFS.US,5,20211207,190000,11.13,11.15,11.13,11.13,600,0
OFS.US,5,20211207,190500,11.0712,11.075,11.07,11.075,1100,0
OFS.US,5,20211207,191500,11.13,11.13,11.1277,11.1277,200,0
OFS.US,5,20211207,193000,11.08,11.08,11.08,11.08,100,0
OFS.US,5,20211207,201500,11.1337,11.1337,11.08,11.08,600,0
OFS.US,5,20211207,203000,11.105,11.105,11.07,11.105,532,0
OFS.US,5,20211207,205500,11.115,11.115,11.09,11.09,200,0
OFS.US,5,20211207,210000,11.115,11.115,11.115,11.115,100,0
OFS.US,5,20211207,211500,11.115,11.115,11.07,11.1067,1816,0
OFS.US,5,20211207,212000,11.07,11.07,11.07,11.07,132,0
OFS.US,5,20211207,214000,11.07,11.07,11.07,11.07,132,0
OFS.US,5,20211207,215000,11.07,11.07,11.07,11.07,132,0
OFS.US,5,20211207,215500,11.105,11.1182,11.07,11.07,800,0
OFS.US,5,20211208,153000,11.16,11.16,11.16,11.16,1396,0
OFS.US,5,20211208,155000,11.13,11.135,11.13,11.135,200,0
OFS.US,5,20211208,160500,11.17,11.17,11.14,11.14,898,0
OFS.US,5,20211208,161000,11.03,11.03,11.03,11.03,100,0
OFS.US,5,20211208,162000,11.16,11.17,11.015,11.015,4306,0
OFS.US,5,20211208,163000,11.015,11.19,11.015,11.155,300,0
OFS.US,5,20211208,165000,11.1649,11.1649,11.1649,11.1649,100,0
OFS.US,5,20211208,170500,11.17,11.18,11.005,11.005,300,0
OFS.US,5,20211208,181000,11.07,11.07,11.06,11.06,1923,0
OFS.US,5,20211208,182000,11.1,11.1,11.1,11.1,100,0
OFS.US,5,20211208,183000,11.07,11.07,11.06,11.06,616,0
OFS.US,5,20211208,185500,11.05,11.05,11,11,254,0
OFS.US,5,20211208,191500,11.0861,11.0861,11.0861,11.0861,100,0
OFS.US,5,20211208,192500,11.01,11.0906,11.005,11.005,726,0
OFS.US,5,20211208,193500,11.09,11.09,11.0101,11.0101,281,0
OFS.US,5,20211208,194000,11.095,11.095,11.08,11.08,200,0
OFS.US,5,20211208,201000,11.0562,11.0562,11.0562,11.0562,100,0
OFS.US,5,20211208,201500,11.09,11.09,11.09,11.09,100,0
OFS.US,5,20211208,204500,11.06,11.06,11.05,11.05,1446,0
OFS.US,5,20211208,211000,11.19,11.19,11.1,11.1,1400,0
OFS.US,5,20211208,211500,11.05,11.05,11.05,11.05,429,0
OFS.US,5,20211208,213500,11.06,11.1139,11.02,11.02,628,0
OFS.US,5,20211208,214000,11.0255,11.0255,11.0255,11.0255,403,0
OFS.US,5,20211208,214500,11.03,11.1,11.01,11.0109,2510,0
OFS.US,5,20211208,215000,11.01,11.18,11.01,11.1111,2300,0
OFS.US,5,20211208,215500,11,11.09,11,11.09,1233,0
OFS.US,5,20211209,153000,11.05,11.05,11.05,11.05,737,0
OFS.US,5,20211209,154000,11.1,11.1839,11.05,11.1,1411,0
OFS.US,5,20211209,160500,11.1805,11.1805,11.15,11.15,400,0
OFS.US,5,20211209,161500,11.14,11.15,11.1319,11.1319,425,0
OFS.US,5,20211209,162000,11.14,11.1496,11.14,11.1431,520,0
OFS.US,5,20211209,162500,11.125,11.1437,11.125,11.125,635,0
OFS.US,5,20211209,163500,11.15,11.15,11.15,11.15,300,0
OFS.US,5,20211209,164500,11.1,11.2,11.1,11.2,1879,0
OFS.US,5,20211209,165000,11.15,11.15,11.15,11.15,275,0
OFS.US,5,20211209,170000,11.1914,11.1914,11.15,11.15,780,0
OFS.US,5,20211209,171000,11.1883,11.1883,11.1883,11.1883,100,0
OFS.US,5,20211209,171500,11.105,11.105,11.105,11.105,100,0
OFS.US,5,20211209,172500,11.11,11.11,11.1,11.1,259,0
OFS.US,5,20211209,175500,11.0978,11.0978,11.0978,11.0978,710,0
OFS.US,5,20211209,181000,11.131,11.18,11.131,11.18,685,0
OFS.US,5,20211209,182000,11.18,11.19,11.14,11.14,1232,0
OFS.US,5,20211209,184500,11.18,11.18,11.15,11.15,600,0
OFS.US,5,20211209,185000,11.12,11.12,11.12,11.12,590,0
OFS.US,5,20211209,194500,11.15,11.182,11.125,11.18,3065,0
OFS.US,5,20211209,195500,11.18,11.19,11.15,11.15,2934,0
OFS.US,5,20211209,200500,11.135,11.135,11.135,11.135,450,0
OFS.US,5,20211209,201000,11.15,11.19,11.15,11.19,1200,0
OFS.US,5,20211209,202500,11.19,11.19,11.1873,11.19,441,0
OFS.US,5,20211209,203000,11.19,11.2,11.19,11.2,268,0
OFS.US,5,20211209,210500,11.22,11.22,11.22,11.22,100,0
OFS.US,5,20211209,212000,11.23,11.23,11.23,11.23,100,0
OFS.US,5,20211209,212500,11.2305,11.2305,11.18,11.18,1100,0
OFS.US,5,20211209,213000,11.23,11.23,11.23,11.23,100,0
OFS.US,5,20211209,213500,11.23,11.23,11.23,11.23,100,0
OFS.US,5,20211209,214000,11.23,11.23,11.23,11.23,100,0
OFS.US,5,20211209,214500,11.19,11.2339,11.19,11.23,617,0
OFS.US,5,20211209,215000,11.23,11.23,11.23,11.23,240,0
OFS.US,5,20211209,215500,11.24,11.24,11.21,11.22,1878,0
OFS.US,5,20211210,153000,11.18,11.18,11.18,11.18,2101,0
OFS.US,5,20211210,154500,11.2493,11.2493,11.22,11.24,878,0
OFS.US,5,20211210,155500,11.23,11.24,11.23,11.24,300,0
OFS.US,5,20211210,160000,11.245,11.245,11.24,11.24,765,0
OFS.US,5,20211210,160500,11.232,11.232,11.232,11.232,100,0
OFS.US,5,20211210,161500,11.0813,11.124,11.0813,11.124,296,0
OFS.US,5,20211210,162000,11.1619,11.281,11.1492,11.1516,4621,0
OFS.US,5,20211210,162500,11.0833,11.3,11.0833,11.227,3523,0
OFS.US,5,20211210,163000,11.23,11.24,11.09,11.1174,5010,0
OFS.US,5,20211210,164000,11.24,11.24,11.23,11.23,200,0
OFS.US,5,20211210,164500,11.22,11.225,11.22,11.225,200,0
OFS.US,5,20211210,165000,11.232,11.232,11.23,11.23,1866,0
OFS.US,5,20211210,165500,11.24,11.24,11.24,11.24,200,0
OFS.US,5,20211210,170000,11.22,11.24,11.22,11.24,200,0
OFS.US,5,20211210,171000,11.155,11.22,11.09,11.22,1165,0
OFS.US,5,20211210,172000,11.225,11.23,11.21,11.23,300,0
OFS.US,5,20211210,173000,11.22,11.2297,11.22,11.22,995,0
OFS.US,5,20211210,173500,11.22,11.22,11.1609,11.1609,1149,0
OFS.US,5,20211210,174500,11.225,11.225,11.1,11.1,4318,0
OFS.US,5,20211210,175500,11.1082,11.165,11.1082,11.165,669,0
OFS.US,5,20211210,184500,11.23,11.23,11.23,11.23,160,0
OFS.US,5,20211210,185000,11.16,11.16,11.16,11.16,100,0
OFS.US,5,20211210,190000,11.2148,11.2148,11.2148,11.2148,134,0
OFS.US,5,20211210,190500,11.2181,11.2181,11.2181,11.2181,357,0
OFS.US,5,20211210,200500,11.23,11.23,11.2007,11.2007,640,0
OFS.US,5,20211210,203000,11.18,11.21,11.18,11.21,200,0
OFS.US,5,20211210,211000,11.21,11.21,11.21,11.21,1832,0
OFS.US,5,20211210,211500,11.18,11.18,11.15,11.15,546,0
OFS.US,5,20211210,215000,11.189,11.2,11.189,11.2,400,0
OFS.US,5,20211210,215500,11.21,11.21,11.15,11.15,1457,0
OFS.US,5,20211213,153000,11.3,11.3,11.21,11.26,5499,0
OFS.US,5,20211213,153500,11.26,11.26,11.26,11.26,1330,0
OFS.US,5,20211213,154000,11.25,11.2645,11.24,11.26,13478,0
OFS.US,5,20211213,155000,11.26,11.26,11.26,11.26,530,0
OFS.US,5,20211213,155500,11.275,11.275,11.275,11.275,100,0
OFS.US,5,20211213,160000,11.2615,11.2615,11.2002,11.2002,1021,0
OFS.US,5,20211213,160500,11.21,11.2376,11.2,11.2122,4187,0
OFS.US,5,20211213,161000,11.2,11.2122,11.15,11.2122,696,0
OFS.US,5,20211213,161500,11.21,11.2137,11.21,11.2137,289,0
OFS.US,5,20211213,163500,11.15,11.1998,11.15,11.1998,1100,0
OFS.US,5,20211213,164000,11.09,11.1589,11.0201,11.145,800,0
OFS.US,5,20211213,165500,11.145,11.145,11.0409,11.0409,794,0
OFS.US,5,20211213,172000,11.1,11.1,11.0304,11.0304,1377,0
OFS.US,5,20211213,172500,11.0531,11.0531,11.0531,11.0531,300,0
OFS.US,5,20211213,173000,11.0532,11.0532,11.0532,11.0532,299,0
OFS.US,5,20211213,173500,11.22,11.22,11.22,11.22,100,0
OFS.US,5,20211213,174000,11.04,11.04,11.03,11.03,1681,0
OFS.US,5,20211213,174500,11.0321,11.22,11.0321,11.22,4003,0
OFS.US,5,20211213,175500,11.23,11.23,11.23,11.23,100,0
OFS.US,5,20211213,181500,11.0501,11.0501,11.0501,11.0501,200,0
OFS.US,5,20211213,185000,11.2513,11.2513,11.2513,11.2513,300,0
OFS.US,5,20211213,185500,11.2073,11.25,11.0721,11.0721,650,0
OFS.US,5,20211213,191000,11.06,11.06,11.05,11.05,493,0
OFS.US,5,20211213,200000,11.0606,11.0606,11.0606,11.0606,1100,0
OFS.US,5,20211213,201500,11.2526,11.2526,11.2526,11.2526,250,0
OFS.US,5,20211213,202500,11.2511,11.2511,11.2511,11.2511,149,0
OFS.US,5,20211213,205000,11.1,11.11,11.1,11.1,300,0
OFS.US,5,20211213,211000,11.1821,11.1821,11.165,11.165,900,0
OFS.US,5,20211213,211500,11.1558,11.1558,11.1558,11.1558,400,0
OFS.US,5,20211213,212000,11.2348,11.2348,11.2348,11.2348,600,0
OFS.US,5,20211213,213000,11.165,11.165,11.082,11.082,282,0
OFS.US,5,20211213,213500,11.25,11.25,11.25,11.25,300,0
OFS.US,5,20211213,214000,11.08,11.215,11.08,11.16,954,0
OFS.US,5,20211213,214500,11.09,11.09,11.05,11.05,855,0
OFS.US,5,20211213,215000,11.0997,11.0997,11.0997,11.0997,2900,0
OFS.US,5,20211213,215500,11.15,11.2,11.05,11.2,2719,0
OFS.US,5,20211214,153000,11.2,11.2,11.2,11.2,307,0
OFS.US,5,20211214,154000,11.139,11.139,11.139,11.139,1000,0
OFS.US,5,20211214,161500,11.18,11.24,11.18,11.2031,1738,0
OFS.US,5,20211214,162000,11.2138,11.2138,11.2138,11.2138,4028,0
OFS.US,5,20211214,163500,11.17,11.205,11.17,11.205,300,0
OFS.US,5,20211214,164500,11.18,11.18,11.15,11.15,957,0
OFS.US,5,20211214,165000,11.1,11.1,11.1,11.1,1914,0
OFS.US,5,20211214,165500,11.118,11.118,11.118,11.118,149,0
OFS.US,5,20211214,171000,11.2,11.21,11.1643,11.21,1300,0
OFS.US,5,20211214,171500,11.231,11.231,11.2008,11.2008,1400,0
OFS.US,5,20211214,173000,11.1991,11.1991,11.1991,11.1991,200,0
OFS.US,5,20211214,174500,11.2,11.2,11.2,11.2,100,0
OFS.US,5,20211214,175000,11.11,11.1247,11.08,11.08,3900,0
OFS.US,5,20211214,180500,11.04,11.0871,11.04,11.0871,340,0
OFS.US,5,20211214,181000,11,11,11,11,1138,0
OFS.US,5,20211214,184500,11.1868,11.1868,11.1868,11.1868,332,0
OFS.US,5,20211214,185000,11.1676,11.1676,11.1676,11.1676,413,0
OFS.US,5,20211214,185500,11.17,11.17,11.16,11.17,1000,0
OFS.US,5,20211214,192500,10.9564,11.16,10.9564,11.16,900,0
OFS.US,5,20211214,194000,11.16,11.18,11.1415,11.1415,1894,0
OFS.US,5,20211214,200500,11.0208,11.0208,11.0208,11.0208,100,0
OFS.US,5,20211214,211000,11.1671,11.1671,11.1671,11.1671,1000,0
OFS.US,5,20211214,213500,11.15,11.17,11.15,11.17,300,0
OFS.US,5,20211214,214000,11.17,11.17,11.17,11.17,100,0
OFS.US,5,20211214,215000,11.16,11.16,11.085,11.085,900,0
OFS.US,5,20211214,215500,11.17,11.1794,11.09,11.09,661,0
OFS.US,5,20211215,153000,11.14,11.14,11.14,11.14,1065,0
OFS.US,5,20211215,153500,11.07,11.07,11.07,11.07,609,0
OFS.US,5,20211215,154500,11.17,11.17,11.01,11.1545,1000,0
OFS.US,5,20211215,155000,11.03,11.07,10.77,10.9343,4657,0
OFS.US,5,20211215,160000,10.95,10.95,10.95,10.95,600,0
OFS.US,5,20211215,160500,10.9731,10.9731,10.9731,10.9731,333,0
OFS.US,5,20211215,161500,10.9688,11.19,10.95,10.97,2932,0
OFS.US,5,20211215,162000,10.95,10.99,10.95,10.95,1804,0
OFS.US,5,20211215,162500,11.075,11.075,11.075,11.075,200,0
OFS.US,5,20211215,163000,10.96,11.0337,10.96,11.0337,1000,0
OFS.US,5,20211215,164000,11.04,11.04,10.9668,10.9668,1451,0
OFS.US,5,20211215,170000,11,11,10.9873,10.9873,3000,0
OFS.US,5,20211215,171000,10.99,11.0098,10.99,11.0098,3740,0
OFS.US,5,20211215,172500,10.9989,10.9989,10.9989,10.9989,2800,0
OFS.US,5,20211215,175000,11,11.0474,11,11.0474,1800,0
OFS.US,5,20211215,175500,11,11,11,11,100,0
OFS.US,5,20211215,180500,11,11,11,11,100,0
OFS.US,5,20211215,181000,11,11,11,11,100,0
OFS.US,5,20211215,181500,10.91,10.91,10.9,10.9,1444,0
OFS.US,5,20211215,183000,10.856,10.856,10.856,10.856,100,0
OFS.US,5,20211215,191000,11.0583,11.0583,11.0583,11.0583,271,0
OFS.US,5,20211215,195000,10.925,10.925,10.9,10.9,600,0
OFS.US,5,20211215,195500,10.97,10.97,10.97,10.97,100,0
OFS.US,5,20211215,204500,10.99,11.08,10.99,11.03,5603,0
OFS.US,5,20211215,205000,11.03,11.03,11.03,11.03,100,0
OFS.US,5,20211215,211500,11.04,11.08,11.035,11.035,812,0
OFS.US,5,20211215,213000,11.0707,11.0707,11.03,11.03,500,0
OFS.US,5,20211215,215000,11.03,11.03,11.03,11.03,250,0
OFS.US,5,20211215,215500,11.0716,11.08,11.03,11.08,2261,0
OFS.US,5,20211216,153000,11.08,11.08,11.08,11.08,719,0
OFS.US,5,20211216,153500,11.19,11.19,11.155,11.155,300,0
OFS.US,5,20211216,154000,11.08,11.2,11.08,11.2,1400,0
OFS.US,5,20211216,155000,11.2,11.2,11.2,11.2,560,0
OFS.US,5,20211216,155500,11.1914,11.2,11.1914,11.2,1055,0
OFS.US,5,20211216,160000,11.1896,11.1896,11.1896,11.1896,250,0
OFS.US,5,20211216,161000,11.1515,11.19,11.11,11.19,500,0
OFS.US,5,20211216,161500,11.18,11.2,11.18,11.1958,900,0
OFS.US,5,20211216,162000,11.19,11.2386,11.1633,11.1633,3874,0
OFS.US,5,20211216,163000,11.24,11.27,11.2398,11.27,2050,0
OFS.US,5,20211216,164500,11.235,11.235,11.235,11.235,100,0
OFS.US,5,20211216,165000,11.25,11.26,11.25,11.26,978,0
OFS.US,5,20211216,165500,11.2369,11.2369,11.2369,11.2369,147,0
OFS.US,5,20211216,171000,11.26,11.3108,11.26,11.3108,6928,0
OFS.US,5,20211216,172000,11.28,11.29,11.254,11.254,2615,0
OFS.US,5,20211216,173000,11.26,11.32,11.26,11.29,4715,0
OFS.US,5,20211216,173500,11.26,11.3069,11.21,11.21,1204,0
OFS.US,5,20211216,174500,11.16,11.16,11.16,11.16,446,0
OFS.US,5,20211216,175500,11.19,11.35,11.19,11.3165,2700,0
OFS.US,5,20211216,180000,11.33,11.35,11.29,11.3462,2986,0
OFS.US,5,20211216,181000,11.3336,11.34,11.265,11.265,700,0
OFS.US,5,20211216,181500,11.33,11.35,11.265,11.33,786,0
OFS.US,5,20211216,182000,11.3171,11.3171,11.3171,11.3171,430,0
OFS.US,5,20211216,182500,11.3,11.3,11.3,11.3,100,0
OFS.US,5,20211216,184000,11.26,11.26,11.25,11.25,400,0
OFS.US,5,20211216,184500,11.26,11.2628,11.25,11.2628,1200,0
OFS.US,5,20211216,185000,11.31,11.31,11.27,11.27,200,0
OFS.US,5,20211216,190000,11.26,11.26,11.26,11.26,200,0
OFS.US,5,20211216,190500,11.26,11.26,11.26,11.26,200,0
OFS.US,5,20211216,191000,11.26,11.26,11.26,11.26,100,0
OFS.US,5,20211216,192000,11.26,11.26,11.26,11.26,200,0
OFS.US,5,20211216,192500,11.28,11.28,11.28,11.28,1000,0
OFS.US,5,20211216,193000,11.25,11.25,11.18,11.18,500,0
OFS.US,5,20211216,194000,11.29,11.315,11.27,11.27,400,0
OFS.US,5,20211216,195000,11.27,11.27,11.27,11.27,100,0
OFS.US,5,20211216,201500,11.22,11.23,11.22,11.23,200,0
OFS.US,5,20211216,202000,11.22,11.23,11.18,11.18,623,0
OFS.US,5,20211216,202500,11.1815,11.1815,11.1815,11.1815,493,0
OFS.US,5,20211216,204000,11.18,11.18,11.18,11.18,100,0
OFS.US,5,20211216,205000,11.1904,11.1904,11.1904,11.1904,102,0
OFS.US,5,20211216,210000,11.18,11.18,11.18,11.18,100,0
OFS.US,5,20211216,211000,11.24,11.26,11.22,11.22,1254,0
OFS.US,5,20211216,211500,11.22,11.24,11.205,11.22,570,0
OFS.US,5,20211216,212000,11.22,11.22,11.22,11.22,100,0
OFS.US,5,20211216,213500,11.22,11.22,11.22,11.22,100,0
OFS.US,5,20211216,215000,11.2,11.26,11.2,11.2,400,0
OFS.US,5,20211216,215500,11.22,11.26,11.19,11.19,1626,0
OFS.US,5,20211217,153000,11.27,11.3,11.25,11.28,1442,0
OFS.US,5,20211217,153500,11.25,11.25,11.25,11.25,3900,0
OFS.US,5,20211217,154500,11.2,11.2,11.1,11.1,1167,0
OFS.US,5,20211217,155000,11.19,11.24,11.188,11.2011,1792,0
OFS.US,5,20211217,160500,11.14,11.15,11.0282,11.1145,9175,0
OFS.US,5,20211217,161000,11.2399,11.2399,11.2399,11.2399,3000,0
OFS.US,5,20211217,161500,11.15,11.2,11.15,11.19,900,0
OFS.US,5,20211217,163000,11.07,11.07,11.0375,11.0375,900,0
OFS.US,5,20211217,164000,11.1,11.1,11.1,11.1,224,0
OFS.US,5,20211217,170000,11.12,11.13,11.12,11.13,400,0
OFS.US,5,20211217,170500,11.14,11.14,11.14,11.14,300,0
OFS.US,5,20211217,180000,11.1,11.1,11.07,11.0777,675,0
OFS.US,5,20211217,180500,11.12,11.12,11.12,11.12,100,0
OFS.US,5,20211217,182000,11.1,11.1,11.1,11.1,1000,0
OFS.US,5,20211217,184500,11.14,11.14,11.1085,11.1085,200,0
OFS.US,5,20211217,191500,11.0726,11.15,11.0726,11.14,793,0
OFS.US,5,20211217,192000,11.105,11.105,11.0703,11.0703,404,0
OFS.US,5,20211217,192500,11.105,11.15,11.0708,11.1365,1261,0
OFS.US,5,20211217,193500,11.105,11.105,11.105,11.105,100,0
OFS.US,5,20211217,194500,11.105,11.15,11.105,11.15,343,0
OFS.US,5,20211217,195000,11.087,11.087,11.087,11.087,100,0
OFS.US,5,20211217,195500,11.15,11.15,11.105,11.105,600,0
OFS.US,5,20211217,200000,11.15,11.15,11.143,11.143,200,0
OFS.US,5,20211217,200500,11.13,11.13,11.13,11.13,100,0
OFS.US,5,20211217,201500,11.13,11.13,11.13,11.13,100,0
OFS.US,5,20211217,202500,11.1208,11.1208,11.105,11.105,200,0
OFS.US,5,20211217,203000,11.1386,11.1386,11.1386,11.1386,200,0
OFS.US,5,20211217,204000,11.0797,11.0797,11.0797,11.0797,125,0
OFS.US,5,20211217,210000,11.15,11.15,11.115,11.12,600,0
OFS.US,5,20211217,210500,11.15,11.19,11.15,11.18,580,0
OFS.US,5,20211217,211000,11.19,11.19,11.19,11.19,640,0
OFS.US,5,20211217,212000,11.17,11.17,11.17,11.17,100,0
OFS.US,5,20211217,213000,11.17,11.17,11.17,11.17,100,0
OFS.US,5,20211217,213500,11.2242,11.2242,11.2242,11.2242,153,0
OFS.US,5,20211217,215000,11.1,11.1,11.1,11.1,200,0
OFS.US,5,20211217,215500,11.21,11.21,11.21,11.21,220,0
OFS.US,5,20211220,153000,11.19,11.19,11.19,11.19,4807,0
OFS.US,5,20211220,160000,11.085,11.085,11.0721,11.0721,200,0
OFS.US,5,20211220,160500,11.065,11.09,11.065,11.08,300,0
OFS.US,5,20211220,161500,11.07,11.1966,11.07,11.1966,296,0
OFS.US,5,20211220,162500,11.17,11.2227,11.17,11.2227,696,0
OFS.US,5,20211220,163000,11.0673,11.24,11.0673,11.24,1212,0
OFS.US,5,20211220,163500,11.2197,11.2197,11.2197,11.2197,200,0
OFS.US,5,20211220,164000,11.0506,11.0506,11.0506,11.0506,799,0
OFS.US,5,20211220,164500,11.1101,11.145,11.05,11.1004,1785,0
OFS.US,5,20211220,165000,11.05,11.05,11.05,11.05,700,0
OFS.US,5,20211220,170000,11.0929,11.0929,11,11,4199,0
OFS.US,5,20211220,171000,11,11,10.85,10.85,300,0
OFS.US,5,20211220,171500,10.85,11.055,10.85,11.0003,2300,0
OFS.US,5,20211220,172000,10.87,11.045,10.87,11.045,3100,0
OFS.US,5,20211220,172500,10.75,10.75,10.75,10.75,1100,0
OFS.US,5,20211220,173000,10.72,11.04,10.5,10.51,10015,0
OFS.US,5,20211220,173500,10.57,10.57,10.57,10.57,100,0
OFS.US,5,20211220,174000,11.0399,11.0399,10.6,10.7,550,0
OFS.US,5,20211220,174500,10.74,10.995,10.74,10.995,1812,0
OFS.US,5,20211220,175000,10.75,10.75,10.75,10.75,100,0
OFS.US,5,20211220,181000,10.995,10.995,10.78,10.78,457,0
OFS.US,5,20211220,182000,10.76,10.9,10.76,10.9,682,0
OFS.US,5,20211220,183000,10.91,10.91,10.91,10.91,300,0
OFS.US,5,20211220,183500,10.91,10.91,10.91,10.91,200,0
OFS.US,5,20211220,190000,11.0908,11.18,11,11,3700,0
OFS.US,5,20211220,190500,10.9572,11.055,10.9572,11.055,600,0
OFS.US,5,20211220,191500,10.96,10.96,10.96,10.96,100,0
OFS.US,5,20211220,192000,10.945,10.945,10.945,10.945,100,0
OFS.US,5,20211220,193000,11.05,11.05,10.96,10.96,492,0
OFS.US,5,20211220,193500,11.0807,11.0807,11.0807,11.0807,150,0
OFS.US,5,20211220,195000,10.93,10.93,10.93,10.93,100,0
OFS.US,5,20211220,201000,10.94,11.1663,10.93,11.1663,1979,0
OFS.US,5,20211220,201500,10.93,11.0149,10.93,10.93,994,0
OFS.US,5,20211220,202000,10.92,11.1501,10.92,11.1501,1237,0
OFS.US,5,20211220,203000,11,11,10.9335,10.9335,900,0
OFS.US,5,20211220,203500,10.96,10.96,10.96,10.96,430,0
OFS.US,5,20211220,204000,10.96,10.96,10.96,10.96,100,0
OFS.US,5,20211220,205500,10.93,10.93,10.9,10.92,5570,0
OFS.US,5,20211220,210000,10.9,10.9371,10.9,10.9371,340,0
OFS.US,5,20211220,210500,10.95,11.12,10.94,10.94,5280,0
OFS.US,5,20211220,211000,10.9603,10.9603,10.9603,10.9603,700,0
OFS.US,5,20211220,211500,10.91,10.91,10.86,10.86,887,0
OFS.US,5,20211220,212500,10.83,10.84,10.75,10.8,2240,0
OFS.US,5,20211220,213000,10.8,10.97,10.8,10.97,1188,0
OFS.US,5,20211220,213500,10.96,10.96,10.8994,10.8994,200,0
OFS.US,5,20211220,214000,10.9,11.1131,10.8585,11.0043,2256,0
OFS.US,5,20211220,214500,11.1152,11.13,10.9921,11.1107,2382,0
OFS.US,5,20211220,215000,11.1107,11.125,10.995,11.0497,2485,0
OFS.US,5,20211220,215500,11.07,11.14,10.91,11.14,10169,0
OFS.US,5,20211221,153000,11.16,11.2,11.14,11.2,3425,0
OFS.US,5,20211221,154000,11.24,11.24,11.14,11.1478,1317,0
OFS.US,5,20211221,154500,11.19,11.2,11.1442,11.1442,3095,0
OFS.US,5,20211221,160000,11.2799,11.2799,11.1837,11.1837,321,0
OFS.US,5,20211221,161000,11.21,11.21,11.21,11.21,100,0
OFS.US,5,20211221,161500,11.25,11.26,11.14,11.26,2084,0
OFS.US,5,20211221,162500,11.1484,11.2,11.1483,11.2,1200,0
OFS.US,5,20211221,163000,11.17,11.17,11.17,11.17,300,0
OFS.US,5,20211221,163500,11.2,11.2,11.1999,11.1999,1457,0
OFS.US,5,20211221,164500,11.17,11.24,11.1402,11.195,5073,0
OFS.US,5,20211221,165000,11.28,11.28,11.2,11.28,4926,0
OFS.US,5,20211221,165500,11.24,11.28,11.2,11.24,2800,0
OFS.US,5,20211221,170000,11.2055,11.24,11.1602,11.24,3021,0
OFS.US,5,20211221,170500,11.24,11.24,11.24,11.24,100,0
OFS.US,5,20211221,171000,11.24,11.24,11.24,11.24,100,0
OFS.US,5,20211221,171500,11.24,11.26,11.24,11.24,2720,0
OFS.US,5,20211221,172000,11.24,11.2737,11.23,11.245,4155,0
OFS.US,5,20211221,172500,11.24,11.255,11.24,11.24,400,0
OFS.US,5,20211221,173000,11.2731,11.2731,11.2731,11.2731,100,0
OFS.US,5,20211221,174000,11.2751,11.2751,11.25,11.25,501,0
OFS.US,5,20211221,174500,11.26,11.26,11.26,11.26,100,0
OFS.US,5,20211221,180000,11.265,11.27,11.265,11.27,200,0
OFS.US,5,20211221,180500,11.26,11.2605,11.17,11.17,2950,0
OFS.US,5,20211221,181000,11.0953,11.1889,11.0953,11.1889,2000,0
OFS.US,5,20211221,182000,11.18,11.18,11.18,11.18,443,0
OFS.US,5,20211221,182500,11.23,11.23,11.198,11.198,700,0
OFS.US,5,20211221,183500,11.2773,11.2773,11.2773,11.2773,1082,0
OFS.US,5,20211221,184000,11.2673,11.2673,11.23,11.24,1200,0
OFS.US,5,20211221,184500,11.1889,11.1889,11.1889,11.1889,400,0
OFS.US,5,20211221,185500,11.19,11.19,11.15,11.1802,2018,0
OFS.US,5,20211221,190000,11.17,11.17,11.17,11.17,100,0
OFS.US,5,20211221,192000,11.1754,11.1754,11.1754,11.1754,360,0
OFS.US,5,20211221,192500,10.9836,11.1972,10.9836,11.0025,2400,0
OFS.US,5,20211221,193000,11.2,11.2,11.2,11.2,200,0
OFS.US,5,20211221,193500,11.16,11.16,11.16,11.16,100,0
OFS.US,5,20211221,194000,11.1953,11.24,11.0885,11.233,5140,0
OFS.US,5,20211221,194500,11.24,11.24,11.24,11.24,600,0
OFS.US,5,20211221,195000,11.24,11.24,11.08,11.08,800,0
OFS.US,5,20211221,195500,11.2319,11.2319,11.2319,11.2319,200,0
OFS.US,5,20211221,200000,11.24,11.24,11.2376,11.2376,1100,0
OFS.US,5,20211221,201000,11.24,11.24,11.24,11.24,126,0
OFS.US,5,20211221,202000,11.24,11.24,11.13,11.165,1430,0
OFS.US,5,20211221,204000,11.24,11.24,11.2008,11.24,2000,0
OFS.US,5,20211221,205000,11.2328,11.2328,11.2328,11.2328,199,0
OFS.US,5,20211221,210000,11.0939,11.23,11.09,11.09,1920,0
OFS.US,5,20211221,212000,11.17,11.2249,11.09,11.165,5126,0
OFS.US,5,20211221,212500,11.241,11.241,11.241,11.241,1000,0
OFS.US,5,20211221,213000,11.11,11.11,11.09,11.0902,2600,0
OFS.US,5,20211221,213500,11.2499,11.2499,11.2499,11.2499,500,0
OFS.US,5,20211221,214000,11.14,11.14,11.14,11.14,3537,0
OFS.US,5,20211221,215000,11.1999,11.1999,11.12,11.12,1938,0
OFS.US,5,20211221,215500,11.1,11.15,11,11,4311,0
OFS.US,5,20211222,153000,10.91,10.91,10.7786,10.9,5085,0
OFS.US,5,20211222,153500,10.8835,10.8835,10.8835,10.8835,500,0
OFS.US,5,20211222,154000,10.86,10.8749,10.71,10.795,1140,0
OFS.US,5,20211222,154500,10.805,10.805,10.805,10.805,100,0
OFS.US,5,20211222,155000,10.7182,10.7182,10.7182,10.7182,691,0
OFS.US,5,20211222,155500,10.9,10.95,10.9,10.95,1050,0
OFS.US,5,20211222,160000,10.86,10.86,10.86,10.86,1600,0
OFS.US,5,20211222,160500,10.7405,10.81,10.73,10.81,2200,0
OFS.US,5,20211222,162000,10.825,10.825,10.825,10.825,996,0
OFS.US,5,20211222,163500,10.7502,10.7502,10.7502,10.7502,1170,0
OFS.US,5,20211222,165000,10.8929,10.8929,10.89,10.89,1152,0
OFS.US,5,20211222,170000,10.89,10.89,10.83,10.83,400,0
OFS.US,5,20211222,170500,10.8115,10.8115,10.8,10.8,462,0
OFS.US,5,20211222,171000,10.82,10.8302,10.77,10.8302,1177,0
OFS.US,5,20211222,172000,10.8049,10.83,10.8049,10.83,536,0
OFS.US,5,20211222,173500,10.9,10.9,10.9,10.9,100,0
OFS.US,5,20211222,174500,10.78,10.78,10.78,10.78,101,0
OFS.US,5,20211222,180500,10.7975,10.9,10.7975,10.9,857,0
OFS.US,5,20211222,182000,10.89,10.89,10.89,10.89,100,0
OFS.US,5,20211222,182500,10.7801,10.7801,10.7801,10.7801,1008,0
OFS.US,5,20211222,183000,10.79,10.79,10.78,10.78,1293,0
OFS.US,5,20211222,184000,10.8888,10.8888,10.8449,10.8449,611,0
OFS.US,5,20211222,184500,10.9,10.9,10.8449,10.8999,1000,0
OFS.US,5,20211222,185000,10.85,10.864,10.85,10.864,493,0
OFS.US,5,20211222,185500,10.8988,10.8988,10.8988,10.8988,161,0
OFS.US,5,20211222,190000,10.7857,10.7857,10.7857,10.7857,1925,0
OFS.US,5,20211222,190500,10.8887,10.8887,10.8153,10.8153,2687,0
OFS.US,5,20211222,193500,10.84,10.84,10.84,10.84,200,0
OFS.US,5,20211222,195500,10.8999,10.8999,10.84,10.88,468,0
OFS.US,5,20211222,202000,10.884,10.884,10.884,10.884,100,0
OFS.US,5,20211222,205000,10.8708,10.8799,10.8708,10.8799,500,0
OFS.US,5,20211222,210500,10.8667,10.8667,10.8667,10.8667,100,0
OFS.US,5,20211222,212000,10.7801,10.7801,10.7801,10.7801,500,0
OFS.US,5,20211222,212500,10.83,10.83,10.83,10.83,200,0
OFS.US,5,20211222,213000,10.87,10.879,10.835,10.87,987,0
OFS.US,5,20211222,213500,10.86,10.87,10.86,10.87,200,0
OFS.US,5,20211222,214000,10.8008,10.84,10.8008,10.84,600,0
OFS.US,5,20211222,214500,10.84,10.84,10.84,10.84,100,0
OFS.US,5,20211222,215000,10.83,10.86,10.8,10.8,800,0
OFS.US,5,20211222,215500,10.87,10.88,10.8,10.8,1469,0
OFS.US,5,20211223,153000,10.78,10.97,10.78,10.95,7007,0
OFS.US,5,20211223,153500,10.88,10.88,10.88,10.88,688,0
OFS.US,5,20211223,154000,10.85,10.875,10.85,10.875,500,0
OFS.US,5,20211223,155000,10.7901,10.9128,10.7901,10.9128,3228,0
OFS.US,5,20211223,155500,10.8201,10.96,10.8201,10.95,2600,0
OFS.US,5,20211223,161000,10.8283,10.8283,10.82,10.82,675,0
OFS.US,5,20211223,162000,10.875,10.875,10.875,10.875,100,0
OFS.US,5,20211223,164000,10.86,10.89,10.86,10.89,1000,0
OFS.US,5,20211223,164500,10.87,10.88,10.87,10.87,2436,0
OFS.US,5,20211223,165000,10.86,10.86,10.82,10.82,1110,0
OFS.US,5,20211223,165500,10.83,10.83,10.78,10.795,2280,0
OFS.US,5,20211223,170000,10.79,10.82,10.765,10.77,4700,0
OFS.US,5,20211223,170500,10.78,10.78,10.7001,10.7001,8002,0
OFS.US,5,20211223,171000,10.7839,10.7839,10.7839,10.7839,2000,0
OFS.US,5,20211223,172000,10.8296,10.8296,10.7,10.72,1335,0
OFS.US,5,20211223,173500,10.74,10.74,10.74,10.74,100,0
OFS.US,5,20211223,174000,10.81,10.81,10.81,10.81,100,0
OFS.US,5,20211223,175500,10.78,10.8028,10.73,10.73,1030,0
OFS.US,5,20211223,180000,10.73,10.765,10.72,10.765,2773,0
OFS.US,5,20211223,181000,10.7,10.7,10.7,10.7,200,0
OFS.US,5,20211223,181500,10.7581,10.7581,10.7,10.7,7479,0
OFS.US,5,20211223,182000,10.7,10.7,10.68,10.7,500,0
OFS.US,5,20211223,183000,10.76,10.86,10.75,10.86,2969,0
OFS.US,5,20211223,184500,10.785,10.785,10.785,10.785,1000,0
OFS.US,5,20211223,193500,10.8,10.8,10.8,10.8,100,0
OFS.US,5,20211223,200500,10.8,10.8,10.8,10.8,172,0
OFS.US,5,20211223,201500,10.79,10.8,10.79,10.8,200,0
OFS.US,5,20211223,204500,10.75,10.75,10.75,10.75,100,0
OFS.US,5,20211223,205500,10.795,10.795,10.795,10.795,260,0
OFS.US,5,20211223,210000,10.7411,10.7411,10.7411,10.7411,1000,0
OFS.US,5,20211223,210500,10.7435,10.83,10.74,10.77,2800,0
OFS.US,5,20211223,212500,10.765,10.765,10.765,10.765,100,0
OFS.US,5,20211223,213500,10.765,10.77,10.765,10.77,600,0
OFS.US,5,20211223,214000,10.7401,10.7401,10.7401,10.7401,500,0
OFS.US,5,20211223,214500,10.78,10.78,10.765,10.765,240,0
OFS.US,5,20211223,215000,10.765,10.785,10.74,10.76,3496,0
OFS.US,5,20211223,215500,10.79,10.79,10.73,10.73,1104,0
