<TICKER>,<PER>,<DATE>,<TIME>,<OPEN>,<HIGH>,<LOW>,<CLOSE>,<VOL>,<OPENINT>
BBUS.US,5,20211104,143000,85.27,85.27,85.25,85.25,5252,0
BBUS.US,5,20211104,145500,85.47,85.47,85.47,85.47,200,0
BBUS.US,5,20211104,153500,85.57,85.57,85.57,85.57,175,0
BBUS.US,5,20211104,160500,85.416,85.416,85.416,85.416,176,0
BBUS.US,5,20211104,172500,85.399,85.399,85.399,85.399,100,0
BBUS.US,5,20211104,181500,85.395,85.395,85.395,85.395,100,0
BBUS.US,5,20211104,184500,85.43,85.44,85.43,85.44,1092,0
BBUS.US,5,20211104,185000,85.44,85.44,85.44,85.44,918,0
BBUS.US,5,20211104,185500,85.455,85.455,85.4417,85.4417,1217,0
BBUS.US,5,20211104,191500,85.4167,85.4167,85.4167,85.4167,2417,0
BBUS.US,5,20211104,195500,85.41,85.41,85.41,85.41,400,0
BBUS.US,5,20211104,200500,85.312,85.312,85.312,85.312,200,0
BBUS.US,5,20211104,202500,85.4494,85.4494,85.4227,85.4227,294,0
BBUS.US,5,20211104,204500,85.4252,85.43,85.4252,85.4252,500,0
BBUS.US,5,20211104,205500,85.46,85.52,85.46,85.52,316,0
BBUS.US,5,20211105,143000,85.94,85.94,85.94,85.94,4759,0
BBUS.US,5,20211105,143500,86.08,86.08,86.08,86.08,8600,0
BBUS.US,5,20211105,153000,86.1013,86.1013,86.1013,86.1013,247,0
BBUS.US,5,20211105,154000,86.1269,86.1269,86.1269,86.1269,532,0
BBUS.US,5,20211105,160000,86.1389,86.1389,86.1389,86.1389,659,0
BBUS.US,5,20211105,162000,86.0885,86.0885,86.0885,86.0885,282,0
BBUS.US,5,20211105,172500,85.9893,85.9893,85.9893,85.9893,1290,0
BBUS.US,5,20211105,181500,85.77,85.77,85.77,85.77,144,0
BBUS.US,5,20211105,184000,85.6191,85.6191,85.609,85.609,842,0
BBUS.US,5,20211105,184500,85.605,85.605,85.605,85.605,303,0
BBUS.US,5,20211105,185500,85.73,85.73,85.73,85.73,1400,0
BBUS.US,5,20211105,190000,85.77,85.77,85.77,85.77,2799,0
BBUS.US,5,20211105,192500,85.85,85.85,85.85,85.85,4401,0
BBUS.US,5,20211105,201000,85.82,85.82,85.82,85.82,8170,0
BBUS.US,5,20211105,203000,85.8263,85.8263,85.8263,85.8263,116,0
BBUS.US,5,20211105,204000,85.83,85.83,85.8252,85.8252,400,0
BBUS.US,5,20211105,204500,85.84,85.88,85.84,85.85,1300,0
BBUS.US,5,20211105,205500,85.82,85.82,85.82,85.82,200,0
BBUS.US,5,20211108,153000,86.05,86.05,86.03,86.03,13502,0
BBUS.US,5,20211108,153500,86.14,86.14,86.14,86.14,100,0
BBUS.US,5,20211108,154500,86.048,86.048,86.048,86.048,175,0
BBUS.US,5,20211108,155500,86.01,86.01,86.01,86.01,1046,0
BBUS.US,5,20211108,160500,85.9799,85.9799,85.9799,85.9799,156,0
BBUS.US,5,20211108,161500,86.039,86.039,86.039,86.039,100,0
BBUS.US,5,20211108,163500,86.06,86.06,86.06,86.06,100,0
BBUS.US,5,20211108,165000,85.99,85.99,85.99,85.99,100,0
BBUS.US,5,20211108,170000,85.97,85.97,85.97,85.97,100,0
BBUS.US,5,20211108,173500,85.94,85.94,85.94,85.94,200,0
BBUS.US,5,20211108,180500,85.84,85.84,85.84,85.84,100,0
BBUS.US,5,20211108,182500,85.89,85.89,85.89,85.89,100,0
BBUS.US,5,20211108,183000,85.91,85.91,85.91,85.91,100,0
BBUS.US,5,20211108,183500,85.8423,85.8423,85.8423,85.8423,130,0
BBUS.US,5,20211108,184000,85.87,85.87,85.87,85.87,100,0
BBUS.US,5,20211108,184500,85.9,85.9,85.9,85.9,165,0
BBUS.US,5,20211108,190500,85.9,85.9,85.9,85.9,100,0
BBUS.US,5,20211108,191500,85.91,85.91,85.91,85.91,122,0
BBUS.US,5,20211108,193000,85.925,85.925,85.925,85.925,130,0
BBUS.US,5,20211108,193500,85.895,85.895,85.895,85.895,127,0
BBUS.US,5,20211108,194000,85.92,85.92,85.92,85.92,100,0
BBUS.US,5,20211108,194500,85.939,85.94,85.939,85.94,300,0
BBUS.US,5,20211108,195000,85.9436,85.95,85.9393,85.9393,1745,0
BBUS.US,5,20211108,195500,85.97,85.98,85.97,85.98,1900,0
BBUS.US,5,20211108,201500,85.99,86.02,85.99,86.02,350,0
BBUS.US,5,20211108,202500,85.935,85.935,85.935,85.935,1195,0
BBUS.US,5,20211108,203000,86,86,86,86,200,0
BBUS.US,5,20211108,203500,85.9883,85.9883,85.9883,85.9883,188,0
BBUS.US,5,20211108,204500,86.01,86.01,86.01,86.01,145,0
BBUS.US,5,20211108,210000,86.04,86.04,86.02,86.02,400,0
BBUS.US,5,20211108,213000,85.97,85.97,85.97,85.97,100,0
BBUS.US,5,20211108,214000,85.96,85.96,85.96,85.96,200,0
BBUS.US,5,20211108,214500,85.85,85.85,85.85,85.85,200,0
BBUS.US,5,20211108,215500,85.96,85.96,85.9,85.9,2464,0
BBUS.US,5,20211109,153000,86.01,86.04,85.9944,85.9944,23342,0
BBUS.US,5,20211109,154500,85.9315,85.9315,85.9315,85.9315,123,0
BBUS.US,5,20211109,160000,85.52,85.52,85.51,85.51,3200,0
BBUS.US,5,20211109,161500,85.64,85.66,85.6,85.66,3633,0
BBUS.US,5,20211109,163000,85.74,85.74,85.74,85.74,404,0
BBUS.US,5,20211109,163500,85.71,85.71,85.71,85.71,100,0
BBUS.US,5,20211109,170000,85.7,85.7,85.7,85.7,745,0
BBUS.US,5,20211109,173500,85.58,85.58,85.58,85.58,100,0
BBUS.US,5,20211109,174000,85.5713,85.5713,85.5713,85.5713,145,0
BBUS.US,5,20211109,174500,85.6648,85.6648,85.6648,85.6648,175,0
BBUS.US,5,20211109,175500,85.5195,85.5195,85.5195,85.5195,116,0
BBUS.US,5,20211109,184500,85.58,85.58,85.58,85.58,100,0
BBUS.US,5,20211109,190500,85.5499,85.5499,85.5499,85.5499,125,0
BBUS.US,5,20211109,194500,85.4728,85.4728,85.4693,85.4693,939,0
BBUS.US,5,20211109,195000,85.434,85.434,85.434,85.434,250,0
BBUS.US,5,20211109,200000,85.475,85.475,85.475,85.475,200,0
BBUS.US,5,20211109,200500,85.5,85.5,85.5,85.5,100,0
BBUS.US,5,20211109,202000,85.545,85.575,85.545,85.575,641,0
BBUS.US,5,20211109,205000,85.58,85.58,85.57,85.57,9255,0
BBUS.US,5,20211109,210000,85.61,85.61,85.61,85.61,300,0
BBUS.US,5,20211109,211000,85.57,85.57,85.57,85.57,100,0
BBUS.US,5,20211109,214000,85.58,85.63,85.58,85.63,437,0
BBUS.US,5,20211109,214500,85.66,85.66,85.6196,85.6196,1673,0
BBUS.US,5,20211109,215500,85.64,85.66,85.64,85.66,243,0
BBUS.US,5,20211110,153000,85.35,85.37,85.35,85.37,3596,0
BBUS.US,5,20211110,153500,85.42,85.42,85.34,85.34,300,0
BBUS.US,5,20211110,154000,85.49,85.49,85.49,85.49,300,0
BBUS.US,5,20211110,155000,85.44,85.44,85.44,85.44,2872,0
BBUS.US,5,20211110,155500,85.53,85.55,85.53,85.55,2900,0
BBUS.US,5,20211110,160000,85.6084,85.6084,85.6084,85.6084,185,0
BBUS.US,5,20211110,160500,85.64,85.64,85.64,85.64,107,0
BBUS.US,5,20211110,161500,85.6286,85.6286,85.6286,85.6286,588,0
BBUS.US,5,20211110,163000,85.55,85.55,85.55,85.55,100,0
BBUS.US,5,20211110,180000,85.56,85.56,85.55,85.55,4267,0
BBUS.US,5,20211110,180500,85.52,85.52,85.52,85.52,351,0
BBUS.US,5,20211110,184000,85.34,85.34,85.34,85.34,100,0
BBUS.US,5,20211110,190000,85.39,85.39,85.33,85.34,1100,0
BBUS.US,5,20211110,194500,85.06,85.0643,85.06,85.0643,475,0
BBUS.US,5,20211110,195500,85.0053,85.0053,85,85,501,0
BBUS.US,5,20211110,201000,84.99,84.99,84.99,84.99,400,0
BBUS.US,5,20211110,210500,84.79,84.79,84.79,84.79,1000,0
BBUS.US,5,20211110,211500,84.9177,84.9177,84.9177,84.9177,485,0
BBUS.US,5,20211110,212000,84.94,84.94,84.94,84.94,8489,0
BBUS.US,5,20211110,212500,84.9412,84.9412,84.9412,84.9412,100,0
BBUS.US,5,20211110,213000,84.94,84.94,84.9172,84.92,1200,0
BBUS.US,5,20211110,214000,84.84,84.84,84.84,84.84,900,0
BBUS.US,5,20211110,214500,84.832,84.832,84.832,84.832,150,0
BBUS.US,5,20211110,215500,84.94,84.94,84.94,84.94,144,0
BBUS.US,5,20211111,153000,85.22,85.22,85.16,85.17,20691,0
BBUS.US,5,20211111,153500,85.0566,85.0566,85.0566,85.0566,300,0
BBUS.US,5,20211111,160500,85.127,85.127,85.127,85.127,152,0
BBUS.US,5,20211111,163000,85.01,85.01,85.01,85.01,100,0
BBUS.US,5,20211111,173000,85.05,85.05,85.05,85.05,100,0
BBUS.US,5,20211111,175500,85.09,85.09,85.09,85.09,500,0
BBUS.US,5,20211111,180000,85.09,85.09,85.09,85.09,100,0
BBUS.US,5,20211111,182500,85,85,85,85,200,0
BBUS.US,5,20211111,184000,85.07,85.07,85.07,85.07,800,0
BBUS.US,5,20211111,185500,85.07,85.07,85.07,85.07,200,0
BBUS.US,5,20211111,192500,84.99,84.99,84.99,84.99,100,0
BBUS.US,5,20211111,200500,85.05,85.05,85.05,85.05,100,0
BBUS.US,5,20211111,201000,85.0617,85.1,85.0617,85.09,2202,0
BBUS.US,5,20211111,201500,85.06,85.06,85.0571,85.0599,649,0
BBUS.US,5,20211111,204000,85.12,85.12,85.08,85.08,1051,0
BBUS.US,5,20211111,204500,85.06,85.06,85.06,85.06,100,0
BBUS.US,5,20211111,205000,85.03,85.03,85.03,85.03,100,0
BBUS.US,5,20211111,205500,85.01,85.03,85.01,85.03,200,0
BBUS.US,5,20211111,210000,85,85,85,85,100,0
BBUS.US,5,20211111,210500,85.01,85.01,85.01,85.01,100,0
BBUS.US,5,20211111,211000,84.97,84.97,84.97,84.97,100,0
BBUS.US,5,20211111,211500,84.99,84.99,84.99,84.99,100,0
BBUS.US,5,20211111,212000,84.97,84.97,84.97,84.97,100,0
BBUS.US,5,20211111,212500,84.99,85.03,84.99,85.03,200,0
BBUS.US,5,20211111,213000,84.99,84.99,84.9684,84.9684,400,0
BBUS.US,5,20211111,213500,84.98,84.99,84.98,84.99,300,0
BBUS.US,5,20211111,214000,85.01,85.01,85.01,85.01,100,0
BBUS.US,5,20211111,214500,84.99,84.99,84.99,84.99,300,0
BBUS.US,5,20211111,215000,84.95,84.95,84.95,84.95,200,0
BBUS.US,5,20211111,215500,84.93,84.95,84.92,84.95,2415,0
BBUS.US,5,20211112,153000,85.19,85.19,85.1676,85.1676,1124,0
BBUS.US,5,20211112,154500,85.05,85.05,85.03,85.03,200,0
BBUS.US,5,20211112,155000,85.05,85.05,85.05,85.05,300,0
BBUS.US,5,20211112,155500,85.1068,85.1068,85.1068,85.1068,118,0
BBUS.US,5,20211112,160500,85.05,85.09,85.05,85.09,440,0
BBUS.US,5,20211112,161000,85.08,85.08,85.07,85.07,800,0
BBUS.US,5,20211112,163500,85.02,85.02,85.02,85.02,400,0
BBUS.US,5,20211112,170000,85.28,85.3,85.28,85.3,400,0
BBUS.US,5,20211112,170500,85.32,85.3284,85.29,85.29,4795,0
BBUS.US,5,20211112,172500,85.51,85.52,85.5,85.5,1200,0
BBUS.US,5,20211112,181500,85.56,85.56,85.56,85.56,146,0
BBUS.US,5,20211112,190000,85.44,85.44,85.44,85.44,300,0
BBUS.US,5,20211112,192500,85.47,85.47,85.47,85.47,100,0
BBUS.US,5,20211112,195000,85.48,85.49,85.48,85.49,500,0
BBUS.US,5,20211112,201500,85.52,85.52,85.52,85.52,110,0
BBUS.US,5,20211112,202500,85.46,85.47,85.46,85.47,1800,0
BBUS.US,5,20211112,203000,85.47,85.47,85.465,85.465,1514,0
BBUS.US,5,20211112,203500,85.42,85.42,85.42,85.42,100,0
BBUS.US,5,20211112,214000,85.61,85.61,85.61,85.61,100,0
BBUS.US,5,20211112,214500,85.56,85.575,85.56,85.57,9006,0
BBUS.US,5,20211112,215000,85.56,85.6,85.56,85.59,500,0
BBUS.US,5,20211112,215500,85.61,85.61,85.58,85.58,2446,0
BBUS.US,5,20211115,153000,85.76,85.76,85.76,85.76,100,0
BBUS.US,5,20211115,155000,85.76,85.76,85.76,85.76,100,0
BBUS.US,5,20211115,155500,85.8488,85.8488,85.8488,85.8488,560,0
BBUS.US,5,20211115,160000,85.7329,85.7329,85.7329,85.7329,369,0
BBUS.US,5,20211115,160500,85.7684,85.7684,85.76,85.76,5254,0
BBUS.US,5,20211115,161000,85.71,85.71,85.69,85.69,700,0
BBUS.US,5,20211115,162000,85.71,85.71,85.71,85.71,10156,0
BBUS.US,5,20211115,172500,85.7,85.7,85.7,85.7,150,0
BBUS.US,5,20211115,174500,85.515,85.515,85.515,85.515,100,0
BBUS.US,5,20211115,184500,85.565,85.565,85.565,85.565,200,0
BBUS.US,5,20211115,191500,85.61,85.62,85.61,85.62,1700,0
BBUS.US,5,20211115,192000,85.59,85.595,85.59,85.595,222,0
BBUS.US,5,20211115,194000,85.56,85.56,85.56,85.56,100,0
BBUS.US,5,20211115,195000,85.5899,85.5899,85.5899,85.5899,1755,0
BBUS.US,5,20211115,200000,85.54,85.54,85.54,85.54,316,0
BBUS.US,5,20211115,201500,85.51,85.51,85.5,85.5,1355,0
BBUS.US,5,20211115,202000,85.5,85.5,85.5,85.5,200,0
BBUS.US,5,20211115,202500,85.5191,85.5191,85.5191,85.5191,224,0
BBUS.US,5,20211115,203500,85.55,85.55,85.5465,85.5465,400,0
BBUS.US,5,20211115,205000,85.58,85.58,85.5765,85.5765,350,0
BBUS.US,5,20211115,211500,85.59,85.59,85.59,85.59,300,0
BBUS.US,5,20211115,214000,85.53,85.53,85.53,85.53,400,0
BBUS.US,5,20211115,214500,85.5,85.51,85.49,85.5,1000,0
BBUS.US,5,20211115,215000,85.5,85.52,85.5,85.52,900,0
BBUS.US,5,20211115,215500,85.5,85.63,85.5,85.63,7700,0
BBUS.US,5,20211116,153000,85.61,85.66,85.61,85.66,22449,0
BBUS.US,5,20211116,154500,85.82,85.84,85.82,85.84,200,0
BBUS.US,5,20211116,162000,85.8587,85.8587,85.8587,85.8587,813,0
BBUS.US,5,20211116,164000,85.7872,85.7872,85.7872,85.7872,116,0
BBUS.US,5,20211116,180000,86.045,86.045,86.045,86.045,1161,0
BBUS.US,5,20211116,184000,86.065,86.065,86.065,86.065,591,0
BBUS.US,5,20211116,193500,86.13,86.13,86.13,86.13,349,0
BBUS.US,5,20211116,202500,86.115,86.115,86.115,86.115,101,0
BBUS.US,5,20211116,203500,86.14,86.14,86.11,86.11,845,0
BBUS.US,5,20211116,210000,86.1,86.1,86.1,86.1,100,0
BBUS.US,5,20211116,211000,86.06,86.06,86.06,86.06,160,0
BBUS.US,5,20211116,212000,86.065,86.065,86.065,86.065,152,0
BBUS.US,5,20211116,212500,86.06,86.07,86.0525,86.07,1547,0
BBUS.US,5,20211116,213000,86.07,86.11,86.07,86.11,6456,0
BBUS.US,5,20211116,213500,86.11,86.11,86.1,86.1,400,0
BBUS.US,5,20211116,214000,86.08,86.09,86.08,86.08,851,0
BBUS.US,5,20211116,214500,86.07,86.08,86.005,86.005,5814,0
BBUS.US,5,20211116,215000,86.04,86.04,86.03,86.03,400,0
BBUS.US,5,20211116,215500,85.95,85.96,85.95,85.96,454,0
BBUS.US,5,20211117,153000,85.97,85.97,85.88,85.88,4123,0
BBUS.US,5,20211117,154000,85.88,85.88,85.88,85.88,14600,0
BBUS.US,5,20211117,154500,85.81,85.81,85.81,85.81,291,0
BBUS.US,5,20211117,155000,85.72,85.72,85.72,85.72,100,0
BBUS.US,5,20211117,170000,85.8086,85.8086,85.8086,85.8086,275,0
BBUS.US,5,20211117,171500,85.81,85.81,85.81,85.81,100,0
BBUS.US,5,20211117,172000,85.78,85.78,85.78,85.78,100,0
BBUS.US,5,20211117,182500,85.7119,85.7119,85.7119,85.7119,1000,0
BBUS.US,5,20211117,185500,85.71,85.71,85.71,85.71,500,0
BBUS.US,5,20211117,190000,85.695,85.695,85.695,85.695,115,0
BBUS.US,5,20211117,191000,85.7203,85.7203,85.7203,85.7203,250,0
BBUS.US,5,20211117,191500,85.739,85.739,85.7034,85.7095,975,0
BBUS.US,5,20211117,193000,85.785,85.785,85.785,85.785,1840,0
BBUS.US,5,20211117,194000,85.77,85.7996,85.77,85.7996,584,0
BBUS.US,5,20211117,203500,85.735,85.735,85.735,85.735,500,0
BBUS.US,5,20211117,212500,85.82,85.83,85.81,85.81,700,0
BBUS.US,5,20211117,213500,85.81,85.81,85.81,85.81,483,0
BBUS.US,5,20211117,214000,85.8,85.81,85.8,85.81,400,0
BBUS.US,5,20211117,215000,85.81,85.81,85.81,85.81,200,0
BBUS.US,5,20211117,215500,85.73,85.73,85.73,85.73,113,0
BBUS.US,5,20211118,153000,85.95,85.95,85.95,85.95,4009,0
BBUS.US,5,20211118,153500,85.84,85.87,85.84,85.87,315,0
BBUS.US,5,20211118,154000,85.88,85.91,85.86,85.91,17100,0
BBUS.US,5,20211118,160000,85.787,85.787,85.787,85.787,175,0
BBUS.US,5,20211118,161000,85.7,85.7,85.49,85.49,700,0
BBUS.US,5,20211118,161500,85.5582,85.5582,85.52,85.52,700,0
BBUS.US,5,20211118,162000,85.5086,85.51,85.4828,85.51,883,0
BBUS.US,5,20211118,163500,85.5924,85.5924,85.5924,85.5924,188,0
BBUS.US,5,20211118,180000,85.8979,85.8979,85.8979,85.8979,100,0
BBUS.US,5,20211118,184000,85.99,85.99,85.99,85.99,8132,0
BBUS.US,5,20211118,184500,85.93,85.93,85.93,85.93,300,0
BBUS.US,5,20211118,192000,85.87,85.87,85.87,85.87,100,0
BBUS.US,5,20211118,193000,85.8965,85.8965,85.8965,85.8965,816,0
BBUS.US,5,20211118,193500,85.8962,85.8989,85.883,85.883,850,0
BBUS.US,5,20211118,195000,85.92,85.925,85.89,85.9099,13667,0
BBUS.US,5,20211118,201000,85.91,85.92,85.91,85.92,350,0
BBUS.US,5,20211118,211000,85.98,85.98,85.9792,85.9792,400,0
BBUS.US,5,20211118,212000,85.96,85.97,85.96,85.97,800,0
BBUS.US,5,20211118,212500,85.98,86,85.98,86,700,0
BBUS.US,5,20211118,213000,86,86,85.9541,85.99,2816,0
BBUS.US,5,20211118,213500,85.985,86.01,85.985,85.99,733,0
BBUS.US,5,20211118,214000,85.99,86.01,85.99,86.01,600,0
BBUS.US,5,20211118,214500,86.02,86.02,86.01,86.01,371,0
BBUS.US,5,20211118,215000,86.01,86.01,86.01,86.01,500,0
BBUS.US,5,20211118,215500,85.98,85.98,85.98,85.98,400,0
BBUS.US,5,20211119,153000,85.99,86,85.885,85.885,6356,0
BBUS.US,5,20211119,153500,85.94,85.94,85.94,85.94,9800,0
BBUS.US,5,20211119,154500,86.001,86.001,86.001,86.001,500,0
BBUS.US,5,20211119,155000,85.935,85.935,85.935,85.935,200,0
BBUS.US,5,20211119,160000,86.05,86.05,86.05,86.05,117,0
BBUS.US,5,20211119,160500,85.87,85.87,85.87,85.87,383,0
BBUS.US,5,20211119,191000,86.04,86.04,86.04,86.04,400,0
BBUS.US,5,20211119,192500,85.94,85.94,85.94,85.94,189,0
BBUS.US,5,20211119,194000,85.8074,85.8074,85.8,85.8,1292,0
BBUS.US,5,20211119,195500,85.9089,85.9089,85.88,85.88,333,0
BBUS.US,5,20211119,200000,85.9,85.9,85.9,85.9,926,0
BBUS.US,5,20211119,201000,85.9263,85.9263,85.9263,85.9263,2601,0
BBUS.US,5,20211119,201500,85.9489,85.9489,85.9489,85.9489,260,0
BBUS.US,5,20211119,202500,85.925,85.925,85.92,85.92,400,0
BBUS.US,5,20211119,203500,85.87,85.87,85.87,85.87,246,0
BBUS.US,5,20211119,210000,85.87,85.89,85.87,85.87,400,0
BBUS.US,5,20211119,210500,85.85,85.85,85.85,85.85,100,0
BBUS.US,5,20211119,211000,85.86,85.86,85.86,85.86,100,0
BBUS.US,5,20211119,211500,85.81,85.81,85.81,85.81,400,0
BBUS.US,5,20211119,212500,85.82,85.82,85.82,85.82,1400,0
BBUS.US,5,20211119,214500,85.78,85.78,85.755,85.77,4600,0
BBUS.US,5,20211119,215000,85.74,85.74,85.74,85.74,126,0
BBUS.US,5,20211119,215500,85.79,85.82,85.79,85.81,9154,0
BBUS.US,5,20211122,153000,86.14,86.15,86.14,86.15,9038,0
BBUS.US,5,20211122,163500,86.498,86.498,86.498,86.498,164,0
BBUS.US,5,20211122,165500,86.38,86.38,86.38,86.38,100,0
BBUS.US,5,20211122,172500,86.24,86.24,86.24,86.24,100,0
BBUS.US,5,20211122,175000,86,86,85.95,85.95,200,0
BBUS.US,5,20211122,180500,85.85,85.85,85.85,85.85,100,0
BBUS.US,5,20211122,181000,85.85,85.85,85.85,85.85,110,0
BBUS.US,5,20211122,182500,85.77,85.83,85.77,85.83,3245,0
BBUS.US,5,20211122,191000,85.94,85.94,85.94,85.94,100,0
BBUS.US,5,20211122,194500,85.9905,85.9905,85.9905,85.9905,243,0
BBUS.US,5,20211122,195000,85.9927,86.01,85.975,85.975,3372,0
BBUS.US,5,20211122,200000,85.97,85.97,85.97,85.97,100,0
BBUS.US,5,20211122,200500,86.09,86.09,86.04,86.04,700,0
BBUS.US,5,20211122,201000,86.02,86.02,86.02,86.02,100,0
BBUS.US,5,20211122,201500,86.05,86.05,86.05,86.05,100,0
BBUS.US,5,20211122,202000,86.02,86.02,86.02,86.02,1249,0
BBUS.US,5,20211122,204000,86.105,86.105,86.105,86.105,118,0
BBUS.US,5,20211122,205500,86.18,86.18,86.18,86.18,400,0
BBUS.US,5,20211122,210500,86.235,86.235,86.235,86.235,308,0
BBUS.US,5,20211122,211000,86.2869,86.2869,86.2869,86.2869,323,0
BBUS.US,5,20211122,213500,86.05,86.05,86.0447,86.0447,478,0
BBUS.US,5,20211122,214500,85.92,85.92,85.81,85.81,1500,0
BBUS.US,5,20211122,215000,85.77,85.77,85.63,85.64,4842,0
BBUS.US,5,20211122,215500,85.41,85.42,85.39,85.39,1311,0
BBUS.US,5,20211123,153000,85.32,85.37,85.32,85.37,6274,0
BBUS.US,5,20211123,153500,85.1461,85.1461,85.1461,85.1461,573,0
BBUS.US,5,20211123,154000,85.41,85.42,85.41,85.42,300,0
BBUS.US,5,20211123,161000,85.33,85.34,85.315,85.315,1379,0
BBUS.US,5,20211123,161500,85.32,85.32,85.32,85.32,100,0
BBUS.US,5,20211123,162000,85.2866,85.2866,85.2866,85.2866,100,0
BBUS.US,5,20211123,171000,84.977,84.977,84.977,84.977,200,0
BBUS.US,5,20211123,172000,85.06,85.06,85.06,85.06,190,0
BBUS.US,5,20211123,180000,85.0191,85.0191,85.0191,85.0191,1174,0
BBUS.US,5,20211123,181000,85.0593,85.0593,85.0593,85.0593,200,0
BBUS.US,5,20211123,184000,85.1599,85.1599,85.1599,85.1599,100,0
BBUS.US,5,20211123,184500,85.09,85.09,85.09,85.09,196,0
BBUS.US,5,20211123,192000,84.97,84.97,84.97,84.97,100,0
BBUS.US,5,20211123,195000,85.01,85.12,85.01,85.12,2352,0
BBUS.US,5,20211123,195500,85.1384,85.1384,85.12,85.12,1070,0
BBUS.US,5,20211123,201500,84.96,84.967,84.96,84.967,302,0
BBUS.US,5,20211123,203500,85.1004,85.1004,85.1004,85.1004,105,0
BBUS.US,5,20211123,204500,85.25,85.25,85.25,85.25,300,0
BBUS.US,5,20211123,205500,85.33,85.33,85.3154,85.3154,200,0
BBUS.US,5,20211123,210000,85.3292,85.3292,85.3292,85.3292,241,0
BBUS.US,5,20211123,211000,85.38,85.38,85.38,85.38,906,0
BBUS.US,5,20211123,212000,85.305,85.305,85.305,85.305,1061,0
BBUS.US,5,20211123,213500,85.43,85.43,85.43,85.43,300,0
BBUS.US,5,20211123,214000,85.43,85.43,85.43,85.43,400,0
BBUS.US,5,20211123,215500,85.46,85.5,85.46,85.5,1106,0
BBUS.US,5,20211124,153000,85.08,85.08,84.97,84.97,11815,0
BBUS.US,5,20211124,154000,84.95,84.95,84.95,84.95,300,0
BBUS.US,5,20211124,155000,85.05,85.05,85.05,85.05,1169,0
BBUS.US,5,20211124,160500,85.3,85.31,85.3,85.31,648,0
BBUS.US,5,20211124,162500,85.3,85.3,85.3,85.3,100,0
BBUS.US,5,20211124,165000,85.34,85.34,85.34,85.34,100,0
BBUS.US,5,20211124,165500,85.3774,85.3774,85.36,85.36,218,0
BBUS.US,5,20211124,171500,85.4723,85.4723,85.4723,85.4723,113,0
BBUS.US,5,20211124,173500,85.48,85.5,85.48,85.5,200,0
BBUS.US,5,20211124,180000,85.49,85.49,85.485,85.485,200,0
BBUS.US,5,20211124,181000,85.52,85.52,85.52,85.52,400,0
BBUS.US,5,20211124,182000,85.45,85.45,85.41,85.41,700,0
BBUS.US,5,20211124,184500,85.525,85.525,85.525,85.525,348,0
BBUS.US,5,20211124,185000,85.56,85.56,85.56,85.56,100,0
BBUS.US,5,20211124,190000,85.63,85.63,85.63,85.63,100,0
BBUS.US,5,20211124,192500,85.6598,85.6598,85.63,85.63,895,0
BBUS.US,5,20211124,193500,85.6,85.6,85.6,85.6,410,0
BBUS.US,5,20211124,194500,85.5813,85.6,85.58,85.58,1060,0
BBUS.US,5,20211124,200000,85.6,85.6,85.5374,85.5374,675,0
BBUS.US,5,20211124,200500,85.48,85.48,85.47,85.47,500,0
BBUS.US,5,20211124,201500,85.5488,85.5488,85.5488,85.5488,520,0
BBUS.US,5,20211124,202000,85.51,85.51,85.51,85.51,100,0
BBUS.US,5,20211124,211000,85.68,85.68,85.68,85.68,100,0
BBUS.US,5,20211124,213000,85.7,85.7,85.7,85.7,200,0
BBUS.US,5,20211124,214000,85.68,85.68,85.68,85.68,109,0
BBUS.US,5,20211124,214500,85.68,85.68,85.68,85.68,300,0
BBUS.US,5,20211124,215500,85.73,85.73,85.71,85.71,639,0
BBUS.US,5,20211126,153000,84.48,84.62,84.47,84.59,7540,0
BBUS.US,5,20211126,153500,84.73,84.73,84.5781,84.5781,4165,0
BBUS.US,5,20211126,154000,84.51,84.51,84.43,84.43,800,0
BBUS.US,5,20211126,160000,84.18,84.2379,84.1,84.1,838,0
BBUS.US,5,20211126,160500,84.13,84.13,84.13,84.13,445,0
BBUS.US,5,20211126,161500,84.01,84.01,83.99,83.99,300,0
BBUS.US,5,20211126,162000,84.04,84.07,84.04,84.07,200,0
BBUS.US,5,20211126,162500,84.14,84.2,84.14,84.19,1700,0
BBUS.US,5,20211126,163000,84.14,84.23,84.14,84.23,400,0
BBUS.US,5,20211126,164000,84.27,84.27,84.18,84.18,475,0
BBUS.US,5,20211126,164500,84.15,84.15,84.15,84.15,100,0
BBUS.US,5,20211126,165000,84.08,84.08,84.08,84.08,200,0
BBUS.US,5,20211126,165500,84.04,84.04,84.01,84.01,397,0
BBUS.US,5,20211126,170000,84.08,84.08,84.04,84.04,300,0
BBUS.US,5,20211126,171000,83.95,83.95,83.9,83.9,700,0
BBUS.US,5,20211126,171500,83.87,83.87,83.87,83.87,100,0
BBUS.US,5,20211126,172000,83.74,83.74,83.73,83.74,3231,0
BBUS.US,5,20211126,172500,83.79,83.84,83.79,83.83,18150,0
BBUS.US,5,20211126,173000,83.83,83.87,83.8111,83.83,32581,0
BBUS.US,5,20211126,173500,83.85,83.97,83.85,83.97,300,0
BBUS.US,5,20211126,174000,83.91,83.91,83.91,83.91,861,0
BBUS.US,5,20211126,174500,83.97,83.97,83.97,83.97,100,0
BBUS.US,5,20211126,175000,83.94,83.94,83.88,83.88,500,0
BBUS.US,5,20211126,175500,83.89,83.9,83.89,83.9,300,0
BBUS.US,5,20211126,180000,83.89,83.89,83.89,83.89,2242,0
BBUS.US,5,20211126,180500,83.948,84.0698,83.948,84.0698,789,0
BBUS.US,5,20211126,182500,84.099,84.099,84.099,84.099,108,0
BBUS.US,5,20211126,183000,84.18,84.18,84.18,84.18,100,0
BBUS.US,5,20211126,183500,84.27,84.27,84.27,84.27,625,0
BBUS.US,5,20211126,184000,84.235,84.235,84.235,84.235,100,0
BBUS.US,5,20211126,185000,83.88,83.88,83.79,83.8,5449,0
BBUS.US,5,20211126,185500,83.8,84.07,83.79,83.94,6500,0
BBUS.US,5,20211126,190000,83.93,83.96,83.91,83.91,400,0
BBUS.US,5,20211126,191000,83.84,83.84,83.84,83.84,0,0
BBUS.US,5,20211126,213000,83.84,83.84,83.84,83.84,0,0
BBUS.US,5,20211129,153000,84.78,84.78,84.7152,84.7152,8704,0
BBUS.US,5,20211129,153500,84.65,84.68,84.64,84.68,500,0
BBUS.US,5,20211129,154000,84.66,84.69,84.64,84.68,24284,0
BBUS.US,5,20211129,160500,84.602,84.602,84.602,84.602,400,0
BBUS.US,5,20211129,162500,84.5,84.5,84.5,84.5,100,0
BBUS.US,5,20211129,164000,84.33,84.33,84.33,84.33,100,0
BBUS.US,5,20211129,170000,84.51,84.51,84.4901,84.4901,870,0
BBUS.US,5,20211129,170500,84.51,84.53,84.51,84.53,988,0
BBUS.US,5,20211129,171500,84.62,84.62,84.55,84.55,400,0
BBUS.US,5,20211129,172500,84.61,84.61,84.61,84.61,100,0
BBUS.US,5,20211129,173000,84.64,84.64,84.64,84.64,100,0
BBUS.US,5,20211129,173500,84.7,84.7,84.7,84.7,100,0
BBUS.US,5,20211129,174000,84.77,84.77,84.77,84.77,100,0
BBUS.US,5,20211129,180000,84.82,84.82,84.82,84.82,100,0
BBUS.US,5,20211129,180500,84.93,84.93,84.9231,84.93,800,0
BBUS.US,5,20211129,182500,85.02,85.02,85.02,85.02,100,0
BBUS.US,5,20211129,184500,85.13,85.15,85.13,85.14,1117,0
BBUS.US,5,20211129,185500,85.12,85.12,85.12,85.12,100,0
BBUS.US,5,20211129,190000,85.16,85.16,85.1493,85.1493,534,0
BBUS.US,5,20211129,192500,85.06,85.06,85.06,85.06,100,0
BBUS.US,5,20211129,194000,85.08,85.08,85.0763,85.0763,610,0
BBUS.US,5,20211129,195500,85.13,85.145,85.13,85.145,324,0
BBUS.US,5,20211129,200000,85.1595,85.1595,85.1595,85.1595,100,0
BBUS.US,5,20211129,202000,85.1,85.1,85.1,85.1,100,0
BBUS.US,5,20211129,202500,85.11,85.12,85.11,85.12,2835,0
BBUS.US,5,20211129,204500,85.06,85.06,85.06,85.06,100,0
BBUS.US,5,20211129,205000,85.09,85.1,85.08,85.08,1000,0
BBUS.US,5,20211129,211000,85.07,85.07,85.07,85.07,100,0
BBUS.US,5,20211129,213000,85.04,85.0685,85.04,85.0685,217,0
BBUS.US,5,20211129,213500,85.1092,85.1092,85.1092,85.1092,226,0
BBUS.US,5,20211129,214000,85.04,85.06,85.02,85.06,12499,0
BBUS.US,5,20211129,214500,85.04,85.04,84.99,84.99,4879,0
BBUS.US,5,20211129,215000,84.96,84.99,84.95,84.99,900,0
BBUS.US,5,20211129,215500,84.9789,85.03,84.87,84.87,7329,0
BBUS.US,5,20211130,153000,84.38,84.5,84.3697,84.46,32109,0
BBUS.US,5,20211130,153500,84.3171,84.3171,84.3171,84.3171,400,0
BBUS.US,5,20211130,161000,84.64,84.64,84.64,84.64,200,0
BBUS.US,5,20211130,163000,84.6335,84.6335,84.6335,84.6335,100,0
BBUS.US,5,20211130,170500,83.73,83.74,83.71,83.71,1100,0
BBUS.US,5,20211130,171000,83.66,83.66,83.66,83.66,100,0
BBUS.US,5,20211130,171500,83.8363,83.8363,83.8363,83.8363,120,0
BBUS.US,5,20211130,174000,83.54,83.54,83.54,83.54,240,0
BBUS.US,5,20211130,174500,83.44,83.44,83.44,83.44,200,0
BBUS.US,5,20211130,181000,83.32,83.32,83.32,83.32,200,0
BBUS.US,5,20211130,182500,83.57,83.58,83.5621,83.58,540,0
BBUS.US,5,20211130,183500,83.56,83.56,83.56,83.56,100,0
BBUS.US,5,20211130,184000,83.53,83.53,83.53,83.53,100,0
BBUS.US,5,20211130,192000,83.33,83.33,83.33,83.33,100,0
BBUS.US,5,20211130,193000,83.5,83.55,83.5,83.55,300,0
BBUS.US,5,20211130,194000,83.585,83.585,83.585,83.585,130,0
BBUS.US,5,20211130,194500,83.64,83.64,83.6264,83.63,556,0
BBUS.US,5,20211130,195000,83.6998,83.7,83.6998,83.7,460,0
BBUS.US,5,20211130,195500,83.721,83.75,83.721,83.75,277,0
BBUS.US,5,20211130,200000,83.7486,83.7486,83.7486,83.7486,146,0
BBUS.US,5,20211130,200500,83.71,83.71,83.71,83.71,100,0
BBUS.US,5,20211130,201000,83.8386,83.8386,83.82,83.82,300,0
BBUS.US,5,20211130,210000,83.51,83.51,83.51,83.51,100,0
BBUS.US,5,20211130,213500,83.35,83.35,83.35,83.35,300,0
BBUS.US,5,20211130,214500,83.52,83.52,83.45,83.45,900,0
BBUS.US,5,20211130,215000,83.33,83.33,83.24,83.24,200,0
BBUS.US,5,20211130,215500,83.23,83.37,83.22,83.32,1023,0
BBUS.US,5,20211201,153000,84.27,84.27,84.13,84.13,13758,0
BBUS.US,5,20211201,153500,84.1181,84.1181,84.1181,84.1181,182,0
BBUS.US,5,20211201,160500,84.42,84.42,84.42,84.42,200,0
BBUS.US,5,20211201,161000,84.5082,84.5082,84.5082,84.5082,295,0
BBUS.US,5,20211201,163500,84.38,84.38,84.38,84.38,100,0
BBUS.US,5,20211201,164000,84.27,84.3213,84.18,84.3213,482,0
BBUS.US,5,20211201,164500,84.45,84.48,84.45,84.48,200,0
BBUS.US,5,20211201,165000,84.4719,84.56,84.4719,84.545,1336,0
BBUS.US,5,20211201,170500,84.5894,84.5894,84.5894,84.5894,126,0
BBUS.US,5,20211201,171000,84.64,84.64,84.64,84.64,300,0
BBUS.US,5,20211201,172500,84.74,84.75,84.73,84.73,1600,0
BBUS.US,5,20211201,173000,84.66,84.68,84.6597,84.67,1400,0
BBUS.US,5,20211201,173500,84.65,84.65,84.63,84.63,6900,0
BBUS.US,5,20211201,174000,84.64,84.64,84.64,84.64,100,0
BBUS.US,5,20211201,174500,84.62,84.62,84.56,84.56,1000,0
BBUS.US,5,20211201,175500,84.42,84.42,84.3296,84.39,808,0
BBUS.US,5,20211201,180000,84.46,84.46,84.46,84.46,100,0
BBUS.US,5,20211201,180500,84.47,84.47,84.4292,84.4292,2000,0
BBUS.US,5,20211201,181000,84.43,84.51,84.43,84.49,400,0
BBUS.US,5,20211201,181500,84.57,84.57,84.57,84.57,200,0
BBUS.US,5,20211201,183000,84.3986,84.42,84.3986,84.42,200,0
BBUS.US,5,20211201,184500,84.36,84.36,84.35,84.35,200,0
BBUS.US,5,20211201,185500,84.08,84.08,84.08,84.08,100,0
BBUS.US,5,20211201,190000,84.08,84.08,84.03,84.03,1100,0
BBUS.US,5,20211201,190500,84.01,84.01,84.01,84.01,300,0
BBUS.US,5,20211201,191500,83.83,83.83,83.75,83.75,1100,0
BBUS.US,5,20211201,192000,83.84,83.84,83.83,83.83,200,0
BBUS.US,5,20211201,192500,83.9,83.93,83.9,83.93,200,0
BBUS.US,5,20211201,193000,83.85,83.85,83.85,83.85,100,0
BBUS.US,5,20211201,194000,83.84,83.84,83.75,83.75,200,0
BBUS.US,5,20211201,195000,83.6386,83.6586,83.6,83.6,1949,0
BBUS.US,5,20211201,195500,83.71,83.71,83.71,83.71,1664,0
BBUS.US,5,20211201,200000,83.69,83.69,83.69,83.69,100,0
BBUS.US,5,20211201,200500,83.65,83.65,83.6,83.6,200,0
BBUS.US,5,20211201,201500,83.36,83.36,83.36,83.36,100,0
BBUS.US,5,20211201,202500,83.62,83.62,83.6,83.6,200,0
BBUS.US,5,20211201,203000,83.68,83.685,83.68,83.68,600,0
BBUS.US,5,20211201,203500,83.62,83.62,83.62,83.62,100,0
BBUS.US,5,20211201,204000,83.61,83.61,83.53,83.53,200,0
BBUS.US,5,20211201,205000,83.45,83.45,83.43,83.44,472,0
BBUS.US,5,20211201,210000,83.4,83.41,83.3,83.3,928,0
BBUS.US,5,20211201,211500,83.1,83.1,82.9967,82.9967,420,0
BBUS.US,5,20211201,212000,82.9,82.9,82.71,82.71,1268,0
BBUS.US,5,20211201,212500,82.74,82.74,82.73,82.73,200,0
BBUS.US,5,20211201,213000,82.62,82.62,82.62,82.62,450,0
BBUS.US,5,20211201,213500,82.77,82.77,82.77,82.77,100,0
BBUS.US,5,20211201,214000,82.96,82.97,82.88,82.88,800,0
BBUS.US,5,20211201,214500,82.92,82.92,82.7,82.7,700,0
BBUS.US,5,20211201,215000,82.57,82.57,82.57,82.57,100,0
BBUS.US,5,20211201,215500,82.56,82.56,82.135,82.15,2093,0
BBUS.US,5,20211202,153000,82.14,82.26,82.14,82.24,53304,0
BBUS.US,5,20211202,153500,82.14,82.37,82.14,82.37,400,0
BBUS.US,5,20211202,154000,82.67,82.84,82.67,82.82,1000,0
BBUS.US,5,20211202,154500,82.78,82.98,82.72,82.98,3100,0
BBUS.US,5,20211202,155000,82.97,83.13,82.88,83.13,4200,0
BBUS.US,5,20211202,155500,83.13,83.15,83.06,83.14,4100,0
BBUS.US,5,20211202,160000,83.15,83.22,82.99,83.22,3300,0
BBUS.US,5,20211202,160500,83.23,83.24,83.03,83.05,9100,0
BBUS.US,5,20211202,161000,83.03,83.03,82.86,82.89,11300,0
BBUS.US,5,20211202,161500,82.8,82.8,82.8,82.8,100,0
BBUS.US,5,20211202,164000,82.6085,82.61,82.6085,82.61,500,0
BBUS.US,5,20211202,165500,82.6,82.6,82.6,82.6,100,0
BBUS.US,5,20211202,171000,83.05,83.1075,83.05,83.1075,345,0
BBUS.US,5,20211202,172500,83.24,83.24,83.22,83.22,1300,0
BBUS.US,5,20211202,175000,83.122,83.122,83.122,83.122,200,0
BBUS.US,5,20211202,175500,83.15,83.32,83.15,83.3,850,0
BBUS.US,5,20211202,180500,83.34,83.34,83.34,83.34,100,0
BBUS.US,5,20211202,181000,83.41,83.46,83.41,83.46,1700,0
BBUS.US,5,20211202,182500,83.55,83.55,83.55,83.55,100,0
BBUS.US,5,20211202,184500,83.53,83.53,83.53,83.53,171,0
BBUS.US,5,20211202,190000,83.44,83.45,83.43,83.43,800,0
BBUS.US,5,20211202,190500,83.49,83.5,83.483,83.5,300,0
BBUS.US,5,20211202,191500,83.48,83.48,83.48,83.48,100,0
BBUS.US,5,20211202,192500,83.29,83.29,83.29,83.29,100,0
BBUS.US,5,20211202,195000,83.41,83.41,83.41,83.41,100,0
BBUS.US,5,20211202,195500,83.55,83.55,83.55,83.55,180,0
BBUS.US,5,20211202,200000,83.5707,83.6,83.57,83.591,1330,0
BBUS.US,5,20211202,200500,83.557,83.557,83.557,83.557,118,0
BBUS.US,5,20211202,201000,83.5412,83.55,83.5412,83.55,586,0
BBUS.US,5,20211202,202000,83.54,83.54,83.54,83.54,100,0
BBUS.US,5,20211202,204500,83.54,83.54,83.54,83.54,100,0
BBUS.US,5,20211202,205000,83.44,83.44,83.44,83.44,200,0
BBUS.US,5,20211202,212000,83.41,83.42,83.37,83.42,1068,0
BBUS.US,5,20211202,212500,83.42,83.43,83.4,83.4,3912,0
BBUS.US,5,20211202,214000,83.65,83.65,83.64,83.64,200,0
BBUS.US,5,20211202,214500,83.67,83.67,83.52,83.64,1900,0
BBUS.US,5,20211202,215000,83.37,83.4,83.34,83.35,1100,0
BBUS.US,5,20211202,215500,83.31,83.41,83.31,83.4,2600,0
BBUS.US,5,20211203,153000,83.66,83.66,83.66,83.66,4374,0
BBUS.US,5,20211203,153500,83.5795,83.5795,83.5795,83.5795,1372,0
BBUS.US,5,20211203,154000,83.53,83.53,83.53,83.53,200,0
BBUS.US,5,20211203,155000,83.19,83.19,83.19,83.19,100,0
BBUS.US,5,20211203,155500,82.99,82.99,82.99,82.99,200,0
BBUS.US,5,20211203,160000,82.83,82.83,82.83,82.83,100,0
BBUS.US,5,20211203,161000,82.7,82.81,82.7,82.81,1200,0
BBUS.US,5,20211203,161500,82.7,82.95,82.7,82.95,900,0
BBUS.US,5,20211203,162000,82.84,82.84,82.84,82.84,200,0
BBUS.US,5,20211203,162500,82.91,82.91,82.91,82.91,100,0
BBUS.US,5,20211203,163500,82.77,82.78,82.76,82.78,500,0
BBUS.US,5,20211203,164500,82.4,82.4173,82.4,82.4173,222,0
BBUS.US,5,20211203,165000,82.39,82.3987,82.39,82.3987,628,0
BBUS.US,5,20211203,165500,82.44,82.44,82.44,82.44,100,0
BBUS.US,5,20211203,170000,82.46,82.47,82.42,82.44,1000,0
BBUS.US,5,20211203,170500,82.36,82.36,82.18,82.32,800,0
BBUS.US,5,20211203,171000,82.31,82.38,82.27,82.38,900,0
BBUS.US,5,20211203,171500,82.36,82.36,82.22,82.22,1400,0
BBUS.US,5,20211203,172000,82.19,82.51,82.19,82.49,1300,0
BBUS.US,5,20211203,172500,82.57,82.57,82.53,82.53,925,0
BBUS.US,5,20211203,173000,82.48,82.55,82.48,82.55,500,0
BBUS.US,5,20211203,173500,82.48,82.53,82.47,82.5,756,0
BBUS.US,5,20211203,174000,82.32,82.32,82.26,82.26,400,0
BBUS.US,5,20211203,174500,82.22,82.37,82.22,82.37,500,0
BBUS.US,5,20211203,175000,82.22,82.22,82.2,82.2,200,0
BBUS.US,5,20211203,175500,82.11,82.11,82.05,82.05,300,0
BBUS.US,5,20211203,180000,82.01,82.05,81.978,82.05,500,0
BBUS.US,5,20211203,181000,82.14,82.15,82.12,82.12,500,0
BBUS.US,5,20211203,181500,82.16,82.29,82.16,82.28,300,0
BBUS.US,5,20211203,183000,82.21,82.21,82.21,82.21,100,0
BBUS.US,5,20211203,184000,82.51,82.51,82.51,82.51,100,0
BBUS.US,5,20211203,184500,82.41,82.41,82.34,82.36,832,0
BBUS.US,5,20211203,185000,82.39,82.43,82.32,82.35,1000,0
BBUS.US,5,20211203,185500,82.32,82.32,82.225,82.31,1289,0
BBUS.US,5,20211203,190000,82.24,82.27,82.2,82.24,1120,0
BBUS.US,5,20211203,190500,82.33,82.33,82.33,82.33,100,0
BBUS.US,5,20211203,191000,82.3,82.33,82.3,82.33,1100,0
BBUS.US,5,20211203,191500,82.35,82.4,82.33,82.4,5200,0
BBUS.US,5,20211203,192500,82.46,82.47,82.35,82.35,2900,0
BBUS.US,5,20211203,193000,82.31,82.32,82.31,82.32,1600,0
BBUS.US,5,20211203,193500,82.17,82.17,82.17,82.17,200,0
BBUS.US,5,20211203,194000,82.2,82.2,82.2,82.2,100,0
BBUS.US,5,20211203,194500,82.17,82.17,82.11,82.11,200,0
BBUS.US,5,20211203,195000,82.15,82.15,82.15,82.15,113,0
BBUS.US,5,20211203,195500,82.16,82.16,82.15,82.15,200,0
BBUS.US,5,20211203,200000,82.09,82.16,82,82.16,1900,0
BBUS.US,5,20211203,200500,82.12,82.12,82.085,82.085,830,0
BBUS.US,5,20211203,201000,82.08,82.08,82.08,82.08,100,0
BBUS.US,5,20211203,202000,81.94,82.18,81.89,82.17,500,0
BBUS.US,5,20211203,202500,82.23,82.23,82.23,82.23,100,0
BBUS.US,5,20211203,203000,82.1,82.1,82.1,82.1,100,0
BBUS.US,5,20211203,203500,82.03,82.03,82.02,82.02,200,0
BBUS.US,5,20211203,204000,81.95,82.08,81.95,82.08,500,0
BBUS.US,5,20211203,204500,82.1,82.1,82.1,82.1,100,0
BBUS.US,5,20211203,205000,81.98,81.98,81.94,81.94,22689,0
BBUS.US,5,20211203,210000,81.85,81.85,81.85,81.85,1038,0
BBUS.US,5,20211203,210500,82,82.05,82,82.05,1061,0
BBUS.US,5,20211203,211000,81.895,81.9393,81.895,81.92,650,0
BBUS.US,5,20211203,211500,82.01,82.01,82,82,200,0
BBUS.US,5,20211203,212000,82.1,82.1,82.1,82.1,200,0
BBUS.US,5,20211203,212500,82.19,82.19,82.19,82.19,200,0
BBUS.US,5,20211203,213000,82.3,82.3,82.3,82.3,100,0
BBUS.US,5,20211203,213500,82.238,82.238,82.238,82.238,100,0
BBUS.US,5,20211203,214500,82.06,82.06,82.06,82.06,500,0
BBUS.US,5,20211203,215000,82.16,82.21,82.13,82.21,600,0
BBUS.US,5,20211203,215500,82.41,82.64,82.41,82.57,2224,0
BBUS.US,5,20211206,153000,82.99,83.05,82.89,82.89,15977,0
BBUS.US,5,20211206,153500,82.54,82.54,82.54,82.54,300,0
BBUS.US,5,20211206,163500,83.3589,83.3589,83.3589,83.3589,200,0
BBUS.US,5,20211206,164000,83.3119,83.3119,83.18,83.18,532,0
BBUS.US,5,20211206,164500,83.18,83.195,83.18,83.195,1000,0
BBUS.US,5,20211206,172500,83.3284,83.3284,83.3284,83.3284,386,0
BBUS.US,5,20211206,192500,83.86,83.86,83.86,83.86,300,0
BBUS.US,5,20211206,193500,83.79,83.79,83.7701,83.7701,401,0
BBUS.US,5,20211206,200500,83.7704,83.829,83.7704,83.81,1460,0
BBUS.US,5,20211206,203000,83.7818,83.7818,83.7818,83.7818,261,0
BBUS.US,5,20211206,204500,83.6187,83.6187,83.6187,83.6187,148,0
BBUS.US,5,20211206,205500,83.56,83.56,83.56,83.56,1249,0
BBUS.US,5,20211206,210000,83.55,83.55,83.55,83.55,1417,0
BBUS.US,5,20211206,210500,83.59,83.59,83.59,83.59,14263,0
BBUS.US,5,20211206,212500,83.57,83.57,83.57,83.57,757,0
BBUS.US,5,20211206,215000,83.5,83.61,83.5,83.61,1600,0
BBUS.US,5,20211207,153000,84.63,84.7758,84.63,84.72,22272,0
BBUS.US,5,20211207,153500,84.84,84.84,84.84,84.84,200,0
BBUS.US,5,20211207,154000,84.84,84.84,84.84,84.84,300,0
BBUS.US,5,20211207,155000,85,85,85,85,120,0
BBUS.US,5,20211207,161500,85.27,85.27,85.27,85.27,100,0
BBUS.US,5,20211207,165000,85.4,85.4,85.4,85.4,100,0
BBUS.US,5,20211207,172500,85.31,85.31,85.31,85.31,100,0
BBUS.US,5,20211207,173000,85.31,85.31,85.31,85.31,100,0
BBUS.US,5,20211207,173500,85.35,85.35,85.35,85.35,150,0
BBUS.US,5,20211207,174500,85.32,85.32,85.32,85.32,585,0
BBUS.US,5,20211207,180500,85.32,85.32,85.32,85.32,100,0
BBUS.US,5,20211207,181000,85.34,85.34,85.34,85.34,329,0
BBUS.US,5,20211207,181500,85.31,85.31,85.31,85.31,100,0
BBUS.US,5,20211207,183000,85.3381,85.3381,85.3381,85.3381,200,0
BBUS.US,5,20211207,185000,85.37,85.37,85.37,85.37,1795,0
BBUS.US,5,20211207,191000,85.26,85.26,85.26,85.26,300,0
BBUS.US,5,20211207,194000,85.37,85.37,85.37,85.37,100,0
BBUS.US,5,20211207,195000,85.405,85.405,85.405,85.405,147,0
BBUS.US,5,20211207,200000,85.3524,85.3567,85.349,85.3567,1712,0
BBUS.US,5,20211207,200500,85.3307,85.3471,85.3307,85.3471,201,0
BBUS.US,5,20211207,203000,85.32,85.34,85.32,85.34,288,0
BBUS.US,5,20211207,203500,85.3,85.3,85.3,85.3,100,0
BBUS.US,5,20211207,205000,85.33,85.33,85.33,85.33,202,0
BBUS.US,5,20211207,213000,85.155,85.17,85.1268,85.17,413,0
BBUS.US,5,20211207,213500,85.0825,85.0825,85.0825,85.0825,100,0
BBUS.US,5,20211207,214500,85.11,85.11,85.08,85.08,700,0
BBUS.US,5,20211207,215000,84.99,85.08,84.95,85.08,600,0
BBUS.US,5,20211207,215500,85.21,85.28,85.21,85.26,1876,0
BBUS.US,5,20211208,153000,85.43,85.43,85.34,85.37,12225,0
BBUS.US,5,20211208,161000,85.3191,85.3191,85.3191,85.3191,200,0
BBUS.US,5,20211208,164000,85.21,85.21,85.21,85.21,3955,0
BBUS.US,5,20211208,165500,85.155,85.1991,85.155,85.1991,601,0
BBUS.US,5,20211208,172000,85.2299,85.26,85.2299,85.26,500,0
BBUS.US,5,20211208,180000,85.34,85.34,85.34,85.34,200,0
BBUS.US,5,20211208,180500,85.34,85.34,85.34,85.34,100,0
BBUS.US,5,20211208,183000,85.32,85.34,85.32,85.34,300,0
BBUS.US,5,20211208,192000,85.425,85.44,85.425,85.44,1227,0
BBUS.US,5,20211208,193000,85.44,85.44,85.44,85.44,647,0
BBUS.US,5,20211208,195500,85.47,85.47,85.47,85.47,100,0
BBUS.US,5,20211208,200500,85.46,85.46,85.46,85.46,100,0
BBUS.US,5,20211208,201000,85.465,85.465,85.465,85.465,1309,0
BBUS.US,5,20211208,201500,85.39,85.39,85.39,85.39,100,0
BBUS.US,5,20211208,202000,85.43,85.46,85.43,85.46,9949,0
BBUS.US,5,20211208,202500,85.5,85.5,85.49,85.49,200,0
BBUS.US,5,20211208,203500,85.48,85.5,85.48,85.5,1100,0
BBUS.US,5,20211208,205500,85.55,85.55,85.55,85.55,200,0
BBUS.US,5,20211208,211500,85.55,85.55,85.53,85.53,1200,0
BBUS.US,5,20211208,213500,85.6,85.6,85.6,85.6,100,0
BBUS.US,5,20211208,214500,85.55,85.58,85.55,85.58,400,0
BBUS.US,5,20211208,215000,85.6652,85.69,85.64,85.69,800,0
BBUS.US,5,20211208,215500,85.63,85.65,85.61,85.61,1298,0
BBUS.US,5,20211209,153000,85.39,85.42,85.35,85.42,11211,0
BBUS.US,5,20211209,153500,85.47,85.47,85.47,85.47,100,0
BBUS.US,5,20211209,154500,85.42,85.42,85.42,85.42,111,0
BBUS.US,5,20211209,165500,85.3381,85.3381,85.3381,85.3381,250,0
BBUS.US,5,20211209,172000,85.2704,85.2704,85.2704,85.2704,159,0
BBUS.US,5,20211209,172500,85.38,85.38,85.38,85.38,132,0
BBUS.US,5,20211209,184000,85.38,85.38,85.38,85.38,100,0
BBUS.US,5,20211209,190000,85.39,85.39,85.39,85.39,100,0
BBUS.US,5,20211209,191000,85.3919,85.3919,85.3919,85.3919,124,0
BBUS.US,5,20211209,194000,85.45,85.45,85.43,85.45,400,0
BBUS.US,5,20211209,200000,85.3489,85.35,85.3489,85.35,479,0
BBUS.US,5,20211209,200500,85.3472,85.37,85.34,85.34,1487,0
BBUS.US,5,20211209,201000,85.32,85.32,85.32,85.32,1522,0
BBUS.US,5,20211209,201500,85.32,85.32,85.32,85.32,100,0
BBUS.US,5,20211209,202500,85.36,85.36,85.36,85.36,152,0
BBUS.US,5,20211209,203500,85.25,85.25,85.25,85.25,100,0
BBUS.US,5,20211209,204000,85.25,85.25,85.25,85.25,100,0
BBUS.US,5,20211209,210000,85.23,85.23,85.23,85.23,100,0
BBUS.US,5,20211209,210500,85.13,85.13,85.13,85.13,100,0
BBUS.US,5,20211209,211500,85.03,85.03,85.03,85.03,100,0
BBUS.US,5,20211209,213000,85.11,85.13,85.11,85.13,980,0
BBUS.US,5,20211209,214000,85.15,85.15,85.15,85.15,100,0
BBUS.US,5,20211209,215000,85.11,85.13,85.11,85.13,200,0
BBUS.US,5,20211209,215500,84.96,84.96,84.94,84.94,1177,0
BBUS.US,5,20211210,153000,85.49,85.55,85.48,85.48,7708,0
BBUS.US,5,20211210,153500,85.54,85.54,85.5318,85.5318,608,0
BBUS.US,5,20211210,161500,85.4803,85.4803,85.4803,85.4803,119,0
BBUS.US,5,20211210,163000,85.37,85.37,85.37,85.37,100,0
BBUS.US,5,20211210,170500,85.035,85.0399,85.035,85.0399,311,0
BBUS.US,5,20211210,171000,85.02,85.02,85.02,85.02,100,0
BBUS.US,5,20211210,172000,85.14,85.14,85.14,85.14,400,0
BBUS.US,5,20211210,172500,85.11,85.11,85.11,85.11,200,0
BBUS.US,5,20211210,174000,85.18,85.29,85.18,85.29,300,0
BBUS.US,5,20211210,174500,85.35,85.35,85.35,85.35,200,0
BBUS.US,5,20211210,175500,85.3,85.3,85.3,85.3,100,0
BBUS.US,5,20211210,180500,85.34,85.4,85.34,85.4,4000,0
BBUS.US,5,20211210,181000,85.38,85.38,85.37,85.37,300,0
BBUS.US,5,20211210,181500,85.35,85.35,85.29,85.29,200,0
BBUS.US,5,20211210,182000,85.3,85.3,85.3,85.3,100,0
BBUS.US,5,20211210,183000,85.22,85.22,85.22,85.22,200,0
BBUS.US,5,20211210,185000,85.3199,85.3199,85.3199,85.3199,498,0
BBUS.US,5,20211210,190000,85.43,85.43,85.43,85.43,200,0
BBUS.US,5,20211210,191500,85.45,85.45,85.45,85.45,300,0
BBUS.US,5,20211210,192000,85.42,85.42,85.42,85.42,100,0
BBUS.US,5,20211210,201000,85.42,85.42,85.405,85.42,3479,0
BBUS.US,5,20211210,201500,85.4488,85.45,85.4258,85.435,1941,0
BBUS.US,5,20211210,202000,85.46,85.46,85.46,85.46,100,0
BBUS.US,5,20211210,202500,85.44,85.44,85.44,85.44,100,0
BBUS.US,5,20211210,203000,85.47,85.48,85.4,85.4,5358,0
BBUS.US,5,20211210,204000,85.42,85.42,85.42,85.42,200,0
BBUS.US,5,20211210,204500,85.38,85.39,85.38,85.39,7209,0
BBUS.US,5,20211210,205000,85.35,85.35,85.35,85.35,100,0
BBUS.US,5,20211210,205500,85.32,85.32,85.32,85.32,100,0
BBUS.US,5,20211210,210000,85.31,85.31,85.31,85.31,100,0
BBUS.US,5,20211210,210500,85.31,85.36,85.31,85.36,200,0
BBUS.US,5,20211210,211000,85.37,85.38,85.37,85.38,200,0
BBUS.US,5,20211210,211500,85.39,85.39,85.39,85.39,100,0
BBUS.US,5,20211210,212000,85.44,85.47,85.44,85.47,200,0
BBUS.US,5,20211210,212500,85.44,85.44,85.44,85.44,100,0
BBUS.US,5,20211210,213000,85.51,85.51,85.51,85.51,100,0
BBUS.US,5,20211210,213500,85.53,85.53,85.52,85.52,300,0
BBUS.US,5,20211210,214000,85.53,85.56,85.53,85.54,590,0
BBUS.US,5,20211210,214500,85.55,85.58,85.55,85.57,700,0
BBUS.US,5,20211210,215000,85.63,85.63,85.61,85.61,1200,0
BBUS.US,5,20211210,215500,85.72,85.72,85.68,85.69,1880,0
BBUS.US,5,20211213,153000,85.62,85.65,85.56,85.56,11534,0
BBUS.US,5,20211213,153500,85.49,85.49,85.49,85.49,4000,0
BBUS.US,5,20211213,161500,85.47,85.47,85.47,85.47,100,0
BBUS.US,5,20211213,170500,85.1138,85.1138,85.1138,85.1138,880,0
BBUS.US,5,20211213,171500,85.06,85.0709,85,85,1277,0
BBUS.US,5,20211213,172000,85.04,85.05,85.015,85.04,3060,0
BBUS.US,5,20211213,172500,85.01,85.03,85.01,85.03,800,0
BBUS.US,5,20211213,174000,85.06,85.06,85.06,85.06,500,0
BBUS.US,5,20211213,180000,85.008,85.008,85.008,85.008,266,0
BBUS.US,5,20211213,192000,85.13,85.13,85.09,85.09,200,0
BBUS.US,5,20211213,194000,85.1183,85.1221,85.1127,85.1221,851,0
BBUS.US,5,20211213,194500,85.09,85.09,85.0765,85.08,2300,0
BBUS.US,5,20211213,195000,85.0998,85.0998,85.0998,85.0998,131,0
BBUS.US,5,20211213,200000,85.12,85.13,85.12,85.13,1300,0
BBUS.US,5,20211213,201000,85.18,85.18,85.1747,85.1747,400,0
BBUS.US,5,20211213,203000,85.155,85.155,85.155,85.155,653,0
BBUS.US,5,20211213,205000,85.18,85.18,85.18,85.18,400,0
BBUS.US,5,20211213,212000,85.19,85.19,85.19,85.19,100,0
BBUS.US,5,20211213,212500,85.23,85.23,85.2,85.2,200,0
BBUS.US,5,20211213,213500,85.28,85.3,85.28,85.3,200,0
BBUS.US,5,20211213,214000,85.23,85.3,85.23,85.3,200,0
BBUS.US,5,20211213,214500,85.23,85.27,85.21,85.21,999,0
BBUS.US,5,20211213,215000,85.09,85.1,85.05,85.05,400,0
BBUS.US,5,20211213,215500,84.95,84.95,84.88,84.92,2652,0
BBUS.US,5,20211214,153000,84.26,84.4,84.26,84.35,10311,0
BBUS.US,5,20211214,153500,84.47,84.47,84.47,84.47,200,0
BBUS.US,5,20211214,154500,84.71,84.71,84.71,84.71,370,0
BBUS.US,5,20211214,160000,84.42,84.42,84.42,84.42,117,0
BBUS.US,5,20211214,165500,84,84,84,84,300,0
BBUS.US,5,20211214,173000,84.12,84.12,84.12,84.12,100,0
BBUS.US,5,20211214,173500,84,84,83.9631,83.9631,333,0
BBUS.US,5,20211214,175500,83.88,83.88,83.88,83.88,251,0
BBUS.US,5,20211214,181000,83.9265,83.9265,83.9265,83.9265,512,0
BBUS.US,5,20211214,185500,83.82,83.82,83.82,83.82,200,0
BBUS.US,5,20211214,190000,83.82,83.82,83.82,83.82,272,0
BBUS.US,5,20211214,191000,83.92,83.92,83.92,83.92,100,0
BBUS.US,5,20211214,191500,83.9199,83.9199,83.9199,83.9199,125,0
BBUS.US,5,20211214,193000,83.968,83.968,83.968,83.968,100,0
BBUS.US,5,20211214,195500,83.84,83.84,83.84,83.84,255,0
BBUS.US,5,20211214,200500,83.9381,83.9381,83.9381,83.9381,642,0
BBUS.US,5,20211214,201000,84.08,84.08,84.08,84.08,400,0
BBUS.US,5,20211214,201500,84.0628,84.09,84.052,84.0812,1659,0
BBUS.US,5,20211214,211500,84.2986,84.2986,84.2986,84.2986,142,0
BBUS.US,5,20211214,215000,84.23,84.26,84.225,84.23,1050,0
BBUS.US,5,20211214,215500,84.28,84.31,84.28,84.31,1627,0
BBUS.US,5,20211215,153000,84.32,84.32,84.225,84.24,4086,0
BBUS.US,5,20211215,153500,84.24,84.24,84.24,84.24,5500,0
BBUS.US,5,20211215,160000,83.9,83.96,83.9,83.96,300,0
BBUS.US,5,20211215,160500,84.03,84.03,84.03,84.03,200,0
BBUS.US,5,20211215,161000,84.02,84.04,84.02,84.04,500,0
BBUS.US,5,20211215,161500,83.98,83.98,83.98,83.98,800,0
BBUS.US,5,20211215,163500,84.14,84.14,84.14,84.14,100,0
BBUS.US,5,20211215,165500,84.05,84.05,84.05,84.05,100,0
BBUS.US,5,20211215,170000,84.0501,84.0501,84.0501,84.0501,250,0
BBUS.US,5,20211215,172500,84.0079,84.0079,84.0079,84.0079,250,0
BBUS.US,5,20211215,173000,83.86,83.86,83.86,83.86,200,0
BBUS.US,5,20211215,173500,83.86,83.86,83.86,83.86,700,0
BBUS.US,5,20211215,174000,83.83,83.875,83.82,83.87,2025,0
BBUS.US,5,20211215,175500,83.95,83.95,83.95,83.95,100,0
BBUS.US,5,20211215,180000,83.9799,83.9799,83.9799,83.9799,344,0
BBUS.US,5,20211215,180500,83.9679,83.9679,83.91,83.91,1104,0
BBUS.US,5,20211215,181000,83.91,83.91,83.91,83.91,100,0
BBUS.US,5,20211215,181500,83.87,83.87,83.85,83.85,500,0
BBUS.US,5,20211215,182500,83.88,83.96,83.88,83.96,1500,0
BBUS.US,5,20211215,183500,84.03,84.03,84.03,84.03,100,0
BBUS.US,5,20211215,184500,83.95,84,83.95,84,1100,0
BBUS.US,5,20211215,185500,84.05,84.05,84.05,84.05,100,0
BBUS.US,5,20211215,191000,84.07,84.08,84.05,84.06,1441,0
BBUS.US,5,20211215,191500,84.07,84.07,84.07,84.07,200,0
BBUS.US,5,20211215,193000,84.07,84.105,84.07,84.105,427,0
BBUS.US,5,20211215,193500,84.09,84.09,84.09,84.09,187,0
BBUS.US,5,20211215,194000,84.0609,84.0609,84.0609,84.0609,476,0
BBUS.US,5,20211215,195000,84.0287,84.0499,84.0287,84.0499,732,0
BBUS.US,5,20211215,200000,84.32,84.34,84.3,84.3273,778,0
BBUS.US,5,20211215,200500,84.48,84.55,84.47,84.55,42657,0
BBUS.US,5,20211215,201000,84.58,84.58,84.58,84.58,200,0
BBUS.US,5,20211215,201500,84.63,84.63,84.63,84.63,100,0
BBUS.US,5,20211215,202000,84.6006,84.6006,84.59,84.59,705,0
BBUS.US,5,20211215,203000,84.35,84.44,84.32,84.38,4000,0
BBUS.US,5,20211215,203500,84.34,84.56,84.34,84.56,2440,0
BBUS.US,5,20211215,204000,84.635,84.68,84.49,84.49,2060,0
BBUS.US,5,20211215,204500,84.5,84.62,84.5,84.62,200,0
BBUS.US,5,20211215,205000,84.51,84.51,84.51,84.51,100,0
BBUS.US,5,20211215,205500,84.7,84.71,84.7,84.71,1100,0
BBUS.US,5,20211215,210500,84.81,84.82,84.81,84.81,700,0
BBUS.US,5,20211215,211000,84.9898,85.01,84.9898,85.01,1504,0
BBUS.US,5,20211215,213500,85.5,85.53,85.5,85.53,345,0
BBUS.US,5,20211215,215000,85.3529,85.3529,85.3529,85.3529,765,0
BBUS.US,5,20211215,215500,85.66,85.66,85.63,85.63,861,0
BBUS.US,5,20211216,153000,85.95,85.95,85.89,85.94,11651,0
BBUS.US,5,20211216,154000,85.71,85.77,85.6925,85.77,1058,0
BBUS.US,5,20211216,160500,85.61,85.61,85.61,85.61,200,0
BBUS.US,5,20211216,161000,85.48,85.5,85.48,85.5,300,0
BBUS.US,5,20211216,161500,85.64,85.64,85.56,85.56,600,0
BBUS.US,5,20211216,163000,85.88,85.88,85.88,85.88,100,0
BBUS.US,5,20211216,164000,85.78,85.78,85.72,85.72,700,0
BBUS.US,5,20211216,164500,85.75,85.75,85.75,85.75,100,0
BBUS.US,5,20211216,170000,85.59,85.59,85.59,85.59,418,0
BBUS.US,5,20211216,170500,85.52,85.52,85.46,85.46,676,0
BBUS.US,5,20211216,171000,85.5,85.51,85.5,85.51,200,0
BBUS.US,5,20211216,171500,85.5,85.5799,85.5,85.5799,2600,0
BBUS.US,5,20211216,172000,85.59,85.59,85.55,85.55,200,0
BBUS.US,5,20211216,172500,85.52,85.52,85.52,85.52,100,0
BBUS.US,5,20211216,173000,85.44,85.44,85.44,85.44,100,0
BBUS.US,5,20211216,174500,85.45,85.45,85.45,85.45,100,0
BBUS.US,5,20211216,175000,85.43,85.43,85.43,85.43,100,0
BBUS.US,5,20211216,180000,85.39,85.39,85.39,85.39,400,0
BBUS.US,5,20211216,180500,85.29,85.29,85.29,85.29,300,0
BBUS.US,5,20211216,181500,85.19,85.19,85.19,85.19,100,0
BBUS.US,5,20211216,182000,85.33,85.33,85.33,85.33,613,0
BBUS.US,5,20211216,182500,85.19,85.19,85.19,85.19,100,0
BBUS.US,5,20211216,184500,85.11,85.11,85.11,85.11,300,0
BBUS.US,5,20211216,192000,85.2,85.2,85.2,85.2,100,0
BBUS.US,5,20211216,194000,85.16,85.16,85.1581,85.16,887,0
BBUS.US,5,20211216,194500,85.18,85.18,85.18,85.18,100,0
BBUS.US,5,20211216,195000,85.22,85.22,85.22,85.22,200,0
BBUS.US,5,20211216,200000,85.13,85.1611,85.13,85.1611,581,0
BBUS.US,5,20211216,201500,84.96,84.96,84.9391,84.9391,644,0
BBUS.US,5,20211216,202500,84.81,84.81,84.81,84.81,100,0
BBUS.US,5,20211216,203000,84.87,84.87,84.87,84.87,100,0
BBUS.US,5,20211216,204000,84.9625,84.98,84.908,84.908,544,0
BBUS.US,5,20211216,204500,84.8,84.8,84.65,84.65,547,0
BBUS.US,5,20211216,205500,84.5,84.68,84.5,84.67,7927,0
BBUS.US,5,20211216,210500,84.63,84.63,84.63,84.63,100,0
BBUS.US,5,20211216,211000,84.62,84.62,84.62,84.62,1776,0
BBUS.US,5,20211216,212000,84.79,84.79,84.73,84.73,500,0
BBUS.US,5,20211216,212500,84.78,84.94,84.78,84.94,1300,0
BBUS.US,5,20211216,213000,85,85,84.91,84.99,400,0
BBUS.US,5,20211216,213500,84.98,85.0854,84.98,85.06,867,0
BBUS.US,5,20211216,214000,85.07,85.11,84.898,84.898,1100,0
BBUS.US,5,20211216,214500,84.878,84.89,84.8,84.8,1500,0
BBUS.US,5,20211216,215000,84.92,84.98,84.89,84.92,975,0
BBUS.US,5,20211216,215500,84.85,84.93,84.81,84.81,1271,0
BBUS.US,5,20211217,153000,84.23,84.28,84.21,84.24,5571,0
BBUS.US,5,20211217,160000,83.97,83.97,83.97,83.97,100,0
BBUS.US,5,20211217,162000,83.65,83.65,83.65,83.65,200,0
BBUS.US,5,20211217,162500,83.6788,83.6788,83.6788,83.6788,325,0
BBUS.US,5,20211217,163500,84.235,84.235,84.235,84.235,149,0
BBUS.US,5,20211217,164500,84.3,84.3,84.3,84.3,100,0
BBUS.US,5,20211217,165000,84.5506,84.5506,84.5506,84.5506,100,0
BBUS.US,5,20211217,165500,84.59,84.64,84.58,84.64,805,0
BBUS.US,5,20211217,170500,84.5445,84.5445,84.5445,84.5445,372,0
BBUS.US,5,20211217,171500,84.84,84.84,84.84,84.84,100,0
BBUS.US,5,20211217,172000,84.7432,84.7432,84.7432,84.7432,291,0
BBUS.US,5,20211217,172500,84.7,84.7,84.7,84.7,100,0
BBUS.US,5,20211217,173000,84.65,84.65,84.6,84.6,200,0
BBUS.US,5,20211217,173500,84.43,84.43,84.4,84.4,500,0
BBUS.US,5,20211217,174000,84.19,84.19,84.19,84.19,100,0
BBUS.US,5,20211217,175000,84.14,84.165,84.14,84.165,808,0
BBUS.US,5,20211217,175500,84.15,84.19,84.1,84.18,31210,0
BBUS.US,5,20211217,180000,84.2,84.2,84.1,84.11,400,0
BBUS.US,5,20211217,182500,84.19,84.19,84.19,84.19,100,0
BBUS.US,5,20211217,183000,84.25,84.43,84.25,84.43,900,0
BBUS.US,5,20211217,185000,84.35,84.35,84.35,84.35,100,0
BBUS.US,5,20211217,185500,84.29,84.29,84.29,84.29,400,0
BBUS.US,5,20211217,192500,84.54,84.54,84.54,84.54,200,0
BBUS.US,5,20211217,193000,84.5334,84.5334,84.5334,84.5334,132,0
BBUS.US,5,20211217,193500,84.55,84.55,84.55,84.55,100,0
BBUS.US,5,20211217,194000,84.4613,84.4613,84.435,84.4477,1291,0
BBUS.US,5,20211217,195000,84.5979,84.5979,84.5979,84.5979,195,0
BBUS.US,5,20211217,205000,84.4999,84.4999,84.49,84.49,2098,0
BBUS.US,5,20211217,205500,84.3899,84.3899,84.37,84.37,4268,0
BBUS.US,5,20211217,210000,84.5085,84.5085,84.5085,84.5085,475,0
BBUS.US,5,20211217,210500,84.5,84.5189,84.49,84.5189,5216,0
BBUS.US,5,20211217,211000,84.52,84.52,84.4,84.4,300,0
BBUS.US,5,20211217,211500,84.35,84.36,84.35,84.36,800,0
BBUS.US,5,20211217,212000,84.45,84.49,84.45,84.46,300,0
BBUS.US,5,20211217,212500,84.35,84.35,84.35,84.35,100,0
BBUS.US,5,20211217,213000,84.25,84.25,84.24,84.24,500,0
BBUS.US,5,20211217,213500,84.19,84.24,84.17,84.24,2200,0
BBUS.US,5,20211217,214000,84.26,84.27,84.21,84.21,1300,0
BBUS.US,5,20211217,214500,84.17,84.19,84.06,84.06,5790,0
BBUS.US,5,20211217,215000,84.06,84.12,83.96,84.1,19993,0
BBUS.US,5,20211217,215500,84.08,84.23,84.04,84.09,6869,0
BBUS.US,5,20211220,153000,83.03,83.03,83.03,83.03,6530,0
BBUS.US,5,20211220,161000,82.74,82.76,82.74,82.76,400,0
BBUS.US,5,20211220,161500,82.75,82.91,82.75,82.91,500,0
BBUS.US,5,20211220,162000,82.84,82.84,82.84,82.84,100,0
BBUS.US,5,20211220,162500,82.73,82.77,82.73,82.77,500,0
BBUS.US,5,20211220,163000,82.65,82.65,82.65,82.65,400,0
BBUS.US,5,20211220,164000,82.745,82.745,82.74,82.74,517,0
BBUS.US,5,20211220,165500,82.59,82.6,82.59,82.59,500,0
BBUS.US,5,20211220,170000,82.5772,82.5772,82.5772,82.5772,200,0
BBUS.US,5,20211220,170500,82.48,82.48,82.48,82.48,400,0
BBUS.US,5,20211220,171000,82.5062,82.5062,82.5062,82.5062,125,0
BBUS.US,5,20211220,172000,82.56,82.56,82.56,82.56,400,0
BBUS.US,5,20211220,173000,82.45,82.45,82.45,82.45,122,0
BBUS.US,5,20211220,180500,82.7196,82.7196,82.7196,82.7196,362,0
BBUS.US,5,20211220,181500,82.76,82.76,82.76,82.76,100,0
BBUS.US,5,20211220,183000,82.7,82.7,82.7,82.7,221,0
BBUS.US,5,20211220,183500,82.53,82.55,82.53,82.55,569,0
BBUS.US,5,20211220,190000,82.5,82.5,82.5,82.5,200,0
BBUS.US,5,20211220,190500,82.53,82.53,82.53,82.53,285,0
BBUS.US,5,20211220,193500,82.7,82.74,82.7,82.74,500,0
BBUS.US,5,20211220,194500,82.85,82.85,82.8486,82.8486,871,0
BBUS.US,5,20211220,195500,82.9588,82.9588,82.9588,82.9588,561,0
BBUS.US,5,20211220,201000,82.92,82.92,82.92,82.92,192,0
BBUS.US,5,20211220,201500,83,83,83,83,138,0
BBUS.US,5,20211220,202000,82.98,82.98,82.98,82.98,100,0
BBUS.US,5,20211220,203500,82.7999,82.7999,82.789,82.789,700,0
BBUS.US,5,20211220,204000,82.8,82.8,82.8,82.8,300,0
BBUS.US,5,20211220,205000,82.87,82.87,82.87,82.87,100,0
BBUS.US,5,20211220,205500,82.96,82.98,82.9,82.9,1000,0
BBUS.US,5,20211220,210500,82.9899,82.9899,82.96,82.97,868,0
BBUS.US,5,20211220,211000,82.9796,82.9796,82.9796,82.9796,200,0
BBUS.US,5,20211220,211500,82.9288,83.01,82.9288,83,1553,0
BBUS.US,5,20211220,212000,83.05,83.05,83.05,83.05,200,0
BBUS.US,5,20211220,213000,82.94,82.94,82.94,82.94,300,0
BBUS.US,5,20211220,214000,82.9666,82.9666,82.9666,82.9666,100,0
BBUS.US,5,20211220,214500,82.86,82.99,82.86,82.99,2400,0
BBUS.US,5,20211220,215000,83.08,83.09,83.08,83.09,300,0
BBUS.US,5,20211220,215500,83.11,83.12,83.04,83.04,1147,0
BBUS.US,5,20211221,153000,83.44,83.54,83.44,83.54,9936,0
BBUS.US,5,20211221,154000,83.44,83.49,83.44,83.49,13500,0
BBUS.US,5,20211221,155000,83.305,83.305,83.305,83.305,215,0
BBUS.US,5,20211221,161000,83.335,83.335,83.335,83.335,389,0
BBUS.US,5,20211221,162500,83.25,83.25,83.25,83.25,100,0
BBUS.US,5,20211221,163500,83.12,83.12,83.1082,83.1082,799,0
BBUS.US,5,20211221,164500,83.21,83.21,83.21,83.21,200,0
BBUS.US,5,20211221,174500,83.7804,83.7804,83.7804,83.7804,745,0
BBUS.US,5,20211221,193000,84.1221,84.1221,84.1221,84.1221,200,0
BBUS.US,5,20211221,193500,84.17,84.17,84.17,84.17,132,0
BBUS.US,5,20211221,200000,84.2,84.2,84.2,84.2,200,0
BBUS.US,5,20211221,204000,84.145,84.145,84.12,84.12,1057,0
BBUS.US,5,20211221,205500,84.26,84.29,84.24,84.29,2300,0
BBUS.US,5,20211221,210000,84.31,84.31,84.31,84.31,200,0
BBUS.US,5,20211221,211000,84.245,84.245,84.245,84.245,171,0
BBUS.US,5,20211221,211500,84.2515,84.2515,84.2515,84.2515,320,0
BBUS.US,5,20211221,214500,84.07,84.07,84.07,84.07,400,0
BBUS.US,5,20211221,215000,84.28,84.32,84.28,84.32,200,0
BBUS.US,5,20211221,215500,84.33,84.36,84.33,84.36,314,0
BBUS.US,5,20211222,153000,84.3,84.3,84.3,84.3,4126,0
BBUS.US,5,20211222,153500,84.37,84.4282,84.37,84.4282,6830,0
BBUS.US,5,20211222,163000,84.58,84.58,84.58,84.58,100,0
BBUS.US,5,20211222,164500,84.8,84.8,84.8,84.8,100,0
BBUS.US,5,20211222,165000,84.8452,84.88,84.8452,84.88,944,0
BBUS.US,5,20211222,165500,84.87,84.87,84.87,84.87,100,0
BBUS.US,5,20211222,180000,84.98,84.98,84.98,84.98,130,0
BBUS.US,5,20211222,182500,84.94,84.95,84.94,84.95,200,0
BBUS.US,5,20211222,185000,84.98,84.98,84.98,84.98,100,0
BBUS.US,5,20211222,193500,84.9,84.9,84.9,84.9,100,0
BBUS.US,5,20211222,194000,84.84,84.84,84.84,84.84,100,0
BBUS.US,5,20211222,194500,84.867,84.867,84.848,84.848,1769,0
BBUS.US,5,20211222,195000,84.85,84.85,84.85,84.85,151,0
BBUS.US,5,20211222,200000,84.8103,84.8103,84.8103,84.8103,100,0
BBUS.US,5,20211222,201500,84.84,84.84,84.84,84.84,3501,0
BBUS.US,5,20211222,202500,84.8353,84.8353,84.73,84.73,415,0
BBUS.US,5,20211222,204500,84.8501,84.8501,84.8501,84.8501,118,0
BBUS.US,5,20211222,213500,84.975,84.975,84.975,84.975,132,0
BBUS.US,5,20211222,214500,85.03,85.04,85.03,85.04,400,0
BBUS.US,5,20211222,215000,85.1,85.1,85.09,85.09,1200,0
BBUS.US,5,20211222,215500,85.2,85.2,85.16,85.16,721,0
BBUS.US,5,20211223,153000,85.38,85.48,85.38,85.48,4279,0
BBUS.US,5,20211223,153500,85.56,85.61,85.56,85.59,8569,0
BBUS.US,5,20211223,154000,85.62,85.62,85.62,85.62,100,0
BBUS.US,5,20211223,154500,85.55,85.55,85.55,85.55,202,0
BBUS.US,5,20211223,160500,85.6296,85.6296,85.6296,85.6296,116,0
BBUS.US,5,20211223,163000,85.6728,85.6728,85.64,85.64,566,0
BBUS.US,5,20211223,171000,85.8,85.82,85.8,85.8,500,0
BBUS.US,5,20211223,171500,85.81,85.81,85.81,85.81,220,0
BBUS.US,5,20211223,174500,85.81,85.8251,85.81,85.8251,330,0
BBUS.US,5,20211223,181000,85.81,85.81,85.8096,85.8096,1200,0
BBUS.US,5,20211223,182000,85.78,85.78,85.76,85.76,800,0
BBUS.US,5,20211223,192000,85.759,85.759,85.759,85.759,912,0
BBUS.US,5,20211223,193000,85.84,85.84,85.84,85.84,100,0
BBUS.US,5,20211223,194500,85.83,85.83,85.815,85.8287,513,0
BBUS.US,5,20211223,195500,85.855,85.855,85.855,85.855,161,0
BBUS.US,5,20211223,200500,85.8737,85.8793,85.8737,85.8793,300,0
BBUS.US,5,20211223,201000,85.87,85.88,85.87,85.87,1726,0
BBUS.US,5,20211223,201500,85.8534,85.8534,85.8534,85.8534,1908,0
BBUS.US,5,20211223,202500,85.9,85.9,85.9,85.9,100,0
BBUS.US,5,20211223,204500,85.8801,85.8801,85.8801,85.8801,100,0
BBUS.US,5,20211223,210000,85.905,85.905,85.9,85.9,201,0
BBUS.US,5,20211223,210500,85.851,85.851,85.851,85.851,461,0
BBUS.US,5,20211223,211000,85.8786,85.9,85.8786,85.9,379,0
BBUS.US,5,20211223,213500,85.81,85.81,85.81,85.81,100,0
BBUS.US,5,20211223,214000,85.86,85.86,85.86,85.86,100,0
BBUS.US,5,20211223,215000,85.99,86,85.99,86,204,0
BBUS.US,5,20211223,215500,85.91,85.91,85.74,85.74,2531,0
