<TICKER>,<PER>,<DATE>,<TIME>,<OPEN>,<HIGH>,<LOW>,<CLOSE>,<VOL>,<OPENINT>
FFA.US,5,20211104,143000,21.42,21.42,21.42,21.42,424,0
FFA.US,5,20211104,152500,21.38,21.38,21.33,21.33,400,0
FFA.US,5,20211104,155500,21.4199,21.4199,21.4199,21.4199,293,0
FFA.US,5,20211104,161000,21.46,21.46,21.46,21.46,200,0
FFA.US,5,20211104,164000,21.4,21.4,21.4,21.4,256,0
FFA.US,5,20211104,175500,21.36,21.36,21.3176,21.3176,628,0
FFA.US,5,20211104,184500,21.4,21.4,21.4,21.4,140,0
FFA.US,5,20211104,190000,21.383,21.383,21.383,21.383,1400,0
FFA.US,5,20211104,192000,21.311,21.3822,21.311,21.3822,446,0
FFA.US,5,20211104,192500,21.36,21.36,21.36,21.36,136,0
FFA.US,5,20211104,193000,21.3101,21.3101,21.3101,21.3101,102,0
FFA.US,5,20211104,193500,21.41,21.41,21.41,21.41,400,0
FFA.US,5,20211104,194000,21.3976,21.4,21.3976,21.4,567,0
FFA.US,5,20211104,195000,21.36,21.36,21.322,21.322,200,0
FFA.US,5,20211104,201000,21.3981,21.3981,21.36,21.36,581,0
FFA.US,5,20211104,202000,21.342,21.342,21.342,21.342,300,0
FFA.US,5,20211104,202500,21.34,21.34,21.31,21.31,400,0
FFA.US,5,20211104,203500,21.3,21.31,21.3,21.31,826,0
FFA.US,5,20211104,204500,21.3,21.3,21.3,21.3,100,0
FFA.US,5,20211104,205000,21.3,21.3,21.3,21.3,200,0
FFA.US,5,20211104,205500,21.27,21.27,21.2,21.2,358,0
FFA.US,5,20211105,143000,21.41,21.41,21.41,21.41,120,0
FFA.US,5,20211105,145500,21.33,21.33,21.33,21.33,210,0
FFA.US,5,20211105,150000,21.34,21.34,21.3398,21.34,2265,0
FFA.US,5,20211105,151500,21.3286,21.3286,21.3286,21.3286,246,0
FFA.US,5,20211105,152500,21.34,21.34,21.34,21.34,904,0
FFA.US,5,20211105,154000,21.34,21.34,21.29,21.29,1884,0
FFA.US,5,20211105,154500,21.33,21.34,21.33,21.34,1450,0
FFA.US,5,20211105,155000,21.34,21.34,21.34,21.34,1300,0
FFA.US,5,20211105,161000,21.3339,21.3339,21.3339,21.3339,700,0
FFA.US,5,20211105,165500,21.49,21.49,21.39,21.488,1400,0
FFA.US,5,20211105,170000,21.49,21.49,21.48,21.48,500,0
FFA.US,5,20211105,170500,21.4773,21.4773,21.4773,21.4773,233,0
FFA.US,5,20211105,172500,21.3857,21.3857,21.3857,21.3857,148,0
FFA.US,5,20211105,175000,21.4,21.4,21.4,21.4,300,0
FFA.US,5,20211105,180000,21.4,21.4,21.4,21.4,750,0
FFA.US,5,20211105,193500,21.4646,21.4646,21.4646,21.4646,500,0
FFA.US,5,20211105,205000,21.4,21.4,21.4,21.4,275,0
FFA.US,5,20211108,153000,21.5,21.5,21.5,21.5,1428,0
FFA.US,5,20211108,155000,21.384,21.435,21.37,21.435,1282,0
FFA.US,5,20211108,161500,21.37,21.37,21.37,21.37,174,0
FFA.US,5,20211108,165000,21.32,21.32,21.32,21.32,508,0
FFA.US,5,20211108,170000,21.37,21.38,21.37,21.38,200,0
FFA.US,5,20211108,185000,21.29,21.318,21.29,21.318,200,0
FFA.US,5,20211108,190000,21.47,21.47,21.47,21.47,200,0
FFA.US,5,20211108,190500,21.3301,21.3301,21.3301,21.3301,1410,0
FFA.US,5,20211108,191000,21.48,21.48,21.48,21.48,630,0
FFA.US,5,20211108,192500,21.4,21.4,21.39,21.39,600,0
FFA.US,5,20211108,210000,21.38,21.39,21.38,21.39,830,0
FFA.US,5,20211108,210500,21.39,21.425,21.36,21.425,1935,0
FFA.US,5,20211108,211500,21.48,21.49,21.48,21.49,1600,0
FFA.US,5,20211108,215500,21.42,21.42,21.42,21.42,100,0
FFA.US,5,20211109,153000,21.46,21.46,21.46,21.46,905,0
FFA.US,5,20211109,154500,21.464,21.464,21.464,21.464,108,0
FFA.US,5,20211109,164000,21.4,21.4,21.35,21.35,300,0
FFA.US,5,20211109,170500,21.4509,21.4509,21.34,21.34,1000,0
FFA.US,5,20211109,171000,21.33,21.33,21.33,21.33,100,0
FFA.US,5,20211109,171500,21.33,21.33,21.28,21.28,200,0
FFA.US,5,20211109,172000,21.26,21.26,21.26,21.26,100,0
FFA.US,5,20211109,172500,21.23,21.23,21.23,21.23,100,0
FFA.US,5,20211109,173000,21.4399,21.4399,21.24,21.24,1028,0
FFA.US,5,20211109,173500,21.257,21.257,21.23,21.23,468,0
FFA.US,5,20211109,174000,21.23,21.23,21.23,21.23,100,0
FFA.US,5,20211109,175000,21.42,21.4398,21.42,21.43,2807,0
FFA.US,5,20211109,175500,21.4453,21.4453,21.4453,21.4453,268,0
FFA.US,5,20211109,194500,21.38,21.38,21.3552,21.3552,1300,0
FFA.US,5,20211109,195000,21.33,21.33,21.33,21.33,235,0
FFA.US,5,20211109,200500,21.4285,21.4285,21.4285,21.4285,470,0
FFA.US,5,20211109,204000,21.414,21.414,21.414,21.414,700,0
FFA.US,5,20211109,205500,21.4299,21.4299,21.4299,21.4299,225,0
FFA.US,5,20211109,210500,21.3503,21.3503,21.3503,21.3503,1694,0
FFA.US,5,20211109,211500,21.3485,21.42,21.3485,21.42,203,0
FFA.US,5,20211109,212000,21.4196,21.4196,21.4196,21.4196,172,0
FFA.US,5,20211109,213000,21.4299,21.4299,21.4299,21.4299,691,0
FFA.US,5,20211109,213500,21.3488,21.3488,21.3488,21.3488,337,0
FFA.US,5,20211109,214500,21.3544,21.385,21.3544,21.385,1700,0
FFA.US,5,20211110,154000,21.443,21.443,21.38,21.38,800,0
FFA.US,5,20211110,154500,21.47,21.47,21.47,21.47,100,0
FFA.US,5,20211110,155000,21.36,21.36,21.36,21.36,100,0
FFA.US,5,20211110,163000,21.335,21.335,21.335,21.335,100,0
FFA.US,5,20211110,164500,21.36,21.36,21.36,21.36,100,0
FFA.US,5,20211110,171500,21.32,21.32,21.32,21.32,100,0
FFA.US,5,20211110,173500,21.3599,21.3599,21.3599,21.3599,500,0
FFA.US,5,20211110,174000,21.3415,21.36,21.3415,21.36,453,0
FFA.US,5,20211110,175000,21.46,21.47,21.46,21.4699,600,0
FFA.US,5,20211110,182000,21.443,21.443,21.443,21.443,500,0
FFA.US,5,20211110,183000,21.38,21.44,21.38,21.44,3504,0
FFA.US,5,20211110,184500,21.41,21.41,21.41,21.41,100,0
FFA.US,5,20211110,185500,21.43,21.44,21.41,21.44,500,0
FFA.US,5,20211110,190000,21.4148,21.4148,21.4148,21.4148,267,0
FFA.US,5,20211110,190500,21.415,21.415,21.415,21.415,100,0
FFA.US,5,20211110,194000,21.422,21.422,21.422,21.422,525,0
FFA.US,5,20211110,194500,21.39,21.41,21.38,21.41,1300,0
FFA.US,5,20211110,201000,21.28,21.28,21.28,21.28,100,0
FFA.US,5,20211110,201500,21.25,21.25,21.24,21.24,1552,0
FFA.US,5,20211110,210500,21.31,21.31,21.31,21.31,750,0
FFA.US,5,20211110,215500,21.38,21.38,21.38,21.38,186,0
FFA.US,5,20211111,153000,21.35,21.35,21.27,21.27,1371,0
FFA.US,5,20211111,154000,21.25,21.25,21.25,21.25,100,0
FFA.US,5,20211111,155000,21.23,21.325,21.23,21.325,200,0
FFA.US,5,20211111,160000,21.33,21.33,21.21,21.21,2100,0
FFA.US,5,20211111,160500,21.273,21.273,21.22,21.22,900,0
FFA.US,5,20211111,161500,21.2,21.2,21.2,21.2,100,0
FFA.US,5,20211111,162000,21.21,21.22,21.21,21.2197,475,0
FFA.US,5,20211111,162500,21.205,21.2192,21.205,21.2192,200,0
FFA.US,5,20211111,163000,21.2,21.2,21.2,21.2,100,0
FFA.US,5,20211111,163500,21.2,21.2,21.2,21.2,100,0
FFA.US,5,20211111,164000,21.2,21.2,21.2,21.2,100,0
FFA.US,5,20211111,164500,21.22,21.22,21.22,21.22,200,0
FFA.US,5,20211111,165000,21.23,21.23,21.22,21.22,300,0
FFA.US,5,20211111,165500,21.22,21.22,21.22,21.22,254,0
FFA.US,5,20211111,170000,21.2399,21.27,21.2399,21.27,2362,0
FFA.US,5,20211111,172000,21.23,21.23,21.23,21.23,100,0
FFA.US,5,20211111,172500,21.22,21.22,21.22,21.22,100,0
FFA.US,5,20211111,174500,21.24,21.24,21.22,21.22,500,0
FFA.US,5,20211111,181500,21.21,21.2175,21.21,21.2175,609,0
FFA.US,5,20211111,184000,21.26,21.28,21.26,21.2695,4438,0
FFA.US,5,20211111,184500,21.2438,21.2438,21.2438,21.2438,446,0
FFA.US,5,20211111,185000,21.29,21.29,21.29,21.29,300,0
FFA.US,5,20211111,192500,21.2601,21.2601,21.2601,21.2601,1016,0
FFA.US,5,20211111,193500,21.2502,21.2502,21.2502,21.2502,712,0
FFA.US,5,20211111,201000,21.28,21.3,21.28,21.3,600,0
FFA.US,5,20211111,203000,21.268,21.268,21.268,21.268,225,0
FFA.US,5,20211111,203500,21.335,21.335,21.3,21.335,446,0
FFA.US,5,20211111,205000,21.325,21.325,21.28,21.28,1100,0
FFA.US,5,20211111,205500,21.325,21.325,21.325,21.325,620,0
FFA.US,5,20211111,210000,21.28,21.2814,21.24,21.24,1174,0
FFA.US,5,20211111,212000,21.23,21.23,21.23,21.23,600,0
FFA.US,5,20211111,212500,21.244,21.244,21.244,21.244,100,0
FFA.US,5,20211111,213000,21.25,21.26,21.25,21.26,200,0
FFA.US,5,20211111,215000,21.24,21.24,21.24,21.24,183,0
FFA.US,5,20211111,215500,21.24,21.24,21.24,21.24,233,0
FFA.US,5,20211112,155000,21.2,21.2,21.2,21.2,126,0
FFA.US,5,20211112,155500,21.23,21.23,21.23,21.23,200,0
FFA.US,5,20211112,161500,21.2144,21.2144,21.2144,21.2144,190,0
FFA.US,5,20211112,162500,21.295,21.295,21.295,21.295,200,0
FFA.US,5,20211112,165000,21.1627,21.3,21.1627,21.3,600,0
FFA.US,5,20211112,171000,21.305,21.305,21.305,21.305,200,0
FFA.US,5,20211112,172500,21.4105,21.4105,21.4105,21.4105,250,0
FFA.US,5,20211112,173000,21.33,21.33,21.33,21.33,251,0
FFA.US,5,20211112,174000,21.4082,21.4082,21.4082,21.4082,250,0
FFA.US,5,20211112,185000,21.23,21.23,21.23,21.23,100,0
FFA.US,5,20211112,190500,21.41,21.41,21.41,21.41,500,0
FFA.US,5,20211112,191000,21.2302,21.2302,21.2302,21.2302,3000,0
FFA.US,5,20211112,192500,21.4199,21.4199,21.4199,21.4199,103,0
FFA.US,5,20211112,193000,21.23,21.325,21.23,21.325,500,0
FFA.US,5,20211112,193500,21.3896,21.3896,21.3756,21.3756,1150,0
FFA.US,5,20211112,194500,21.325,21.325,21.325,21.325,300,0
FFA.US,5,20211112,195000,21.2756,21.2756,21.2756,21.2756,166,0
FFA.US,5,20211112,200000,21.24,21.24,21.24,21.24,100,0
FFA.US,5,20211112,201500,21.2301,21.2301,21.2301,21.2301,1414,0
FFA.US,5,20211112,202500,21.22,21.29,21.22,21.29,200,0
FFA.US,5,20211112,203000,21.3,21.3,21.3,21.3,200,0
FFA.US,5,20211112,205500,21.32,21.32,21.32,21.32,100,0
FFA.US,5,20211112,210500,21.33,21.35,21.32,21.3201,1800,0
FFA.US,5,20211112,211500,21.32,21.32,21.32,21.32,500,0
FFA.US,5,20211112,214000,21.3399,21.34,21.3398,21.34,603,0
FFA.US,5,20211112,215000,21.335,21.335,21.335,21.335,231,0
FFA.US,5,20211112,215500,21.335,21.34,21.335,21.34,500,0
FFA.US,5,20211115,153000,21.31,21.342,21.31,21.33,1427,0
FFA.US,5,20211115,153500,21.32,21.32,21.32,21.32,200,0
FFA.US,5,20211115,154000,21.32,21.33,21.32,21.33,800,0
FFA.US,5,20211115,154500,21.32,21.32,21.32,21.32,500,0
FFA.US,5,20211115,155500,21.334,21.334,21.334,21.334,357,0
FFA.US,5,20211115,160000,21.32,21.32,21.32,21.32,100,0
FFA.US,5,20211115,161000,21.32,21.32,21.32,21.32,100,0
FFA.US,5,20211115,162000,21.31,21.31,21.31,21.31,100,0
FFA.US,5,20211115,162500,21.31,21.32,21.3,21.32,2638,0
FFA.US,5,20211115,163000,21.33,21.33,21.33,21.33,282,0
FFA.US,5,20211115,163500,21.3667,21.3667,21.3667,21.3667,275,0
FFA.US,5,20211115,170000,21.38,21.39,21.38,21.3852,1270,0
FFA.US,5,20211115,174000,21.33,21.33,21.33,21.33,100,0
FFA.US,5,20211115,174500,21.33,21.335,21.33,21.335,1200,0
FFA.US,5,20211115,180000,21.34,21.36,21.33,21.33,2975,0
FFA.US,5,20211115,180500,21.33,21.33,21.33,21.33,300,0
FFA.US,5,20211115,183000,21.32,21.35,21.32,21.35,300,0
FFA.US,5,20211115,191000,21.35,21.36,21.35,21.36,600,0
FFA.US,5,20211115,191500,21.37,21.37,21.37,21.37,100,0
FFA.US,5,20211115,193000,21.38,21.39,21.3799,21.39,1000,0
FFA.US,5,20211115,201000,21.363,21.363,21.36,21.36,500,0
FFA.US,5,20211115,204000,21.36,21.36,21.36,21.36,100,0
FFA.US,5,20211115,205000,21.38,21.38,21.37,21.37,235,0
FFA.US,5,20211115,210000,21.37,21.37,21.37,21.37,200,0
FFA.US,5,20211115,211500,21.365,21.365,21.36,21.36,400,0
FFA.US,5,20211115,212000,21.35,21.3535,21.34,21.35,5500,0
FFA.US,5,20211115,212500,21.34,21.34,21.16,21.31,2200,0
FFA.US,5,20211115,213000,21.3099,21.3099,21.3089,21.3089,569,0
FFA.US,5,20211115,214000,21.31,21.31,21.31,21.31,100,0
FFA.US,5,20211115,215500,21.31,21.31,21.3,21.3,603,0
FFA.US,5,20211116,153000,21.28,21.2971,21.28,21.2971,803,0
FFA.US,5,20211116,153500,21.3,21.3,21.2997,21.2997,1496,0
FFA.US,5,20211116,154000,21.3,21.3013,21.2998,21.2998,5000,0
FFA.US,5,20211116,154500,21.31,21.31,21.31,21.31,900,0
FFA.US,5,20211116,161000,21.38,21.4,21.38,21.395,1707,0
FFA.US,5,20211116,161500,21.41,21.41,21.41,21.41,200,0
FFA.US,5,20211116,164500,21.37,21.37,21.37,21.37,100,0
FFA.US,5,20211116,170500,21.424,21.424,21.424,21.424,400,0
FFA.US,5,20211116,172000,21.4099,21.4099,21.4099,21.4099,300,0
FFA.US,5,20211116,173500,21.389,21.389,21.389,21.389,961,0
FFA.US,5,20211116,174000,21.4,21.4,21.4,21.4,100,0
FFA.US,5,20211116,180000,21.4028,21.4028,21.4028,21.4028,1170,0
FFA.US,5,20211116,181500,21.41,21.41,21.41,21.41,100,0
FFA.US,5,20211116,184000,21.395,21.45,21.395,21.45,1281,0
FFA.US,5,20211116,184500,21.415,21.415,21.415,21.415,224,0
FFA.US,5,20211116,185000,21.39,21.39,21.39,21.39,247,0
FFA.US,5,20211116,190500,21.38,21.4,21.38,21.4,200,0
FFA.US,5,20211116,195000,21.4,21.4167,21.39,21.4167,1584,0
FFA.US,5,20211116,200500,21.43,21.43,21.41,21.41,1000,0
FFA.US,5,20211116,201000,21.41,21.44,21.4,21.44,1000,0
FFA.US,5,20211116,203500,21.41,21.41,21.41,21.41,100,0
FFA.US,5,20211116,204000,21.3838,21.3838,21.3838,21.3838,494,0
FFA.US,5,20211116,210500,21.3798,21.38,21.3798,21.38,500,0
FFA.US,5,20211116,212500,21.37,21.37,21.37,21.37,250,0
FFA.US,5,20211116,213500,21.37,21.39,21.37,21.385,439,0
FFA.US,5,20211116,214000,21.39,21.39,21.39,21.39,100,0
FFA.US,5,20211116,215500,21.37,21.38,21.37,21.37,600,0
FFA.US,5,20211117,153000,21.23,21.23,21.23,21.23,2598,0
FFA.US,5,20211117,154000,21.35,21.4357,21.346,21.4357,1000,0
FFA.US,5,20211117,155000,21.2351,21.2351,21.2351,21.2351,100,0
FFA.US,5,20211117,160000,21.3916,21.3916,21.3916,21.3916,200,0
FFA.US,5,20211117,161000,21.32,21.44,21.32,21.44,399,0
FFA.US,5,20211117,164500,21.449,21.449,21.449,21.449,2000,0
FFA.US,5,20211117,165000,21.4498,21.4498,21.4498,21.4498,820,0
FFA.US,5,20211117,165500,21.4462,21.4462,21.4462,21.4462,360,0
FFA.US,5,20211117,171000,21.2903,21.2903,21.2903,21.2903,127,0
FFA.US,5,20211117,183000,21.28,21.28,21.28,21.28,100,0
FFA.US,5,20211117,184500,21.2876,21.2876,21.2876,21.2876,261,0
FFA.US,5,20211117,185000,21.4669,21.4669,21.4669,21.4669,2300,0
FFA.US,5,20211117,185500,21.26,21.26,21.26,21.26,100,0
FFA.US,5,20211117,191000,21.45,21.45,21.45,21.45,147,0
FFA.US,5,20211117,200000,21.4679,21.4679,21.365,21.365,1420,0
FFA.US,5,20211117,201500,21.3923,21.3923,21.2601,21.2601,500,0
FFA.US,5,20211117,203500,21.47,21.47,21.47,21.47,1000,0
FFA.US,5,20211117,210500,21.32,21.32,21.32,21.32,400,0
FFA.US,5,20211117,211000,21.35,21.37,21.35,21.37,750,0
FFA.US,5,20211117,212000,21.3584,21.3584,21.3584,21.3584,4650,0
FFA.US,5,20211117,214500,21.3788,21.3788,21.3788,21.3788,1185,0
FFA.US,5,20211117,215000,21.28,21.28,21.27,21.27,320,0
FFA.US,5,20211117,215500,21.28,21.32,21.28,21.32,317,0
FFA.US,5,20211118,153000,21.27,21.27,21.27,21.27,1660,0
FFA.US,5,20211118,161500,21.26,21.26,21.21,21.21,650,0
FFA.US,5,20211118,162000,21.17,21.17,21.145,21.145,200,0
FFA.US,5,20211118,162500,21.15,21.15,21.12,21.12,573,0
FFA.US,5,20211118,163500,21.13,21.14,21.13,21.14,300,0
FFA.US,5,20211118,164000,21.14,21.14,21.14,21.14,355,0
FFA.US,5,20211118,164500,21.17,21.19,21.17,21.19,300,0
FFA.US,5,20211118,170500,21.19,21.19,21.16,21.16,980,0
FFA.US,5,20211118,171000,21.16,21.16,21.14,21.14,400,0
FFA.US,5,20211118,172000,21.14,21.14,21.13,21.13,200,0
FFA.US,5,20211118,172500,21.12,21.13,21.12,21.13,330,0
FFA.US,5,20211118,173000,21.13,21.13,21.12,21.12,400,0
FFA.US,5,20211118,173500,21.13,21.13,21.13,21.13,400,0
FFA.US,5,20211118,174000,21.13,21.1999,21.13,21.17,3130,0
FFA.US,5,20211118,175000,21.17,21.17,21.17,21.17,500,0
FFA.US,5,20211118,175500,21.1997,21.2,21.1997,21.2,670,0
FFA.US,5,20211118,180000,21.2,21.2,21.18,21.18,200,0
FFA.US,5,20211118,180500,21.2104,21.2199,21.2104,21.2199,456,0
FFA.US,5,20211118,181000,21.24,21.24,21.24,21.24,100,0
FFA.US,5,20211118,185000,21.22,21.22,21.22,21.22,100,0
FFA.US,5,20211118,190000,21.23,21.23,21.2298,21.2298,1147,0
FFA.US,5,20211118,191500,21.22,21.22,21.22,21.22,300,0
FFA.US,5,20211118,200000,21.2397,21.25,21.23,21.23,1300,0
FFA.US,5,20211118,201000,21.25,21.25,21.25,21.25,600,0
FFA.US,5,20211118,201500,21.2496,21.2496,21.2496,21.2496,100,0
FFA.US,5,20211118,205000,21.226,21.226,21.226,21.226,200,0
FFA.US,5,20211118,211000,21.23,21.23,21.23,21.23,100,0
FFA.US,5,20211118,212000,21.22,21.22,21.22,21.22,100,0
FFA.US,5,20211118,213500,21.23,21.2364,21.23,21.235,1976,0
FFA.US,5,20211118,214000,21.25,21.25,21.25,21.25,200,0
FFA.US,5,20211118,215000,21.26,21.27,21.26,21.27,500,0
FFA.US,5,20211118,215500,21.26,21.26,21.25,21.25,917,0
FFA.US,5,20211119,153000,21.2,21.2,21.2,21.2,100,0
FFA.US,5,20211119,154000,21.2088,21.2088,21.2088,21.2088,690,0
FFA.US,5,20211119,155500,21.1615,21.1615,21.1615,21.1615,431,0
FFA.US,5,20211119,160000,21.15,21.15,21.15,21.15,100,0
FFA.US,5,20211119,160500,21.15,21.15,21.15,21.15,100,0
FFA.US,5,20211119,162500,21.13,21.13,21.13,21.13,100,0
FFA.US,5,20211119,165000,21.16,21.18,21.16,21.18,300,0
FFA.US,5,20211119,171000,21.18,21.18,21.18,21.18,100,0
FFA.US,5,20211119,171500,21.2,21.2,21.2,21.2,100,0
FFA.US,5,20211119,172500,21.19,21.19,21.19,21.19,100,0
FFA.US,5,20211119,181500,21.2,21.2,21.2,21.2,300,0
FFA.US,5,20211119,182000,21.21,21.21,21.2097,21.2097,1500,0
FFA.US,5,20211119,183000,21.21,21.4,21.21,21.4,3426,0
FFA.US,5,20211119,183500,21.38,21.38,21.38,21.38,346,0
FFA.US,5,20211119,185500,21.428,21.428,21.4145,21.4145,600,0
FFA.US,5,20211119,190000,21.46,21.46,21.46,21.46,100,0
FFA.US,5,20211119,190500,21.3845,21.3845,21.3845,21.3845,326,0
FFA.US,5,20211119,191500,21.2889,21.2889,21.2889,21.2889,500,0
FFA.US,5,20211119,192500,21.4,21.4,21.4,21.4,100,0
FFA.US,5,20211119,195000,21.2816,21.39,21.2816,21.39,1192,0
FFA.US,5,20211119,200000,21.29,21.29,21.28,21.28,300,0
FFA.US,5,20211119,201500,21.38,21.38,21.38,21.38,100,0
FFA.US,5,20211119,203500,21.39,21.39,21.39,21.39,100,0
FFA.US,5,20211119,205000,21.3345,21.3345,21.3345,21.3345,154,0
FFA.US,5,20211119,210000,21.39,21.39,21.2849,21.2849,589,0
FFA.US,5,20211119,212000,21.39,21.39,21.39,21.39,100,0
FFA.US,5,20211119,214000,21.3,21.3,21.25,21.25,2300,0
FFA.US,5,20211119,215500,21.1609,21.18,21.16,21.16,549,0
FFA.US,5,20211122,153000,21.24,21.24,21.24,21.24,1084,0
FFA.US,5,20211122,160000,21.22,21.22,21.22,21.22,200,0
FFA.US,5,20211122,160500,21.215,21.3852,21.215,21.31,1751,0
FFA.US,5,20211122,161000,21.33,21.33,21.33,21.33,400,0
FFA.US,5,20211122,163500,21.32,21.32,21.3002,21.3002,1051,0
FFA.US,5,20211122,164000,21.31,21.31,21.3,21.3001,500,0
FFA.US,5,20211122,170000,21.2809,21.2809,21.2809,21.2809,211,0
FFA.US,5,20211122,170500,21.2809,21.2809,21.2809,21.2809,243,0
FFA.US,5,20211122,173000,21.3376,21.3376,21.3376,21.3376,859,0
FFA.US,5,20211122,175000,21.29,21.29,21.29,21.29,100,0
FFA.US,5,20211122,175500,21.25,21.25,21.15,21.15,2257,0
FFA.US,5,20211122,180000,21.16,21.16,21.16,21.16,105,0
FFA.US,5,20211122,183000,21.15,21.2,21.15,21.2,400,0
FFA.US,5,20211122,185500,21.19,21.19,21.19,21.19,300,0
FFA.US,5,20211122,192000,21.18,21.18,21.18,21.18,200,0
FFA.US,5,20211122,194000,21.22,21.23,21.22,21.23,500,0
FFA.US,5,20211122,195500,21.2483,21.2483,21.2483,21.2483,460,0
FFA.US,5,20211122,200000,21.25,21.25,21.25,21.25,100,0
FFA.US,5,20211122,203500,21.26,21.26,21.26,21.26,100,0
FFA.US,5,20211122,205000,21.27,21.29,21.27,21.29,600,0
FFA.US,5,20211122,210000,21.29,21.43,21.2899,21.29,1100,0
FFA.US,5,20211122,212000,21.29,21.29,21.26,21.26,200,0
FFA.US,5,20211122,213000,21.26,21.26,21.25,21.25,398,0
FFA.US,5,20211122,213500,21.25,21.25,21.25,21.25,100,0
FFA.US,5,20211122,215500,21.31,21.31,21.25,21.25,421,0
FFA.US,5,20211123,153000,21.13,21.16,21.11,21.11,1532,0
FFA.US,5,20211123,153500,21.11,21.13,21.11,21.12,900,0
FFA.US,5,20211123,154000,21.13,21.13,21.12,21.12,500,0
FFA.US,5,20211123,154500,21.12,21.12,21.12,21.12,400,0
FFA.US,5,20211123,155000,21.12,21.12,21.12,21.12,400,0
FFA.US,5,20211123,155500,21.12,21.13,21.12,21.12,600,0
FFA.US,5,20211123,160000,21.12,21.12,21.1,21.1,500,0
FFA.US,5,20211123,160500,21.1,21.1,21.1,21.1,1151,0
FFA.US,5,20211123,161000,21.07,21.11,21.07,21.11,500,0
FFA.US,5,20211123,161500,21.06,21.06,21.06,21.06,100,0
FFA.US,5,20211123,162000,21.05,21.05,21.04,21.04,200,0
FFA.US,5,20211123,162500,21.03,21.03,21.02,21.02,200,0
FFA.US,5,20211123,163000,21.01,21.01,21.01,21.01,300,0
FFA.US,5,20211123,163500,21.0499,21.05,21,21,1300,0
FFA.US,5,20211123,164000,20.99,20.99,20.95,20.95,900,0
FFA.US,5,20211123,164500,20.95,20.95,20.94,20.94,400,0
FFA.US,5,20211123,165000,20.94,20.9677,20.92,20.93,3954,0
FFA.US,5,20211123,165500,20.92,20.9664,20.92,20.93,1200,0
FFA.US,5,20211123,170000,20.92,20.95,20.92,20.95,672,0
FFA.US,5,20211123,170500,20.95,20.9699,20.95,20.9699,3300,0
FFA.US,5,20211123,171000,21.0099,21.03,21.009,21.0295,2600,0
FFA.US,5,20211123,171500,21.04,21.05,21.0399,21.0399,1985,0
FFA.US,5,20211123,172000,21.05,21.05,21.0482,21.0482,200,0
FFA.US,5,20211123,172500,21.045,21.08,21.03,21.0787,1575,0
FFA.US,5,20211123,192000,21.09,21.17,21.09,21.09,1218,0
FFA.US,5,20211123,193000,21.08,21.08,21.08,21.08,1100,0
FFA.US,5,20211123,194500,21.04,21.04,21.04,21.04,100,0
FFA.US,5,20211123,195000,21.038,21.038,21.038,21.038,600,0
FFA.US,5,20211123,195500,21.06,21.06,21.06,21.06,100,0
FFA.US,5,20211123,200500,21.06,21.06,21.06,21.06,100,0
FFA.US,5,20211123,202000,21.055,21.055,21.04,21.0401,1584,0
FFA.US,5,20211123,213500,21.09,21.09,21.09,21.09,200,0
FFA.US,5,20211123,214000,21.11,21.11,21.11,21.11,300,0
FFA.US,5,20211123,215000,21.1199,21.1199,21.1199,21.1199,2000,0
FFA.US,5,20211123,215500,21.12,21.15,21.12,21.14,1100,0
FFA.US,5,20211124,153000,21.08,21.25,20.97,20.97,1968,0
FFA.US,5,20211124,153500,20.98,21.04,20.98,21.04,700,0
FFA.US,5,20211124,154000,21.15,21.15,21.02,21.02,757,0
FFA.US,5,20211124,154500,21.05,21.05,21.02,21.02,700,0
FFA.US,5,20211124,155000,21.02,21.02,21.02,21.02,400,0
FFA.US,5,20211124,155500,21.02,21.02,21.02,21.02,600,0
FFA.US,5,20211124,160000,21.02,21.02,21.02,21.02,600,0
FFA.US,5,20211124,160500,21.02,21.02,21.02,21.02,600,0
FFA.US,5,20211124,161000,21.02,21.02,21,21,500,0
FFA.US,5,20211124,161500,20.99,20.99,20.98,20.98,500,0
FFA.US,5,20211124,162000,20.98,21,20.97,20.97,818,0
FFA.US,5,20211124,162500,20.97,20.98,20.97,20.98,600,0
FFA.US,5,20211124,163000,20.98,20.98,20.97,20.97,500,0
FFA.US,5,20211124,163500,20.96,21.01,20.96,21.01,3000,0
FFA.US,5,20211124,165000,21.01,21.01,21.01,21.01,127,0
FFA.US,5,20211124,170000,21.05,21.05,21.05,21.05,100,0
FFA.US,5,20211124,172000,21.0799,21.1,21.0799,21.1,3000,0
FFA.US,5,20211124,173000,21.11,21.11,21.095,21.095,200,0
FFA.US,5,20211124,174500,21.11,21.11,21.11,21.11,730,0
FFA.US,5,20211124,182000,21.1,21.1,21.1,21.1,100,0
FFA.US,5,20211124,182500,21.08,21.09,21.06,21.0602,2850,0
FFA.US,5,20211124,184500,21.0911,21.0911,21.0911,21.0911,366,0
FFA.US,5,20211124,185000,21.11,21.11,21.1092,21.1092,200,0
FFA.US,5,20211124,190500,21.14,21.14,21.1392,21.1392,200,0
FFA.US,5,20211124,195500,21.145,21.145,21.14,21.14,1031,0
FFA.US,5,20211124,200500,21.14,21.14,21.14,21.14,200,0
FFA.US,5,20211124,201000,21.14,21.14,21.14,21.14,600,0
FFA.US,5,20211124,201500,21.145,21.145,21.14,21.1401,1031,0
FFA.US,5,20211124,204500,21.145,21.145,21.13,21.13,1445,0
FFA.US,5,20211124,211000,21.14,21.14,21.1399,21.1399,1400,0
FFA.US,5,20211124,212000,21.15,21.15,21.15,21.15,326,0
FFA.US,5,20211124,215500,21.1699,21.1699,21.1699,21.1699,1500,0
FFA.US,5,20211126,153000,20.88,20.88,18.79,20.83,2058,0
FFA.US,5,20211126,153500,20.84,20.84,20.69,20.69,1200,0
FFA.US,5,20211126,154000,20.69,20.69,20.6,20.6,600,0
FFA.US,5,20211126,154500,20.58,20.9,20.43,20.67,2110,0
FFA.US,5,20211126,155000,20.57,20.57,20.44,20.52,1900,0
FFA.US,5,20211126,155500,20.51,20.51,20.51,20.51,500,0
FFA.US,5,20211126,160000,20.51,20.53,20.47,20.47,900,0
FFA.US,5,20211126,160500,20.49,20.5264,20.45,20.48,1000,0
FFA.US,5,20211126,161000,20.47,20.47,20.41,20.41,945,0
FFA.US,5,20211126,161500,20.42,20.42,20.4,20.41,500,0
FFA.US,5,20211126,162000,20.41,20.43,20.41,20.43,700,0
FFA.US,5,20211126,162500,20.42,20.45,20.42,20.45,300,0
FFA.US,5,20211126,163500,20.5,20.5,20.46,20.46,900,0
FFA.US,5,20211126,164500,20.5,20.54,20.5,20.5399,1500,0
FFA.US,5,20211126,171000,20.53,20.53,20.53,20.53,100,0
FFA.US,5,20211126,172500,20.49,20.49,20.4898,20.4898,485,0
FFA.US,5,20211126,173500,20.52,20.53,20.505,20.53,1100,0
FFA.US,5,20211126,174000,20.52,20.52,20.52,20.52,200,0
FFA.US,5,20211126,175500,20.53,20.53,20.53,20.53,100,0
FFA.US,5,20211126,181000,20.53,20.53,20.53,20.53,100,0
FFA.US,5,20211126,181500,20.59,20.59,20.59,20.59,100,0
FFA.US,5,20211126,182500,20.62,20.62,20.6199,20.6199,200,0
FFA.US,5,20211126,183000,20.76,20.7722,20.6396,20.7722,913,0
FFA.US,5,20211126,183500,20.69,20.78,20.69,20.7795,500,0
FFA.US,5,20211126,184000,20.69,20.69,20.69,20.69,200,0
FFA.US,5,20211126,185000,20.7,20.7,20.7,20.7,200,0
FFA.US,5,20211126,185500,20.745,20.745,20.745,20.745,100,0
FFA.US,5,20211129,153000,20.72,20.77,20.67,20.77,11974,0
FFA.US,5,20211129,153500,20.77,20.8095,20.77,20.77,3000,0
FFA.US,5,20211129,154000,20.74,20.74,20.74,20.74,500,0
FFA.US,5,20211129,154500,20.74,20.74,20.72,20.72,1780,0
FFA.US,5,20211129,155000,20.72,20.72,20.72,20.72,100,0
FFA.US,5,20211129,155500,20.72,20.72,20.72,20.72,400,0
FFA.US,5,20211129,160000,20.72,20.73,20.72,20.73,400,0
FFA.US,5,20211129,160500,20.72,20.72,20.72,20.72,300,0
FFA.US,5,20211129,161000,20.72,20.72,20.72,20.72,300,0
FFA.US,5,20211129,161500,20.72,20.72,20.72,20.72,400,0
FFA.US,5,20211129,162000,20.72,20.72,20.72,20.72,300,0
FFA.US,5,20211129,162500,20.72,20.72,20.71,20.71,300,0
FFA.US,5,20211129,163000,20.69,20.69,20.68,20.68,200,0
FFA.US,5,20211129,163500,20.61,20.61,20.6,20.6,200,0
FFA.US,5,20211129,164000,20.57,20.58,20.57,20.58,200,0
FFA.US,5,20211129,164500,20.58,20.64,20.58,20.64,300,0
FFA.US,5,20211129,165000,20.64,20.64,20.64,20.64,300,0
FFA.US,5,20211129,165500,20.64,20.64,20.64,20.64,300,0
FFA.US,5,20211129,170000,20.64,20.7489,20.64,20.7027,602,0
FFA.US,5,20211129,170500,20.705,20.705,20.705,20.705,625,0
FFA.US,5,20211129,171500,20.705,20.76,20.705,20.76,300,0
FFA.US,5,20211129,175000,20.6519,20.6519,20.6519,20.6519,1360,0
FFA.US,5,20211129,175500,20.7454,20.7454,20.7454,20.7454,400,0
FFA.US,5,20211129,180000,20.7147,20.7147,20.71,20.71,837,0
FFA.US,5,20211129,180500,20.74,20.74,20.74,20.74,100,0
FFA.US,5,20211129,181000,20.7649,20.77,20.7649,20.7698,1681,0
FFA.US,5,20211129,183000,20.84,20.84,20.8399,20.8399,772,0
FFA.US,5,20211129,183500,20.8096,20.8096,20.8096,20.8096,725,0
FFA.US,5,20211129,185000,20.84,20.87,20.8068,20.86,1500,0
FFA.US,5,20211129,191000,20.8699,20.8699,20.8699,20.8699,515,0
FFA.US,5,20211129,193000,20.8699,20.8699,20.7823,20.7823,671,0
FFA.US,5,20211129,201500,20.82,20.82,20.82,20.82,321,0
FFA.US,5,20211129,204500,20.82,20.82,20.82,20.82,300,0
FFA.US,5,20211129,210000,20.81,20.81,20.81,20.81,100,0
FFA.US,5,20211129,211500,20.9,20.91,20.89,20.89,1639,0
FFA.US,5,20211129,212000,20.85,20.85,20.84,20.84,515,0
FFA.US,5,20211129,215500,20.88,20.88,20.88,20.88,262,0
FFA.US,5,20211130,153000,20.69,20.77,20.55,20.76,2638,0
FFA.US,5,20211130,153500,20.59,20.68,20.59,20.62,700,0
FFA.US,5,20211130,154000,20.64,20.72,20.64,20.71,2088,0
FFA.US,5,20211130,154500,20.71,20.71,20.7,20.7,946,0
FFA.US,5,20211130,155000,20.7,20.7,20.7,20.7,800,0
FFA.US,5,20211130,155500,20.7,20.75,20.695,20.7492,1300,0
FFA.US,5,20211130,160000,20.75,20.75,20.75,20.75,300,0
FFA.US,5,20211130,160500,20.75,20.75,20.75,20.75,700,0
FFA.US,5,20211130,161000,20.79,20.82,20.79,20.82,4558,0
FFA.US,5,20211130,161500,20.8,20.8004,20.76,20.76,700,0
FFA.US,5,20211130,162000,20.76,20.76,20.75,20.75,2507,0
FFA.US,5,20211130,162500,20.75,20.75,20.72,20.72,200,0
FFA.US,5,20211130,163000,20.74,20.79,20.74,20.79,200,0
FFA.US,5,20211130,163500,20.79,20.79,20.79,20.79,600,0
FFA.US,5,20211130,164000,20.805,20.805,20.805,20.805,100,0
FFA.US,5,20211130,164500,20.79,20.79,20.79,20.79,1150,0
FFA.US,5,20211130,165000,20.79,20.79,20.66,20.66,300,0
FFA.US,5,20211130,165500,20.59,20.61,20.58,20.58,640,0
FFA.US,5,20211130,170000,20.58,20.58,20.58,20.58,400,0
FFA.US,5,20211130,170500,20.6199,20.6199,20.6199,20.6199,2500,0
FFA.US,5,20211130,172000,20.6,20.6,20.6,20.6,207,0
FFA.US,5,20211130,172500,20.59,20.59,20.59,20.59,500,0
FFA.US,5,20211130,173000,20.59,20.59,20.59,20.59,500,0
FFA.US,5,20211130,173500,20.59,20.59,20.59,20.59,600,0
FFA.US,5,20211130,174000,20.59,20.59,20.59,20.59,1000,0
FFA.US,5,20211130,174500,20.59,20.59,20.54,20.54,2207,0
FFA.US,5,20211130,175000,20.54,20.54,20.53,20.53,600,0
FFA.US,5,20211130,180000,20.52,20.5258,20.52,20.5258,1144,0
FFA.US,5,20211130,180500,20.5276,20.5276,20.5276,20.5276,315,0
FFA.US,5,20211130,181500,20.52,20.52,20.52,20.52,200,0
FFA.US,5,20211130,191000,20.52,20.52,20.52,20.52,384,0
FFA.US,5,20211130,192500,20.5424,20.5424,20.5424,20.5424,1940,0
FFA.US,5,20211130,193500,20.59,20.72,20.5899,20.65,2500,0
FFA.US,5,20211130,194000,20.749,20.749,20.749,20.749,100,0
FFA.US,5,20211130,195500,20.5713,20.5713,20.5713,20.5713,175,0
FFA.US,5,20211130,201000,20.67,20.67,20.59,20.59,340,0
FFA.US,5,20211130,202500,20.74,20.77,20.74,20.7598,2147,0
FFA.US,5,20211130,204000,20.78,20.78,20.75,20.75,600,0
FFA.US,5,20211130,210000,20.75,20.75,20.75,20.75,200,0
FFA.US,5,20211130,211000,20.6201,20.6201,20.6201,20.6201,106,0
FFA.US,5,20211130,212000,20.71,20.71,20.71,20.71,100,0
FFA.US,5,20211130,214500,20.624,20.72,20.624,20.71,1515,0
FFA.US,5,20211130,215000,20.77,20.79,20.64,20.79,1500,0
FFA.US,5,20211130,215500,20.69,20.69,20.69,20.69,101,0
FFA.US,5,20211201,153000,20.73,20.75,20.71,20.74,1464,0
FFA.US,5,20211201,153500,20.7,20.7,20.68,20.68,500,0
FFA.US,5,20211201,154000,20.68,20.865,20.66,20.66,750,0
FFA.US,5,20211201,154500,20.66,20.75,20.66,20.75,400,0
FFA.US,5,20211201,155000,20.71,20.71,20.69,20.69,400,0
FFA.US,5,20211201,155500,20.69,20.72,20.69,20.72,300,0
FFA.US,5,20211201,160000,20.72,20.76,20.72,20.76,1800,0
FFA.US,5,20211201,160500,20.74,20.77,20.72,20.74,2795,0
FFA.US,5,20211201,161000,20.74,20.83,20.74,20.83,500,0
FFA.US,5,20211201,161500,20.7517,20.76,20.7517,20.76,700,0
FFA.US,5,20211201,162000,20.825,20.88,20.76,20.76,1760,0
FFA.US,5,20211201,163500,20.86,20.8897,20.86,20.8897,400,0
FFA.US,5,20211201,164500,20.87,20.87,20.87,20.87,366,0
FFA.US,5,20211201,165000,20.8499,20.8499,20.8499,20.8499,200,0
FFA.US,5,20211201,170000,20.87,20.89,20.86,20.89,700,0
FFA.US,5,20211201,180000,21.0264,21.0264,21.0264,21.0264,250,0
FFA.US,5,20211201,181500,20.955,20.955,20.955,20.955,500,0
FFA.US,5,20211201,183000,21.04,21.04,21.04,21.04,1500,0
FFA.US,5,20211201,183500,20.9303,20.9303,20.9303,20.9303,258,0
FFA.US,5,20211201,185500,20.86,20.86,20.86,20.86,400,0
FFA.US,5,20211201,190500,20.86,20.86,20.86,20.86,100,0
FFA.US,5,20211201,194000,20.86,20.86,20.81,20.81,2018,0
FFA.US,5,20211201,194500,20.81,20.81,20.81,20.81,900,0
FFA.US,5,20211201,195500,20.76,20.76,20.76,20.76,313,0
FFA.US,5,20211201,200000,20.79,20.8199,20.79,20.8199,696,0
FFA.US,5,20211201,201000,20.82,20.82,20.82,20.82,200,0
FFA.US,5,20211201,203000,20.8144,20.8144,20.8144,20.8144,200,0
FFA.US,5,20211201,203500,20.7601,20.7601,20.7601,20.7601,230,0
FFA.US,5,20211201,205000,20.82,20.82,20.814,20.814,445,0
FFA.US,5,20211201,211000,20.78,20.78,20.76,20.76,400,0
FFA.US,5,20211201,212500,20.7,20.7,20.7,20.7,165,0
FFA.US,5,20211201,215000,20.66,20.67,20.65,20.67,700,0
FFA.US,5,20211201,215500,20.6001,20.61,20.5,20.6,9576,0
FFA.US,5,20211202,153000,20.52,20.59,20.36,20.36,2228,0
FFA.US,5,20211202,153500,20.36,20.41,20.36,20.41,500,0
FFA.US,5,20211202,154000,20.44,20.44,20.44,20.44,300,0
FFA.US,5,20211202,154500,20.44,20.4549,20.44,20.44,1300,0
FFA.US,5,20211202,155000,20.47,20.51,20.47,20.51,500,0
FFA.US,5,20211202,155500,20.51,20.6199,20.51,20.565,4600,0
FFA.US,5,20211202,160000,20.565,20.61,20.56,20.56,2541,0
FFA.US,5,20211202,160500,20.6199,20.62,20.61,20.61,2000,0
FFA.US,5,20211202,161000,20.62,20.62,20.615,20.615,753,0
FFA.US,5,20211202,164000,20.635,20.635,20.635,20.635,100,0
FFA.US,5,20211202,170000,20.65,20.66,20.64,20.65,400,0
FFA.US,5,20211202,170500,20.6599,20.6599,20.6599,20.6599,332,0
FFA.US,5,20211202,171500,20.66,20.66,20.66,20.66,100,0
FFA.US,5,20211202,175000,20.6101,20.68,20.6101,20.6204,1641,0
FFA.US,5,20211202,181000,20.6596,20.6599,20.6596,20.6599,2000,0
FFA.US,5,20211202,181500,20.66,20.6894,20.6597,20.66,650,0
FFA.US,5,20211202,183000,20.69,20.69,20.69,20.69,100,0
FFA.US,5,20211202,185000,20.66,20.66,20.66,20.66,100,0
FFA.US,5,20211202,190000,20.635,20.635,20.635,20.635,100,0
FFA.US,5,20211202,201000,20.65,20.7,20.65,20.7,1200,0
FFA.US,5,20211202,203000,20.6344,20.6344,20.6344,20.6344,1000,0
FFA.US,5,20211202,210000,20.67,20.67,20.66,20.66,300,0
FFA.US,5,20211202,214500,20.64,20.64,20.64,20.64,100,0
FFA.US,5,20211202,215000,20.62,20.62,20.62,20.62,200,0
FFA.US,5,20211202,215500,20.51,20.51,20.51,20.51,221,0
FFA.US,5,20211203,153000,20.55,20.55,20.41,20.45,3043,0
FFA.US,5,20211203,153500,20.44,20.47,20.44,20.47,500,0
FFA.US,5,20211203,154000,20.46,20.46,20.46,20.46,900,0
FFA.US,5,20211203,154500,20.46,20.46,20.46,20.46,700,0
FFA.US,5,20211203,155000,20.46,20.46,20.46,20.46,500,0
FFA.US,5,20211203,155500,20.46,20.46,20.39,20.39,500,0
FFA.US,5,20211203,160000,20.37,20.37,20.36,20.36,500,0
FFA.US,5,20211203,160500,20.37,20.37,20.36,20.36,500,0
FFA.US,5,20211203,161000,20.36,20.36,20.36,20.36,400,0
FFA.US,5,20211203,161500,20.34,20.34,20.34,20.34,500,0
FFA.US,5,20211203,162000,20.34,20.38,20.34,20.38,400,0
FFA.US,5,20211203,162500,20.38,20.45,20.38,20.45,400,0
FFA.US,5,20211203,163000,20.38,20.38,20.38,20.38,400,0
FFA.US,5,20211203,163500,20.38,20.38,20.38,20.38,400,0
FFA.US,5,20211203,164000,20.38,20.38,20.34,20.34,300,0
FFA.US,5,20211203,164500,20.34,20.34,20.34,20.34,400,0
FFA.US,5,20211203,165000,20.447,20.447,20.447,20.447,300,0
FFA.US,5,20211203,171500,20.453,20.453,20.453,20.453,1711,0
FFA.US,5,20211203,174000,20.4405,20.4405,20.4405,20.4405,100,0
FFA.US,5,20211203,175000,20.34,20.34,20.34,20.34,100,0
FFA.US,5,20211203,181500,20.34,20.34,20.34,20.34,100,0
FFA.US,5,20211203,182000,20.38,20.54,20.38,20.54,1970,0
FFA.US,5,20211203,182500,20.56,20.57,20.56,20.5699,1669,0
FFA.US,5,20211203,183500,20.57,20.57,20.57,20.57,200,0
FFA.US,5,20211203,184000,20.57,20.69,20.52,20.52,3897,0
FFA.US,5,20211203,184500,20.59,20.59,20.59,20.59,100,0
FFA.US,5,20211203,191500,20.6,20.6,20.6,20.6,100,0
FFA.US,5,20211203,192000,20.6637,20.6637,20.6637,20.6637,100,0
FFA.US,5,20211203,193500,20.53,20.6563,20.52,20.54,700,0
FFA.US,5,20211203,194000,20.54,20.56,20.54,20.56,400,0
FFA.US,5,20211203,194500,20.59,20.59,20.59,20.59,100,0
FFA.US,5,20211203,195000,20.64,20.64,20.64,20.64,100,0
FFA.US,5,20211203,195500,20.595,20.65,20.59,20.59,500,0
FFA.US,5,20211203,200000,20.65,20.65,20.56,20.57,300,0
FFA.US,5,20211203,200500,20.64,20.64,20.64,20.64,100,0
FFA.US,5,20211203,201000,20.64,20.65,20.63,20.63,600,0
FFA.US,5,20211203,201500,20.61,20.61,20.57,20.57,6400,0
FFA.US,5,20211203,202000,20.528,20.57,20.528,20.57,600,0
FFA.US,5,20211203,203500,20.5054,20.5054,20.5054,20.5054,500,0
FFA.US,5,20211203,210500,20.5,20.5,20.5,20.5,200,0
FFA.US,5,20211203,212000,20.47,20.5,20.47,20.5,400,0
FFA.US,5,20211203,215000,20.47,20.47,20.42,20.42,1552,0
FFA.US,5,20211203,215500,20.42,20.49,20.42,20.47,369,0
FFA.US,5,20211206,153000,20.62,20.62,20.48,20.48,4149,0
FFA.US,5,20211206,153500,20.48,20.51,20.48,20.51,700,0
FFA.US,5,20211206,154000,20.51,20.51,20.37,20.43,600,0
FFA.US,5,20211206,154500,20.45,20.52,20.45,20.46,400,0
FFA.US,5,20211206,155000,20.41,20.41,20.4,20.4,600,0
FFA.US,5,20211206,155500,20.41,20.56,20.4,20.4,700,0
FFA.US,5,20211206,160000,20.4,20.4515,20.31,20.31,758,0
FFA.US,5,20211206,160500,20.32,20.32,20.29,20.29,400,0
FFA.US,5,20211206,161000,20.29,20.29,20.27,20.27,500,0
FFA.US,5,20211206,161500,20.36,20.41,20.36,20.41,500,0
FFA.US,5,20211206,162000,20.41,20.41,20.41,20.41,500,0
FFA.US,5,20211206,162500,20.46,20.46,20.41,20.41,500,0
FFA.US,5,20211206,163000,20.41,20.53,20.41,20.53,2300,0
FFA.US,5,20211206,163500,20.49,20.49,20.48,20.48,200,0
FFA.US,5,20211206,170000,20.5128,20.525,20.5128,20.525,200,0
FFA.US,5,20211206,182500,20.5787,20.5787,20.5787,20.5787,609,0
FFA.US,5,20211206,184500,20.5064,20.5064,20.5064,20.5064,250,0
FFA.US,5,20211206,190500,20.59,20.59,20.59,20.59,700,0
FFA.US,5,20211206,192000,20.553,20.553,20.553,20.553,100,0
FFA.US,5,20211206,192500,20.5899,20.5899,20.5899,20.5899,2500,0
FFA.US,5,20211206,195500,20.56,20.56,20.53,20.5306,2722,0
FFA.US,5,20211206,200000,20.59,20.605,20.5871,20.605,985,0
FFA.US,5,20211206,203000,20.6691,20.6691,20.652,20.652,412,0
FFA.US,5,20211206,204000,20.61,20.61,20.61,20.61,166,0
FFA.US,5,20211206,205000,20.6549,20.6549,20.6549,20.6549,100,0
FFA.US,5,20211206,210000,20.5501,20.5501,20.5501,20.5501,744,0
FFA.US,5,20211206,210500,20.5698,20.5698,20.5698,20.5698,5001,0
FFA.US,5,20211206,211000,20.585,20.585,20.585,20.585,212,0
FFA.US,5,20211206,211500,20.615,20.615,20.615,20.615,100,0
FFA.US,5,20211206,212000,20.63,20.69,20.6175,20.6175,2000,0
FFA.US,5,20211206,212500,20.6192,20.69,20.6192,20.69,2118,0
FFA.US,5,20211206,213500,20.7,20.7,20.7,20.7,300,0
FFA.US,5,20211206,214500,20.7385,20.7385,20.7385,20.7385,400,0
FFA.US,5,20211206,215500,20.74,20.77,20.7,20.7,1136,0
FFA.US,5,20211207,153000,20.96,20.96,20.96,20.96,3111,0
FFA.US,5,20211207,154500,20.9,20.97,20.9,20.97,532,0
FFA.US,5,20211207,160500,20.96,21.06,20.9368,21.06,1800,0
FFA.US,5,20211207,161000,21.05,21.116,21.038,21.098,3300,0
FFA.US,5,20211207,161500,21.1,21.1,21.1,21.1,600,0
FFA.US,5,20211207,162000,21.12,21.23,21.12,21.23,300,0
FFA.US,5,20211207,162500,21.046,21.046,21.046,21.046,425,0
FFA.US,5,20211207,163000,21.0201,21.022,21.0201,21.022,7500,0
FFA.US,5,20211207,163500,21.115,21.115,21.115,21.115,1500,0
FFA.US,5,20211207,183000,21.16,21.16,21.12,21.12,700,0
FFA.US,5,20211207,190500,21.2,21.2,21.2,21.2,300,0
FFA.US,5,20211207,191000,21.1998,21.1998,21.1998,21.1998,470,0
FFA.US,5,20211207,195000,21.19,21.2,21.19,21.19,500,0
FFA.US,5,20211207,195500,21.2,21.2,21.1929,21.1929,250,0
FFA.US,5,20211207,202000,21.2,21.2,21.2,21.2,600,0
FFA.US,5,20211207,203000,21.2,21.2,21.2,21.2,170,0
FFA.US,5,20211207,211500,21.24,21.25,21.24,21.25,300,0
FFA.US,5,20211207,212000,21.244,21.244,21.244,21.244,743,0
FFA.US,5,20211207,213000,21.19,21.19,21.19,21.19,200,0
FFA.US,5,20211207,213500,21.19,21.19,21.19,21.19,100,0
FFA.US,5,20211207,215000,21.19,21.2,21.19,21.2,300,0
FFA.US,5,20211207,215500,21.22,21.23,21.22,21.23,263,0
FFA.US,5,20211208,153000,21.39,21.39,21.39,21.39,3298,0
FFA.US,5,20211208,165000,21.3133,21.3133,21.3133,21.3133,200,0
FFA.US,5,20211208,170500,21.3899,21.3899,21.3899,21.3899,300,0
FFA.US,5,20211208,171500,21.345,21.345,21.345,21.345,1000,0
FFA.US,5,20211208,172000,21.3001,21.3825,21.18,21.18,3500,0
FFA.US,5,20211208,172500,21.29,21.29,21.29,21.29,500,0
FFA.US,5,20211208,174000,21.27,21.29,21.27,21.29,200,0
FFA.US,5,20211208,184500,21.2712,21.2712,21.2712,21.2712,235,0
FFA.US,5,20211208,195500,21.2604,21.2604,21.2604,21.2604,200,0
FFA.US,5,20211208,200500,21.2,21.2,21.2,21.2,244,0
FFA.US,5,20211208,201000,21.2892,21.2892,21.2892,21.2892,203,0
FFA.US,5,20211208,202500,21.21,21.25,21.21,21.21,400,0
FFA.US,5,20211208,203000,21.2,21.2,21.2,21.2,100,0
FFA.US,5,20211208,204000,21.16,21.16,21.16,21.16,100,0
FFA.US,5,20211208,205000,21.13,21.13,21.12,21.12,400,0
FFA.US,5,20211208,205500,21.164,21.164,21.164,21.164,297,0
FFA.US,5,20211208,210000,21.14,21.14,21.09,21.09,386,0
FFA.US,5,20211208,210500,21.05,21.1,21.05,21.1,200,0
FFA.US,5,20211208,211000,21.04,21.04,21.04,21.04,300,0
FFA.US,5,20211208,211500,20.99,21.0355,20.99,21.0355,600,0
FFA.US,5,20211208,212000,21.015,21.015,21.015,21.015,100,0
FFA.US,5,20211208,213000,20.99,21.01,20.99,21.01,300,0
FFA.US,5,20211208,213500,21.02,21.06,20.99,21.0597,1157,0
FFA.US,5,20211208,214000,21.11,21.17,21.11,21.122,603,0
FFA.US,5,20211208,215000,21.1264,21.1264,21.1264,21.1264,148,0
FFA.US,5,20211208,215500,21.19,21.2,21.19,21.2,222,0
FFA.US,5,20211209,153000,21.24,21.24,21.24,21.24,2072,0
FFA.US,5,20211209,160000,21.2144,21.2144,21.2144,21.2144,404,0
FFA.US,5,20211209,160500,21.165,21.165,21.165,21.165,238,0
FFA.US,5,20211209,161500,21.165,21.165,21.165,21.165,300,0
FFA.US,5,20211209,165000,21.2078,21.2078,21.2078,21.2078,529,0
FFA.US,5,20211209,173000,21.0715,21.0715,21.0715,21.0715,1525,0
FFA.US,5,20211209,175500,21.127,21.127,21.127,21.127,237,0
FFA.US,5,20211209,182500,21.208,21.208,21.208,21.208,100,0
FFA.US,5,20211209,185000,21.21,21.21,21.21,21.21,100,0
FFA.US,5,20211209,191500,21.2068,21.2068,21.2068,21.2068,200,0
FFA.US,5,20211209,195000,21.08,21.08,21.08,21.08,265,0
FFA.US,5,20211209,200000,21.084,21.084,21.084,21.084,640,0
FFA.US,5,20211209,211000,21.12,21.1583,21.12,21.1583,250,0
FFA.US,5,20211209,215500,21.14,21.14,21.13,21.13,311,0
FFA.US,5,20211210,153000,21.26,21.26,20.995,20.995,1710,0
FFA.US,5,20211210,154500,21.12,21.12,21.12,21.12,1500,0
FFA.US,5,20211210,155000,21.2865,21.2865,21.2865,21.2865,200,0
FFA.US,5,20211210,161500,21.27,21.27,21.27,21.27,100,0
FFA.US,5,20211210,162500,21.288,21.288,21.288,21.288,925,0
FFA.US,5,20211210,163000,21.22,21.23,21.22,21.23,500,0
FFA.US,5,20211210,164000,21.1625,21.1625,21.1625,21.1625,119,0
FFA.US,5,20211210,171500,21.1588,21.1588,21.1588,21.1588,100,0
FFA.US,5,20211210,183500,21.185,21.185,21.185,21.185,250,0
FFA.US,5,20211210,185000,21.1501,21.1501,21.1501,21.1501,435,0
FFA.US,5,20211210,192500,21.21,21.21,21.2025,21.21,402,0
FFA.US,5,20211210,193000,21.15,21.1501,21.15,21.1501,333,0
FFA.US,5,20211210,193500,21.1612,21.1612,21.1612,21.1612,586,0
FFA.US,5,20211210,194500,21.185,21.185,21.17,21.17,689,0
FFA.US,5,20211210,201500,21.185,21.22,21.185,21.2199,2000,0
FFA.US,5,20211210,204000,21.28,21.288,21.276,21.28,900,0
FFA.US,5,20211210,210000,21.2081,21.2081,21.2081,21.2081,180,0
FFA.US,5,20211210,213500,21.248,21.248,21.248,21.248,300,0
FFA.US,5,20211210,215500,21.31,21.31,21.31,21.31,200,0
FFA.US,5,20211213,153000,21.32,21.32,21.32,21.32,1640,0
FFA.US,5,20211213,155500,21.21,21.21,21.21,21.21,100,0
FFA.US,5,20211213,160000,21.27,21.29,21.27,21.2898,2303,0
FFA.US,5,20211213,161500,21.2084,21.2084,21.2084,21.2084,733,0
FFA.US,5,20211213,162500,21.2597,21.2597,21.2597,21.2597,100,0
FFA.US,5,20211213,170500,21.26,21.26,21.26,21.26,475,0
FFA.US,5,20211213,171500,21.21,21.21,21.21,21.21,100,0
FFA.US,5,20211213,181000,21.22,21.22,21.22,21.22,200,0
FFA.US,5,20211213,181500,21.22,21.22,21.22,21.22,174,0
FFA.US,5,20211213,182000,21.23,21.23,21.23,21.23,154,0
FFA.US,5,20211213,182500,21.1614,21.1614,21.1614,21.1614,290,0
FFA.US,5,20211213,185500,21.205,21.205,21.205,21.205,200,0
FFA.US,5,20211213,191500,21.1547,21.1547,21.1547,21.1547,295,0
FFA.US,5,20211213,192500,21.18,21.18,21.08,21.08,301,0
FFA.US,5,20211213,195000,21.14,21.14,21.14,21.14,100,0
FFA.US,5,20211213,212500,21.16,21.16,21.16,21.16,283,0
FFA.US,5,20211213,214000,21.19,21.19,21.13,21.13,342,0
FFA.US,5,20211213,214500,21.19,21.19,21.19,21.19,196,0
FFA.US,5,20211213,215000,21.15,21.1536,21.13,21.1536,758,0
FFA.US,5,20211213,215500,21.24,21.24,21.1,21.1,400,0
FFA.US,5,20211214,154000,20.8518,20.86,20.8518,20.86,1100,0
FFA.US,5,20211214,160000,21.05,21.05,21.05,21.05,100,0
FFA.US,5,20211214,160500,21.0571,21.0571,21.0571,21.0571,118,0
FFA.US,5,20211214,161000,21.07,21.07,21.07,21.07,100,0
FFA.US,5,20211214,161500,21.03,21.03,21.03,21.03,100,0
FFA.US,5,20211214,163000,20.8852,20.8852,20.8852,20.8852,170,0
FFA.US,5,20211214,175000,20.945,20.945,20.945,20.945,1250,0
FFA.US,5,20211214,181500,20.91,20.91,20.91,20.91,347,0
FFA.US,5,20211214,191000,20.9899,20.9899,20.9899,20.9899,2000,0
FFA.US,5,20211214,191500,20.98,20.98,20.91,20.91,1375,0
FFA.US,5,20211214,192000,20.9,20.9,20.9,20.9,100,0
FFA.US,5,20211214,193500,20.91,20.91,20.91,20.91,100,0
FFA.US,5,20211214,194500,20.8573,20.8573,20.8573,20.8573,100,0
FFA.US,5,20211214,195500,20.99,20.99,20.99,20.99,100,0
FFA.US,5,20211214,210000,21.006,21.006,21.006,21.006,570,0
FFA.US,5,20211214,212000,21.01,21.01,21.01,21.01,120,0
FFA.US,5,20211214,214500,21.09,21.09,21.09,21.09,250,0
FFA.US,5,20211214,215000,21.09,21.09,21.09,21.09,639,0
FFA.US,5,20211214,215500,21.045,21.09,21,21.09,730,0
FFA.US,5,20211215,153000,20.97,20.97,20.97,20.97,699,0
FFA.US,5,20211215,155000,20.97,20.97,20.96,20.96,200,0
FFA.US,5,20211215,160500,20.92,20.92,20.92,20.92,200,0
FFA.US,5,20211215,170500,21.05,21.05,21.05,21.05,100,0
FFA.US,5,20211215,171000,21.0909,21.0909,21.0909,21.0909,100,0
FFA.US,5,20211215,171500,21.085,21.085,21.05,21.0502,2985,0
FFA.US,5,20211215,172000,21.04,21.042,21.04,21.042,802,0
FFA.US,5,20211215,185500,21.0399,21.04,21.0398,21.04,576,0
FFA.US,5,20211215,192500,20.9856,20.9856,20.9856,20.9856,1200,0
FFA.US,5,20211215,194000,20.9673,20.9673,20.9673,20.9673,200,0
FFA.US,5,20211215,200500,21.03,21.03,21.03,21.03,100,0
FFA.US,5,20211215,201000,20.995,20.995,20.995,20.995,200,0
FFA.US,5,20211215,204500,21.0399,21.04,21.008,21.008,706,0
FFA.US,5,20211215,205000,21.04,21.04,21.0399,21.04,5510,0
FFA.US,5,20211215,210000,20.97,20.97,20.97,20.97,100,0
FFA.US,5,20211215,210500,21.01,21.02,21,21,700,0
FFA.US,5,20211215,211000,21.01,21.15,20.97,21.15,6700,0
FFA.US,5,20211215,211500,21.115,21.17,21.06,21.16,3694,0
FFA.US,5,20211215,212000,21.28,21.28,21.12,21.13,990,0
FFA.US,5,20211215,212500,21.13,21.27,21.13,21.27,834,0
FFA.US,5,20211215,213000,21.19,21.19,21.18,21.18,600,0
FFA.US,5,20211215,213500,21.23,21.27,21.18,21.18,1091,0
FFA.US,5,20211215,214000,21.18,21.19,21.18,21.19,400,0
FFA.US,5,20211215,214500,21.23,21.23,21.19,21.19,200,0
FFA.US,5,20211215,215000,21.19,21.19,21.19,21.19,232,0
FFA.US,5,20211215,215500,21.25,21.25,21.25,21.25,174,0
FFA.US,5,20211216,153000,21.33,21.33,21.33,21.33,1284,0
FFA.US,5,20211216,155000,21.315,21.315,21.3043,21.3043,256,0
FFA.US,5,20211216,155500,21.276,21.276,21.276,21.276,330,0
FFA.US,5,20211216,160500,21.23,21.23,21.23,21.23,650,0
FFA.US,5,20211216,165000,21.2102,21.2102,21.21,21.21,1234,0
FFA.US,5,20211216,165500,21.2401,21.2401,21.2401,21.2401,300,0
FFA.US,5,20211216,170000,21.322,21.322,21.322,21.322,300,0
FFA.US,5,20211216,170500,21.31,21.3297,21.284,21.328,1900,0
FFA.US,5,20211216,173000,21.29,21.29,21.29,21.29,200,0
FFA.US,5,20211216,180000,21.33,21.34,21.33,21.3398,1400,0
FFA.US,5,20211216,181500,21.35,21.35,21.35,21.35,100,0
FFA.US,5,20211216,183500,21.2907,21.2907,21.2907,21.2907,250,0
FFA.US,5,20211216,185500,21.35,21.35,21.35,21.35,200,0
FFA.US,5,20211216,202000,21.35,21.35,21.35,21.35,313,0
FFA.US,5,20211216,203000,21.385,21.385,21.385,21.385,100,0
FFA.US,5,20211216,204000,21.385,21.385,21.385,21.385,750,0
FFA.US,5,20211216,205000,21.325,21.325,21.325,21.325,800,0
FFA.US,5,20211216,210000,21.2711,21.2711,21.2711,21.2711,625,0
FFA.US,5,20211216,210500,21.33,21.33,21.2802,21.2802,957,0
FFA.US,5,20211216,211000,21.28,21.28,21.28,21.28,200,0
FFA.US,5,20211216,212500,21.29,21.29,21.29,21.29,200,0
FFA.US,5,20211216,215500,21.24,21.3,21.16,21.3,513,0
FFA.US,5,20211217,153000,21.15,21.15,21.15,21.15,1005,0
FFA.US,5,20211217,155000,21.1386,21.1386,21.1386,21.1386,472,0
FFA.US,5,20211217,155500,21.092,21.092,21.092,21.092,200,0
FFA.US,5,20211217,164000,20.9339,21.05,20.9339,21.05,350,0
FFA.US,5,20211217,170000,21.16,21.16,21.16,21.16,100,0
FFA.US,5,20211217,173000,21.1547,21.1547,21.0117,21.0117,1141,0
FFA.US,5,20211217,175500,21.076,21.076,21.076,21.076,400,0
FFA.US,5,20211217,180000,21.1045,21.1045,21.1045,21.1045,339,0
FFA.US,5,20211217,183000,21.1,21.15,21.1,21.15,900,0
FFA.US,5,20211217,191500,21.15,21.15,21.1,21.15,560,0
FFA.US,5,20211217,200500,21.16,21.16,21.16,21.16,500,0
FFA.US,5,20211217,201500,21.1,21.2,21.1,21.2,1200,0
FFA.US,5,20211217,202000,21.2121,21.2121,21.2,21.2,202,0
FFA.US,5,20211217,202500,21.29,21.29,21.288,21.288,400,0
FFA.US,5,20211217,211000,21.26,21.26,21.26,21.26,200,0
FFA.US,5,20211217,212000,21.37,21.375,21.37,21.375,300,0
FFA.US,5,20211217,212500,21.3664,21.3664,21.3664,21.3664,115,0
FFA.US,5,20211217,215500,21.3299,21.38,21.3299,21.38,757,0
FFA.US,5,20211220,153000,21.26,21.26,21.26,21.26,318,0
FFA.US,5,20211220,160000,21.12,21.12,21.12,21.12,140,0
FFA.US,5,20211220,170500,21.02,21.02,21.01,21.01,400,0
FFA.US,5,20211220,173500,21.08,21.08,21.01,21.01,1285,0
FFA.US,5,20211220,174500,21.02,21.02,21.02,21.02,100,0
FFA.US,5,20211220,175000,21.045,21.0632,21.045,21.0632,1147,0
FFA.US,5,20211220,180000,21.031,21.031,21.031,21.031,500,0
FFA.US,5,20211220,181000,21.07,21.08,21.07,21.0793,2124,0
FFA.US,5,20211220,181500,21.08,21.08,21.08,21.08,100,0
FFA.US,5,20211220,182500,21.02,21.02,21.02,21.02,200,0
FFA.US,5,20211220,185500,21.0601,21.07,21.06,21.0605,4100,0
FFA.US,5,20211220,192500,21.0082,21.0082,21.0082,21.0082,250,0
FFA.US,5,20211220,193500,21.08,21.08,21.08,21.08,300,0
FFA.US,5,20211220,194500,21.04,21.04,21.04,21.04,1140,0
FFA.US,5,20211220,195000,21.06,21.07,21.06,21.07,1490,0
FFA.US,5,20211220,200000,21.035,21.035,21.035,21.035,225,0
FFA.US,5,20211220,200500,21.07,21.07,21.0699,21.0699,1500,0
FFA.US,5,20211220,201000,21.04,21.07,21.04,21.07,544,0
FFA.US,5,20211220,202500,21.049,21.049,21.049,21.049,4400,0
FFA.US,5,20211220,203000,21.07,21.08,21.0699,21.08,1879,0
FFA.US,5,20211220,203500,21.08,21.08,21.024,21.024,2000,0
FFA.US,5,20211220,204000,21.08,21.13,21.0792,21.13,1853,0
FFA.US,5,20211220,210000,21.1001,21.1001,21.1001,21.1001,1500,0
FFA.US,5,20211220,211000,21.16,21.23,21.16,21.2072,3400,0
FFA.US,5,20211220,211500,21.1001,21.11,21.1001,21.1082,5000,0
FFA.US,5,20211220,212000,21.191,21.2,21.1,21.1999,5525,0
FFA.US,5,20211220,212500,21.16,21.16,21.16,21.16,350,0
FFA.US,5,20211220,213500,21.16,21.16,21.16,21.16,162,0
FFA.US,5,20211220,214500,21.16,21.16,21.15,21.159,862,0
FFA.US,5,20211220,215000,21.11,21.11,21.09,21.09,300,0
FFA.US,5,20211220,215500,21.11,21.11,21.08,21.11,630,0
FFA.US,5,20211221,153000,21.23,21.23,21.1339,21.1339,1088,0
FFA.US,5,20211221,154000,21.2491,21.2491,21.2491,21.2491,400,0
FFA.US,5,20211221,154500,21.24,21.24,21.23,21.232,300,0
FFA.US,5,20211221,155000,21.23,21.25,21.23,21.25,561,0
FFA.US,5,20211221,155500,21.21,21.21,21.21,21.21,100,0
FFA.US,5,20211221,160500,21.3199,21.3199,21.3199,21.3199,100,0
FFA.US,5,20211221,162000,21.3,21.3,21.21,21.21,1300,0
FFA.US,5,20211221,163000,21.28,21.3,21.22,21.22,506,0
FFA.US,5,20211221,170000,21.23,21.23,21.23,21.23,100,0
FFA.US,5,20211221,171000,21.23,21.31,21.21,21.285,1400,0
FFA.US,5,20211221,172000,21.22,21.22,21.22,21.22,100,0
FFA.US,5,20211221,172500,21.22,21.285,21.21,21.22,600,0
FFA.US,5,20211221,173500,21.22,21.22,21.22,21.22,200,0
FFA.US,5,20211221,174000,21.3452,21.3452,21.22,21.22,506,0
FFA.US,5,20211221,174500,21.22,21.22,21.22,21.22,200,0
FFA.US,5,20211221,175000,21.22,21.36,21.22,21.22,1386,0
FFA.US,5,20211221,175500,21.22,21.22,21.22,21.22,200,0
FFA.US,5,20211221,180000,21.22,21.25,21.21,21.21,1300,0
FFA.US,5,20211221,180500,21.18,21.19,21.18,21.19,300,0
FFA.US,5,20211221,181000,21.18,21.18,21.18,21.18,100,0
FFA.US,5,20211221,181500,21.18,21.18,21.18,21.18,100,0
FFA.US,5,20211221,182000,21.18,21.2,21.12,21.2,860,0
FFA.US,5,20211221,182500,21.11,21.11,21.11,21.11,200,0
FFA.US,5,20211221,183500,21.09,21.09,21.09,21.09,100,0
FFA.US,5,20211221,184000,21.01,21.01,21,21,300,0
FFA.US,5,20211221,184500,21.02,21.02,21,21,200,0
FFA.US,5,20211221,185000,21.02,21.02,21.01,21.01,200,0
FFA.US,5,20211221,185500,21,21,21,21,200,0
FFA.US,5,20211221,190000,21,21.02,21,21.02,200,0
FFA.US,5,20211221,190500,21,21.12,21,21.12,750,0
FFA.US,5,20211221,192000,21,21,21,21,200,0
FFA.US,5,20211221,192500,21,21,21,21,200,0
FFA.US,5,20211221,193000,21,21,21,21,200,0
FFA.US,5,20211221,193500,21,21.125,21,21.02,500,0
FFA.US,5,20211221,194000,21.04,21.04,21.02,21.02,400,0
FFA.US,5,20211221,195000,21,21,21,21,500,0
FFA.US,5,20211221,200000,20.97,20.9882,20.89,20.9882,3257,0
FFA.US,5,20211221,201500,20.98,20.98,20.94,20.94,800,0
FFA.US,5,20211221,202000,20.93,21.1114,20.93,21.1,3387,0
FFA.US,5,20211221,202500,21.06,21.06,21.05,21.06,400,0
FFA.US,5,20211221,203000,21.065,21.07,21.065,21.07,600,0
FFA.US,5,20211221,204000,21.02,21.02,21.02,21.02,200,0
FFA.US,5,20211221,204500,21,21,21,21,200,0
FFA.US,5,20211221,205000,21,21,20.98,20.98,500,0
FFA.US,5,20211221,205500,20.98,20.99,20.98,20.99,400,0
FFA.US,5,20211221,210500,21.05,21.05,21.05,21.05,817,0
FFA.US,5,20211221,212000,21.05,21.05,21.05,21.05,118,0
FFA.US,5,20211221,212500,21.06,21.06,21.06,21.06,300,0
FFA.US,5,20211221,214000,21.11,21.11,21.11,21.11,200,0
FFA.US,5,20211221,214500,21.1587,21.1587,21.1587,21.1587,200,0
FFA.US,5,20211221,215000,21.16,21.33,21.15,21.33,400,0
FFA.US,5,20211221,215500,21.19,21.35,21.19,21.35,413,0
FFA.US,5,20211222,153000,20.95,21.18,20.95,21.15,3235,0
FFA.US,5,20211222,153500,21.1431,21.1431,20.8688,20.8688,2240,0
FFA.US,5,20211222,160500,20.82,20.82,20.8002,20.816,1208,0
FFA.US,5,20211222,165000,20.91,20.91,20.91,20.91,200,0
FFA.US,5,20211222,170000,20.96,20.96,20.96,20.96,100,0
FFA.US,5,20211222,173500,20.94,20.94,20.94,20.94,204,0
FFA.US,5,20211222,174500,20.92,20.92,20.87,20.87,5249,0
FFA.US,5,20211222,183000,21.02,21.1,20.981,20.981,2630,0
FFA.US,5,20211222,183500,21.097,21.1075,21.055,21.055,660,0
FFA.US,5,20211222,190000,21.0988,21.0988,21.0988,21.0988,300,0
FFA.US,5,20211222,192000,21.1045,21.1045,21.1045,21.1045,100,0
FFA.US,5,20211222,194500,21.085,21.085,21.085,21.085,241,0
FFA.US,5,20211222,195500,21.085,21.085,21.085,21.085,200,0
FFA.US,5,20211222,200500,21.0718,21.0718,21.0718,21.0718,150,0
FFA.US,5,20211222,201500,21.1321,21.146,21.1321,21.146,379,0
FFA.US,5,20211222,204500,21.1265,21.1265,21.1265,21.1265,206,0
FFA.US,5,20211222,210000,20.99,20.99,20.99,20.99,217,0
FFA.US,5,20211222,210500,21.0366,21.0366,21.0366,21.0366,309,0
FFA.US,5,20211222,212500,20.9701,20.9701,20.9701,20.9701,2000,0
FFA.US,5,20211222,215000,20.97,20.97,20.97,20.97,540,0
FFA.US,5,20211222,215500,20.93,20.94,20.9,20.9,752,0
FFA.US,5,20211223,153000,21.06,21.06,21.06,21.06,1292,0
FFA.US,5,20211223,155500,21.08,21.13,21.08,21.13,200,0
FFA.US,5,20211223,172000,21.12,21.12,21.12,21.12,465,0
FFA.US,5,20211223,173500,21.0653,21.0653,21.0653,21.0653,203,0
FFA.US,5,20211223,181000,21.09,21.09,21.09,21.09,700,0
FFA.US,5,20211223,184500,21.065,21.065,21.065,21.065,100,0
FFA.US,5,20211223,185000,21.05,21.08,21.05,21.05,638,0
FFA.US,5,20211223,190500,21.0728,21.0728,21.0728,21.0728,260,0
FFA.US,5,20211223,191000,21.08,21.08,21.075,21.08,783,0
FFA.US,5,20211223,192000,21.0746,21.0746,21.0746,21.0746,1100,0
FFA.US,5,20211223,194500,21.08,21.08,21.04,21.04,3580,0
FFA.US,5,20211223,201000,21.06,21.06,21.06,21.06,250,0
FFA.US,5,20211223,205000,21.07,21.07,21.07,21.07,200,0
FFA.US,5,20211223,205500,21.07,21.07,21.07,21.07,300,0
FFA.US,5,20211223,210500,21.06,21.06,21.06,21.06,800,0
FFA.US,5,20211223,212500,21.0699,21.13,21.0699,21.1292,9284,0
FFA.US,5,20211223,213000,21.092,21.092,21.092,21.092,200,0
FFA.US,5,20211223,214000,21.17,21.17,21.17,21.17,300,0
FFA.US,5,20211223,215500,21.18,21.27,21.11,21.13,1422,0
