<TICKER>,<PER>,<DATE>,<TIME>,<OPEN>,<HIGH>,<LOW>,<CLOSE>,<VOL>,<OPENINT>
FNDB.US,5,20211104,143000,57.48,57.48,57.42,57.42,619,0
FNDB.US,5,20211104,144000,57.44,57.46,57.44,57.46,200,0
FNDB.US,5,20211104,144500,57.4099,57.4099,57.3687,57.3687,750,0
FNDB.US,5,20211104,152500,57.37,57.37,57.37,57.37,299,0
FNDB.US,5,20211104,155000,57.3461,57.3461,57.3461,57.3461,141,0
FNDB.US,5,20211104,160500,57.25,57.25,57.25,57.25,100,0
FNDB.US,5,20211104,162500,57.0979,57.0979,57.0979,57.0979,149,0
FNDB.US,5,20211104,171000,57.245,57.245,57.245,57.245,100,0
FNDB.US,5,20211104,171500,57.23,57.23,57.23,57.23,325,0
FNDB.US,5,20211104,172500,57.175,57.175,57.175,57.175,137,0
FNDB.US,5,20211104,174500,57.23,57.23,57.215,57.215,428,0
FNDB.US,5,20211104,183500,57.168,57.168,57.1282,57.1282,294,0
FNDB.US,5,20211104,184000,57.1648,57.1648,57.1648,57.1648,105,0
FNDB.US,5,20211104,185000,57.1573,57.1573,57.1573,57.1573,100,0
FNDB.US,5,20211104,190000,57.1,57.1,57.1,57.1,100,0
FNDB.US,5,20211104,195000,57.0501,57.0501,57.0501,57.0501,309,0
FNDB.US,5,20211104,195500,57.05,57.0609,57.05,57.05,480,0
FNDB.US,5,20211104,200000,57.0477,57.0477,57.0477,57.0477,100,0
FNDB.US,5,20211104,202000,57.13,57.13,57.13,57.13,129,0
FNDB.US,5,20211104,202500,57.1149,57.1149,57.1149,57.1149,282,0
FNDB.US,5,20211104,203500,57.155,57.155,57.155,57.155,100,0
FNDB.US,5,20211104,205000,57.1601,57.175,57.1601,57.175,695,0
FNDB.US,5,20211105,143000,57.66,57.66,57.66,57.66,200,0
FNDB.US,5,20211105,153000,57.772,57.772,57.772,57.772,150,0
FNDB.US,5,20211105,154500,57.8799,57.8799,57.8799,57.8799,2002,0
FNDB.US,5,20211105,155500,57.85,57.85,57.85,57.85,152,0
FNDB.US,5,20211105,160500,57.8989,57.8989,57.8989,57.8989,155,0
FNDB.US,5,20211105,162000,57.91,57.91,57.91,57.91,100,0
FNDB.US,5,20211105,163500,57.8552,57.8552,57.8552,57.8552,175,0
FNDB.US,5,20211105,165000,57.84,57.84,57.8096,57.8096,422,0
FNDB.US,5,20211105,165500,57.76,57.76,57.76,57.76,600,0
FNDB.US,5,20211105,171500,57.7515,57.7725,57.7515,57.7725,3023,0
FNDB.US,5,20211105,172000,57.7777,57.7777,57.7777,57.7777,1730,0
FNDB.US,5,20211105,173000,57.7801,57.7801,57.7801,57.7801,100,0
FNDB.US,5,20211105,194000,57.73,57.73,57.725,57.725,200,0
FNDB.US,5,20211105,200500,57.7455,57.7455,57.7455,57.7455,125,0
FNDB.US,5,20211105,203500,57.7857,57.7916,57.78,57.7916,983,0
FNDB.US,5,20211105,205500,57.7301,57.76,57.7301,57.76,380,0
FNDB.US,5,20211108,153000,58.03,58.03,57.95,57.95,1657,0
FNDB.US,5,20211108,162000,57.955,57.955,57.955,57.955,113,0
FNDB.US,5,20211108,164000,57.9072,57.9072,57.9072,57.9072,170,0
FNDB.US,5,20211108,172000,57.875,57.875,57.875,57.875,100,0
FNDB.US,5,20211108,175500,57.85,57.85,57.85,57.85,100,0
FNDB.US,5,20211108,180500,57.805,57.805,57.805,57.805,100,0
FNDB.US,5,20211108,185000,57.7501,57.7501,57.74,57.74,1005,0
FNDB.US,5,20211108,202000,57.7723,57.7723,57.7723,57.7723,260,0
FNDB.US,5,20211108,212000,57.806,57.806,57.806,57.806,225,0
FNDB.US,5,20211108,214000,57.8293,57.8293,57.8293,57.8293,5185,0
FNDB.US,5,20211108,215000,57.8189,57.8189,57.8,57.8,275,0
FNDB.US,5,20211108,215500,57.82,57.85,57.82,57.85,965,0
FNDB.US,5,20211109,153000,57.84,57.84,57.84,57.84,960,0
FNDB.US,5,20211109,153500,57.82,57.82,57.82,57.82,300,0
FNDB.US,5,20211109,154000,57.81,57.81,57.76,57.76,200,0
FNDB.US,5,20211109,155500,57.72,57.72,57.72,57.72,100,0
FNDB.US,5,20211109,161000,57.66,57.66,57.66,57.66,300,0
FNDB.US,5,20211109,164000,57.69,57.69,57.69,57.69,100,0
FNDB.US,5,20211109,164500,57.7,57.7,57.685,57.685,276,0
FNDB.US,5,20211109,170500,57.695,57.695,57.695,57.695,100,0
FNDB.US,5,20211109,171000,57.5996,57.5996,57.5996,57.5996,100,0
FNDB.US,5,20211109,171500,57.64,57.64,57.64,57.64,172,0
FNDB.US,5,20211109,172500,57.5756,57.5756,57.5756,57.5756,200,0
FNDB.US,5,20211109,173000,57.6,57.6,57.6,57.6,200,0
FNDB.US,5,20211109,175500,57.5517,57.5517,57.5517,57.5517,605,0
FNDB.US,5,20211109,183500,57.5823,57.5823,57.5823,57.5823,350,0
FNDB.US,5,20211109,184500,57.612,57.612,57.612,57.612,605,0
FNDB.US,5,20211109,190000,57.65,57.65,57.65,57.65,1071,0
FNDB.US,5,20211109,190500,57.66,57.67,57.6598,57.6598,4429,0
FNDB.US,5,20211109,192500,57.68,57.68,57.665,57.665,514,0
FNDB.US,5,20211109,194500,57.6,57.6,57.6,57.6,1735,0
FNDB.US,5,20211109,203500,57.6561,57.6641,57.6561,57.6641,967,0
FNDB.US,5,20211109,204000,57.72,57.72,57.72,57.72,1300,0
FNDB.US,5,20211109,211000,57.6885,57.695,57.68,57.68,1065,0
FNDB.US,5,20211109,213000,57.68,57.68,57.67,57.68,1340,0
FNDB.US,5,20211109,215000,57.71,57.7173,57.71,57.7173,540,0
FNDB.US,5,20211110,160500,57.72,57.72,57.72,57.72,100,0
FNDB.US,5,20211110,164500,57.725,57.725,57.725,57.725,300,0
FNDB.US,5,20211110,170000,57.745,57.745,57.73,57.7409,784,0
FNDB.US,5,20211110,175500,57.81,57.81,57.81,57.81,400,0
FNDB.US,5,20211110,180000,57.79,57.79,57.79,57.79,727,0
FNDB.US,5,20211110,184500,57.615,57.63,57.6,57.62,2232,0
FNDB.US,5,20211110,185000,57.6116,57.619,57.6116,57.619,464,0
FNDB.US,5,20211110,185500,57.6395,57.6395,57.6395,57.6395,1452,0
FNDB.US,5,20211110,190000,57.66,57.66,57.65,57.65,407,0
FNDB.US,5,20211110,200000,57.45,57.45,57.42,57.42,262,0
FNDB.US,5,20211110,203000,57.36,57.36,57.36,57.36,505,0
FNDB.US,5,20211110,210000,57.3201,57.3201,57.3201,57.3201,700,0
FNDB.US,5,20211110,210500,57.315,57.315,57.315,57.315,638,0
FNDB.US,5,20211110,212000,57.44,57.45,57.4285,57.4285,2244,0
FNDB.US,5,20211110,212500,57.465,57.465,57.45,57.455,1635,0
FNDB.US,5,20211110,215000,57.4309,57.45,57.4309,57.45,571,0
FNDB.US,5,20211110,215500,57.4301,57.4301,57.42,57.42,504,0
FNDB.US,5,20211111,153000,57.53,57.53,57.4529,57.4529,1183,0
FNDB.US,5,20211111,160000,57.57,57.57,57.57,57.57,104,0
FNDB.US,5,20211111,165000,57.58,57.58,57.58,57.58,200,0
FNDB.US,5,20211111,175500,57.59,57.59,57.58,57.58,2257,0
FNDB.US,5,20211111,200000,57.5969,57.5969,57.5969,57.5969,200,0
FNDB.US,5,20211111,201000,57.59,57.5917,57.58,57.5917,3077,0
FNDB.US,5,20211111,212500,57.581,57.581,57.581,57.581,119,0
FNDB.US,5,20211111,213500,57.55,57.57,57.55,57.57,900,0
FNDB.US,5,20211111,214500,57.58,57.58,57.58,57.58,1900,0
FNDB.US,5,20211111,215500,57.5,57.5,57.5,57.5,121,0
FNDB.US,5,20211112,153000,57.69,57.7,57.573,57.573,2963,0
FNDB.US,5,20211112,153500,57.5809,57.5809,57.5809,57.5809,247,0
FNDB.US,5,20211112,154500,57.63,57.63,57.63,57.63,300,0
FNDB.US,5,20211112,160000,57.55,57.5573,57.55,57.5573,200,0
FNDB.US,5,20211112,161000,57.6,57.6,57.6,57.6,400,0
FNDB.US,5,20211112,165000,57.5677,57.5677,57.5677,57.5677,527,0
FNDB.US,5,20211112,172500,57.7073,57.7073,57.7073,57.7073,121,0
FNDB.US,5,20211112,182500,57.7295,57.7295,57.7295,57.7295,211,0
FNDB.US,5,20211112,203000,57.6202,57.6202,57.6202,57.6202,817,0
FNDB.US,5,20211112,203500,57.645,57.645,57.631,57.631,1182,0
FNDB.US,5,20211112,204500,57.66,57.66,57.66,57.66,100,0
FNDB.US,5,20211112,205000,57.67,57.67,57.67,57.67,100,0
FNDB.US,5,20211112,205500,57.68,57.68,57.68,57.68,500,0
FNDB.US,5,20211112,211500,57.6923,57.6923,57.6923,57.6923,1792,0
FNDB.US,5,20211112,212000,57.7145,57.7145,57.7145,57.7145,275,0
FNDB.US,5,20211112,212500,57.73,57.73,57.73,57.73,288,0
FNDB.US,5,20211112,213000,57.7677,57.7677,57.7677,57.7677,125,0
FNDB.US,5,20211115,153000,57.87,57.87,57.87,57.87,104,0
FNDB.US,5,20211115,153500,57.85,57.85,57.85,57.85,200,0
FNDB.US,5,20211115,160000,57.8106,57.8106,57.8106,57.8106,156,0
FNDB.US,5,20211115,160500,57.8,57.8,57.7901,57.7901,216,0
FNDB.US,5,20211115,162000,57.8601,57.8601,57.85,57.85,791,0
FNDB.US,5,20211115,172000,57.8896,57.8896,57.8896,57.8896,100,0
FNDB.US,5,20211115,182000,57.75,57.75,57.75,57.75,715,0
FNDB.US,5,20211115,183000,57.7876,57.7876,57.7876,57.7876,207,0
FNDB.US,5,20211115,184000,57.79,57.79,57.79,57.79,100,0
FNDB.US,5,20211115,192000,57.85,57.85,57.85,57.85,600,0
FNDB.US,5,20211115,194000,57.83,57.8409,57.83,57.8409,450,0
FNDB.US,5,20211115,195500,57.85,57.85,57.85,57.85,2480,0
FNDB.US,5,20211115,202500,57.8297,57.8297,57.8297,57.8297,150,0
FNDB.US,5,20211115,210000,57.8217,57.8217,57.8217,57.8217,1556,0
FNDB.US,5,20211115,212000,57.79,57.79,57.79,57.79,101,0
FNDB.US,5,20211115,212500,57.8219,57.8219,57.8219,57.8219,335,0
FNDB.US,5,20211115,213000,57.7701,57.7701,57.7701,57.7701,255,0
FNDB.US,5,20211115,213500,57.7767,57.7767,57.7767,57.7767,130,0
FNDB.US,5,20211115,214000,57.74,57.7683,57.74,57.7683,2370,0
FNDB.US,5,20211115,215000,57.71,57.71,57.71,57.71,577,0
FNDB.US,5,20211115,215500,57.7,57.74,57.7,57.74,580,0
FNDB.US,5,20211116,153000,57.92,57.92,57.92,57.92,1173,0
FNDB.US,5,20211116,153500,57.78,57.82,57.78,57.82,200,0
FNDB.US,5,20211116,154500,57.895,57.895,57.895,57.895,100,0
FNDB.US,5,20211116,155000,57.9213,57.9213,57.9213,57.9213,100,0
FNDB.US,5,20211116,170000,57.7667,57.7667,57.7667,57.7667,100,0
FNDB.US,5,20211116,170500,57.766,57.766,57.766,57.766,125,0
FNDB.US,5,20211116,171000,57.785,57.785,57.785,57.785,100,0
FNDB.US,5,20211116,173500,57.8777,57.8777,57.8777,57.8777,200,0
FNDB.US,5,20211116,181000,57.921,57.921,57.921,57.921,250,0
FNDB.US,5,20211116,181500,57.945,57.945,57.945,57.945,197,0
FNDB.US,5,20211116,183500,57.99,57.99,57.99,57.99,200,0
FNDB.US,5,20211116,184500,58.01,58.01,58.01,58.01,100,0
FNDB.US,5,20211116,190500,58.0001,58.015,58.0001,58.015,600,0
FNDB.US,5,20211116,191000,58.0019,58.0254,58.0019,58.0154,520,0
FNDB.US,5,20211116,191500,58.005,58.005,58.005,58.005,500,0
FNDB.US,5,20211116,193000,58.0123,58.0123,58.0123,58.0123,479,0
FNDB.US,5,20211116,194000,58.0003,58.0297,58.0003,58.0297,1245,0
FNDB.US,5,20211116,194500,58.0001,58.0001,58,58,1303,0
FNDB.US,5,20211116,200000,58.005,58.005,58.005,58.005,497,0
FNDB.US,5,20211116,202000,57.9568,57.9568,57.9568,57.9568,572,0
FNDB.US,5,20211116,203500,57.961,57.98,57.96,57.97,4829,0
FNDB.US,5,20211116,205500,57.935,57.9377,57.935,57.9377,1215,0
FNDB.US,5,20211116,212500,57.9102,57.9102,57.9102,57.9102,104,0
FNDB.US,5,20211116,213000,57.9018,57.9018,57.9018,57.9018,259,0
FNDB.US,5,20211116,213500,57.9177,57.92,57.9121,57.92,2300,0
FNDB.US,5,20211116,214000,57.885,57.885,57.87,57.87,356,0
FNDB.US,5,20211116,214500,57.8618,57.8618,57.8618,57.8618,660,0
FNDB.US,5,20211116,215000,57.8278,57.8278,57.8278,57.8278,115,0
FNDB.US,5,20211116,215500,57.81,57.81,57.78,57.78,1580,0
FNDB.US,5,20211117,153000,57.74,57.74,57.74,57.74,2707,0
FNDB.US,5,20211117,153500,57.56,57.63,57.56,57.5608,998,0
FNDB.US,5,20211117,160000,57.61,57.61,57.61,57.61,100,0
FNDB.US,5,20211117,160500,57.625,57.625,57.625,57.625,100,0
FNDB.US,5,20211117,162500,57.54,57.54,57.54,57.54,600,0
FNDB.US,5,20211117,163000,57.58,57.6,57.58,57.6,604,0
FNDB.US,5,20211117,171500,57.5681,57.58,57.5681,57.58,200,0
FNDB.US,5,20211117,172000,57.51,57.51,57.51,57.51,200,0
FNDB.US,5,20211117,181500,57.47,57.47,57.47,57.47,100,0
FNDB.US,5,20211117,182000,57.46,57.46,57.46,57.46,100,0
FNDB.US,5,20211117,183000,57.41,57.41,57.41,57.41,200,0
FNDB.US,5,20211117,184000,57.452,57.452,57.435,57.445,839,0
FNDB.US,5,20211117,184500,57.41,57.41,57.41,57.41,290,0
FNDB.US,5,20211117,190500,57.51,57.5302,57.51,57.5103,4021,0
FNDB.US,5,20211117,191000,57.511,57.511,57.511,57.511,100,0
FNDB.US,5,20211117,191500,57.52,57.52,57.5,57.5,1930,0
FNDB.US,5,20211117,193500,57.52,57.52,57.52,57.52,151,0
FNDB.US,5,20211117,200000,57.53,57.53,57.53,57.53,100,0
FNDB.US,5,20211117,201000,57.49,57.49,57.49,57.49,200,0
FNDB.US,5,20211117,201500,57.49,57.49,57.49,57.49,100,0
FNDB.US,5,20211117,204000,57.4496,57.4496,57.4496,57.4496,187,0
FNDB.US,5,20211117,204500,57.46,57.46,57.46,57.46,124,0
FNDB.US,5,20211117,205500,57.46,57.46,57.46,57.46,805,0
FNDB.US,5,20211117,210000,57.47,57.47,57.47,57.47,200,0
FNDB.US,5,20211117,214000,57.52,57.52,57.52,57.52,200,0
FNDB.US,5,20211118,153000,57.51,57.51,57.51,57.51,102,0
FNDB.US,5,20211118,173500,57.32,57.32,57.32,57.32,100,0
FNDB.US,5,20211118,174500,57.3,57.31,57.29,57.31,5285,0
FNDB.US,5,20211118,175000,57.3,57.3,57.3,57.3,300,0
FNDB.US,5,20211118,180000,57.3597,57.3597,57.3597,57.3597,506,0
FNDB.US,5,20211118,181000,57.393,57.393,57.393,57.393,172,0
FNDB.US,5,20211118,184500,57.39,57.39,57.39,57.39,300,0
FNDB.US,5,20211118,191000,57.3702,57.3702,57.3702,57.3702,163,0
FNDB.US,5,20211118,191500,57.3663,57.3663,57.3663,57.3663,116,0
FNDB.US,5,20211118,193000,57.3501,57.3501,57.3501,57.3501,123,0
FNDB.US,5,20211118,194000,57.3997,57.3997,57.3997,57.3997,600,0
FNDB.US,5,20211118,195000,57.425,57.425,57.425,57.425,434,0
FNDB.US,5,20211118,203500,57.3898,57.3898,57.3898,57.3898,174,0
FNDB.US,5,20211118,204000,57.36,57.3709,57.36,57.3709,847,0
FNDB.US,5,20211118,204500,57.38,57.3873,57.38,57.3873,474,0
FNDB.US,5,20211118,205000,57.42,57.42,57.42,57.42,195,0
FNDB.US,5,20211118,210000,57.425,57.425,57.425,57.425,335,0
FNDB.US,5,20211118,211000,57.44,57.44,57.44,57.44,215,0
FNDB.US,5,20211118,211500,57.44,57.44,57.44,57.44,400,0
FNDB.US,5,20211118,214500,57.4,57.4,57.4,57.4,200,0
FNDB.US,5,20211118,215000,57.42,57.42,57.42,57.42,434,0
FNDB.US,5,20211118,215500,57.4142,57.4142,57.39,57.39,319,0
FNDB.US,5,20211119,153000,57.13,57.13,57.07,57.07,389,0
FNDB.US,5,20211119,153500,57.055,57.055,57.055,57.055,100,0
FNDB.US,5,20211119,155000,57,57,57,57,132,0
FNDB.US,5,20211119,155500,56.9961,56.9961,56.9687,56.9897,3496,0
FNDB.US,5,20211119,160000,56.89,56.91,56.86,56.91,58287,0
FNDB.US,5,20211119,161000,56.9,56.9,56.9,56.9,100,0
FNDB.US,5,20211119,162500,56.94,56.9499,56.9332,56.9499,1629,0
FNDB.US,5,20211119,163000,56.92,56.9381,56.92,56.935,873,0
FNDB.US,5,20211119,164500,57.01,57.01,57.01,57.01,100,0
FNDB.US,5,20211119,171500,57.0401,57.0401,57.0401,57.0401,300,0
FNDB.US,5,20211119,172000,57.0453,57.0453,57.04,57.04,400,0
FNDB.US,5,20211119,172500,57.04,57.04,57.04,57.04,500,0
FNDB.US,5,20211119,173000,57.03,57.03,57.03,57.03,200,0
FNDB.US,5,20211119,173500,57.03,57.03,57.03,57.03,300,0
FNDB.US,5,20211119,175000,57.01,57.01,57.01,57.01,120,0
FNDB.US,5,20211119,182000,57.0501,57.0501,57.0501,57.0501,176,0
FNDB.US,5,20211119,183500,57.146,57.146,57.146,57.146,100,0
FNDB.US,5,20211119,184000,57.14,57.14,57.14,57.14,100,0
FNDB.US,5,20211119,185000,57.1001,57.1001,57.1001,57.1001,306,0
FNDB.US,5,20211119,192500,56.99,56.99,56.99,56.99,100,0
FNDB.US,5,20211119,194000,56.87,56.87,56.87,56.87,123,0
FNDB.US,5,20211119,194500,56.8867,56.8867,56.8867,56.8867,100,0
FNDB.US,5,20211119,201000,56.975,56.975,56.975,56.975,109,0
FNDB.US,5,20211119,203000,56.92,56.92,56.92,56.92,308,0
FNDB.US,5,20211119,204000,56.935,56.9499,56.935,56.94,800,0
FNDB.US,5,20211119,210000,56.945,56.945,56.945,56.945,135,0
FNDB.US,5,20211119,211000,56.89,56.89,56.89,56.89,100,0
FNDB.US,5,20211119,213000,56.91,56.92,56.91,56.92,400,0
FNDB.US,5,20211119,214000,56.865,56.865,56.865,56.865,200,0
FNDB.US,5,20211119,214500,56.87,56.87,56.86,56.86,300,0
FNDB.US,5,20211119,215000,56.89,56.89,56.89,56.89,100,0
FNDB.US,5,20211122,153000,57.06,57.06,57.06,57.06,376,0
FNDB.US,5,20211122,153500,57.175,57.175,57.1654,57.1654,400,0
FNDB.US,5,20211122,154000,57.1854,57.1854,57.1854,57.1854,160,0
FNDB.US,5,20211122,154500,57.305,57.305,57.305,57.305,1744,0
FNDB.US,5,20211122,155000,57.31,57.31,57.31,57.31,498,0
FNDB.US,5,20211122,160500,57.5,57.51,57.5,57.51,500,0
FNDB.US,5,20211122,162000,57.57,57.57,57.57,57.57,100,0
FNDB.US,5,20211122,162500,57.53,57.53,57.53,57.53,700,0
FNDB.US,5,20211122,163000,57.57,57.57,57.57,57.57,1100,0
FNDB.US,5,20211122,164500,57.54,57.54,57.54,57.54,100,0
FNDB.US,5,20211122,165500,57.57,57.57,57.57,57.57,100,0
FNDB.US,5,20211122,170000,57.57,57.591,57.57,57.591,974,0
FNDB.US,5,20211122,171000,57.6,57.6,57.6,57.6,569,0
FNDB.US,5,20211122,173500,57.69,57.69,57.69,57.69,560,0
FNDB.US,5,20211122,174000,57.65,57.65,57.65,57.65,800,0
FNDB.US,5,20211122,174500,57.66,57.66,57.66,57.66,2594,0
FNDB.US,5,20211122,175000,57.6,57.6,57.6,57.6,175,0
FNDB.US,5,20211122,182000,57.49,57.49,57.49,57.49,600,0
FNDB.US,5,20211122,183500,57.54,57.54,57.53,57.53,400,0
FNDB.US,5,20211122,190000,57.5493,57.5493,57.5493,57.5493,4066,0
FNDB.US,5,20211122,190500,57.552,57.552,57.552,57.552,139,0
FNDB.US,5,20211122,192500,57.6,57.61,57.6,57.6,700,0
FNDB.US,5,20211122,200000,57.62,57.62,57.62,57.62,100,0
FNDB.US,5,20211122,201500,57.6201,57.6201,57.6201,57.6201,100,0
FNDB.US,5,20211122,203000,57.655,57.655,57.655,57.655,494,0
FNDB.US,5,20211122,204500,57.675,57.675,57.675,57.675,260,0
FNDB.US,5,20211122,205500,57.71,57.71,57.71,57.71,100,0
FNDB.US,5,20211122,210000,57.7341,57.7341,57.7341,57.7341,112,0
FNDB.US,5,20211122,211500,57.7,57.7,57.7,57.7,199,0
FNDB.US,5,20211122,214000,57.57,57.57,57.57,57.57,263,0
FNDB.US,5,20211122,215000,57.415,57.415,57.4,57.4,315,0
FNDB.US,5,20211123,153000,57.34,57.34,57.34,57.34,116,0
FNDB.US,5,20211123,160500,57.49,57.49,57.49,57.49,700,0
FNDB.US,5,20211123,161500,57.47,57.47,57.46,57.47,1200,0
FNDB.US,5,20211123,163500,57.3871,57.3871,57.3871,57.3871,400,0
FNDB.US,5,20211123,164500,57.3944,57.3944,57.3944,57.3944,140,0
FNDB.US,5,20211123,165500,57.37,57.37,57.37,57.37,100,0
FNDB.US,5,20211123,171000,57.4,57.4,57.4,57.4,156,0
FNDB.US,5,20211123,172500,57.4464,57.4464,57.4464,57.4464,540,0
FNDB.US,5,20211123,173500,57.49,57.49,57.49,57.49,222,0
FNDB.US,5,20211123,180500,57.3677,57.3677,57.3677,57.3677,696,0
FNDB.US,5,20211123,183000,57.5,57.5,57.5,57.5,100,0
FNDB.US,5,20211123,185000,57.45,57.45,57.45,57.45,205,0
FNDB.US,5,20211123,191000,57.415,57.415,57.415,57.415,105,0
FNDB.US,5,20211123,192000,57.41,57.435,57.41,57.435,361,0
FNDB.US,5,20211123,195000,57.5656,57.5656,57.5656,57.5656,107,0
FNDB.US,5,20211123,200000,57.5426,57.5426,57.5426,57.5426,425,0
FNDB.US,5,20211123,202500,57.5529,57.57,57.5529,57.57,304,0
FNDB.US,5,20211123,204000,57.55,57.55,57.53,57.53,463,0
FNDB.US,5,20211123,204500,57.56,57.57,57.56,57.57,400,0
FNDB.US,5,20211123,205000,57.61,57.61,57.59,57.59,441,0
FNDB.US,5,20211123,210000,57.5977,57.5977,57.5977,57.5977,350,0
FNDB.US,5,20211123,211500,57.569,57.569,57.569,57.569,120,0
FNDB.US,5,20211123,213000,57.55,57.55,57.55,57.55,200,0
FNDB.US,5,20211123,214000,57.625,57.625,57.625,57.625,127,0
FNDB.US,5,20211123,215500,57.65,57.65,57.65,57.65,300,0
FNDB.US,5,20211124,153000,57.44,57.44,57.41,57.41,2343,0
FNDB.US,5,20211124,154500,57.455,57.455,57.455,57.455,105,0
FNDB.US,5,20211124,163000,57.5083,57.5083,57.5083,57.5083,100,0
FNDB.US,5,20211124,164500,57.48,57.48,57.48,57.48,100,0
FNDB.US,5,20211124,165000,57.5322,57.5322,57.5322,57.5322,300,0
FNDB.US,5,20211124,165500,57.535,57.535,57.535,57.535,100,0
FNDB.US,5,20211124,172000,57.552,57.552,57.552,57.552,226,0
FNDB.US,5,20211124,175000,57.545,57.545,57.545,57.545,200,0
FNDB.US,5,20211124,180500,57.49,57.49,57.49,57.49,100,0
FNDB.US,5,20211124,181000,57.47,57.47,57.47,57.47,100,0
FNDB.US,5,20211124,184000,57.525,57.525,57.525,57.525,100,0
FNDB.US,5,20211124,185000,57.535,57.535,57.53,57.53,200,0
FNDB.US,5,20211124,200000,57.54,57.54,57.54,57.54,100,0
FNDB.US,5,20211124,200500,57.52,57.52,57.46,57.46,1070,0
FNDB.US,5,20211124,204000,57.5458,57.5458,57.5458,57.5458,248,0
FNDB.US,5,20211124,210000,57.5224,57.5224,57.5224,57.5224,200,0
FNDB.US,5,20211124,213000,57.6,57.6,57.5704,57.5704,1100,0
FNDB.US,5,20211124,213500,57.62,57.63,57.62,57.63,400,0
FNDB.US,5,20211124,214000,57.58,57.59,57.58,57.59,300,0
FNDB.US,5,20211124,215500,57.6,57.6,57.58,57.58,700,0
FNDB.US,5,20211126,153000,56.35,56.35,56.1604,56.25,2455,0
FNDB.US,5,20211126,153500,56.3,56.3,56.25,56.25,600,0
FNDB.US,5,20211126,160500,55.95,55.95,55.94,55.9481,3034,0
FNDB.US,5,20211126,161500,55.8,55.8,55.8,55.8,500,0
FNDB.US,5,20211126,162500,55.9,55.94,55.9,55.94,600,0
FNDB.US,5,20211126,164000,56,56,56,56,890,0
FNDB.US,5,20211126,165000,55.95,55.95,55.95,55.95,200,0
FNDB.US,5,20211126,165500,55.9,55.9,55.9,55.9,100,0
FNDB.US,5,20211126,170000,55.85,55.85,55.85,55.85,200,0
FNDB.US,5,20211126,170500,55.855,55.855,55.855,55.855,211,0
FNDB.US,5,20211126,171000,55.8797,55.8797,55.8777,55.8777,312,0
FNDB.US,5,20211126,171500,55.83,55.83,55.75,55.75,1800,0
FNDB.US,5,20211126,172500,55.73,55.75,55.73,55.74,1300,0
FNDB.US,5,20211126,173500,55.76,55.82,55.76,55.82,1000,0
FNDB.US,5,20211126,174500,55.86,55.8799,55.86,55.86,1100,0
FNDB.US,5,20211126,175000,55.8,55.8,55.8,55.8,150,0
FNDB.US,5,20211126,175500,55.8,55.84,55.8,55.83,1400,0
FNDB.US,5,20211126,180000,55.84,55.9099,55.84,55.9099,250,0
FNDB.US,5,20211126,180500,55.91,55.91,55.91,55.91,1400,0
FNDB.US,5,20211126,181000,56.09,56.09,56.04,56.04,300,0
FNDB.US,5,20211126,181500,56,56,56,56,250,0
FNDB.US,5,20211126,182000,56,56.06,56,56.06,536,0
FNDB.US,5,20211126,182500,56.13,56.13,56.13,56.13,100,0
FNDB.US,5,20211126,183000,56.16,56.2018,56.16,56.2018,2358,0
FNDB.US,5,20211126,183500,56.27,56.27,56.27,56.27,100,0
FNDB.US,5,20211126,184000,56.2299,56.2299,56.21,56.21,2420,0
FNDB.US,5,20211126,185000,55.97,55.99,55.97,55.99,300,0
FNDB.US,5,20211126,185500,55.93,56.15,55.93,56.07,2600,0
FNDB.US,5,20211126,190000,56.04,56.04,56.02,56.02,649,0
FNDB.US,5,20211126,191000,56.02,56.02,56.02,56.02,0,0
FNDB.US,5,20211126,213000,56.02,56.02,56.02,56.02,0,0
FNDB.US,5,20211129,153000,56.72,56.72,56.7,56.7,3347,0
FNDB.US,5,20211129,153500,56.57,56.57,56.57,56.57,176,0
FNDB.US,5,20211129,155000,56.3805,56.3805,56.3805,56.3805,134,0
FNDB.US,5,20211129,155500,56.3638,56.3638,56.3638,56.3638,100,0
FNDB.US,5,20211129,160000,56.31,56.31,56.31,56.31,100,0
FNDB.US,5,20211129,162500,56.1974,56.1974,56.1974,56.1974,1333,0
FNDB.US,5,20211129,164000,56.0337,56.0337,56.0337,56.0337,108,0
FNDB.US,5,20211129,165000,56.04,56.0665,56.04,56.0665,770,0
FNDB.US,5,20211129,165500,56.12,56.12,56.12,56.12,150,0
FNDB.US,5,20211129,172500,56.19,56.22,56.16,56.16,1500,0
FNDB.US,5,20211129,173000,56.17,56.17,56.16,56.16,544,0
FNDB.US,5,20211129,174000,56.27,56.27,56.24,56.24,200,0
FNDB.US,5,20211129,174500,56.2884,56.3054,56.2884,56.3054,868,0
FNDB.US,5,20211129,180000,56.33,56.33,56.33,56.33,100,0
FNDB.US,5,20211129,180500,56.4,56.4,56.395,56.395,400,0
FNDB.US,5,20211129,182500,56.54,56.56,56.54,56.56,900,0
FNDB.US,5,20211129,184000,56.6027,56.6184,56.59,56.6184,1891,0
FNDB.US,5,20211129,192500,56.5648,56.5648,56.53,56.56,1566,0
FNDB.US,5,20211129,193000,56.61,56.61,56.61,56.61,132,0
FNDB.US,5,20211129,204500,56.505,56.505,56.505,56.505,222,0
FNDB.US,5,20211129,205000,56.5218,56.5218,56.505,56.5199,670,0
FNDB.US,5,20211129,210000,56.4994,56.4994,56.4994,56.4994,140,0
FNDB.US,5,20211129,211500,56.5281,56.5281,56.5281,56.5281,612,0
FNDB.US,5,20211129,214500,56.4016,56.4016,56.4,56.4,410,0
FNDB.US,5,20211130,153000,55.86,55.95,55.86,55.94,876,0
FNDB.US,5,20211130,155500,55.79,55.79,55.79,55.79,500,0
FNDB.US,5,20211130,160000,55.79,55.79,55.79,55.79,100,0
FNDB.US,5,20211130,161000,55.8736,55.8736,55.8377,55.8377,200,0
FNDB.US,5,20211130,161500,55.819,55.819,55.819,55.819,350,0
FNDB.US,5,20211130,162500,55.7223,55.7223,55.7223,55.7223,100,0
FNDB.US,5,20211130,163500,55.855,55.855,55.855,55.855,223,0
FNDB.US,5,20211130,164500,55.7,55.7,55.7,55.7,200,0
FNDB.US,5,20211130,165000,55.57,55.57,55.57,55.57,300,0
FNDB.US,5,20211130,170000,55.35,55.35,55.32,55.32,1100,0
FNDB.US,5,20211130,171000,55.425,55.425,55.425,55.425,189,0
FNDB.US,5,20211130,174500,55.16,55.1899,55.16,55.1866,700,0
FNDB.US,5,20211130,175000,55.16,55.16,55.16,55.16,500,0
FNDB.US,5,20211130,175500,55.2,55.2,55.2,55.2,300,0
FNDB.US,5,20211130,180000,55.14,55.14,55.09,55.09,800,0
FNDB.US,5,20211130,181000,55.07,55.1077,55.07,55.1077,2284,0
FNDB.US,5,20211130,182500,55.24,55.24,55.24,55.24,300,0
FNDB.US,5,20211130,184000,55.22,55.24,55.22,55.24,886,0
FNDB.US,5,20211130,184500,55.26,55.26,55.26,55.26,500,0
FNDB.US,5,20211130,191500,55.1418,55.1418,55.1418,55.1418,544,0
FNDB.US,5,20211130,192500,55.14,55.14,55.14,55.14,700,0
FNDB.US,5,20211130,193000,55.19,55.19,55.19,55.19,100,0
FNDB.US,5,20211130,193500,55.195,55.26,55.195,55.26,986,0
FNDB.US,5,20211130,203500,55.37,55.38,55.37,55.38,812,0
FNDB.US,5,20211130,205000,55.21,55.21,55.21,55.21,300,0
FNDB.US,5,20211130,211000,55.2333,55.2333,55.1982,55.1982,642,0
FNDB.US,5,20211130,211500,55.22,55.22,55.22,55.22,100,0
FNDB.US,5,20211130,212500,55.16,55.16,55.16,55.16,100,0
FNDB.US,5,20211130,214000,55.25,55.26,55.25,55.26,1572,0
FNDB.US,5,20211130,214500,55.33,55.34,55.33,55.34,200,0
FNDB.US,5,20211130,215000,55.07,55.07,55.02,55.02,315,0
FNDB.US,5,20211130,215500,55.03,55.12,55.03,55.12,1973,0
FNDB.US,5,20211201,153000,55.85,55.85,55.85,55.85,1054,0
FNDB.US,5,20211201,153500,55.7495,55.7495,55.7495,55.7495,100,0
FNDB.US,5,20211201,154500,55.85,55.85,55.85,55.85,100,0
FNDB.US,5,20211201,155500,55.855,55.855,55.855,55.855,962,0
FNDB.US,5,20211201,160000,55.95,56.08,55.95,56.08,729,0
FNDB.US,5,20211201,160500,56.06,56.06,56.06,56.06,1083,0
FNDB.US,5,20211201,161500,56.17,56.17,56.17,56.17,233,0
FNDB.US,5,20211201,164500,56.11,56.11,56.11,56.11,400,0
FNDB.US,5,20211201,165000,56.17,56.17,56.17,56.17,100,0
FNDB.US,5,20211201,171500,56.27,56.29,56.27,56.29,577,0
FNDB.US,5,20211201,172000,56.3,56.3,56.3,56.3,300,0
FNDB.US,5,20211201,172500,56.32,56.32,56.32,56.32,100,0
FNDB.US,5,20211201,173000,56.29,56.3,56.29,56.3,200,0
FNDB.US,5,20211201,183500,56,56,56,56,235,0
FNDB.US,5,20211201,185500,55.7954,55.7954,55.7954,55.7954,160,0
FNDB.US,5,20211201,190500,55.74,55.74,55.74,55.74,100,0
FNDB.US,5,20211201,191500,55.6517,55.6517,55.6517,55.6517,100,0
FNDB.US,5,20211201,192500,55.65,55.65,55.65,55.65,460,0
FNDB.US,5,20211201,194000,55.57,55.57,55.57,55.57,100,0
FNDB.US,5,20211201,201500,55.2935,55.2935,55.2935,55.2935,118,0
FNDB.US,5,20211201,202000,55.3323,55.385,55.3323,55.385,581,0
FNDB.US,5,20211201,202500,55.4336,55.45,55.4336,55.45,770,0
FNDB.US,5,20211201,203500,55.43,55.43,55.43,55.43,101,0
FNDB.US,5,20211201,204000,55.43,55.43,55.43,55.43,100,0
FNDB.US,5,20211201,205000,55.33,55.33,55.33,55.33,275,0
FNDB.US,5,20211201,212000,55.01,55.01,54.99,54.99,1000,0
FNDB.US,5,20211201,212500,54.9642,54.9642,54.9642,54.9642,422,0
FNDB.US,5,20211201,214000,54.9864,55.07,54.9864,55.07,557,0
FNDB.US,5,20211201,215000,54.815,54.815,54.815,54.815,106,0
FNDB.US,5,20211201,215500,54.7,54.71,54.5201,54.535,3949,0
FNDB.US,5,20211202,153000,54.66,54.66,54.66,54.66,144,0
FNDB.US,5,20211202,153500,54.6,54.6,54.59,54.59,347,0
FNDB.US,5,20211202,154500,55.0705,55.0705,55.0705,55.0705,400,0
FNDB.US,5,20211202,155000,55.165,55.165,55.165,55.165,100,0
FNDB.US,5,20211202,161000,55.275,55.275,55.275,55.275,200,0
FNDB.US,5,20211202,163500,55.1645,55.1645,55.0704,55.0704,1039,0
FNDB.US,5,20211202,164000,55.101,55.101,55.03,55.06,585,0
FNDB.US,5,20211202,172000,55.4601,55.4734,55.45,55.4734,1418,0
FNDB.US,5,20211202,172500,55.5304,55.5304,55.5304,55.5304,110,0
FNDB.US,5,20211202,173000,55.55,55.55,55.55,55.55,100,0
FNDB.US,5,20211202,185500,55.6864,55.6864,55.6864,55.6864,307,0
FNDB.US,5,20211202,190000,55.66,55.66,55.66,55.66,200,0
FNDB.US,5,20211202,194500,55.625,55.625,55.625,55.625,100,0
FNDB.US,5,20211202,195500,55.81,55.81,55.81,55.81,100,0
FNDB.US,5,20211202,200000,55.83,55.83,55.83,55.83,200,0
FNDB.US,5,20211202,202500,55.8204,55.8204,55.81,55.81,285,0
FNDB.US,5,20211202,204500,55.7998,55.7998,55.79,55.79,730,0
FNDB.US,5,20211202,211000,55.73,55.73,55.73,55.73,100,0
FNDB.US,5,20211202,214000,55.8,55.8579,55.79,55.8579,655,0
FNDB.US,5,20211202,214500,55.8,55.8,55.76,55.79,3429,0
FNDB.US,5,20211202,215500,55.58,55.62,55.58,55.62,340,0
FNDB.US,5,20211203,160000,55.61,55.61,55.61,55.61,285,0
FNDB.US,5,20211203,161000,55.4908,55.4908,55.4504,55.49,642,0
FNDB.US,5,20211203,163500,55.58,55.58,55.58,55.58,300,0
FNDB.US,5,20211203,165000,55.32,55.3413,55.26,55.3413,421,0
FNDB.US,5,20211203,165500,55.36,55.36,55.36,55.36,100,0
FNDB.US,5,20211203,170500,55.26,55.27,55.26,55.27,287,0
FNDB.US,5,20211203,171500,55.42,55.42,55.31,55.31,200,0
FNDB.US,5,20211203,172000,55.3,55.3,55.3,55.3,100,0
FNDB.US,5,20211203,174000,55.38,55.38,55.38,55.38,300,0
FNDB.US,5,20211203,175000,55.31,55.31,55.31,55.31,100,0
FNDB.US,5,20211203,175500,55.2,55.2,55.2,55.2,100,0
FNDB.US,5,20211203,184000,55.5,55.5,55.5,55.5,100,0
FNDB.US,5,20211203,191000,55.39,55.39,55.36,55.36,600,0
FNDB.US,5,20211203,191500,55.3601,55.4524,55.3601,55.4524,2226,0
FNDB.US,5,20211203,192000,55.45,55.45,55.44,55.44,200,0
FNDB.US,5,20211203,192500,55.41,55.41,55.4,55.4,400,0
FNDB.US,5,20211203,194500,55.2,55.2,55.2,55.2,100,0
FNDB.US,5,20211203,195000,55.2651,55.2651,55.25,55.25,308,0
FNDB.US,5,20211203,200000,55.18,55.1852,55.175,55.175,1226,0
FNDB.US,5,20211203,200500,55.19,55.19,55.18,55.18,657,0
FNDB.US,5,20211203,201000,55.1437,55.1437,55.1437,55.1437,300,0
FNDB.US,5,20211203,201500,55.1699,55.1699,55.1699,55.1699,1000,0
FNDB.US,5,20211203,202500,55.21,55.21,55.17,55.17,710,0
FNDB.US,5,20211203,203000,55.17,55.17,55.1,55.1,200,0
FNDB.US,5,20211203,203500,55.1164,55.12,55.0893,55.12,1882,0
FNDB.US,5,20211203,204000,55.16,55.16,55.16,55.16,321,0
FNDB.US,5,20211203,204500,55.1248,55.1248,55.1248,55.1248,172,0
FNDB.US,5,20211203,210000,54.96,54.96,54.96,54.96,100,0
FNDB.US,5,20211203,210500,55.12,55.12,55.0326,55.0326,425,0
FNDB.US,5,20211203,211000,55.03,55.03,55.03,55.03,100,0
FNDB.US,5,20211203,211500,55.0838,55.0838,55.06,55.06,204,0
FNDB.US,5,20211203,212000,55.22,55.22,55.22,55.22,100,0
FNDB.US,5,20211203,214000,55.1667,55.19,55.1667,55.19,221,0
FNDB.US,5,20211203,214500,55.0605,55.1,55.0605,55.1,1137,0
FNDB.US,5,20211203,215000,55.3001,55.3001,55.3001,55.3001,123,0
FNDB.US,5,20211206,153000,55.95,55.975,55.95,55.975,1651,0
FNDB.US,5,20211206,154000,55.85,55.85,55.85,55.85,150,0
FNDB.US,5,20211206,160000,56.15,56.16,56.15,56.16,400,0
FNDB.US,5,20211206,161000,56.25,56.25,56.25,56.25,100,0
FNDB.US,5,20211206,171500,56.3482,56.3482,56.3482,56.3482,250,0
FNDB.US,5,20211206,172500,56.37,56.37,56.37,56.37,247,0
FNDB.US,5,20211206,173000,56.31,56.34,56.31,56.32,2400,0
FNDB.US,5,20211206,175000,56.2516,56.2516,56.2516,56.2516,130,0
FNDB.US,5,20211206,175500,56.305,56.32,56.305,56.32,200,0
FNDB.US,5,20211206,181000,56.387,56.387,56.387,56.387,100,0
FNDB.US,5,20211206,181500,56.3264,56.38,56.312,56.38,1170,0
FNDB.US,5,20211206,183500,56.4183,56.4183,56.4183,56.4183,600,0
FNDB.US,5,20211206,185000,56.47,56.47,56.47,56.47,444,0
FNDB.US,5,20211206,191000,56.5311,56.5311,56.5311,56.5311,164,0
FNDB.US,5,20211206,192500,56.56,56.6,56.56,56.6,800,0
FNDB.US,5,20211206,193000,56.5597,56.5597,56.5597,56.5597,135,0
FNDB.US,5,20211206,200500,56.555,56.555,56.555,56.555,100,0
FNDB.US,5,20211206,203000,56.505,56.505,56.505,56.505,225,0
FNDB.US,5,20211206,203500,56.5023,56.5023,56.5023,56.5023,100,0
FNDB.US,5,20211206,204000,56.45,56.47,56.45,56.47,600,0
FNDB.US,5,20211206,204500,56.4436,56.4436,56.4436,56.4436,500,0
FNDB.US,5,20211206,205500,56.3388,56.3388,56.3388,56.3388,354,0
FNDB.US,5,20211206,210500,56.3689,56.3689,56.3689,56.3689,152,0
FNDB.US,5,20211206,211500,56.4,56.41,56.3903,56.41,995,0
FNDB.US,5,20211206,212000,56.38,56.38,56.38,56.38,339,0
FNDB.US,5,20211206,214500,56.28,56.28,56.2723,56.2723,1100,0
FNDB.US,5,20211207,153000,56.86,56.87,56.86,56.87,326,0
FNDB.US,5,20211207,154000,57.03,57.03,57.03,57.03,100,0
FNDB.US,5,20211207,155000,57.085,57.135,57.085,57.099,1425,0
FNDB.US,5,20211207,155500,57.125,57.125,57.125,57.125,1260,0
FNDB.US,5,20211207,160000,57.1899,57.1899,57.1899,57.1899,349,0
FNDB.US,5,20211207,160500,57.1836,57.1836,57.1836,57.1836,148,0
FNDB.US,5,20211207,161000,57.1906,57.22,57.1906,57.22,249,0
FNDB.US,5,20211207,163500,57.2252,57.2336,57.2252,57.2336,475,0
FNDB.US,5,20211207,170500,57.34,57.34,57.34,57.34,500,0
FNDB.US,5,20211207,172000,57.2518,57.2518,57.2518,57.2518,174,0
FNDB.US,5,20211207,172500,57.25,57.25,57.25,57.25,175,0
FNDB.US,5,20211207,173000,57.26,57.26,57.26,57.26,200,0
FNDB.US,5,20211207,173500,57.2577,57.2577,57.2577,57.2577,200,0
FNDB.US,5,20211207,174500,57.23,57.238,57.23,57.238,200,0
FNDB.US,5,20211207,182500,57.2299,57.2299,57.2299,57.2299,350,0
FNDB.US,5,20211207,193000,57.1777,57.1777,57.1777,57.1777,611,0
FNDB.US,5,20211207,195000,57.22,57.22,57.22,57.22,100,0
FNDB.US,5,20211207,211000,57.189,57.189,57.189,57.189,175,0
FNDB.US,5,20211207,212000,57.1101,57.1101,57.1101,57.1101,2705,0
FNDB.US,5,20211207,214000,56.9703,56.9703,56.9703,56.9703,177,0
FNDB.US,5,20211207,214500,57.0097,57.0097,57.0097,57.0097,200,0
FNDB.US,5,20211207,215000,56.91,56.91,56.91,56.91,100,0
FNDB.US,5,20211207,215500,56.99,57.07,56.99,57.07,1755,0
FNDB.US,5,20211208,153000,56.89,56.89,56.89,56.89,251,0
FNDB.US,5,20211208,160500,56.9,56.9,56.9,56.9,100,0
FNDB.US,5,20211208,161500,56.91,56.91,56.91,56.91,208,0
FNDB.US,5,20211208,165000,56.75,56.75,56.75,56.75,100,0
FNDB.US,5,20211208,172500,56.7349,56.77,56.7349,56.755,698,0
FNDB.US,5,20211208,173000,56.77,56.79,56.77,56.79,336,0
FNDB.US,5,20211208,173500,56.745,56.745,56.745,56.745,140,0
FNDB.US,5,20211208,181000,56.7901,56.82,56.7901,56.82,680,0
FNDB.US,5,20211208,181500,56.78,56.78,56.78,56.78,284,0
FNDB.US,5,20211208,183000,56.79,56.79,56.79,56.79,558,0
FNDB.US,5,20211208,184500,56.8021,56.8021,56.8021,56.8021,173,0
FNDB.US,5,20211208,185500,56.7903,56.7903,56.7903,56.7903,1759,0
FNDB.US,5,20211208,193500,56.7844,56.7844,56.7844,56.7844,243,0
FNDB.US,5,20211208,194500,56.825,56.825,56.825,56.825,212,0
FNDB.US,5,20211208,195000,56.825,56.825,56.815,56.815,625,0
FNDB.US,5,20211208,195500,56.8187,56.8187,56.8187,56.8187,331,0
FNDB.US,5,20211208,201000,56.8,56.8,56.8,56.8,123,0
FNDB.US,5,20211208,202000,56.805,56.805,56.805,56.805,450,0
FNDB.US,5,20211208,202500,56.8197,56.8197,56.8197,56.8197,879,0
FNDB.US,5,20211208,205500,56.83,56.83,56.82,56.82,532,0
FNDB.US,5,20211208,210000,56.85,56.85,56.85,56.85,728,0
FNDB.US,5,20211208,211500,56.86,56.86,56.86,56.86,100,0
FNDB.US,5,20211208,213000,56.88,56.88,56.88,56.88,665,0
FNDB.US,5,20211208,215000,56.92,56.93,56.92,56.93,500,0
FNDB.US,5,20211208,215500,56.91,56.91,56.88,56.88,12158,0
FNDB.US,5,20211209,153000,56.59,56.59,56.59,56.59,9073,0
FNDB.US,5,20211209,154500,56.61,56.61,56.61,56.61,600,0
FNDB.US,5,20211209,155000,56.58,56.61,56.58,56.61,400,0
FNDB.US,5,20211209,160000,56.72,56.72,56.72,56.72,200,0
FNDB.US,5,20211209,160500,56.74,56.74,56.73,56.73,400,0
FNDB.US,5,20211209,161000,56.74,56.74,56.74,56.74,900,0
FNDB.US,5,20211209,163500,56.5801,56.5801,56.5801,56.5801,100,0
FNDB.US,5,20211209,164500,56.66,56.66,56.66,56.66,263,0
FNDB.US,5,20211209,170000,56.69,56.69,56.69,56.69,100,0
FNDB.US,5,20211209,170500,56.7,56.7,56.7,56.7,494,0
FNDB.US,5,20211209,172000,56.63,56.63,56.63,56.63,568,0
FNDB.US,5,20211209,172500,56.7,56.7,56.7,56.7,100,0
FNDB.US,5,20211209,173000,56.69,56.7,56.69,56.69,300,0
FNDB.US,5,20211209,175000,56.65,56.65,56.65,56.65,500,0
FNDB.US,5,20211209,175500,56.6681,56.6681,56.64,56.65,2400,0
FNDB.US,5,20211209,180000,56.64,56.64,56.64,56.64,195,0
FNDB.US,5,20211209,180500,56.62,56.62,56.62,56.62,500,0
FNDB.US,5,20211209,190500,56.82,56.82,56.815,56.82,1285,0
FNDB.US,5,20211209,193500,56.86,56.86,56.86,56.86,112,0
FNDB.US,5,20211209,203500,56.7373,56.7373,56.7373,56.7373,317,0
FNDB.US,5,20211209,204000,56.72,56.72,56.72,56.72,800,0
FNDB.US,5,20211209,210500,56.7,56.7,56.7,56.7,168,0
FNDB.US,5,20211209,213500,56.6719,56.6719,56.6719,56.6719,150,0
FNDB.US,5,20211209,214000,56.7327,56.74,56.7289,56.7289,425,0
FNDB.US,5,20211209,214500,56.71,56.71,56.71,56.71,100,0
FNDB.US,5,20211209,215500,56.64,56.64,56.64,56.64,100,0
FNDB.US,5,20211210,153000,56.94,57,56.94,57,836,0
FNDB.US,5,20211210,153500,57,57,57,57,145,0
FNDB.US,5,20211210,155000,56.9,56.9,56.9,56.9,100,0
FNDB.US,5,20211210,160500,56.81,56.81,56.81,56.81,100,0
FNDB.US,5,20211210,161000,56.79,56.79,56.79,56.79,131,0
FNDB.US,5,20211210,162500,56.87,56.88,56.8697,56.88,1883,0
FNDB.US,5,20211210,164000,56.75,56.75,56.75,56.75,221,0
FNDB.US,5,20211210,164500,56.7866,56.7866,56.7866,56.7866,120,0
FNDB.US,5,20211210,170000,56.7633,56.7633,56.75,56.75,1105,0
FNDB.US,5,20211210,173000,56.7226,56.7226,56.7226,56.7226,1000,0
FNDB.US,5,20211210,173500,56.7521,56.7521,56.7521,56.7521,353,0
FNDB.US,5,20211210,175000,56.84,56.84,56.8037,56.81,2342,0
FNDB.US,5,20211210,180500,56.852,56.89,56.852,56.89,1400,0
FNDB.US,5,20211210,181000,56.86,56.86,56.86,56.86,100,0
FNDB.US,5,20211210,182500,56.85,56.85,56.85,56.85,100,0
FNDB.US,5,20211210,184000,56.81,56.81,56.8,56.8,500,0
FNDB.US,5,20211210,185000,56.8201,56.8201,56.8201,56.8201,265,0
FNDB.US,5,20211210,192500,56.905,56.905,56.905,56.905,165,0
FNDB.US,5,20211210,194500,56.9,56.9,56.9,56.9,100,0
FNDB.US,5,20211210,201500,56.9203,56.9203,56.9203,56.9203,1000,0
FNDB.US,5,20211210,202000,56.97,56.97,56.97,56.97,100,0
FNDB.US,5,20211210,210500,56.8524,56.8524,56.8524,56.8524,105,0
FNDB.US,5,20211210,211000,56.89,56.9,56.88,56.9,32410,0
FNDB.US,5,20211210,211500,56.89,56.9,56.89,56.9,1400,0
FNDB.US,5,20211210,212500,56.9699,56.9699,56.95,56.95,2250,0
FNDB.US,5,20211210,213500,57.03,57.03,57.03,57.03,700,0
FNDB.US,5,20211210,214000,57.01,57.0102,57.01,57.0102,1604,0
FNDB.US,5,20211210,214500,57.08,57.08,57.08,57.08,115,0
FNDB.US,5,20211210,215000,57.0668,57.0668,57.0668,57.0668,7023,0
FNDB.US,5,20211210,215500,57.05,57.05,57.05,57.05,100,0
FNDB.US,5,20211213,153000,57.12,57.12,56.98,56.98,847,0
FNDB.US,5,20211213,153500,56.9,56.9,56.9,56.9,100,0
FNDB.US,5,20211213,154500,56.7267,56.7267,56.7267,56.7267,258,0
FNDB.US,5,20211213,155500,56.5958,56.5958,56.5958,56.5958,150,0
FNDB.US,5,20211213,160000,56.56,56.56,56.56,56.56,100,0
FNDB.US,5,20211213,160500,56.57,56.57,56.57,56.57,100,0
FNDB.US,5,20211213,161000,56.63,56.6436,56.63,56.6436,250,0
FNDB.US,5,20211213,161500,56.66,56.66,56.66,56.66,100,0
FNDB.US,5,20211213,162000,56.66,56.66,56.66,56.66,200,0
FNDB.US,5,20211213,163000,56.54,56.54,56.54,56.54,209,0
FNDB.US,5,20211213,163500,56.625,56.625,56.625,56.625,175,0
FNDB.US,5,20211213,165500,56.49,56.49,56.49,56.49,100,0
FNDB.US,5,20211213,170000,56.53,56.53,56.53,56.53,300,0
FNDB.US,5,20211213,172000,56.45,56.45,56.45,56.45,100,0
FNDB.US,5,20211213,175500,56.49,56.49,56.49,56.49,100,0
FNDB.US,5,20211213,180000,56.5,56.5,56.5,56.5,100,0
FNDB.US,5,20211213,182000,56.59,56.59,56.59,56.59,117,0
FNDB.US,5,20211213,191500,56.5181,56.54,56.5181,56.54,815,0
FNDB.US,5,20211213,200500,56.55,56.55,56.55,56.55,100,0
FNDB.US,5,20211213,201000,56.6,56.6,56.6,56.6,300,0
FNDB.US,5,20211213,205000,56.605,56.605,56.605,56.605,111,0
FNDB.US,5,20211213,213500,56.68,56.68,56.67,56.67,200,0
FNDB.US,5,20211213,214500,56.6673,56.7,56.6223,56.6223,1050,0
FNDB.US,5,20211213,215500,56.44,56.44,56.44,56.44,100,0
FNDB.US,5,20211214,153000,56.15,56.31,56.15,56.31,705,0
FNDB.US,5,20211214,160000,56.68,56.68,56.66,56.68,6300,0
FNDB.US,5,20211214,160500,56.6899,56.6899,56.6899,56.6899,175,0
FNDB.US,5,20211214,162000,56.62,56.62,56.61,56.61,900,0
FNDB.US,5,20211214,162500,56.64,56.64,56.64,56.64,400,0
FNDB.US,5,20211214,163000,56.64,56.64,56.62,56.62,2800,0
FNDB.US,5,20211214,163500,56.53,56.58,56.53,56.56,1900,0
FNDB.US,5,20211214,164000,56.5441,56.5441,56.5399,56.5399,2265,0
FNDB.US,5,20211214,164500,56.5,56.5,56.4,56.4,300,0
FNDB.US,5,20211214,165000,56.42,56.42,56.38,56.38,1200,0
FNDB.US,5,20211214,170000,56.34,56.36,56.34,56.36,500,0
FNDB.US,5,20211214,170500,56.4,56.4,56.4,56.4,100,0
FNDB.US,5,20211214,171000,56.36,56.36,56.3464,56.3464,600,0
FNDB.US,5,20211214,172000,56.37,56.37,56.37,56.37,105,0
FNDB.US,5,20211214,173000,56.3936,56.3936,56.3936,56.3936,550,0
FNDB.US,5,20211214,180500,56.2836,56.2836,56.2836,56.2836,177,0
FNDB.US,5,20211214,190500,56.325,56.34,56.325,56.34,898,0
FNDB.US,5,20211214,192500,56.29,56.29,56.29,56.29,200,0
FNDB.US,5,20211214,193500,56.31,56.31,56.31,56.31,209,0
FNDB.US,5,20211214,194500,56.3077,56.3077,56.3077,56.3077,500,0
FNDB.US,5,20211214,201500,56.4,56.4,56.4,56.4,1000,0
FNDB.US,5,20211214,202500,56.3798,56.3798,56.3798,56.3798,2000,0
FNDB.US,5,20211214,203000,56.3421,56.38,56.3421,56.38,1854,0
FNDB.US,5,20211214,203500,56.35,56.35,56.35,56.35,100,0
FNDB.US,5,20211214,204500,56.3455,56.3455,56.3455,56.3455,148,0
FNDB.US,5,20211214,210000,56.38,56.3975,56.38,56.3975,1890,0
FNDB.US,5,20211214,213000,56.46,56.46,56.46,56.46,175,0
FNDB.US,5,20211214,215000,56.32,56.3377,56.32,56.3377,1270,0
FNDB.US,5,20211214,215500,56.26,56.26,56.26,56.26,100,0
FNDB.US,5,20211215,153000,56.33,56.33,56.33,56.33,464,0
FNDB.US,5,20211215,161500,55.9874,55.9874,55.96,55.96,450,0
FNDB.US,5,20211215,163500,56.06,56.06,56.06,56.06,400,0
FNDB.US,5,20211215,164000,56.0604,56.0604,56.0604,56.0604,195,0
FNDB.US,5,20211215,165500,56.03,56.03,56.03,56.03,200,0
FNDB.US,5,20211215,172000,56.0755,56.0755,56.0755,56.0755,183,0
FNDB.US,5,20211215,173500,56,56.01,56,56.01,700,0
FNDB.US,5,20211215,174000,56,56.01,55.99,55.99,900,0
FNDB.US,5,20211215,182500,56.18,56.18,56.18,56.18,200,0
FNDB.US,5,20211215,185000,56.2212,56.2212,56.2212,56.2212,267,0
FNDB.US,5,20211215,193000,56.2423,56.2423,56.2423,56.2423,200,0
FNDB.US,5,20211215,193500,56.245,56.245,56.245,56.245,1700,0
FNDB.US,5,20211215,194500,56.2287,56.2287,56.2287,56.2287,273,0
FNDB.US,5,20211215,195500,56.2,56.2,56.2,56.2,105,0
FNDB.US,5,20211215,201000,56.55,56.55,56.55,56.55,300,0
FNDB.US,5,20211215,203500,56.3305,56.3305,56.3305,56.3305,497,0
FNDB.US,5,20211215,204500,56.42,56.42,56.42,56.42,200,0
FNDB.US,5,20211215,210500,56.48,56.48,56.48,56.48,300,0
FNDB.US,5,20211215,211500,56.7599,56.7599,56.7599,56.7599,106,0
FNDB.US,5,20211215,212000,56.76,56.76,56.76,56.76,100,0
FNDB.US,5,20211215,213000,56.8564,56.8564,56.855,56.855,1355,0
FNDB.US,5,20211215,213500,56.8985,56.8985,56.8985,56.8985,247,0
FNDB.US,5,20211215,214000,56.8599,56.8599,56.8599,56.8599,100,0
FNDB.US,5,20211215,215000,56.8036,56.83,56.8036,56.83,436,0
FNDB.US,5,20211215,215500,56.88,56.93,56.88,56.93,920,0
FNDB.US,5,20211216,153000,57.24,57.24,57.24,57.24,837,0
FNDB.US,5,20211216,153500,57.21,57.21,57.21,57.21,100,0
FNDB.US,5,20211216,154500,57.25,57.25,57.25,57.25,301,0
FNDB.US,5,20211216,160000,57.265,57.27,57.26,57.27,300,0
FNDB.US,5,20211216,162000,57.355,57.355,57.355,57.355,800,0
FNDB.US,5,20211216,165500,57.46,57.46,57.46,57.46,435,0
FNDB.US,5,20211216,170500,57.3236,57.3236,57.3236,57.3236,310,0
FNDB.US,5,20211216,171000,57.3464,57.3464,57.3464,57.3464,157,0
FNDB.US,5,20211216,174500,57.345,57.345,57.345,57.345,152,0
FNDB.US,5,20211216,180500,57.309,57.309,57.309,57.309,116,0
FNDB.US,5,20211216,181000,57.29,57.29,57.28,57.28,429,0
FNDB.US,5,20211216,184000,57.245,57.245,57.245,57.245,172,0
FNDB.US,5,20211216,184500,57.235,57.235,57.235,57.235,100,0
FNDB.US,5,20211216,191000,57.15,57.15,57.15,57.15,200,0
FNDB.US,5,20211216,192500,57.205,57.205,57.205,57.205,230,0
FNDB.US,5,20211216,202000,57.0003,57.0003,57.0003,57.0003,200,0
FNDB.US,5,20211216,205000,56.74,56.74,56.74,56.74,100,0
FNDB.US,5,20211216,213000,56.935,56.9477,56.935,56.9477,504,0
FNDB.US,5,20211216,214500,56.9173,56.92,56.894,56.894,1390,0
FNDB.US,5,20211216,215500,56.94,56.96,56.9,56.91,9291,0
FNDB.US,5,20211217,153000,56.46,56.51,56.46,56.51,535,0
FNDB.US,5,20211217,153500,56.32,56.32,56.32,56.32,100,0
FNDB.US,5,20211217,155500,56.1295,56.1295,56.1295,56.1295,200,0
FNDB.US,5,20211217,161500,56.0301,56.0301,56.0301,56.0301,150,0
FNDB.US,5,20211217,165000,56.54,56.54,56.54,56.54,200,0
FNDB.US,5,20211217,165500,56.6886,56.69,56.6655,56.6655,710,0
FNDB.US,5,20211217,173000,56.715,56.715,56.715,56.715,144,0
FNDB.US,5,20211217,181000,56.36,56.36,56.36,56.36,200,0
FNDB.US,5,20211217,183000,56.43,56.43,56.43,56.43,100,0
FNDB.US,5,20211217,191500,56.4,56.4,56.4,56.4,300,0
FNDB.US,5,20211217,204500,56.55,56.55,56.55,56.55,177,0
FNDB.US,5,20211217,210000,56.5201,56.5201,56.5201,56.5201,176,0
FNDB.US,5,20211217,212000,56.4701,56.4701,56.4701,56.4701,525,0
FNDB.US,5,20211217,214000,56.4264,56.45,56.4264,56.45,800,0
FNDB.US,5,20211217,214500,56.4,56.4,56.4,56.4,100,0
FNDB.US,5,20211217,215500,56.225,56.23,56.2,56.23,1190,0
FNDB.US,5,20211220,153000,55.6,55.6,55.6,55.6,506,0
FNDB.US,5,20211220,160500,55.3795,55.39,55.3465,55.3465,2100,0
FNDB.US,5,20211220,161000,55.29,55.29,55.29,55.29,500,0
FNDB.US,5,20211220,162000,55.2804,55.2804,55.2804,55.2804,354,0
FNDB.US,5,20211220,163000,55.17,55.21,55.17,55.1766,1900,0
FNDB.US,5,20211220,164500,55.1179,55.1179,55.1179,55.1179,500,0
FNDB.US,5,20211220,165000,55.06,55.06,55.06,55.06,100,0
FNDB.US,5,20211220,170500,55.07,55.07,55.07,55.07,100,0
FNDB.US,5,20211220,171500,55.06,55.06,55.06,55.06,200,0
FNDB.US,5,20211220,174500,55.05,55.05,55.05,55.05,250,0
FNDB.US,5,20211220,180500,55.16,55.16,55.16,55.16,790,0
FNDB.US,5,20211220,181000,55.1665,55.1665,55.1665,55.1665,110,0
FNDB.US,5,20211220,183500,55.0901,55.0901,55.0901,55.0901,150,0
FNDB.US,5,20211220,193500,55.169,55.169,55.169,55.169,300,0
FNDB.US,5,20211220,200500,55.395,55.395,55.395,55.395,425,0
FNDB.US,5,20211220,203000,55.3438,55.3438,55.3438,55.3438,381,0
FNDB.US,5,20211220,204000,55.3397,55.3397,55.3397,55.3397,451,0
FNDB.US,5,20211220,205000,55.3473,55.3473,55.3473,55.3473,275,0
FNDB.US,5,20211220,211000,55.41,55.41,55.3901,55.3901,375,0
FNDB.US,5,20211220,212500,55.418,55.46,55.4101,55.4581,8464,0
FNDB.US,5,20211220,214500,55.4576,55.4576,55.4576,55.4576,297,0
FNDB.US,5,20211220,215500,55.6,55.63,55.58,55.58,1240,0
FNDB.US,5,20211221,153000,56.02,56.03,56.02,56.03,2000,0
FNDB.US,5,20211221,153500,56.14,56.22,56.14,56.22,634,0
FNDB.US,5,20211221,154000,56.16,56.16,56.16,56.16,144,0
FNDB.US,5,20211221,154500,56.07,56.12,56.07,56.12,400,0
FNDB.US,5,20211221,155000,56.03,56.0301,56.03,56.0301,501,0
FNDB.US,5,20211221,155500,56.09,56.1,56.09,56.1,800,0
FNDB.US,5,20211221,161500,56.28,56.28,56.28,56.28,100,0
FNDB.US,5,20211221,164000,56.11,56.11,56.11,56.11,200,0
FNDB.US,5,20211221,171000,56.24,56.24,56.24,56.24,200,0
FNDB.US,5,20211221,173500,56.2751,56.2751,56.2751,56.2751,177,0
FNDB.US,5,20211221,183500,56.53,56.53,56.51,56.51,776,0
FNDB.US,5,20211221,190500,56.5101,56.5101,56.5101,56.5101,221,0
FNDB.US,5,20211221,192500,56.4903,56.4903,56.4903,56.4903,305,0
FNDB.US,5,20211221,195000,56.54,56.54,56.54,56.54,200,0
FNDB.US,5,20211221,201000,56.515,56.515,56.515,56.515,100,0
FNDB.US,5,20211221,202000,56.485,56.485,56.485,56.485,656,0
FNDB.US,5,20211221,204000,56.43,56.4303,56.43,56.4303,2000,0
FNDB.US,5,20211221,204500,56.44,56.44,56.44,56.44,300,0
FNDB.US,5,20211221,205500,56.51,56.51,56.51,56.51,400,0
FNDB.US,5,20211221,210500,56.47,56.47,56.47,56.47,240,0
FNDB.US,5,20211221,211000,56.5278,56.5278,56.5278,56.5278,225,0
FNDB.US,5,20211221,214000,56.47,56.47,56.47,56.47,100,0
FNDB.US,5,20211222,153000,56.55,56.55,56.55,56.55,129,0
FNDB.US,5,20211222,153500,56.55,56.55,56.55,56.55,437,0
FNDB.US,5,20211222,155500,56.4798,56.4798,56.4798,56.4798,300,0
FNDB.US,5,20211222,161500,56.7018,56.7018,56.7018,56.7018,220,0
FNDB.US,5,20211222,162000,56.64,56.65,56.64,56.65,530,0
FNDB.US,5,20211222,164500,56.8091,56.8091,56.79,56.795,1255,0
FNDB.US,5,20211222,165000,56.85,56.85,56.85,56.85,500,0
FNDB.US,5,20211222,170000,56.86,56.86,56.86,56.86,100,0
FNDB.US,5,20211222,172500,56.805,56.805,56.805,56.805,100,0
FNDB.US,5,20211222,175000,56.81,56.81,56.81,56.81,1050,0
FNDB.US,5,20211222,183500,56.88,56.88,56.88,56.88,190,0
FNDB.US,5,20211222,190000,56.96,56.96,56.96,56.96,200,0
FNDB.US,5,20211222,190500,56.955,56.955,56.955,56.955,100,0
FNDB.US,5,20211222,192000,56.9697,56.9697,56.9697,56.9697,150,0
FNDB.US,5,20211222,205000,56.8273,56.8273,56.8273,56.8273,200,0
FNDB.US,5,20211222,205500,56.8201,56.8201,56.8201,56.8201,444,0
FNDB.US,5,20211222,210000,56.81,56.81,56.81,56.81,100,0
FNDB.US,5,20211222,211500,56.88,56.88,56.88,56.88,100,0
FNDB.US,5,20211222,214000,56.8784,56.8885,56.8784,56.8885,1212,0
FNDB.US,5,20211222,214500,56.9,56.9002,56.9,56.9002,600,0
FNDB.US,5,20211222,215000,56.95,56.95,56.95,56.95,200,0
FNDB.US,5,20211222,215500,56.96,56.96,56.96,56.96,190,0
FNDB.US,5,20211223,153000,57.16,57.16,57.16,57.16,407,0
FNDB.US,5,20211223,153500,57.4001,57.4001,57.4001,57.4001,301,0
FNDB.US,5,20211223,155000,57.3501,57.3501,57.3501,57.3501,1220,0
FNDB.US,5,20211223,160000,57.29,57.295,57.28,57.282,2300,0
FNDB.US,5,20211223,160500,57.31,57.32,57.31,57.31,4893,0
FNDB.US,5,20211223,161500,57.3808,57.3808,57.3808,57.3808,141,0
FNDB.US,5,20211223,162000,57.3301,57.3301,57.3301,57.3301,1013,0
FNDB.US,5,20211223,163000,57.3332,57.3332,57.3332,57.3332,570,0
FNDB.US,5,20211223,172500,57.37,57.37,57.37,57.37,148,0
FNDB.US,5,20211223,174000,57.36,57.36,57.36,57.36,400,0
FNDB.US,5,20211223,174500,57.35,57.3609,57.35,57.3609,200,0
FNDB.US,5,20211223,183000,57.3677,57.3677,57.3677,57.3677,350,0
FNDB.US,5,20211223,184000,57.375,57.375,57.375,57.375,165,0
FNDB.US,5,20211223,190500,57.33,57.33,57.33,57.33,100,0
FNDB.US,5,20211223,191000,57.33,57.33,57.33,57.33,100,0
FNDB.US,5,20211223,191500,57.33,57.33,57.31,57.31,1100,0
FNDB.US,5,20211223,192500,57.3101,57.3101,57.3101,57.3101,129,0
FNDB.US,5,20211223,193000,57.3686,57.3686,57.3684,57.3684,1205,0
FNDB.US,5,20211223,193500,57.3383,57.37,57.3383,57.37,356,0
FNDB.US,5,20211223,195500,57.3869,57.3869,57.3869,57.3869,800,0
FNDB.US,5,20211223,201500,57.39,57.39,57.39,57.39,1200,0
FNDB.US,5,20211223,211500,57.405,57.405,57.405,57.405,260,0
FNDB.US,5,20211223,213000,57.39,57.4,57.3847,57.3847,2756,0
FNDB.US,5,20211223,214000,57.38,57.38,57.38,57.38,428,0
FNDB.US,5,20211223,215000,57.47,57.47,57.46,57.46,277,0
FNDB.US,5,20211223,215500,57.34,57.34,57.34,57.34,100,0
