<TICKER>,<PER>,<DATE>,<TIME>,<OPEN>,<HIGH>,<LOW>,<CLOSE>,<VOL>,<OPENINT>
FXY.US,5,20211104,143000,82.5,82.5,82.45,82.5,919,0
FXY.US,5,20211104,143500,82.491,82.5,82.48,82.49,800,0
FXY.US,5,20211104,144000,82.5,82.53,82.5,82.53,700,0
FXY.US,5,20211104,144500,82.52,82.52,82.51,82.51,700,0
FXY.US,5,20211104,145000,82.47,82.51,82.47,82.51,1020,0
FXY.US,5,20211104,145500,82.5,82.52,82.5,82.52,500,0
FXY.US,5,20211104,150000,82.52,82.52,82.51,82.51,3500,0
FXY.US,5,20211104,150500,82.51,82.515,82.49,82.5,12688,0
FXY.US,5,20211104,151000,82.49,82.49,82.49,82.49,1100,0
FXY.US,5,20211104,151500,82.512,82.54,82.512,82.54,200,0
FXY.US,5,20211104,152000,82.55,82.55,82.55,82.55,400,0
FXY.US,5,20211104,153000,82.56,82.56,82.56,82.56,100,0
FXY.US,5,20211104,154500,82.65,82.65,82.65,82.65,100,0
FXY.US,5,20211104,155500,82.72,82.72,82.71,82.71,900,0
FXY.US,5,20211104,160000,82.66,82.66,82.66,82.66,100,0
FXY.US,5,20211104,165000,82.62,82.62,82.62,82.62,200,0
FXY.US,5,20211104,165500,82.6275,82.63,82.6275,82.63,500,0
FXY.US,5,20211104,170000,82.6525,82.6525,82.6525,82.6525,119,0
FXY.US,5,20211104,171000,82.6,82.6,82.6,82.6,119,0
FXY.US,5,20211104,173500,82.6,82.6,82.6,82.6,150,0
FXY.US,5,20211104,181000,82.5899,82.59,82.5881,82.5881,2007,0
FXY.US,5,20211104,181500,82.59,82.59,82.59,82.59,100,0
FXY.US,5,20211104,182000,82.62,82.6327,82.62,82.6327,1100,0
FXY.US,5,20211104,183500,82.61,82.61,82.59,82.602,1900,0
FXY.US,5,20211104,184000,82.602,82.602,82.602,82.602,100,0
FXY.US,5,20211104,184500,82.61,82.61,82.61,82.61,100,0
FXY.US,5,20211104,185000,82.64,82.64,82.64,82.64,100,0
FXY.US,5,20211104,191500,82.6,82.62,82.6,82.62,1873,0
FXY.US,5,20211104,194000,82.595,82.595,82.59,82.59,200,0
FXY.US,5,20211104,194500,82.58,82.58,82.58,82.58,100,0
FXY.US,5,20211104,195000,82.59,82.6,82.59,82.6,400,0
FXY.US,5,20211104,195500,82.59,82.61,82.59,82.6,13988,0
FXY.US,5,20211104,200000,82.58,82.585,82.57,82.58,1300,0
FXY.US,5,20211104,200500,82.56,82.57,82.56,82.57,200,0
FXY.US,5,20211104,205500,82.6,82.62,82.58,82.59,1200,0
FXY.US,5,20211105,145000,82.63,82.63,82.63,82.63,100,0
FXY.US,5,20211105,145500,82.65,82.65,82.65,82.65,100,0
FXY.US,5,20211105,150000,82.64,82.64,82.64,82.64,100,0
FXY.US,5,20211105,150500,82.67,82.67,82.67,82.67,200,0
FXY.US,5,20211105,155500,82.75,82.75,82.75,82.75,326,0
FXY.US,5,20211105,162500,82.75,82.75,82.74,82.74,1800,0
FXY.US,5,20211105,163000,82.789,82.79,82.789,82.79,1226,0
FXY.US,5,20211105,163500,82.77,82.7895,82.77,82.7895,462,0
FXY.US,5,20211105,164500,82.78,82.78,82.78,82.78,100,0
FXY.US,5,20211105,165000,82.785,82.785,82.785,82.785,252,0
FXY.US,5,20211105,172500,82.81,82.81,82.81,82.81,200,0
FXY.US,5,20211105,181500,82.885,82.885,82.885,82.885,362,0
FXY.US,5,20211105,184000,82.83,82.83,82.83,82.83,600,0
FXY.US,5,20211105,185000,82.84,82.85,82.83,82.84,2300,0
FXY.US,5,20211105,185500,82.84,82.84,82.84,82.84,220,0
FXY.US,5,20211105,191000,82.85,82.85,82.85,82.85,100,0
FXY.US,5,20211105,192000,82.86,82.86,82.86,82.86,300,0
FXY.US,5,20211105,193000,82.858,82.858,82.8372,82.85,3100,0
FXY.US,5,20211105,193500,82.85,82.85,82.85,82.85,300,0
FXY.US,5,20211105,194500,82.84,82.84,82.84,82.84,300,0
FXY.US,5,20211105,200500,82.84,82.84,82.84,82.84,100,0
FXY.US,5,20211105,201500,82.84,82.84,82.84,82.84,300,0
FXY.US,5,20211105,202000,82.84,82.84,82.84,82.84,4025,0
FXY.US,5,20211105,202500,82.84,82.86,82.84,82.86,300,0
FXY.US,5,20211105,203000,82.86,82.86,82.85,82.855,900,0
FXY.US,5,20211105,203500,82.85,82.85,82.85,82.85,200,0
FXY.US,5,20211105,205500,82.9,82.9,82.9,82.9,1329,0
FXY.US,5,20211108,153000,83.04,83.04,83,83,1147,0
FXY.US,5,20211108,155000,82.999,83,82.999,83,1000,0
FXY.US,5,20211108,155500,83.04,83.04,83.035,83.035,300,0
FXY.US,5,20211108,160500,83.0433,83.0433,83.0433,83.0433,156,0
FXY.US,5,20211108,161000,83.07,83.07,83.07,83.07,100,0
FXY.US,5,20211108,162500,83.06,83.06,83.06,83.06,100,0
FXY.US,5,20211108,163000,83.0418,83.0418,83.04,83.04,2093,0
FXY.US,5,20211108,164500,83.0079,83.0079,83.0079,83.0079,101,0
FXY.US,5,20211108,173000,82.9989,83,82.9989,82.9989,390,0
FXY.US,5,20211108,173500,82.99,82.99,82.99,82.99,100,0
FXY.US,5,20211108,175000,83.003,83.003,83.003,83.003,100,0
FXY.US,5,20211108,180500,82.99,82.99,82.99,82.99,400,0
FXY.US,5,20211108,181000,83.0096,83.0096,83.0096,83.0096,156,0
FXY.US,5,20211108,182500,82.99,83,82.99,83,600,0
FXY.US,5,20211108,183500,82.9899,82.9899,82.9778,82.9778,2290,0
FXY.US,5,20211108,184500,82.975,82.975,82.975,82.975,100,0
FXY.US,5,20211108,185000,82.97,82.97,82.97,82.97,100,0
FXY.US,5,20211108,192500,82.98,82.98,82.98,82.98,200,0
FXY.US,5,20211108,200000,82.96,82.96,82.96,82.96,100,0
FXY.US,5,20211108,202000,82.98,82.98,82.98,82.98,150,0
FXY.US,5,20211108,203500,82.9619,82.9619,82.9619,82.9619,150,0
FXY.US,5,20211108,204500,82.98,82.98,82.98,82.98,200,0
FXY.US,5,20211108,205000,82.98,82.98,82.9617,82.9617,400,0
FXY.US,5,20211108,205500,82.96,82.96,82.96,82.96,500,0
FXY.US,5,20211108,210500,82.95,82.95,82.95,82.95,200,0
FXY.US,5,20211108,211000,82.92,82.92,82.92,82.92,200,0
FXY.US,5,20211108,212000,82.95,82.95,82.95,82.95,100,0
FXY.US,5,20211108,212500,82.96,82.96,82.95,82.95,200,0
FXY.US,5,20211108,213000,82.96,82.96,82.96,82.96,200,0
FXY.US,5,20211108,213500,82.96,82.96,82.96,82.96,200,0
FXY.US,5,20211108,214000,82.96,82.96,82.96,82.96,200,0
FXY.US,5,20211108,214500,82.96,82.96,82.96,82.96,200,0
FXY.US,5,20211108,215000,82.96,82.97,82.96,82.97,400,0
FXY.US,5,20211108,215500,82.96,82.98,82.96,82.97,2685,0
FXY.US,5,20211109,153500,83.238,83.238,83.238,83.238,436,0
FXY.US,5,20211109,154500,83.25,83.25,83.25,83.25,100,0
FXY.US,5,20211109,160000,83.26,83.26,83.25,83.26,1795,0
FXY.US,5,20211109,160500,83.24,83.24,83.24,83.24,100,0
FXY.US,5,20211109,161500,83.18,83.185,83.17,83.17,7377,0
FXY.US,5,20211109,162500,83.15,83.15,83.15,83.15,173,0
FXY.US,5,20211109,163000,83.16,83.16,83.16,83.16,150,0
FXY.US,5,20211109,164500,83.18,83.18,83.1625,83.1625,214,0
FXY.US,5,20211109,165000,83.21,83.21,83.19,83.19,200,0
FXY.US,5,20211109,165500,83.19,83.19,83.19,83.19,300,0
FXY.US,5,20211109,170000,83.18,83.18,83.18,83.18,100,0
FXY.US,5,20211109,174500,83.21,83.21,83.21,83.21,200,0
FXY.US,5,20211109,185500,83.2539,83.2539,83.2539,83.2539,100,0
FXY.US,5,20211109,190000,83.21,83.22,83.21,83.22,600,0
FXY.US,5,20211109,190500,83.2,83.2,83.2,83.2,300,0
FXY.US,5,20211109,201000,83.22,83.23,83.22,83.23,1305,0
FXY.US,5,20211109,202000,83.22,83.22,83.22,83.22,100,0
FXY.US,5,20211109,210500,83.23,83.23,83.23,83.23,230,0
FXY.US,5,20211109,211500,83.241,83.241,83.241,83.241,175,0
FXY.US,5,20211109,213000,83.215,83.215,83.215,83.215,300,0
FXY.US,5,20211109,214000,83.225,83.225,83.225,83.225,100,0
FXY.US,5,20211109,214500,83.22,83.22,83.22,83.22,200,0
FXY.US,5,20211109,215000,83.23,83.23,83.23,83.23,200,0
FXY.US,5,20211109,215500,83.23,83.25,83.23,83.25,1491,0
FXY.US,5,20211110,153000,82.89,82.89,82.82,82.82,1630,0
FXY.US,5,20211110,154000,82.79,82.79,82.79,82.79,100,0
FXY.US,5,20211110,160500,82.63,82.63,82.63,82.63,648,0
FXY.US,5,20211110,162000,82.6499,82.6499,82.64,82.64,253,0
FXY.US,5,20211110,163500,82.53,82.53,82.53,82.53,215,0
FXY.US,5,20211110,164000,82.5,82.5,82.4801,82.4801,978,0
FXY.US,5,20211110,164500,82.51,82.51,82.51,82.51,100,0
FXY.US,5,20211110,165000,82.47,82.47,82.47,82.47,100,0
FXY.US,5,20211110,165500,82.45,82.45,82.45,82.45,200,0
FXY.US,5,20211110,170000,82.49,82.49,82.49,82.49,500,0
FXY.US,5,20211110,172000,82.5001,82.5001,82.5001,82.5001,233,0
FXY.US,5,20211110,173000,82.4983,82.4983,82.4983,82.4983,250,0
FXY.US,5,20211110,173500,82.5,82.5,82.5,82.5,192,0
FXY.US,5,20211110,174500,82.49,82.49,82.49,82.49,100,0
FXY.US,5,20211110,175000,82.49,82.49,82.49,82.49,100,0
FXY.US,5,20211110,180000,82.47,82.48,82.47,82.48,400,0
FXY.US,5,20211110,181000,82.45,82.45,82.45,82.45,300,0
FXY.US,5,20211110,181500,82.42,82.42,82.41,82.41,4900,0
FXY.US,5,20211110,182000,82.41,82.42,82.41,82.42,1000,0
FXY.US,5,20211110,183500,82.425,82.43,82.425,82.43,421,0
FXY.US,5,20211110,184500,82.45,82.45,82.45,82.45,100,0
FXY.US,5,20211110,185000,82.44,82.45,82.43,82.45,3900,0
FXY.US,5,20211110,190000,82.4578,82.46,82.44,82.44,351,0
FXY.US,5,20211110,190500,82.4,82.4,82.4,82.4,100,0
FXY.US,5,20211110,191500,82.4404,82.455,82.4404,82.455,500,0
FXY.US,5,20211110,192000,82.4301,82.4301,82.4301,82.4301,200,0
FXY.US,5,20211110,193500,82.4563,82.4563,82.4563,82.4563,400,0
FXY.US,5,20211110,194000,82.45,82.45,82.45,82.45,100,0
FXY.US,5,20211110,195000,82.466,82.47,82.466,82.47,200,0
FXY.US,5,20211110,200000,82.5147,82.5147,82.5147,82.5147,200,0
FXY.US,5,20211110,204500,82.585,82.585,82.585,82.585,100,0
FXY.US,5,20211110,212500,82.481,82.481,82.481,82.481,100,0
FXY.US,5,20211110,213000,82.48,82.48,82.48,82.48,208,0
FXY.US,5,20211110,213500,82.4899,82.4899,82.4886,82.4899,300,0
FXY.US,5,20211110,214000,82.47,82.47,82.47,82.47,100,0
FXY.US,5,20211110,214500,82.48,82.49,82.48,82.49,377,0
FXY.US,5,20211110,215500,82.485,82.485,82.45,82.45,2926,0
FXY.US,5,20211111,153000,82.5,82.5,82.5,82.5,518,0
FXY.US,5,20211111,162000,82.41,82.4194,82.41,82.4194,600,0
FXY.US,5,20211111,163500,82.45,82.45,82.45,82.45,156,0
FXY.US,5,20211111,165000,82.41,82.41,82.41,82.41,100,0
FXY.US,5,20211111,165500,82.4,82.41,82.4,82.41,1600,0
FXY.US,5,20211111,170500,82.42,82.42,82.42,82.42,100,0
FXY.US,5,20211111,171000,82.42,82.42,82.41,82.41,200,0
FXY.US,5,20211111,173000,82.37,82.37,82.352,82.352,587,0
FXY.US,5,20211111,173500,82.37,82.38,82.37,82.38,200,0
FXY.US,5,20211111,174000,82.38,82.38,82.38,82.38,200,0
FXY.US,5,20211111,181000,82.37,82.37,82.37,82.37,100,0
FXY.US,5,20211111,184000,82.36,82.36,82.36,82.36,100,0
FXY.US,5,20211111,185000,82.35,82.35,82.35,82.35,100,0
FXY.US,5,20211111,190500,82.35,82.35,82.35,82.35,100,0
FXY.US,5,20211111,191000,82.3399,82.34,82.3399,82.34,200,0
FXY.US,5,20211111,192000,82.34,82.36,82.34,82.36,1878,0
FXY.US,5,20211111,193000,82.355,82.355,82.355,82.355,100,0
FXY.US,5,20211111,193500,82.355,82.355,82.35,82.35,200,0
FXY.US,5,20211111,195500,82.34,82.34,82.34,82.34,200,0
FXY.US,5,20211111,203500,82.35,82.35,82.35,82.35,200,0
FXY.US,5,20211111,205500,82.34,82.34,82.34,82.34,100,0
FXY.US,5,20211111,212500,82.35,82.355,82.35,82.35,400,0
FXY.US,5,20211111,214000,82.34,82.34,82.34,82.34,200,0
FXY.US,5,20211111,215500,82.35,82.35,82.342,82.345,2500,0
FXY.US,5,20211112,153000,82.44,82.44,82.44,82.44,431,0
FXY.US,5,20211112,155000,82.4099,82.4099,82.4099,82.4099,100,0
FXY.US,5,20211112,155500,82.4141,82.4141,82.4141,82.4141,120,0
FXY.US,5,20211112,161000,82.51,82.51,82.51,82.51,100,0
FXY.US,5,20211112,163500,82.4835,82.4835,82.4835,82.4835,100,0
FXY.US,5,20211112,165000,82.45,82.46,82.45,82.46,8945,0
FXY.US,5,20211112,171500,82.48,82.48,82.48,82.48,300,0
FXY.US,5,20211112,173500,82.48,82.49,82.48,82.49,200,0
FXY.US,5,20211112,174000,82.505,82.505,82.5,82.5,400,0
FXY.US,5,20211112,175000,82.46,82.46,82.46,82.46,200,0
FXY.US,5,20211112,175500,82.47,82.47,82.4699,82.47,2866,0
FXY.US,5,20211112,180000,82.46,82.46,82.46,82.46,300,0
FXY.US,5,20211112,180500,82.4597,82.4597,82.4597,82.4597,120,0
FXY.US,5,20211112,181000,82.48,82.48,82.48,82.48,100,0
FXY.US,5,20211112,181500,82.47,82.47,82.47,82.47,200,0
FXY.US,5,20211112,183000,82.4705,82.4705,82.47,82.47,1325,0
FXY.US,5,20211112,183500,82.45,82.45,82.45,82.45,100,0
FXY.US,5,20211112,184500,82.49,82.49,82.49,82.49,100,0
FXY.US,5,20211112,185000,82.48,82.48,82.48,82.48,200,0
FXY.US,5,20211112,190500,82.485,82.485,82.48,82.48,572,0
FXY.US,5,20211112,191000,82.49,82.49,82.489,82.489,1800,0
FXY.US,5,20211112,193000,82.52,82.52,82.52,82.52,100,0
FXY.US,5,20211112,193500,82.525,82.525,82.525,82.525,500,0
FXY.US,5,20211112,194000,82.52,82.52,82.52,82.52,200,0
FXY.US,5,20211112,194500,82.51,82.51,82.51,82.51,100,0
FXY.US,5,20211112,195000,82.52,82.52,82.52,82.52,100,0
FXY.US,5,20211112,200500,82.52,82.52,82.52,82.52,100,0
FXY.US,5,20211112,201500,82.52,82.52,82.52,82.52,100,0
FXY.US,5,20211112,202000,82.5,82.51,82.5,82.51,211,0
FXY.US,5,20211112,203000,82.47,82.47,82.47,82.47,200,0
FXY.US,5,20211112,204000,82.46,82.46,82.46,82.46,300,0
FXY.US,5,20211112,204500,82.469,82.469,82.469,82.469,200,0
FXY.US,5,20211112,205000,82.47,82.47,82.46,82.46,1900,0
FXY.US,5,20211112,211500,82.46,82.46,82.46,82.46,100,0
FXY.US,5,20211112,212000,82.47,82.47,82.46,82.46,363,0
FXY.US,5,20211112,213000,82.47,82.47,82.47,82.47,182,0
FXY.US,5,20211112,213500,82.46,82.47,82.46,82.47,621,0
FXY.US,5,20211112,214000,82.48,82.48,82.48,82.48,255,0
FXY.US,5,20211112,214500,82.49,82.5,82.49,82.5,200,0
FXY.US,5,20211112,215000,82.5,82.51,82.5,82.5,1100,0
FXY.US,5,20211112,215500,82.51,82.52,82.4,82.4,63735,0
FXY.US,5,20211115,153000,82.43,82.43,82.43,82.43,150,0
FXY.US,5,20211115,154000,82.4,82.4,82.4,82.4,100,0
FXY.US,5,20211115,154500,82.4,82.4,82.4,82.4,100,0
FXY.US,5,20211115,160000,82.4093,82.4093,82.391,82.391,829,0
FXY.US,5,20211115,161000,82.41,82.41,82.41,82.41,400,0
FXY.US,5,20211115,163500,82.38,82.38,82.38,82.38,100,0
FXY.US,5,20211115,164000,82.3821,82.3821,82.3821,82.3821,100,0
FXY.US,5,20211115,164500,82.4,82.4,82.39,82.39,200,0
FXY.US,5,20211115,170500,82.3801,82.3801,82.3801,82.3801,117,0
FXY.US,5,20211115,173500,82.411,82.43,82.411,82.43,600,0
FXY.US,5,20211115,174000,82.4,82.4,82.4,82.4,100,0
FXY.US,5,20211115,174500,82.42,82.42,82.42,82.42,100,0
FXY.US,5,20211115,175500,82.4,82.4,82.4,82.4,100,0
FXY.US,5,20211115,182500,82.41,82.41,82.41,82.41,100,0
FXY.US,5,20211115,183500,82.37,82.37,82.36,82.36,400,0
FXY.US,5,20211115,190000,82.35,82.36,82.34,82.36,500,0
FXY.US,5,20211115,190500,82.355,82.355,82.35,82.35,250,0
FXY.US,5,20211115,191500,82.36,82.36,82.33,82.33,208,0
FXY.US,5,20211115,192500,82.33,82.33,82.33,82.33,161,0
FXY.US,5,20211115,194000,82.33,82.34,82.33,82.34,641,0
FXY.US,5,20211115,200000,82.35,82.35,82.35,82.35,200,0
FXY.US,5,20211115,202000,82.35,82.355,82.35,82.35,770,0
FXY.US,5,20211115,202500,82.34,82.34,82.34,82.34,100,0
FXY.US,5,20211115,203000,82.34,82.34,82.34,82.34,100,0
FXY.US,5,20211115,203500,82.36,82.36,82.36,82.36,100,0
FXY.US,5,20211115,204000,82.35,82.35,82.35,82.35,300,0
FXY.US,5,20211115,204500,82.35,82.37,82.34,82.35,3201,0
FXY.US,5,20211115,205500,82.33,82.33,82.33,82.33,100,0
FXY.US,5,20211115,210000,82.3299,82.3299,82.3299,82.3299,180,0
FXY.US,5,20211115,210500,82.31,82.31,82.31,82.31,100,0
FXY.US,5,20211115,212000,82.32,82.33,82.32,82.33,400,0
FXY.US,5,20211115,213000,82.3,82.31,82.3,82.31,200,0
FXY.US,5,20211115,214500,82.28,82.28,82.28,82.28,300,0
FXY.US,5,20211115,215000,82.28,82.28,82.24,82.24,244,0
FXY.US,5,20211115,215500,82.27,82.28,82.24,82.28,1664,0
FXY.US,5,20211116,153000,82.01,82.01,82,82.01,620,0
FXY.US,5,20211116,153500,82,82.01,82,82.01,3084,0
FXY.US,5,20211116,154000,82,82,82,82,100,0
FXY.US,5,20211116,155000,81.98,81.98,81.962,81.962,300,0
FXY.US,5,20211116,155500,81.9611,81.97,81.93,81.93,5144,0
FXY.US,5,20211116,160000,82.01,82.01,81.93,81.93,6180,0
FXY.US,5,20211116,162000,82.03,82.03,82.03,82.03,200,0
FXY.US,5,20211116,163500,82.01,82.01,82.01,82.01,300,0
FXY.US,5,20211116,164500,82,82,81.99,82,6051,0
FXY.US,5,20211116,170000,81.97,81.97,81.97,81.97,100,0
FXY.US,5,20211116,170500,81.9701,81.9704,81.9701,81.9704,354,0
FXY.US,5,20211116,171000,81.97,81.97,81.97,81.97,100,0
FXY.US,5,20211116,171500,82.005,82.005,82.005,82.005,200,0
FXY.US,5,20211116,172500,81.9885,81.9885,81.9885,81.9885,100,0
FXY.US,5,20211116,174000,81.95,81.95,81.95,81.95,1000,0
FXY.US,5,20211116,175000,81.94,81.94,81.94,81.94,300,0
FXY.US,5,20211116,180000,81.9302,81.9302,81.9302,81.9302,150,0
FXY.US,5,20211116,180500,81.96,81.97,81.95,81.97,2000,0
FXY.US,5,20211116,181000,81.9505,81.9505,81.9505,81.9505,600,0
FXY.US,5,20211116,181500,81.9575,81.96,81.9575,81.96,461,0
FXY.US,5,20211116,184500,81.922,81.922,81.922,81.922,200,0
FXY.US,5,20211116,185500,81.93,81.93,81.93,81.93,100,0
FXY.US,5,20211116,190500,81.94,81.94,81.9399,81.94,940,0
FXY.US,5,20211116,195000,81.94,81.94,81.94,81.94,100,0
FXY.US,5,20211116,203000,81.91,81.9187,81.89,81.89,1465,0
FXY.US,5,20211116,204000,81.89,81.89,81.89,81.89,100,0
FXY.US,5,20211116,204500,81.9,81.9,81.9,81.9,222,0
FXY.US,5,20211116,205000,81.905,81.91,81.905,81.91,463,0
FXY.US,5,20211116,210500,81.89,81.89,81.89,81.89,200,0
FXY.US,5,20211116,213000,81.89,81.89,81.85,81.85,21199,0
FXY.US,5,20211116,213500,81.85,81.85,81.85,81.85,200,0
FXY.US,5,20211116,214000,81.83,81.83,81.83,81.83,200,0
FXY.US,5,20211116,214500,81.8339,81.84,81.82,81.84,428,0
FXY.US,5,20211116,215000,81.85,81.85,81.84,81.84,600,0
FXY.US,5,20211116,215500,81.804,81.8101,81.7704,81.78,3675,0
FXY.US,5,20211117,153500,81.91,81.92,81.91,81.92,600,0
FXY.US,5,20211117,155500,81.98,81.98,81.98,81.98,100,0
FXY.US,5,20211117,160000,81.9965,81.9965,81.9965,81.9965,150,0
FXY.US,5,20211117,161000,82.05,82.05,82.05,82.05,200,0
FXY.US,5,20211117,161500,82.04,82.04,82.03,82.03,400,0
FXY.US,5,20211117,162500,82.06,82.06,82.06,82.06,200,0
FXY.US,5,20211117,163500,82.02,82.02,82.02,82.02,200,0
FXY.US,5,20211117,165000,81.9901,81.9901,81.9901,81.9901,419,0
FXY.US,5,20211117,165500,82.02,82.02,82.02,82.02,100,0
FXY.US,5,20211117,170000,82.0002,82.02,82.0002,82.0128,1361,0
FXY.US,5,20211117,170500,81.9902,81.9902,81.9902,81.9902,200,0
FXY.US,5,20211117,174500,82.08,82.08,82.08,82.08,100,0
FXY.US,5,20211117,175000,82.0946,82.0946,82.0946,82.0946,100,0
FXY.US,5,20211117,175500,82.1,82.1,82.1,82.1,100,0
FXY.US,5,20211117,182500,82.18,82.18,82.18,82.18,100,0
FXY.US,5,20211117,183500,82.29,82.29,82.29,82.29,100,0
FXY.US,5,20211117,184000,82.28,82.36,82.28,82.36,1286,0
FXY.US,5,20211117,184500,82.34,82.3578,82.34,82.3578,200,0
FXY.US,5,20211117,185000,82.3614,82.3614,82.3614,82.3614,100,0
FXY.US,5,20211117,185500,82.3202,82.3202,82.3202,82.3202,210,0
FXY.US,5,20211117,190000,82.352,82.352,82.352,82.352,150,0
FXY.US,5,20211117,190500,82.341,82.341,82.341,82.341,108,0
FXY.US,5,20211117,192000,82.39,82.42,82.372,82.372,826,0
FXY.US,5,20211117,192500,82.38,82.38,82.38,82.38,100,0
FXY.US,5,20211117,194000,82.33,82.34,82.33,82.34,200,0
FXY.US,5,20211117,194500,82.3248,82.3248,82.3248,82.3248,100,0
FXY.US,5,20211117,202000,82.36,82.36,82.349,82.349,600,0
FXY.US,5,20211117,204000,82.33,82.33,82.33,82.33,100,0
FXY.US,5,20211117,205500,82.31,82.31,82.31,82.31,120,0
FXY.US,5,20211117,211500,82.27,82.27,82.26,82.26,324,0
FXY.US,5,20211117,212000,82.27,82.272,82.27,82.27,400,0
FXY.US,5,20211117,214000,82.28,82.29,82.28,82.29,201,0
FXY.US,5,20211117,214500,82.3,82.3,82.27,82.29,468,0
FXY.US,5,20211117,215000,82.29,82.3,82.27,82.3,1358,0
FXY.US,5,20211117,215500,82.31,82.32,82.28,82.28,3171,0
FXY.US,5,20211118,153000,82.09,82.13,82.09,82.13,494,0
FXY.US,5,20211118,154000,82.16,82.16,82.16,82.16,200,0
FXY.US,5,20211118,163500,82.19,82.19,82.19,82.19,1240,0
FXY.US,5,20211118,165000,82.16,82.16,82.16,82.16,520,0
FXY.US,5,20211118,173000,82.1901,82.1901,82.1901,82.1901,200,0
FXY.US,5,20211118,174000,82.1924,82.1924,82.1924,82.1924,120,0
FXY.US,5,20211118,175500,82.22,82.24,82.22,82.24,200,0
FXY.US,5,20211118,180000,82.239,82.24,82.239,82.24,230,0
FXY.US,5,20211118,195500,82.225,82.225,82.2101,82.2101,1707,0
FXY.US,5,20211118,204500,82.22,82.22,82.22,82.22,121,0
FXY.US,5,20211118,212500,82.21,82.21,82.21,82.21,641,0
FXY.US,5,20211118,213000,82.22,82.22,82.22,82.22,300,0
FXY.US,5,20211118,214000,82.22,82.22,82.21,82.21,200,0
FXY.US,5,20211118,214500,82.21,82.21,82.21,82.21,234,0
FXY.US,5,20211118,215000,82.21,82.23,82.21,82.22,300,0
FXY.US,5,20211118,215500,82.2199,82.23,82.2,82.21,1241,0
FXY.US,5,20211119,153000,82.4,82.48,82.4,82.48,2676,0
FXY.US,5,20211119,153500,82.45,82.45,82.45,82.45,200,0
FXY.US,5,20211119,154000,82.45,82.45,82.45,82.45,467,0
FXY.US,5,20211119,155000,82.44,82.44,82.44,82.44,1300,0
FXY.US,5,20211119,160000,82.49,82.49,82.49,82.49,427,0
FXY.US,5,20211119,160500,82.46,82.49,82.46,82.49,300,0
FXY.US,5,20211119,161000,82.49,82.49,82.49,82.49,100,0
FXY.US,5,20211119,161500,82.5,82.5,82.48,82.49,1700,0
FXY.US,5,20211119,162000,82.52,82.52,82.5,82.51,600,0
FXY.US,5,20211119,162500,82.5,82.5,82.5,82.5,200,0
FXY.US,5,20211119,163000,82.54,82.54,82.53,82.54,5524,0
FXY.US,5,20211119,164500,82.48,82.48,82.43,82.43,200,0
FXY.US,5,20211119,165000,82.44,82.44,82.43,82.43,1850,0
FXY.US,5,20211119,165500,82.484,82.484,82.484,82.484,748,0
FXY.US,5,20211119,170500,82.49,82.49,82.49,82.49,200,0
FXY.US,5,20211119,171000,82.48,82.48,82.48,82.48,100,0
FXY.US,5,20211119,171500,82.49,82.49,82.48,82.48,200,0
FXY.US,5,20211119,173000,82.5473,82.5473,82.5473,82.5473,188,0
FXY.US,5,20211119,173500,82.54,82.54,82.54,82.54,383,0
FXY.US,5,20211119,174000,82.53,82.53,82.53,82.53,600,0
FXY.US,5,20211119,174500,82.55,82.55,82.55,82.55,1200,0
FXY.US,5,20211119,175500,82.54,82.54,82.54,82.54,590,0
FXY.US,5,20211119,180000,82.54,82.54,82.54,82.54,100,0
FXY.US,5,20211119,181000,82.53,82.53,82.53,82.53,2712,0
FXY.US,5,20211119,181500,82.52,82.52,82.52,82.52,110,0
FXY.US,5,20211119,183500,82.52,82.53,82.52,82.53,258,0
FXY.US,5,20211119,184000,82.3913,82.3913,82.35,82.35,300,0
FXY.US,5,20211119,184500,82.42,82.42,82.42,82.42,100,0
FXY.US,5,20211119,185500,82.41,82.41,82.41,82.41,300,0
FXY.US,5,20211119,190000,82.36,82.36,82.36,82.36,100,0
FXY.US,5,20211119,190500,82.43,82.43,82.43,82.43,100,0
FXY.US,5,20211119,192500,82.43,82.43,82.43,82.43,100,0
FXY.US,5,20211119,194000,82.4456,82.4456,82.44,82.44,2000,0
FXY.US,5,20211119,200500,82.45,82.45,82.45,82.45,100,0
FXY.US,5,20211119,202000,82.45,82.45,82.45,82.45,300,0
FXY.US,5,20211119,204500,82.44,82.44,82.44,82.44,300,0
FXY.US,5,20211119,210500,82.4,82.4,82.4,82.4,100,0
FXY.US,5,20211119,211000,82.4,82.4,82.4,82.4,100,0
FXY.US,5,20211119,211500,82.39,82.39,82.39,82.39,100,0
FXY.US,5,20211119,213000,82.41,82.41,82.41,82.41,100,0
FXY.US,5,20211119,213500,82.405,82.405,82.4,82.4,200,0
FXY.US,5,20211119,214500,82.39,82.41,82.39,82.41,543,0
FXY.US,5,20211119,215000,82.42,82.42,82.39,82.42,435,0
FXY.US,5,20211119,215500,82.4,82.42,82.39,82.42,19771,0
FXY.US,5,20211122,153000,81.9,81.9,81.9,81.9,338,0
FXY.US,5,20211122,153500,81.87,81.87,81.87,81.87,100,0
FXY.US,5,20211122,154500,81.9,81.9899,81.9,81.9899,405,0
FXY.US,5,20211122,155500,81.94,81.9404,81.94,81.9404,684,0
FXY.US,5,20211122,160000,81.8805,81.8805,81.8805,81.8805,7000,0
FXY.US,5,20211122,160500,81.8701,81.8701,81.8701,81.8701,100,0
FXY.US,5,20211122,161000,81.88,81.88,81.88,81.88,130,0
FXY.US,5,20211122,161500,81.89,81.89,81.89,81.89,100,0
FXY.US,5,20211122,162000,81.88,81.88,81.86,81.88,436,0
FXY.US,5,20211122,162500,81.92,81.92,81.92,81.92,100,0
FXY.US,5,20211122,165000,81.87,81.87,81.87,81.87,100,0
FXY.US,5,20211122,165500,81.87,81.88,81.854,81.854,1150,0
FXY.US,5,20211122,170500,81.862,81.8624,81.862,81.8624,200,0
FXY.US,5,20211122,172500,81.8679,81.8679,81.8679,81.8679,122,0
FXY.US,5,20211122,173000,81.85,81.85,81.83,81.83,10200,0
FXY.US,5,20211122,174000,81.83,81.85,81.819,81.84,2000,0
FXY.US,5,20211122,182500,81.85,81.85,81.85,81.85,117,0
FXY.US,5,20211122,183000,81.84,81.85,81.84,81.84,20654,0
FXY.US,5,20211122,184000,81.82,81.82,81.82,81.82,100,0
FXY.US,5,20211122,185000,81.81,81.81,81.81,81.81,317,0
FXY.US,5,20211122,185500,81.8,81.8,81.8,81.8,300,0
FXY.US,5,20211122,191500,81.77,81.77,81.7696,81.7696,2750,0
FXY.US,5,20211122,192000,81.776,81.776,81.776,81.776,600,0
FXY.US,5,20211122,193000,81.7927,81.7927,81.7927,81.7927,100,0
FXY.US,5,20211122,193500,81.797,81.797,81.79,81.79,400,0
FXY.US,5,20211122,195500,81.74,81.74,81.74,81.74,300,0
FXY.US,5,20211122,203500,81.75,81.75,81.75,81.75,100,0
FXY.US,5,20211122,204000,81.7311,81.7311,81.7311,81.7311,271,0
FXY.US,5,20211122,204500,81.73,81.73,81.73,81.73,100,0
FXY.US,5,20211122,205000,81.74,81.74,81.72,81.72,700,0
FXY.US,5,20211122,211500,81.72,81.72,81.72,81.72,200,0
FXY.US,5,20211122,212000,81.71,81.71,81.71,81.71,592,0
FXY.US,5,20211122,212500,81.71,81.71,81.71,81.71,123,0
FXY.US,5,20211122,213000,81.72,81.72,81.71,81.71,400,0
FXY.US,5,20211122,213500,81.73,81.75,81.73,81.75,200,0
FXY.US,5,20211122,214000,81.75,81.75,81.74,81.74,340,0
FXY.US,5,20211122,214500,81.74,81.75,81.74,81.75,200,0
FXY.US,5,20211122,215000,81.76,81.76,81.76,81.76,200,0
FXY.US,5,20211122,215500,81.77,81.8,81.74,81.8,1334,0
FXY.US,5,20211123,154000,81.65,81.65,81.65,81.65,100,0
FXY.US,5,20211123,161000,81.64,81.64,81.64,81.64,200,0
FXY.US,5,20211123,162500,81.635,81.635,81.62,81.62,200,0
FXY.US,5,20211123,173500,81.7,81.7,81.7,81.7,200,0
FXY.US,5,20211123,174500,81.66,81.66,81.66,81.66,100,0
FXY.US,5,20211123,175000,81.66,81.66,81.66,81.66,100,0
FXY.US,5,20211123,180000,81.67,81.67,81.67,81.67,100,0
FXY.US,5,20211123,181000,81.7,81.7,81.7,81.7,100,0
FXY.US,5,20211123,183000,81.69,81.69,81.68,81.68,200,0
FXY.US,5,20211123,184500,81.69,81.69,81.67,81.67,700,0
FXY.US,5,20211123,185000,81.684,81.684,81.684,81.684,800,0
FXY.US,5,20211123,190000,81.66,81.69,81.66,81.69,300,0
FXY.US,5,20211123,190500,81.69,81.69,81.69,81.69,100,0
FXY.US,5,20211123,191500,81.68,81.68,81.68,81.68,100,0
FXY.US,5,20211123,192000,81.68,81.68,81.68,81.68,100,0
FXY.US,5,20211123,192500,81.65,81.65,81.65,81.65,100,0
FXY.US,5,20211123,193000,81.66,81.66,81.66,81.66,100,0
FXY.US,5,20211123,193500,81.65,81.65,81.65,81.65,375,0
FXY.US,5,20211123,195500,81.61,81.61,81.61,81.61,100,0
FXY.US,5,20211123,200500,81.62,81.62,81.62,81.62,100,0
FXY.US,5,20211123,201500,81.64,81.64,81.64,81.64,199,0
FXY.US,5,20211123,204000,81.66,81.66,81.66,81.66,100,0
FXY.US,5,20211123,204500,81.63,81.63,81.63,81.63,197,0
FXY.US,5,20211123,205000,81.6599,81.6599,81.6599,81.6599,122,0
FXY.US,5,20211123,205500,81.63,81.63,81.63,81.63,100,0
FXY.US,5,20211123,210000,81.62,81.62,81.62,81.62,100,0
FXY.US,5,20211123,210500,81.62,81.62,81.62,81.62,200,0
FXY.US,5,20211123,211000,81.61,81.61,81.61,81.61,100,0
FXY.US,5,20211123,211500,81.62,81.62,81.62,81.62,100,0
FXY.US,5,20211123,212500,81.62,81.62,81.62,81.62,100,0
FXY.US,5,20211123,215500,81.6,81.6,81.58,81.58,3899,0
FXY.US,5,20211124,153000,81.42,81.42,81.42,81.42,1580,0
FXY.US,5,20211124,154000,81.465,81.465,81.465,81.465,100,0
FXY.US,5,20211124,154500,81.4437,81.45,81.4437,81.45,320,0
FXY.US,5,20211124,160000,81.4184,81.4184,81.4184,81.4184,200,0
FXY.US,5,20211124,161500,81.39,81.39,81.39,81.39,100,0
FXY.US,5,20211124,164500,81.375,81.375,81.375,81.375,100,0
FXY.US,5,20211124,165500,81.39,81.39,81.39,81.39,100,0
FXY.US,5,20211124,170500,81.35,81.35,81.35,81.35,100,0
FXY.US,5,20211124,174500,81.45,81.45,81.45,81.45,3411,0
FXY.US,5,20211124,175000,81.46,81.46,81.44,81.44,300,0
FXY.US,5,20211124,180500,81.43,81.43,81.43,81.43,100,0
FXY.US,5,20211124,181000,81.4301,81.4301,81.4301,81.4301,100,0
FXY.US,5,20211124,183000,81.38,81.38,81.37,81.37,538,0
FXY.US,5,20211124,185000,81.3484,81.3484,81.3484,81.3484,230,0
FXY.US,5,20211124,191500,81.38,81.38,81.38,81.38,1150,0
FXY.US,5,20211124,192500,81.38,81.39,81.375,81.39,900,0
FXY.US,5,20211124,193000,81.37,81.37,81.365,81.365,284,0
FXY.US,5,20211124,194500,81.33,81.33,81.33,81.33,580,0
FXY.US,5,20211124,203500,81.3536,81.38,81.3536,81.3798,425,0
FXY.US,5,20211124,205000,81.38,81.38,81.38,81.38,250,0
FXY.US,5,20211124,210500,81.3627,81.3627,81.3627,81.3627,100,0
FXY.US,5,20211124,212000,81.3932,81.3932,81.3932,81.3932,300,0
FXY.US,5,20211124,213000,81.41,81.41,81.41,81.41,600,0
FXY.US,5,20211124,213500,81.41,81.41,81.41,81.41,1083,0
FXY.US,5,20211124,214000,81.4,81.4,81.4,81.4,100,0
FXY.US,5,20211124,214500,81.39,81.39,81.39,81.39,200,0
FXY.US,5,20211124,215000,81.4,81.4,81.4,81.4,100,0
FXY.US,5,20211124,215500,81.39,81.43,81.38,81.38,8167,0
FXY.US,5,20211126,153000,82.55,82.6,82.55,82.59,15900,0
FXY.US,5,20211126,153500,82.58,82.58,82.58,82.58,100,0
FXY.US,5,20211126,154000,82.59,82.67,82.59,82.65,4691,0
FXY.US,5,20211126,154500,82.65,82.71,82.65,82.71,200,0
FXY.US,5,20211126,155500,82.69,82.69,82.69,82.69,100,0
FXY.US,5,20211126,160000,82.72,82.72,82.72,82.72,100,0
FXY.US,5,20211126,160500,82.7467,82.7467,82.7467,82.7467,121,0
FXY.US,5,20211126,161000,82.88,82.88,82.87,82.87,460,0
FXY.US,5,20211126,161500,82.88,82.88,82.88,82.88,100,0
FXY.US,5,20211126,162500,82.7136,82.715,82.7136,82.715,200,0
FXY.US,5,20211126,163500,82.78,82.79,82.78,82.79,421,0
FXY.US,5,20211126,164000,82.84,82.84,82.84,82.84,200,0
FXY.US,5,20211126,164500,82.9,82.9,82.9,82.9,200,0
FXY.US,5,20211126,165500,83,83,83,83,200,0
FXY.US,5,20211126,170000,82.99,82.99,82.99,82.99,100,0
FXY.US,5,20211126,171000,82.89,82.89,82.89,82.89,100,0
FXY.US,5,20211126,171500,82.9401,82.9401,82.9401,82.9401,200,0
FXY.US,5,20211126,172000,82.91,82.91,82.9,82.9,200,0
FXY.US,5,20211126,172500,82.8899,82.89,82.84,82.84,340,0
FXY.US,5,20211126,174000,82.77,82.77,82.71,82.71,200,0
FXY.US,5,20211126,175000,82.8,82.8101,82.8,82.8101,500,0
FXY.US,5,20211126,175500,82.82,82.82,82.82,82.82,100,0
FXY.US,5,20211126,180000,82.808,82.81,82.808,82.81,400,0
FXY.US,5,20211126,181000,82.7908,82.81,82.7908,82.81,300,0
FXY.US,5,20211126,181500,82.81,82.81,82.8039,82.8039,333,0
FXY.US,5,20211126,182000,82.85,82.85,82.82,82.85,916,0
FXY.US,5,20211126,182500,82.85,82.858,82.84,82.84,600,0
FXY.US,5,20211126,184000,82.895,82.895,82.89,82.89,200,0
FXY.US,5,20211126,184500,82.92,82.92,82.92,82.92,100,0
FXY.US,5,20211126,185000,82.93,82.93,82.93,82.93,200,0
FXY.US,5,20211126,185500,82.97,82.98,82.97,82.98,1983,0
FXY.US,5,20211126,190000,83.06,83.07,83.06,83.07,3253,0
FXY.US,5,20211126,191000,83.07,83.07,83.07,83.07,0,0
FXY.US,5,20211126,213000,83.07,83.07,83.07,83.07,0,0
FXY.US,5,20211129,153000,82.52,82.52,82.43,82.46,19612,0
FXY.US,5,20211129,153500,82.51,82.51,82.51,82.51,200,0
FXY.US,5,20211129,155000,82.51,82.51,82.51,82.51,100,0
FXY.US,5,20211129,155500,82.4647,82.4647,82.4647,82.4647,144,0
FXY.US,5,20211129,160000,82.4547,82.4547,82.4547,82.4547,100,0
FXY.US,5,20211129,170000,82.6289,82.6289,82.6289,82.6289,182,0
FXY.US,5,20211129,170500,82.62,82.62,82.6,82.6,209,0
FXY.US,5,20211129,171000,82.61,82.61,82.61,82.61,122,0
FXY.US,5,20211129,184500,82.54,82.56,82.54,82.56,209,0
FXY.US,5,20211129,185500,82.56,82.56,82.56,82.56,150,0
FXY.US,5,20211129,190500,82.575,82.575,82.575,82.575,100,0
FXY.US,5,20211129,191000,82.57,82.57,82.57,82.57,200,0
FXY.US,5,20211129,192000,82.578,82.578,82.578,82.578,100,0
FXY.US,5,20211129,194000,82.59,82.59,82.59,82.59,300,0
FXY.US,5,20211129,200500,82.54,82.54,82.54,82.54,300,0
FXY.US,5,20211129,201000,82.523,82.523,82.523,82.523,150,0
FXY.US,5,20211129,201500,82.535,82.535,82.53,82.53,500,0
FXY.US,5,20211129,202500,82.5398,82.5398,82.5398,82.5398,175,0
FXY.US,5,20211129,203000,82.555,82.555,82.555,82.555,100,0
FXY.US,5,20211129,204000,82.55,82.55,82.55,82.55,100,0
FXY.US,5,20211129,205500,82.5624,82.595,82.5624,82.595,344,0
FXY.US,5,20211129,210000,82.58,82.605,82.58,82.605,500,0
FXY.US,5,20211129,210500,82.63,82.63,82.625,82.625,200,0
FXY.US,5,20211129,211000,82.62,82.62,82.62,82.62,200,0
FXY.US,5,20211129,211500,82.628,82.628,82.611,82.611,527,0
FXY.US,5,20211129,215500,82.63,82.63,82.6,82.6,800,0
FXY.US,5,20211130,153000,83.27,83.27,83.27,83.27,600,0
FXY.US,5,20211130,153500,83.29,83.29,83.29,83.29,100,0
FXY.US,5,20211130,154500,83.41,83.43,83.41,83.43,1700,0
FXY.US,5,20211130,155000,83.435,83.44,83.435,83.44,2090,0
FXY.US,5,20211130,155500,83.385,83.385,83.385,83.385,200,0
FXY.US,5,20211130,160000,83.435,83.435,83.415,83.415,300,0
FXY.US,5,20211130,161000,83.405,83.405,83.405,83.405,200,0
FXY.US,5,20211130,161500,83.398,83.398,83.35,83.355,800,0
FXY.US,5,20211130,162000,83.36,83.37,83.36,83.37,500,0
FXY.US,5,20211130,163500,83.08,83.08,82.98,83.01,4110,0
FXY.US,5,20211130,164500,82.915,82.915,82.86,82.875,400,0
FXY.US,5,20211130,165500,82.7,82.748,82.695,82.695,710,0
FXY.US,5,20211130,170000,82.72,82.72,82.72,82.72,100,0
FXY.US,5,20211130,170500,82.72,82.72,82.72,82.72,100,0
FXY.US,5,20211130,171000,82.72,82.72,82.72,82.72,100,0
FXY.US,5,20211130,171500,82.745,82.75,82.73,82.75,800,0
FXY.US,5,20211130,172000,82.71,82.72,82.71,82.72,300,0
FXY.US,5,20211130,172500,82.77,82.77,82.77,82.77,321,0
FXY.US,5,20211130,173000,82.798,82.798,82.798,82.798,100,0
FXY.US,5,20211130,174500,82.98,83.02,82.98,83.02,300,0
FXY.US,5,20211130,180000,82.985,82.985,82.985,82.985,100,0
FXY.US,5,20211130,180500,82.978,82.978,82.978,82.978,100,0
FXY.US,5,20211130,181500,82.995,83.008,82.995,83.008,400,0
FXY.US,5,20211130,184000,83.008,83.008,83.008,83.008,100,0
FXY.US,5,20211130,200000,83.0371,83.038,83.0371,83.0372,370,0
FXY.US,5,20211130,210500,83.03,83.038,83.0121,83.028,2249,0
FXY.US,5,20211130,211500,83.01,83.01,83,83,1593,0
FXY.US,5,20211130,212500,83.07,83.07,83.07,83.07,400,0
FXY.US,5,20211130,214000,83.05,83.05,83.05,83.05,100,0
FXY.US,5,20211130,215500,83.1,83.1,83.09,83.1,1568,0
FXY.US,5,20211201,153000,83.04,83.04,83.04,83.04,226,0
FXY.US,5,20211201,153500,83.1699,83.1699,83.1699,83.1699,300,0
FXY.US,5,20211201,154000,83.16,83.16,83.16,83.16,100,0
FXY.US,5,20211201,154500,83.134,83.18,83.134,83.18,1282,0
FXY.US,5,20211201,155500,83.2,83.2,83.2,83.2,100,0
FXY.US,5,20211201,160000,83.1499,83.185,83.1499,83.185,350,0
FXY.US,5,20211201,160500,83.2666,83.2666,83.23,83.23,200,0
FXY.US,5,20211201,162000,83.0869,83.0869,83.0869,83.0869,653,0
FXY.US,5,20211201,162500,83.105,83.105,83.1,83.1,200,0
FXY.US,5,20211201,164000,83.23,83.23,83.23,83.23,105,0
FXY.US,5,20211201,164500,83.165,83.165,83.165,83.165,100,0
FXY.US,5,20211201,170500,83.0616,83.085,83.0616,83.085,200,0
FXY.US,5,20211201,171500,83.085,83.085,83.085,83.085,100,0
FXY.US,5,20211201,172000,83.075,83.075,83.075,83.075,100,0
FXY.US,5,20211201,172500,83.118,83.118,83.118,83.118,100,0
FXY.US,5,20211201,174500,83.175,83.175,83.175,83.175,100,0
FXY.US,5,20211201,182000,83.202,83.202,83.202,83.202,100,0
FXY.US,5,20211201,182500,83.211,83.211,83.211,83.211,150,0
FXY.US,5,20211201,183500,83.195,83.195,83.195,83.195,100,0
FXY.US,5,20211201,184500,83.235,83.235,83.235,83.235,196,0
FXY.US,5,20211201,185000,83.26,83.3,83.26,83.3,400,0
FXY.US,5,20211201,192500,83.29,83.29,83.2897,83.29,1700,0
FXY.US,5,20211201,193000,83.275,83.275,83.275,83.275,100,0
FXY.US,5,20211201,193500,83.235,83.245,83.235,83.245,200,0
FXY.US,5,20211201,203000,83.23,83.25,83.23,83.25,1099,0
FXY.US,5,20211201,205000,83.2069,83.28,83.2069,83.28,445,0
FXY.US,5,20211201,205500,83.26,83.26,83.24,83.24,1830,0
FXY.US,5,20211201,210000,83.25,83.25,83.24,83.24,400,0
FXY.US,5,20211201,210500,83.2493,83.25,83.22,83.23,4338,0
FXY.US,5,20211201,211500,83.259,83.259,83.259,83.259,100,0
FXY.US,5,20211201,212000,83.25,83.25,83.25,83.25,120,0
FXY.US,5,20211201,213500,83.2272,83.23,83.2272,83.23,210,0
FXY.US,5,20211201,214000,83.22,83.22,83.2,83.2,200,0
FXY.US,5,20211201,215000,83.2,83.2,83.2,83.2,100,0
FXY.US,5,20211201,215500,83.2184,83.26,83.2184,83.26,5362,0
FXY.US,5,20211202,155500,83.16,83.16,83.16,83.16,207,0
FXY.US,5,20211202,162000,83.1997,83.1997,83.1997,83.1997,1000,0
FXY.US,5,20211202,165000,83.15,83.15,83.15,83.15,100,0
FXY.US,5,20211202,171000,83.09,83.09,83.09,83.09,109,0
FXY.US,5,20211202,172000,83.05,83.05,83.05,83.05,200,0
FXY.US,5,20211202,173500,83.08,83.08,83.08,83.08,105,0
FXY.US,5,20211202,175000,83.0301,83.0301,83.0301,83.0301,100,0
FXY.US,5,20211202,180000,83.01,83.01,83.01,83.01,100,0
FXY.US,5,20211202,182500,82.94,82.94,82.94,82.94,100,0
FXY.US,5,20211202,202000,83,83,83,83,200,0
FXY.US,5,20211202,211500,82.9881,82.9881,82.9881,82.9881,506,0
FXY.US,5,20211202,212500,83,83,83,83,100,0
FXY.US,5,20211202,215500,83.005,83.005,83.005,83.005,201,0
FXY.US,5,20211203,153000,82.67,82.7,82.67,82.7,606,0
FXY.US,5,20211203,153500,82.68,82.68,82.67,82.67,417,0
FXY.US,5,20211203,155500,83.03,83.03,82.93,82.93,918,0
FXY.US,5,20211203,160000,82.85,83.03,82.85,82.86,6246,0
FXY.US,5,20211203,160500,82.7834,82.7834,82.7834,82.7834,120,0
FXY.US,5,20211203,162500,82.795,82.8255,82.795,82.8255,455,0
FXY.US,5,20211203,163000,82.7865,82.83,82.7865,82.83,1010,0
FXY.US,5,20211203,164500,82.96,82.96,82.96,82.96,4600,0
FXY.US,5,20211203,165000,82.965,82.965,82.965,82.965,100,0
FXY.US,5,20211203,171000,83.04,83.04,83.04,83.04,100,0
FXY.US,5,20211203,173000,83.0453,83.0453,83.04,83.04,1000,0
FXY.US,5,20211203,174000,83.0872,83.0872,83.0872,83.0872,166,0
FXY.US,5,20211203,174500,83.07,83.08,83.07,83.08,600,0
FXY.US,5,20211203,175000,83.1396,83.1396,83.1199,83.1199,400,0
FXY.US,5,20211203,175500,83.1966,83.1966,83.1966,83.1966,500,0
FXY.US,5,20211203,180000,83.19,83.205,83.19,83.205,1500,0
FXY.US,5,20211203,180500,83.1896,83.1896,83.16,83.165,1036,0
FXY.US,5,20211203,181000,83.1599,83.1599,83.1599,83.1599,199,0
FXY.US,5,20211203,181500,83.1796,83.1796,83.1767,83.179,600,0
FXY.US,5,20211203,182000,83.16,83.16,83.16,83.16,707,0
FXY.US,5,20211203,185500,83.24,83.24,83.23,83.24,5000,0
FXY.US,5,20211203,190000,83.243,83.2488,83.243,83.2488,1043,0
FXY.US,5,20211203,192500,83.25,83.28,83.25,83.28,3300,0
FXY.US,5,20211203,193000,83.28,83.28,83.28,83.28,300,0
FXY.US,5,20211203,193500,83.29,83.309,83.28,83.309,359,0
FXY.US,5,20211203,203500,83.3535,83.3535,83.3535,83.3535,500,0
FXY.US,5,20211203,204000,83.338,83.338,83.338,83.338,230,0
FXY.US,5,20211203,210000,83.38,83.38,83.38,83.38,1400,0
FXY.US,5,20211203,212000,83.31,83.31,83.31,83.31,1000,0
FXY.US,5,20211203,212500,83.28,83.28,83.28,83.28,250,0
FXY.US,5,20211203,214000,83.28,83.28,83.28,83.28,1000,0
FXY.US,5,20211203,215500,83.29,83.29,83.29,83.29,732,0
FXY.US,5,20211206,153000,82.99,82.99,82.99,82.99,542,0
FXY.US,5,20211206,155000,82.958,82.958,82.958,82.958,1000,0
FXY.US,5,20211206,161000,82.968,82.968,82.968,82.968,200,0
FXY.US,5,20211206,162000,82.92,82.92,82.92,82.92,500,0
FXY.US,5,20211206,162500,82.9,82.9,82.9,82.9,500,0
FXY.US,5,20211206,163500,82.92,82.92,82.92,82.92,100,0
FXY.US,5,20211206,164000,82.88,82.88,82.88,82.88,100,0
FXY.US,5,20211206,164500,82.8167,82.8167,82.8167,82.8167,600,0
FXY.US,5,20211206,165000,82.765,82.765,82.765,82.765,121,0
FXY.US,5,20211206,165500,82.78,82.78,82.78,82.78,500,0
FXY.US,5,20211206,175000,82.8673,82.8673,82.86,82.86,300,0
FXY.US,5,20211206,183000,82.8,82.8,82.8,82.8,100,0
FXY.US,5,20211206,184000,82.81,82.81,82.81,82.81,100,0
FXY.US,5,20211206,184500,82.79,82.79,82.79,82.79,355,0
FXY.US,5,20211206,185000,82.78,82.78,82.77,82.77,663,0
FXY.US,5,20211206,185500,82.76,82.76,82.76,82.76,100,0
FXY.US,5,20211206,190000,82.75,82.75,82.72,82.72,500,0
FXY.US,5,20211206,190500,82.73,82.73,82.72,82.73,957,0
FXY.US,5,20211206,191000,82.72,82.72,82.72,82.72,400,0
FXY.US,5,20211206,192000,82.68,82.71,82.68,82.69,700,0
FXY.US,5,20211206,192500,82.7,82.7,82.68,82.69,400,0
FXY.US,5,20211206,193000,82.69,82.69,82.69,82.69,400,0
FXY.US,5,20211206,193500,82.69,82.7,82.69,82.7,300,0
FXY.US,5,20211206,194000,82.69,82.7,82.69,82.69,500,0
FXY.US,5,20211206,194500,82.7,82.71,82.7,82.7,600,0
FXY.US,5,20211206,195000,82.7,82.7,82.7,82.7,200,0
FXY.US,5,20211206,195500,82.7,82.71,82.7,82.71,300,0
FXY.US,5,20211206,200000,82.71,82.71,82.71,82.71,700,0
FXY.US,5,20211206,200500,82.71,82.71,82.71,82.71,400,0
FXY.US,5,20211206,201000,82.7,82.7,82.7,82.7,200,0
FXY.US,5,20211206,201500,82.7,82.7,82.7,82.7,300,0
FXY.US,5,20211206,202000,82.71,82.72,82.71,82.72,301,0
FXY.US,5,20211206,202500,82.71,82.71,82.71,82.71,200,0
FXY.US,5,20211206,203000,82.7,82.7,82.7,82.7,400,0
FXY.US,5,20211206,203500,82.71,82.71,82.69,82.69,600,0
FXY.US,5,20211206,204000,82.69,82.69,82.69,82.69,500,0
FXY.US,5,20211206,204500,82.7,82.71,82.7,82.71,520,0
FXY.US,5,20211206,205000,82.72,82.73,82.72,82.73,300,0
FXY.US,5,20211206,205500,82.72,82.72,82.72,82.72,300,0
FXY.US,5,20211206,210000,82.71,82.74,82.71,82.74,500,0
FXY.US,5,20211206,210500,82.7599,82.7599,82.73,82.755,1612,0
FXY.US,5,20211206,211000,82.74,82.74,82.74,82.74,700,0
FXY.US,5,20211206,211500,82.75,82.75,82.74,82.74,2000,0
FXY.US,5,20211206,212000,82.73,82.7549,82.73,82.7549,200,0
FXY.US,5,20211206,212500,82.75,82.75,82.74,82.74,400,0
FXY.US,5,20211206,213000,82.74,82.74,82.74,82.74,1000,0
FXY.US,5,20211206,213500,82.75,82.75,82.74,82.74,1000,0
FXY.US,5,20211206,214000,82.74,82.74,82.74,82.74,603,0
FXY.US,5,20211206,214500,82.75,82.76,82.745,82.75,749,0
FXY.US,5,20211206,215000,82.75,82.76,82.74,82.75,1280,0
FXY.US,5,20211206,215500,82.752,82.752,82.7,82.71,4759,0
FXY.US,5,20211207,153000,82.5812,82.5812,82.5812,82.5812,122,0
FXY.US,5,20211207,153500,82.61,82.61,82.61,82.61,300,0
FXY.US,5,20211207,154500,82.6,82.6,82.59,82.59,200,0
FXY.US,5,20211207,155000,82.61,82.61,82.61,82.61,102,0
FXY.US,5,20211207,155500,82.6028,82.6028,82.6028,82.6028,100,0
FXY.US,5,20211207,164500,82.6228,82.6228,82.6228,82.6228,120,0
FXY.US,5,20211207,192500,82.65,82.65,82.65,82.65,175,0
FXY.US,5,20211207,201000,82.6554,82.67,82.651,82.67,1055,0
FXY.US,5,20211207,201500,82.6601,82.6601,82.6601,82.6601,108,0
FXY.US,5,20211207,214000,82.7,82.7,82.7,82.7,468,0
FXY.US,5,20211207,215000,82.72,82.73,82.72,82.73,240,0
FXY.US,5,20211207,215500,82.72,82.728,82.71,82.71,1903,0
FXY.US,5,20211208,153000,82.44,82.47,82.44,82.47,238,0
FXY.US,5,20211208,155000,82.4,82.4,82.4,82.4,244,0
FXY.US,5,20211208,155500,82.44,82.46,82.44,82.46,1668,0
FXY.US,5,20211208,162500,82.461,82.461,82.461,82.461,546,0
FXY.US,5,20211208,164000,82.47,82.47,82.47,82.47,187,0
FXY.US,5,20211208,173000,82.48,82.48,82.4799,82.4799,200,0
FXY.US,5,20211208,174000,82.47,82.47,82.47,82.47,100,0
FXY.US,5,20211208,182000,82.525,82.525,82.525,82.525,200,0
FXY.US,5,20211208,182500,82.5427,82.5427,82.5427,82.5427,123,0
FXY.US,5,20211208,184000,82.57,82.57,82.57,82.57,100,0
FXY.US,5,20211208,184500,82.57,82.57,82.57,82.57,100,0
FXY.US,5,20211208,185500,82.58,82.6,82.58,82.6,1378,0
FXY.US,5,20211208,190000,82.6,82.61,82.58,82.6,3686,0
FXY.US,5,20211208,190500,82.61,82.61,82.61,82.61,600,0
FXY.US,5,20211208,192500,82.63,82.63,82.63,82.63,300,0
FXY.US,5,20211208,193500,82.63,82.63,82.63,82.63,200,0
FXY.US,5,20211208,195000,82.6,82.6,82.585,82.59,1082,0
FXY.US,5,20211208,203000,82.6,82.6,82.6,82.6,1089,0
FXY.US,5,20211208,204000,82.62,82.62,82.62,82.62,100,0
FXY.US,5,20211208,204500,82.63,82.63,82.63,82.63,850,0
FXY.US,5,20211208,205000,82.63,82.63,82.63,82.63,1400,0
FXY.US,5,20211208,205500,82.62,82.62,82.61,82.61,700,0
FXY.US,5,20211208,210500,82.6085,82.6085,82.6085,82.6085,200,0
FXY.US,5,20211208,211500,82.62,82.62,82.62,82.62,400,0
FXY.US,5,20211208,212000,82.63,82.64,82.625,82.64,2900,0
FXY.US,5,20211208,212500,82.64,82.64,82.64,82.64,300,0
FXY.US,5,20211208,213000,82.63,82.63,82.625,82.625,764,0
FXY.US,5,20211208,213500,82.62,82.62,82.62,82.62,400,0
FXY.US,5,20211208,214000,82.62,82.62,82.6001,82.61,1122,0
FXY.US,5,20211208,215000,82.61,82.61,82.6084,82.6084,300,0
FXY.US,5,20211208,215500,82.61,82.61,82.605,82.605,3576,0
FXY.US,5,20211209,153000,82.8,82.8,82.8,82.8,166,0
FXY.US,5,20211209,154000,82.73,82.73,82.73,82.73,200,0
FXY.US,5,20211209,155000,82.74,82.74,82.74,82.74,300,0
FXY.US,5,20211209,162000,82.715,82.715,82.715,82.715,300,0
FXY.US,5,20211209,165500,82.7501,82.7501,82.7501,82.7501,100,0
FXY.US,5,20211209,171000,82.78,82.78,82.78,82.78,100,0
FXY.US,5,20211209,171500,82.765,82.78,82.765,82.77,73151,0
FXY.US,5,20211209,173000,82.7111,82.7111,82.7111,82.7111,321,0
FXY.US,5,20211209,173500,82.71,82.71,82.71,82.71,280,0
FXY.US,5,20211209,175500,82.7,82.7,82.7,82.7,300,0
FXY.US,5,20211209,182000,82.69,82.69,82.68,82.69,20547,0
FXY.US,5,20211209,182500,82.7,82.7,82.69,82.7,17390,0
FXY.US,5,20211209,183500,82.7091,82.7091,82.7091,82.7091,442,0
FXY.US,5,20211209,185000,82.72,82.72,82.71,82.71,2300,0
FXY.US,5,20211209,190000,82.7,82.7,82.66,82.66,2342,0
FXY.US,5,20211209,190500,82.66,82.66,82.64,82.64,1020,0
FXY.US,5,20211209,200500,82.72,82.72,82.72,82.72,1000,0
FXY.US,5,20211209,203000,82.73,82.73,82.73,82.73,900,0
FXY.US,5,20211209,205500,82.78,82.78,82.78,82.78,346,0
FXY.US,5,20211209,211500,82.8001,82.8001,82.8001,82.8001,5000,0
FXY.US,5,20211209,212000,82.8,82.8002,82.8,82.8002,4300,0
FXY.US,5,20211209,213500,82.77,82.77,82.77,82.77,403,0
FXY.US,5,20211209,214000,82.77,82.77,82.77,82.77,100,0
FXY.US,5,20211209,215000,82.78,82.78,82.78,82.78,116,0
FXY.US,5,20211209,215500,82.77,82.83,82.77,82.79,13496,0
FXY.US,5,20211210,153000,82.73,82.73,82.73,82.73,1203,0
FXY.US,5,20211210,154000,82.73,82.73,82.73,82.73,400,0
FXY.US,5,20211210,155000,82.7867,82.7867,82.78,82.78,250,0
FXY.US,5,20211210,155500,82.81,82.81,82.81,82.81,217,0
FXY.US,5,20211210,160000,82.85,82.85,82.85,82.85,100,0
FXY.US,5,20211210,160500,82.8556,82.86,82.8556,82.86,238,0
FXY.US,5,20211210,161500,82.831,82.84,82.83,82.84,7100,0
FXY.US,5,20211210,162000,82.84,82.84,82.83,82.83,4800,0
FXY.US,5,20211210,163000,82.81,82.81,82.8,82.81,747,0
FXY.US,5,20211210,164000,82.82,82.82,82.82,82.82,600,0
FXY.US,5,20211210,164500,82.81,82.81,82.81,82.81,200,0
FXY.US,5,20211210,171000,82.84,82.91,82.84,82.9,9857,0
FXY.US,5,20211210,171500,82.89,82.895,82.89,82.895,601,0
FXY.US,5,20211210,172000,82.8894,82.8894,82.8894,82.8894,150,0
FXY.US,5,20211210,172500,82.87,82.87,82.87,82.87,100,0
FXY.US,5,20211210,173500,82.85,82.85,82.85,82.85,200,0
FXY.US,5,20211210,174000,82.86,82.88,82.86,82.87,1782,0
FXY.US,5,20211210,174500,82.88,82.88,82.88,82.88,387,0
FXY.US,5,20211210,175500,82.85,82.85,82.85,82.85,300,0
FXY.US,5,20211210,180000,82.83,82.83,82.82,82.83,900,0
FXY.US,5,20211210,180500,82.83,82.83,82.83,82.83,100,0
FXY.US,5,20211210,181000,82.83,82.83,82.83,82.83,100,0
FXY.US,5,20211210,181500,82.84,82.86,82.84,82.86,1800,0
FXY.US,5,20211210,182000,82.86,82.86,82.86,82.86,100,0
FXY.US,5,20211210,182500,82.84,82.85,82.84,82.84,2700,0
FXY.US,5,20211210,183000,82.85,82.87,82.85,82.86,421,0
FXY.US,5,20211210,183500,82.86,82.86,82.86,82.86,200,0
FXY.US,5,20211210,193000,82.81,82.81,82.81,82.81,100,0
FXY.US,5,20211210,194500,82.81,82.81,82.81,82.81,100,0
FXY.US,5,20211210,195000,82.81,82.81,82.81,82.81,100,0
FXY.US,5,20211210,200000,82.8,82.8,82.8,82.8,200,0
FXY.US,5,20211210,201000,82.78,82.78,82.78,82.78,129,0
FXY.US,5,20211210,201500,82.75,82.75,82.75,82.75,100,0
FXY.US,5,20211210,203000,82.74,82.75,82.74,82.75,207,0
FXY.US,5,20211210,204500,82.75,82.75,82.75,82.75,100,0
FXY.US,5,20211210,205000,82.75,82.75,82.75,82.75,300,0
FXY.US,5,20211210,210000,82.77,82.77,82.77,82.77,100,0
FXY.US,5,20211210,213500,82.75,82.75,82.75,82.75,100,0
FXY.US,5,20211210,214000,82.76,82.76,82.76,82.76,100,0
FXY.US,5,20211210,215000,82.76,82.76,82.76,82.76,100,0
FXY.US,5,20211210,215500,82.765,82.77,82.75,82.75,2300,0
FXY.US,5,20211213,153500,82.66,82.66,82.66,82.66,311,0
FXY.US,5,20211213,154000,82.66,82.66,82.66,82.66,400,0
FXY.US,5,20211213,155000,82.67,82.69,82.67,82.69,1960,0
FXY.US,5,20211213,163000,82.77,82.77,82.77,82.77,562,0
FXY.US,5,20211213,165500,82.65,82.65,82.65,82.65,300,0
FXY.US,5,20211213,170000,82.65,82.65,82.65,82.65,100,0
FXY.US,5,20211213,170500,82.69,82.69,82.69,82.69,300,0
FXY.US,5,20211213,173000,82.745,82.745,82.745,82.745,600,0
FXY.US,5,20211213,174000,82.76,82.76,82.75,82.75,397,0
FXY.US,5,20211213,174500,82.771,82.771,82.771,82.771,100,0
FXY.US,5,20211213,175000,82.79,82.8,82.79,82.8,600,0
FXY.US,5,20211213,181500,82.75,82.75,82.75,82.75,307,0
FXY.US,5,20211213,192500,82.7689,82.7689,82.7689,82.7689,120,0
FXY.US,5,20211213,193500,82.74,82.754,82.74,82.75,8300,0
FXY.US,5,20211213,202500,82.71,82.71,82.71,82.71,100,0
FXY.US,5,20211213,204000,82.73,82.73,82.73,82.73,100,0
FXY.US,5,20211213,204500,82.725,82.725,82.72,82.72,1096,0
FXY.US,5,20211213,205000,82.72,82.72,82.72,82.72,110,0
FXY.US,5,20211213,205500,82.7,82.7,82.7,82.7,460,0
FXY.US,5,20211213,210500,82.7,82.7,82.7,82.7,200,0
FXY.US,5,20211213,213500,82.6616,82.6616,82.6616,82.6616,307,0
FXY.US,5,20211213,214000,82.66,82.66,82.66,82.66,100,0
FXY.US,5,20211213,215500,82.66,82.67,82.61,82.61,4383,0
FXY.US,5,20211214,153000,82.66,82.66,82.66,82.66,120,0
FXY.US,5,20211214,153500,82.56,82.5691,82.56,82.5691,774,0
FXY.US,5,20211214,154500,82.57,82.57,82.56,82.56,200,0
FXY.US,5,20211214,155000,82.57,82.57,82.57,82.57,331,0
FXY.US,5,20211214,155500,82.59,82.6,82.59,82.6,700,0
FXY.US,5,20211214,162500,82.54,82.54,82.54,82.54,100,0
FXY.US,5,20211214,164500,82.57,82.5705,82.57,82.5705,300,0
FXY.US,5,20211214,165000,82.57,82.57,82.57,82.57,600,0
FXY.US,5,20211214,165500,82.56,82.56,82.56,82.56,300,0
FXY.US,5,20211214,172500,82.55,82.55,82.55,82.55,100,0
FXY.US,5,20211214,173000,82.5404,82.56,82.5404,82.56,200,0
FXY.US,5,20211214,174000,82.56,82.56,82.56,82.56,100,0
FXY.US,5,20211214,174500,82.58,82.58,82.58,82.58,400,0
FXY.US,5,20211214,175500,82.59,82.59,82.59,82.59,100,0
FXY.US,5,20211214,183500,82.6,82.6,82.6,82.6,100,0
FXY.US,5,20211214,192500,82.57,82.57,82.57,82.57,258,0
FXY.US,5,20211214,195500,82.55,82.55,82.55,82.55,100,0
FXY.US,5,20211214,201000,82.5395,82.5395,82.5394,82.5394,516,0
FXY.US,5,20211214,201500,82.53,82.54,82.53,82.54,546,0
FXY.US,5,20211214,202500,82.53,82.53,82.53,82.53,200,0
FXY.US,5,20211214,204000,82.53,82.53,82.53,82.53,200,0
FXY.US,5,20211214,204500,82.53,82.54,82.53,82.54,1399,0
FXY.US,5,20211214,205000,82.55,82.55,82.55,82.55,100,0
FXY.US,5,20211214,211000,82.52,82.53,82.52,82.53,695,0
FXY.US,5,20211214,212000,82.53,82.54,82.53,82.54,700,0
FXY.US,5,20211214,212500,82.52,82.52,82.52,82.52,2000,0
FXY.US,5,20211214,213500,82.53,82.53,82.53,82.53,200,0
FXY.US,5,20211214,215000,82.52,82.54,82.51,82.54,5200,0
FXY.US,5,20211214,215500,82.53,82.55,82.53,82.54,10864,0
FXY.US,5,20211215,154500,82.48,82.48,82.48,82.48,300,0
FXY.US,5,20211215,172000,82.4999,82.4999,82.4999,82.4999,150,0
FXY.US,5,20211215,172500,82.51,82.51,82.51,82.51,200,0
FXY.US,5,20211215,181000,82.4502,82.4502,82.4502,82.4502,200,0
FXY.US,5,20211215,183000,82.4363,82.4363,82.4363,82.4363,200,0
FXY.US,5,20211215,190500,82.39,82.39,82.39,82.39,100,0
FXY.US,5,20211215,200000,82.3,82.32,82.2499,82.26,1662,0
FXY.US,5,20211215,201500,82.19,82.19,82.19,82.19,100,0
FXY.US,5,20211215,202500,82.22,82.22,82.22,82.22,100,0
FXY.US,5,20211215,203500,82.21,82.215,82.21,82.215,200,0
FXY.US,5,20211215,204500,82.21,82.21,82.21,82.21,100,0
FXY.US,5,20211215,205500,82.25,82.25,82.25,82.25,100,0
FXY.US,5,20211215,210500,82.3001,82.3001,82.3001,82.3001,500,0
FXY.US,5,20211215,211000,82.3,82.3,82.3,82.3,191,0
FXY.US,5,20211215,212000,82.29,82.29,82.29,82.29,100,0
FXY.US,5,20211215,212500,82.33,82.33,82.33,82.33,300,0
FXY.US,5,20211215,213000,82.33,82.33,82.33,82.33,100,0
FXY.US,5,20211215,213500,82.36,82.36,82.36,82.36,100,0
FXY.US,5,20211215,214000,82.34,82.34,82.34,82.34,100,0
FXY.US,5,20211215,215000,82.34,82.34,82.34,82.34,100,0
FXY.US,5,20211215,215500,82.32,82.322,82.31,82.32,2600,0
FXY.US,5,20211216,153000,82.37,82.37,82.37,82.37,243,0
FXY.US,5,20211216,154000,82.5,82.51,82.5,82.51,478,0
FXY.US,5,20211216,155000,82.49,82.52,82.49,82.52,2370,0
FXY.US,5,20211216,155500,82.58,82.58,82.58,82.58,300,0
FXY.US,5,20211216,160000,82.592,82.592,82.592,82.592,100,0
FXY.US,5,20211216,160500,82.65,82.65,82.63,82.63,391,0
FXY.US,5,20211216,165000,82.54,82.54,82.535,82.535,200,0
FXY.US,5,20211216,171500,82.58,82.58,82.58,82.58,100,0
FXY.US,5,20211216,172000,82.56,82.56,82.56,82.56,100,0
FXY.US,5,20211216,174500,82.561,82.58,82.561,82.58,300,0
FXY.US,5,20211216,175000,82.58,82.58,82.58,82.58,950,0
FXY.US,5,20211216,181000,82.58,82.58,82.58,82.58,100,0
FXY.US,5,20211216,181500,82.5802,82.5802,82.5802,82.5802,750,0
FXY.US,5,20211216,184000,82.6098,82.6098,82.6098,82.6098,242,0
FXY.US,5,20211216,193000,82.58,82.58,82.58,82.58,400,0
FXY.US,5,20211216,193500,82.588,82.588,82.588,82.588,500,0
FXY.US,5,20211216,201500,82.57,82.57,82.57,82.57,300,0
FXY.US,5,20211216,202500,82.5812,82.5812,82.5812,82.5812,300,0
FXY.US,5,20211216,203500,82.6,82.6,82.59,82.59,300,0
FXY.US,5,20211216,205000,82.6291,82.6291,82.6291,82.6291,710,0
FXY.US,5,20211216,205500,82.6389,82.6389,82.6389,82.6389,144,0
FXY.US,5,20211216,214000,82.6,82.6001,82.6,82.6001,820,0
FXY.US,5,20211216,214500,82.61,82.61,82.6019,82.6019,204,0
FXY.US,5,20211216,215000,82.58,82.58,82.58,82.58,123,0
FXY.US,5,20211216,215500,82.58,82.6,82.58,82.59,4792,0
FXY.US,5,20211217,153000,82.87,82.87,82.79,82.79,561,0
FXY.US,5,20211217,153500,82.83,82.83,82.83,82.83,123,0
FXY.US,5,20211217,154000,82.83,82.83,82.83,82.83,100,0
FXY.US,5,20211217,161000,82.79,82.82,82.79,82.81,672,0
FXY.US,5,20211217,164000,82.6799,82.6799,82.6698,82.6698,600,0
FXY.US,5,20211217,171000,82.62,82.63,82.62,82.63,1700,0
FXY.US,5,20211217,172000,82.62,82.64,82.62,82.63,853,0
FXY.US,5,20211217,174000,82.67,82.67,82.67,82.67,700,0
FXY.US,5,20211217,180000,82.64,82.64,82.64,82.64,100,0
FXY.US,5,20211217,181500,82.6115,82.6115,82.6115,82.6115,155,0
FXY.US,5,20211217,190500,82.61,82.61,82.6001,82.6001,425,0
FXY.US,5,20211217,200000,82.53,82.53,82.53,82.53,1387,0
FXY.US,5,20211217,202500,82.5432,82.5432,82.5432,82.5432,100,0
FXY.US,5,20211217,204000,82.55,82.55,82.55,82.55,600,0
FXY.US,5,20211217,205000,82.54,82.54,82.54,82.54,100,0
FXY.US,5,20211217,210000,82.565,82.57,82.5599,82.5599,939,0
FXY.US,5,20211217,211500,82.5599,82.5599,82.5599,82.5599,150,0
FXY.US,5,20211217,213000,82.56,82.56,82.55,82.55,400,0
FXY.US,5,20211217,213500,82.5477,82.5477,82.54,82.54,735,0
FXY.US,5,20211217,214500,82.54,82.54,82.53,82.53,213,0
FXY.US,5,20211217,215000,82.54,82.54,82.53,82.54,682,0
FXY.US,5,20211217,215500,82.54,82.54,82.5,82.54,4693,0
FXY.US,5,20211220,153000,82.66,82.66,82.66,82.66,734,0
FXY.US,5,20211220,163000,82.76,82.76,82.76,82.76,229,0
FXY.US,5,20211220,163500,82.75,82.75,82.74,82.745,3924,0
FXY.US,5,20211220,164000,82.7409,82.7409,82.74,82.74,459,0
FXY.US,5,20211220,164500,82.74,82.74,82.74,82.74,600,0
FXY.US,5,20211220,170500,82.79,82.8,82.78,82.78,7000,0
FXY.US,5,20211220,171500,82.82,82.82,82.815,82.815,200,0
FXY.US,5,20211220,172000,82.79,82.79,82.79,82.79,3000,0
FXY.US,5,20211220,173000,82.78,82.78,82.778,82.778,1000,0
FXY.US,5,20211220,174500,82.76,82.76,82.76,82.76,126,0
FXY.US,5,20211220,175000,82.73,82.73,82.73,82.73,200,0
FXY.US,5,20211220,181000,82.69,82.69,82.68,82.68,117594,0
FXY.US,5,20211220,181500,82.67,82.67,82.67,82.67,629,0
FXY.US,5,20211220,191500,82.6699,82.67,82.66,82.66,661,0
FXY.US,5,20211220,195000,82.615,82.615,82.615,82.615,100,0
FXY.US,5,20211220,195500,82.6,82.6,82.6,82.6,250,0
FXY.US,5,20211220,200500,82.5998,82.5998,82.5998,82.5998,121,0
FXY.US,5,20211220,201500,82.58,82.5801,82.56,82.58,46074,0
FXY.US,5,20211220,202000,82.58,82.58,82.58,82.58,100,0
FXY.US,5,20211220,202500,82.59,82.59,82.59,82.59,100,0
FXY.US,5,20211220,203500,82.581,82.5819,82.5805,82.5819,978,0
FXY.US,5,20211220,204500,82.58,82.58,82.58,82.58,944,0
FXY.US,5,20211220,205500,82.551,82.551,82.53,82.54,31119,0
FXY.US,5,20211220,210000,82.518,82.518,82.518,82.518,1348,0
FXY.US,5,20211220,211000,82.515,82.54,82.5,82.54,3778,0
FXY.US,5,20211220,215500,82.5417,82.55,82.53,82.54,2847,0
FXY.US,5,20211221,153000,82.41,82.41,82.41,82.41,2902,0
FXY.US,5,20211221,154000,82.403,82.4048,82.403,82.4048,1000,0
FXY.US,5,20211221,154500,82.4,82.41,82.4,82.4,400,0
FXY.US,5,20211221,155000,82.42,82.43,82.42,82.43,1029,0
FXY.US,5,20211221,155500,82.43,82.43,82.43,82.43,100,0
FXY.US,5,20211221,160000,82.39,82.39,82.39,82.39,100,0
FXY.US,5,20211221,160500,82.39,82.39,82.38,82.38,3200,0
FXY.US,5,20211221,162000,82.35,82.35,82.35,82.35,100,0
FXY.US,5,20211221,162500,82.37,82.37,82.37,82.37,100,0
FXY.US,5,20211221,171500,82.23,82.23,82.23,82.23,200,0
FXY.US,5,20211221,172000,82.231,82.231,82.23,82.23,4415,0
FXY.US,5,20211221,172500,82.235,82.235,82.235,82.235,130,0
FXY.US,5,20211221,173500,82.21,82.21,82.21,82.21,100,0
FXY.US,5,20211221,175500,82.2,82.2,82.2,82.2,100,0
FXY.US,5,20211221,182000,82.21,82.21,82.19,82.19,200,0
FXY.US,5,20211221,182500,82.19,82.19,82.19,82.19,200,0
FXY.US,5,20211221,184500,82.18,82.18,82.18,82.18,100,0
FXY.US,5,20211221,190000,82.2,82.2,82.1999,82.1999,10507,0
FXY.US,5,20211221,191000,82.19,82.19,82.19,82.19,421,0
FXY.US,5,20211221,191500,82.2099,82.2099,82.2099,82.2099,346,0
FXY.US,5,20211221,192000,82.2,82.2,82.2,82.2,100,0
FXY.US,5,20211221,192500,82.21,82.21,82.21,82.21,400,0
FXY.US,5,20211221,194000,82.202,82.202,82.2006,82.2006,455,0
FXY.US,5,20211221,200500,82.21,82.21,82.21,82.21,800,0
FXY.US,5,20211221,201000,82.2,82.2,82.2,82.2,250,0
FXY.US,5,20211221,201500,82.191,82.191,82.191,82.191,270,0
FXY.US,5,20211221,202000,82.2,82.2,82.2,82.2,100,0
FXY.US,5,20211221,202500,82.2,82.2,82.2,82.2,516,0
FXY.US,5,20211221,203000,82.21,82.21,82.21,82.21,722,0
FXY.US,5,20211221,203500,82.22,82.22,82.22,82.22,300,0
FXY.US,5,20211221,205000,82.21,82.21,82.21,82.21,100,0
FXY.US,5,20211221,205500,82.21,82.21,82.21,82.21,100,0
FXY.US,5,20211221,210000,82.23,82.23,82.23,82.23,400,0
FXY.US,5,20211221,211000,82.24,82.24,82.24,82.24,1515,0
FXY.US,5,20211221,212500,82.23,82.23,82.23,82.23,100,0
FXY.US,5,20211221,213000,82.24,82.24,82.24,82.24,100,0
FXY.US,5,20211221,213500,82.23,82.23,82.23,82.23,100,0
FXY.US,5,20211221,214000,82.23,82.23,82.23,82.23,200,0
FXY.US,5,20211221,214500,82.24,82.24,82.24,82.24,400,0
FXY.US,5,20211221,215500,82.24,82.24,82.22,82.23,2120,0
FXY.US,5,20211222,154000,82.15,82.15,82.15,82.15,1000,0
FXY.US,5,20211222,155000,82.1267,82.1267,82.1267,82.1267,304,0
FXY.US,5,20211222,155500,82.14,82.14,82.14,82.14,100,0
FXY.US,5,20211222,160500,82.13,82.13,82.13,82.13,200,0
FXY.US,5,20211222,162000,82.1083,82.1083,82.1083,82.1083,1000,0
FXY.US,5,20211222,162500,82.11,82.11,82.08,82.09,9011,0
FXY.US,5,20211222,171500,82.17,82.17,82.17,82.17,100,0
FXY.US,5,20211222,172000,82.18,82.1991,82.18,82.1991,700,0
FXY.US,5,20211222,180000,82.1599,82.1599,82.1599,82.1599,200,0
FXY.US,5,20211222,181500,82.13,82.13,82.13,82.13,100,0
FXY.US,5,20211222,183000,82.1334,82.1334,82.1334,82.1334,100,0
FXY.US,5,20211222,183500,82.16,82.16,82.16,82.16,100,0
FXY.US,5,20211222,184500,82.1697,82.1697,82.1697,82.1697,500,0
FXY.US,5,20211222,190000,82.17,82.17,82.17,82.17,500,0
FXY.US,5,20211222,192000,82.1302,82.1302,82.1302,82.1302,600,0
FXY.US,5,20211222,194000,82.165,82.165,82.165,82.165,100,0
FXY.US,5,20211222,195500,82.17,82.17,82.17,82.17,100,0
FXY.US,5,20211222,200000,82.1899,82.1899,82.1899,82.1899,100,0
FXY.US,5,20211222,200500,82.16,82.16,82.16,82.16,1500,0
FXY.US,5,20211222,201000,82.1752,82.1752,82.1752,82.1752,180,0
FXY.US,5,20211222,202000,82.1601,82.1601,82.1601,82.1601,171,0
FXY.US,5,20211222,202500,82.181,82.181,82.169,82.169,800,0
FXY.US,5,20211222,203500,82.16,82.16,82.16,82.16,300,0
FXY.US,5,20211222,204000,82.18,82.18,82.18,82.18,224,0
FXY.US,5,20211222,205500,82.18,82.18,82.18,82.18,400,0
FXY.US,5,20211222,210000,82.19,82.19,82.19,82.19,100,0
FXY.US,5,20211222,211000,82.19,82.19,82.19,82.19,110,0
FXY.US,5,20211222,211500,82.19,82.19,82.19,82.19,1155,0
FXY.US,5,20211222,212000,82.19,82.19,82.19,82.19,100,0
FXY.US,5,20211222,213500,82.205,82.21,82.2,82.2,1300,0
FXY.US,5,20211222,214000,82.22,82.22,82.22,82.22,100,0
FXY.US,5,20211222,214500,82.21,82.22,82.21,82.22,500,0
FXY.US,5,20211222,215500,82.2397,82.25,82.23,82.23,4531,0
FXY.US,5,20211223,153000,82.04,82.04,82.03,82.03,206,0
FXY.US,5,20211223,155500,81.51,81.51,81.51,81.51,1100,0
FXY.US,5,20211223,160000,82.02,82.02,82.02,82.02,100,0
FXY.US,5,20211223,161500,82.01,82.01,82.01,82.01,200,0
FXY.US,5,20211223,162500,82.02,82.02,82.02,82.02,200,0
FXY.US,5,20211223,164000,81.981,81.9904,81.98,81.9904,2914,0
FXY.US,5,20211223,164500,81.981,81.981,81.981,81.981,100,0
FXY.US,5,20211223,165500,81.99,81.99,81.99,81.99,100,0
FXY.US,5,20211223,170000,82.01,82.01,82.01,82.01,200,0
FXY.US,5,20211223,171500,82.02,82.02,82.015,82.015,300,0
FXY.US,5,20211223,174000,82.01,82.01,82,82,200,0
FXY.US,5,20211223,174500,82.005,82.005,82.005,82.005,1000,0
FXY.US,5,20211223,175500,81.981,81.99,81.981,81.99,300,0
FXY.US,5,20211223,184000,82.02,82.02,82.02,82.02,400,0
FXY.US,5,20211223,185000,81.9781,81.9781,81.9781,81.9781,1696,0
FXY.US,5,20211223,193000,81.99,81.99,81.99,81.99,122,0
FXY.US,5,20211223,200500,81.97,81.97,81.97,81.97,100,0
FXY.US,5,20211223,201000,81.95,81.95,81.95,81.95,100,0
FXY.US,5,20211223,202500,81.975,81.99,81.975,81.99,1023,0
FXY.US,5,20211223,203000,81.97,81.97,81.97,81.97,300,0
FXY.US,5,20211223,204000,81.98,81.98,81.98,81.98,993,0
FXY.US,5,20211223,215500,82,82.01,82,82.01,2146,0
