<TICKER>,<PER>,<DATE>,<TIME>,<OPEN>,<HIGH>,<LOW>,<CLOSE>,<VOL>,<OPENINT>
IQDG.US,5,20211104,143000,39.96,39.96,39.95,39.95,2206,0
IQDG.US,5,20211104,144000,39.91,39.91,39.91,39.91,100,0
IQDG.US,5,20211104,150000,39.9247,39.9247,39.9247,39.9247,579,0
IQDG.US,5,20211104,152000,39.95,39.95,39.95,39.95,100,0
IQDG.US,5,20211104,153500,39.92,39.92,39.9,39.9,367,0
IQDG.US,5,20211104,160000,39.9,39.9018,39.9,39.9018,749,0
IQDG.US,5,20211104,161500,39.91,39.91,39.91,39.91,372,0
IQDG.US,5,20211104,162000,39.92,39.92,39.9052,39.9052,405,0
IQDG.US,5,20211104,171500,39.9441,39.9441,39.9441,39.9441,200,0
IQDG.US,5,20211104,173500,39.87,39.87,39.87,39.87,200,0
IQDG.US,5,20211104,175500,39.83,39.839,39.815,39.8385,1069,0
IQDG.US,5,20211104,180500,39.85,39.85,39.85,39.85,244,0
IQDG.US,5,20211104,181000,39.87,39.87,39.87,39.87,371,0
IQDG.US,5,20211104,185000,39.889,39.889,39.889,39.889,551,0
IQDG.US,5,20211104,185500,39.8819,39.8819,39.8819,39.8819,140,0
IQDG.US,5,20211104,190000,39.8759,39.88,39.8759,39.88,869,0
IQDG.US,5,20211104,195000,39.93,39.93,39.93,39.93,2470,0
IQDG.US,5,20211104,200000,39.89,39.89,39.89,39.89,233,0
IQDG.US,5,20211104,201000,39.89,39.89,39.89,39.89,100,0
IQDG.US,5,20211104,202000,39.9169,39.9169,39.9169,39.9169,233,0
IQDG.US,5,20211104,204000,39.92,39.92,39.92,39.92,307,0
IQDG.US,5,20211104,205500,39.95,39.95,39.89,39.95,5580,0
IQDG.US,5,20211105,143000,39.85,39.96,39.81,39.81,1118,0
IQDG.US,5,20211105,144500,39.81,39.81,39.81,39.81,2012,0
IQDG.US,5,20211105,145000,39.79,39.79,39.79,39.79,200,0
IQDG.US,5,20211105,154000,39.799,39.8,39.799,39.7997,3760,0
IQDG.US,5,20211105,154500,39.819,39.82,39.819,39.82,3768,0
IQDG.US,5,20211105,155500,39.82,39.825,39.82,39.825,5422,0
IQDG.US,5,20211105,160000,39.827,39.829,39.827,39.829,1466,0
IQDG.US,5,20211105,162000,39.84,39.84,39.84,39.84,200,0
IQDG.US,5,20211105,162500,39.835,39.835,39.835,39.835,433,0
IQDG.US,5,20211105,163000,39.855,39.855,39.855,39.855,120,0
IQDG.US,5,20211105,171500,39.81,39.81,39.81,39.81,500,0
IQDG.US,5,20211105,173500,39.835,39.835,39.835,39.835,150,0
IQDG.US,5,20211105,180500,39.83,39.83,39.83,39.83,138,0
IQDG.US,5,20211105,181000,39.8,39.8,39.8,39.8,375,0
IQDG.US,5,20211105,185000,39.7621,39.7621,39.7592,39.7592,325,0
IQDG.US,5,20211105,191000,39.8399,39.8399,39.8399,39.8399,548,0
IQDG.US,5,20211105,192000,39.815,39.815,39.815,39.815,122,0
IQDG.US,5,20211105,192500,39.81,39.81,39.81,39.81,200,0
IQDG.US,5,20211105,195000,39.82,39.82,39.82,39.82,100,0
IQDG.US,5,20211105,195500,39.82,39.83,39.82,39.82,4772,0
IQDG.US,5,20211105,200000,39.81,39.81,39.81,39.81,1322,0
IQDG.US,5,20211105,202000,39.83,39.83,39.82,39.82,361,0
IQDG.US,5,20211105,203500,39.85,39.85,39.85,39.85,551,0
IQDG.US,5,20211105,204000,39.86,39.86,39.86,39.86,216,0
IQDG.US,5,20211105,205500,39.85,39.885,39.85,39.87,1172,0
IQDG.US,5,20211108,153000,39.98,39.98,39.98,39.98,103,0
IQDG.US,5,20211108,154500,39.97,39.97,39.97,39.97,300,0
IQDG.US,5,20211108,170500,40.05,40.05,40.03,40.03,700,0
IQDG.US,5,20211108,171500,40,40,40,40,500,0
IQDG.US,5,20211108,175500,39.98,39.98,39.98,39.98,105,0
IQDG.US,5,20211108,180500,39.985,39.985,39.985,39.985,1273,0
IQDG.US,5,20211108,193000,40.0166,40.0166,40.0166,40.0166,100,0
IQDG.US,5,20211108,193500,40.005,40.005,40.005,40.005,332,0
IQDG.US,5,20211108,201000,40.0102,40.0102,40.0102,40.0102,130,0
IQDG.US,5,20211108,204500,40.0233,40.0233,40.0233,40.0233,181,0
IQDG.US,5,20211108,205500,40.02,40.0387,40.02,40.0387,906,0
IQDG.US,5,20211108,210500,40.0372,40.0372,40.0372,40.0372,207,0
IQDG.US,5,20211108,211000,40.0274,40.03,40.0117,40.03,2994,0
IQDG.US,5,20211108,211500,40.0325,40.0325,40.0325,40.0325,200,0
IQDG.US,5,20211108,213000,40.03,40.0394,40.03,40.0394,2064,0
IQDG.US,5,20211108,213500,40.0383,40.04,40.0383,40.04,805,0
IQDG.US,5,20211108,215000,40.0399,40.0472,40.0399,40.0472,826,0
IQDG.US,5,20211108,215500,40.035,40.04,40.035,40.04,500,0
IQDG.US,5,20211109,153000,40.1,40.1,40.1,40.1,977,0
IQDG.US,5,20211109,154000,40.1625,40.1625,40.1625,40.1625,200,0
IQDG.US,5,20211109,154500,40.16,40.16,40.16,40.16,100,0
IQDG.US,5,20211109,155000,40.09,40.09,40.09,40.09,500,0
IQDG.US,5,20211109,160000,40,40,40,40,439,0
IQDG.US,5,20211109,160500,39.88,39.88,39.88,39.88,1000,0
IQDG.US,5,20211109,165000,39.97,39.97,39.97,39.97,200,0
IQDG.US,5,20211109,171000,39.95,39.95,39.9,39.9,737,0
IQDG.US,5,20211109,171500,39.92,39.92,39.8938,39.8938,616,0
IQDG.US,5,20211109,183500,39.93,39.93,39.93,39.93,163,0
IQDG.US,5,20211109,184500,39.94,39.94,39.9365,39.9365,480,0
IQDG.US,5,20211109,185000,39.9565,39.9597,39.9565,39.9597,400,0
IQDG.US,5,20211109,191000,39.94,39.94,39.94,39.94,1000,0
IQDG.US,5,20211109,193000,39.95,39.95,39.95,39.95,413,0
IQDG.US,5,20211109,193500,39.9366,39.9366,39.9366,39.9366,263,0
IQDG.US,5,20211109,194000,39.929,39.929,39.929,39.929,287,0
IQDG.US,5,20211109,205000,39.97,39.97,39.96,39.96,3183,0
IQDG.US,5,20211109,205500,39.9539,39.9539,39.9539,39.9539,944,0
IQDG.US,5,20211109,211000,39.9799,39.9799,39.97,39.97,1674,0
IQDG.US,5,20211109,212000,39.96,39.96,39.96,39.96,10555,0
IQDG.US,5,20211109,213000,39.97,39.97,39.96,39.96,3194,0
IQDG.US,5,20211109,215000,39.9676,39.98,39.9676,39.9747,4164,0
IQDG.US,5,20211110,153000,39.64,39.68,39.64,39.68,540,0
IQDG.US,5,20211110,153500,39.675,39.675,39.67,39.67,370,0
IQDG.US,5,20211110,155000,39.64,39.65,39.64,39.65,700,0
IQDG.US,5,20211110,155500,39.6501,39.6501,39.6501,39.6501,305,0
IQDG.US,5,20211110,161000,39.67,39.67,39.67,39.67,1475,0
IQDG.US,5,20211110,162000,39.7,39.704,39.7,39.7,600,0
IQDG.US,5,20211110,163000,39.615,39.615,39.615,39.615,430,0
IQDG.US,5,20211110,164000,39.6444,39.6444,39.6444,39.6444,117,0
IQDG.US,5,20211110,165000,39.59,39.6121,39.59,39.6121,300,0
IQDG.US,5,20211110,170500,39.62,39.62,39.62,39.62,103,0
IQDG.US,5,20211110,181000,39.55,39.55,39.55,39.55,200,0
IQDG.US,5,20211110,182000,39.5362,39.5362,39.5362,39.5362,200,0
IQDG.US,5,20211110,182500,39.52,39.52,39.52,39.52,148,0
IQDG.US,5,20211110,184500,39.5089,39.5089,39.5089,39.5089,305,0
IQDG.US,5,20211110,190000,39.505,39.505,39.505,39.505,281,0
IQDG.US,5,20211110,190500,39.42,39.42,39.42,39.42,1734,0
IQDG.US,5,20211110,200000,39.35,39.35,39.3342,39.3342,1229,0
IQDG.US,5,20211110,200500,39.334,39.334,39.334,39.334,627,0
IQDG.US,5,20211110,201500,39.34,39.34,39.34,39.34,200,0
IQDG.US,5,20211110,202000,39.3499,39.3499,39.3251,39.33,2010,0
IQDG.US,5,20211110,203500,39.2751,39.3,39.2751,39.2845,2504,0
IQDG.US,5,20211110,204500,39.29,39.29,39.29,39.29,100,0
IQDG.US,5,20211110,205500,39.28,39.28,39.26,39.26,517,0
IQDG.US,5,20211110,210000,39.25,39.26,39.2351,39.26,1113,0
IQDG.US,5,20211110,210500,39.2785,39.28,39.27,39.27,1518,0
IQDG.US,5,20211110,211000,39.28,39.29,39.2758,39.285,2127,0
IQDG.US,5,20211110,212000,39.3,39.3,39.29,39.29,500,0
IQDG.US,5,20211110,213000,39.3,39.3,39.29,39.29,1150,0
IQDG.US,5,20211110,213500,39.2817,39.29,39.28,39.28,1941,0
IQDG.US,5,20211110,214500,39.2324,39.27,39.2324,39.27,5591,0
IQDG.US,5,20211110,215000,39.309,39.32,39.3056,39.32,3650,0
IQDG.US,5,20211110,215500,39.298,39.298,39.298,39.298,526,0
IQDG.US,5,20211111,153000,39.69,39.69,39.69,39.69,1596,0
IQDG.US,5,20211111,153500,39.69,39.69,39.69,39.69,342,0
IQDG.US,5,20211111,154500,39.725,39.725,39.725,39.725,100,0
IQDG.US,5,20211111,155000,39.745,39.745,39.745,39.745,479,0
IQDG.US,5,20211111,161000,39.7477,39.7477,39.7477,39.7477,503,0
IQDG.US,5,20211111,161500,39.7488,39.75,39.7488,39.75,748,0
IQDG.US,5,20211111,171000,39.7757,39.7757,39.7757,39.7757,162,0
IQDG.US,5,20211111,171500,39.7865,39.7865,39.7865,39.7865,264,0
IQDG.US,5,20211111,172000,39.79,39.79,39.79,39.79,100,0
IQDG.US,5,20211111,172500,39.79,39.79,39.79,39.79,200,0
IQDG.US,5,20211111,173000,39.76,39.76,39.76,39.76,100,0
IQDG.US,5,20211111,183500,39.7374,39.755,39.7374,39.755,549,0
IQDG.US,5,20211111,185500,39.73,39.73,39.73,39.73,230,0
IQDG.US,5,20211111,190500,39.71,39.71,39.7,39.7,454,0
IQDG.US,5,20211111,191000,39.7,39.7,39.7,39.7,100,0
IQDG.US,5,20211111,193000,39.72,39.72,39.71,39.715,2856,0
IQDG.US,5,20211111,193500,39.72,39.72,39.72,39.72,500,0
IQDG.US,5,20211111,195500,39.738,39.738,39.738,39.738,357,0
IQDG.US,5,20211111,200500,39.73,39.73,39.73,39.73,500,0
IQDG.US,5,20211111,202000,39.7274,39.7274,39.7274,39.7274,171,0
IQDG.US,5,20211111,203000,39.73,39.7495,39.73,39.7495,527,0
IQDG.US,5,20211111,205000,39.73,39.73,39.73,39.73,334,0
IQDG.US,5,20211111,205500,39.73,39.73,39.73,39.73,190,0
IQDG.US,5,20211111,211000,39.7,39.71,39.69,39.695,5070,0
IQDG.US,5,20211111,211500,39.71,39.71,39.71,39.71,178061,0
IQDG.US,5,20211111,213500,39.71,39.72,39.71,39.72,2562,0
IQDG.US,5,20211111,214500,39.73,39.73,39.72,39.72,396,0
IQDG.US,5,20211112,154000,39.76,39.76,39.76,39.76,171,0
IQDG.US,5,20211112,154500,39.79,39.79,39.78,39.79,900,0
IQDG.US,5,20211112,160500,39.85,39.89,39.85,39.89,1600,0
IQDG.US,5,20211112,161000,39.91,39.91,39.89,39.9,1300,0
IQDG.US,5,20211112,161500,39.9,39.9,39.9,39.9,400,0
IQDG.US,5,20211112,162000,39.92,39.93,39.91,39.91,800,0
IQDG.US,5,20211112,162500,39.91,39.92,39.89,39.89,1300,0
IQDG.US,5,20211112,163000,39.89,39.91,39.89,39.91,800,0
IQDG.US,5,20211112,163500,39.89,39.89,39.89,39.89,900,0
IQDG.US,5,20211112,164000,39.88,39.89,39.88,39.89,400,0
IQDG.US,5,20211112,164500,39.88,39.89,39.88,39.88,700,0
IQDG.US,5,20211112,165000,39.88,39.88,39.88,39.88,700,0
IQDG.US,5,20211112,165500,39.88,39.9,39.88,39.9,800,0
IQDG.US,5,20211112,170000,39.9,39.9127,39.9,39.9127,1566,0
IQDG.US,5,20211112,170500,39.93,39.94,39.93,39.94,1050,0
IQDG.US,5,20211112,171000,39.95,39.95,39.93,39.94,1100,0
IQDG.US,5,20211112,171500,39.95,39.95,39.95,39.95,800,0
IQDG.US,5,20211112,172000,39.96,39.97,39.95,39.97,1000,0
IQDG.US,5,20211112,172500,39.98,39.98,39.98,39.98,300,0
IQDG.US,5,20211112,173000,39.98,39.98,39.97,39.97,26861,0
IQDG.US,5,20211112,173500,39.965,39.97,39.965,39.97,1300,0
IQDG.US,5,20211112,174000,39.985,39.985,39.985,39.985,300,0
IQDG.US,5,20211112,174500,39.99,39.99,39.96,39.97,133815,0
IQDG.US,5,20211112,175000,39.97,40.03,39.97,40.03,25000,0
IQDG.US,5,20211112,175500,40.0325,40.035,39.99,40,12444,0
IQDG.US,5,20211112,180000,39.99,40,39.99,39.99,4400,0
IQDG.US,5,20211112,180500,39.99,39.99,39.98,39.98,3700,0
IQDG.US,5,20211112,181000,39.99,40.0025,39.99,40.0025,400,0
IQDG.US,5,20211112,181500,40,40.005,40,40.005,6300,0
IQDG.US,5,20211112,182000,40.0025,40.01,40,40.0025,2200,0
IQDG.US,5,20211112,182500,40,40.0025,40,40,2000,0
IQDG.US,5,20211112,183000,40,40.0025,40,40,1500,0
IQDG.US,5,20211112,183500,40,40.0025,40,40.0025,1500,0
IQDG.US,5,20211112,184000,40,40.005,40,40,800,0
IQDG.US,5,20211112,184500,40,40.005,40,40.005,1700,0
IQDG.US,5,20211112,185000,40,40,39.99,39.9925,4742,0
IQDG.US,5,20211112,185500,39.99,39.9925,39.99,39.9925,21400,0
IQDG.US,5,20211112,190000,39.98,39.9825,39.98,39.9825,800,0
IQDG.US,5,20211112,190500,39.98,39.9825,39.96,39.96,1500,0
IQDG.US,5,20211112,191000,39.96,39.97,39.96,39.97,1500,0
IQDG.US,5,20211112,191500,39.97,39.97,39.97,39.97,600,0
IQDG.US,5,20211112,192000,39.97,39.975,39.97,39.975,500,0
IQDG.US,5,20211112,192500,39.975,39.99,39.97,39.99,2100,0
IQDG.US,5,20211112,193000,39.98,39.99,39.98,39.99,500,0
IQDG.US,5,20211112,193500,39.99,39.99,39.99,39.99,600,0
IQDG.US,5,20211112,194000,39.99,39.99,39.99,39.99,1021,0
IQDG.US,5,20211112,194500,39.985,39.985,39.97,39.975,8062,0
IQDG.US,5,20211112,195000,39.98,39.98,39.97,39.98,900,0
IQDG.US,5,20211112,195500,39.98,39.98,39.98,39.98,1100,0
IQDG.US,5,20211112,200000,39.98,39.98,39.98,39.98,100,0
IQDG.US,5,20211112,200500,39.98,39.98,39.98,39.98,1000,0
IQDG.US,5,20211112,201000,39.99,39.99,39.99,39.99,100,0
IQDG.US,5,20211112,201500,39.99,40,39.99,40,1600,0
IQDG.US,5,20211112,202000,39.99,39.99,39.98,39.99,1460,0
IQDG.US,5,20211112,202500,39.99,39.99,39.98,39.98,1100,0
IQDG.US,5,20211112,203000,39.975,39.975,39.97,39.975,1000,0
IQDG.US,5,20211112,203500,39.97,39.97,39.96,39.97,1200,0
IQDG.US,5,20211112,204000,39.97,39.97,39.97,39.97,900,0
IQDG.US,5,20211112,204500,39.97,39.97,39.97,39.97,900,0
IQDG.US,5,20211112,205000,39.96,39.98,39.96,39.97,940,0
IQDG.US,5,20211112,205500,39.98,39.98,39.97,39.97,600,0
IQDG.US,5,20211112,210000,39.97,39.9799,39.97,39.97,1013,0
IQDG.US,5,20211112,210500,39.97,39.9873,39.9602,39.97,2187,0
IQDG.US,5,20211112,211000,39.97,39.975,39.97,39.97,1300,0
IQDG.US,5,20211112,211500,39.97,39.97,39.965,39.965,800,0
IQDG.US,5,20211112,212000,39.965,39.965,39.96,39.965,1369,0
IQDG.US,5,20211112,212500,39.965,39.97,39.965,39.97,1000,0
IQDG.US,5,20211112,213000,39.97,39.99,39.96,39.99,8315,0
IQDG.US,5,20211112,213500,39.99,39.99,39.99,39.99,200,0
IQDG.US,5,20211112,214000,39.99,39.99,39.98,39.98,3200,0
IQDG.US,5,20211112,214500,39.985,39.985,39.97,39.975,2375,0
IQDG.US,5,20211112,215000,39.97,39.98,39.97,39.97,15700,0
IQDG.US,5,20211112,215500,39.975,40.01,39.97,39.995,5900,0
IQDG.US,5,20211115,153000,39.99,39.99,39.99,39.99,101,0
IQDG.US,5,20211115,160000,39.95,39.95,39.95,39.95,300,0
IQDG.US,5,20211115,160500,39.94,39.95,39.92,39.94,2138,0
IQDG.US,5,20211115,161000,39.95,39.96,39.94,39.95,703,0
IQDG.US,5,20211115,161500,39.96,39.96,39.945,39.945,500,0
IQDG.US,5,20211115,162000,39.945,39.955,39.945,39.95,500,0
IQDG.US,5,20211115,162500,39.95,39.95,39.93,39.93,611,0
IQDG.US,5,20211115,163000,39.92,39.92,39.9,39.9,500,0
IQDG.US,5,20211115,163500,39.9,39.91,39.9,39.91,500,0
IQDG.US,5,20211115,164000,39.9,39.9,39.9,39.9,400,0
IQDG.US,5,20211115,164500,39.9,39.91,39.9,39.91,669,0
IQDG.US,5,20211115,165000,39.91,39.91,39.9,39.9,2195,0
IQDG.US,5,20211115,165500,39.91,39.91,39.91,39.91,400,0
IQDG.US,5,20211115,170000,39.91,39.91,39.905,39.905,400,0
IQDG.US,5,20211115,170500,39.9,39.905,39.9,39.9,500,0
IQDG.US,5,20211115,171000,39.905,39.92,39.905,39.92,400,0
IQDG.US,5,20211115,171500,39.92,39.92,39.92,39.92,500,0
IQDG.US,5,20211115,172000,39.93,39.955,39.93,39.94,8600,0
IQDG.US,5,20211115,172500,39.96,39.96,39.94,39.94,600,0
IQDG.US,5,20211115,173000,39.94,39.95,39.94,39.95,300,0
IQDG.US,5,20211115,173500,39.98,39.98,39.975,39.975,400,0
IQDG.US,5,20211115,174000,39.97,39.97,39.88,39.88,900,0
IQDG.US,5,20211115,174500,39.88,39.91,39.88,39.91,4100,0
IQDG.US,5,20211115,175000,39.9,39.9,39.885,39.885,500,0
IQDG.US,5,20211115,175500,39.895,39.91,39.895,39.91,400,0
IQDG.US,5,20211115,180000,39.91,39.91,39.91,39.91,300,0
IQDG.US,5,20211115,180500,39.91,39.91,39.91,39.91,300,0
IQDG.US,5,20211115,181000,39.91,39.91,39.905,39.905,400,0
IQDG.US,5,20211115,181500,39.9,39.9,39.88,39.88,500,0
IQDG.US,5,20211115,182000,39.88,39.89,39.84,39.84,1100,0
IQDG.US,5,20211115,182500,39.82,39.84,39.82,39.84,1700,0
IQDG.US,5,20211115,183000,39.85,39.86,39.85,39.85,300,0
IQDG.US,5,20211115,183500,39.85,39.87,39.83,39.85,763,0
IQDG.US,5,20211115,184000,39.84,39.84,39.84,39.84,100,0
IQDG.US,5,20211115,184500,39.85,39.85,39.85,39.85,100,0
IQDG.US,5,20211115,185000,39.85,39.85,39.85,39.85,100,0
IQDG.US,5,20211115,185500,39.84,39.84,39.84,39.84,300,0
IQDG.US,5,20211115,190000,39.84,39.875,39.83,39.875,44837,0
IQDG.US,5,20211115,190500,39.86,39.86,39.86,39.86,9000,0
IQDG.US,5,20211115,191000,39.86,39.86,39.86,39.86,38500,0
IQDG.US,5,20211115,191500,39.87,39.89,39.87,39.885,14961,0
IQDG.US,5,20211115,192000,39.865,39.865,39.865,39.865,100,0
IQDG.US,5,20211115,192500,39.86,39.86,39.86,39.86,200,0
IQDG.US,5,20211115,193000,39.87,39.87,39.87,39.87,100,0
IQDG.US,5,20211115,193500,39.865,39.865,39.865,39.865,100,0
IQDG.US,5,20211115,194000,39.865,39.865,39.855,39.86,300,0
IQDG.US,5,20211115,194500,39.87,39.875,39.87,39.875,277,0
IQDG.US,5,20211115,195000,39.875,39.875,39.85,39.87,1271,0
IQDG.US,5,20211115,195500,39.87,39.87,39.865,39.865,200,0
IQDG.US,5,20211115,200000,39.865,39.865,39.865,39.865,100,0
IQDG.US,5,20211115,200500,39.865,39.865,39.865,39.865,200,0
IQDG.US,5,20211115,201000,39.87,39.87,39.87,39.87,100,0
IQDG.US,5,20211115,201500,39.8561,39.865,39.8561,39.865,1806,0
IQDG.US,5,20211115,202000,39.855,39.855,39.855,39.855,100,0
IQDG.US,5,20211115,202500,39.855,39.86,39.855,39.86,200,0
IQDG.US,5,20211115,203000,39.86,39.86,39.86,39.86,100,0
IQDG.US,5,20211115,203500,39.865,39.865,39.865,39.865,200,0
IQDG.US,5,20211115,204000,39.875,39.875,39.87,39.87,200,0
IQDG.US,5,20211115,204500,39.885,39.885,39.885,39.885,100,0
IQDG.US,5,20211115,205000,39.885,39.885,39.87,39.885,450,0
IQDG.US,5,20211115,205500,39.8701,39.8971,39.87,39.87,6750,0
IQDG.US,5,20211115,210000,39.88,39.88,39.875,39.875,200,0
IQDG.US,5,20211115,210500,39.875,39.875,39.875,39.875,100,0
IQDG.US,5,20211115,211000,39.8848,39.8848,39.87,39.875,412,0
IQDG.US,5,20211115,211500,39.875,39.88,39.875,39.88,200,0
IQDG.US,5,20211115,212000,39.888,39.888,39.875,39.875,443,0
IQDG.US,5,20211115,212500,39.855,39.855,39.855,39.855,100,0
IQDG.US,5,20211115,213000,39.85,39.85,39.845,39.845,200,0
IQDG.US,5,20211115,213500,39.835,39.835,39.835,39.835,452,0
IQDG.US,5,20211115,214000,39.8436,39.8436,39.8436,39.8436,233,0
IQDG.US,5,20211115,215000,39.7946,39.805,39.7946,39.805,979,0
IQDG.US,5,20211115,215500,39.785,39.785,39.785,39.785,100,0
IQDG.US,5,20211116,154500,39.81,39.81,39.81,39.81,100,0
IQDG.US,5,20211116,161500,39.79,39.79,39.79,39.79,500,0
IQDG.US,5,20211116,162000,39.8,39.81,39.8,39.81,500,0
IQDG.US,5,20211116,164000,39.77,39.77,39.75,39.77,11797,0
IQDG.US,5,20211116,172500,39.8099,39.8099,39.8099,39.8099,231,0
IQDG.US,5,20211116,174500,39.769,39.769,39.769,39.769,216,0
IQDG.US,5,20211116,180500,39.765,39.765,39.765,39.765,196,0
IQDG.US,5,20211116,182000,39.75,39.75,39.75,39.75,1250,0
IQDG.US,5,20211116,182500,39.75,39.75,39.75,39.75,100,0
IQDG.US,5,20211116,191000,39.7953,39.7953,39.7953,39.7953,100,0
IQDG.US,5,20211116,195500,39.762,39.762,39.762,39.762,181,0
IQDG.US,5,20211116,200000,39.798,39.798,39.798,39.798,662,0
IQDG.US,5,20211116,205500,39.7571,39.76,39.73,39.76,8848,0
IQDG.US,5,20211116,211500,39.7541,39.765,39.7541,39.765,337,0
IQDG.US,5,20211116,212000,39.7239,39.7239,39.7239,39.7239,319,0
IQDG.US,5,20211116,213000,39.75,39.75,39.75,39.75,200,0
IQDG.US,5,20211116,215500,39.715,39.715,39.715,39.715,185,0
IQDG.US,5,20211117,153000,39.79,39.79,39.77,39.77,849,0
IQDG.US,5,20211117,153500,39.78,39.78,39.77,39.77,1200,0
IQDG.US,5,20211117,154000,39.77,39.81,39.76,39.81,900,0
IQDG.US,5,20211117,154500,39.81,39.81,39.8,39.8,200,0
IQDG.US,5,20211117,155000,39.79,39.79,39.75,39.75,600,0
IQDG.US,5,20211117,155500,39.74,39.74,39.74,39.74,400,0
IQDG.US,5,20211117,160500,39.74,39.75,39.74,39.75,300,0
IQDG.US,5,20211117,162000,39.75,39.75,39.74,39.74,200,0
IQDG.US,5,20211117,163000,39.74,39.74,39.74,39.74,100,0
IQDG.US,5,20211117,164500,39.73,39.73,39.72,39.72,800,0
IQDG.US,5,20211117,165000,39.71,39.74,39.71,39.74,2667,0
IQDG.US,5,20211117,170000,39.73,39.74,39.73,39.74,200,0
IQDG.US,5,20211117,170500,39.74,39.74,39.74,39.74,500,0
IQDG.US,5,20211117,171000,39.74,39.74,39.74,39.74,300,0
IQDG.US,5,20211117,172500,39.735,39.744,39.735,39.744,357,0
IQDG.US,5,20211117,173500,39.76,39.76,39.76,39.76,746,0
IQDG.US,5,20211117,175000,39.78,39.78,39.78,39.78,115,0
IQDG.US,5,20211117,180000,39.83,39.83,39.82,39.82,1600,0
IQDG.US,5,20211117,180500,39.82,39.82,39.79,39.79,900,0
IQDG.US,5,20211117,181000,39.8,39.8,39.8,39.8,243,0
IQDG.US,5,20211117,181500,39.79,39.79,39.79,39.79,100,0
IQDG.US,5,20211117,182000,39.77,39.77,39.77,39.77,400,0
IQDG.US,5,20211117,182500,39.76,39.76,39.75,39.75,1300,0
IQDG.US,5,20211117,183000,39.75,39.755,39.74,39.755,400,0
IQDG.US,5,20211117,183500,39.75,39.76,39.75,39.76,2100,0
IQDG.US,5,20211117,184000,39.76,39.76,39.76,39.76,1700,0
IQDG.US,5,20211117,184500,39.76,39.76,39.76,39.76,1000,0
IQDG.US,5,20211117,185000,39.75,39.75,39.75,39.75,100,0
IQDG.US,5,20211117,190000,39.73,39.73,39.73,39.73,500,0
IQDG.US,5,20211117,190500,39.78,39.78,39.77,39.77,400,0
IQDG.US,5,20211117,191000,39.7682,39.7682,39.76,39.76,348,0
IQDG.US,5,20211117,191500,39.76,39.76,39.76,39.76,200,0
IQDG.US,5,20211117,192000,39.76,39.76,39.76,39.76,500,0
IQDG.US,5,20211117,192500,39.77,39.77,39.77,39.77,2400,0
IQDG.US,5,20211117,193000,39.76,39.765,39.76,39.765,1700,0
IQDG.US,5,20211117,193500,39.76,39.7797,39.76,39.7797,271,0
IQDG.US,5,20211117,194000,39.75,39.75,39.75,39.75,2000,0
IQDG.US,5,20211117,194500,39.75,39.75,39.75,39.75,4100,0
IQDG.US,5,20211117,195500,39.76,39.7775,39.76,39.7775,2233,0
IQDG.US,5,20211117,200500,39.7771,39.7771,39.7771,39.7771,433,0
IQDG.US,5,20211117,201000,39.77,39.77,39.77,39.77,100,0
IQDG.US,5,20211117,201500,39.7681,39.7681,39.7681,39.7681,247,0
IQDG.US,5,20211117,202500,39.7267,39.7267,39.7267,39.7267,193,0
IQDG.US,5,20211117,203500,39.74,39.74,39.74,39.74,100,0
IQDG.US,5,20211117,204000,39.738,39.738,39.738,39.738,181,0
IQDG.US,5,20211117,204500,39.75,39.75,39.75,39.75,241,0
IQDG.US,5,20211117,205000,39.75,39.75,39.7242,39.7271,1933,0
IQDG.US,5,20211117,210000,39.73,39.73,39.73,39.73,100,0
IQDG.US,5,20211117,212500,39.77,39.77,39.77,39.77,1016,0
IQDG.US,5,20211117,214500,39.77,39.77,39.77,39.77,100,0
IQDG.US,5,20211117,215000,39.78,39.78,39.78,39.78,100,0
IQDG.US,5,20211117,215500,39.78,39.81,39.7799,39.78,900,0
IQDG.US,5,20211118,162000,39.71,39.71,39.71,39.71,519,0
IQDG.US,5,20211118,163000,39.685,39.685,39.685,39.685,690,0
IQDG.US,5,20211118,170000,39.7113,39.7113,39.7113,39.7113,111,0
IQDG.US,5,20211118,173000,39.75,39.76,39.75,39.76,1500,0
IQDG.US,5,20211118,175500,39.82,39.82,39.81,39.81,318,0
IQDG.US,5,20211118,190000,39.8395,39.8395,39.8395,39.8395,251,0
IQDG.US,5,20211118,191500,39.85,39.8501,39.85,39.8501,3370,0
IQDG.US,5,20211118,192500,39.8339,39.8339,39.8339,39.8339,270,0
IQDG.US,5,20211118,193000,39.8321,39.8321,39.8321,39.8321,160,0
IQDG.US,5,20211118,193500,39.8386,39.8399,39.8386,39.8399,712,0
IQDG.US,5,20211118,194000,39.8399,39.8399,39.8399,39.8399,940,0
IQDG.US,5,20211118,202500,39.8221,39.8221,39.8221,39.8221,149,0
IQDG.US,5,20211118,203000,39.82,39.82,39.82,39.82,117,0
IQDG.US,5,20211118,203500,39.8165,39.8165,39.8165,39.8165,251,0
IQDG.US,5,20211118,204000,39.8135,39.82,39.8045,39.8045,2312,0
IQDG.US,5,20211118,204500,39.83,39.83,39.8,39.815,10062,0
IQDG.US,5,20211118,205000,39.829,39.8401,39.829,39.8401,397,0
IQDG.US,5,20211118,205500,39.8433,39.8433,39.8433,39.8433,405,0
IQDG.US,5,20211118,211500,39.8463,39.8463,39.8463,39.8463,228,0
IQDG.US,5,20211118,212000,39.8489,39.8489,39.8489,39.8489,200,0
IQDG.US,5,20211118,214000,39.85,39.85,39.8388,39.8388,877,0
IQDG.US,5,20211118,214500,39.86,39.86,39.8484,39.8597,1679,0
IQDG.US,5,20211119,153000,39.78,39.78,39.78,39.78,1192,0
IQDG.US,5,20211119,154000,39.81,39.81,39.81,39.81,500,0
IQDG.US,5,20211119,155500,39.85,39.85,39.85,39.85,500,0
IQDG.US,5,20211119,160500,39.82,39.82,39.8,39.8,1200,0
IQDG.US,5,20211119,173500,39.8493,39.8493,39.8493,39.8493,650,0
IQDG.US,5,20211119,180000,39.83,39.83,39.83,39.83,500,0
IQDG.US,5,20211119,184000,39.79,39.79,39.79,39.79,1600,0
IQDG.US,5,20211119,184500,39.78,39.78,39.7722,39.78,714,0
IQDG.US,5,20211119,185000,39.79,39.79,39.79,39.79,500,0
IQDG.US,5,20211119,185500,39.7997,39.7997,39.7997,39.7997,1920,0
IQDG.US,5,20211119,190500,39.78,39.78,39.78,39.78,500,0
IQDG.US,5,20211119,193000,39.71,39.71,39.706,39.706,507,0
IQDG.US,5,20211119,194000,39.6799,39.6799,39.6799,39.6799,250,0
IQDG.US,5,20211119,195000,39.69,39.6947,39.69,39.6947,714,0
IQDG.US,5,20211119,200000,39.71,39.71,39.71,39.71,179,0
IQDG.US,5,20211119,204500,39.7145,39.7145,39.7145,39.7145,106,0
IQDG.US,5,20211119,205000,39.72,39.7271,39.7,39.7,3526,0
IQDG.US,5,20211119,210500,39.689,39.7,39.689,39.7,1038,0
IQDG.US,5,20211119,211500,39.6765,39.6765,39.6765,39.6765,290,0
IQDG.US,5,20211119,213500,39.68,39.6899,39.68,39.6899,575,0
IQDG.US,5,20211119,214000,39.66,39.69,39.66,39.69,520,0
IQDG.US,5,20211119,214500,39.69,39.69,39.69,39.69,308,0
IQDG.US,5,20211122,153000,39.69,39.69,39.69,39.69,503,0
IQDG.US,5,20211122,154000,39.7,39.7,39.7,39.7,1837,0
IQDG.US,5,20211122,160500,39.81,39.83,39.78,39.78,983,0
IQDG.US,5,20211122,162500,39.82,39.82,39.82,39.82,200,0
IQDG.US,5,20211122,170500,39.795,39.795,39.795,39.795,150,0
IQDG.US,5,20211122,182500,39.5719,39.5719,39.5719,39.5719,125,0
IQDG.US,5,20211122,183500,39.61,39.61,39.61,39.61,100,0
IQDG.US,5,20211122,184000,39.64,39.64,39.64,39.64,100,0
IQDG.US,5,20211122,185000,39.64,39.64,39.6194,39.6194,649,0
IQDG.US,5,20211122,192000,39.609,39.61,39.609,39.61,1356,0
IQDG.US,5,20211122,193000,39.63,39.63,39.629,39.629,289,0
IQDG.US,5,20211122,193500,39.63,39.63,39.63,39.63,100,0
IQDG.US,5,20211122,194000,39.62,39.62,39.6045,39.6045,664,0
IQDG.US,5,20211122,194500,39.63,39.63,39.63,39.63,100,0
IQDG.US,5,20211122,195000,39.625,39.6263,39.625,39.6263,510,0
IQDG.US,5,20211122,195500,39.6091,39.6299,39.6091,39.62,549,0
IQDG.US,5,20211122,200000,39.63,39.63,39.62,39.62,815,0
IQDG.US,5,20211122,201000,39.63,39.63,39.63,39.63,100,0
IQDG.US,5,20211122,201500,39.63,39.63,39.63,39.63,100,0
IQDG.US,5,20211122,202000,39.63,39.63,39.63,39.63,100,0
IQDG.US,5,20211122,202500,39.6911,39.6911,39.6911,39.6911,126,0
IQDG.US,5,20211122,203000,39.64,39.6557,39.64,39.6557,262,0
IQDG.US,5,20211122,203500,39.63,39.63,39.63,39.63,504,0
IQDG.US,5,20211122,204000,39.645,39.645,39.645,39.645,264,0
IQDG.US,5,20211122,204500,39.65,39.66,39.65,39.66,300,0
IQDG.US,5,20211122,210000,39.665,39.6899,39.665,39.6862,551,0
IQDG.US,5,20211122,210500,39.69,39.69,39.69,39.69,100,0
IQDG.US,5,20211122,211000,39.6925,39.7162,39.6837,39.6837,1355,0
IQDG.US,5,20211122,211500,39.695,39.695,39.69,39.69,602,0
IQDG.US,5,20211122,212500,39.67,39.67,39.665,39.665,200,0
IQDG.US,5,20211122,213000,39.645,39.6589,39.6378,39.6378,1697,0
IQDG.US,5,20211122,214000,39.645,39.6483,39.6104,39.6104,2652,0
IQDG.US,5,20211122,214500,39.61,39.61,39.59,39.59,200,0
IQDG.US,5,20211122,215000,39.58,39.58,39.54,39.549,850,0
IQDG.US,5,20211122,215500,39.48,39.51,39.44,39.44,1538,0
IQDG.US,5,20211123,153000,39.27,39.27,39.25,39.25,1327,0
IQDG.US,5,20211123,153500,39.23,39.27,39.23,39.27,805,0
IQDG.US,5,20211123,154000,39.26,39.31,39.26,39.3,2100,0
IQDG.US,5,20211123,161000,39.2499,39.2499,39.2499,39.2499,209,0
IQDG.US,5,20211123,163500,39.13,39.13,39.13,39.13,131,0
IQDG.US,5,20211123,164500,39.14,39.14,39.14,39.14,356,0
IQDG.US,5,20211123,165000,39.1578,39.1578,39.1578,39.1578,110,0
IQDG.US,5,20211123,165500,39.0559,39.0559,39.0559,39.0559,105,0
IQDG.US,5,20211123,170000,39.02,39.02,39.02,39.02,100,0
IQDG.US,5,20211123,173000,39.12,39.12,39.09,39.09,3000,0
IQDG.US,5,20211123,175500,39.0999,39.1021,39.08,39.08,1611,0
IQDG.US,5,20211123,180000,39.08,39.08,39.05,39.05,400,0
IQDG.US,5,20211123,180500,39.065,39.065,39.065,39.065,1250,0
IQDG.US,5,20211123,181000,39.0889,39.0889,39.0889,39.0889,196,0
IQDG.US,5,20211123,184000,39.126,39.126,39.126,39.126,193,0
IQDG.US,5,20211123,185500,39.05,39.05,39.05,39.05,500,0
IQDG.US,5,20211123,190000,39.05,39.05,39.05,39.05,700,0
IQDG.US,5,20211123,191500,39.05,39.05,39.05,39.05,171,0
IQDG.US,5,20211123,192000,39.03,39.03,39.03,39.03,100,0
IQDG.US,5,20211123,192500,39.025,39.025,39.025,39.025,102,0
IQDG.US,5,20211123,193500,39.015,39.015,39.015,39.015,122,0
IQDG.US,5,20211123,194000,39.0275,39.0275,39.0275,39.0275,179,0
IQDG.US,5,20211123,195000,39.05,39.05,39.05,39.05,600,0
IQDG.US,5,20211123,200500,39.089,39.089,39.085,39.085,456,0
IQDG.US,5,20211123,202000,39.0475,39.06,39.04,39.06,1621,0
IQDG.US,5,20211123,202500,39.07,39.07,39.07,39.07,200,0
IQDG.US,5,20211123,203000,39.07,39.07,39.07,39.07,200,0
IQDG.US,5,20211123,203500,39.05,39.05,39.05,39.05,100,0
IQDG.US,5,20211123,204000,39.06,39.06,39.06,39.06,100,0
IQDG.US,5,20211123,204500,39.08,39.1,39.08,39.1,353,0
IQDG.US,5,20211123,205000,39.12,39.15,39.12,39.15,500,0
IQDG.US,5,20211123,205500,39.14,39.14,39.14,39.14,100,0
IQDG.US,5,20211123,210000,39.13,39.13,39.12,39.12,200,0
IQDG.US,5,20211123,210500,39.1375,39.15,39.13,39.15,832,0
IQDG.US,5,20211123,211000,39.15,39.15,39.15,39.15,100,0
IQDG.US,5,20211123,211500,39.14,39.15,39.14,39.15,400,0
IQDG.US,5,20211123,212000,39.13,39.13,39.13,39.13,198,0
IQDG.US,5,20211123,212500,39.14,39.15,39.14,39.145,300,0
IQDG.US,5,20211123,213000,39.12,39.15,39.12,39.15,3400,0
IQDG.US,5,20211123,213500,39.15,39.18,39.15,39.18,300,0
IQDG.US,5,20211123,214000,39.1795,39.19,39.1795,39.19,505,0
IQDG.US,5,20211123,214500,39.18,39.18,39.16,39.16,300,0
IQDG.US,5,20211123,215000,39.2199,39.2199,39.2199,39.2199,159,0
IQDG.US,5,20211123,215500,39.23,39.23,39.22,39.22,400,0
IQDG.US,5,20211124,153000,38.69,38.79,38.67,38.67,1160,0
IQDG.US,5,20211124,153500,38.71,38.71,38.71,38.71,120,0
IQDG.US,5,20211124,155000,38.7,38.7,38.7,38.7,200,0
IQDG.US,5,20211124,162000,38.8353,38.8353,38.8353,38.8353,232,0
IQDG.US,5,20211124,164500,38.84,38.84,38.813,38.813,462,0
IQDG.US,5,20211124,171000,38.84,38.84,38.84,38.84,500,0
IQDG.US,5,20211124,173000,38.87,38.87,38.86,38.86,1300,0
IQDG.US,5,20211124,174500,38.83,38.83,38.83,38.83,128,0
IQDG.US,5,20211124,175000,38.8682,38.8682,38.8682,38.8682,157,0
IQDG.US,5,20211124,175500,38.848,38.848,38.848,38.848,128,0
IQDG.US,5,20211124,181000,38.842,38.842,38.842,38.842,151,0
IQDG.US,5,20211124,182000,38.8282,38.8282,38.8282,38.8282,257,0
IQDG.US,5,20211124,183000,38.8297,38.8297,38.8297,38.8297,116,0
IQDG.US,5,20211124,184000,38.8475,38.8475,38.82,38.821,7183,0
IQDG.US,5,20211124,184500,38.835,38.835,38.835,38.835,151,0
IQDG.US,5,20211124,190000,38.85,38.85,38.85,38.85,400,0
IQDG.US,5,20211124,195000,38.8594,38.8594,38.8582,38.8582,579,0
IQDG.US,5,20211124,195500,38.8468,38.8468,38.8468,38.8468,313,0
IQDG.US,5,20211124,201000,38.8099,38.8099,38.8099,38.8099,257,0
IQDG.US,5,20211124,201500,38.785,38.79,38.785,38.79,533,0
IQDG.US,5,20211124,202500,38.8283,38.8283,38.8283,38.8283,386,0
IQDG.US,5,20211124,204500,38.8637,38.8637,38.8637,38.8637,572,0
IQDG.US,5,20211124,211000,38.885,38.885,38.885,38.885,1160,0
IQDG.US,5,20211124,211500,38.9073,38.9073,38.9073,38.9073,561,0
IQDG.US,5,20211124,215500,38.9554,38.96,38.9554,38.96,432,0
IQDG.US,5,20211126,153000,38.26,38.26,38.26,38.26,1276,0
IQDG.US,5,20211126,153500,38.3169,38.33,38.3169,38.33,527,0
IQDG.US,5,20211126,154000,38.33,38.33,38.33,38.33,300,0
IQDG.US,5,20211126,154500,38.225,38.225,38.19,38.19,600,0
IQDG.US,5,20211126,155000,38.23,38.23,38.2133,38.2133,500,0
IQDG.US,5,20211126,161500,38.09,38.09,38.08,38.08,1500,0
IQDG.US,5,20211126,162000,38.1261,38.1261,38.1261,38.1261,173,0
IQDG.US,5,20211126,163000,38.1,38.1,38.1,38.1,200,0
IQDG.US,5,20211126,164500,38.1,38.1,38.09,38.0901,579,0
IQDG.US,5,20211126,165000,38.14,38.14,38.14,38.14,100,0
IQDG.US,5,20211126,165500,38.17,38.17,38.17,38.17,100,0
IQDG.US,5,20211126,170500,38.1201,38.1201,38.1201,38.1201,130,0
IQDG.US,5,20211126,171000,38.0716,38.0716,38.0716,38.0716,308,0
IQDG.US,5,20211126,172500,37.9421,37.9421,37.9421,37.9421,208,0
IQDG.US,5,20211126,173000,37.96,37.96,37.92,37.92,3090,0
IQDG.US,5,20211126,173500,37.93,37.9325,37.93,37.93,771,0
IQDG.US,5,20211126,174000,37.99,37.99,37.93,37.93,744,0
IQDG.US,5,20211126,174500,37.94,37.94,37.92,37.92,1300,0
IQDG.US,5,20211126,175000,37.91,37.91,37.86,37.86,537,0
IQDG.US,5,20211126,175500,37.88,37.88,37.88,37.88,100,0
IQDG.US,5,20211126,181000,37.94,37.94,37.94,37.94,400,0
IQDG.US,5,20211126,183000,37.95,37.98,37.95,37.98,4475,0
IQDG.US,5,20211126,183500,38.02,38.05,38.02,38.05,1194,0
IQDG.US,5,20211126,184000,38.03,38.03,38.03,38.03,100,0
IQDG.US,5,20211126,184500,37.985,38,37.97,37.97,1303,0
IQDG.US,5,20211126,185000,37.91,37.91,37.905,37.905,560,0
IQDG.US,5,20211126,190000,38,38,38,38,574,0
IQDG.US,5,20211126,191000,38,38,38,38,0,0
IQDG.US,5,20211126,213000,38,38,38,38,0,0
IQDG.US,5,20211129,153000,38.35,38.35,38.35,38.35,611,0
IQDG.US,5,20211129,154000,38.42,38.42,38.42,38.42,300,0
IQDG.US,5,20211129,154500,38.4198,38.4198,38.4198,38.4198,175,0
IQDG.US,5,20211129,155000,38.38,38.38,38.38,38.38,200,0
IQDG.US,5,20211129,163000,38.34,38.3493,38.34,38.3493,992,0
IQDG.US,5,20211129,163500,38.32,38.329,38.32,38.32,1257,0
IQDG.US,5,20211129,165500,38.25,38.25,38.25,38.25,500,0
IQDG.US,5,20211129,173000,38.29,38.29,38.29,38.29,400,0
IQDG.US,5,20211129,173500,38.28,38.28,38.28,38.28,1000,0
IQDG.US,5,20211129,174500,38.3,38.3,38.3,38.3,500,0
IQDG.US,5,20211129,175000,38.29,38.29,38.29,38.29,232,0
IQDG.US,5,20211129,175500,38.31,38.31,38.31,38.31,500,0
IQDG.US,5,20211129,180000,38.32,38.32,38.32,38.32,500,0
IQDG.US,5,20211129,180500,38.36,38.36,38.36,38.36,800,0
IQDG.US,5,20211129,182000,38.39,38.39,38.39,38.39,313,0
IQDG.US,5,20211129,190500,38.4899,38.4899,38.4899,38.4899,320,0
IQDG.US,5,20211129,191500,38.47,38.47,38.4544,38.4544,334,0
IQDG.US,5,20211129,193000,38.48,38.48,38.48,38.48,100,0
IQDG.US,5,20211129,193500,38.4899,38.4899,38.4899,38.4899,521,0
IQDG.US,5,20211129,194500,38.47,38.47,38.4443,38.4443,334,0
IQDG.US,5,20211129,200000,38.4577,38.4577,38.4577,38.4577,136,0
IQDG.US,5,20211129,201000,38.47,38.47,38.47,38.47,745,0
IQDG.US,5,20211129,203000,38.431,38.431,38.431,38.431,144,0
IQDG.US,5,20211129,203500,38.43,38.43,38.4299,38.4299,400,0
IQDG.US,5,20211129,204500,38.43,38.43,38.43,38.43,110,0
IQDG.US,5,20211129,205000,38.43,38.45,38.41,38.4494,10500,0
IQDG.US,5,20211129,211000,38.44,38.44,38.43,38.43,1675,0
IQDG.US,5,20211129,211500,38.499,38.499,38.499,38.499,2600,0
IQDG.US,5,20211129,213000,38.445,38.4515,38.445,38.4515,1235,0
IQDG.US,5,20211129,214000,38.42,38.42,38.42,38.42,494,0
IQDG.US,5,20211129,214500,38.4,38.4,38.4,38.4,260,0
IQDG.US,5,20211129,215500,38.43,38.43,38.43,38.43,200,0
IQDG.US,5,20211130,153000,38.38,38.38,38.35,38.35,962,0
IQDG.US,5,20211130,154000,38.445,38.46,38.445,38.46,347,0
IQDG.US,5,20211130,154500,38.47,38.47,38.45,38.45,900,0
IQDG.US,5,20211130,160000,38.48,38.48,38.48,38.48,500,0
IQDG.US,5,20211130,165000,38.172,38.18,38.172,38.18,385,0
IQDG.US,5,20211130,165500,38,38,38,38,100,0
IQDG.US,5,20211130,173000,37.92,37.92,37.88,37.88,3000,0
IQDG.US,5,20211130,173500,37.885,37.93,37.88,37.93,2759,0
IQDG.US,5,20211130,174000,37.9,37.9,37.9,37.9,100,0
IQDG.US,5,20211130,175000,37.85,37.85,37.81,37.81,1300,0
IQDG.US,5,20211130,175500,37.81,37.83,37.81,37.83,2000,0
IQDG.US,5,20211130,180000,37.8,37.8,37.8,37.8,500,0
IQDG.US,5,20211130,180500,37.83,37.83,37.83,37.83,100,0
IQDG.US,5,20211130,183500,37.972,37.972,37.97,37.97,1304,0
IQDG.US,5,20211130,184500,37.99,37.99,37.9878,37.9878,3064,0
IQDG.US,5,20211130,185000,37.98,37.98,37.98,37.98,100,0
IQDG.US,5,20211130,185500,37.99,37.99,37.99,37.99,700,0
IQDG.US,5,20211130,191000,37.9762,37.9762,37.9762,37.9762,836,0
IQDG.US,5,20211130,195500,38.1242,38.21,38.1242,38.16,9724,0
IQDG.US,5,20211130,201000,38.1677,38.1677,38.16,38.16,996,0
IQDG.US,5,20211130,201500,38.16,38.16,38.155,38.155,517,0
IQDG.US,5,20211130,202000,38.16,38.16,38.15,38.15,600,0
IQDG.US,5,20211130,202500,38.17,38.17,38.17,38.17,200,0
IQDG.US,5,20211130,203000,38.14,38.16,38.14,38.16,200,0
IQDG.US,5,20211130,203500,38.1958,38.1958,38.17,38.17,471,0
IQDG.US,5,20211130,204000,38.16,38.16,38.1,38.1,1000,0
IQDG.US,5,20211130,204500,38.09,38.09,38.09,38.09,500,0
IQDG.US,5,20211130,205000,38.05,38.05,38.04,38.04,794,0
IQDG.US,5,20211130,205500,38.04,38.04,38.04,38.04,396,0
IQDG.US,5,20211130,210000,38.1001,38.1001,38.09,38.09,313,0
IQDG.US,5,20211130,210500,38.104,38.1097,38.095,38.1,2623,0
IQDG.US,5,20211130,211500,38.105,38.13,38.105,38.13,200,0
IQDG.US,5,20211130,212000,38.11,38.13,38.11,38.13,440,0
IQDG.US,5,20211130,213000,38.15,38.1579,38.15,38.1579,238,0
IQDG.US,5,20211130,213500,38.13,38.14,38.13,38.1333,3606,0
IQDG.US,5,20211130,214500,38.17,38.17,38.17,38.17,100,0
IQDG.US,5,20211130,215000,38.15,38.15,38.15,38.15,100,0
IQDG.US,5,20211130,215500,38.185,38.19,38.17,38.17,900,0
IQDG.US,5,20211201,153000,38.63,38.63,38.63,38.63,664,0
IQDG.US,5,20211201,154500,38.66,38.66,38.66,38.66,100,0
IQDG.US,5,20211201,155000,38.625,38.625,38.625,38.625,500,0
IQDG.US,5,20211201,170500,38.792,38.792,38.792,38.792,207,0
IQDG.US,5,20211201,172500,38.8801,38.89,38.8801,38.89,408,0
IQDG.US,5,20211201,173500,38.8693,38.8693,38.8693,38.8693,450,0
IQDG.US,5,20211201,174000,38.81,38.8117,38.8,38.8,2911,0
IQDG.US,5,20211201,174500,38.775,38.775,38.76,38.76,1138,0
IQDG.US,5,20211201,175500,38.7,38.7,38.69,38.69,1100,0
IQDG.US,5,20211201,180500,38.71,38.71,38.71,38.71,500,0
IQDG.US,5,20211201,181500,38.74,38.74,38.74,38.74,483,0
IQDG.US,5,20211201,182000,38.73,38.73,38.73,38.73,500,0
IQDG.US,5,20211201,183000,38.69,38.69,38.69,38.69,700,0
IQDG.US,5,20211201,185500,38.605,38.605,38.605,38.605,116,0
IQDG.US,5,20211201,190500,38.4962,38.4962,38.4962,38.4962,130,0
IQDG.US,5,20211201,191000,38.45,38.45,38.45,38.45,1500,0
IQDG.US,5,20211201,192500,38.4883,38.4883,38.4883,38.4883,174,0
IQDG.US,5,20211201,195000,38.33,38.33,38.33,38.33,100,0
IQDG.US,5,20211201,195500,38.4364,38.4364,38.4364,38.4364,500,0
IQDG.US,5,20211201,201000,38.325,38.325,38.325,38.325,170,0
IQDG.US,5,20211201,201500,38.31,38.31,38.31,38.31,242,0
IQDG.US,5,20211201,202000,38.355,38.355,38.355,38.355,137,0
IQDG.US,5,20211201,203000,38.41,38.41,38.403,38.403,500,0
IQDG.US,5,20211201,203500,38.4,38.4,38.4,38.4,100,0
IQDG.US,5,20211201,204000,38.3403,38.3526,38.3403,38.3526,501,0
IQDG.US,5,20211201,205000,38.39,38.4,38.39,38.3999,956,0
IQDG.US,5,20211201,210000,38.27,38.27,38.27,38.27,1000,0
IQDG.US,5,20211201,211000,38.26,38.26,38.26,38.26,200,0
IQDG.US,5,20211201,212000,38.12,38.12,38.12,38.12,300,0
IQDG.US,5,20211201,214500,38.17,38.17,38.17,38.17,100,0
IQDG.US,5,20211201,215500,38.01,38.01,37.95,37.95,300,0
IQDG.US,5,20211202,153000,38.03,38.03,38.03,38.03,2586,0
IQDG.US,5,20211202,155500,38.2901,38.305,38.2901,38.305,319,0
IQDG.US,5,20211202,161500,38.19,38.19,38.19,38.19,200,0
IQDG.US,5,20211202,162000,38.23,38.25,38.23,38.24,4650,0
IQDG.US,5,20211202,162500,38.265,38.265,38.265,38.265,100,0
IQDG.US,5,20211202,180000,38.255,38.255,38.255,38.255,948,0
IQDG.US,5,20211202,180500,38.3345,38.3345,38.3345,38.3345,201,0
IQDG.US,5,20211202,183000,38.37,38.37,38.37,38.37,211,0
IQDG.US,5,20211202,185000,38.375,38.375,38.375,38.375,190,0
IQDG.US,5,20211202,185500,38.31,38.31,38.31,38.31,200,0
IQDG.US,5,20211202,191000,38.29,38.2983,38.29,38.2983,349,0
IQDG.US,5,20211202,192500,38.26,38.26,38.26,38.26,600,0
IQDG.US,5,20211202,193000,38.25,38.26,38.24,38.26,2300,0
IQDG.US,5,20211202,193500,38.28,38.29,38.28,38.29,1300,0
IQDG.US,5,20211202,194000,38.28,38.31,38.28,38.31,1135,0
IQDG.US,5,20211202,195000,38.25,38.28,38.25,38.28,1700,0
IQDG.US,5,20211202,195500,38.32,38.32,38.32,38.32,1400,0
IQDG.US,5,20211202,200000,38.33,38.33,38.33,38.33,100,0
IQDG.US,5,20211202,201000,38.335,38.3492,38.335,38.3492,347,0
IQDG.US,5,20211202,202000,38.355,38.355,38.355,38.355,200,0
IQDG.US,5,20211202,202500,38.355,38.355,38.355,38.355,150,0
IQDG.US,5,20211202,203500,38.37,38.3786,38.37,38.3786,500,0
IQDG.US,5,20211202,205000,38.335,38.335,38.3,38.3,600,0
IQDG.US,5,20211202,210000,38.34,38.365,38.34,38.36,8091,0
IQDG.US,5,20211202,210500,38.365,38.37,38.36,38.37,1200,0
IQDG.US,5,20211202,211000,38.36,38.37,38.35,38.37,7254,0
IQDG.US,5,20211202,212500,38.399,38.399,38.3701,38.385,732,0
IQDG.US,5,20211202,213000,38.43,38.4335,38.43,38.4335,394,0
IQDG.US,5,20211202,214000,38.4232,38.4232,38.4232,38.4232,810,0
IQDG.US,5,20211202,214500,38.39,38.41,38.39,38.41,700,0
IQDG.US,5,20211202,215000,38.37,38.37,38.3501,38.3501,1193,0
IQDG.US,5,20211202,215500,38.35,38.35,38.35,38.35,500,0
IQDG.US,5,20211203,153000,38.28,38.28,38.28,38.28,170,0
IQDG.US,5,20211203,153500,38.25,38.25,38.25,38.25,200,0
IQDG.US,5,20211203,171500,37.6697,37.6697,37.6697,37.6697,491,0
IQDG.US,5,20211203,172500,37.736,37.736,37.736,37.736,264,0
IQDG.US,5,20211203,174000,37.73,37.73,37.73,37.73,500,0
IQDG.US,5,20211203,174500,37.71,37.71,37.71,37.71,400,0
IQDG.US,5,20211203,181000,37.706,37.706,37.706,37.706,663,0
IQDG.US,5,20211203,182500,37.7899,37.7899,37.7899,37.7899,525,0
IQDG.US,5,20211203,184500,37.76,37.76,37.76,37.76,500,0
IQDG.US,5,20211203,191000,37.79,37.79,37.79,37.79,200,0
IQDG.US,5,20211203,192500,37.8313,37.8313,37.8313,37.8313,673,0
IQDG.US,5,20211203,194500,37.8,37.8,37.8,37.8,100,0
IQDG.US,5,20211203,195500,37.7909,37.7909,37.7909,37.7909,1100,0
IQDG.US,5,20211203,200000,37.76,37.78,37.76,37.78,379,0
IQDG.US,5,20211203,201000,37.8,37.8,37.8,37.8,100,0
IQDG.US,5,20211203,202500,37.815,37.815,37.81,37.81,300,0
IQDG.US,5,20211203,203000,37.76,37.76,37.76,37.76,500,0
IQDG.US,5,20211203,204500,37.765,37.7771,37.7526,37.7526,1234,0
IQDG.US,5,20211203,210500,37.7155,37.7155,37.7155,37.7155,130,0
IQDG.US,5,20211203,211000,37.75,37.75,37.75,37.75,192,0
IQDG.US,5,20211203,211500,37.74,37.74,37.73,37.73,330,0
IQDG.US,5,20211203,213000,37.825,37.825,37.825,37.825,180,0
IQDG.US,5,20211203,213500,37.8368,37.8368,37.835,37.835,266,0
IQDG.US,5,20211203,214500,37.74,37.74,37.73,37.73,343,0
IQDG.US,5,20211203,215000,37.84,37.84,37.84,37.84,299,0
IQDG.US,5,20211203,215500,37.9,37.9,37.9,37.9,148,0
IQDG.US,5,20211206,153000,38.05,38.05,38.05,38.05,1720,0
IQDG.US,5,20211206,153500,38.03,38.03,37.99,37.99,300,0
IQDG.US,5,20211206,154000,37.98,38.03,37.98,38.03,300,0
IQDG.US,5,20211206,154500,38.06,38.06,38.06,38.06,100,0
IQDG.US,5,20211206,155000,38.065,38.065,38.045,38.045,284,0
IQDG.US,5,20211206,155500,38.09,38.09,38.09,38.09,100,0
IQDG.US,5,20211206,160500,38.05,38.07,38.05,38.07,500,0
IQDG.US,5,20211206,161000,38.11,38.15,38.11,38.15,400,0
IQDG.US,5,20211206,161500,38.17,38.18,38.17,38.18,300,0
IQDG.US,5,20211206,162000,38.1665,38.1665,38.1665,38.1665,250,0
IQDG.US,5,20211206,162500,38.16,38.16,38.15,38.16,1000,0
IQDG.US,5,20211206,163000,38.1001,38.1001,38.1001,38.1001,299,0
IQDG.US,5,20211206,164000,38.09,38.12,38.05,38.05,2100,0
IQDG.US,5,20211206,164500,38.04,38.04,38.04,38.04,1000,0
IQDG.US,5,20211206,165000,38.05,38.05,38.01,38.01,2000,0
IQDG.US,5,20211206,165500,38.07,38.07,38.07,38.07,100,0
IQDG.US,5,20211206,170500,38.059,38.059,38.0439,38.0439,1214,0
IQDG.US,5,20211206,171500,38.05,38.069,38.05,38.069,1413,0
IQDG.US,5,20211206,172000,38.06,38.06,38.05,38.05,300,0
IQDG.US,5,20211206,173000,38.06,38.07,38.05,38.06,500,0
IQDG.US,5,20211206,174000,38.05,38.05,38.05,38.05,300,0
IQDG.US,5,20211206,174500,38.02,38.02,38.02,38.02,100,0
IQDG.US,5,20211206,175000,38,38,38,38,100,0
IQDG.US,5,20211206,175500,38.02,38.02,38.02,38.02,100,0
IQDG.US,5,20211206,181000,38.04,38.04,38.04,38.04,100,0
IQDG.US,5,20211206,181500,38.05,38.05,38.05,38.05,100,0
IQDG.US,5,20211206,182000,38.09,38.09,38.09,38.09,100,0
IQDG.US,5,20211206,182500,38.07,38.07,38.07,38.07,100,0
IQDG.US,5,20211206,183000,38.09,38.09,38.085,38.085,466,0
IQDG.US,5,20211206,184000,38.095,38.095,38.095,38.095,100,0
IQDG.US,5,20211206,185000,38.1,38.1,38.1,38.1,100,0
IQDG.US,5,20211206,185500,38.11,38.11,38.11,38.11,100,0
IQDG.US,5,20211206,191000,38.115,38.115,38.115,38.115,100,0
IQDG.US,5,20211206,192000,38.105,38.105,38.105,38.105,100,0
IQDG.US,5,20211206,192500,38.15,38.15,38.15,38.15,100,0
IQDG.US,5,20211206,193500,38.1557,38.1557,38.1557,38.1557,125,0
IQDG.US,5,20211206,194000,38.15,38.15,38.1401,38.1401,1350,0
IQDG.US,5,20211206,194500,38.16,38.16,38.16,38.16,100,0
IQDG.US,5,20211206,195000,38.1599,38.1599,38.1599,38.1599,150,0
IQDG.US,5,20211206,195500,38.165,38.165,38.165,38.165,658,0
IQDG.US,5,20211206,200000,38.1899,38.19,38.1644,38.19,1770,0
IQDG.US,5,20211206,200500,38.17,38.17,38.17,38.17,300,0
IQDG.US,5,20211206,201500,38.2,38.2,38.17,38.18,2740,0
IQDG.US,5,20211206,202000,38.1799,38.1799,38.1799,38.1799,2052,0
IQDG.US,5,20211206,202500,38.165,38.165,38.165,38.165,100,0
IQDG.US,5,20211206,203000,38.16,38.16,38.15,38.15,675,0
IQDG.US,5,20211206,204000,38.159,38.16,38.12,38.12,2024,0
IQDG.US,5,20211206,204500,38.11,38.11,38.095,38.095,574,0
IQDG.US,5,20211206,205000,38.105,38.12,38.0941,38.099,2223,0
IQDG.US,5,20211206,205500,38.11,38.11,38.1,38.1,200,0
IQDG.US,5,20211206,210000,38.12,38.12,38.1,38.1,650,0
IQDG.US,5,20211206,211000,38.11,38.12,38.11,38.12,380,0
IQDG.US,5,20211206,211500,38.15,38.15,38.15,38.15,100,0
IQDG.US,5,20211206,212000,38.15,38.15,38.15,38.15,100,0
IQDG.US,5,20211206,212500,38.14,38.14,38.14,38.14,300,0
IQDG.US,5,20211206,213000,38.14,38.14,38.13,38.13,700,0
IQDG.US,5,20211206,214000,38.1453,38.1453,38.1453,38.1453,200,0
IQDG.US,5,20211206,214500,38.16,38.16,38.15,38.15,500,0
IQDG.US,5,20211206,215000,38.161,38.161,38.161,38.161,450,0
IQDG.US,5,20211206,215500,38.18,38.18,38.18,38.18,100,0
IQDG.US,5,20211207,153500,39.05,39.05,39.05,39.05,225,0
IQDG.US,5,20211207,154000,39.02,39.02,39.02,39.02,200,0
IQDG.US,5,20211207,155500,39.155,39.155,39.155,39.155,300,0
IQDG.US,5,20211207,160500,39.15,39.15,39.15,39.15,100,0
IQDG.US,5,20211207,162000,39.18,39.18,39.17,39.17,500,0
IQDG.US,5,20211207,163500,39.24,39.24,39.24,39.24,100,0
IQDG.US,5,20211207,164000,39.22,39.22,39.22,39.22,232,0
IQDG.US,5,20211207,164500,39.26,39.26,39.26,39.26,100,0
IQDG.US,5,20211207,165000,39.26,39.26,39.23,39.23,550,0
IQDG.US,5,20211207,180000,39.28,39.28,39.28,39.28,420,0
IQDG.US,5,20211207,181000,39.32,39.3266,39.32,39.3266,395,0
IQDG.US,5,20211207,181500,39.34,39.34,39.34,39.34,100,0
IQDG.US,5,20211207,182000,39.32,39.32,39.32,39.32,100,0
IQDG.US,5,20211207,183000,39.3,39.3,39.3,39.3,100,0
IQDG.US,5,20211207,184000,39.32,39.32,39.32,39.32,100,0
IQDG.US,5,20211207,190500,39.35,39.35,39.35,39.35,100,0
IQDG.US,5,20211207,193000,39.335,39.335,39.335,39.335,300,0
IQDG.US,5,20211207,193500,39.32,39.32,39.2809,39.3032,9374,0
IQDG.US,5,20211207,194000,39.3284,39.3284,39.3284,39.3284,335,0
IQDG.US,5,20211207,195500,39.32,39.32,39.32,39.32,300,0
IQDG.US,5,20211207,200000,39.3099,39.3099,39.3099,39.3099,102,0
IQDG.US,5,20211207,201000,39.2845,39.3081,39.2845,39.3017,912,0
IQDG.US,5,20211207,202500,39.31,39.34,39.31,39.34,400,0
IQDG.US,5,20211207,203000,39.3125,39.3125,39.3125,39.3125,200,0
IQDG.US,5,20211207,204500,39.32,39.32,39.32,39.32,100,0
IQDG.US,5,20211207,205500,39.33,39.338,39.33,39.338,227,0
IQDG.US,5,20211207,210000,39.32,39.33,39.304,39.315,4251,0
IQDG.US,5,20211207,210500,39.34,39.34,39.34,39.34,100,0
IQDG.US,5,20211207,211500,39.3,39.3,39.3,39.3,100,0
IQDG.US,5,20211207,212500,39.28,39.28,39.28,39.28,100,0
IQDG.US,5,20211207,213500,39.27,39.27,39.27,39.27,100,0
IQDG.US,5,20211207,215500,39.3,39.3,39.29,39.3,3200,0
IQDG.US,5,20211208,153000,39.46,39.46,39.46,39.46,556,0
IQDG.US,5,20211208,154000,39.34,39.34,39.34,39.34,500,0
IQDG.US,5,20211208,162500,39.35,39.35,39.35,39.35,200,0
IQDG.US,5,20211208,163000,39.355,39.355,39.355,39.355,150,0
IQDG.US,5,20211208,163500,39.34,39.34,39.34,39.34,200,0
IQDG.US,5,20211208,164500,39.33,39.33,39.33,39.33,300,0
IQDG.US,5,20211208,165500,39.35,39.35,39.345,39.35,467,0
IQDG.US,5,20211208,170000,39.35,39.35,39.34,39.34,300,0
IQDG.US,5,20211208,170500,39.34,39.34,39.34,39.34,460,0
IQDG.US,5,20211208,171500,39.39,39.39,39.39,39.39,100,0
IQDG.US,5,20211208,172000,39.39,39.39,39.39,39.39,236,0
IQDG.US,5,20211208,172500,39.39,39.39,39.39,39.39,200,0
IQDG.US,5,20211208,173000,39.38,39.38,39.38,39.38,200,0
IQDG.US,5,20211208,173500,39.3625,39.365,39.36,39.365,1400,0
IQDG.US,5,20211208,174000,39.375,39.375,39.37,39.37,400,0
IQDG.US,5,20211208,174500,39.37,39.37,39.37,39.37,100,0
IQDG.US,5,20211208,175500,39.38,39.38,39.38,39.38,100,0
IQDG.US,5,20211208,180000,39.385,39.385,39.38,39.38,300,0
IQDG.US,5,20211208,185500,39.42,39.42,39.4,39.41,7822,0
IQDG.US,5,20211208,190000,39.4002,39.4002,39.4,39.4,246,0
IQDG.US,5,20211208,190500,39.3893,39.3893,39.3893,39.3893,129,0
IQDG.US,5,20211208,191000,39.3901,39.41,39.3901,39.41,997,0
IQDG.US,5,20211208,191500,39.42,39.42,39.42,39.42,100,0
IQDG.US,5,20211208,192000,39.44,39.44,39.44,39.44,100,0
IQDG.US,5,20211208,193000,39.43,39.43,39.43,39.43,200,0
IQDG.US,5,20211208,193500,39.43,39.43,39.43,39.43,1150,0
IQDG.US,5,20211208,194000,39.45,39.45,39.44,39.44,1338,0
IQDG.US,5,20211208,195000,39.46,39.46,39.45,39.45,200,0
IQDG.US,5,20211208,195500,39.44,39.44,39.44,39.44,200,0
IQDG.US,5,20211208,200000,39.432,39.432,39.4318,39.4318,346,0
IQDG.US,5,20211208,201000,39.44,39.44,39.44,39.44,200,0
IQDG.US,5,20211208,201500,39.43,39.439,39.41,39.41,1641,0
IQDG.US,5,20211208,203500,39.439,39.439,39.4201,39.4201,517,0
IQDG.US,5,20211208,204000,39.45,39.45,39.45,39.45,300,0
IQDG.US,5,20211208,204500,39.4217,39.44,39.4217,39.44,370,0
IQDG.US,5,20211208,205500,39.48,39.48,39.45,39.465,4207,0
IQDG.US,5,20211208,210000,39.47,39.47,39.47,39.47,200,0
IQDG.US,5,20211208,210500,39.4581,39.48,39.4581,39.48,347,0
IQDG.US,5,20211208,211000,39.49,39.49,39.49,39.49,100,0
IQDG.US,5,20211208,211500,39.49,39.49,39.49,39.49,100,0
IQDG.US,5,20211208,212000,39.5,39.5,39.4936,39.4936,208,0
IQDG.US,5,20211208,212500,39.495,39.52,39.495,39.52,429,0
IQDG.US,5,20211208,213000,39.4904,39.52,39.4904,39.52,850,0
IQDG.US,5,20211208,213500,39.51,39.51,39.5,39.5,500,0
IQDG.US,5,20211208,214000,39.51,39.51,39.49,39.495,1452,0
IQDG.US,5,20211208,214500,39.5,39.5,39.5,39.5,200,0
IQDG.US,5,20211208,215000,39.52,39.52,39.51,39.52,400,0
IQDG.US,5,20211208,215500,39.52,39.52,39.46,39.46,1659,0
IQDG.US,5,20211209,153000,39.18,39.18,39.17,39.17,1831,0
IQDG.US,5,20211209,153500,39.18,39.18,39.18,39.18,100,0
IQDG.US,5,20211209,154000,39.18,39.18,39.155,39.17,1758,0
IQDG.US,5,20211209,155000,39.13,39.13,39.13,39.13,101,0
IQDG.US,5,20211209,160000,39.13,39.13,39.13,39.13,627,0
IQDG.US,5,20211209,162000,39.14,39.14,39.14,39.14,100,0
IQDG.US,5,20211209,163000,39.11,39.11,39.11,39.11,100,0
IQDG.US,5,20211209,163500,39.075,39.075,39.075,39.075,185,0
IQDG.US,5,20211209,164500,39.06,39.1,39.06,39.1,502,0
IQDG.US,5,20211209,165000,39.1037,39.1037,39.09,39.09,555,0
IQDG.US,5,20211209,171500,39.1,39.1,39.1,39.1,500,0
IQDG.US,5,20211209,172000,39.1002,39.1198,39.1002,39.1198,350,0
IQDG.US,5,20211209,175000,39.1,39.1,39.1,39.1,200,0
IQDG.US,5,20211209,180000,39.115,39.115,39.115,39.115,107,0
IQDG.US,5,20211209,180500,39.1,39.1,39.1,39.1,246,0
IQDG.US,5,20211209,181500,39.1,39.12,39.0932,39.0932,2780,0
IQDG.US,5,20211209,184500,39.15,39.15,39.15,39.15,100,0
IQDG.US,5,20211209,185000,39.17,39.177,39.165,39.165,2929,0
IQDG.US,5,20211209,185500,39.16,39.16,39.16,39.16,900,0
IQDG.US,5,20211209,190500,39.15,39.15,39.15,39.15,500,0
IQDG.US,5,20211209,191000,39.14,39.14,39.14,39.14,300,0
IQDG.US,5,20211209,192000,39.14,39.14,39.135,39.135,1100,0
IQDG.US,5,20211209,193000,39.1216,39.13,39.1216,39.13,1001,0
IQDG.US,5,20211209,193500,39.14,39.14,39.14,39.14,1100,0
IQDG.US,5,20211209,201000,39.145,39.145,39.145,39.145,186,0
IQDG.US,5,20211209,201500,39.158,39.158,39.158,39.158,1346,0
IQDG.US,5,20211209,202000,39.1699,39.1699,39.1699,39.1699,500,0
IQDG.US,5,20211209,202500,39.1599,39.1599,39.15,39.15,1131,0
IQDG.US,5,20211209,203000,39.1482,39.1482,39.1482,39.1482,102,0
IQDG.US,5,20211209,204000,39.1116,39.1298,39.1116,39.1298,532,0
IQDG.US,5,20211209,205000,39.1069,39.1069,39.1008,39.1008,623,0
IQDG.US,5,20211209,205500,39.0856,39.0856,39.0856,39.0856,145,0
IQDG.US,5,20211209,211000,39.08,39.08,39.08,39.08,200,0
IQDG.US,5,20211209,211500,39.079,39.079,39.079,39.079,288,0
IQDG.US,5,20211209,212500,39.07,39.07,39.07,39.07,241,0
IQDG.US,5,20211209,213000,39.06,39.0712,39.06,39.0712,327,0
IQDG.US,5,20211209,213500,39.09,39.09,39.09,39.09,100,0
IQDG.US,5,20211209,214000,39.095,39.095,39.0933,39.0933,497,0
IQDG.US,5,20211209,215000,39.1108,39.12,39.11,39.11,1633,0
IQDG.US,5,20211209,215500,39.11,39.11,39.095,39.1,565,0
IQDG.US,5,20211210,153000,39.09,39.09,39.09,39.09,231,0
IQDG.US,5,20211210,153500,39.16,39.16,39.16,39.16,300,0
IQDG.US,5,20211210,160500,39.05,39.05,39.05,39.05,200,0
IQDG.US,5,20211210,163000,39.05,39.05,39.05,39.05,200,0
IQDG.US,5,20211210,164000,39.0029,39.0029,39.0029,39.0029,430,0
IQDG.US,5,20211210,165000,39.0151,39.0151,39.0151,39.0151,150,0
IQDG.US,5,20211210,171500,39.043,39.043,39.043,39.043,126,0
IQDG.US,5,20211210,173500,39.0443,39.0443,39.0443,39.0443,322,0
IQDG.US,5,20211210,174000,39.0867,39.0867,39.0867,39.0867,112,0
IQDG.US,5,20211210,180000,39.09,39.09,39.09,39.09,204,0
IQDG.US,5,20211210,183000,39.13,39.13,39.13,39.13,1278,0
IQDG.US,5,20211210,183500,39.1152,39.1152,39.1152,39.1152,153,0
IQDG.US,5,20211210,184500,39.0822,39.1,39.0822,39.1,1127,0
IQDG.US,5,20211210,192000,39.1499,39.1499,39.1499,39.1499,262,0
IQDG.US,5,20211210,202500,39.1,39.16,39.1,39.16,2918,0
IQDG.US,5,20211210,203000,39.1,39.1,39.1,39.1,200,0
IQDG.US,5,20211210,205000,39.0975,39.0988,39.07,39.0988,5518,0
IQDG.US,5,20211210,210000,39.0682,39.0682,39.0682,39.0682,556,0
IQDG.US,5,20211210,211000,39.06,39.075,39.06,39.075,1670,0
IQDG.US,5,20211210,211500,39.0967,39.0967,39.0967,39.0967,300,0
IQDG.US,5,20211210,212500,39.095,39.095,39.0803,39.0803,1163,0
IQDG.US,5,20211210,215000,39.1399,39.1399,39.12,39.12,1774,0
IQDG.US,5,20211210,215500,39.11,39.13,39.11,39.1221,1847,0
IQDG.US,5,20211213,153000,39.09,39.09,39.09,39.09,167,0
IQDG.US,5,20211213,153500,39.11,39.11,39.11,39.11,100,0
IQDG.US,5,20211213,154000,39.12,39.12,39.12,39.12,1000,0
IQDG.US,5,20211213,155000,39.07,39.07,39.07,39.07,500,0
IQDG.US,5,20211213,160000,39.05,39.13,39.03,39.03,4933,0
IQDG.US,5,20211213,161000,39.07,39.07,39.07,39.07,100,0
IQDG.US,5,20211213,161500,39.0615,39.0615,39.06,39.06,1061,0
IQDG.US,5,20211213,162000,39.03,39.03,39,39,564,0
IQDG.US,5,20211213,164500,38.9498,38.9498,38.9498,38.9498,511,0
IQDG.US,5,20211213,165000,38.94,38.94,38.94,38.94,100,0
IQDG.US,5,20211213,170000,38.88,38.88,38.88,38.88,800,0
IQDG.US,5,20211213,173000,38.88,38.88,38.88,38.88,500,0
IQDG.US,5,20211213,174500,38.91,38.91,38.91,38.91,200,0
IQDG.US,5,20211213,175000,38.8813,38.8813,38.8813,38.8813,475,0
IQDG.US,5,20211213,180500,38.915,38.915,38.915,38.915,230,0
IQDG.US,5,20211213,191000,38.9249,38.9249,38.9249,38.9249,429,0
IQDG.US,5,20211213,192500,38.9117,38.9117,38.9117,38.9117,311,0
IQDG.US,5,20211213,193000,38.9183,38.9183,38.9183,38.9183,2243,0
IQDG.US,5,20211213,200000,38.92,38.92,38.92,38.92,100,0
IQDG.US,5,20211213,201500,38.915,38.9299,38.915,38.9299,820,0
IQDG.US,5,20211213,202000,38.96,38.96,38.96,38.96,4818,0
IQDG.US,5,20211213,203000,38.935,38.935,38.935,38.935,2977,0
IQDG.US,5,20211213,205000,38.95,38.95,38.9317,38.949,7041,0
IQDG.US,5,20211213,205500,38.9343,38.9343,38.9343,38.9343,275,0
IQDG.US,5,20211213,210500,38.975,38.975,38.975,38.975,199,0
IQDG.US,5,20211213,211000,38.955,38.955,38.955,38.955,195,0
IQDG.US,5,20211213,212000,38.95,38.95,38.95,38.95,200,0
IQDG.US,5,20211213,212500,38.95,38.95,38.95,38.95,255,0
IQDG.US,5,20211213,213500,38.97,38.97,38.96,38.96,3900,0
IQDG.US,5,20211213,214000,38.95,38.95,38.94,38.94,326,0
IQDG.US,5,20211213,214500,38.93,38.93,38.9037,38.91,506,0
IQDG.US,5,20211213,215000,38.89,38.89,38.85,38.85,3380,0
IQDG.US,5,20211213,215500,38.86,38.86,38.85,38.85,1500,0
IQDG.US,5,20211214,153000,38.63,38.63,38.63,38.63,801,0
IQDG.US,5,20211214,153500,38.63,38.63,38.63,38.63,500,0
IQDG.US,5,20211214,154500,38.73,38.73,38.73,38.73,500,0
IQDG.US,5,20211214,155500,38.7,38.7,38.7,38.7,1000,0
IQDG.US,5,20211214,160500,38.67,38.67,38.67,38.67,400,0
IQDG.US,5,20211214,161000,38.63,38.63,38.63,38.63,200,0
IQDG.US,5,20211214,161500,38.59,38.59,38.59,38.59,400,0
IQDG.US,5,20211214,162000,38.63,38.63,38.62,38.62,600,0
IQDG.US,5,20211214,164500,38.56,38.56,38.47,38.495,4497,0
IQDG.US,5,20211214,165500,38.45,38.45,38.45,38.45,500,0
IQDG.US,5,20211214,171500,38.43,38.43,38.43,38.43,890,0
IQDG.US,5,20211214,172000,38.454,38.454,38.454,38.454,115,0
IQDG.US,5,20211214,173000,38.42,38.42,38.42,38.42,1000,0
IQDG.US,5,20211214,175500,38.37,38.37,38.37,38.37,500,0
IQDG.US,5,20211214,180000,38.35,38.35,38.32,38.32,1200,0
IQDG.US,5,20211214,192000,38.3891,38.3891,38.3891,38.3891,110,0
IQDG.US,5,20211214,192500,38.4,38.4,38.4,38.4,200,0
IQDG.US,5,20211214,193000,38.39,38.4,38.39,38.4,2961,0
IQDG.US,5,20211214,193500,38.4,38.4,38.4,38.4,100,0
IQDG.US,5,20211214,194000,38.39,38.39,38.39,38.39,657,0
IQDG.US,5,20211214,195000,38.3758,38.3758,38.3758,38.3758,1264,0
IQDG.US,5,20211214,201000,38.435,38.435,38.435,38.435,1457,0
IQDG.US,5,20211214,201500,38.457,38.457,38.457,38.457,508,0
IQDG.US,5,20211214,202000,38.435,38.4449,38.435,38.4387,618,0
IQDG.US,5,20211214,204000,38.4863,38.4863,38.4863,38.4863,327,0
IQDG.US,5,20211214,204500,38.4899,38.4899,38.4899,38.4899,777,0
IQDG.US,5,20211214,210000,38.4968,38.4968,38.46,38.47,1539,0
IQDG.US,5,20211214,211000,38.51,38.51,38.51,38.51,100,0
IQDG.US,5,20211214,212500,38.5358,38.5358,38.5358,38.5358,123,0
IQDG.US,5,20211214,213000,38.545,38.545,38.545,38.545,154,0
IQDG.US,5,20211214,213500,38.5407,38.5407,38.5407,38.5407,1535,0
IQDG.US,5,20211214,214000,38.53,38.53,38.5,38.5,800,0
IQDG.US,5,20211214,214500,38.49,38.505,38.47,38.485,2197,0
IQDG.US,5,20211214,215000,38.4898,38.4898,38.45,38.46,3107,0
IQDG.US,5,20211214,215500,38.51,38.51,38.5,38.5,1700,0
IQDG.US,5,20211215,160000,38.4581,38.4696,38.4581,38.4696,329,0
IQDG.US,5,20211215,161000,38.46,38.465,38.46,38.465,1200,0
IQDG.US,5,20211215,161500,38.46,38.46,38.44,38.44,200,0
IQDG.US,5,20211215,162500,38.44,38.44,38.44,38.44,1056,0
IQDG.US,5,20211215,163000,38.4545,38.4545,38.4545,38.4545,1056,0
IQDG.US,5,20211215,165000,38.495,38.495,38.495,38.495,500,0
IQDG.US,5,20211215,170000,38.52,38.52,38.52,38.52,500,0
IQDG.US,5,20211215,170500,38.54,38.55,38.54,38.54,835,0
IQDG.US,5,20211215,171000,38.535,38.535,38.535,38.535,317,0
IQDG.US,5,20211215,173500,38.5,38.5,38.5,38.5,1200,0
IQDG.US,5,20211215,175000,38.52,38.52,38.517,38.517,1120,0
IQDG.US,5,20211215,175500,38.51,38.51,38.51,38.51,500,0
IQDG.US,5,20211215,180000,38.5101,38.5101,38.5101,38.5101,214,0
IQDG.US,5,20211215,184000,38.555,38.555,38.55,38.55,237,0
IQDG.US,5,20211215,184500,38.53,38.54,38.53,38.5301,2295,0
IQDG.US,5,20211215,185000,38.5597,38.5597,38.5429,38.5429,816,0
IQDG.US,5,20211215,192000,38.535,38.535,38.535,38.535,635,0
IQDG.US,5,20211215,192500,38.535,38.535,38.535,38.535,168,0
IQDG.US,5,20211215,193500,38.53,38.53,38.53,38.53,234,0
IQDG.US,5,20211215,200000,38.58,38.58,38.58,38.58,321,0
IQDG.US,5,20211215,201000,38.6995,38.6995,38.69,38.69,360,0
IQDG.US,5,20211215,201500,38.68,38.68,38.68,38.68,1000,0
IQDG.US,5,20211215,202000,38.66,38.66,38.61,38.61,388,0
IQDG.US,5,20211215,204500,38.6722,38.6799,38.65,38.6799,439,0
IQDG.US,5,20211215,205000,38.6994,38.6994,38.6994,38.6994,565,0
IQDG.US,5,20211215,205500,38.685,38.685,38.685,38.685,423,0
IQDG.US,5,20211215,210500,38.7763,38.825,38.7763,38.825,1181,0
IQDG.US,5,20211215,211000,38.8144,38.8144,38.8144,38.8144,301,0
IQDG.US,5,20211215,212000,38.96,38.9692,38.96,38.9692,601,0
IQDG.US,5,20211215,213500,39.0399,39.05,39.035,39.05,1923,0
IQDG.US,5,20211215,214000,39.03,39.03,39.03,39.03,390,0
IQDG.US,5,20211215,214500,38.97,38.97,38.94,38.94,1383,0
IQDG.US,5,20211215,215000,39,39.03,39,39.02,5552,0
IQDG.US,5,20211215,215500,39.03,39.04,39.03,39.04,6500,0
IQDG.US,5,20211216,153000,39.28,39.28,39.28,39.28,2016,0
IQDG.US,5,20211216,153500,39.345,39.345,39.345,39.345,300,0
IQDG.US,5,20211216,162000,39.265,39.27,39.265,39.27,1560,0
IQDG.US,5,20211216,162500,39.27,39.27,39.27,39.27,100,0
IQDG.US,5,20211216,170000,39.23,39.23,39.18,39.18,700,0
IQDG.US,5,20211216,171500,39.2,39.2,39.2,39.2,385,0
IQDG.US,5,20211216,173000,39.15,39.15,39.15,39.15,600,0
IQDG.US,5,20211216,174000,39.14,39.14,39.14,39.14,200,0
IQDG.US,5,20211216,174500,39.12,39.12,39.12,39.12,500,0
IQDG.US,5,20211216,175000,39.135,39.135,39.135,39.135,483,0
IQDG.US,5,20211216,180000,39.1,39.1,39.1,39.1,1408,0
IQDG.US,5,20211216,181500,39.0449,39.0449,39.02,39.02,1028,0
IQDG.US,5,20211216,182000,39.05,39.05,39.05,39.05,500,0
IQDG.US,5,20211216,185000,39.0654,39.0654,39.0654,39.0654,263,0
IQDG.US,5,20211216,190500,39.0539,39.0539,39.0539,39.0539,967,0
IQDG.US,5,20211216,191000,39.08,39.08,39.08,39.08,303,0
IQDG.US,5,20211216,191500,39.0831,39.0831,39.0831,39.0831,383,0
IQDG.US,5,20211216,192000,39.105,39.105,39.105,39.105,455,0
IQDG.US,5,20211216,193000,39.1009,39.1009,39.1009,39.1009,201,0
IQDG.US,5,20211216,194500,39.0916,39.0916,39.0916,39.0916,331,0
IQDG.US,5,20211216,195000,39.119,39.119,39.119,39.119,305,0
IQDG.US,5,20211216,200500,39.09,39.09,39.09,39.09,100,0
IQDG.US,5,20211216,202500,39.0109,39.0109,39.0109,39.0109,896,0
IQDG.US,5,20211216,204500,39.015,39.015,38.95,38.95,1085,0
IQDG.US,5,20211216,205500,38.9661,38.9661,38.9661,38.9661,183,0
IQDG.US,5,20211216,210000,38.99,38.99,38.98,38.98,669,0
IQDG.US,5,20211216,210500,38.97,38.97,38.97,38.97,278,0
IQDG.US,5,20211216,211000,38.98,38.98,38.955,38.955,2081,0
IQDG.US,5,20211216,212500,39.04,39.04,39.04,39.04,200,0
IQDG.US,5,20211216,213000,39.07,39.0719,39.07,39.0719,246,0
IQDG.US,5,20211216,214000,39.13,39.13,39.09,39.09,200,0
IQDG.US,5,20211216,214500,39.075,39.075,39.075,39.075,110,0
IQDG.US,5,20211217,153500,38.72,38.72,38.72,38.72,100,0
IQDG.US,5,20211217,155500,38.74,38.76,38.74,38.76,700,0
IQDG.US,5,20211217,161000,38.73,38.73,38.73,38.73,200,0
IQDG.US,5,20211217,163500,38.7261,38.7261,38.7261,38.7261,300,0
IQDG.US,5,20211217,165500,38.83,38.83,38.83,38.83,500,0
IQDG.US,5,20211217,172500,38.82,38.82,38.81,38.81,1000,0
IQDG.US,5,20211217,173500,38.76,38.76,38.75,38.75,700,0
IQDG.US,5,20211217,174000,38.67,38.67,38.67,38.67,500,0
IQDG.US,5,20211217,180000,38.66,38.66,38.66,38.66,500,0
IQDG.US,5,20211217,180500,38.65,38.65,38.62,38.62,1000,0
IQDG.US,5,20211217,181500,38.68,38.68,38.68,38.68,1700,0
IQDG.US,5,20211217,182000,38.69,38.69,38.67,38.68,6800,0
IQDG.US,5,20211217,182500,38.61,38.61,38.61,38.61,200,0
IQDG.US,5,20211217,183500,38.63,38.63,38.63,38.63,200,0
IQDG.US,5,20211217,184500,38.5659,38.5699,38.5652,38.5652,1470,0
IQDG.US,5,20211217,191000,38.5624,38.5624,38.5624,38.5624,160,0
IQDG.US,5,20211217,191500,38.56,38.56,38.545,38.545,663,0
IQDG.US,5,20211217,195000,38.62,38.62,38.62,38.62,200,0
IQDG.US,5,20211217,195500,38.63,38.63,38.63,38.63,383,0
IQDG.US,5,20211217,200000,38.605,38.605,38.605,38.605,208,0
IQDG.US,5,20211217,201500,38.6355,38.6355,38.6355,38.6355,259,0
IQDG.US,5,20211217,202500,38.62,38.62,38.5779,38.5779,622,0
IQDG.US,5,20211217,203000,38.58,38.58,38.58,38.58,200,0
IQDG.US,5,20211217,203500,38.61,38.61,38.5934,38.5934,310,0
IQDG.US,5,20211217,204500,38.65,38.66,38.6362,38.6575,2891,0
IQDG.US,5,20211217,205000,38.6489,38.6489,38.6,38.6,2241,0
IQDG.US,5,20211217,205500,38.59,38.59,38.59,38.59,1800,0
IQDG.US,5,20211217,210000,38.61,38.638,38.61,38.61,1800,0
IQDG.US,5,20211217,210500,38.61,38.6193,38.6034,38.6193,1230,0
IQDG.US,5,20211217,211500,38.59,38.59,38.59,38.59,200,0
IQDG.US,5,20211217,212500,38.525,38.525,38.525,38.525,100,0
IQDG.US,5,20211217,213000,38.54,38.54,38.4573,38.4573,795,0
IQDG.US,5,20211217,213500,38.48,38.48,38.47,38.47,200,0
IQDG.US,5,20211217,214000,38.51,38.51,38.51,38.51,500,0
IQDG.US,5,20211217,214500,38.48,38.48,38.455,38.455,580,0
IQDG.US,5,20211217,215000,38.42,38.44,38.42,38.44,612,0
IQDG.US,5,20211217,215500,38.4107,38.4107,38.37,38.37,1668,0
IQDG.US,5,20211220,153000,38.19,38.19,38.19,38.19,663,0
IQDG.US,5,20211220,160500,38.21,38.21,38.21,38.21,200,0
IQDG.US,5,20211220,161000,38.16,38.16,38.15,38.15,300,0
IQDG.US,5,20211220,161500,38.15,38.15,38.145,38.1499,978,0
IQDG.US,5,20211220,162000,38.21,38.21,38.21,38.21,100,0
IQDG.US,5,20211220,163500,38.2,38.2,38.2,38.2,100,0
IQDG.US,5,20211220,164500,38.21,38.21,38.21,38.21,100,0
IQDG.US,5,20211220,165000,38.185,38.185,38.185,38.185,100,0
IQDG.US,5,20211220,165500,38.17,38.17,38.17,38.17,500,0
IQDG.US,5,20211220,170500,38.14,38.155,38.14,38.155,225,0
IQDG.US,5,20211220,171000,38.1799,38.18,38.1799,38.18,504,0
IQDG.US,5,20211220,171500,38.1874,38.1874,38.1874,38.1874,419,0
IQDG.US,5,20211220,172000,38.24,38.24,38.24,38.24,531,0
IQDG.US,5,20211220,172500,38.23,38.23,38.225,38.225,225,0
IQDG.US,5,20211220,173500,38.1801,38.1801,38.1801,38.1801,239,0
IQDG.US,5,20211220,174000,38.2018,38.205,38.2018,38.205,2900,0
IQDG.US,5,20211220,174500,38.2,38.2,38.2,38.2,300,0
IQDG.US,5,20211220,182000,38.29,38.29,38.27,38.27,200,0
IQDG.US,5,20211220,183500,38.2244,38.2358,38.2244,38.2358,664,0
IQDG.US,5,20211220,184000,38.225,38.225,38.225,38.225,1344,0
IQDG.US,5,20211220,184500,38.2279,38.2279,38.2279,38.2279,298,0
IQDG.US,5,20211220,185500,38.23,38.23,38.23,38.23,100,0
IQDG.US,5,20211220,191000,38.26,38.26,38.26,38.26,100,0
IQDG.US,5,20211220,191500,38.25,38.25,38.25,38.25,12430,0
IQDG.US,5,20211220,193000,38.26,38.26,38.2429,38.2429,704,0
IQDG.US,5,20211220,193500,38.25,38.25,38.25,38.25,3300,0
IQDG.US,5,20211220,194000,38.25,38.28,38.25,38.28,9700,0
IQDG.US,5,20211220,194500,38.28,38.29,38.28,38.29,262,0
IQDG.US,5,20211220,200000,38.29,38.29,38.29,38.29,100,0
IQDG.US,5,20211220,200500,38.3,38.3,38.2982,38.2982,328,0
IQDG.US,5,20211220,201500,38.34,38.4,38.34,38.4,1026,0
IQDG.US,5,20211220,204000,38.3,38.3,38.3,38.3,101,0
IQDG.US,5,20211220,204500,38.2819,38.2819,38.2819,38.2819,113,0
IQDG.US,5,20211220,210000,38.31,38.3144,38.2839,38.3144,4449,0
IQDG.US,5,20211220,211000,38.32,38.3252,38.32,38.3252,11787,0
IQDG.US,5,20211220,212000,38.34,38.34,38.34,38.34,100,0
IQDG.US,5,20211220,213000,38.29,38.29,38.2833,38.2833,1504,0
IQDG.US,5,20211220,213500,38.285,38.285,38.285,38.285,100,0
IQDG.US,5,20211220,214000,38.32,38.32,38.2956,38.2956,601,0
IQDG.US,5,20211220,215000,38.33,38.338,38.33,38.338,230,0
IQDG.US,5,20211220,215500,38.32,38.37,38.3199,38.36,2566,0
IQDG.US,5,20211221,153000,38.7,38.7,38.7,38.7,893,0
IQDG.US,5,20211221,154500,38.66,38.66,38.66,38.66,100,0
IQDG.US,5,20211221,155000,38.655,38.655,38.655,38.655,300,0
IQDG.US,5,20211221,155500,38.6401,38.6401,38.6401,38.6401,139,0
IQDG.US,5,20211221,161000,38.67,38.67,38.67,38.67,300,0
IQDG.US,5,20211221,162000,38.7028,38.7028,38.7028,38.7028,256,0
IQDG.US,5,20211221,162500,38.66,38.66,38.66,38.66,200,0
IQDG.US,5,20211221,163500,38.6347,38.6347,38.6347,38.6347,236,0
IQDG.US,5,20211221,164500,38.6645,38.6645,38.6645,38.6645,187,0
IQDG.US,5,20211221,165000,38.65,38.65,38.6349,38.6349,318,0
IQDG.US,5,20211221,165500,38.6581,38.6581,38.6581,38.6581,645,0
IQDG.US,5,20211221,171500,38.7053,38.7053,38.7053,38.7053,293,0
IQDG.US,5,20211221,172500,38.7,38.7,38.7,38.7,100,0
IQDG.US,5,20211221,173000,38.72,38.72,38.72,38.72,7200,0
IQDG.US,5,20211221,173500,38.72,38.72,38.72,38.72,3000,0
IQDG.US,5,20211221,175000,38.785,38.785,38.785,38.785,100,0
IQDG.US,5,20211221,175500,38.78,38.78,38.771,38.771,233,0
IQDG.US,5,20211221,180000,38.78,38.78,38.78,38.78,100,0
IQDG.US,5,20211221,181500,38.82,38.82,38.82,38.82,322,0
IQDG.US,5,20211221,185500,38.8438,38.8438,38.8438,38.8438,226,0
IQDG.US,5,20211221,190000,38.851,38.851,38.851,38.851,100,0
IQDG.US,5,20211221,190500,38.85,38.85,38.85,38.85,100,0
IQDG.US,5,20211221,195000,38.8701,38.8701,38.8701,38.8701,305,0
IQDG.US,5,20211221,201500,38.9107,38.9107,38.9107,38.9107,234,0
IQDG.US,5,20211221,203500,38.92,38.92,38.91,38.91,818,0
IQDG.US,5,20211221,204500,38.92,38.92,38.92,38.92,400,0
IQDG.US,5,20211221,205000,38.93,38.93,38.92,38.93,10276,0
IQDG.US,5,20211221,205500,38.94,38.94,38.94,38.94,200,0
IQDG.US,5,20211221,210000,38.93,38.93,38.85,38.93,18325,0
IQDG.US,5,20211221,211000,38.93,38.93,38.915,38.915,3906,0
IQDG.US,5,20211221,211500,38.93,38.93,38.93,38.93,500,0
IQDG.US,5,20211221,212000,38.92,38.92,38.91,38.91,326,0
IQDG.US,5,20211221,212500,38.9,38.9,38.83,38.9,13705,0
IQDG.US,5,20211221,213000,38.88,38.89,38.88,38.89,939,0
IQDG.US,5,20211221,213500,38.88,38.88,38.88,38.88,1000,0
IQDG.US,5,20211221,214000,38.87,38.88,38.87,38.875,1500,0
IQDG.US,5,20211221,214500,38.87,38.87,38.85,38.8501,1210,0
IQDG.US,5,20211221,215000,38.8639,38.89,38.8639,38.89,460,0
IQDG.US,5,20211221,215500,38.93,38.95,38.92,38.94,1100,0
IQDG.US,5,20211222,153000,38.96,38.98,38.96,38.96,835,0
IQDG.US,5,20211222,153500,38.9925,39,38.99,39,400,0
IQDG.US,5,20211222,154000,39.01,39.01,39.01,39.01,100,0
IQDG.US,5,20211222,155000,38.94,38.94,38.94,38.94,100,0
IQDG.US,5,20211222,161500,39.03,39.04,39.03,39.04,300,0
IQDG.US,5,20211222,162000,39.04,39.04,39.04,39.04,500,0
IQDG.US,5,20211222,163500,39.04,39.04,39.04,39.04,975,0
IQDG.US,5,20211222,173500,39.32,39.32,39.32,39.32,400,0
IQDG.US,5,20211222,175000,39.31,39.31,39.31,39.31,100,0
IQDG.US,5,20211222,182000,39.345,39.345,39.345,39.345,400,0
IQDG.US,5,20211222,182500,39.34,39.34,39.34,39.34,100,0
IQDG.US,5,20211222,184500,39.3301,39.3301,39.32,39.32,10867,0
IQDG.US,5,20211222,185000,39.3555,39.3555,39.345,39.351,426,0
IQDG.US,5,20211222,192000,39.335,39.34,39.33,39.33,7769,0
IQDG.US,5,20211222,192500,39.335,39.335,39.33,39.33,560,0
IQDG.US,5,20211222,194500,39.3147,39.32,39.31,39.3199,1345,0
IQDG.US,5,20211222,200000,39.31,39.31,39.31,39.31,100,0
IQDG.US,5,20211222,201000,39.29,39.32,39.29,39.32,908,0
IQDG.US,5,20211222,202000,39.3285,39.3285,39.3285,39.3285,457,0
IQDG.US,5,20211222,204000,39.34,39.34,39.3135,39.3135,930,0
IQDG.US,5,20211222,204500,39.3364,39.3479,39.3364,39.3479,270,0
IQDG.US,5,20211222,205500,39.369,39.369,39.3639,39.3639,240,0
IQDG.US,5,20211222,210000,39.355,39.37,39.355,39.37,881,0
IQDG.US,5,20211222,210500,39.355,39.38,39.355,39.365,4841,0
IQDG.US,5,20211222,211000,39.365,39.365,39.365,39.365,404,0
IQDG.US,5,20211222,211500,39.37,39.37,39.37,39.37,640,0
IQDG.US,5,20211222,212000,39.365,39.38,39.365,39.38,7644,0
IQDG.US,5,20211222,213000,39.39,39.39,39.389,39.389,570,0
IQDG.US,5,20211222,213500,39.37,39.37,39.37,39.37,2536,0
IQDG.US,5,20211222,214500,39.42,39.42,39.42,39.42,100,0
IQDG.US,5,20211222,215000,39.4353,39.4353,39.4353,39.4353,103,0
IQDG.US,5,20211222,215500,39.45,39.45,39.43,39.43,200,0
IQDG.US,5,20211223,153000,39.34,39.4,39.34,39.4,485,0
IQDG.US,5,20211223,153500,39.44,39.44,39.44,39.44,100,0
IQDG.US,5,20211223,154500,39.46,39.46,39.46,39.46,100,0
IQDG.US,5,20211223,160000,39.53,39.53,39.49,39.49,600,0
IQDG.US,5,20211223,160500,39.54,39.54,39.53,39.53,2117,0
IQDG.US,5,20211223,161000,39.57,39.6,39.57,39.6,520,0
IQDG.US,5,20211223,161500,39.6,39.6,39.6,39.6,100,0
IQDG.US,5,20211223,162000,39.59,39.59,39.58,39.59,300,0
IQDG.US,5,20211223,162500,39.55,39.55,39.55,39.55,100,0
IQDG.US,5,20211223,163000,39.54,39.55,39.535,39.535,1000,0
IQDG.US,5,20211223,164000,39.5407,39.555,39.5407,39.555,1058,0
IQDG.US,5,20211223,165000,39.56,39.56,39.56,39.56,100,0
IQDG.US,5,20211223,170000,39.56,39.56,39.56,39.56,1155,0
IQDG.US,5,20211223,170500,39.575,39.585,39.575,39.585,200,0
IQDG.US,5,20211223,171500,39.585,39.585,39.585,39.585,100,0
IQDG.US,5,20211223,172000,39.585,39.585,39.585,39.585,100,0
IQDG.US,5,20211223,172500,39.585,39.5982,39.56,39.56,517,0
IQDG.US,5,20211223,174000,39.59,39.59,39.59,39.59,100,0
IQDG.US,5,20211223,180000,39.6,39.6,39.5815,39.5815,232,0
IQDG.US,5,20211223,181000,39.59,39.59,39.585,39.585,250,0
IQDG.US,5,20211223,181500,39.585,39.585,39.585,39.585,300,0
IQDG.US,5,20211223,182500,39.59,39.59,39.59,39.59,100,0
IQDG.US,5,20211223,183000,39.595,39.595,39.595,39.595,200,0
IQDG.US,5,20211223,185500,39.595,39.595,39.595,39.595,100,0
IQDG.US,5,20211223,190000,39.595,39.6076,39.595,39.6076,952,0
IQDG.US,5,20211223,191000,39.5896,39.5896,39.58,39.58,2038,0
IQDG.US,5,20211223,192500,39.58,39.58,39.58,39.58,1000,0
IQDG.US,5,20211223,193000,39.585,39.585,39.585,39.585,100,0
IQDG.US,5,20211223,193500,39.5635,39.5635,39.5635,39.5635,254,0
IQDG.US,5,20211223,194000,39.5865,39.5865,39.5865,39.5865,430,0
IQDG.US,5,20211223,194500,39.58,39.58,39.575,39.58,663,0
IQDG.US,5,20211223,195000,39.59,39.595,39.58,39.59,3108,0
IQDG.US,5,20211223,195500,39.59,39.59,39.59,39.59,100,0
IQDG.US,5,20211223,200000,39.606,39.606,39.59,39.59,955,0
IQDG.US,5,20211223,201000,39.58,39.58,39.57,39.57,2241,0
IQDG.US,5,20211223,201500,39.58,39.58,39.58,39.58,600,0
IQDG.US,5,20211223,202000,39.5825,39.5825,39.58,39.58,500,0
IQDG.US,5,20211223,202500,39.58,39.58,39.55,39.55,8174,0
IQDG.US,5,20211223,203000,39.56,39.56,39.56,39.56,1029,0
IQDG.US,5,20211223,203500,39.57,39.57,39.57,39.57,362,0
IQDG.US,5,20211223,204500,39.59,39.59,39.59,39.59,100,0
IQDG.US,5,20211223,205000,39.61,39.61,39.61,39.61,100,0
IQDG.US,5,20211223,205500,39.6067,39.6067,39.58,39.58,579,0
IQDG.US,5,20211223,210000,39.59,39.59,39.59,39.59,100,0
IQDG.US,5,20211223,211000,39.59,39.59,39.575,39.585,2596,0
IQDG.US,5,20211223,211500,39.61,39.61,39.6,39.6,330,0
IQDG.US,5,20211223,212000,39.6,39.6,39.6,39.6,100,0
IQDG.US,5,20211223,212500,39.585,39.585,39.585,39.585,400,0
IQDG.US,5,20211223,213500,39.5692,39.5692,39.5589,39.5589,342,0
IQDG.US,5,20211223,215500,39.62,39.62,39.62,39.62,100,0
