<TICKER>,<PER>,<DATE>,<TIME>,<OPEN>,<HIGH>,<LOW>,<CLOSE>,<VOL>,<OPENINT>
IYH.US,5,20211104,143000,292.48,292.48,291.49,291.49,800,0
IYH.US,5,20211104,143500,291.25,291.47,291.25,291.33,400,0
IYH.US,5,20211104,145000,290.75,290.75,290.75,290.75,100,0
IYH.US,5,20211104,150500,290.45,290.45,290.35,290.35,700,0
IYH.US,5,20211104,151000,290.92,290.92,290.92,290.92,112,0
IYH.US,5,20211104,151500,290.85,290.85,290.85,290.85,200,0
IYH.US,5,20211104,155000,290.33,290.33,290.33,290.33,100,0
IYH.US,5,20211104,160000,290.025,290.025,290.025,290.025,200,0
IYH.US,5,20211104,160500,290.1,290.1,290.1,290.1,100,0
IYH.US,5,20211104,161500,289.764,289.997,289.764,289.997,200,0
IYH.US,5,20211104,163500,290.07,290.07,290.07,290.07,100,0
IYH.US,5,20211104,170000,289.65,289.65,289.626,289.626,1100,0
IYH.US,5,20211104,171000,289.56,289.59,289.48,289.58,1351,0
IYH.US,5,20211104,172000,289.42,289.42,289.4,289.4,300,0
IYH.US,5,20211104,174500,289.08,289.12,289.08,289.081,309,0
IYH.US,5,20211104,180000,289.21,289.21,289.21,289.21,106,0
IYH.US,5,20211104,181500,289.35,289.35,289.35,289.35,100,0
IYH.US,5,20211104,182000,289.36,289.36,289.36,289.36,329,0
IYH.US,5,20211104,184500,289.127,289.127,289.127,289.127,196,0
IYH.US,5,20211104,185000,289.14,289.14,289.14,289.14,100,0
IYH.US,5,20211104,185500,289.156,289.156,289.15,289.15,707,0
IYH.US,5,20211104,190000,289,289,289,289,135,0
IYH.US,5,20211104,191500,288.85,288.85,288.83,288.83,200,0
IYH.US,5,20211104,192000,289.13,289.13,289.13,289.13,100,0
IYH.US,5,20211104,194000,289.18,289.21,289.16,289.16,622,0
IYH.US,5,20211104,195500,289.191,289.191,289.07,289.16,825,0
IYH.US,5,20211104,200000,289.195,289.195,289.081,289.081,221,0
IYH.US,5,20211104,200500,288.98,288.98,288.98,288.98,300,0
IYH.US,5,20211104,201000,289.28,289.285,289.28,289.285,211,0
IYH.US,5,20211104,203000,289.07,289.23,289.07,289.23,200,0
IYH.US,5,20211104,204000,289.456,289.456,289.456,289.456,100,0
IYH.US,5,20211104,204500,289.573,289.573,289.573,289.573,145,0
IYH.US,5,20211104,205000,289.92,289.955,289.9,289.955,581,0
IYH.US,5,20211104,205500,290.21,290.49,290.13,290.49,1493,0
IYH.US,5,20211105,143000,288.61,288.61,288.61,288.61,1049,0
IYH.US,5,20211105,143500,286.43,286.43,286.21,286.21,300,0
IYH.US,5,20211105,144500,288.2,288.2,288.2,288.2,100,0
IYH.US,5,20211105,145500,288.83,288.83,288.781,288.781,297,0
IYH.US,5,20211105,150500,288.88,288.88,288.88,288.88,190,0
IYH.US,5,20211105,151500,288.39,288.39,288.255,288.255,2282,0
IYH.US,5,20211105,152000,288.633,288.633,288.633,288.633,100,0
IYH.US,5,20211105,152500,288.385,288.445,288.385,288.445,274,0
IYH.US,5,20211105,155500,288.01,288.01,288.01,288.01,122,0
IYH.US,5,20211105,160000,287.78,287.78,287.687,287.687,357,0
IYH.US,5,20211105,160500,287.675,287.675,287.675,287.675,100,0
IYH.US,5,20211105,161000,287.5,287.5,287.5,287.5,120,0
IYH.US,5,20211105,161500,287.008,287.06,287.008,287.06,393,0
IYH.US,5,20211105,162000,287.268,287.268,287.268,287.268,100,0
IYH.US,5,20211105,163500,287.16,287.16,287.16,287.16,100,0
IYH.US,5,20211105,164000,287.145,287.145,287.145,287.145,100,0
IYH.US,5,20211105,171500,286.768,286.768,286.768,286.768,345,0
IYH.US,5,20211105,172000,286.69,286.69,286.69,286.69,100,0
IYH.US,5,20211105,173000,286.9,286.9,286.9,286.9,100,0
IYH.US,5,20211105,174000,286.8,286.8,286.8,286.8,100,0
IYH.US,5,20211105,181500,285.832,285.89,285.795,285.795,788,0
IYH.US,5,20211105,182000,285.684,285.684,285.684,285.684,100,0
IYH.US,5,20211105,184000,285.495,285.495,285.495,285.495,169,0
IYH.US,5,20211105,184500,285.71,285.79,285.71,285.79,330,0
IYH.US,5,20211105,191000,286.65,286.65,286.65,286.65,400,0
IYH.US,5,20211105,191500,286.735,286.735,286.735,286.735,139,0
IYH.US,5,20211105,192000,286.56,286.56,286.56,286.56,200,0
IYH.US,5,20211105,192500,286.41,286.45,286.41,286.45,400,0
IYH.US,5,20211105,193500,286.764,286.764,286.764,286.764,100,0
IYH.US,5,20211105,194000,286.782,286.782,286.78,286.78,358,0
IYH.US,5,20211105,195500,286.85,286.85,286.85,286.85,100,0
IYH.US,5,20211105,200000,286.69,286.69,286.69,286.69,100,0
IYH.US,5,20211105,200500,286.83,286.98,286.83,286.955,596,0
IYH.US,5,20211105,201500,287.05,287.05,287.05,287.05,100,0
IYH.US,5,20211105,202500,286.805,286.805,286.805,286.805,100,0
IYH.US,5,20211105,203500,287.442,287.628,287.442,287.628,339,0
IYH.US,5,20211105,204000,287.45,287.45,287.255,287.255,300,0
IYH.US,5,20211105,204500,287.35,287.35,287.35,287.35,100,0
IYH.US,5,20211105,205000,287.6,287.67,287.6,287.67,536,0
IYH.US,5,20211105,205500,287.38,287.62,287.37,287.62,595,0
IYH.US,5,20211108,153000,288,288.44,288,288.44,4276,0
IYH.US,5,20211108,153500,287,287,287,287,100,0
IYH.US,5,20211108,154000,287.31,287.31,287.31,287.31,100,0
IYH.US,5,20211108,154500,286.96,286.96,286.96,286.96,100,0
IYH.US,5,20211108,155000,287.69,287.69,287.69,287.69,114,0
IYH.US,5,20211108,155500,287.59,287.59,287.59,287.59,100,0
IYH.US,5,20211108,160000,287.73,287.73,287.69,287.69,300,0
IYH.US,5,20211108,160500,287.63,287.63,287.28,287.285,2200,0
IYH.US,5,20211108,165500,287.9,287.9,287.9,287.9,100,0
IYH.US,5,20211108,171000,287.64,287.64,287.64,287.64,100,0
IYH.US,5,20211108,173500,287.274,287.274,287.274,287.274,100,0
IYH.US,5,20211108,180000,287.4,287.4,287.4,287.4,100,0
IYH.US,5,20211108,181500,287.495,287.495,287.495,287.495,144,0
IYH.US,5,20211108,182500,287.55,287.55,287.55,287.55,100,0
IYH.US,5,20211108,184000,287.552,287.552,287.552,287.552,139,0
IYH.US,5,20211108,185500,287.49,287.49,287.49,287.49,100,0
IYH.US,5,20211108,200500,288.75,288.76,288.75,288.76,200,0
IYH.US,5,20211108,202000,288.75,288.75,288.75,288.75,138,0
IYH.US,5,20211108,202500,288.74,288.74,288.74,288.74,100,0
IYH.US,5,20211108,203000,288.72,288.72,288.64,288.71,2964,0
IYH.US,5,20211108,203500,288.71,288.71,288.71,288.71,104,0
IYH.US,5,20211108,204000,288.8,288.8,288.8,288.8,100,0
IYH.US,5,20211108,211000,289.06,289.06,289.06,289.06,100,0
IYH.US,5,20211108,211500,288.901,288.901,288.89,288.89,200,0
IYH.US,5,20211108,212000,289.02,289.02,288.99,288.99,200,0
IYH.US,5,20211108,212500,288.91,288.92,288.9,288.92,719,0
IYH.US,5,20211108,213500,288.97,288.98,288.97,288.98,300,0
IYH.US,5,20211108,214000,288.98,289.12,288.98,289.12,200,0
IYH.US,5,20211108,214500,289.02,289.02,289.02,289.02,100,0
IYH.US,5,20211108,215000,289.245,289.245,289.245,289.245,190,0
IYH.US,5,20211108,215500,288.94,289.09,288.94,289.09,351,0
IYH.US,5,20211109,153000,289.19,289.19,288.46,288.47,7905,0
IYH.US,5,20211109,154000,288.17,288.415,288.17,288.415,200,0
IYH.US,5,20211109,155000,288.088,288.088,288.088,288.088,139,0
IYH.US,5,20211109,155500,288.17,288.631,288.17,288.631,350,0
IYH.US,5,20211109,160000,287.95,287.96,287.79,287.79,600,0
IYH.US,5,20211109,161000,288.205,288.205,288.205,288.205,216,0
IYH.US,5,20211109,161500,288.05,288.073,287.935,288.073,525,0
IYH.US,5,20211109,171000,287.646,287.646,287.243,287.243,204,0
IYH.US,5,20211109,171500,287.452,287.452,287.452,287.452,326,0
IYH.US,5,20211109,172500,287.37,287.37,287.37,287.37,100,0
IYH.US,5,20211109,174500,287.885,287.91,287.885,287.91,250,0
IYH.US,5,20211109,175500,287.685,287.685,287.685,287.685,183,0
IYH.US,5,20211109,180000,287.63,287.63,287.63,287.63,100,0
IYH.US,5,20211109,180500,287.489,287.489,287.489,287.489,171,0
IYH.US,5,20211109,181000,287.653,287.653,287.653,287.653,178,0
IYH.US,5,20211109,184500,287.939,287.939,287.939,287.939,146,0
IYH.US,5,20211109,190500,287.967,287.967,287.967,287.967,100,0
IYH.US,5,20211109,201000,287.81,287.81,287.81,287.81,110,0
IYH.US,5,20211109,201500,288.02,288.02,288.02,288.02,900,0
IYH.US,5,20211109,202000,287.97,287.97,287.94,287.94,300,0
IYH.US,5,20211109,210000,287.919,287.919,287.919,287.919,175,0
IYH.US,5,20211109,210500,287.69,287.69,287.55,287.55,250,0
IYH.US,5,20211109,211000,287.63,287.63,287.63,287.63,200,0
IYH.US,5,20211109,212500,287.43,287.55,287.43,287.55,1417,0
IYH.US,5,20211109,213000,287.439,287.467,287.439,287.467,542,0
IYH.US,5,20211109,213500,287.548,287.548,287.548,287.548,180,0
IYH.US,5,20211109,214000,287.54,287.54,287.54,287.54,100,0
IYH.US,5,20211109,214500,287.6,287.6,287.6,287.6,100,0
IYH.US,5,20211109,215000,287.575,287.575,287.575,287.575,100,0
IYH.US,5,20211109,215500,287.75,287.87,287.7,287.87,3562,0
IYH.US,5,20211110,153000,287.84,287.84,287.84,287.84,372,0
IYH.US,5,20211110,154000,288.375,288.5,288.375,288.5,200,0
IYH.US,5,20211110,154500,287.855,287.855,287.855,287.855,100,0
IYH.US,5,20211110,155500,288.325,288.33,288.25,288.25,400,0
IYH.US,5,20211110,160000,288.34,288.34,288.34,288.34,102,0
IYH.US,5,20211110,160500,289.057,289.057,289.057,289.057,345,0
IYH.US,5,20211110,162000,289.32,289.32,289.32,289.32,200,0
IYH.US,5,20211110,165000,289.19,289.19,289.19,289.19,100,0
IYH.US,5,20211110,180000,288.793,288.793,288.793,288.793,244,0
IYH.US,5,20211110,190000,288.62,288.62,288.62,288.62,100,0
IYH.US,5,20211110,190500,288.35,288.35,288.35,288.35,100,0
IYH.US,5,20211110,194000,288.315,288.315,288.315,288.315,300,0
IYH.US,5,20211110,195000,288.2,288.2,288.2,288.2,100,0
IYH.US,5,20211110,200000,288.02,288.02,288.02,288.02,100,0
IYH.US,5,20211110,200500,288.015,288.015,288.015,288.015,273,0
IYH.US,5,20211110,201500,287.811,287.811,287.811,287.811,885,0
IYH.US,5,20211110,202500,287.75,287.75,287.75,287.75,132,0
IYH.US,5,20211110,203500,287.42,287.46,287.42,287.46,515,0
IYH.US,5,20211110,204500,287.545,287.62,287.545,287.62,415,0
IYH.US,5,20211110,205000,287.61,287.61,287.61,287.61,100,0
IYH.US,5,20211110,205500,287.81,287.81,287.81,287.81,100,0
IYH.US,5,20211110,210000,287.77,287.77,287.64,287.64,900,0
IYH.US,5,20211110,211000,287.72,287.72,287.72,287.72,100,0
IYH.US,5,20211110,211500,287.897,287.897,287.897,287.897,139,0
IYH.US,5,20211110,212500,287.725,287.725,287.725,287.725,100,0
IYH.US,5,20211110,213500,287.72,287.72,287.72,287.72,100,0
IYH.US,5,20211110,214000,287.71,287.845,287.625,287.625,825,0
IYH.US,5,20211110,214500,287.56,287.79,287.51,287.78,2414,0
IYH.US,5,20211110,215000,287.8,288.2,287.8,288.165,2015,0
IYH.US,5,20211110,215500,288.08,288.1,287.93,287.93,467,0
IYH.US,5,20211111,153000,288.24,288.24,288.24,288.24,166,0
IYH.US,5,20211111,153500,287.88,287.88,287.88,287.88,100,0
IYH.US,5,20211111,154000,287.73,287.73,287.73,287.73,100,0
IYH.US,5,20211111,155000,287.36,287.44,287.36,287.44,300,0
IYH.US,5,20211111,155500,287.66,287.66,287.66,287.66,1260,0
IYH.US,5,20211111,161000,287.28,287.28,287.28,287.28,100,0
IYH.US,5,20211111,162500,287.381,287.381,287.381,287.381,300,0
IYH.US,5,20211111,163000,286.844,286.844,286.844,286.844,315,0
IYH.US,5,20211111,163500,286.77,286.77,286.77,286.77,100,0
IYH.US,5,20211111,164000,286.74,286.74,286.63,286.63,246,0
IYH.US,5,20211111,165000,286.495,286.52,286.495,286.52,200,0
IYH.US,5,20211111,170000,286.554,286.61,286.554,286.61,300,0
IYH.US,5,20211111,171500,286.51,286.51,286.51,286.51,100,0
IYH.US,5,20211111,172500,286.56,286.56,286.56,286.56,100,0
IYH.US,5,20211111,173000,286.8,286.8,286.786,286.786,200,0
IYH.US,5,20211111,173500,286.93,286.93,286.93,286.93,100,0
IYH.US,5,20211111,180000,287.048,287.048,287.048,287.048,110,0
IYH.US,5,20211111,180500,286.64,286.71,286.64,286.71,400,0
IYH.US,5,20211111,181500,286.52,286.52,286.52,286.52,100,0
IYH.US,5,20211111,183500,286.83,286.83,286.83,286.83,560,0
IYH.US,5,20211111,193000,287.095,287.095,287.095,287.095,273,0
IYH.US,5,20211111,193500,287.25,287.25,287.25,287.25,300,0
IYH.US,5,20211111,195000,287.239,287.239,287.239,287.239,174,0
IYH.US,5,20211111,195500,287.24,287.24,287.24,287.24,200,0
IYH.US,5,20211111,201000,287.53,287.53,287.53,287.53,478,0
IYH.US,5,20211111,202000,287.39,287.39,287.39,287.39,156,0
IYH.US,5,20211111,204000,287.446,287.446,287.446,287.446,148,0
IYH.US,5,20211111,205000,287.185,287.185,287.185,287.185,600,0
IYH.US,5,20211111,212500,287.565,287.565,287.565,287.565,100,0
IYH.US,5,20211111,213000,287.53,287.53,287.37,287.37,400,0
IYH.US,5,20211111,213500,287.5,287.5,287.38,287.445,500,0
IYH.US,5,20211111,214000,287.505,287.505,287.3,287.3,600,0
IYH.US,5,20211111,214500,287.33,287.54,287.33,287.35,750,0
IYH.US,5,20211111,215000,287.465,287.51,287.43,287.43,300,0
IYH.US,5,20211111,215500,287.4,287.49,287.25,287.33,1616,0
IYH.US,5,20211112,153000,288.55,288.55,288.49,288.49,1183,0
IYH.US,5,20211112,153500,288.21,288.21,288.21,288.21,100,0
IYH.US,5,20211112,154500,287.83,287.93,287.83,287.93,300,0
IYH.US,5,20211112,162000,287.53,287.54,287.53,287.54,200,0
IYH.US,5,20211112,162500,287.388,287.388,287.388,287.388,100,0
IYH.US,5,20211112,163500,287.08,287.08,287.08,287.08,429,0
IYH.US,5,20211112,173500,287.92,287.92,287.92,287.92,200,0
IYH.US,5,20211112,174500,287.89,287.89,287.89,287.89,100,0
IYH.US,5,20211112,175500,288.176,288.176,288.176,288.176,135,0
IYH.US,5,20211112,181500,288.32,288.32,288.32,288.32,645,0
IYH.US,5,20211112,183000,288.48,288.5,288.38,288.38,3580,0
IYH.US,5,20211112,185500,288.418,288.418,288.418,288.418,400,0
IYH.US,5,20211112,190000,288.15,288.15,288.13,288.13,200,0
IYH.US,5,20211112,192000,288.244,288.244,288.244,288.244,148,0
IYH.US,5,20211112,192500,288.204,288.204,288.204,288.204,115,0
IYH.US,5,20211112,193000,288.328,288.328,288.328,288.328,350,0
IYH.US,5,20211112,195000,288.45,288.462,288.45,288.462,600,0
IYH.US,5,20211112,200500,288.49,288.49,288.49,288.49,103,0
IYH.US,5,20211112,202000,288.391,288.391,288.391,288.391,246,0
IYH.US,5,20211112,203500,288.391,288.391,288.391,288.391,190,0
IYH.US,5,20211112,213000,288.75,288.75,288.75,288.75,100,0
IYH.US,5,20211112,213500,289,289,288.96,288.96,200,0
IYH.US,5,20211112,214500,288.65,288.65,288.65,288.65,104,0
IYH.US,5,20211112,215500,288.43,288.7,288.43,288.7,9380,0
IYH.US,5,20211115,153000,288.97,288.97,288.76,288.82,1184,0
IYH.US,5,20211115,153500,288.77,288.77,288.77,288.77,100,0
IYH.US,5,20211115,154000,288.17,288.246,288.17,288.246,264,0
IYH.US,5,20211115,165000,288.28,288.28,288.28,288.28,100,0
IYH.US,5,20211115,172000,288.56,288.56,288.56,288.56,315,0
IYH.US,5,20211115,180000,288.322,288.322,288.322,288.322,200,0
IYH.US,5,20211115,183500,288.208,288.208,288.208,288.208,139,0
IYH.US,5,20211115,184000,288.012,288.012,288.012,288.012,500,0
IYH.US,5,20211115,191500,288,288,288,288,174,0
IYH.US,5,20211115,192000,287.88,287.88,287.88,287.88,100,0
IYH.US,5,20211115,192500,287.77,287.77,287.77,287.77,200,0
IYH.US,5,20211115,193000,287.8,287.865,287.78,287.865,1415,0
IYH.US,5,20211115,200000,287.55,287.55,287.55,287.55,100,0
IYH.US,5,20211115,200500,287.445,287.445,287.312,287.312,372,0
IYH.US,5,20211115,201500,287.1,287.1,287.1,287.1,100,0
IYH.US,5,20211115,202000,287.17,287.19,287.08,287.19,11074,0
IYH.US,5,20211115,202500,287.08,287.08,287.08,287.08,111,0
IYH.US,5,20211115,203000,287.09,287.15,287.09,287.15,900,0
IYH.US,5,20211115,203500,287.367,287.367,287.367,287.367,104,0
IYH.US,5,20211115,204000,287.39,287.39,287.39,287.39,169,0
IYH.US,5,20211115,205500,287.17,287.17,287.17,287.17,200,0
IYH.US,5,20211115,210500,286.93,286.93,286.93,286.93,300,0
IYH.US,5,20211115,211000,287.07,287.07,287.07,287.07,200,0
IYH.US,5,20211115,211500,287.08,287.17,287.08,287.17,500,0
IYH.US,5,20211115,212000,287.176,287.176,287.08,287.08,800,0
IYH.US,5,20211115,214000,286.872,286.939,286.872,286.939,350,0
IYH.US,5,20211115,215000,286.73,286.73,286.67,286.67,700,0
IYH.US,5,20211115,215500,286.641,286.87,286.641,286.87,700,0
IYH.US,5,20211116,153000,286.32,286.32,286.32,286.32,100,0
IYH.US,5,20211116,153500,288.05,288.05,288.05,288.05,100,0
IYH.US,5,20211116,154000,288.23,288.67,288.23,288.67,200,0
IYH.US,5,20211116,154500,288.89,288.89,288.89,288.89,100,0
IYH.US,5,20211116,160500,288.82,288.82,288.82,288.82,295,0
IYH.US,5,20211116,161000,288.89,288.91,288.89,288.91,200,0
IYH.US,5,20211116,162000,288.807,288.807,288.807,288.807,141,0
IYH.US,5,20211116,162500,288.723,288.723,288.723,288.723,350,0
IYH.US,5,20211116,164000,288.453,288.453,288.453,288.453,150,0
IYH.US,5,20211116,164500,288.445,288.445,288.427,288.427,439,0
IYH.US,5,20211116,165500,288.215,288.215,288.215,288.215,100,0
IYH.US,5,20211116,174500,288.63,288.63,288.63,288.63,101,0
IYH.US,5,20211116,180500,288.85,288.85,288.85,288.85,121,0
IYH.US,5,20211116,181500,288.769,288.769,288.71,288.71,656,0
IYH.US,5,20211116,182500,288.86,288.86,288.86,288.86,342,0
IYH.US,5,20211116,184000,288.95,288.98,288.95,288.98,400,0
IYH.US,5,20211116,185000,288.875,288.875,288.875,288.875,140,0
IYH.US,5,20211116,191000,289.1,289.1,289.1,289.1,285,0
IYH.US,5,20211116,191500,289.13,289.15,289.13,289.15,200,0
IYH.US,5,20211116,192500,289.249,289.249,289.249,289.249,117,0
IYH.US,5,20211116,194000,289.38,289.38,289.38,289.38,100,0
IYH.US,5,20211116,194500,289.43,289.43,289.382,289.382,250,0
IYH.US,5,20211116,200000,289.43,289.43,289.43,289.43,129,0
IYH.US,5,20211116,201500,289.1,289.1,289.1,289.1,300,0
IYH.US,5,20211116,202000,289,289.01,289,289.01,400,0
IYH.US,5,20211116,204000,288.91,288.91,288.91,288.91,175,0
IYH.US,5,20211116,210000,288.823,288.823,288.823,288.823,200,0
IYH.US,5,20211116,212000,289,289,288.963,288.999,952,0
IYH.US,5,20211116,213000,288.91,288.91,288.91,288.91,100,0
IYH.US,5,20211116,214500,288.702,288.702,288.64,288.64,337,0
IYH.US,5,20211116,215000,288.517,288.517,288.5,288.5,236,0
IYH.US,5,20211116,215500,288.223,288.223,288.02,288.18,1643,0
IYH.US,5,20211117,153000,288.47,288.47,288.47,288.47,271,0
IYH.US,5,20211117,160000,288.523,288.523,288.523,288.523,219,0
IYH.US,5,20211117,161500,288.41,288.41,288.41,288.41,100,0
IYH.US,5,20211117,170500,288.798,288.798,288.798,288.798,103,0
IYH.US,5,20211117,171500,288.72,288.72,288.72,288.72,100,0
IYH.US,5,20211117,173500,288.647,288.647,288.647,288.647,100,0
IYH.US,5,20211117,174000,288.571,288.571,288.571,288.571,198,0
IYH.US,5,20211117,181000,288.759,288.759,288.719,288.719,225,0
IYH.US,5,20211117,182500,288.688,288.688,288.688,288.688,154,0
IYH.US,5,20211117,185500,289.052,289.052,289.052,289.052,177,0
IYH.US,5,20211117,190000,289.087,289.087,289.087,289.087,200,0
IYH.US,5,20211117,192500,289.393,289.393,289.393,289.393,170,0
IYH.US,5,20211117,195500,289.5,289.5,289.5,289.5,100,0
IYH.US,5,20211117,201000,289.41,289.41,289.41,289.41,100,0
IYH.US,5,20211117,203500,288.818,288.818,288.818,288.818,150,0
IYH.US,5,20211117,204000,289.048,289.048,289.015,289.015,370,0
IYH.US,5,20211117,204500,288.996,288.996,288.996,288.996,100,0
IYH.US,5,20211117,205000,289.017,289.15,289.017,289.15,838,0
IYH.US,5,20211117,213000,288.9,288.91,288.9,288.9,300,0
IYH.US,5,20211117,213500,288.87,288.87,288.87,288.87,115,0
IYH.US,5,20211117,214500,288.91,288.91,288.83,288.83,385,0
IYH.US,5,20211117,215500,288.56,288.58,288.47,288.56,5084,0
IYH.US,5,20211118,153000,288.85,288.85,288.85,288.85,543,0
IYH.US,5,20211118,154000,288.943,288.943,288.943,288.943,200,0
IYH.US,5,20211118,161000,287.682,287.682,287.682,287.682,425,0
IYH.US,5,20211118,162000,287.79,287.79,287.635,287.635,309,0
IYH.US,5,20211118,162500,287.96,287.96,287.96,287.96,100,0
IYH.US,5,20211118,164000,287.74,287.74,287.74,287.74,100,0
IYH.US,5,20211118,171000,287.455,287.455,287.455,287.455,347,0
IYH.US,5,20211118,172000,287.464,287.464,287.464,287.464,172,0
IYH.US,5,20211118,172500,287.462,287.462,287.462,287.462,200,0
IYH.US,5,20211118,174000,287.94,287.94,287.94,287.94,100,0
IYH.US,5,20211118,175500,288.18,288.18,288.18,288.18,100,0
IYH.US,5,20211118,180000,288.2,288.2,288.2,288.2,195,0
IYH.US,5,20211118,183000,288.59,288.59,288.59,288.59,102,0
IYH.US,5,20211118,184500,288.36,288.36,288.27,288.27,300,0
IYH.US,5,20211118,185000,288.231,288.231,288.231,288.231,500,0
IYH.US,5,20211118,190500,288.248,288.346,288.248,288.346,710,0
IYH.US,5,20211118,191500,288.04,288.04,288.02,288.02,348,0
IYH.US,5,20211118,192000,288,288,288,288,100,0
IYH.US,5,20211118,192500,288.183,288.183,288.183,288.183,170,0
IYH.US,5,20211118,193500,288.36,288.36,288.36,288.36,400,0
IYH.US,5,20211118,201000,287.77,287.77,287.77,287.77,100,0
IYH.US,5,20211118,203500,287.735,287.735,287.735,287.735,200,0
IYH.US,5,20211118,210000,288.1,288.1,288.1,288.1,145,0
IYH.US,5,20211118,211000,288.17,288.17,288.17,288.17,100,0
IYH.US,5,20211118,213000,288,288,288,288,100,0
IYH.US,5,20211118,213500,288.01,288.01,288.01,288.01,100,0
IYH.US,5,20211118,214500,287.96,287.96,287.96,287.96,100,0
IYH.US,5,20211118,215500,287.85,288.09,287.85,288.09,3031,0
IYH.US,5,20211119,153000,288.93,288.93,288.93,288.93,537,0
IYH.US,5,20211119,160500,288.316,288.316,288.316,288.316,100,0
IYH.US,5,20211119,165500,286.98,286.98,286.98,286.98,100,0
IYH.US,5,20211119,173000,287.137,287.137,287.137,287.137,529,0
IYH.US,5,20211119,173500,287.03,287.03,287.03,287.03,100,0
IYH.US,5,20211119,175000,286.88,286.88,286.88,286.88,300,0
IYH.US,5,20211119,180000,286.824,286.824,286.824,286.824,123,0
IYH.US,5,20211119,182500,287.185,287.185,287.185,287.185,768,0
IYH.US,5,20211119,183500,287.358,287.358,287.358,287.358,448,0
IYH.US,5,20211119,184500,287.231,287.231,287.231,287.231,418,0
IYH.US,5,20211119,185500,287.55,287.56,287.55,287.56,237,0
IYH.US,5,20211119,194000,286.88,286.88,286.88,286.88,100,0
IYH.US,5,20211119,195000,286.962,286.962,286.962,286.962,260,0
IYH.US,5,20211119,200500,287.45,287.45,287.413,287.45,2070,0
IYH.US,5,20211119,201500,287.36,287.36,287.36,287.36,868,0
IYH.US,5,20211119,202500,287.36,287.36,287.36,287.36,100,0
IYH.US,5,20211119,203000,287.322,287.322,287.27,287.27,249,0
IYH.US,5,20211119,203500,287.28,287.28,287.28,287.28,200,0
IYH.US,5,20211119,204500,286.94,286.94,286.94,286.94,100,0
IYH.US,5,20211119,205000,287.11,287.11,287.11,287.11,100,0
IYH.US,5,20211119,211500,286.84,286.84,286.84,286.84,104,0
IYH.US,5,20211119,214500,286.29,286.29,286.29,286.29,200,0
IYH.US,5,20211119,215000,286.38,286.38,286.38,286.38,100,0
IYH.US,5,20211119,215500,286.3,286.58,286.3,286.58,14607,0
IYH.US,5,20211122,153000,286.86,286.86,286.1,286.1,1523,0
IYH.US,5,20211122,154000,284.994,284.994,284.994,284.994,135,0
IYH.US,5,20211122,154500,284.841,284.841,284.83,284.83,200,0
IYH.US,5,20211122,155000,285.853,285.853,285.853,285.853,545,0
IYH.US,5,20211122,155500,285.67,285.71,285.67,285.71,200,0
IYH.US,5,20211122,160000,285.78,285.81,285.64,285.64,300,0
IYH.US,5,20211122,161000,285.606,285.606,285.606,285.606,429,0
IYH.US,5,20211122,161500,285.724,285.724,285.724,285.724,101,0
IYH.US,5,20211122,170500,286.717,286.717,286.717,286.717,200,0
IYH.US,5,20211122,171500,286.76,286.78,286.76,286.78,200,0
IYH.US,5,20211122,175500,286.64,286.64,286.64,286.64,100,0
IYH.US,5,20211122,180000,286.76,286.76,286.76,286.76,100,0
IYH.US,5,20211122,182500,286.5,286.5,286.5,286.5,160,0
IYH.US,5,20211122,191500,286.538,286.538,286.47,286.47,1076,0
IYH.US,5,20211122,194500,286.415,286.426,286.4,286.41,675,0
IYH.US,5,20211122,195000,286.453,286.453,286.453,286.453,206,0
IYH.US,5,20211122,195500,286.36,286.455,286.36,286.455,205,0
IYH.US,5,20211122,203000,286.22,286.22,286.22,286.22,118,0
IYH.US,5,20211122,203500,286.32,286.32,286.32,286.32,100,0
IYH.US,5,20211122,204500,286.37,286.37,286.37,286.37,100,0
IYH.US,5,20211122,211000,286.52,286.6,286.52,286.57,420,0
IYH.US,5,20211122,212000,286.22,286.22,286.21,286.21,705,0
IYH.US,5,20211122,212500,286.32,286.379,286.32,286.379,405,0
IYH.US,5,20211122,213000,286.35,286.35,286.35,286.35,400,0
IYH.US,5,20211122,213500,286.42,286.45,286.42,286.45,214,0
IYH.US,5,20211122,214000,286.38,286.38,286.38,286.38,100,0
IYH.US,5,20211122,215000,285.878,285.878,285.39,285.39,305,0
IYH.US,5,20211122,215500,285.32,285.32,284.93,284.93,1022,0
IYH.US,5,20211123,153000,283.82,283.84,283.82,283.84,1906,0
IYH.US,5,20211123,153500,282.74,282.74,282.54,282.54,300,0
IYH.US,5,20211123,155000,284.65,284.65,284.65,284.65,100,0
IYH.US,5,20211123,160500,284.57,284.57,283.76,283.76,400,0
IYH.US,5,20211123,161000,283.882,283.93,283.882,283.93,230,0
IYH.US,5,20211123,163500,283.34,283.34,283.34,283.34,197,0
IYH.US,5,20211123,164000,283.53,283.53,283.53,283.53,705,0
IYH.US,5,20211123,164500,283.192,283.192,283.192,283.192,166,0
IYH.US,5,20211123,165000,283.19,283.19,283.19,283.19,907,0
IYH.US,5,20211123,165500,282.94,282.94,282.94,282.94,100,0
IYH.US,5,20211123,170000,282.842,282.842,282.662,282.723,631,0
IYH.US,5,20211123,170500,282.88,282.88,282.835,282.835,409,0
IYH.US,5,20211123,171500,283.305,283.58,283.305,283.58,1420,0
IYH.US,5,20211123,174500,283.93,283.93,283.93,283.93,300,0
IYH.US,5,20211123,175000,283.73,283.73,283.73,283.73,100,0
IYH.US,5,20211123,182000,283.121,283.121,283.121,283.121,1500,0
IYH.US,5,20211123,182500,283.187,283.2,283.17,283.2,493,0
IYH.US,5,20211123,183000,283.268,283.34,283.268,283.34,390,0
IYH.US,5,20211123,183500,283.404,283.537,283.375,283.49,607,0
IYH.US,5,20211123,184000,283.35,283.35,283.35,283.35,100,0
IYH.US,5,20211123,184500,283.515,283.515,283.515,283.515,247,0
IYH.US,5,20211123,185000,283.345,283.345,283.345,283.345,110,0
IYH.US,5,20211123,190000,283.27,283.39,283.27,283.39,600,0
IYH.US,5,20211123,191500,283.44,283.44,283.44,283.44,200,0
IYH.US,5,20211123,192000,283.451,283.57,283.451,283.57,1265,0
IYH.US,5,20211123,193000,283.089,283.089,283.089,283.089,100,0
IYH.US,5,20211123,194000,283.025,283.08,282.97,283.08,925,0
IYH.US,5,20211123,194500,283.377,283.377,283.377,283.377,100,0
IYH.US,5,20211123,195000,283.47,283.47,283.47,283.47,100,0
IYH.US,5,20211123,195500,283.71,283.71,283.71,283.71,500,0
IYH.US,5,20211123,200500,283.603,283.603,283.603,283.603,192,0
IYH.US,5,20211123,201000,283.589,283.589,283.589,283.589,184,0
IYH.US,5,20211123,201500,283.47,283.47,283.333,283.36,705,0
IYH.US,5,20211123,202000,283.33,283.345,283.33,283.345,236,0
IYH.US,5,20211123,202500,283.43,283.43,283.43,283.43,103,0
IYH.US,5,20211123,203000,283.46,283.46,283.3,283.3,300,0
IYH.US,5,20211123,203500,283.415,283.415,283.415,283.415,191,0
IYH.US,5,20211123,204500,284.02,284.02,284.02,284.02,299,0
IYH.US,5,20211123,205500,284.32,284.332,284.32,284.332,400,0
IYH.US,5,20211123,210000,284.24,284.24,284.24,284.24,100,0
IYH.US,5,20211123,210500,284.41,284.41,284.41,284.41,100,0
IYH.US,5,20211123,211500,284.33,284.33,284.265,284.265,630,0
IYH.US,5,20211123,212000,284.185,284.185,284.185,284.185,223,0
IYH.US,5,20211123,212500,284.29,284.29,284.205,284.205,451,0
IYH.US,5,20211123,213000,284.268,284.31,284.253,284.31,532,0
IYH.US,5,20211123,213500,284.57,284.578,284.52,284.55,910,0
IYH.US,5,20211123,214000,284.88,284.892,284.85,284.892,652,0
IYH.US,5,20211123,214500,284.853,284.853,284.81,284.81,298,0
IYH.US,5,20211123,215000,284.91,284.987,284.849,284.987,520,0
IYH.US,5,20211123,215500,284.61,284.74,284.48,284.48,6858,0
IYH.US,5,20211124,153000,284.57,284.57,284.305,284.305,343,0
IYH.US,5,20211124,153500,284.34,284.34,284.34,284.34,200,0
IYH.US,5,20211124,154000,283.473,283.473,283.473,283.473,153,0
IYH.US,5,20211124,155000,283.21,283.225,283.21,283.225,300,0
IYH.US,5,20211124,160000,283.87,283.87,283.87,283.87,290,0
IYH.US,5,20211124,160500,284.2,284.2,284.2,284.2,100,0
IYH.US,5,20211124,162500,283.64,283.64,283.64,283.64,381,0
IYH.US,5,20211124,164500,283.795,283.795,283.795,283.795,100,0
IYH.US,5,20211124,171000,284.23,284.26,284.23,284.23,400,0
IYH.US,5,20211124,171500,284.28,284.28,284.28,284.28,100,0
IYH.US,5,20211124,173000,284.51,284.51,284.51,284.51,100,0
IYH.US,5,20211124,175000,284.57,284.57,284.49,284.54,350,0
IYH.US,5,20211124,180000,284.44,284.44,284.44,284.44,100,0
IYH.US,5,20211124,180500,284.43,284.43,284.43,284.43,100,0
IYH.US,5,20211124,182000,284.335,284.335,284.335,284.335,100,0
IYH.US,5,20211124,183500,284.415,284.415,284.38,284.38,250,0
IYH.US,5,20211124,184500,284.42,284.42,284.42,284.42,100,0
IYH.US,5,20211124,185000,284.475,284.475,284.475,284.475,100,0
IYH.US,5,20211124,190500,284.76,284.76,284.76,284.76,100,0
IYH.US,5,20211124,191500,284.97,284.97,284.97,284.97,100,0
IYH.US,5,20211124,192000,284.92,284.92,284.92,284.92,100,0
IYH.US,5,20211124,192500,284.86,284.86,284.86,284.86,100,0
IYH.US,5,20211124,194500,284.39,284.39,284.39,284.39,100,0
IYH.US,5,20211124,200000,284.525,284.525,284.46,284.46,200,0
IYH.US,5,20211124,200500,284.2,284.2,284.2,284.2,198,0
IYH.US,5,20211124,202500,284.12,284.12,284.12,284.12,100,0
IYH.US,5,20211124,204500,284.406,284.406,284.406,284.406,121,0
IYH.US,5,20211124,205500,284.476,284.608,284.476,284.608,845,0
IYH.US,5,20211124,210500,284.53,284.62,284.53,284.62,300,0
IYH.US,5,20211124,211000,284.71,284.71,284.7,284.7,200,0
IYH.US,5,20211124,215000,284.92,285.05,284.87,285.05,819,0
IYH.US,5,20211124,215500,284.86,284.98,284.78,284.96,8085,0
IYH.US,5,20211126,153000,286.4,286.4,286.04,286.04,3969,0
IYH.US,5,20211126,153500,286.87,287.15,286.67,287.15,577,0
IYH.US,5,20211126,154000,286.887,286.887,286.57,286.57,279,0
IYH.US,5,20211126,154500,286.285,286.285,286.21,286.24,500,0
IYH.US,5,20211126,161500,285.61,285.61,285.57,285.57,200,0
IYH.US,5,20211126,162000,285.86,285.86,285.86,285.86,100,0
IYH.US,5,20211126,163000,286.19,286.19,286.19,286.19,100,0
IYH.US,5,20211126,163500,286.042,286.042,285.866,285.866,320,0
IYH.US,5,20211126,164000,285.563,285.563,285.563,285.563,187,0
IYH.US,5,20211126,165000,285.515,285.515,285.515,285.515,315,0
IYH.US,5,20211126,170000,285.435,285.435,285.29,285.29,300,0
IYH.US,5,20211126,170500,285.2,285.2,285.2,285.2,100,0
IYH.US,5,20211126,171000,285.3,285.3,284.954,284.954,344,0
IYH.US,5,20211126,171500,285.13,285.13,285,285,300,0
IYH.US,5,20211126,172000,284.93,284.93,284.68,284.68,346,0
IYH.US,5,20211126,172500,285,285.474,285,285.474,400,0
IYH.US,5,20211126,173000,285.36,285.36,285.29,285.29,405,0
IYH.US,5,20211126,173500,285.08,285.08,285.08,285.08,100,0
IYH.US,5,20211126,174000,285.09,285.09,285.09,285.09,100,0
IYH.US,5,20211126,174500,284.935,284.935,284.935,284.935,100,0
IYH.US,5,20211126,175000,284.6,284.6,284.51,284.51,200,0
IYH.US,5,20211126,175500,284.14,284.14,284.14,284.14,100,0
IYH.US,5,20211126,180000,284.685,284.685,284.685,284.685,100,0
IYH.US,5,20211126,180500,284.25,284.39,284.25,284.39,400,0
IYH.US,5,20211126,181000,284.86,284.86,284.745,284.745,200,0
IYH.US,5,20211126,181500,284.05,284.05,284.05,284.05,194,0
IYH.US,5,20211126,182500,284.75,284.75,284.75,284.75,100,0
IYH.US,5,20211126,183500,285.102,285.102,285.102,285.102,444,0
IYH.US,5,20211126,184000,284.992,284.992,284.797,284.797,1042,0
IYH.US,5,20211126,184500,284.66,284.66,284.66,284.66,100,0
IYH.US,5,20211126,185500,283.07,284.09,283.07,283.98,774,0
IYH.US,5,20211126,190000,283.63,283.63,283.63,283.63,1938,0
IYH.US,5,20211126,191000,283.63,283.63,283.63,283.63,0,0
IYH.US,5,20211126,213000,283.63,283.63,283.63,283.63,0,0
IYH.US,5,20211129,153000,285.9,285.9,284.75,284.75,935,0
IYH.US,5,20211129,154500,284.56,284.56,284.56,284.56,100,0
IYH.US,5,20211129,155500,285.005,285.005,285.005,285.005,338,0
IYH.US,5,20211129,160000,284.85,284.85,284.85,284.85,100,0
IYH.US,5,20211129,161500,284.656,284.75,284.656,284.75,2930,0
IYH.US,5,20211129,162500,285.26,285.26,285.26,285.26,110,0
IYH.US,5,20211129,164000,284.37,284.37,284.37,284.37,158,0
IYH.US,5,20211129,165000,284.232,284.232,284.232,284.232,300,0
IYH.US,5,20211129,165500,284.729,284.729,284.729,284.729,211,0
IYH.US,5,20211129,170500,285,285,285,285,100,0
IYH.US,5,20211129,171000,285.115,285.115,285.115,285.115,106,0
IYH.US,5,20211129,172000,285.63,285.63,285.63,285.63,100,0
IYH.US,5,20211129,172500,285.43,285.43,285.43,285.43,105,0
IYH.US,5,20211129,174500,285.384,285.384,285.384,285.384,112,0
IYH.US,5,20211129,175500,285.31,285.61,285.31,285.61,378,0
IYH.US,5,20211129,182000,286.04,286.04,286.04,286.04,100,0
IYH.US,5,20211129,182500,286.06,286.06,286.06,286.06,100,0
IYH.US,5,20211129,183500,286.06,286.06,286.06,286.06,500,0
IYH.US,5,20211129,185500,286.026,286.026,286.026,286.026,175,0
IYH.US,5,20211129,190000,286.249,286.249,286.249,286.249,524,0
IYH.US,5,20211129,190500,286.21,286.21,286.21,286.21,350,0
IYH.US,5,20211129,191000,286.17,286.17,286.165,286.165,482,0
IYH.US,5,20211129,194500,285.759,285.759,285.759,285.759,150,0
IYH.US,5,20211129,195500,285.845,285.94,285.845,285.94,2420,0
IYH.US,5,20211129,200000,285.795,285.86,285.795,285.86,321,0
IYH.US,5,20211129,201500,285.86,285.86,285.86,285.86,154,0
IYH.US,5,20211129,204000,285.207,285.207,285.207,285.207,192,0
IYH.US,5,20211129,205000,285.225,285.225,285.225,285.225,500,0
IYH.US,5,20211129,211000,285.07,285.07,285.07,285.07,100,0
IYH.US,5,20211129,212000,284.8,284.8,284.8,284.8,125,0
IYH.US,5,20211129,212500,285.12,285.12,285.12,285.12,332,0
IYH.US,5,20211129,213000,284.801,284.85,284.801,284.85,300,0
IYH.US,5,20211129,213500,284.97,284.97,284.97,284.97,147,0
IYH.US,5,20211129,215000,284.31,284.31,284.31,284.31,100,0
IYH.US,5,20211129,215500,284.37,284.37,283.83,283.83,6882,0
IYH.US,5,20211130,153000,282.52,282.52,282.52,282.52,439,0
IYH.US,5,20211130,153500,281.315,281.315,281.27,281.27,205,0
IYH.US,5,20211130,154000,281.69,282.37,281.41,281.41,1695,0
IYH.US,5,20211130,154500,281.87,282.08,281.68,281.95,3500,0
IYH.US,5,20211130,155000,281.637,281.78,281.637,281.78,1974,0
IYH.US,5,20211130,155500,282.59,282.59,282.53,282.53,212,0
IYH.US,5,20211130,160000,282.47,282.48,282.38,282.38,15049,0
IYH.US,5,20211130,162000,283.34,283.34,283.34,283.34,200,0
IYH.US,5,20211130,165000,281.63,281.63,281.63,281.63,100,0
IYH.US,5,20211130,171000,281.2,281.2,281.2,281.2,217,0
IYH.US,5,20211130,172000,281.06,281.06,281.06,281.06,100,0
IYH.US,5,20211130,174000,280.362,280.362,280.362,280.362,171,0
IYH.US,5,20211130,175000,280.077,280.2,280.076,280.076,553,0
IYH.US,5,20211130,175500,280.23,280.517,280.23,280.517,2467,0
IYH.US,5,20211130,180000,279.98,279.98,279.98,279.98,700,0
IYH.US,5,20211130,181000,280.39,280.39,280.39,280.39,500,0
IYH.US,5,20211130,182000,280.89,280.89,280.89,280.89,200,0
IYH.US,5,20211130,183500,280.815,280.817,280.815,280.817,228,0
IYH.US,5,20211130,185000,280.58,280.72,280.54,280.699,3908,0
IYH.US,5,20211130,185500,280.53,280.53,280.53,280.53,400,0
IYH.US,5,20211130,190000,280.877,280.966,280.877,280.966,1375,0
IYH.US,5,20211130,192000,280.718,281.022,280.718,281.022,1611,0
IYH.US,5,20211130,192500,281.155,281.155,281.155,281.155,100,0
IYH.US,5,20211130,193000,281.39,281.39,281.39,281.39,199,0
IYH.US,5,20211130,194000,281.134,281.134,281.134,281.134,100,0
IYH.US,5,20211130,194500,281.26,281.26,281.26,281.26,200,0
IYH.US,5,20211130,195500,281.69,281.69,281.69,281.69,230,0
IYH.US,5,20211130,201500,281.295,281.295,281.04,281.04,330,0
IYH.US,5,20211130,202500,280.95,280.95,280.95,280.95,100,0
IYH.US,5,20211130,203000,281.039,281.039,281.039,281.039,156,0
IYH.US,5,20211130,205000,280.09,280.09,280.09,280.09,158,0
IYH.US,5,20211130,205500,280.02,280.15,280.02,280.15,235,0
IYH.US,5,20211130,211000,280.25,280.25,280.25,280.25,200,0
IYH.US,5,20211130,212000,279.98,279.98,279.98,279.98,100,0
IYH.US,5,20211130,214500,278.96,278.96,278.96,278.96,179,0
IYH.US,5,20211130,215000,278.67,278.73,278.65,278.7,2627,0
IYH.US,5,20211130,215500,279.07,279.15,278.49,278.49,5929,0
IYH.US,5,20211201,153000,280.22,280.22,279.84,279.84,1046,0
IYH.US,5,20211201,154000,280.04,280.04,279.83,279.83,460,0
IYH.US,5,20211201,155000,279.73,279.81,279.73,279.81,200,0
IYH.US,5,20211201,155500,279.88,279.88,279.62,279.62,200,0
IYH.US,5,20211201,160000,279.24,280.26,279.11,280.14,1600,0
IYH.US,5,20211201,161000,280.76,280.76,280.76,280.76,100,0
IYH.US,5,20211201,162500,281.37,281.37,281.37,281.37,100,0
IYH.US,5,20211201,163500,281.1,281.1,281.1,281.1,100,0
IYH.US,5,20211201,164000,280.685,280.685,280.685,280.685,100,0
IYH.US,5,20211201,165000,281.441,281.655,281.4,281.655,696,0
IYH.US,5,20211201,165500,282.03,282.03,281.905,281.905,550,0
IYH.US,5,20211201,170000,282,282.25,282,282.12,700,0
IYH.US,5,20211201,171000,282.36,282.36,282.36,282.36,345,0
IYH.US,5,20211201,171500,282.4,282.856,282.4,282.856,234,0
IYH.US,5,20211201,172000,283.23,283.23,283.23,283.23,127,0
IYH.US,5,20211201,172500,283.16,283.16,283.16,283.16,100,0
IYH.US,5,20211201,173500,282.895,282.91,282.895,282.91,601,0
IYH.US,5,20211201,174000,282.99,282.99,282.99,282.99,100,0
IYH.US,5,20211201,174500,283.03,283.03,283.03,283.03,215,0
IYH.US,5,20211201,175000,283.248,283.248,283.248,283.248,112,0
IYH.US,5,20211201,175500,283.05,283.05,282.958,282.958,462,0
IYH.US,5,20211201,180000,282.915,282.97,282.915,282.97,823,0
IYH.US,5,20211201,181000,283.31,283.31,283.31,283.31,100,0
IYH.US,5,20211201,181500,283.46,283.46,283.39,283.39,1271,0
IYH.US,5,20211201,182000,283.26,283.26,283.24,283.26,434,0
IYH.US,5,20211201,182500,283.16,283.16,283.02,283.02,400,0
IYH.US,5,20211201,183500,283.208,283.208,283.208,283.208,400,0
IYH.US,5,20211201,185000,282.74,283,282.74,282.82,625,0
IYH.US,5,20211201,185500,282.49,282.499,282.36,282.36,433,0
IYH.US,5,20211201,190500,282.58,282.58,282.03,282.03,5462,0
IYH.US,5,20211201,191500,282.1,282.1,282.1,282.1,100,0
IYH.US,5,20211201,192000,281.917,281.917,281.917,281.917,261,0
IYH.US,5,20211201,192500,282.18,282.19,282.095,282.095,800,0
IYH.US,5,20211201,193000,282.185,282.185,281.897,281.897,774,0
IYH.US,5,20211201,193500,281.79,281.8,281.71,281.8,5374,0
IYH.US,5,20211201,194000,281.78,281.78,281.66,281.66,379,0
IYH.US,5,20211201,194500,281.31,281.31,280.99,280.99,778,0
IYH.US,5,20211201,195000,281.07,281.342,281.07,281.342,204,0
IYH.US,5,20211201,195500,281.671,281.671,281.671,281.671,1069,0
IYH.US,5,20211201,200000,281.73,281.81,281.73,281.81,223,0
IYH.US,5,20211201,201000,281.45,281.45,281.23,281.44,1700,0
IYH.US,5,20211201,202000,281.36,281.36,281.36,281.36,200,0
IYH.US,5,20211201,203500,281.68,281.68,281.53,281.53,200,0
IYH.US,5,20211201,204500,281.71,281.71,281.71,281.71,100,0
IYH.US,5,20211201,205000,281.687,281.687,281.687,281.687,116,0
IYH.US,5,20211201,205500,281.53,281.53,281.53,281.53,249,0
IYH.US,5,20211201,210000,281.507,281.507,281.507,281.507,710,0
IYH.US,5,20211201,210500,280.98,281.055,280.98,280.98,1060,0
IYH.US,5,20211201,211500,280.885,280.885,280.51,280.51,1331,0
IYH.US,5,20211201,213000,279.26,279.26,279.1,279.13,300,0
IYH.US,5,20211201,214000,279.6,279.6,279.6,279.6,100,0
IYH.US,5,20211201,215000,279.09,279.09,278.682,278.682,378,0
IYH.US,5,20211201,215500,278.74,278.74,277.81,277.95,9262,0
IYH.US,5,20211202,153000,277.16,277.27,277.16,277.27,3581,0
IYH.US,5,20211202,154500,279.325,279.53,279.325,279.37,1937,0
IYH.US,5,20211202,155000,279.33,279.33,279.33,279.33,100,0
IYH.US,5,20211202,155500,279.47,279.67,279.47,279.67,200,0
IYH.US,5,20211202,161500,278.85,278.85,278.85,278.85,100,0
IYH.US,5,20211202,162000,279.105,279.105,279.09,279.09,325,0
IYH.US,5,20211202,162500,279.13,279.13,279.07,279.07,960,0
IYH.US,5,20211202,171500,279.04,279.32,279.04,279.32,221353,0
IYH.US,5,20211202,172000,278.925,278.925,278.925,278.925,100,0
IYH.US,5,20211202,173000,277.74,277.74,277.74,277.74,100,0
IYH.US,5,20211202,173500,277.72,277.72,277.72,277.72,100,0
IYH.US,5,20211202,174000,278.06,278.06,278.06,278.06,100,0
IYH.US,5,20211202,174500,277.77,277.77,277.77,277.77,100,0
IYH.US,5,20211202,175000,278.38,278.4,278.38,278.4,200,0
IYH.US,5,20211202,175500,278.47,278.47,278.47,278.47,200,0
IYH.US,5,20211202,180000,278.91,278.91,278.88,278.88,200,0
IYH.US,5,20211202,181000,278.89,278.98,278.85,278.98,400,0
IYH.US,5,20211202,181500,278.9,278.96,278.9,278.96,600,0
IYH.US,5,20211202,182000,279.085,279.105,279.01,279.01,507,0
IYH.US,5,20211202,183000,279.06,279.06,278.82,278.82,312,0
IYH.US,5,20211202,183500,278.94,278.94,278.835,278.835,2655,0
IYH.US,5,20211202,184000,278.94,278.94,278.94,278.94,100,0
IYH.US,5,20211202,184500,278.95,279.09,278.935,279.05,13600,0
IYH.US,5,20211202,185000,279.21,279.21,279.21,279.21,100,0
IYH.US,5,20211202,185500,279.068,279.068,279.068,279.068,453,0
IYH.US,5,20211202,190000,278.9,279.087,278.79,278.79,900,0
IYH.US,5,20211202,191000,278.92,278.92,278.92,278.92,100,0
IYH.US,5,20211202,191500,279.19,279.19,278.99,278.99,300,0
IYH.US,5,20211202,192500,278.66,278.66,278.66,278.66,100,0
IYH.US,5,20211202,193500,279.05,279.05,279.05,279.05,100,0
IYH.US,5,20211202,194000,279.3,279.3,279.145,279.145,2400,0
IYH.US,5,20211202,194500,279.1,279.1,278.755,278.755,200,0
IYH.US,5,20211202,195500,279.27,279.27,279.23,279.23,1600,0
IYH.US,5,20211202,200000,279.35,279.35,278.91,278.91,204,0
IYH.US,5,20211202,200500,278.92,278.92,278.92,278.92,200,0
IYH.US,5,20211202,201000,278.91,278.91,278.791,278.791,360,0
IYH.US,5,20211202,201500,278.91,278.91,278.91,278.91,400,0
IYH.US,5,20211202,202000,279.13,279.21,279.13,279.21,815,0
IYH.US,5,20211202,203000,279.342,279.342,279.342,279.342,120,0
IYH.US,5,20211202,203500,279.13,279.13,279.13,279.13,100,0
IYH.US,5,20211202,204000,279.34,279.34,279.23,279.23,200,0
IYH.US,5,20211202,204500,279.26,279.26,279.26,279.26,100,0
IYH.US,5,20211202,205000,278.94,278.94,278.93,278.93,300,0
IYH.US,5,20211202,205500,278.96,279.17,278.96,279.112,350,0
IYH.US,5,20211202,210000,279.35,279.35,279.1,279.1,941,0
IYH.US,5,20211202,210500,279.37,279.39,279.37,279.39,200,0
IYH.US,5,20211202,211500,279,279,279,279,100,0
IYH.US,5,20211202,212000,279.13,279.13,279.01,279.01,600,0
IYH.US,5,20211202,212500,279.212,279.212,279.212,279.212,200,0
IYH.US,5,20211202,213000,279.605,279.605,279.605,279.605,100,0
IYH.US,5,20211202,213500,279.36,279.466,279.32,279.43,644,0
IYH.US,5,20211202,214000,279.397,279.81,279.397,279.81,627,0
IYH.US,5,20211202,215000,279.45,279.58,278.95,278.985,726,0
IYH.US,5,20211202,215500,278.44,278.89,278.44,278.84,2398,0
IYH.US,5,20211203,153000,280.54,280.54,280.54,280.54,638,0
IYH.US,5,20211203,155500,279.11,279.11,279.11,279.11,100,0
IYH.US,5,20211203,160000,278.586,278.586,278.43,278.43,205,0
IYH.US,5,20211203,161000,278.18,278.18,278.18,278.18,100,0
IYH.US,5,20211203,162500,278.21,278.64,278.21,278.64,268,0
IYH.US,5,20211203,163000,278.5,278.7,278.43,278.43,1100,0
IYH.US,5,20211203,163500,278.3,278.3,278.3,278.3,100,0
IYH.US,5,20211203,164500,277.827,277.86,277.646,277.86,359,0
IYH.US,5,20211203,165000,277.66,277.66,277.66,277.66,100,0
IYH.US,5,20211203,165500,277.44,277.44,277.44,277.44,100,0
IYH.US,5,20211203,170000,277.285,277.285,277.141,277.22,300,0
IYH.US,5,20211203,170500,276.65,276.65,276.65,276.65,743,0
IYH.US,5,20211203,171000,277.06,277.06,277.06,277.06,330,0
IYH.US,5,20211203,171500,277.47,277.47,277.025,277.025,393,0
IYH.US,5,20211203,173000,278.06,278.06,278.06,278.06,100,0
IYH.US,5,20211203,175000,277.35,277.35,277.35,277.35,100,0
IYH.US,5,20211203,175500,277.38,277.38,277.38,277.38,100,0
IYH.US,5,20211203,180500,276.659,276.659,276.659,276.659,100,0
IYH.US,5,20211203,181000,277.11,277.11,276.97,277.01,600,0
IYH.US,5,20211203,181500,277.15,277.15,277.15,277.15,375,0
IYH.US,5,20211203,182500,277.349,277.4,277.349,277.4,275,0
IYH.US,5,20211203,184000,277.61,277.72,277.61,277.72,300,0
IYH.US,5,20211203,185000,277.33,277.47,277.33,277.33,360,0
IYH.US,5,20211203,190500,277.31,277.68,277.31,277.68,200,0
IYH.US,5,20211203,192000,278.53,278.53,278.49,278.49,392,0
IYH.US,5,20211203,193000,278.23,278.23,278.198,278.198,235,0
IYH.US,5,20211203,193500,277.94,277.94,277.94,277.94,100,0
IYH.US,5,20211203,194000,278.07,278.07,278.07,278.07,100,0
IYH.US,5,20211203,194500,277.99,277.99,277.95,277.95,468,0
IYH.US,5,20211203,195000,277.81,277.814,277.81,277.814,204,0
IYH.US,5,20211203,195500,277.65,277.875,277.65,277.875,210,0
IYH.US,5,20211203,200000,277.58,277.58,277.58,277.58,100,0
IYH.US,5,20211203,200500,277.58,277.61,277.58,277.61,300,0
IYH.US,5,20211203,201000,277.83,277.91,277.83,277.91,300,0
IYH.US,5,20211203,202000,277.44,277.44,277.44,277.44,100,0
IYH.US,5,20211203,202500,277.892,277.892,277.892,277.892,116,0
IYH.US,5,20211203,203000,277.312,277.312,277.312,277.312,381,0
IYH.US,5,20211203,203500,277.57,277.57,277.57,277.57,100,0
IYH.US,5,20211203,204000,277.595,277.595,277.595,277.595,100,0
IYH.US,5,20211203,204500,277.86,277.9,277.78,277.78,830,0
IYH.US,5,20211203,205000,277.65,277.66,277.65,277.66,200,0
IYH.US,5,20211203,205500,277.45,277.474,277.45,277.474,340,0
IYH.US,5,20211203,210000,277.04,277.24,276.9,277.09,797,0
IYH.US,5,20211203,210500,277.165,277.226,277.1,277.226,400,0
IYH.US,5,20211203,211000,277.26,277.26,277.26,277.26,281,0
IYH.US,5,20211203,211500,277.486,277.486,277.486,277.486,200,0
IYH.US,5,20211203,212000,277.28,277.53,277.28,277.53,407,0
IYH.US,5,20211203,212500,277.94,277.94,277.94,277.94,300,0
IYH.US,5,20211203,213000,277.96,278.19,277.96,278.162,743,0
IYH.US,5,20211203,213500,278.32,278.32,277.854,277.854,250,0
IYH.US,5,20211203,214000,277.9,277.9,277.8,277.8,200,0
IYH.US,5,20211203,214500,277.41,277.41,277.41,277.41,100,0
IYH.US,5,20211203,215000,277.63,278.57,277.63,278.31,396086,0
IYH.US,5,20211203,215500,278.63,278.98,278.63,278.84,1572,0
IYH.US,5,20211206,153000,279.16,279.16,279.16,279.16,391,0
IYH.US,5,20211206,153500,279.125,279.125,278.922,278.922,836,0
IYH.US,5,20211206,154500,280.04,280.04,280.04,280.04,100,0
IYH.US,5,20211206,155000,279.935,279.935,279.935,279.935,100,0
IYH.US,5,20211206,160000,280.243,280.243,279.62,279.62,1017,0
IYH.US,5,20211206,161000,280.257,280.445,280.257,280.445,606,0
IYH.US,5,20211206,161500,281.033,281.033,281.033,281.033,127,0
IYH.US,5,20211206,163500,280.77,280.77,280.77,280.77,200,0
IYH.US,5,20211206,165500,280.535,280.685,280.45,280.685,344,0
IYH.US,5,20211206,170000,280.61,280.61,280.405,280.405,777,0
IYH.US,5,20211206,171500,279.64,279.64,279.64,279.64,100,0
IYH.US,5,20211206,172000,279.346,279.346,279.346,279.346,357,0
IYH.US,5,20211206,173500,279.19,279.19,279.19,279.19,100,0
IYH.US,5,20211206,175000,278.599,278.78,278.599,278.78,600,0
IYH.US,5,20211206,175500,278.66,278.66,278.66,278.66,100,0
IYH.US,5,20211206,180500,278.958,278.958,278.958,278.958,180,0
IYH.US,5,20211206,181000,279.065,279.065,279.065,279.065,100,0
IYH.US,5,20211206,182000,279.355,279.355,279.34,279.34,241,0
IYH.US,5,20211206,183000,279.56,279.63,279.54,279.55,1600,0
IYH.US,5,20211206,184000,279.77,279.84,279.595,279.595,8126,0
IYH.US,5,20211206,184500,279.83,279.83,279.83,279.83,100,0
IYH.US,5,20211206,185000,279.985,279.985,279.94,279.94,200,0
IYH.US,5,20211206,185500,280.134,280.134,280.134,280.134,100,0
IYH.US,5,20211206,190500,280.44,280.49,280.44,280.49,300,0
IYH.US,5,20211206,191000,280.37,280.37,280.23,280.25,500,0
IYH.US,5,20211206,191500,280.15,280.34,280.15,280.32,700,0
IYH.US,5,20211206,192500,280.63,280.63,280.61,280.63,550,0
IYH.US,5,20211206,193000,280.73,280.73,280.73,280.73,100,0
IYH.US,5,20211206,194000,280.42,280.42,280.42,280.42,100,0
IYH.US,5,20211206,194500,280.33,280.33,280.33,280.33,300,0
IYH.US,5,20211206,195000,280.27,280.31,280.26,280.27,400,0
IYH.US,5,20211206,195500,280.305,280.305,280.17,280.17,200,0
IYH.US,5,20211206,200000,280.33,280.37,280.33,280.37,300,0
IYH.US,5,20211206,200500,280.14,280.14,280.14,280.14,100,0
IYH.US,5,20211206,201000,280.3,280.41,280.3,280.34,830,0
IYH.US,5,20211206,202000,280.45,280.45,280.45,280.45,200,0
IYH.US,5,20211206,202500,280.38,280.385,280.37,280.37,457,0
IYH.US,5,20211206,203500,280.45,280.49,280.424,280.43,1438,0
IYH.US,5,20211206,204000,280.12,280.13,280.12,280.13,200,0
IYH.US,5,20211206,204500,280.09,280.09,280,280,502,0
IYH.US,5,20211206,205000,279.76,279.76,279.76,279.76,100,0
IYH.US,5,20211206,205500,279.91,279.96,279.91,279.96,200,0
IYH.US,5,20211206,210000,280,280,279.89,279.89,300,0
IYH.US,5,20211206,211000,279.91,280.085,279.91,280.085,200,0
IYH.US,5,20211206,212000,280.3,280.3,280.3,280.3,100,0
IYH.US,5,20211206,212500,280.12,280.12,279.922,280.01,700,0
IYH.US,5,20211206,213000,280.18,280.26,280.18,280.238,789,0
IYH.US,5,20211206,213500,280.12,280.12,280.12,280.12,200,0
IYH.US,5,20211206,214000,280.13,280.4,280.13,280.4,500,0
IYH.US,5,20211206,214500,279.99,280.095,279.9,280.095,2200,0
IYH.US,5,20211206,215000,280.2,280.48,280.2,280.44,400,0
IYH.US,5,20211206,215500,280.35,280.39,279.95,280.15,3651,0
IYH.US,5,20211207,153000,282.41,282.41,282.29,282.29,617,0
IYH.US,5,20211207,153500,282.55,282.861,282.55,282.861,316,0
IYH.US,5,20211207,154000,283.48,283.62,283.48,283.62,300,0
IYH.US,5,20211207,155500,284.03,284.05,284.03,284.05,450,0
IYH.US,5,20211207,160000,284.382,284.382,284.382,284.382,150,0
IYH.US,5,20211207,160500,284.07,284.19,284.01,284.01,300,0
IYH.US,5,20211207,162500,284.74,284.74,284.56,284.56,904,0
IYH.US,5,20211207,163000,284.375,284.375,284.375,284.375,239,0
IYH.US,5,20211207,165000,284.64,284.64,284.64,284.64,100,0
IYH.US,5,20211207,170000,284.52,284.65,284.52,284.65,200,0
IYH.US,5,20211207,171000,284.58,284.58,284.58,284.58,100,0
IYH.US,5,20211207,172500,284.51,284.51,284.48,284.48,800,0
IYH.US,5,20211207,173000,284.45,284.62,284.44,284.62,400,0
IYH.US,5,20211207,173500,284.423,284.495,284.42,284.495,766,0
IYH.US,5,20211207,174000,284.294,284.294,284.18,284.18,240,0
IYH.US,5,20211207,174500,284.035,284.1,284.035,284.06,2700,0
IYH.US,5,20211207,180500,284.227,284.227,284.227,284.227,100,0
IYH.US,5,20211207,183000,283.9,283.9,283.9,283.9,100,0
IYH.US,5,20211207,183500,283.96,283.96,283.96,283.96,100,0
IYH.US,5,20211207,184000,283.863,283.91,283.84,283.91,1913,0
IYH.US,5,20211207,184500,283.98,283.99,283.98,283.99,500,0
IYH.US,5,20211207,190000,284.11,284.11,284.11,284.11,100,0
IYH.US,5,20211207,191000,283.766,283.766,283.766,283.766,100,0
IYH.US,5,20211207,192000,283.92,283.94,283.92,283.94,1608,0
IYH.US,5,20211207,200500,283.54,283.54,283.54,283.54,100,0
IYH.US,5,20211207,203500,283.92,283.92,283.92,283.92,200,0
IYH.US,5,20211207,204500,283.922,283.922,283.922,283.922,312,0
IYH.US,5,20211207,205000,284.031,284.031,284.031,284.031,350,0
IYH.US,5,20211207,205500,284.1,284.2,284.1,284.2,324,0
IYH.US,5,20211207,210000,284.24,284.259,284.24,284.259,304,0
IYH.US,5,20211207,210500,284.445,284.445,284.445,284.445,128,0
IYH.US,5,20211207,211500,284.309,284.309,284.309,284.309,265,0
IYH.US,5,20211207,212000,284.24,284.24,284.24,284.24,100,0
IYH.US,5,20211207,212500,284.169,284.169,284.169,284.169,357,0
IYH.US,5,20211207,213000,284.04,284.04,284.04,284.04,100,0
IYH.US,5,20211207,213500,284,284,284,284,160,0
IYH.US,5,20211207,214000,284,284.098,284,284.098,262,0
IYH.US,5,20211207,214500,283.87,283.87,283.63,283.72,600,0
IYH.US,5,20211207,215500,284,284.45,284,284.45,1348,0
IYH.US,5,20211208,153000,285.12,285.59,285.12,285.59,673,0
IYH.US,5,20211208,154500,284.66,284.68,284.45,284.68,12100,0
IYH.US,5,20211208,155000,284.52,284.52,284.52,284.52,100,0
IYH.US,5,20211208,155500,284.12,284.14,283.982,283.982,390,0
IYH.US,5,20211208,161000,284.2,284.2,284.13,284.13,200,0
IYH.US,5,20211208,161500,284.142,284.142,284.142,284.142,130,0
IYH.US,5,20211208,162500,284.65,284.743,284.65,284.743,205,0
IYH.US,5,20211208,163000,284.505,284.72,284.505,284.72,300,0
IYH.US,5,20211208,163500,284.49,284.49,284.49,284.49,100,0
IYH.US,5,20211208,170000,284.19,284.19,284.19,284.19,100,0
IYH.US,5,20211208,170500,284.48,284.48,284.48,284.48,100,0
IYH.US,5,20211208,171500,284.36,284.36,284.36,284.36,100,0
IYH.US,5,20211208,172500,284.775,284.775,284.775,284.775,100,0
IYH.US,5,20211208,173500,284.46,284.68,284.46,284.68,300,0
IYH.US,5,20211208,175000,285.15,285.15,285.15,285.15,100,0
IYH.US,5,20211208,175500,285.38,285.38,285.319,285.319,297,0
IYH.US,5,20211208,180000,285.365,285.365,285.29,285.29,2300,0
IYH.US,5,20211208,180500,285.33,285.48,285.33,285.48,200,0
IYH.US,5,20211208,181000,285.44,285.44,285.44,285.44,100,0
IYH.US,5,20211208,182000,285.37,285.37,285.37,285.37,100,0
IYH.US,5,20211208,183000,285.23,285.23,285.13,285.22,500,0
IYH.US,5,20211208,183500,285.32,285.369,285.32,285.369,400,0
IYH.US,5,20211208,185500,285.65,285.65,285.65,285.65,100,0
IYH.US,5,20211208,190000,285.69,285.72,285.65,285.72,500,0
IYH.US,5,20211208,191000,285.91,285.91,285.71,285.71,1268,0
IYH.US,5,20211208,191500,285.76,286,285.76,286,466,0
IYH.US,5,20211208,192000,286,286,285.99,285.99,200,0
IYH.US,5,20211208,192500,286.048,286.048,285.98,285.98,317,0
IYH.US,5,20211208,193000,285.92,285.98,285.75,285.87,600,0
IYH.US,5,20211208,193500,285.89,285.95,285.89,285.95,300,0
IYH.US,5,20211208,194000,285.91,285.94,285.89,285.89,500,0
IYH.US,5,20211208,194500,285.89,285.94,285.82,285.89,713,0
IYH.US,5,20211208,195000,285.93,285.96,285.89,285.96,500,0
IYH.US,5,20211208,195500,285.98,286.07,285.96,285.96,400,0
IYH.US,5,20211208,200000,285.88,286.08,285.88,286.08,400,0
IYH.US,5,20211208,200500,286.11,286.11,286.01,286.055,400,0
IYH.US,5,20211208,201000,286.02,286.045,285.89,285.89,700,0
IYH.US,5,20211208,201500,286.02,286.047,285.83,286.047,663,0
IYH.US,5,20211208,202000,285.9,286.04,285.9,285.97,700,0
IYH.US,5,20211208,202500,286.06,286.07,286.02,286.02,400,0
IYH.US,5,20211208,203000,286.18,286.18,286.125,286.125,300,0
IYH.US,5,20211208,203500,286.19,286.19,286.04,286.18,660,0
IYH.US,5,20211208,204000,286.25,286.25,286.04,286.04,982,0
IYH.US,5,20211208,204500,286.08,286.2,286.08,286.19,757,0
IYH.US,5,20211208,205000,286.18,286.32,286.18,286.255,800,0
IYH.US,5,20211208,205500,286.255,286.52,286.255,286.43,700,0
IYH.US,5,20211208,210000,286.5,286.5,286.44,286.44,500,0
IYH.US,5,20211208,210500,286.4,286.4,286.4,286.4,100,0
IYH.US,5,20211208,211500,286.343,286.419,286.343,286.419,448,0
IYH.US,5,20211208,212000,286.31,286.51,286.31,286.51,500,0
IYH.US,5,20211208,212500,286.59,286.59,286.59,286.59,100,0
IYH.US,5,20211208,213500,286.42,286.42,286.34,286.34,374,0
IYH.US,5,20211208,214500,286.477,286.477,286.477,286.477,574,0
IYH.US,5,20211208,215500,286.84,286.84,286.56,286.56,726,0
IYH.US,5,20211209,153000,286.71,286.71,286.586,286.586,1541,0
IYH.US,5,20211209,160500,286.87,286.87,286.87,286.87,108,0
IYH.US,5,20211209,161500,286.97,287.09,286.96,286.97,929,0
IYH.US,5,20211209,162000,287.06,287.06,287.06,287.06,100,0
IYH.US,5,20211209,163500,286.95,287.087,286.95,287.087,220,0
IYH.US,5,20211209,170000,287.56,287.56,287.56,287.56,140,0
IYH.US,5,20211209,170500,287.54,287.54,287.54,287.54,100,0
IYH.US,5,20211209,171000,287.295,287.295,287.295,287.295,104,0
IYH.US,5,20211209,172000,287.304,287.304,287.304,287.304,115,0
IYH.US,5,20211209,174500,287.47,287.47,287.47,287.47,108,0
IYH.US,5,20211209,182000,287.15,287.15,287.14,287.14,200,0
IYH.US,5,20211209,183000,286.731,286.807,286.731,286.807,519,0
IYH.US,5,20211209,183500,286.66,286.66,286.66,286.66,100,0
IYH.US,5,20211209,184000,286.967,286.967,286.967,286.967,312,0
IYH.US,5,20211209,193500,287.12,287.12,287.12,287.12,100,0
IYH.US,5,20211209,194500,287.251,287.251,287.251,287.251,131,0
IYH.US,5,20211209,195000,286.89,286.89,286.89,286.89,100,0
IYH.US,5,20211209,195500,287.004,287.004,287.004,287.004,100,0
IYH.US,5,20211209,200500,287.158,287.158,287.158,287.158,100,0
IYH.US,5,20211209,201500,287.179,287.179,287.179,287.179,158,0
IYH.US,5,20211209,202500,287.105,287.105,287.105,287.105,250,0
IYH.US,5,20211209,203000,287.009,287.009,287.009,287.009,570,0
IYH.US,5,20211209,204000,287.09,287.13,287.09,287.13,218,0
IYH.US,5,20211209,204500,287.04,287.04,287.04,287.04,156,0
IYH.US,5,20211209,211000,286.56,286.56,286.56,286.56,1200,0
IYH.US,5,20211209,211500,286.718,286.718,286.718,286.718,100,0
IYH.US,5,20211209,214500,286.33,286.33,286.33,286.33,1184,0
IYH.US,5,20211209,215000,286.663,286.663,286.663,286.663,106,0
IYH.US,5,20211209,215500,286.29,286.35,286.29,286.35,609,0
IYH.US,5,20211210,153000,285.9,286.43,285.9,286.43,1264,0
IYH.US,5,20211210,153500,286.38,286.844,286.38,286.844,450,0
IYH.US,5,20211210,155000,287.445,287.445,287.445,287.445,130,0
IYH.US,5,20211210,160500,286.97,286.97,286.845,286.845,260,0
IYH.US,5,20211210,161000,286.66,286.66,286.66,286.66,100,0
IYH.US,5,20211210,162000,286.512,286.512,286.512,286.512,250,0
IYH.US,5,20211210,163000,286.149,286.149,286.101,286.101,227,0
IYH.US,5,20211210,165500,286.18,286.18,286.18,286.18,100,0
IYH.US,5,20211210,172500,286.299,286.299,286.299,286.299,113,0
IYH.US,5,20211210,180500,285.95,285.95,285.95,285.95,100,0
IYH.US,5,20211210,181500,285.815,285.815,285.815,285.815,260,0
IYH.US,5,20211210,182500,285.75,285.75,285.75,285.75,100,0
IYH.US,5,20211210,183000,285.788,285.788,285.787,285.787,275,0
IYH.US,5,20211210,183500,285.524,285.524,285.524,285.524,125,0
IYH.US,5,20211210,191000,286.165,286.165,286.165,286.165,120,0
IYH.US,5,20211210,194500,286.4,286.4,286.4,286.4,220,0
IYH.US,5,20211210,201000,286.316,286.316,286.316,286.316,218,0
IYH.US,5,20211210,202500,286.36,286.36,286.36,286.36,510,0
IYH.US,5,20211210,204000,286.54,286.54,286.54,286.54,207,0
IYH.US,5,20211210,212500,286.4,286.4,286.4,286.4,150,0
IYH.US,5,20211210,214000,286.498,286.498,286.498,286.498,162,0
IYH.US,5,20211210,215000,286.797,286.81,286.797,286.81,499,0
IYH.US,5,20211210,215500,286.6,286.89,286.6,286.89,1050,0
IYH.US,5,20211213,153000,285.84,285.84,285.84,285.84,699,0
IYH.US,5,20211213,153500,287.24,287.24,287.24,287.24,100,0
IYH.US,5,20211213,154000,287,287,287,287,100,0
IYH.US,5,20211213,155000,287.21,287.21,287.21,287.21,100,0
IYH.US,5,20211213,160000,287.182,287.182,287.182,287.182,400,0
IYH.US,5,20211213,161000,287.66,287.66,287.66,287.66,100,0
IYH.US,5,20211213,161500,288,288,288,288,100,0
IYH.US,5,20211213,163000,287.54,287.54,287.54,287.54,100,0
IYH.US,5,20211213,165500,287.86,287.86,287.86,287.86,225,0
IYH.US,5,20211213,170000,287.637,287.637,287.637,287.637,138,0
IYH.US,5,20211213,172500,288.49,288.49,288.49,288.49,100,0
IYH.US,5,20211213,173000,288.455,288.455,288.455,288.455,330,0
IYH.US,5,20211213,173500,288.75,288.75,288.75,288.75,100,0
IYH.US,5,20211213,175000,288.51,288.51,288.51,288.51,100,0
IYH.US,5,20211213,180000,288.59,288.59,288.59,288.59,100,0
IYH.US,5,20211213,182500,288.24,288.265,288.24,288.265,200,0
IYH.US,5,20211213,183500,288.325,288.325,288.304,288.304,250,0
IYH.US,5,20211213,184500,288.41,288.41,288.41,288.41,350,0
IYH.US,5,20211213,185500,288.105,288.105,288.105,288.105,793,0
IYH.US,5,20211213,192000,288.64,288.64,288.64,288.64,100,0
IYH.US,5,20211213,192500,288.457,288.457,288.457,288.457,212,0
IYH.US,5,20211213,193500,288.69,288.69,288.69,288.69,100,0
IYH.US,5,20211213,203000,288.749,288.749,288.749,288.749,157,0
IYH.US,5,20211213,203500,288.69,288.69,288.69,288.69,100,0
IYH.US,5,20211213,204000,288.801,288.801,288.801,288.801,400,0
IYH.US,5,20211213,205000,288.944,288.944,288.944,288.944,132,0
IYH.US,5,20211213,205500,289.005,289.005,289.005,289.005,123,0
IYH.US,5,20211213,210500,289.006,289.006,289.006,289.006,1199,0
IYH.US,5,20211213,212000,289.052,289.11,289.052,289.11,305,0
IYH.US,5,20211213,213000,289.21,289.21,289.08,289.21,1956,0
IYH.US,5,20211213,213500,289.451,289.58,289.451,289.58,630,0
IYH.US,5,20211213,215000,289.354,289.354,289.223,289.223,450,0
IYH.US,5,20211213,215500,289.07,289.08,288.82,288.82,1674,0
IYH.US,5,20211214,153000,288.18,288.18,288.18,288.18,721,0
IYH.US,5,20211214,154500,288.76,288.76,288.76,288.76,100,0
IYH.US,5,20211214,155000,288.257,288.257,288.257,288.257,100,0
IYH.US,5,20211214,155500,288.48,288.48,288.48,288.48,100,0
IYH.US,5,20211214,160000,287.575,287.575,287.575,287.575,100,0
IYH.US,5,20211214,160500,287.7,287.7,287.7,287.7,200,0
IYH.US,5,20211214,161000,287.14,287.14,287.14,287.14,168,0
IYH.US,5,20211214,162000,287.25,287.29,287.225,287.29,500,0
IYH.US,5,20211214,163000,287.055,287.348,287.055,287.348,1232,0
IYH.US,5,20211214,163500,287.53,287.53,287.53,287.53,185,0
IYH.US,5,20211214,164500,287.18,287.18,287.18,287.18,222,0
IYH.US,5,20211214,170000,286.6,286.6,286.563,286.563,205,0
IYH.US,5,20211214,170500,287.31,287.31,287.31,287.31,100,0
IYH.US,5,20211214,172000,287.29,287.29,287.29,287.29,100,0
IYH.US,5,20211214,172500,287.594,287.594,287.594,287.594,125,0
IYH.US,5,20211214,174000,287.19,287.195,287.13,287.13,500,0
IYH.US,5,20211214,174500,287.06,287.06,286.99,286.99,200,0
IYH.US,5,20211214,180500,287.04,287.04,287.04,287.04,200,0
IYH.US,5,20211214,183000,287.42,287.42,287.41,287.41,300,0
IYH.US,5,20211214,190500,286.75,286.84,286.75,286.84,200,0
IYH.US,5,20211214,191500,286.829,286.829,286.829,286.829,700,0
IYH.US,5,20211214,192000,286.9,286.9,286.9,286.9,100,0
IYH.US,5,20211214,193000,287.22,287.23,287.22,287.23,300,0
IYH.US,5,20211214,194000,286.73,286.73,286.7,286.7,200,0
IYH.US,5,20211214,194500,286.7,286.7,286.69,286.69,200,0
IYH.US,5,20211214,195000,286.53,286.53,286.52,286.52,200,0
IYH.US,5,20211214,200000,286.476,286.476,286.312,286.35,402,0
IYH.US,5,20211214,201000,286.62,286.62,286.62,286.62,106,0
IYH.US,5,20211214,203000,286.78,286.78,286.78,286.78,100,0
IYH.US,5,20211214,204000,287.22,287.22,287.22,287.22,100,0
IYH.US,5,20211214,204500,287.25,287.25,287.25,287.25,100,0
IYH.US,5,20211214,205000,287.26,287.26,287.26,287.26,100,0
IYH.US,5,20211214,205500,287.22,287.22,287.22,287.22,100,0
IYH.US,5,20211214,210000,287.51,287.51,287.51,287.51,100,0
IYH.US,5,20211214,210500,287.836,287.836,287.836,287.836,100,0
IYH.US,5,20211214,211500,287.615,287.615,287.615,287.615,473,0
IYH.US,5,20211214,212000,287.59,287.706,287.59,287.675,508,0
IYH.US,5,20211214,212500,287.69,287.877,287.69,287.877,200,0
IYH.US,5,20211214,213000,287.855,287.855,287.855,287.855,440,0
IYH.US,5,20211214,213500,288.21,288.21,287.96,287.96,300,0
IYH.US,5,20211214,214000,287.925,287.925,287.925,287.925,104,0
IYH.US,5,20211214,214500,287.56,287.56,287.49,287.49,600,0
IYH.US,5,20211214,215000,287.44,287.54,287.44,287.54,1027,0
IYH.US,5,20211214,215500,287.52,287.55,287.47,287.55,500,0
IYH.US,5,20211215,153000,288.39,288.99,288.39,288.685,1340,0
IYH.US,5,20211215,154500,289.125,289.49,289.125,289.49,815,0
IYH.US,5,20211215,155000,289.205,289.205,289.205,289.205,515,0
IYH.US,5,20211215,160500,289.146,289.146,289.146,289.146,190,0
IYH.US,5,20211215,162500,289.528,289.528,289.528,289.528,100,0
IYH.US,5,20211215,163500,289.63,289.63,289.63,289.63,100,0
IYH.US,5,20211215,164000,289.73,289.73,289.73,289.73,173,0
IYH.US,5,20211215,165000,289.45,289.45,289.45,289.45,100,0
IYH.US,5,20211215,171500,289.418,289.418,289.335,289.335,200,0
IYH.US,5,20211215,174500,289.92,289.92,289.74,289.89,867,0
IYH.US,5,20211215,180000,289.8,289.8,289.8,289.8,100,0
IYH.US,5,20211215,181000,289.47,289.47,289.47,289.47,102,0
IYH.US,5,20211215,182500,289.852,289.852,289.852,289.852,200,0
IYH.US,5,20211215,183500,289.936,289.936,289.936,289.936,200,0
IYH.US,5,20211215,184000,290.04,290.04,290.04,290.04,100,0
IYH.US,5,20211215,185500,290.49,290.49,290.43,290.43,200,0
IYH.US,5,20211215,190000,290.354,290.354,290.221,290.221,242,0
IYH.US,5,20211215,191000,290.05,290.05,290.05,290.05,160,0
IYH.US,5,20211215,191500,289.926,290.026,289.88,290.026,747,0
IYH.US,5,20211215,192000,289.98,290,289.945,289.99,1200,0
IYH.US,5,20211215,193000,290.11,290.12,290.11,290.12,200,0
IYH.US,5,20211215,194500,290.258,290.258,290.19,290.19,218,0
IYH.US,5,20211215,195500,289.602,289.602,289.602,289.602,100,0
IYH.US,5,20211215,202000,290.63,290.63,290.452,290.452,300,0
IYH.US,5,20211215,202500,290.342,290.342,290.342,290.342,107,0
IYH.US,5,20211215,203000,290.335,290.335,290.335,290.335,135,0
IYH.US,5,20211215,205000,290.81,291.5,290.81,291.5,620,0
IYH.US,5,20211215,205500,291.43,291.43,290.775,290.775,1050,0
IYH.US,5,20211215,211000,292.27,292.27,292.27,292.27,100,0
IYH.US,5,20211215,211500,292.79,292.79,292.79,292.79,100,0
IYH.US,5,20211215,212000,292.876,292.876,292.876,292.876,100,0
IYH.US,5,20211215,212500,293.155,293.155,293.155,293.155,152,0
IYH.US,5,20211215,213000,293.126,293.32,293.03,293.266,553,0
IYH.US,5,20211215,213500,293.421,293.421,293.421,293.421,130,0
IYH.US,5,20211215,214000,293.512,293.512,293.512,293.512,100,0
IYH.US,5,20211215,215000,292.67,293.5,292.67,293.5,328,0
IYH.US,5,20211215,215500,293.45,293.82,293.45,293.81,400,0
IYH.US,5,20211216,153000,294.13,294.13,294.13,294.13,327,0
IYH.US,5,20211216,154000,294.774,294.774,294.774,294.774,100,0
IYH.US,5,20211216,160000,295.32,295.32,295.32,295.32,675,0
IYH.US,5,20211216,160500,295.47,296.44,295.47,296.44,300,0
IYH.US,5,20211216,161500,296.41,296.41,296.41,296.41,206,0
IYH.US,5,20211216,162000,296.352,296.352,296.352,296.352,100,0
IYH.US,5,20211216,163500,296.365,296.365,296.166,296.166,400,0
IYH.US,5,20211216,164000,295.999,296.06,295.999,296.06,2029,0
IYH.US,5,20211216,170000,296.4,296.46,296.38,296.38,400,0
IYH.US,5,20211216,172000,296.61,296.62,296.61,296.62,200,0
IYH.US,5,20211216,172500,296,296,296,296,329,0
IYH.US,5,20211216,173000,295.868,295.868,295.868,295.868,200,0
IYH.US,5,20211216,175500,296.077,296.077,296.077,296.077,100,0
IYH.US,5,20211216,180500,295.885,295.885,295.885,295.885,114,0
IYH.US,5,20211216,183000,295.231,295.339,295.231,295.339,625,0
IYH.US,5,20211216,183500,295.448,295.448,295.405,295.405,312,0
IYH.US,5,20211216,184500,295.53,295.53,295.53,295.53,100,0
IYH.US,5,20211216,185000,295.17,295.17,295.105,295.105,210,0
IYH.US,5,20211216,185500,295.11,295.11,295.11,295.11,115,0
IYH.US,5,20211216,190000,295.16,295.16,295.16,295.16,100,0
IYH.US,5,20211216,190500,295.028,295.028,295.028,295.028,175,0
IYH.US,5,20211216,191000,295.3,295.37,295.3,295.37,300,0
IYH.US,5,20211216,191500,295.67,295.67,295.67,295.67,123,0
IYH.US,5,20211216,192000,295.67,295.67,295.67,295.67,100,0
IYH.US,5,20211216,194000,295.23,295.31,295.23,295.31,338,0
IYH.US,5,20211216,195000,295.53,295.53,295.53,295.53,100,0
IYH.US,5,20211216,200500,295.63,295.63,295.63,295.63,100,0
IYH.US,5,20211216,201000,295.24,295.24,295.24,295.24,335,0
IYH.US,5,20211216,204000,294.999,294.999,294.999,294.999,722,0
IYH.US,5,20211216,205000,294.21,294.21,294.21,294.21,100,0
IYH.US,5,20211216,205500,294.33,294.33,294.33,294.33,105,0
IYH.US,5,20211216,210500,294.27,294.27,294.27,294.27,122,0
IYH.US,5,20211216,211000,294.165,294.165,294.165,294.165,154,0
IYH.US,5,20211216,211500,294.589,294.589,294.503,294.503,417,0
IYH.US,5,20211216,212000,294.706,294.706,294.706,294.706,105,0
IYH.US,5,20211216,213000,295.15,295.15,295.15,295.15,100,0
IYH.US,5,20211216,214500,294.888,294.99,294.888,294.99,304,0
IYH.US,5,20211216,215000,295.4,295.44,295.105,295.105,302,0
IYH.US,5,20211216,215500,295.14,295.25,294.78,294.79,618,0
IYH.US,5,20211217,153000,293.88,293.88,293.745,293.745,1382,0
IYH.US,5,20211217,153500,292.866,292.866,292.866,292.866,161,0
IYH.US,5,20211217,154500,292.856,292.856,292.75,292.75,236,0
IYH.US,5,20211217,155000,292.92,292.92,292.92,292.92,100,0
IYH.US,5,20211217,160000,292.53,292.64,292.53,292.59,500,0
IYH.US,5,20211217,160500,293.044,293.044,293.044,293.044,106,0
IYH.US,5,20211217,161000,293.005,293.005,293.005,293.005,100,0
IYH.US,5,20211217,161500,292.239,292.457,292.239,292.457,480,0
IYH.US,5,20211217,162000,292.535,292.535,292.3,292.3,770,0
IYH.US,5,20211217,163000,292.542,292.62,292.542,292.62,213,0
IYH.US,5,20211217,163500,293.31,293.31,293.31,293.31,200,0
IYH.US,5,20211217,171000,295.665,295.665,295.665,295.665,100,0
IYH.US,5,20211217,172000,295.42,295.43,295.42,295.43,440,0
IYH.US,5,20211217,172500,295.04,295.04,295.04,295.04,400,0
IYH.US,5,20211217,173000,294.495,294.495,294.38,294.38,200,0
IYH.US,5,20211217,173500,294.51,294.51,294.51,294.51,684,0
IYH.US,5,20211217,174000,293.936,293.936,293.936,293.936,112,0
IYH.US,5,20211217,174500,293.57,293.78,293.57,293.78,200,0
IYH.US,5,20211217,175000,293.965,293.965,293.965,293.965,120,0
IYH.US,5,20211217,182000,294.99,294.99,294.99,294.99,510,0
IYH.US,5,20211217,185000,295.42,295.42,295.42,295.42,210,0
IYH.US,5,20211217,191000,295.314,295.314,295.314,295.314,100,0
IYH.US,5,20211217,193500,296,296,296,296,165,0
IYH.US,5,20211217,202500,295.15,295.15,295.15,295.15,100,0
IYH.US,5,20211217,205000,295.41,295.41,295.233,295.233,1100,0
IYH.US,5,20211217,205500,295.212,295.212,295.212,295.212,100,0
IYH.US,5,20211217,210000,295.13,295.397,295.13,295.397,234,0
IYH.US,5,20211217,210500,295.2,295.2,295.2,295.2,949,0
IYH.US,5,20211217,211500,294.51,294.51,294.51,294.51,145,0
IYH.US,5,20211217,212000,295.08,295.08,295.08,295.08,135,0
IYH.US,5,20211217,213500,294.2,294.2,294.169,294.169,200,0
IYH.US,5,20211217,214500,294.14,294.14,293.88,293.88,500,0
IYH.US,5,20211217,215000,293.33,293.38,293.33,293.38,300,0
IYH.US,5,20211217,215500,293.57,293.84,293.57,293.84,1225,0
IYH.US,5,20211220,153000,293.2,293.2,293.2,293.2,659,0
IYH.US,5,20211220,160500,290,290.02,289.813,289.813,447,0
IYH.US,5,20211220,161000,290.02,290.02,290.02,290.02,100,0
IYH.US,5,20211220,161500,290.06,290.06,290.06,290.06,100,0
IYH.US,5,20211220,162000,289.91,289.91,289.81,289.91,3863,0
IYH.US,5,20211220,163000,290.095,290.095,290.095,290.095,104,0
IYH.US,5,20211220,164000,289.63,289.64,289.6,289.6,2300,0
IYH.US,5,20211220,165000,289.59,289.88,289.52,289.83,984,0
IYH.US,5,20211220,170000,290.19,290.19,290.19,290.19,100,0
IYH.US,5,20211220,170500,290.15,290.31,290.15,290.31,1628,0
IYH.US,5,20211220,171000,290.29,290.29,290.29,290.29,392,0
IYH.US,5,20211220,171500,290.26,290.26,290.232,290.232,254,0
IYH.US,5,20211220,172000,290.565,290.565,290.565,290.565,125,0
IYH.US,5,20211220,173000,290.42,290.42,290.42,290.42,125,0
IYH.US,5,20211220,175000,290.768,290.768,290.768,290.768,385,0
IYH.US,5,20211220,180000,290.92,290.92,290.92,290.92,100,0
IYH.US,5,20211220,182000,291.019,291.019,291.019,291.019,123,0
IYH.US,5,20211220,185000,290.619,290.619,290.619,290.619,162,0
IYH.US,5,20211220,185500,290.654,290.654,290.654,290.654,137,0
IYH.US,5,20211220,191000,290.72,290.78,290.72,290.78,200,0
IYH.US,5,20211220,191500,290.92,290.94,290.92,290.94,970,0
IYH.US,5,20211220,192000,290.82,290.9,290.82,290.9,500,0
IYH.US,5,20211220,194000,291.47,291.586,291.409,291.409,1684,0
IYH.US,5,20211220,200500,291.27,291.425,291.27,291.425,200,0
IYH.US,5,20211220,201000,291.34,291.51,291.34,291.479,1160,0
IYH.US,5,20211220,201500,291.82,291.888,291.82,291.888,12137,0
IYH.US,5,20211220,202000,291.69,291.69,291.59,291.59,400,0
IYH.US,5,20211220,203000,291.37,291.37,291.18,291.18,422,0
IYH.US,5,20211220,203500,291.102,291.102,291.095,291.095,274,0
IYH.US,5,20211220,204000,291.3,291.56,291.3,291.522,430,0
IYH.US,5,20211220,204500,291.56,291.56,291.5,291.5,200,0
IYH.US,5,20211220,205000,292.03,292.03,292.03,292.03,100,0
IYH.US,5,20211220,205500,292.125,292.125,291.88,291.88,200,0
IYH.US,5,20211220,210000,292.07,292.07,291.985,291.985,500,0
IYH.US,5,20211220,210500,291.995,291.995,291.995,291.995,100,0
IYH.US,5,20211220,211000,292.025,292.025,291.96,291.96,200,0
IYH.US,5,20211220,211500,291.95,292.07,291.95,292.04,700,0
IYH.US,5,20211220,212000,292.09,292.145,291.74,291.74,600,0
IYH.US,5,20211220,212500,291.61,291.73,291.59,291.73,300,0
IYH.US,5,20211220,213000,291.54,291.65,291.54,291.65,200,0
IYH.US,5,20211220,213500,291.571,291.671,291.571,291.671,502,0
IYH.US,5,20211220,214000,291.75,291.79,291.66,291.66,700,0
IYH.US,5,20211220,214500,291.5,291.6,291.35,291.35,500,0
IYH.US,5,20211220,215000,291.91,291.92,291.91,291.92,300,0
IYH.US,5,20211220,215500,292.09,292.12,291.76,291.76,1531,0
IYH.US,5,20211221,153000,292.6,292.6,291.9,292.16,847,0
IYH.US,5,20211221,153500,292.435,292.435,292,292,270,0
IYH.US,5,20211221,154000,291.223,291.223,291.223,291.223,100,0
IYH.US,5,20211221,154500,291.228,291.228,291.13,291.13,300,0
IYH.US,5,20211221,160500,290.993,290.993,290.993,290.993,141,0
IYH.US,5,20211221,161000,291.4,291.41,291.4,291.4,300,0
IYH.US,5,20211221,162500,291.043,291.043,291.043,291.043,100,0
IYH.US,5,20211221,163000,290.62,290.62,290.62,290.62,171,0
IYH.US,5,20211221,164500,290.984,290.984,290.924,290.924,353,0
IYH.US,5,20211221,171000,291.74,291.74,291.68,291.71,1700,0
IYH.US,5,20211221,172000,291.398,291.398,291.398,291.398,100,0
IYH.US,5,20211221,175500,292.05,292.05,292.05,292.05,100,0
IYH.US,5,20211221,180500,292.025,292.1,292.025,292.1,271,0
IYH.US,5,20211221,182500,292.325,292.325,292.325,292.325,100,0
IYH.US,5,20211221,184000,292.43,292.46,292.36,292.385,4302,0
IYH.US,5,20211221,184500,292.507,292.507,292.507,292.507,120,0
IYH.US,5,20211221,190000,292.83,292.83,292.83,292.83,100,0
IYH.US,5,20211221,191000,292.78,292.78,292.614,292.614,217,0
IYH.US,5,20211221,193000,292.943,292.943,292.943,292.943,115,0
IYH.US,5,20211221,195000,293.58,293.58,293.58,293.58,100,0
IYH.US,5,20211221,195500,293.423,293.44,293.423,293.44,300,0
IYH.US,5,20211221,201500,293.02,293.02,293.02,293.02,161,0
IYH.US,5,20211221,202000,292.64,292.64,292.64,292.64,300,0
IYH.US,5,20211221,202500,292.698,292.698,292.69,292.69,400,0
IYH.US,5,20211221,203000,292.937,292.937,292.937,292.937,230,0
IYH.US,5,20211221,203500,293.198,293.198,293.198,293.198,100,0
IYH.US,5,20211221,205500,293.47,293.47,293.47,293.47,100,0
IYH.US,5,20211221,210000,293.44,293.49,293.44,293.49,200,0
IYH.US,5,20211221,211000,293.26,293.26,293.26,293.26,100,0
IYH.US,5,20211221,213000,293.13,293.13,293.13,293.13,100,0
IYH.US,5,20211221,213500,292.98,292.98,292.98,292.98,100,0
IYH.US,5,20211221,214500,292.66,292.66,292.66,292.66,100,0
IYH.US,5,20211221,215500,293.6,293.6,293.55,293.55,220,0
IYH.US,5,20211222,153000,293.55,293.55,293.55,293.55,863,0
IYH.US,5,20211222,153500,294.835,294.835,294.58,294.58,400,0
IYH.US,5,20211222,155500,293.173,293.173,293.173,293.173,118,0
IYH.US,5,20211222,160000,293.45,293.54,293.45,293.54,200,0
IYH.US,5,20211222,161500,293.65,293.65,293.65,293.65,100,0
IYH.US,5,20211222,162000,293.46,293.46,293.46,293.46,100,0
IYH.US,5,20211222,163500,294.24,294.24,294.24,294.24,100,0
IYH.US,5,20211222,164500,294.551,294.76,294.551,294.76,650,0
IYH.US,5,20211222,165000,294.92,295.273,294.92,295.273,250,0
IYH.US,5,20211222,165500,295.2,295.2,294.97,294.97,1780,0
IYH.US,5,20211222,170000,294.9,294.9,294.9,294.9,925,0
IYH.US,5,20211222,170500,294.98,294.98,294.858,294.858,246,0
IYH.US,5,20211222,172000,295.005,295.005,295.005,295.005,330,0
IYH.US,5,20211222,172500,294.94,294.94,294.94,294.94,100,0
IYH.US,5,20211222,173500,295.07,295.07,295.07,295.07,100,0
IYH.US,5,20211222,174000,295.08,295.08,295.08,295.08,100,0
IYH.US,5,20211222,175000,295.018,295.018,295.018,295.018,100,0
IYH.US,5,20211222,175500,295.06,295.06,295.06,295.06,100,0
IYH.US,5,20211222,181000,295.44,295.44,295.44,295.44,100,0
IYH.US,5,20211222,182500,295.76,295.76,295.721,295.721,226,0
IYH.US,5,20211222,183500,295.87,295.87,295.83,295.83,313,0
IYH.US,5,20211222,184000,295.9,295.9,295.9,295.9,100,0
IYH.US,5,20211222,185000,296.017,296.017,296.017,296.017,200,0
IYH.US,5,20211222,185500,296.02,296.02,296.02,296.02,100,0
IYH.US,5,20211222,190000,295.731,295.731,295.731,295.731,507,0
IYH.US,5,20211222,190500,295.803,295.803,295.803,295.803,154,0
IYH.US,5,20211222,191000,296.02,296.02,296.02,296.02,100,0
IYH.US,5,20211222,192000,295.76,295.76,295.76,295.76,100,0
IYH.US,5,20211222,192500,295.79,295.918,295.79,295.918,300,0
IYH.US,5,20211222,193000,295.9,296,295.9,295.98,400,0
IYH.US,5,20211222,193500,296.068,296.068,296.068,296.068,104,0
IYH.US,5,20211222,194500,295.801,295.801,295.786,295.786,907,0
IYH.US,5,20211222,195000,295.78,295.78,295.78,295.78,100,0
IYH.US,5,20211222,195500,295.83,295.83,295.611,295.611,449,0
IYH.US,5,20211222,200500,295.522,295.522,295.522,295.522,236,0
IYH.US,5,20211222,202000,295.798,295.798,295.798,295.798,350,0
IYH.US,5,20211222,204500,295.73,295.73,295.73,295.73,100,0
IYH.US,5,20211222,205000,295.648,295.648,295.62,295.62,2160,0
IYH.US,5,20211222,205500,295.65,295.65,295.62,295.62,1637,0
IYH.US,5,20211222,210000,295.7,295.7,295.7,295.7,100,0
IYH.US,5,20211222,210500,295.87,295.87,295.87,295.87,100,0
IYH.US,5,20211222,212000,295.51,295.51,295.49,295.49,200,0
IYH.US,5,20211222,213000,295.65,295.65,295.65,295.65,100,0
IYH.US,5,20211222,213500,295.8,296.04,295.8,296.04,200,0
IYH.US,5,20211222,214000,296.048,296.06,296.016,296.06,2400,0
IYH.US,5,20211222,214500,296.27,296.27,296.26,296.26,200,0
IYH.US,5,20211222,215000,296.67,296.67,296.67,296.67,100,0
IYH.US,5,20211222,215500,296.83,296.83,296.57,296.57,467,0
IYH.US,5,20211223,153000,298.03,298.03,298.03,298.03,1380,0
IYH.US,5,20211223,153500,297.4,297.4,297.4,297.4,100,0
IYH.US,5,20211223,155000,297.665,297.665,297.665,297.665,251,0
IYH.US,5,20211223,161000,297.15,297.15,297.067,297.067,684,0
IYH.US,5,20211223,161500,297.283,297.283,297.283,297.283,134,0
IYH.US,5,20211223,162500,297.259,297.259,297.259,297.259,100,0
IYH.US,5,20211223,163000,297.337,297.337,297.337,297.337,420,0
IYH.US,5,20211223,164500,297.65,297.65,297.65,297.65,100,0
IYH.US,5,20211223,170500,298.13,298.159,298.1,298.159,857,0
IYH.US,5,20211223,171000,298.176,298.176,298.176,298.176,100,0
IYH.US,5,20211223,171500,297.872,297.872,297.872,297.872,115,0
IYH.US,5,20211223,172500,297.68,297.68,297.68,297.68,170,0
IYH.US,5,20211223,174000,297.76,297.76,297.76,297.76,400,0
IYH.US,5,20211223,174500,297.786,297.853,297.786,297.853,243,0
IYH.US,5,20211223,180000,298.01,298.04,297.867,297.91,23548,0
IYH.US,5,20211223,180500,297.86,297.86,297.8,297.8,500,0
IYH.US,5,20211223,182000,297.8,297.8,297.8,297.8,200,0
IYH.US,5,20211223,183000,297.65,297.65,297.65,297.65,100,0
IYH.US,5,20211223,185000,297.897,297.897,297.897,297.897,168,0
IYH.US,5,20211223,190000,298.005,298.005,298.005,298.005,136,0
IYH.US,5,20211223,190500,298.09,298.09,298.09,298.09,100,0
IYH.US,5,20211223,191000,298.078,298.078,298.078,298.078,100,0
IYH.US,5,20211223,191500,298.02,298.02,297.99,297.99,297,0
IYH.US,5,20211223,192000,297.98,297.98,297.98,297.98,200,0
IYH.US,5,20211223,192500,297.95,297.95,297.95,297.95,300,0
IYH.US,5,20211223,193500,298.07,298.07,298.07,298.07,248,0
IYH.US,5,20211223,194500,297.97,297.97,297.97,297.97,1000,0
IYH.US,5,20211223,195000,298.01,298.01,298.01,298.01,100,0
IYH.US,5,20211223,195500,298.09,298.09,298.09,298.09,172,0
IYH.US,5,20211223,200000,298.2,298.2,298.2,298.2,300,0
IYH.US,5,20211223,201000,298.295,298.295,298.295,298.295,211,0
IYH.US,5,20211223,203000,298.573,298.58,298.573,298.58,498,0
IYH.US,5,20211223,210000,298.68,298.68,298.68,298.68,576,0
IYH.US,5,20211223,211500,298.85,298.85,298.811,298.811,200,0
IYH.US,5,20211223,212500,298.6,298.63,298.6,298.63,302,0
IYH.US,5,20211223,213500,298.52,298.52,298.52,298.52,190,0
IYH.US,5,20211223,214000,298.475,298.475,298.46,298.46,268,0
IYH.US,5,20211223,214500,298.74,298.74,298.696,298.696,308,0
IYH.US,5,20211223,215000,298.78,298.78,298.78,298.78,100,0
IYH.US,5,20211223,215500,298.68,298.7,297.86,297.96,2852,0
