<TICKER>,<PER>,<DATE>,<TIME>,<OPEN>,<HIGH>,<LOW>,<CLOSE>,<VOL>,<OPENINT>
IYK.US,5,20211104,143000,187.54,187.54,187.54,187.54,287,0
IYK.US,5,20211104,145000,188.1,188.1,188.1,188.1,100,0
IYK.US,5,20211104,160000,188.19,188.19,188.19,188.19,100,0
IYK.US,5,20211104,162500,188.25,188.25,188.25,188.25,200,0
IYK.US,5,20211104,164500,188.03,188.03,188.02,188.02,400,0
IYK.US,5,20211104,165000,188.019,188.019,188.019,188.019,210,0
IYK.US,5,20211104,174000,188.26,188.26,188.26,188.26,225,0
IYK.US,5,20211104,184500,188.14,188.14,188.14,188.14,105,0
IYK.US,5,20211104,194500,187.68,187.68,187.68,187.68,100,0
IYK.US,5,20211104,200500,187.92,187.92,187.92,187.92,100,0
IYK.US,5,20211104,201000,187.93,187.93,187.93,187.93,100,0
IYK.US,5,20211104,201500,187.94,187.94,187.94,187.94,100,0
IYK.US,5,20211104,202500,187.82,187.82,187.82,187.82,100,0
IYK.US,5,20211104,203500,187.82,187.89,187.82,187.89,420,0
IYK.US,5,20211104,204000,187.84,187.84,187.84,187.84,220,0
IYK.US,5,20211104,204500,187.885,187.885,187.885,187.885,100,0
IYK.US,5,20211104,205500,188.07,188.07,188.06,188.06,633,0
IYK.US,5,20211105,143000,188.72,188.72,188.72,188.72,1472,0
IYK.US,5,20211105,144000,189.54,189.54,189.54,189.54,100,0
IYK.US,5,20211105,145000,189.56,189.56,189.56,189.56,100,0
IYK.US,5,20211105,145500,189.482,189.482,189.482,189.482,100,0
IYK.US,5,20211105,150000,189.42,189.42,189.42,189.42,100,0
IYK.US,5,20211105,151000,189.12,189.12,189.12,189.12,100,0
IYK.US,5,20211105,152000,189.13,189.13,189.13,189.13,100,0
IYK.US,5,20211105,154500,189.66,189.66,189.648,189.65,400,0
IYK.US,5,20211105,155000,189.7,189.7,189.7,189.7,100,0
IYK.US,5,20211105,155500,189.72,189.72,189.72,189.72,100,0
IYK.US,5,20211105,160500,189.66,189.68,189.66,189.665,300,0
IYK.US,5,20211105,163000,189.72,189.72,189.72,189.72,100,0
IYK.US,5,20211105,163500,189.56,189.56,189.56,189.56,100,0
IYK.US,5,20211105,164500,189.47,189.47,189.47,189.47,648,0
IYK.US,5,20211105,165000,189.34,189.34,189.34,189.34,100,0
IYK.US,5,20211105,165500,189.38,189.38,189.38,189.38,100,0
IYK.US,5,20211105,171000,189.08,189.08,189.08,189.08,100,0
IYK.US,5,20211105,173000,189.2,189.2,189.2,189.2,200,0
IYK.US,5,20211105,183000,189,189.068,189,189.068,305,0
IYK.US,5,20211105,184000,188.9,188.9,188.88,188.88,700,0
IYK.US,5,20211105,190000,189.16,189.16,189.16,189.16,100,0
IYK.US,5,20211105,191000,189.355,189.355,189.355,189.355,199,0
IYK.US,5,20211105,193000,189.371,189.371,189.371,189.371,188,0
IYK.US,5,20211105,194000,189.39,189.39,189.39,189.39,100,0
IYK.US,5,20211105,195500,189.26,189.26,189.26,189.26,100,0
IYK.US,5,20211105,200500,189.29,189.29,189.29,189.29,175,0
IYK.US,5,20211105,202000,189.27,189.27,189.25,189.25,300,0
IYK.US,5,20211105,203000,189.48,189.48,189.48,189.48,100,0
IYK.US,5,20211105,203500,189.696,189.696,189.615,189.615,235,0
IYK.US,5,20211108,153000,189.55,189.55,189.45,189.45,1496,0
IYK.US,5,20211108,153500,189.01,189.01,189.01,189.01,100,0
IYK.US,5,20211108,154500,188.697,188.697,188.697,188.697,200,0
IYK.US,5,20211108,155500,188.19,188.19,188.19,188.19,100,0
IYK.US,5,20211108,161500,188.07,188.07,188.01,188.01,1450,0
IYK.US,5,20211108,162000,188.216,188.216,188.216,188.216,450,0
IYK.US,5,20211108,164000,187.88,187.89,187.87,187.87,300,0
IYK.US,5,20211108,165000,187.74,187.74,187.74,187.74,100,0
IYK.US,5,20211108,170500,187.54,187.54,187.54,187.54,100,0
IYK.US,5,20211108,171000,187.37,187.37,187.37,187.37,100,0
IYK.US,5,20211108,171500,187.449,187.449,187.449,187.449,294,0
IYK.US,5,20211108,172000,187.39,187.39,187.39,187.39,100,0
IYK.US,5,20211108,173000,187.48,187.48,187.48,187.48,100,0
IYK.US,5,20211108,173500,187.481,187.481,187.481,187.481,337,0
IYK.US,5,20211108,174000,187.49,187.49,187.49,187.49,100,0
IYK.US,5,20211108,180000,187.38,187.38,187.313,187.313,213,0
IYK.US,5,20211108,183000,187.41,187.41,187.39,187.405,400,0
IYK.US,5,20211108,183500,187.39,187.39,187.39,187.39,100,0
IYK.US,5,20211108,184500,187.25,187.25,187.25,187.25,100,0
IYK.US,5,20211108,192500,187.47,187.47,187.46,187.46,200,0
IYK.US,5,20211108,193000,187.44,187.44,187.439,187.439,591,0
IYK.US,5,20211108,203500,187.611,187.611,187.611,187.611,225,0
IYK.US,5,20211108,205500,187.61,187.61,187.61,187.61,106,0
IYK.US,5,20211108,210500,187.61,187.61,187.61,187.61,100,0
IYK.US,5,20211108,211000,187.59,187.59,187.59,187.59,100,0
IYK.US,5,20211108,212000,187.54,187.54,187.54,187.54,100,0
IYK.US,5,20211108,213000,187.68,187.68,187.68,187.68,100,0
IYK.US,5,20211108,214000,187.829,187.829,187.829,187.829,106,0
IYK.US,5,20211108,215000,187.82,187.82,187.82,187.82,100,0
IYK.US,5,20211108,215500,187.78,187.81,187.75,187.81,1739,0
IYK.US,5,20211109,153000,187.39,187.87,187.39,187.87,1087,0
IYK.US,5,20211109,155000,187.768,187.768,187.768,187.768,106,0
IYK.US,5,20211109,155500,188.07,188.23,188.07,188.23,447,0
IYK.US,5,20211109,171000,187.62,187.62,187.62,187.62,100,0
IYK.US,5,20211109,172500,187.54,187.63,187.54,187.63,200,0
IYK.US,5,20211109,173500,187.85,187.85,187.85,187.85,100,0
IYK.US,5,20211109,181000,188.073,188.073,188.073,188.073,100,0
IYK.US,5,20211109,183000,188.16,188.16,188.16,188.16,400,0
IYK.US,5,20211109,184000,188.17,188.17,188.17,188.17,100,0
IYK.US,5,20211109,185500,188.32,188.32,188.32,188.32,100,0
IYK.US,5,20211109,191000,188.45,188.45,188.45,188.45,123,0
IYK.US,5,20211109,191500,188.44,188.44,188.44,188.44,200,0
IYK.US,5,20211109,192000,188.52,188.52,188.52,188.52,200,0
IYK.US,5,20211109,200000,188.46,188.46,188.46,188.46,100,0
IYK.US,5,20211109,201000,188.14,188.14,188.14,188.14,100,0
IYK.US,5,20211109,201500,188.18,188.21,188.18,188.21,200,0
IYK.US,5,20211109,202000,188.14,188.14,188.14,188.14,100,0
IYK.US,5,20211109,213000,187.969,187.969,187.969,187.969,229,0
IYK.US,5,20211109,214000,188.06,188.06,188.03,188.03,300,0
IYK.US,5,20211109,215500,188.16,188.16,188.16,188.16,100,0
IYK.US,5,20211110,153000,188.72,188.99,188.72,188.99,1088,0
IYK.US,5,20211110,154500,188.95,188.95,188.69,188.69,500,0
IYK.US,5,20211110,155000,188.87,188.87,188.87,188.87,100,0
IYK.US,5,20211110,155500,188.7,188.7,188.7,188.7,100,0
IYK.US,5,20211110,160500,188.51,188.51,188.5,188.5,200,0
IYK.US,5,20211110,164500,188.74,188.74,188.74,188.74,200,0
IYK.US,5,20211110,165000,188.82,188.82,188.82,188.82,200,0
IYK.US,5,20211110,170000,189.039,189.039,189.039,189.039,320,0
IYK.US,5,20211110,170500,188.979,188.979,188.979,188.979,300,0
IYK.US,5,20211110,172000,189.054,189.054,189.01,189.01,8757,0
IYK.US,5,20211110,174000,189.19,189.19,189.19,189.19,100,0
IYK.US,5,20211110,175500,189.11,189.11,189.11,189.11,198,0
IYK.US,5,20211110,180500,189.12,189.12,189.12,189.12,100,0
IYK.US,5,20211110,181500,189.09,189.09,189.09,189.09,100,0
IYK.US,5,20211110,183500,189.003,189.003,189.003,189.003,238,0
IYK.US,5,20211110,184500,188.77,188.77,188.77,188.77,100,0
IYK.US,5,20211110,185000,188.78,188.78,188.78,188.78,100,0
IYK.US,5,20211110,191000,189.1,189.1,189.1,189.1,100,0
IYK.US,5,20211110,191500,189.13,189.13,189.13,189.13,100,0
IYK.US,5,20211110,194000,189.21,189.21,189.21,189.21,100,0
IYK.US,5,20211110,200000,189.36,189.36,189.36,189.36,100,0
IYK.US,5,20211110,200500,189.35,189.35,189.35,189.35,100,0
IYK.US,5,20211110,202000,189.38,189.38,189.38,189.38,100,0
IYK.US,5,20211110,202500,189.505,189.505,189.505,189.505,220,0
IYK.US,5,20211110,203000,189.4,189.4,189.4,189.4,400,0
IYK.US,5,20211110,204000,189.37,189.37,189.335,189.335,285,0
IYK.US,5,20211110,205000,189.355,189.36,189.355,189.36,1125,0
IYK.US,5,20211110,205500,189.358,189.358,189.358,189.358,813,0
IYK.US,5,20211110,211000,189.02,189.02,189.02,189.02,100,0
IYK.US,5,20211110,212500,189.01,189.03,189.01,189.03,306,0
IYK.US,5,20211110,213500,188.76,188.76,188.76,188.76,100,0
IYK.US,5,20211110,214000,188.895,188.895,188.895,188.895,300,0
IYK.US,5,20211110,214500,188.901,188.901,188.901,188.901,135,0
IYK.US,5,20211110,215000,189.1,189.1,189.05,189.05,300,0
IYK.US,5,20211110,215500,189.18,189.18,189.07,189.07,908,0
IYK.US,5,20211111,153000,189.14,189.14,189.14,189.14,120,0
IYK.US,5,20211111,160000,188.72,188.72,188.64,188.65,3000,0
IYK.US,5,20211111,160500,188.75,188.75,188.59,188.59,1060,0
IYK.US,5,20211111,161000,188.53,188.53,188.53,188.53,100,0
IYK.US,5,20211111,161500,188.7,188.7,188.7,188.7,100,0
IYK.US,5,20211111,163000,188.79,188.79,188.79,188.79,100,0
IYK.US,5,20211111,163500,188.82,188.82,188.8,188.8,200,0
IYK.US,5,20211111,165000,188.67,188.67,188.67,188.67,100,0
IYK.US,5,20211111,171500,188.65,188.65,188.65,188.65,150,0
IYK.US,5,20211111,174000,188.9,188.9,188.9,188.9,100,0
IYK.US,5,20211111,183500,188.901,188.901,188.901,188.901,106,0
IYK.US,5,20211111,200000,188.8,188.8,188.8,188.8,100,0
IYK.US,5,20211111,202500,188.87,188.87,188.87,188.87,300,0
IYK.US,5,20211111,203000,188.93,188.93,188.93,188.93,200,0
IYK.US,5,20211111,204500,189.052,189.052,189.052,189.052,100,0
IYK.US,5,20211111,211000,188.92,188.92,188.92,188.92,160,0
IYK.US,5,20211111,215500,188.98,188.98,188.98,188.98,100,0
IYK.US,5,20211112,153000,189.42,189.42,189.42,189.42,220,0
IYK.US,5,20211112,162000,188.97,189,188.97,189,300,0
IYK.US,5,20211112,163500,188.841,188.841,188.841,188.841,140,0
IYK.US,5,20211112,164500,188.83,188.83,188.83,188.83,100,0
IYK.US,5,20211112,165000,188.95,188.95,188.95,188.95,170,0
IYK.US,5,20211112,170000,189.21,189.21,189.21,189.21,100,0
IYK.US,5,20211112,172500,189.55,189.55,189.55,189.55,135,0
IYK.US,5,20211112,173000,189.6,189.625,189.6,189.62,754,0
IYK.US,5,20211112,180500,189.83,189.83,189.83,189.83,212,0
IYK.US,5,20211112,182500,189.829,189.829,189.829,189.829,200,0
IYK.US,5,20211112,183000,189.84,189.84,189.84,189.84,170,0
IYK.US,5,20211112,190000,189.68,189.68,189.68,189.68,100,0
IYK.US,5,20211112,191500,189.48,189.48,189.48,189.48,100,0
IYK.US,5,20211112,193000,189.55,189.55,189.55,189.55,200,0
IYK.US,5,20211112,195500,189.63,189.655,189.63,189.655,612,0
IYK.US,5,20211112,201000,189.47,189.47,189.468,189.468,284,0
IYK.US,5,20211112,201500,189.359,189.359,189.359,189.359,900,0
IYK.US,5,20211112,203500,189.19,189.19,189.19,189.19,100,0
IYK.US,5,20211112,215500,188.94,189.02,188.94,188.98,537,0
IYK.US,5,20211115,153000,189.45,189.45,189.45,189.45,772,0
IYK.US,5,20211115,153500,189.472,189.472,189.472,189.472,123,0
IYK.US,5,20211115,161000,189.15,189.179,189.15,189.179,600,0
IYK.US,5,20211115,164000,189.8,189.8,189.8,189.8,100,0
IYK.US,5,20211115,164500,189.77,189.89,189.77,189.89,233,0
IYK.US,5,20211115,170500,189.711,189.714,189.711,189.714,270,0
IYK.US,5,20211115,172000,190,190.05,190,190,525,0
IYK.US,5,20211115,174500,189.54,189.54,189.54,189.54,100,0
IYK.US,5,20211115,182000,189.62,189.62,189.62,189.62,270,0
IYK.US,5,20211115,184000,189.536,189.61,189.536,189.61,300,0
IYK.US,5,20211115,190500,189.71,189.71,189.71,189.71,2354,0
IYK.US,5,20211115,191500,189.74,189.74,189.74,189.74,100,0
IYK.US,5,20211115,192000,189.75,189.75,189.7,189.74,900,0
IYK.US,5,20211115,200500,190.04,190.04,190.04,190.04,200,0
IYK.US,5,20211115,201000,189.94,189.94,189.94,189.94,100,0
IYK.US,5,20211115,204500,189.81,189.81,189.8,189.8,200,0
IYK.US,5,20211115,205500,189.69,189.69,189.69,189.69,100,0
IYK.US,5,20211115,210000,189.59,189.59,189.59,189.59,100,0
IYK.US,5,20211115,211500,189.52,189.52,189.52,189.52,419,0
IYK.US,5,20211115,213500,189.56,189.56,189.54,189.54,200,0
IYK.US,5,20211115,215000,189.59,189.59,189.59,189.59,100,0
IYK.US,5,20211115,215500,189.9,189.91,189.85,189.85,400,0
IYK.US,5,20211116,160000,190.309,190.309,190.265,190.3,780,0
IYK.US,5,20211116,162000,190.29,190.29,190.29,190.29,100,0
IYK.US,5,20211116,163500,190.11,190.11,190.11,190.11,100,0
IYK.US,5,20211116,164000,190,190.019,190,190.019,316,0
IYK.US,5,20211116,174000,189.57,189.57,189.545,189.545,206,0
IYK.US,5,20211116,184500,189.56,189.56,189.443,189.443,210,0
IYK.US,5,20211116,192500,189.54,189.54,189.54,189.54,123,0
IYK.US,5,20211116,193000,189.52,189.52,189.51,189.51,2180,0
IYK.US,5,20211116,194000,189.61,189.61,189.6,189.61,1800,0
IYK.US,5,20211116,201000,189.59,189.59,189.5,189.5,200,0
IYK.US,5,20211116,203000,189.47,189.49,189.47,189.49,200,0
IYK.US,5,20211116,203500,189.45,189.45,189.45,189.45,275,0
IYK.US,5,20211116,204500,189.373,189.373,189.373,189.373,300,0
IYK.US,5,20211116,210000,189.3,189.3,189.3,189.3,174,0
IYK.US,5,20211116,211500,189.298,189.298,189.289,189.289,299,0
IYK.US,5,20211116,213500,189.11,189.11,189.09,189.09,200,0
IYK.US,5,20211116,214000,189.14,189.14,189.14,189.14,132,0
IYK.US,5,20211116,214500,189.002,189.002,189.002,189.002,100,0
IYK.US,5,20211116,215000,188.87,188.87,188.87,188.87,200,0
IYK.US,5,20211116,215500,188.85,188.85,188.62,188.77,406,0
IYK.US,5,20211117,162000,188.155,188.155,188.155,188.155,114,0
IYK.US,5,20211117,165000,188.21,188.21,188.21,188.21,200,0
IYK.US,5,20211117,170000,188.33,188.33,188.33,188.33,100,0
IYK.US,5,20211117,172000,188.39,188.419,188.39,188.419,260,0
IYK.US,5,20211117,172500,188.473,188.473,188.473,188.473,261,0
IYK.US,5,20211117,181000,188.29,188.31,188.261,188.261,777,0
IYK.US,5,20211117,181500,188.291,188.291,188.291,188.291,115,0
IYK.US,5,20211117,182500,188.405,188.405,188.405,188.405,150,0
IYK.US,5,20211117,185000,188.37,188.37,188.37,188.37,100,0
IYK.US,5,20211117,190000,188.43,188.43,188.43,188.43,100,0
IYK.US,5,20211117,193500,188.37,188.414,188.37,188.414,423,0
IYK.US,5,20211117,194000,188.305,188.305,188.305,188.305,115,0
IYK.US,5,20211117,194500,188.27,188.27,188.27,188.27,152,0
IYK.US,5,20211117,202500,188.13,188.13,188.13,188.13,100,0
IYK.US,5,20211117,210000,188.2,188.2,188.2,188.2,100,0
IYK.US,5,20211117,210500,188.32,188.32,188.32,188.32,100,0
IYK.US,5,20211117,212000,188.32,188.32,188.32,188.32,200,0
IYK.US,5,20211117,212500,188.3,188.3,188.3,188.3,117,0
IYK.US,5,20211117,213000,188.33,188.33,188.33,188.33,100,0
IYK.US,5,20211117,215000,188.41,188.41,188.41,188.41,100,0
IYK.US,5,20211117,215500,188.29,188.29,188.29,188.29,500,0
IYK.US,5,20211118,154000,188.08,188.08,188.08,188.08,110,0
IYK.US,5,20211118,155000,188.16,188.16,188.16,188.16,100,0
IYK.US,5,20211118,160000,188.12,188.12,188.005,188.005,750,0
IYK.US,5,20211118,160500,187.94,187.94,187.94,187.94,200,0
IYK.US,5,20211118,162000,187.84,187.84,187.84,187.84,144,0
IYK.US,5,20211118,162500,187.705,187.705,187.705,187.705,240,0
IYK.US,5,20211118,165000,187.32,187.32,187.32,187.32,100,0
IYK.US,5,20211118,172000,187.42,187.42,187.42,187.42,100,0
IYK.US,5,20211118,173000,187.36,187.36,187.36,187.36,100,0
IYK.US,5,20211118,180000,187.481,187.481,187.481,187.481,2386,0
IYK.US,5,20211118,181000,187.439,187.439,187.439,187.439,120,0
IYK.US,5,20211118,182500,187.49,187.49,187.49,187.49,100,0
IYK.US,5,20211118,184000,187.39,187.39,187.39,187.39,133,0
IYK.US,5,20211118,184500,187.33,187.33,187.32,187.32,250,0
IYK.US,5,20211118,194000,187.289,187.289,187.289,187.289,831,0
IYK.US,5,20211118,201000,187.475,187.49,187.475,187.49,235,0
IYK.US,5,20211118,201500,187.472,187.481,187.472,187.481,300,0
IYK.US,5,20211118,204500,187.62,187.62,187.62,187.62,240,0
IYK.US,5,20211118,211000,187.65,187.65,187.65,187.65,112,0
IYK.US,5,20211118,214000,187.69,187.69,187.69,187.69,300,0
IYK.US,5,20211118,214500,187.69,187.69,187.69,187.69,100,0
IYK.US,5,20211118,215500,187.65,187.65,187.65,187.65,104,0
IYK.US,5,20211119,153000,187.73,187.73,187.73,187.73,153,0
IYK.US,5,20211119,155500,187.59,187.59,187.59,187.59,210,0
IYK.US,5,20211119,161500,187.609,187.609,187.55,187.55,233,0
IYK.US,5,20211119,162000,187.33,187.33,187.33,187.33,100,0
IYK.US,5,20211119,164000,187.39,187.39,187.39,187.39,100,0
IYK.US,5,20211119,165000,187.29,187.29,187.29,187.29,100,0
IYK.US,5,20211119,170000,187.32,187.32,187.32,187.32,100,0
IYK.US,5,20211119,171500,187.402,187.402,187.402,187.402,133,0
IYK.US,5,20211119,173000,187.223,187.223,187.223,187.223,200,0
IYK.US,5,20211119,180000,186.76,186.76,186.76,186.76,175,0
IYK.US,5,20211119,180500,186.83,186.83,186.83,186.83,100,0
IYK.US,5,20211119,183500,186.72,186.76,186.72,186.76,250,0
IYK.US,5,20211119,190500,186.634,186.634,186.634,186.634,278,0
IYK.US,5,20211119,191000,186.65,186.65,186.65,186.65,100,0
IYK.US,5,20211119,192000,186.69,186.69,186.69,186.69,100,0
IYK.US,5,20211119,192500,186.729,186.729,186.729,186.729,800,0
IYK.US,5,20211119,195000,186.649,186.649,186.635,186.635,200,0
IYK.US,5,20211119,203500,186.623,186.623,186.623,186.623,150,0
IYK.US,5,20211119,212500,186.57,186.57,186.57,186.57,100,0
IYK.US,5,20211119,215500,186.4,186.41,186.4,186.41,649,0
IYK.US,5,20211122,153000,186.55,186.55,186.55,186.55,599,0
IYK.US,5,20211122,155000,187.38,187.38,187.38,187.38,523,0
IYK.US,5,20211122,155500,187.47,187.47,187.47,187.47,100,0
IYK.US,5,20211122,165000,187.89,187.89,187.89,187.89,100,0
IYK.US,5,20211122,170000,188.12,188.12,188.12,188.12,125,0
IYK.US,5,20211122,170500,188.37,188.37,188.37,188.37,100,0
IYK.US,5,20211122,175500,188.82,188.82,188.82,188.82,100,0
IYK.US,5,20211122,180000,188.95,188.95,188.95,188.95,100,0
IYK.US,5,20211122,182000,188.87,188.87,188.87,188.87,100,0
IYK.US,5,20211122,182500,188.74,188.74,188.74,188.74,100,0
IYK.US,5,20211122,185500,188.647,188.647,188.647,188.647,150,0
IYK.US,5,20211122,191500,188.385,188.385,188.385,188.385,159,0
IYK.US,5,20211122,192500,188.45,188.46,188.45,188.46,200,0
IYK.US,5,20211122,195000,188.22,188.22,188.22,188.22,339,0
IYK.US,5,20211122,202000,188.029,188.029,188.029,188.029,113,0
IYK.US,5,20211122,210000,188.153,188.153,188.153,188.153,150,0
IYK.US,5,20211122,212500,188.33,188.33,188.33,188.33,100,0
IYK.US,5,20211122,214000,188.27,188.27,188.27,188.27,100,0
IYK.US,5,20211122,215500,187.68,187.7,187.68,187.7,323,0
IYK.US,5,20211123,153000,187.63,188.37,187.59,188.093,542,0
IYK.US,5,20211123,162000,187.72,187.72,187.72,187.72,100,0
IYK.US,5,20211123,163500,187.57,187.57,187.57,187.57,152,0
IYK.US,5,20211123,165000,188.14,188.14,188.14,188.14,130,0
IYK.US,5,20211123,171500,188.41,188.41,188.41,188.41,100,0
IYK.US,5,20211123,173000,188.67,188.67,188.67,188.67,100,0
IYK.US,5,20211123,181500,188.26,188.26,188.26,188.26,100,0
IYK.US,5,20211123,184000,188.31,188.31,188.31,188.31,100,0
IYK.US,5,20211123,185000,188.24,188.24,188.24,188.24,100,0
IYK.US,5,20211123,185500,188.16,188.16,188.16,188.16,100,0
IYK.US,5,20211123,194000,188.3,188.3,188.3,188.3,100,0
IYK.US,5,20211123,194500,188.53,188.53,188.52,188.52,200,0
IYK.US,5,20211123,195500,188.77,188.77,188.69,188.69,700,0
IYK.US,5,20211123,200500,188.79,188.79,188.79,188.79,100,0
IYK.US,5,20211123,204500,188.97,189.02,188.97,189.02,400,0
IYK.US,5,20211123,205000,189,189,188.93,188.93,300,0
IYK.US,5,20211123,205500,189.04,189.05,189.04,189.05,300,0
IYK.US,5,20211123,210000,189.03,189.03,189.03,189.03,100,0
IYK.US,5,20211123,213500,189.08,189.08,189.08,189.08,100,0
IYK.US,5,20211123,214500,188.89,188.91,188.85,188.91,700,0
IYK.US,5,20211123,215000,188.94,188.94,188.94,188.94,100,0
IYK.US,5,20211123,215500,188.889,189.14,188.889,189.14,10319,0
IYK.US,5,20211124,153000,188.7,188.7,188.7,188.7,277,0
IYK.US,5,20211124,153500,188.48,188.48,188.48,188.48,100,0
IYK.US,5,20211124,154000,188.322,188.322,188.322,188.322,168,0
IYK.US,5,20211124,155000,188.13,188.13,188.13,188.13,100,0
IYK.US,5,20211124,160500,188.15,188.15,188.15,188.15,100,0
IYK.US,5,20211124,161500,188.05,188.05,188.05,188.05,100,0
IYK.US,5,20211124,162000,187.988,187.988,187.988,187.988,159,0
IYK.US,5,20211124,162500,187.81,187.81,187.81,187.81,100,0
IYK.US,5,20211124,163000,187.68,187.68,187.68,187.68,100,0
IYK.US,5,20211124,164500,187.41,187.41,187.41,187.41,400,0
IYK.US,5,20211124,165000,187.5,187.52,187.5,187.52,200,0
IYK.US,5,20211124,165500,187.6,187.6,187.6,187.6,100,0
IYK.US,5,20211124,170000,187.65,187.68,187.65,187.68,200,0
IYK.US,5,20211124,172000,187.8,187.8,187.72,187.72,200,0
IYK.US,5,20211124,173000,187.8,187.8,187.8,187.8,268,0
IYK.US,5,20211124,173500,187.69,187.69,187.63,187.69,300,0
IYK.US,5,20211124,174000,187.62,187.62,187.61,187.61,200,0
IYK.US,5,20211124,174500,187.71,187.71,187.71,187.71,100,0
IYK.US,5,20211124,175000,187.65,187.65,187.62,187.62,212,0
IYK.US,5,20211124,175500,187.59,187.59,187.58,187.58,200,0
IYK.US,5,20211124,180500,187.54,187.54,187.54,187.54,100,0
IYK.US,5,20211124,181000,187.63,187.63,187.63,187.63,100,0
IYK.US,5,20211124,184000,187.73,187.73,187.73,187.73,225,0
IYK.US,5,20211124,184500,187.64,187.64,187.64,187.64,100,0
IYK.US,5,20211124,191500,187.85,187.85,187.85,187.85,500,0
IYK.US,5,20211124,192500,187.59,187.59,187.56,187.56,700,0
IYK.US,5,20211124,193000,187.54,187.54,187.54,187.54,193,0
IYK.US,5,20211124,193500,187.58,187.58,187.58,187.58,200,0
IYK.US,5,20211124,195000,187.64,187.641,187.64,187.641,250,0
IYK.US,5,20211124,200000,187.615,187.615,187.615,187.615,221,0
IYK.US,5,20211124,200500,187.58,187.58,187.54,187.54,400,0
IYK.US,5,20211124,202000,187.68,187.68,187.68,187.68,100,0
IYK.US,5,20211124,203000,187.66,187.66,187.66,187.66,100,0
IYK.US,5,20211124,204500,187.78,187.783,187.78,187.783,270,0
IYK.US,5,20211124,205000,187.79,187.79,187.79,187.79,100,0
IYK.US,5,20211124,210000,187.71,187.71,187.63,187.63,4700,0
IYK.US,5,20211124,211000,187.93,187.93,187.93,187.93,100,0
IYK.US,5,20211124,211500,187.88,187.88,187.88,187.88,100,0
IYK.US,5,20211124,212000,187.93,187.93,187.87,187.87,800,0
IYK.US,5,20211124,212500,187.9,187.9,187.9,187.9,100,0
IYK.US,5,20211124,213000,187.95,187.96,187.91,187.91,700,0
IYK.US,5,20211124,213500,187.82,187.82,187.82,187.82,100,0
IYK.US,5,20211124,214000,187.875,187.875,187.875,187.875,100,0
IYK.US,5,20211124,214500,187.86,187.86,187.85,187.85,200,0
IYK.US,5,20211124,215000,188.02,188.02,188.02,188.02,100,0
IYK.US,5,20211124,215500,187.98,187.98,187.88,187.92,2668,0
IYK.US,5,20211126,153000,186.14,186.232,186.14,186.232,910,0
IYK.US,5,20211126,160500,186.09,186.09,186.09,186.09,288,0
IYK.US,5,20211126,161000,185.948,185.948,185.86,185.86,381,0
IYK.US,5,20211126,163000,186.1,186.14,186.1,186.14,351,0
IYK.US,5,20211126,163500,186.12,186.286,186.12,186.286,600,0
IYK.US,5,20211126,164500,186.18,186.18,186.18,186.18,100,0
IYK.US,5,20211126,170500,185.87,185.96,185.87,185.96,450,0
IYK.US,5,20211126,171500,185.728,185.728,185.728,185.728,150,0
IYK.US,5,20211126,172500,185.67,185.67,185.67,185.67,100,0
IYK.US,5,20211126,173000,185.61,185.61,185.281,185.281,763,0
IYK.US,5,20211126,175500,185.298,185.298,185.298,185.298,114,0
IYK.US,5,20211126,180000,185.4,185.45,185.39,185.45,300,0
IYK.US,5,20211126,182000,185.72,185.72,185.69,185.69,200,0
IYK.US,5,20211126,182500,185.77,185.77,185.77,185.77,100,0
IYK.US,5,20211126,183000,185.83,185.83,185.83,185.83,100,0
IYK.US,5,20211126,184000,185.85,185.85,185.85,185.85,100,0
IYK.US,5,20211126,185000,185,185.02,185,185.02,200,0
IYK.US,5,20211126,185500,185.39,185.39,185.39,185.39,100,0
IYK.US,5,20211126,190000,185.41,185.41,185.41,185.41,251,0
IYK.US,5,20211126,191000,185.41,185.41,185.41,185.41,0,0
IYK.US,5,20211126,213000,185.41,185.41,185.41,185.41,0,0
IYK.US,5,20211129,153000,185.88,185.88,185.398,185.398,629,0
IYK.US,5,20211129,154500,185.84,185.84,185.84,185.84,300,0
IYK.US,5,20211129,155000,185.84,185.87,185.483,185.483,1400,0
IYK.US,5,20211129,160000,185.49,185.49,185.49,185.49,100,0
IYK.US,5,20211129,161500,185.86,185.86,185.86,185.86,100,0
IYK.US,5,20211129,163000,185.693,185.693,185.668,185.669,1568,0
IYK.US,5,20211129,165000,185.42,185.42,185.42,185.42,100,0
IYK.US,5,20211129,170500,185.74,185.74,185.74,185.74,100,0
IYK.US,5,20211129,172000,185.9,185.9,185.9,185.9,100,0
IYK.US,5,20211129,173500,185.921,185.921,185.9,185.9,450,0
IYK.US,5,20211129,174000,185.93,185.93,185.93,185.93,100,0
IYK.US,5,20211129,174500,185.865,185.865,185.865,185.865,151,0
IYK.US,5,20211129,175500,185.89,185.89,185.89,185.89,100,0
IYK.US,5,20211129,180500,186.11,186.11,186.11,186.11,100,0
IYK.US,5,20211129,181500,186.14,186.14,186.13,186.13,207,0
IYK.US,5,20211129,182500,186.24,186.24,186.24,186.24,100,0
IYK.US,5,20211129,183500,186.48,186.48,186.48,186.48,100,0
IYK.US,5,20211129,190000,186.39,186.39,186.39,186.39,100,0
IYK.US,5,20211129,191500,186.62,186.62,186.62,186.62,100,0
IYK.US,5,20211129,192500,186.43,186.43,186.43,186.43,100,0
IYK.US,5,20211129,194000,186.43,186.46,186.43,186.46,200,0
IYK.US,5,20211129,202000,186.64,186.64,186.64,186.64,100,0
IYK.US,5,20211129,203000,186.75,186.75,186.75,186.75,200,0
IYK.US,5,20211129,205000,186.48,186.48,186.37,186.37,300,0
IYK.US,5,20211129,210500,186.41,186.41,186.34,186.34,489,0
IYK.US,5,20211129,212000,186.4,186.4,186.4,186.4,100,0
IYK.US,5,20211129,212500,186.35,186.35,186.35,186.35,100,0
IYK.US,5,20211129,213500,186.44,186.44,186.44,186.44,100,0
IYK.US,5,20211129,214500,186.33,186.33,186.33,186.33,100,0
IYK.US,5,20211129,215000,186.33,186.33,186.33,186.33,100,0
IYK.US,5,20211129,215500,186.28,186.33,185.92,185.92,1547,0
IYK.US,5,20211130,153000,185.27,185.27,185.27,185.27,147,0
IYK.US,5,20211130,164500,183.73,183.73,183.71,183.71,250,0
IYK.US,5,20211130,165000,183,183,183,183,100,0
IYK.US,5,20211130,165500,183.016,183.016,183.016,183.016,135,0
IYK.US,5,20211130,172500,183.34,183.34,183.34,183.34,100,0
IYK.US,5,20211130,174000,183.094,183.094,183.094,183.094,157,0
IYK.US,5,20211130,175500,182.84,182.84,182.84,182.84,100,0
IYK.US,5,20211130,180000,182.931,182.931,182.818,182.818,250,0
IYK.US,5,20211130,181000,182.81,182.93,182.81,182.89,400,0
IYK.US,5,20211130,184000,183.09,183.09,183.09,183.09,125,0
IYK.US,5,20211130,185500,182.88,182.88,182.88,182.88,550,0
IYK.US,5,20211130,193000,183.025,183.025,183.025,183.025,797,0
IYK.US,5,20211130,201000,183.24,183.24,183.2,183.2,1001,0
IYK.US,5,20211130,205000,182.62,182.62,182.542,182.542,200,0
IYK.US,5,20211130,212000,181.92,181.92,181.92,181.92,232,0
IYK.US,5,20211130,213000,181.93,181.93,181.93,181.93,122,0
IYK.US,5,20211130,213500,181.67,181.67,181.661,181.661,260,0
IYK.US,5,20211130,215000,181.2,181.2,180.88,180.88,1500,0
IYK.US,5,20211130,215500,180.7,180.7,180.7,180.7,100,0
IYK.US,5,20211201,153000,182,182,182,182,128,0
IYK.US,5,20211201,154000,183.01,183.01,183.01,183.01,201,0
IYK.US,5,20211201,155500,182.85,182.85,182.85,182.85,120,0
IYK.US,5,20211201,160000,182.889,182.99,182.87,182.99,310,0
IYK.US,5,20211201,162000,183.81,183.81,183.81,183.81,100,0
IYK.US,5,20211201,162500,183.55,183.55,183.55,183.55,100,0
IYK.US,5,20211201,163000,183.325,183.325,183.25,183.25,719,0
IYK.US,5,20211201,164500,182.96,182.96,182.95,182.95,350,0
IYK.US,5,20211201,165500,183.01,183.01,183.01,183.01,100,0
IYK.US,5,20211201,171000,183.32,183.32,183.32,183.32,100,0
IYK.US,5,20211201,171500,183.659,183.659,183.659,183.659,127,0
IYK.US,5,20211201,172500,183.873,183.88,183.873,183.88,368,0
IYK.US,5,20211201,174500,183.81,183.81,183.81,183.81,100,0
IYK.US,5,20211201,182000,183.97,183.97,183.97,183.97,100,0
IYK.US,5,20211201,182500,183.81,183.81,183.73,183.73,200,0
IYK.US,5,20211201,190500,183.37,183.37,183.209,183.209,732,0
IYK.US,5,20211201,191000,183.11,183.11,183.11,183.11,100,0
IYK.US,5,20211201,191500,183.17,183.17,183.17,183.17,500,0
IYK.US,5,20211201,192000,182.93,182.93,182.93,182.93,100,0
IYK.US,5,20211201,193000,183.08,183.08,183.08,183.08,100,0
IYK.US,5,20211201,193500,182.9,182.9,182.9,182.9,100,0
IYK.US,5,20211201,194000,182.917,182.918,182.89,182.89,600,0
IYK.US,5,20211201,200000,182.673,182.673,182.673,182.673,443,0
IYK.US,5,20211201,200500,182.75,182.75,182.75,182.75,200,0
IYK.US,5,20211201,202000,182.785,182.785,182.785,182.785,161,0
IYK.US,5,20211201,203500,183.02,183.02,183.02,183.02,100,0
IYK.US,5,20211201,205000,182.84,182.84,182.84,182.84,100,0
IYK.US,5,20211201,205500,182.65,182.65,182.65,182.65,100,0
IYK.US,5,20211201,211000,182.53,182.53,182.53,182.53,100,0
IYK.US,5,20211201,212000,182.18,182.18,182.18,182.18,100,0
IYK.US,5,20211201,212500,181.91,182.031,181.91,182.031,300,0
IYK.US,5,20211201,215000,181.15,181.15,181.15,181.15,100,0
IYK.US,5,20211201,215500,180.83,180.83,180.55,180.58,1898,0
IYK.US,5,20211202,153000,180.83,180.83,180.83,180.83,203,0
IYK.US,5,20211202,162500,183.23,183.23,183.23,183.23,200,0
IYK.US,5,20211202,163000,183.395,183.395,183.395,183.395,200,0
IYK.US,5,20211202,165500,183.45,183.45,183.45,183.45,300,0
IYK.US,5,20211202,170000,183.54,183.54,183.54,183.54,100,0
IYK.US,5,20211202,171000,183.38,183.381,183.38,183.381,450,0
IYK.US,5,20211202,171500,183.36,183.395,183.36,183.37,700,0
IYK.US,5,20211202,173500,183.23,183.23,183.23,183.23,100,0
IYK.US,5,20211202,181000,183.78,183.81,183.78,183.81,200,0
IYK.US,5,20211202,182000,183.79,183.79,183.79,183.79,100,0
IYK.US,5,20211202,184000,183.44,183.44,183.44,183.44,210,0
IYK.US,5,20211202,185000,183.64,183.64,183.64,183.64,100,0
IYK.US,5,20211202,185500,183.703,183.703,183.703,183.703,233,0
IYK.US,5,20211202,190000,183.65,183.799,183.62,183.799,634,0
IYK.US,5,20211202,203000,184.17,184.17,184.17,184.17,323,0
IYK.US,5,20211202,203500,184.14,184.175,184.14,184.175,245,0
IYK.US,5,20211202,205500,184.029,184.029,184.029,184.029,150,0
IYK.US,5,20211202,210000,184.03,184.03,184.03,184.03,136,0
IYK.US,5,20211202,213500,183.7,183.7,183.7,183.7,100,0
IYK.US,5,20211202,214500,183.5,183.66,183.49,183.66,1038,0
IYK.US,5,20211202,215000,183.38,183.38,183.38,183.38,200,0
IYK.US,5,20211202,215500,182.92,183.06,182.87,183.06,658,0
IYK.US,5,20211203,153000,183.92,183.92,183.92,183.92,371,0
IYK.US,5,20211203,155000,184,184,184,184,100,0
IYK.US,5,20211203,161000,184.15,184.15,184.1,184.1,230,0
IYK.US,5,20211203,163500,184.42,184.42,184.42,184.42,100,0
IYK.US,5,20211203,164500,184.05,184.05,184.05,184.05,100,0
IYK.US,5,20211203,165000,184.02,184.02,184.02,184.02,100,0
IYK.US,5,20211203,165500,184.03,184.03,184.03,184.03,100,0
IYK.US,5,20211203,170000,183.92,183.92,183.92,183.92,200,0
IYK.US,5,20211203,172000,184.57,184.57,184.57,184.57,100,0
IYK.US,5,20211203,173000,184.58,184.68,184.58,184.68,200,0
IYK.US,5,20211203,173500,184.55,184.58,184.54,184.554,450,0
IYK.US,5,20211203,174000,184.33,184.33,184.33,184.33,148,0
IYK.US,5,20211203,175000,184.34,184.34,184.34,184.34,100,0
IYK.US,5,20211203,175500,184.28,184.28,184.28,184.28,100,0
IYK.US,5,20211203,181000,184.435,184.435,184.435,184.435,100,0
IYK.US,5,20211203,181500,184.42,184.56,184.42,184.56,300,0
IYK.US,5,20211203,183000,184.72,184.72,184.72,184.72,100,0
IYK.US,5,20211203,183500,184.64,184.72,184.64,184.72,200,0
IYK.US,5,20211203,184000,184.54,184.66,184.54,184.66,200,0
IYK.US,5,20211203,184500,184.458,184.458,184.458,184.458,135,0
IYK.US,5,20211203,185500,184.5,184.5,184.5,184.5,100,0
IYK.US,5,20211203,190500,184.69,184.69,184.66,184.66,200,0
IYK.US,5,20211203,191000,184.681,184.681,184.681,184.681,200,0
IYK.US,5,20211203,191500,184.77,184.77,184.77,184.77,100,0
IYK.US,5,20211203,192500,184.98,184.98,184.98,184.98,200,0
IYK.US,5,20211203,194000,184.81,184.81,184.81,184.81,100,0
IYK.US,5,20211203,194500,184.92,184.92,184.92,184.92,100,0
IYK.US,5,20211203,195500,184.98,184.98,184.98,184.98,100,0
IYK.US,5,20211203,200000,184.78,184.78,184.74,184.74,200,0
IYK.US,5,20211203,201000,184.62,184.62,184.62,184.62,100,0
IYK.US,5,20211203,201500,184.64,184.64,184.64,184.64,100,0
IYK.US,5,20211203,202000,184.4,184.72,184.4,184.72,200,0
IYK.US,5,20211203,202500,184.428,184.428,184.428,184.428,250,0
IYK.US,5,20211203,203000,184.54,184.54,184.54,184.54,100,0
IYK.US,5,20211203,204500,184.5,184.58,184.5,184.58,300,0
IYK.US,5,20211203,205000,184.46,184.53,184.46,184.53,200,0
IYK.US,5,20211203,205500,184.32,184.32,184.32,184.32,220,0
IYK.US,5,20211203,210000,184.4,184.55,184.4,184.55,200,0
IYK.US,5,20211203,210500,184.76,184.76,184.461,184.49,477,0
IYK.US,5,20211203,212000,184.66,184.81,184.66,184.81,700,0
IYK.US,5,20211203,213000,184.95,184.95,184.95,184.95,100,0
IYK.US,5,20211203,213500,185.02,185.02,185.01,185.01,200,0
IYK.US,5,20211203,214000,184.83,184.83,184.83,184.83,135,0
IYK.US,5,20211203,215000,184.919,185.12,184.919,185.12,300,0
IYK.US,5,20211203,215500,185.29,185.39,185.29,185.39,300,0
IYK.US,5,20211206,153000,186.54,186.54,186.54,186.54,963,0
IYK.US,5,20211206,153500,187.57,187.57,187.57,187.57,100,0
IYK.US,5,20211206,154500,188.16,188.16,188.06,188.06,350,0
IYK.US,5,20211206,155000,187.85,187.85,187.85,187.85,100,0
IYK.US,5,20211206,160000,188.3,188.3,188.3,188.3,100,0
IYK.US,5,20211206,162500,188.95,188.95,188.845,188.845,200,0
IYK.US,5,20211206,164000,189.115,189.115,189.115,189.115,100,0
IYK.US,5,20211206,164500,189.14,189.14,189.14,189.14,100,0
IYK.US,5,20211206,165500,189.16,189.16,189.16,189.16,100,0
IYK.US,5,20211206,171500,188.95,188.95,188.95,188.95,100,0
IYK.US,5,20211206,173000,189.04,189.04,189.04,189.04,100,0
IYK.US,5,20211206,174000,189.1,189.1,189.1,189.1,100,0
IYK.US,5,20211206,174500,189.028,189.028,189.028,189.028,188,0
IYK.US,5,20211206,175000,189.09,189.09,189.09,189.09,100,0
IYK.US,5,20211206,175500,189.1,189.1,189.1,189.1,100,0
IYK.US,5,20211206,181000,188.94,188.94,188.94,188.94,100,0
IYK.US,5,20211206,182000,189.11,189.11,189.11,189.11,100,0
IYK.US,5,20211206,191500,189.38,189.38,189.38,189.38,100,0
IYK.US,5,20211206,192000,189.41,189.41,189.41,189.41,100,0
IYK.US,5,20211206,193000,189.445,189.445,189.445,189.445,400,0
IYK.US,5,20211206,200000,189.19,189.19,189.19,189.19,100,0
IYK.US,5,20211206,200500,189.02,189.02,189.02,189.02,100,0
IYK.US,5,20211206,201000,189.068,189.068,189.068,189.068,500,0
IYK.US,5,20211206,203000,189.07,189.07,189.063,189.063,200,0
IYK.US,5,20211206,203500,189.094,189.094,189.094,189.094,889,0
IYK.US,5,20211206,204500,188.84,188.84,188.84,188.84,149,0
IYK.US,5,20211206,205500,188.66,188.739,188.66,188.739,400,0
IYK.US,5,20211206,210000,188.81,188.81,188.81,188.81,100,0
IYK.US,5,20211206,211000,188.63,188.64,188.63,188.64,700,0
IYK.US,5,20211206,212000,188.837,188.837,188.837,188.837,100,0
IYK.US,5,20211206,214500,188.75,188.76,188.75,188.76,400,0
IYK.US,5,20211206,215500,188.82,188.87,188.69,188.69,1400,0
IYK.US,5,20211207,153000,188.94,188.94,188.69,188.69,358,0
IYK.US,5,20211207,154500,189.356,189.54,189.356,189.53,1368,0
IYK.US,5,20211207,160000,189.47,189.53,189.47,189.53,200,0
IYK.US,5,20211207,160500,189.56,189.56,189.56,189.56,127,0
IYK.US,5,20211207,163000,189.88,189.88,189.82,189.82,222,0
IYK.US,5,20211207,163500,189.8,189.81,189.8,189.81,500,0
IYK.US,5,20211207,164500,189.63,189.63,189.63,189.63,600,0
IYK.US,5,20211207,170000,189.637,189.637,189.637,189.637,1250,0
IYK.US,5,20211207,171000,189.485,189.485,189.485,189.485,159,0
IYK.US,5,20211207,172000,189.51,189.51,189.51,189.51,100,0
IYK.US,5,20211207,172500,189.5,189.5,189.44,189.44,300,0
IYK.US,5,20211207,173000,189.55,189.55,189.55,189.55,200,0
IYK.US,5,20211207,174500,189.6,189.6,189.6,189.6,100,0
IYK.US,5,20211207,180500,189.46,189.5,189.417,189.417,420,0
IYK.US,5,20211207,182500,189.4,189.4,189.38,189.38,300,0
IYK.US,5,20211207,190500,189.32,189.32,189.32,189.32,224,0
IYK.US,5,20211207,191500,189.29,189.29,189.29,189.29,100,0
IYK.US,5,20211207,192000,189.26,189.26,189.26,189.26,100,0
IYK.US,5,20211207,192500,189.259,189.259,189.259,189.259,100,0
IYK.US,5,20211207,193000,189.16,189.16,189.16,189.16,158,0
IYK.US,5,20211207,202500,189.185,189.185,189.185,189.185,100,0
IYK.US,5,20211207,211000,189.19,189.19,189.19,189.19,100,0
IYK.US,5,20211207,214500,188.705,188.705,188.705,188.705,100,0
IYK.US,5,20211207,215000,188.83,188.83,188.74,188.74,200,0
IYK.US,5,20211207,215500,189.07,189.07,188.83,188.83,3268,0
IYK.US,5,20211208,153000,188.84,189.14,188.84,189.14,426,0
IYK.US,5,20211208,154500,188.75,188.75,188.75,188.75,100,0
IYK.US,5,20211208,162000,188.7,188.7,188.7,188.7,100,0
IYK.US,5,20211208,164500,188.121,188.121,188.121,188.121,100,0
IYK.US,5,20211208,173000,187.58,187.58,187.57,187.57,200,0
IYK.US,5,20211208,175500,187.39,187.39,187.353,187.353,265,0
IYK.US,5,20211208,190000,188.006,188.006,188.006,188.006,109,0
IYK.US,5,20211208,194000,188.091,188.091,188.091,188.091,107,0
IYK.US,5,20211208,194500,187.99,187.99,187.99,187.99,100,0
IYK.US,5,20211208,195500,188.168,188.168,188.168,188.168,125,0
IYK.US,5,20211208,201000,188.33,188.33,188.33,188.33,100,0
IYK.US,5,20211208,204500,188.25,188.25,188.24,188.24,200,0
IYK.US,5,20211208,205500,188.309,188.309,188.309,188.309,210,0
IYK.US,5,20211208,210500,188.52,188.52,188.52,188.52,100,0
IYK.US,5,20211208,211000,188.541,188.541,188.541,188.541,256,0
IYK.US,5,20211208,212500,188.702,188.702,188.702,188.702,125,0
IYK.US,5,20211208,213000,188.67,188.69,188.67,188.69,340,0
IYK.US,5,20211208,213500,188.61,188.61,188.61,188.61,100,0
IYK.US,5,20211208,215000,188.831,188.885,188.831,188.885,250,0
IYK.US,5,20211209,153000,188.04,188.623,188.04,188.41,1926,0
IYK.US,5,20211209,162000,188.75,188.75,188.75,188.75,100,0
IYK.US,5,20211209,163000,188.71,188.782,188.71,188.782,477,0
IYK.US,5,20211209,163500,188.77,188.77,188.77,188.77,100,0
IYK.US,5,20211209,165000,188.89,188.89,188.89,188.89,100,0
IYK.US,5,20211209,170000,188.73,188.73,188.73,188.73,100,0
IYK.US,5,20211209,171000,188.65,188.65,188.65,188.65,100,0
IYK.US,5,20211209,172000,188.43,188.43,188.43,188.43,100,0
IYK.US,5,20211209,173000,188.5,188.5,188.5,188.5,100,0
IYK.US,5,20211209,173500,188.608,188.608,188.608,188.608,120,0
IYK.US,5,20211209,174000,188.7,188.7,188.7,188.7,100,0
IYK.US,5,20211209,175000,188.64,188.66,188.64,188.66,200,0
IYK.US,5,20211209,175500,188.62,188.62,188.62,188.62,100,0
IYK.US,5,20211209,180500,188.76,188.76,188.76,188.76,100,0
IYK.US,5,20211209,182500,188.85,188.85,188.85,188.85,100,0
IYK.US,5,20211209,183000,188.96,188.96,188.96,188.96,100,0
IYK.US,5,20211209,183500,188.98,188.98,188.98,188.98,150,0
IYK.US,5,20211209,184500,188.97,188.97,188.97,188.97,100,0
IYK.US,5,20211209,190500,189.38,189.38,189.38,189.38,100,0
IYK.US,5,20211209,192000,189.56,189.56,189.56,189.56,100,0
IYK.US,5,20211209,193500,189.7,189.7,189.7,189.7,100,0
IYK.US,5,20211209,194000,189.715,189.715,189.715,189.715,106,0
IYK.US,5,20211209,194500,189.82,189.82,189.82,189.82,100,0
IYK.US,5,20211209,195000,189.84,189.84,189.84,189.84,100,0
IYK.US,5,20211209,195500,189.824,189.824,189.824,189.824,132,0
IYK.US,5,20211209,200500,189.75,189.75,189.75,189.75,105,0
IYK.US,5,20211209,201500,189.71,189.71,189.71,189.71,100,0
IYK.US,5,20211209,203000,189.64,189.64,189.64,189.64,100,0
IYK.US,5,20211209,204000,189.71,189.71,189.71,189.71,100,0
IYK.US,5,20211209,205500,189.56,189.56,189.56,189.56,137,0
IYK.US,5,20211209,210500,189.75,189.75,189.75,189.75,100,0
IYK.US,5,20211209,215000,189.39,189.39,189.39,189.39,100,0
IYK.US,5,20211210,153000,190.17,190.17,190.17,190.17,495,0
IYK.US,5,20211210,153500,190.335,190.335,190.335,190.335,100,0
IYK.US,5,20211210,154000,190.403,190.403,190.403,190.403,105,0
IYK.US,5,20211210,155500,190.9,190.9,190.9,190.9,133,0
IYK.US,5,20211210,161000,190.43,190.45,190.418,190.45,2200,0
IYK.US,5,20211210,161500,190.46,190.5,190.46,190.49,1502,0
IYK.US,5,20211210,163000,190.63,190.63,190.63,190.63,100,0
IYK.US,5,20211210,163500,190.6,190.6,190.545,190.545,247,0
IYK.US,5,20211210,174500,191.02,191.02,191.02,191.02,100,0
IYK.US,5,20211210,181000,191.01,191.04,191.01,191.04,1200,0
IYK.US,5,20211210,184500,190.94,190.96,190.94,190.96,400,0
IYK.US,5,20211210,190500,191.22,191.26,191.22,191.26,200,0
IYK.US,5,20211210,191500,191.347,191.347,191.31,191.31,325,0
IYK.US,5,20211210,192000,191.39,191.39,191.39,191.39,187,0
IYK.US,5,20211210,194000,191.42,191.42,191.39,191.39,1300,0
IYK.US,5,20211210,201000,191.61,191.61,191.61,191.61,304,0
IYK.US,5,20211210,202500,191.67,191.67,191.67,191.67,100,0
IYK.US,5,20211210,203000,191.69,191.69,191.69,191.69,200,0
IYK.US,5,20211210,204500,191.7,191.7,191.61,191.61,300,0
IYK.US,5,20211210,205000,191.51,191.51,191.51,191.51,100,0
IYK.US,5,20211210,205500,191.53,191.54,191.53,191.54,200,0
IYK.US,5,20211210,210000,191.53,191.53,191.53,191.53,100,0
IYK.US,5,20211210,211000,191.63,191.63,191.531,191.55,428,0
IYK.US,5,20211210,211500,191.65,191.65,191.65,191.65,100,0
IYK.US,5,20211210,212000,191.52,191.58,191.52,191.58,268,0
IYK.US,5,20211210,212500,191.56,191.56,191.56,191.56,234,0
IYK.US,5,20211210,213000,191.525,191.56,191.525,191.56,200,0
IYK.US,5,20211210,213500,191.56,191.56,191.54,191.54,2083,0
IYK.US,5,20211210,214500,191.72,191.72,191.711,191.711,400,0
IYK.US,5,20211210,215500,191.67,191.73,191.67,191.73,252,0
IYK.US,5,20211213,153000,190.53,190.949,190.53,190.949,1616,0
IYK.US,5,20211213,154000,191.33,191.33,191.33,191.33,100,0
IYK.US,5,20211213,154500,190.78,190.78,190.59,190.59,1250,0
IYK.US,5,20211213,160000,190.384,190.384,190.384,190.384,230,0
IYK.US,5,20211213,161000,190.445,190.445,190.445,190.445,150,0
IYK.US,5,20211213,163000,190.64,190.64,190.636,190.636,420,0
IYK.US,5,20211213,165000,191.07,191.07,191.07,191.07,313,0
IYK.US,5,20211213,165500,191.18,191.199,191.18,191.199,364,0
IYK.US,5,20211213,171500,191.4,191.4,191.4,191.4,100,0
IYK.US,5,20211213,172000,191.66,191.67,191.66,191.67,1527,0
IYK.US,5,20211213,173000,191.94,192.05,191.94,192.05,730,0
IYK.US,5,20211213,175500,192.53,192.53,192.53,192.53,100,0
IYK.US,5,20211213,181000,192.6,192.6,192.6,192.6,100,0
IYK.US,5,20211213,184500,192.64,192.64,192.633,192.633,400,0
IYK.US,5,20211213,190500,192.66,192.66,192.66,192.66,160,0
IYK.US,5,20211213,191000,192.64,192.64,192.615,192.615,203,0
IYK.US,5,20211213,194000,192.64,192.64,192.64,192.64,200,0
IYK.US,5,20211213,195000,192.568,192.568,192.568,192.568,100,0
IYK.US,5,20211213,200000,192.65,192.65,192.65,192.65,130,0
IYK.US,5,20211213,200500,192.8,192.8,192.8,192.8,100,0
IYK.US,5,20211213,202000,192.838,192.838,192.838,192.838,264,0
IYK.US,5,20211213,203500,192.66,192.66,192.64,192.64,433,0
IYK.US,5,20211213,204000,192.82,192.85,192.82,192.85,2854,0
IYK.US,5,20211213,205500,192.98,192.98,192.98,192.98,336,0
IYK.US,5,20211213,210500,192.95,192.95,192.95,192.95,807,0
IYK.US,5,20211213,212000,193.08,193.08,193.08,193.08,260,0
IYK.US,5,20211213,213000,193.2,193.2,193.199,193.2,1100,0
IYK.US,5,20211213,215000,193.01,193.01,192.97,192.97,390,0
IYK.US,5,20211213,215500,192.79,192.83,192.71,192.79,970,0
IYK.US,5,20211214,153000,193.12,193.12,193.12,193.12,100,0
IYK.US,5,20211214,153500,193.33,193.35,193.33,193.35,500,0
IYK.US,5,20211214,154000,193.01,193.01,193.01,193.01,100,0
IYK.US,5,20211214,162000,192.76,192.8,192.76,192.8,300,0
IYK.US,5,20211214,163000,192.46,192.495,192.44,192.44,1409,0
IYK.US,5,20211214,163500,192.402,192.402,192.402,192.402,190,0
IYK.US,5,20211214,164000,192.52,192.68,192.52,192.68,356,0
IYK.US,5,20211214,170000,192.93,193.01,192.919,193.01,575,0
IYK.US,5,20211214,171000,193.23,193.23,193.23,193.23,200,0
IYK.US,5,20211214,171500,193.27,193.27,193.27,193.27,115,0
IYK.US,5,20211214,173000,193.15,193.15,193.15,193.15,1034,0
IYK.US,5,20211214,173500,193,193,193,193,265,0
IYK.US,5,20211214,183000,193.2,193.2,193.2,193.2,130,0
IYK.US,5,20211214,190000,192.79,192.79,192.79,192.79,100,0
IYK.US,5,20211214,191000,192.94,192.94,192.935,192.935,206,0
IYK.US,5,20211214,191500,192.99,192.99,192.965,192.965,676,0
IYK.US,5,20211214,192500,192.95,192.95,192.95,192.95,100,0
IYK.US,5,20211214,194000,192.925,192.925,192.925,192.925,106,0
IYK.US,5,20211214,201000,192.96,192.96,192.96,192.96,100,0
IYK.US,5,20211214,205500,193.102,193.102,193.102,193.102,214,0
IYK.US,5,20211214,211500,193.21,193.21,193.21,193.21,400,0
IYK.US,5,20211214,212000,193.08,193.08,193.08,193.08,100,0
IYK.US,5,20211214,213000,193.16,193.16,193.16,193.16,100,0
IYK.US,5,20211214,214000,193.11,193.11,193.11,193.11,200,0
IYK.US,5,20211214,215000,192.81,192.81,192.81,192.81,100,0
IYK.US,5,20211215,153000,193.05,193.05,193.05,193.05,483,0
IYK.US,5,20211215,153500,193.34,193.34,193.258,193.258,304,0
IYK.US,5,20211215,154000,193.258,193.258,193.258,193.258,120,0
IYK.US,5,20211215,154500,193.152,193.337,193.152,193.337,650,0
IYK.US,5,20211215,155000,193.51,193.51,193.51,193.51,100,0
IYK.US,5,20211215,160000,193.085,193.085,193.085,193.085,200,0
IYK.US,5,20211215,161000,193.23,193.23,193.23,193.23,100,0
IYK.US,5,20211215,161500,193.31,193.31,193.301,193.301,230,0
IYK.US,5,20211215,163500,193.369,193.38,193.358,193.38,690,0
IYK.US,5,20211215,171000,193.745,193.745,193.745,193.745,133,0
IYK.US,5,20211215,172000,193.88,193.88,193.88,193.88,100,0
IYK.US,5,20211215,173000,193.87,193.88,193.87,193.88,800,0
IYK.US,5,20211215,174000,194.02,194.02,194.02,194.02,100,0
IYK.US,5,20211215,174500,194,194,194,194,100,0
IYK.US,5,20211215,175500,194.09,194.09,194.09,194.09,100,0
IYK.US,5,20211215,180000,194,194,194,194,100,0
IYK.US,5,20211215,180500,194.16,194.16,194.12,194.16,500,0
IYK.US,5,20211215,181500,194.2,194.2,194.2,194.2,100,0
IYK.US,5,20211215,182500,194.2,194.26,194.2,194.26,425,0
IYK.US,5,20211215,185500,194.1,194.1,194.1,194.1,100,0
IYK.US,5,20211215,191000,194.1,194.1,194.02,194.02,200,0
IYK.US,5,20211215,193000,193.79,193.79,193.79,193.79,100,0
IYK.US,5,20211215,195000,193.538,193.538,193.538,193.538,130,0
IYK.US,5,20211215,195500,193.45,193.45,193.45,193.45,100,0
IYK.US,5,20211215,200000,193.135,193.135,193.135,193.135,140,0
IYK.US,5,20211215,202000,193.74,193.74,193.565,193.565,810,0
IYK.US,5,20211215,203000,193.67,193.81,193.67,193.81,400,0
IYK.US,5,20211215,204000,194.07,194.07,194.07,194.07,100,0
IYK.US,5,20211215,204500,194.105,194.105,194.105,194.105,150,0
IYK.US,5,20211215,205000,194.09,194.09,194.09,194.09,800,0
IYK.US,5,20211215,205500,194.08,194.08,194.07,194.07,200,0
IYK.US,5,20211215,210000,193.88,193.88,193.88,193.88,100,0
IYK.US,5,20211215,210500,194,194.217,194,194.217,555,0
IYK.US,5,20211215,211000,194.09,194.09,194.09,194.09,100,0
IYK.US,5,20211215,211500,194.34,194.34,194.34,194.34,100,0
IYK.US,5,20211215,212000,194.504,194.504,194.504,194.504,124,0
IYK.US,5,20211215,213000,194.7,194.7,194.49,194.49,1798,0
IYK.US,5,20211215,213500,194.56,194.56,194.51,194.51,400,0
IYK.US,5,20211215,214000,194.55,194.55,194.35,194.35,1000,0
IYK.US,5,20211215,214500,194.27,194.27,194.06,194.06,1219,0
IYK.US,5,20211215,215000,194.05,194.18,194.05,194.18,200,0
IYK.US,5,20211215,215500,194.45,194.64,194.45,194.64,680,0
IYK.US,5,20211216,153000,194.82,194.82,194.77,194.77,720,0
IYK.US,5,20211216,153500,194.85,194.85,194.85,194.85,252,0
IYK.US,5,20211216,161000,195.78,195.78,195.78,195.78,500,0
IYK.US,5,20211216,162000,195.75,195.75,195.75,195.75,115,0
IYK.US,5,20211216,162500,195.65,195.65,195.65,195.65,100,0
IYK.US,5,20211216,163000,195.66,195.66,195.66,195.66,300,0
IYK.US,5,20211216,163500,195.795,195.829,195.795,195.829,304,0
IYK.US,5,20211216,165500,196.27,196.27,196.27,196.27,169,0
IYK.US,5,20211216,170500,196.285,196.285,196.285,196.285,250,0
IYK.US,5,20211216,171000,196.28,196.28,196.28,196.28,100,0
IYK.US,5,20211216,172000,196.58,196.58,196.499,196.499,200,0
IYK.US,5,20211216,174000,196.55,196.55,196.55,196.55,100,0
IYK.US,5,20211216,174500,196.71,196.71,196.71,196.71,100,0
IYK.US,5,20211216,175000,196.65,196.65,196.65,196.65,200,0
IYK.US,5,20211216,180000,196.64,196.64,196.615,196.615,254,0
IYK.US,5,20211216,180500,196.64,196.64,196.64,196.64,100,0
IYK.US,5,20211216,181500,196.939,196.939,196.939,196.939,152,0
IYK.US,5,20211216,182000,197,197,197,197,194,0
IYK.US,5,20211216,190500,196.745,196.745,196.6,196.6,300,0
IYK.US,5,20211216,191500,196.659,196.659,196.659,196.659,273,0
IYK.US,5,20211216,192000,196.809,196.809,196.809,196.809,255,0
IYK.US,5,20211216,192500,196.799,196.799,196.77,196.77,327,0
IYK.US,5,20211216,193500,196.527,196.55,196.527,196.55,1000,0
IYK.US,5,20211216,194500,196.62,196.63,196.62,196.63,300,0
IYK.US,5,20211216,195000,196.64,196.65,196.64,196.65,200,0
IYK.US,5,20211216,200500,196.8,196.8,196.8,196.8,100,0
IYK.US,5,20211216,201000,196.778,196.778,196.778,196.778,102,0
IYK.US,5,20211216,203500,196.88,196.88,196.88,196.88,200,0
IYK.US,5,20211216,210000,196.369,196.369,196.325,196.325,222,0
IYK.US,5,20211216,210500,196.42,196.42,196.39,196.39,203,0
IYK.US,5,20211216,211500,196.529,196.529,196.529,196.529,427,0
IYK.US,5,20211216,212500,196.78,196.78,196.78,196.78,100,0
IYK.US,5,20211216,213000,196.84,196.84,196.84,196.84,100,0
IYK.US,5,20211216,214000,197.04,197.04,196.77,196.77,228,0
IYK.US,5,20211216,215500,196.811,196.811,196.75,196.81,1114,0
IYK.US,5,20211217,153000,196.48,196.82,196.48,196.82,1443,0
IYK.US,5,20211217,153500,196.221,196.3,196.221,196.285,586,0
IYK.US,5,20211217,154500,196.09,196.15,195.966,195.966,695,0
IYK.US,5,20211217,162000,195.863,195.863,195.863,195.863,510,0
IYK.US,5,20211217,162500,195.61,195.61,195.61,195.61,100,0
IYK.US,5,20211217,164500,196.19,196.279,196.154,196.154,876,0
IYK.US,5,20211217,165000,196.11,196.11,196.11,196.11,100,0
IYK.US,5,20211217,165500,196.419,196.419,196.419,196.419,152,0
IYK.US,5,20211217,170000,196.324,196.324,196.324,196.324,460,0
IYK.US,5,20211217,170500,196.301,196.301,196.301,196.301,100,0
IYK.US,5,20211217,172500,196.024,196.024,196.024,196.024,100,0
IYK.US,5,20211217,173500,196.07,196.07,195.85,195.85,200,0
IYK.US,5,20211217,174000,195.99,195.99,195.99,195.99,100,0
IYK.US,5,20211217,174500,195.77,195.77,195.77,195.77,100,0
IYK.US,5,20211217,175000,195.688,195.688,195.688,195.688,110,0
IYK.US,5,20211217,180000,195.67,195.67,195.67,195.67,100,0
IYK.US,5,20211217,181000,195.39,195.43,195.39,195.43,2200,0
IYK.US,5,20211217,182500,195.68,195.68,195.68,195.68,100,0
IYK.US,5,20211217,185500,195.85,195.85,195.85,195.85,400,0
IYK.US,5,20211217,192000,195.61,195.61,195.61,195.61,180,0
IYK.US,5,20211217,193500,196.04,196.04,196.04,196.04,300,0
IYK.US,5,20211217,195500,196.249,196.249,196.249,196.249,250,0
IYK.US,5,20211217,203000,195.73,195.73,195.69,195.69,227,0
IYK.US,5,20211217,203500,195.47,195.47,195.47,195.47,300,0
IYK.US,5,20211217,204000,195.545,195.545,195.49,195.49,300,0
IYK.US,5,20211217,204500,195.65,195.65,195.65,195.65,100,0
IYK.US,5,20211217,205500,195.449,195.449,195.449,195.449,255,0
IYK.US,5,20211217,210000,195.53,195.53,195.53,195.53,139,0
IYK.US,5,20211217,211500,195.56,195.56,195.36,195.37,833,0
IYK.US,5,20211217,212500,195.56,195.56,195.56,195.56,100,0
IYK.US,5,20211217,213500,195.39,195.39,195.14,195.18,660,0
IYK.US,5,20211217,214000,195.23,195.33,195.23,195.33,400,0
IYK.US,5,20211217,214500,194.955,194.955,194.84,194.84,372,0
IYK.US,5,20211217,215000,194.539,194.539,194.4,194.4,300,0
IYK.US,5,20211217,215500,194.37,194.59,194.2,194.27,2213,0
IYK.US,5,20211220,153000,192.96,192.96,192.96,192.96,448,0
IYK.US,5,20211220,161000,193.18,193.18,193.18,193.18,100,0
IYK.US,5,20211220,161500,192.999,192.999,192.999,192.999,156,0
IYK.US,5,20211220,163000,192.58,192.58,192.58,192.58,100,0
IYK.US,5,20211220,164000,192.693,192.693,192.693,192.693,291,0
IYK.US,5,20211220,165500,192.695,192.699,192.695,192.699,434,0
IYK.US,5,20211220,173000,192.857,192.857,192.837,192.837,1300,0
IYK.US,5,20211220,174000,192.79,192.79,192.79,192.79,100,0
IYK.US,5,20211220,175000,192.98,192.98,192.98,192.98,100,0
IYK.US,5,20211220,181500,193.05,193.05,193.05,193.05,100,0
IYK.US,5,20211220,182000,193.14,193.14,193.14,193.14,207,0
IYK.US,5,20211220,184000,192.91,192.91,192.91,192.91,100,0
IYK.US,5,20211220,185500,193.09,193.09,193.09,193.09,258,0
IYK.US,5,20211220,192000,193.17,193.17,193.17,193.17,100,0
IYK.US,5,20211220,193500,193.46,193.46,193.46,193.46,200,0
IYK.US,5,20211220,194500,193.62,193.62,193.61,193.61,200,0
IYK.US,5,20211220,195000,193.68,193.68,193.59,193.59,743,0
IYK.US,5,20211220,195500,193.66,193.66,193.66,193.66,100,0
IYK.US,5,20211220,200000,193.761,193.761,193.761,193.761,100,0
IYK.US,5,20211220,200500,193.65,193.65,193.65,193.65,100,0
IYK.US,5,20211220,204000,193.44,193.44,193.44,193.44,100,0
IYK.US,5,20211220,204500,193.448,193.448,193.448,193.448,100,0
IYK.US,5,20211220,205500,193.38,193.38,193.38,193.38,100,0
IYK.US,5,20211220,210000,193.33,193.33,193.32,193.32,200,0
IYK.US,5,20211220,210500,193.41,193.41,193.41,193.41,100,0
IYK.US,5,20211220,211000,193.4,193.4,193.4,193.4,100,0
IYK.US,5,20211220,211500,193.296,193.48,193.296,193.48,215,0
IYK.US,5,20211220,212000,193.545,193.545,193.48,193.509,887,0
IYK.US,5,20211220,212500,193.422,193.422,193.422,193.422,100,0
IYK.US,5,20211220,213000,193.6,193.74,193.6,193.74,230,0
IYK.US,5,20211220,213500,193.6,193.61,193.6,193.61,200,0
IYK.US,5,20211220,214500,193.81,193.81,193.81,193.81,100,0
IYK.US,5,20211220,215000,193.91,193.97,193.91,193.96,300,0
IYK.US,5,20211220,215500,193.84,193.85,193.84,193.85,200,0
IYK.US,5,20211221,153000,193.99,194.075,193.99,194.075,491,0
IYK.US,5,20211221,155000,194.06,194.22,194.06,194.22,440,0
IYK.US,5,20211221,155500,193.911,193.911,193.911,193.911,224,0
IYK.US,5,20211221,160500,193.61,193.7,193.61,193.7,295,0
IYK.US,5,20211221,162000,194.13,194.18,194.13,194.18,200,0
IYK.US,5,20211221,165500,193.55,193.55,193.55,193.55,100,0
IYK.US,5,20211221,171000,193.55,193.55,193.55,193.55,846,0
IYK.US,5,20211221,174000,193.79,193.821,193.79,193.821,808,0
IYK.US,5,20211221,180500,193.91,193.91,193.91,193.91,100,0
IYK.US,5,20211221,181000,194.199,194.199,194.199,194.199,175,0
IYK.US,5,20211221,183000,194.18,194.18,194.17,194.17,200,0
IYK.US,5,20211221,183500,194.32,194.32,194.32,194.32,100,0
IYK.US,5,20211221,184500,194.23,194.23,194.23,194.23,100,0
IYK.US,5,20211221,185000,194.43,194.43,194.43,194.43,300,0
IYK.US,5,20211221,191000,194.189,194.189,194.189,194.189,156,0
IYK.US,5,20211221,192000,193.99,193.99,193.99,193.99,100,0
IYK.US,5,20211221,193500,194.01,194.01,194.01,194.01,100,0
IYK.US,5,20211221,194000,193.989,193.989,193.989,193.989,129,0
IYK.US,5,20211221,194500,194.18,194.18,194.18,194.18,103,0
IYK.US,5,20211221,195000,194.18,194.18,194.18,194.18,100,0
IYK.US,5,20211221,200500,194,194,193.98,193.98,2960,0
IYK.US,5,20211221,201000,193.895,193.895,193.895,193.895,127,0
IYK.US,5,20211221,201500,193.89,193.89,193.89,193.89,391,0
IYK.US,5,20211221,202000,193.67,193.67,193.67,193.67,100,0
IYK.US,5,20211221,203000,193.88,193.88,193.855,193.855,312,0
IYK.US,5,20211221,204500,193.62,193.62,193.62,193.62,100,0
IYK.US,5,20211221,205000,193.767,193.767,193.767,193.767,129,0
IYK.US,5,20211221,210500,193.87,193.87,193.87,193.87,1389,0
IYK.US,5,20211221,211000,193.81,193.89,193.81,193.89,300,0
IYK.US,5,20211221,211500,194.03,194.08,194.02,194.04,5080,0
IYK.US,5,20211221,212000,194.13,194.28,194.08,194.16,22594,0
IYK.US,5,20211221,212500,194.07,194.07,194.07,194.07,279,0
IYK.US,5,20211221,213500,193.977,193.977,193.977,193.977,100,0
IYK.US,5,20211221,214000,193.93,193.93,193.93,193.93,15892,0
IYK.US,5,20211221,215000,193.67,193.692,193.67,193.692,254,0
IYK.US,5,20211221,215500,193.98,194.055,193.98,194.055,200,0
IYK.US,5,20211222,153500,194.25,194.25,194.25,194.25,235,0
IYK.US,5,20211222,154000,193.895,193.895,193.895,193.895,133,0
IYK.US,5,20211222,155000,193.465,193.465,193.465,193.465,103,0
IYK.US,5,20211222,155500,193.222,193.42,193.222,193.42,268,0
IYK.US,5,20211222,160000,193.5,193.542,193.5,193.542,420,0
IYK.US,5,20211222,160500,194.13,194.13,194.13,194.13,100,0
IYK.US,5,20211222,161000,194.07,194.07,194.07,194.07,200,0
IYK.US,5,20211222,162500,193.9,193.9,193.9,193.9,100,0
IYK.US,5,20211222,163500,194.08,194.09,194.08,194.09,473,0
IYK.US,5,20211222,165000,194.599,194.62,194.599,194.6,400,0
IYK.US,5,20211222,170500,194.69,194.69,194.54,194.54,1052,0
IYK.US,5,20211222,171000,194.6,194.6,194.6,194.6,100,0
IYK.US,5,20211222,171500,194.59,194.59,194.59,194.59,102,0
IYK.US,5,20211222,172000,194.59,194.62,194.59,194.62,1100,0
IYK.US,5,20211222,172500,194.579,194.579,194.54,194.54,300,0
IYK.US,5,20211222,174500,194.52,194.52,194.46,194.46,323,0
IYK.US,5,20211222,182000,194.66,194.66,194.66,194.66,100,0
IYK.US,5,20211222,182500,194.685,194.685,194.685,194.685,138,0
IYK.US,5,20211222,193500,194.845,194.845,194.845,194.845,100,0
IYK.US,5,20211222,194000,194.87,194.87,194.87,194.87,2939,0
IYK.US,5,20211222,204000,194.64,194.64,194.64,194.64,200,0
IYK.US,5,20211222,211500,194.58,194.58,194.58,194.58,101,0
IYK.US,5,20211222,212000,194.48,194.48,194.48,194.48,100,0
IYK.US,5,20211222,212500,194.7,194.7,194.7,194.7,200,0
IYK.US,5,20211222,213000,194.685,194.685,194.685,194.685,103,0
IYK.US,5,20211222,215000,195.04,195.04,195.04,195.04,200,0
IYK.US,5,20211222,215500,195.04,195.09,195.01,195.09,728,0
IYK.US,5,20211223,153000,195.35,195.35,195.35,195.35,102,0
IYK.US,5,20211223,154500,195.87,195.87,195.87,195.87,100,0
IYK.US,5,20211223,155000,195.93,195.93,195.93,195.93,100,0
IYK.US,5,20211223,155500,195.85,195.85,195.84,195.84,200,0
IYK.US,5,20211223,161000,195.87,195.87,195.82,195.82,300,0
IYK.US,5,20211223,161500,195.96,195.96,195.94,195.95,900,0
IYK.US,5,20211223,162500,195.959,196.03,195.959,196.03,273,0
IYK.US,5,20211223,163000,195.97,195.97,195.97,195.97,200,0
IYK.US,5,20211223,163500,195.89,195.89,195.89,195.89,100,0
IYK.US,5,20211223,164500,195.94,195.94,195.94,195.94,100,0
IYK.US,5,20211223,171500,196.05,196.05,196.05,196.05,100,0
IYK.US,5,20211223,172000,195.97,195.97,195.97,195.97,100,0
IYK.US,5,20211223,173000,195.88,195.88,195.88,195.88,200,0
IYK.US,5,20211223,174000,195.92,195.92,195.92,195.92,100,0
IYK.US,5,20211223,175000,195.93,196.01,195.93,196.01,200,0
IYK.US,5,20211223,175500,196.06,196.06,196.06,196.06,124,0
IYK.US,5,20211223,180000,195.975,195.975,195.975,195.975,128,0
IYK.US,5,20211223,180500,195.77,195.77,195.77,195.77,200,0
IYK.US,5,20211223,182500,195.73,195.73,195.73,195.73,153,0
IYK.US,5,20211223,184500,195.55,195.55,195.55,195.55,300,0
IYK.US,5,20211223,185500,195.65,195.65,195.65,195.65,103,0
IYK.US,5,20211223,190500,195.607,195.607,195.607,195.607,109,0
IYK.US,5,20211223,192500,195.45,195.49,195.45,195.49,300,0
IYK.US,5,20211223,193000,195.52,195.576,195.52,195.576,228,0
IYK.US,5,20211223,193500,195.63,195.63,195.63,195.63,200,0
IYK.US,5,20211223,194000,195.59,195.59,195.579,195.579,250,0
IYK.US,5,20211223,194500,195.615,195.615,195.615,195.615,104,0
IYK.US,5,20211223,195500,195.63,195.63,195.63,195.63,100,0
IYK.US,5,20211223,201000,195.71,195.71,195.71,195.71,100,0
IYK.US,5,20211223,201500,195.77,195.77,195.77,195.77,100,0
IYK.US,5,20211223,202500,195.75,195.75,195.75,195.75,200,0
IYK.US,5,20211223,203000,195.78,195.84,195.78,195.84,200,0
IYK.US,5,20211223,203500,195.86,195.86,195.86,195.86,100,0
IYK.US,5,20211223,204500,195.8,195.86,195.8,195.86,1300,0
IYK.US,5,20211223,205000,195.99,195.99,195.98,195.98,200,0
IYK.US,5,20211223,210500,195.88,195.88,195.86,195.86,400,0
IYK.US,5,20211223,211000,195.836,195.836,195.836,195.836,255,0
IYK.US,5,20211223,211500,195.89,195.92,195.797,195.89,4265,0
IYK.US,5,20211223,212000,195.91,195.91,195.86,195.86,400,0
IYK.US,5,20211223,213000,195.78,195.84,195.78,195.84,900,0
IYK.US,5,20211223,213500,195.8,195.8,195.8,195.8,400,0
IYK.US,5,20211223,214000,195.8,195.8,195.8,195.8,396,0
IYK.US,5,20211223,214500,195.94,195.96,195.93,195.96,1000,0
IYK.US,5,20211223,215000,195.99,195.99,195.87,195.88,300,0
IYK.US,5,20211223,215500,195.585,195.6,195.58,195.6,1027,0
