<TICKER>,<PER>,<DATE>,<TIME>,<OPEN>,<HIGH>,<LOW>,<CLOSE>,<VOL>,<OPENINT>
OVL.US,5,20211104,163500,40.2038,40.2038,40.2038,40.2038,175,0
OVL.US,5,20211104,170500,40.3481,40.3481,40.3481,40.3481,134,0
OVL.US,5,20211104,173000,40.29,40.29,40.19,40.19,288,0
OVL.US,5,20211104,191500,40.29,40.29,40.29,40.29,971,0
OVL.US,5,20211104,192000,40.31,40.31,40.31,40.31,763,0
OVL.US,5,20211104,194000,40.2236,40.2236,40.2236,40.2236,465,0
OVL.US,5,20211104,194500,40.14,40.14,40.14,40.14,120,0
OVL.US,5,20211104,200000,40.18,40.18,40.12,40.12,200,0
OVL.US,5,20211104,202000,40.1348,40.1348,40.1348,40.1348,1500,0
OVL.US,5,20211105,151000,40.59,40.59,40.59,40.59,100,0
OVL.US,5,20211105,160000,40.66,40.68,40.66,40.68,1657,0
OVL.US,5,20211105,172500,40.565,40.62,40.565,40.62,806,0
OVL.US,5,20211105,180000,40.525,40.525,40.525,40.525,900,0
OVL.US,5,20211105,181000,40.5,40.5,40.5,40.5,2821,0
OVL.US,5,20211105,190500,40.4,40.4,40.4,40.4,100,0
OVL.US,5,20211105,191500,40.4,40.4,40.4,40.4,100,0
OVL.US,5,20211105,192000,40.41,40.41,40.41,40.41,100,0
OVL.US,5,20211105,193000,40.51,40.51,40.51,40.51,100,0
OVL.US,5,20211105,203000,40.53,40.54,40.53,40.54,2500,0
OVL.US,5,20211105,204000,40.54,40.54,40.53,40.53,1300,0
OVL.US,5,20211105,204500,40.512,40.512,40.512,40.512,129,0
OVL.US,5,20211108,161000,40.51,40.51,40.51,40.51,100,0
OVL.US,5,20211108,162500,40.511,40.511,40.511,40.511,100,0
OVL.US,5,20211108,164500,40.55,40.55,40.55,40.55,200,0
OVL.US,5,20211108,182000,40.4843,40.55,40.4843,40.55,250,0
OVL.US,5,20211108,183000,40.475,40.53,40.475,40.53,1694,0
OVL.US,5,20211108,200500,40.6,40.61,40.515,40.61,3400,0
OVL.US,5,20211108,203500,40.42,40.42,40.42,40.42,465,0
OVL.US,5,20211108,204000,40.6,40.6,40.6,40.6,500,0
OVL.US,5,20211108,204500,40.6,40.6,40.6,40.6,207,0
OVL.US,5,20211108,210000,40.53,40.53,40.53,40.53,261,0
OVL.US,5,20211108,210500,40.6,40.6,40.6,40.6,277,0
OVL.US,5,20211109,153000,40.49,40.5596,40.46,40.46,800,0
OVL.US,5,20211109,160000,40.3681,40.3681,40.3681,40.3681,113,0
OVL.US,5,20211109,163000,40.32,40.32,40.32,40.32,100,0
OVL.US,5,20211109,173000,40.3,40.3,40.3,40.3,207,0
OVL.US,5,20211109,175500,40.2701,40.2701,40.2701,40.2701,232,0
OVL.US,5,20211109,183500,40.26,40.26,40.211,40.211,1500,0
OVL.US,5,20211109,191500,40.27,40.27,40.27,40.27,506,0
OVL.US,5,20211109,203000,40.37,40.37,40.37,40.37,100,0
OVL.US,5,20211109,210000,40.26,40.26,40.23,40.2313,1801,0
OVL.US,5,20211109,212500,40.3,40.3,40.3,40.3,165,0
OVL.US,5,20211109,215500,40.292,40.292,40.292,40.292,300,0
OVL.US,5,20211110,160000,40.26,40.26,40.26,40.26,472,0
OVL.US,5,20211110,161000,40.2494,40.2494,40.2494,40.2494,1664,0
OVL.US,5,20211110,162500,40.3,40.4,40.3,40.4,300,0
OVL.US,5,20211110,182000,40.34,40.34,40.34,40.34,100,0
OVL.US,5,20211110,202500,40.06,40.07,40.05,40.07,7770,0
OVL.US,5,20211110,204000,39.87,39.87,39.87,39.87,100,0
OVL.US,5,20211110,212000,40.035,40.035,40.035,40.035,309,0
OVL.US,5,20211110,214000,40.013,40.013,40.013,40.013,500,0
OVL.US,5,20211111,153000,40.06,40.115,40.06,40.115,2011,0
OVL.US,5,20211111,155000,40.15,40.21,40.15,40.21,912,0
OVL.US,5,20211111,161500,40.168,40.168,40.168,40.168,285,0
OVL.US,5,20211111,162500,39.9701,39.9701,39.9701,39.9701,403,0
OVL.US,5,20211111,172500,40.09,40.09,40.09,40.09,100,0
OVL.US,5,20211111,175000,40.075,40.1,40.075,40.1,200,0
OVL.US,5,20211111,175500,40.09,40.09,40.09,40.09,100,0
OVL.US,5,20211111,183000,39.9719,39.9719,39.9719,39.9719,102,0
OVL.US,5,20211111,190500,40.11,40.11,40.11,40.11,410,0
OVL.US,5,20211111,191000,40.04,40.04,40.035,40.035,200,0
OVL.US,5,20211111,194500,40.06,40.06,40.055,40.055,200,0
OVL.US,5,20211111,200000,40.0229,40.0229,40.0229,40.0229,212,0
OVL.US,5,20211111,211000,40.0617,40.0617,40.0617,40.0617,600,0
OVL.US,5,20211111,213500,39.96,39.96,39.96,39.96,199,0
OVL.US,5,20211111,215500,39.93,39.93,39.93,39.93,154,0
OVL.US,5,20211112,154500,40.06,40.06,40.06,40.06,100,0
OVL.US,5,20211112,170500,40.196,40.196,40.196,40.196,429,0
OVL.US,5,20211112,183500,40.35,40.35,40.35,40.35,25070,0
OVL.US,5,20211112,184500,40.315,40.315,40.315,40.315,940,0
OVL.US,5,20211112,185500,40.29,40.29,40.232,40.29,800,0
OVL.US,5,20211112,201000,40.315,40.4,40.315,40.4,711,0
OVL.US,5,20211112,201500,40.4,40.4,40.4,40.4,1416,0
OVL.US,5,20211112,215000,40.44,40.44,40.44,40.44,100,0
OVL.US,5,20211115,183000,40.355,40.4,40.355,40.3698,350,0
OVL.US,5,20211115,183500,40.36,40.36,40.36,40.36,411,0
OVL.US,5,20211115,184000,40.375,40.375,40.375,40.375,539,0
OVL.US,5,20211115,201000,40.41,40.41,40.41,40.41,145,0
OVL.US,5,20211115,211500,40.38,40.38,40.38,40.38,2268,0
OVL.US,5,20211115,215000,40.35,40.35,40.35,40.35,4646,0
OVL.US,5,20211116,153000,40.24,40.24,40.24,40.24,100,0
OVL.US,5,20211116,162000,40.37,40.37,40.37,40.37,200,0
OVL.US,5,20211116,162500,40.37,40.37,40.37,40.37,200,0
OVL.US,5,20211116,164500,40.36,40.36,40.36,40.36,656,0
OVL.US,5,20211116,171500,40.5,40.5,40.5,40.5,100,0
OVL.US,5,20211116,174500,40.585,40.585,40.585,40.585,246,0
OVL.US,5,20211116,175500,40.68,40.68,40.67,40.678,1524,0
OVL.US,5,20211116,190500,40.568,40.568,40.56,40.56,200,0
OVL.US,5,20211116,200000,40.665,40.665,40.665,40.665,189,0
OVL.US,5,20211116,204500,40.6,40.6,40.53,40.53,1152,0
OVL.US,5,20211117,160000,40.51,40.51,40.51,40.51,100,0
OVL.US,5,20211117,165000,40.5,40.5,40.5,40.5,2319,0
OVL.US,5,20211117,181500,40.513,40.513,40.513,40.513,264,0
OVL.US,5,20211117,193500,40.45,40.55,40.402,40.55,503,0
OVL.US,5,20211117,200500,40.5557,40.5557,40.5557,40.5557,495,0
OVL.US,5,20211117,201500,40.57,40.57,40.57,40.57,449,0
OVL.US,5,20211117,204000,40.4375,40.4375,40.4375,40.4375,213,0
OVL.US,5,20211117,204500,40.45,40.45,40.39,40.402,700,0
OVL.US,5,20211118,161000,40.4681,40.4681,40.4681,40.4681,114,0
OVL.US,5,20211118,162000,40.43,40.43,40.43,40.43,100,0
OVL.US,5,20211118,162500,40.41,40.41,40.41,40.41,273,0
OVL.US,5,20211118,174000,40.49,40.49,40.49,40.49,256,0
OVL.US,5,20211118,174500,40.57,40.58,40.57,40.5782,5336,0
OVL.US,5,20211118,182000,40.58,40.58,40.58,40.58,153,0
OVL.US,5,20211118,191000,40.6193,40.6193,40.6193,40.6193,108,0
OVL.US,5,20211118,194000,40.5888,40.5888,40.5888,40.5888,647,0
OVL.US,5,20211118,205500,40.56,40.56,40.56,40.56,154,0
OVL.US,5,20211118,213500,40.624,40.624,40.6,40.6188,400,0
OVL.US,5,20211118,214000,40.63,40.63,40.63,40.63,100,0
OVL.US,5,20211119,163500,40.6381,40.6381,40.6381,40.6381,102,0
OVL.US,5,20211119,172500,40.71,40.71,40.625,40.625,520,0
OVL.US,5,20211119,181000,40.64,40.64,40.602,40.602,400,0
OVL.US,5,20211119,182500,40.75,40.75,40.75,40.75,100,0
OVL.US,5,20211119,185500,40.7581,40.7581,40.7581,40.7581,102,0
OVL.US,5,20211119,212500,40.545,40.545,40.545,40.545,301,0
OVL.US,5,20211122,155000,40.845,40.845,40.845,40.845,100,0
OVL.US,5,20211122,163000,40.97,40.97,40.97,40.97,6172,0
OVL.US,5,20211122,180500,40.69,40.69,40.69,40.69,2725,0
OVL.US,5,20211122,193000,40.64,40.64,40.64,40.64,1369,0
OVL.US,5,20211122,202000,40.725,40.725,40.725,40.725,313,0
OVL.US,5,20211122,203500,40.77,40.802,40.77,40.79,900,0
OVL.US,5,20211122,215000,40.42,40.42,40.42,40.42,180,0
OVL.US,5,20211123,165000,40.2402,40.2402,40.2402,40.2402,100,0
OVL.US,5,20211123,180500,40.28,40.28,40.28,40.28,1254,0
OVL.US,5,20211123,194500,40.22,40.22,40.22,40.22,3406,0
OVL.US,5,20211123,214000,40.4793,40.4793,40.4793,40.4793,100,0
OVL.US,5,20211124,164000,40.48,40.48,40.48,40.48,272,0
OVL.US,5,20211124,171000,40.5281,40.5281,40.5281,40.5281,439,0
OVL.US,5,20211124,172000,40.38,40.38,40.38,40.38,1114,0
OVL.US,5,20211124,172500,40.495,40.495,40.495,40.495,789,0
OVL.US,5,20211124,185000,40.42,40.4575,40.41,40.4575,2725,0
OVL.US,5,20211124,191000,40.44,40.44,40.44,40.44,128,0
OVL.US,5,20211124,214000,40.555,40.555,40.555,40.555,500,0
OVL.US,5,20211126,153000,39.66,39.66,39.66,39.66,2725,0
OVL.US,5,20211126,153500,40,40.01,39.99,40,4500,0
OVL.US,5,20211126,163500,39.878,39.878,39.878,39.878,100,0
OVL.US,5,20211126,171500,39.65,39.65,39.65,39.65,100,0
OVL.US,5,20211126,173000,39.65,39.65,39.65,39.65,104,0
OVL.US,5,20211126,173500,39.6998,39.6998,39.65,39.65,695,0
OVL.US,5,20211126,174000,39.65,39.65,39.65,39.65,100,0
OVL.US,5,20211126,174500,39.65,39.65,39.65,39.65,100,0
OVL.US,5,20211126,191000,39.6974,39.6974,39.6974,39.6974,0,0
OVL.US,5,20211126,213000,39.6974,39.6974,39.6974,39.6974,0,0
OVL.US,5,20211129,171000,39.96,40.05,39.96,40.05,4138,0
OVL.US,5,20211129,174000,40.05,40.05,40.05,40.05,861,0
OVL.US,5,20211129,180500,40.157,40.157,40.157,40.157,360,0
OVL.US,5,20211129,181500,40.235,40.235,40.235,40.235,147,0
OVL.US,5,20211129,202000,40.25,40.25,40.24,40.24,1319,0
OVL.US,5,20211129,203500,40.22,40.22,40.22,40.22,100,0
OVL.US,5,20211129,215000,40.17,40.17,40.16,40.16,235,0
OVL.US,5,20211129,215500,40.2499,40.2499,40.2499,40.2499,100,0
OVL.US,5,20211130,171500,39.758,39.758,39.758,39.758,113,0
OVL.US,5,20211130,180500,39.39,39.39,39.39,39.39,391,0
OVL.US,5,20211130,191500,39.46,39.46,39.46,39.46,672,0
OVL.US,5,20211130,200500,39.68,39.68,39.68,39.68,115,0
OVL.US,5,20211130,201000,39.65,39.72,39.65,39.718,403,0
OVL.US,5,20211130,213000,39.5006,39.518,39.5006,39.518,296,0
OVL.US,5,20211201,162500,39.98,39.98,39.98,39.98,112,0
OVL.US,5,20211201,164500,40.018,40.018,40.018,40.018,186,0
OVL.US,5,20211201,170500,40.03,40.03,40.03,40.03,230,0
OVL.US,5,20211201,173500,40.1103,40.138,40.1103,40.138,430,0
OVL.US,5,20211201,175500,39.995,39.995,39.995,39.995,347,0
OVL.US,5,20211201,184000,40.038,40.038,40.038,40.038,329,0
OVL.US,5,20211201,190000,39.81,39.81,39.8,39.8,667,0
OVL.US,5,20211202,164000,39.15,39.15,39.15,39.15,241,0
OVL.US,5,20211202,164500,39.16,39.16,39.08,39.08,525,0
OVL.US,5,20211202,174500,39.2904,39.2904,39.2904,39.2904,295,0
OVL.US,5,20211202,191500,39.569,39.575,39.569,39.575,346,0
OVL.US,5,20211202,210500,39.58,39.58,39.58,39.58,100,0
OVL.US,5,20211202,213000,39.59,39.59,39.59,39.59,100,0
OVL.US,5,20211202,215000,39.48,39.48,39.48,39.48,166,0
OVL.US,5,20211203,155500,39.42,39.42,39.42,39.42,125,0
OVL.US,5,20211203,162500,39.28,39.28,39.28,39.28,357,0
OVL.US,5,20211203,173500,39.12,39.12,39.12,39.12,111,0
OVL.US,5,20211203,174000,39.16,39.16,39.16,39.16,1612,0
OVL.US,5,20211203,180500,38.93,38.93,38.93,38.93,949,0
OVL.US,5,20211203,183500,39.07,39.07,39.07,39.07,676,0
OVL.US,5,20211203,192000,39.0907,39.0907,39.0907,39.0907,154,0
OVL.US,5,20211203,193500,38.96,38.96,38.96,38.96,1434,0
OVL.US,5,20211203,194500,38.96,38.97,38.96,38.97,4188,0
OVL.US,5,20211203,211000,38.83,38.83,38.83,38.83,138,0
OVL.US,5,20211203,211500,38.86,38.86,38.86,38.86,513,0
OVL.US,5,20211203,214000,38.96,38.96,38.96,38.96,130,0
OVL.US,5,20211206,163500,39.64,39.64,39.64,39.64,1881,0
OVL.US,5,20211206,173000,39.545,39.545,39.545,39.545,2397,0
OVL.US,5,20211206,185500,39.725,39.725,39.725,39.725,239,0
OVL.US,5,20211206,193500,39.7517,39.7517,39.7517,39.7517,597,0
OVL.US,5,20211206,201000,39.9,39.9,39.9,39.9,6895,0
OVL.US,5,20211206,202500,39.702,39.702,39.702,39.702,100,0
OVL.US,5,20211206,203000,39.8,39.8,39.8,39.8,200,0
OVL.US,5,20211206,203500,39.8,39.8,39.8,39.8,100,0
OVL.US,5,20211206,204000,39.79,39.79,39.75,39.75,200,0
OVL.US,5,20211206,204500,39.73,39.73,39.73,39.73,100,0
OVL.US,5,20211206,205000,39.71,39.755,39.7,39.755,400,0
OVL.US,5,20211206,205500,39.69,39.69,39.69,39.69,200,0
OVL.US,5,20211206,210000,39.71,39.72,39.71,39.72,200,0
OVL.US,5,20211206,210500,39.69,39.69,39.69,39.69,200,0
OVL.US,5,20211206,211000,39.69,39.69,39.69,39.69,100,0
OVL.US,5,20211206,212000,39.8,39.8,39.8,39.8,100,0
OVL.US,5,20211206,212500,39.76,39.76,39.74,39.74,258,0
OVL.US,5,20211206,213000,39.76,39.76,39.76,39.76,400,0
OVL.US,5,20211206,213500,39.73,39.76,39.73,39.76,400,0
OVL.US,5,20211206,214000,39.74,39.78,39.74,39.78,400,0
OVL.US,5,20211206,214500,39.71,39.74,39.71,39.74,400,0
OVL.US,5,20211206,215000,39.73,39.76,39.73,39.76,800,0
OVL.US,5,20211206,215500,39.77,39.77,39.73,39.73,1900,0
OVL.US,5,20211207,161500,40.36,40.36,40.35,40.352,500,0
OVL.US,5,20211207,163500,40.538,40.538,40.538,40.538,103,0
OVL.US,5,20211207,164500,40.58,40.58,40.56,40.578,428,0
OVL.US,5,20211207,165500,40.4,40.485,40.4,40.485,501,0
OVL.US,5,20211207,181500,40.475,40.49,40.475,40.49,4673,0
OVL.US,5,20211207,195500,40.47,40.47,40.41,40.41,300,0
OVL.US,5,20211207,202500,40.58,40.58,40.57,40.58,6510,0
OVL.US,5,20211207,211500,40.44,40.455,40.376,40.455,4654,0
OVL.US,5,20211207,214500,40.32,40.32,40.26,40.262,1017,0
OVL.US,5,20211207,215000,40.4,40.4,40.4,40.4,200,0
OVL.US,5,20211208,184500,40.58,40.58,40.57,40.57,1492,0
OVL.US,5,20211208,190000,40.39,40.39,40.39,40.39,128,0
OVL.US,5,20211208,192000,40.485,40.485,40.485,40.485,372,0
OVL.US,5,20211208,195000,40.44,40.44,40.44,40.44,100,0
OVL.US,5,20211208,200500,40.42,40.42,40.42,40.42,121,0
OVL.US,5,20211208,202000,40.41,40.41,40.41,40.41,218,0
OVL.US,5,20211208,213000,40.51,40.51,40.51,40.51,137,0
OVL.US,5,20211208,214500,40.4958,40.4958,40.4958,40.4958,1000,0
OVL.US,5,20211208,215000,40.51,40.51,40.51,40.51,400,0
OVL.US,5,20211208,215500,40.61,40.61,40.61,40.61,157,0
OVL.US,5,20211209,153000,40.05,40.05,40.05,40.05,326,0
OVL.US,5,20211209,162000,40.47,40.47,40.47,40.47,100,0
OVL.US,5,20211209,164500,40.41,40.41,40.41,40.41,200,0
OVL.US,5,20211209,172000,40.4,40.45,40.4,40.45,460,0
OVL.US,5,20211209,173500,40.45,40.45,40.45,40.45,1309,0
OVL.US,5,20211209,174500,40.48,40.48,40.48,40.48,6400,0
OVL.US,5,20211209,183000,40.465,40.465,40.465,40.465,103,0
OVL.US,5,20211209,200500,40.46,40.46,40.46,40.46,1200,0
OVL.US,5,20211209,203500,40.42,40.42,40.42,40.42,199,0
OVL.US,5,20211210,160000,40.51,40.51,40.51,40.51,200,0
OVL.US,5,20211210,161500,40.52,40.52,40.52,40.52,200,0
OVL.US,5,20211210,164000,40.47,40.47,40.47,40.47,100,0
OVL.US,5,20211210,165000,40.41,40.41,40.41,40.41,27180,0
OVL.US,5,20211210,173500,40.39,40.392,40.39,40.392,200,0
OVL.US,5,20211210,175000,40.5004,40.5004,40.5004,40.5004,245,0
OVL.US,5,20211210,180500,40.51,40.51,40.51,40.51,100,0
OVL.US,5,20211210,181000,40.5,40.5,40.48,40.4803,1356,0
OVL.US,5,20211210,181500,40.49,40.49,40.46,40.46,500,0
OVL.US,5,20211210,190000,40.49,40.51,40.49,40.51,1046,0
OVL.US,5,20211210,191000,40.53,40.53,40.53,40.53,1536,0
OVL.US,5,20211210,203500,40.5,40.5,40.5,40.5,306,0
OVL.US,5,20211213,153500,40.53,40.53,40.53,40.53,2429,0
OVL.US,5,20211213,164500,40.436,40.436,40.436,40.436,500,0
OVL.US,5,20211213,171500,40.46,40.46,40.46,40.46,1340,0
OVL.US,5,20211213,173500,40.3574,40.3574,40.3574,40.3574,150,0
OVL.US,5,20211213,175000,40.35,40.35,40.35,40.35,174,0
OVL.US,5,20211213,180500,40.385,40.385,40.385,40.385,408,0
OVL.US,5,20211213,193000,40.36,40.36,40.36,40.36,100,0
OVL.US,5,20211213,203500,40.44,40.44,40.44,40.44,405,0
OVL.US,5,20211213,211000,40.37,40.37,40.37,40.37,100,0
OVL.US,5,20211213,215500,40.2519,40.2519,40.2519,40.2519,108,0
OVL.US,5,20211214,153000,40.28,40.28,40.28,40.28,365,0
OVL.US,5,20211214,153500,40.28,40.28,40.28,40.28,132,0
OVL.US,5,20211214,170000,39.91,39.988,39.91,39.988,200,0
OVL.US,5,20211214,174500,39.98,39.98,39.79,39.79,1403,0
OVL.US,5,20211214,175000,39.875,39.875,39.875,39.875,295,0
OVL.US,5,20211214,175500,39.875,39.875,39.875,39.875,150,0
OVL.US,5,20211214,184000,39.825,39.825,39.825,39.825,601,0
OVL.US,5,20211214,200500,39.88,40.01,39.83,39.92,2066,0
OVL.US,5,20211214,213000,39.99,39.99,39.99,39.99,100,0
OVL.US,5,20211215,180000,39.8243,39.93,39.8243,39.84,1699,0
OVL.US,5,20211215,184000,39.9568,39.9568,39.9568,39.9568,169,0
OVL.US,5,20211215,185500,39.82,39.82,39.82,39.82,115,0
OVL.US,5,20211215,192500,39.94,39.94,39.94,39.94,210,0
OVL.US,5,20211215,195000,40.05,40.05,40.05,40.05,188,0
OVL.US,5,20211215,201000,40.07,40.07,40.07,40.07,300,0
OVL.US,5,20211216,153000,41.26,41.26,41.26,41.26,100,0
OVL.US,5,20211216,161500,40.7477,40.7477,40.7477,40.7477,149,0
OVL.US,5,20211216,170000,40.63,40.69,40.63,40.69,4136,0
OVL.US,5,20211216,182000,40.6478,40.6478,40.6478,40.6478,700,0
OVL.US,5,20211216,190500,40.56,40.56,40.56,40.56,200,0
OVL.US,5,20211216,192000,40.61,40.61,40.61,40.61,200,0
OVL.US,5,20211216,202500,40.24,40.24,40.24,40.24,121,0
OVL.US,5,20211216,203500,40.31,40.31,40.31,40.31,200,0
OVL.US,5,20211216,211500,40.12,40.12,40.12,40.12,348,0
OVL.US,5,20211216,215000,40.5,40.51,40.5,40.51,400,0
OVL.US,5,20211217,170000,40.0428,40.0428,40.0428,40.0428,254,0
OVL.US,5,20211217,184000,40.03,40.03,39.96,39.96,200,0
OVL.US,5,20211220,153000,39.02,39.02,39.02,39.02,254,0
OVL.US,5,20211220,170500,39.155,39.155,39.155,39.155,325,0
OVL.US,5,20211220,200000,39.3053,39.3053,39.3053,39.3053,203,0
OVL.US,5,20211220,200500,39.45,39.45,39.45,39.45,1834,0
OVL.US,5,20211220,202500,39.43,39.43,39.43,39.43,439404,0
OVL.US,5,20211220,203000,39.291,39.291,39.291,39.291,130,0
OVL.US,5,20211220,203500,39.3399,39.3399,39.3399,39.3399,133,0
OVL.US,5,20211220,213000,39.3407,39.3407,39.3407,39.3407,251,0
OVL.US,5,20211220,214000,39.43,39.43,39.43,39.43,266,0
OVL.US,5,20211220,214500,39.43,39.43,39.43,39.43,200,0
OVL.US,5,20211221,164500,39.67,39.768,39.67,39.768,500,0
OVL.US,5,20211221,165000,39.522,39.522,39.522,39.522,250,0
OVL.US,5,20211221,174000,40.0199,40.0199,40.0199,40.0199,500,0
OVL.US,5,20211221,181000,40.03,40.05,39.97,40.05,400,0
OVL.US,5,20211221,181500,39.9194,39.9194,39.9194,39.9194,145,0
OVL.US,5,20211221,183500,39.9695,40.12,39.9695,40.116,557,0
OVL.US,5,20211221,201000,40.19,40.23,40.11,40.19,1519,0
OVL.US,5,20211221,203000,39.9628,39.9628,39.9628,39.9628,197,0
OVL.US,5,20211221,214000,40.18,40.18,40.08,40.18,400,0
OVL.US,5,20211222,153500,40.0429,40.0429,40.0429,40.0429,251,0
OVL.US,5,20211222,165500,40.415,40.415,40.38,40.38,25608,0
OVL.US,5,20211222,182500,40.4441,40.4441,40.4441,40.4441,620,0
OVL.US,5,20211222,185000,40.48,40.496,40.48,40.496,300,0
OVL.US,5,20211222,200500,40.34,40.34,40.34,40.34,200,0
OVL.US,5,20211222,204000,40.41,40.41,40.41,40.41,5174,0
OVL.US,5,20211222,205000,40.45,40.46,40.45,40.46,200,0
OVL.US,5,20211222,211000,40.52,40.52,40.52,40.52,200,0
OVL.US,5,20211223,164500,40.7709,40.7709,40.7709,40.7709,111,0
OVL.US,5,20211223,165000,40.84,40.848,40.84,40.848,200,0
OVL.US,5,20211223,172000,40.8,40.8,40.8,40.8,6200,0
OVL.US,5,20211223,173000,40.86,40.876,40.86,40.86,500,0
OVL.US,5,20211223,191500,40.858,40.858,40.858,40.858,100,0
OVL.US,5,20211223,203000,40.91,40.93,40.91,40.93,4502,0
OVL.US,5,20211223,215500,40.906,40.906,40.896,40.896,300,0
