<TICKER>,<PER>,<DATE>,<TIME>,<OPEN>,<HIGH>,<LOW>,<CLOSE>,<VOL>,<OPENINT>
PLTM.US,5,20211104,143000,10.22,10.2245,10.22,10.2245,4353,0
PLTM.US,5,20211104,144000,10.27,10.29,10.27,10.29,600,0
PLTM.US,5,20211104,144500,10.3,10.3,10.24,10.24,694,0
PLTM.US,5,20211104,145000,10.23,10.25,10.23,10.25,376,0
PLTM.US,5,20211104,145500,10.25,10.25,10.25,10.25,2248,0
PLTM.US,5,20211104,150000,10.27,10.27,10.27,10.27,146,0
PLTM.US,5,20211104,151500,10.2595,10.2595,10.21,10.21,271,0
PLTM.US,5,20211104,153000,10.19,10.19,10.19,10.19,146,0
PLTM.US,5,20211104,153500,10.2,10.2,10.1999,10.1999,200,0
PLTM.US,5,20211104,154500,10.21,10.22,10.21,10.22,2148,0
PLTM.US,5,20211104,155000,10.22,10.22,10.19,10.19,672,0
PLTM.US,5,20211104,155500,10.17,10.17,10.17,10.17,428,0
PLTM.US,5,20211104,160000,10.12,10.12,10.12,10.12,146,0
PLTM.US,5,20211104,161500,10.11,10.11,10.1047,10.1047,339,0
PLTM.US,5,20211104,162500,10.135,10.135,10.12,10.12,200,0
PLTM.US,5,20211104,164500,10.09,10.09,10.09,10.09,147,0
PLTM.US,5,20211104,170000,10.11,10.11,10.11,10.11,146,0
PLTM.US,5,20211104,171500,10.12,10.12,10.12,10.12,147,0
PLTM.US,5,20211104,172500,10.14,10.14,10.14,10.14,800,0
PLTM.US,5,20211104,191500,10.0901,10.0901,10.07,10.07,472,0
PLTM.US,5,20211104,193000,10.08,10.11,10.08,10.11,300,0
PLTM.US,5,20211104,201500,10.08,10.0846,10.08,10.0846,350,0
PLTM.US,5,20211105,143000,10.18,10.18,10.18,10.18,2531,0
PLTM.US,5,20211105,145000,10.17,10.17,10.17,10.17,300,0
PLTM.US,5,20211105,150500,10.11,10.11,10.11,10.11,680,0
PLTM.US,5,20211105,151000,10.13,10.13,10.13,10.13,1500,0
PLTM.US,5,20211105,152000,10.1,10.1,10.1,10.1,100,0
PLTM.US,5,20211105,154500,10.15,10.15,10.15,10.15,300,0
PLTM.US,5,20211105,155000,10.14,10.17,10.14,10.16,441,0
PLTM.US,5,20211105,161000,10.17,10.2,10.17,10.2,433,0
PLTM.US,5,20211105,164500,10.14,10.14,10.14,10.14,600,0
PLTM.US,5,20211105,172500,10.2,10.2,10.2,10.2,284,0
PLTM.US,5,20211105,173000,10.205,10.205,10.205,10.205,100,0
PLTM.US,5,20211105,175000,10.22,10.22,10.22,10.22,2199,0
PLTM.US,5,20211105,175500,10.17,10.185,10.17,10.185,946,0
PLTM.US,5,20211105,182000,10.17,10.171,10.17,10.171,974,0
PLTM.US,5,20211105,194000,10.185,10.185,10.185,10.185,200,0
PLTM.US,5,20211105,195000,10.17,10.185,10.17,10.185,300,0
PLTM.US,5,20211105,201000,10.2,10.2,10.2,10.2,100,0
PLTM.US,5,20211105,202500,10.1705,10.1705,10.1705,10.1705,700,0
PLTM.US,5,20211105,203000,10.17,10.17,10.17,10.17,201,0
PLTM.US,5,20211105,205000,10.1902,10.1902,10.1902,10.1902,1547,0
PLTM.US,5,20211105,205500,10.2,10.2,10.2,10.2,500,0
PLTM.US,5,20211108,153000,10.36,10.3601,10.36,10.3601,3862,0
PLTM.US,5,20211108,153500,10.375,10.375,10.36,10.36,200,0
PLTM.US,5,20211108,154500,10.37,10.4,10.37,10.4,499,0
PLTM.US,5,20211108,155000,10.4,10.4,10.4,10.4,200,0
PLTM.US,5,20211108,155500,10.39,10.4,10.39,10.4,551,0
PLTM.US,5,20211108,160000,10.4,10.41,10.4,10.41,498,0
PLTM.US,5,20211108,160500,10.42,10.42,10.42,10.42,298,0
PLTM.US,5,20211108,161000,10.381,10.4,10.38,10.4,3438,0
PLTM.US,5,20211108,161500,10.44,10.44,10.44,10.44,900,0
PLTM.US,5,20211108,162000,10.4299,10.4299,10.4299,10.4299,200,0
PLTM.US,5,20211108,162500,10.44,10.44,10.44,10.44,150,0
PLTM.US,5,20211108,163000,10.4001,10.4001,10.4001,10.4001,1000,0
PLTM.US,5,20211108,164500,10.3688,10.3688,10.36,10.36,2350,0
PLTM.US,5,20211108,165000,10.375,10.375,10.375,10.375,969,0
PLTM.US,5,20211108,165500,10.42,10.42,10.42,10.42,268,0
PLTM.US,5,20211108,170000,10.37,10.38,10.37,10.38,1000,0
PLTM.US,5,20211108,170500,10.4,10.4,10.4,10.4,535,0
PLTM.US,5,20211108,171000,10.36,10.36,10.36,10.36,100,0
PLTM.US,5,20211108,172500,10.4,10.4,10.4,10.4,498,0
PLTM.US,5,20211108,174500,10.4001,10.4101,10.4001,10.4101,1100,0
PLTM.US,5,20211108,175000,10.42,10.42,10.42,10.42,350,0
PLTM.US,5,20211108,180000,10.44,10.44,10.44,10.44,844,0
PLTM.US,5,20211108,181000,10.43,10.43,10.43,10.43,1430,0
PLTM.US,5,20211108,181500,10.43,10.44,10.39,10.39,2032,0
PLTM.US,5,20211108,184500,10.3999,10.3999,10.3999,10.3999,1925,0
PLTM.US,5,20211108,185500,10.3602,10.3602,10.3602,10.3602,200,0
PLTM.US,5,20211108,200500,10.43,10.43,10.43,10.43,1100,0
PLTM.US,5,20211108,201000,10.45,10.45,10.45,10.45,998,0
PLTM.US,5,20211108,201500,10.45,10.46,10.45,10.46,1169,0
PLTM.US,5,20211108,203000,10.4497,10.45,10.44,10.45,1400,0
PLTM.US,5,20211108,204000,10.44,10.44,10.44,10.44,100,0
PLTM.US,5,20211108,205500,10.4,10.4,10.4,10.4,699,0
PLTM.US,5,20211108,212000,10.4,10.4,10.4,10.4,150,0
PLTM.US,5,20211108,215000,10.381,10.381,10.38,10.38,200,0
PLTM.US,5,20211109,153000,10.46,10.46,10.42,10.42,2171,0
PLTM.US,5,20211109,154000,10.44,10.44,10.44,10.44,500,0
PLTM.US,5,20211109,154500,10.4575,10.47,10.4575,10.47,355,0
PLTM.US,5,20211109,155000,10.47,10.47,10.47,10.47,200,0
PLTM.US,5,20211109,155500,10.404,10.404,10.404,10.404,135,0
PLTM.US,5,20211109,160000,10.37,10.37,10.37,10.37,100,0
PLTM.US,5,20211109,160500,10.345,10.35,10.31,10.35,4113,0
PLTM.US,5,20211109,162500,10.3177,10.32,10.3177,10.32,482,0
PLTM.US,5,20211109,163000,10.3,10.34,10.3,10.33,10527,0
PLTM.US,5,20211109,163500,10.3699,10.37,10.3699,10.37,450,0
PLTM.US,5,20211109,164000,10.33,10.33,10.33,10.33,350,0
PLTM.US,5,20211109,164500,10.34,10.345,10.34,10.345,800,0
PLTM.US,5,20211109,165500,10.4,10.4,10.342,10.38,1466,0
PLTM.US,5,20211109,170500,10.35,10.35,10.35,10.35,250,0
PLTM.US,5,20211109,172500,10.36,10.36,10.31,10.31,1950,0
PLTM.US,5,20211109,174000,10.32,10.3299,10.32,10.3299,3000,0
PLTM.US,5,20211109,174500,10.33,10.33,10.33,10.33,5500,0
PLTM.US,5,20211109,182500,10.4,10.4,10.4,10.4,300,0
PLTM.US,5,20211109,185500,10.4399,10.4399,10.4399,10.4399,193,0
PLTM.US,5,20211109,190500,10.41,10.41,10.409,10.409,904,0
PLTM.US,5,20211109,200000,10.4399,10.4399,10.41,10.41,725,0
PLTM.US,5,20211109,200500,10.43,10.43,10.415,10.415,600,0
PLTM.US,5,20211109,203000,10.39,10.4,10.39,10.4,1300,0
PLTM.US,5,20211109,211000,10.4299,10.4299,10.4299,10.4299,2000,0
PLTM.US,5,20211109,213000,10.44,10.44,10.4397,10.4397,1699,0
PLTM.US,5,20211109,214000,10.4399,10.4399,10.4399,10.4399,7000,0
PLTM.US,5,20211109,215500,10.41,10.41,10.41,10.41,4030,0
PLTM.US,5,20211110,153000,10.65,10.69,10.65,10.69,6851,0
PLTM.US,5,20211110,153500,10.6714,10.69,10.6714,10.69,306,0
PLTM.US,5,20211110,154000,10.6801,10.6801,10.6799,10.6799,1379,0
PLTM.US,5,20211110,154500,10.68,10.6987,10.66,10.6622,1345,0
PLTM.US,5,20211110,155000,10.66,10.66,10.66,10.66,198,0
PLTM.US,5,20211110,155500,10.69,10.69,10.69,10.69,300,0
PLTM.US,5,20211110,160500,10.69,10.69,10.68,10.6801,9099,0
PLTM.US,5,20211110,161000,10.68,10.69,10.6601,10.685,2675,0
PLTM.US,5,20211110,162000,10.7,10.7,10.7,10.7,150,0
PLTM.US,5,20211110,163000,10.7,10.72,10.6934,10.6934,5183,0
PLTM.US,5,20211110,164000,10.72,10.72,10.7,10.7199,2200,0
PLTM.US,5,20211110,165000,10.701,10.701,10.7,10.7,1000,0
PLTM.US,5,20211110,170000,10.72,10.74,10.72,10.74,500,0
PLTM.US,5,20211110,170500,10.7457,10.7457,10.7457,10.7457,100,0
PLTM.US,5,20211110,171000,10.7258,10.7258,10.7258,10.7258,143,0
PLTM.US,5,20211110,171500,10.7487,10.7487,10.7487,10.7487,100,0
PLTM.US,5,20211110,172500,10.74,10.74,10.74,10.74,100,0
PLTM.US,5,20211110,174000,10.68,10.7,10.68,10.7,4750,0
PLTM.US,5,20211110,175000,10.7,10.7,10.7,10.7,1200,0
PLTM.US,5,20211110,175500,10.71,10.71,10.71,10.71,225,0
PLTM.US,5,20211110,180000,10.66,10.66,10.66,10.66,100,0
PLTM.US,5,20211110,180500,10.64,10.64,10.63,10.63,1999,0
PLTM.US,5,20211110,181000,10.645,10.645,10.645,10.645,100,0
PLTM.US,5,20211110,183000,10.59,10.59,10.59,10.59,100,0
PLTM.US,5,20211110,183500,10.5884,10.601,10.5884,10.601,300,0
PLTM.US,5,20211110,184000,10.62,10.62,10.59,10.59,263,0
PLTM.US,5,20211110,185000,10.58,10.58,10.58,10.58,500,0
PLTM.US,5,20211110,185500,10.565,10.57,10.565,10.57,200,0
PLTM.US,5,20211110,190000,10.58,10.5898,10.58,10.5898,1100,0
PLTM.US,5,20211110,190500,10.548,10.548,10.548,10.548,1000,0
PLTM.US,5,20211110,192000,10.56,10.56,10.559,10.559,1350,0
PLTM.US,5,20211110,195500,10.5029,10.5029,10.47,10.47,242,0
PLTM.US,5,20211110,201000,10.51,10.51,10.51,10.51,100,0
PLTM.US,5,20211110,201500,10.53,10.53,10.53,10.53,399,0
PLTM.US,5,20211110,202500,10.49,10.49,10.49,10.49,283,0
PLTM.US,5,20211110,203000,10.48,10.48,10.48,10.48,199,0
PLTM.US,5,20211110,205500,10.495,10.495,10.495,10.495,200,0
PLTM.US,5,20211110,210000,10.49,10.49,10.49,10.49,1000,0
PLTM.US,5,20211110,212500,10.49,10.49,10.49,10.49,333,0
PLTM.US,5,20211110,215500,10.54,10.54,10.54,10.54,1000,0
PLTM.US,5,20211111,153000,10.75,10.75,10.681,10.681,395,0
PLTM.US,5,20211111,153500,10.6654,10.7,10.6654,10.69,3300,0
PLTM.US,5,20211111,154000,10.69,10.69,10.69,10.69,500,0
PLTM.US,5,20211111,155000,10.69,10.69,10.6899,10.69,1300,0
PLTM.US,5,20211111,160000,10.67,10.69,10.6633,10.69,1748,0
PLTM.US,5,20211111,161500,10.69,10.69,10.69,10.69,475,0
PLTM.US,5,20211111,162000,10.6501,10.6501,10.6501,10.6501,1000,0
PLTM.US,5,20211111,163000,10.6657,10.6657,10.65,10.65,1162,0
PLTM.US,5,20211111,165500,10.66,10.66,10.66,10.66,300,0
PLTM.US,5,20211111,170000,10.6737,10.6856,10.6737,10.6856,400,0
PLTM.US,5,20211111,171500,10.6716,10.6716,10.6716,10.6716,162,0
PLTM.US,5,20211111,174000,10.72,10.72,10.72,10.72,2898,0
PLTM.US,5,20211111,175000,10.698,10.698,10.698,10.698,350,0
PLTM.US,5,20211111,180500,10.72,10.72,10.6805,10.6805,750,0
PLTM.US,5,20211111,182000,10.705,10.705,10.705,10.705,391,0
PLTM.US,5,20211111,184500,10.72,10.74,10.72,10.74,4277,0
PLTM.US,5,20211111,185000,10.73,10.73,10.73,10.73,100,0
PLTM.US,5,20211111,190000,10.74,10.74,10.74,10.74,200,0
PLTM.US,5,20211111,192000,10.71,10.71,10.71,10.71,100,0
PLTM.US,5,20211111,192500,10.6983,10.6983,10.6983,10.6983,100,0
PLTM.US,5,20211111,193500,10.68,10.68,10.68,10.68,961,0
PLTM.US,5,20211111,203000,10.71,10.72,10.71,10.72,1148,0
PLTM.US,5,20211111,204500,10.71,10.71,10.71,10.71,100,0
PLTM.US,5,20211111,210000,10.71,10.71,10.71,10.71,362,0
PLTM.US,5,20211111,211000,10.71,10.71,10.71,10.71,466,0
PLTM.US,5,20211111,213000,10.7099,10.71,10.709,10.709,1898,0
PLTM.US,5,20211111,215000,10.71,10.71,10.7,10.7,874,0
PLTM.US,5,20211111,215500,10.72,10.72,10.71,10.71,3104,0
PLTM.US,5,20211112,153000,10.59,10.6,10.5799,10.6,625,0
PLTM.US,5,20211112,155000,10.61,10.61,10.6099,10.6099,1598,0
PLTM.US,5,20211112,155500,10.62,10.62,10.62,10.62,199,0
PLTM.US,5,20211112,160000,10.64,10.64,10.64,10.64,500,0
PLTM.US,5,20211112,160500,10.62,10.62,10.62,10.62,235,0
PLTM.US,5,20211112,161000,10.61,10.61,10.61,10.61,600,0
PLTM.US,5,20211112,162000,10.63,10.63,10.63,10.63,680,0
PLTM.US,5,20211112,162500,10.61,10.61,10.6065,10.6065,470,0
PLTM.US,5,20211112,165500,10.58,10.58,10.58,10.58,100,0
PLTM.US,5,20211112,170000,10.565,10.565,10.565,10.565,100,0
PLTM.US,5,20211112,172000,10.61,10.61,10.61,10.61,100,0
PLTM.US,5,20211112,173000,10.59,10.59,10.59,10.59,331,0
PLTM.US,5,20211112,175000,10.63,10.63,10.6134,10.63,1800,0
PLTM.US,5,20211112,180000,10.65,10.65,10.65,10.65,100,0
PLTM.US,5,20211112,180500,10.65,10.65,10.65,10.65,387,0
PLTM.US,5,20211112,184000,10.63,10.63,10.63,10.63,400,0
PLTM.US,5,20211112,190000,10.65,10.65,10.65,10.65,645,0
PLTM.US,5,20211112,190500,10.68,10.68,10.64,10.655,868,0
PLTM.US,5,20211112,192500,10.68,10.68,10.68,10.68,1300,0
PLTM.US,5,20211112,193000,10.64,10.64,10.64,10.64,100,0
PLTM.US,5,20211112,194000,10.69,10.69,10.689,10.689,979,0
PLTM.US,5,20211112,195000,10.69,10.69,10.69,10.69,113,0
PLTM.US,5,20211112,203000,10.6952,10.6952,10.6952,10.6952,200,0
PLTM.US,5,20211112,203500,10.6889,10.6889,10.6889,10.6889,267,0
PLTM.US,5,20211112,205500,10.69,10.69,10.69,10.69,805,0
PLTM.US,5,20211112,211500,10.66,10.66,10.65,10.65,382,0
PLTM.US,5,20211112,212000,10.68,10.68,10.655,10.655,2200,0
PLTM.US,5,20211112,213000,10.68,10.68,10.68,10.68,100,0
PLTM.US,5,20211112,215500,10.65,10.69,10.6465,10.68,1264,0
PLTM.US,5,20211115,153000,10.68,10.68,10.68,10.68,2343,0
PLTM.US,5,20211115,153500,10.69,10.69,10.69,10.69,1000,0
PLTM.US,5,20211115,154000,10.7132,10.7299,10.7132,10.7299,2000,0
PLTM.US,5,20211115,154500,10.705,10.705,10.705,10.705,400,0
PLTM.US,5,20211115,155000,10.71,10.71,10.71,10.71,100,0
PLTM.US,5,20211115,155500,10.72,10.73,10.72,10.73,2800,0
PLTM.US,5,20211115,160000,10.71,10.71,10.689,10.689,500,0
PLTM.US,5,20211115,160500,10.685,10.685,10.685,10.685,2000,0
PLTM.US,5,20211115,161000,10.71,10.71,10.71,10.71,150,0
PLTM.US,5,20211115,162000,10.7,10.7,10.7,10.7,400,0
PLTM.US,5,20211115,162500,10.705,10.705,10.705,10.705,100,0
PLTM.US,5,20211115,163000,10.7046,10.7046,10.7046,10.7046,100,0
PLTM.US,5,20211115,164500,10.729,10.729,10.729,10.729,100,0
PLTM.US,5,20211115,165000,10.73,10.73,10.73,10.73,100,0
PLTM.US,5,20211115,170000,10.73,10.73,10.73,10.73,2445,0
PLTM.US,5,20211115,170500,10.7,10.7001,10.7,10.7001,603,0
PLTM.US,5,20211115,172000,10.73,10.73,10.73,10.73,200,0
PLTM.US,5,20211115,173000,10.76,10.76,10.76,10.76,500,0
PLTM.US,5,20211115,173500,10.73,10.74,10.73,10.74,7800,0
PLTM.US,5,20211115,174000,10.755,10.755,10.75,10.75,256,0
PLTM.US,5,20211115,180000,10.73,10.73,10.73,10.73,100,0
PLTM.US,5,20211115,185500,10.67,10.6701,10.67,10.6701,2958,0
PLTM.US,5,20211115,190000,10.7,10.7,10.7,10.7,300,0
PLTM.US,5,20211115,190500,10.7,10.7,10.68,10.68,1100,0
PLTM.US,5,20211115,192500,10.713,10.713,10.68,10.68,2400,0
PLTM.US,5,20211115,194500,10.7251,10.7251,10.7251,10.7251,1000,0
PLTM.US,5,20211115,202500,10.7284,10.73,10.7284,10.73,550,0
PLTM.US,5,20211115,203000,10.71,10.71,10.71,10.71,308,0
PLTM.US,5,20211115,205000,10.74,10.75,10.74,10.75,2666,0
PLTM.US,5,20211115,210000,10.73,10.74,10.72,10.74,4995,0
PLTM.US,5,20211115,211000,10.74,10.74,10.74,10.74,225,0
PLTM.US,5,20211115,212000,10.71,10.7335,10.7,10.7335,1159,0
PLTM.US,5,20211115,213000,10.7,10.7,10.7,10.7,1000,0
PLTM.US,5,20211115,214500,10.7199,10.7199,10.7199,10.7199,2300,0
PLTM.US,5,20211115,215500,10.69,10.73,10.69,10.73,533,0
PLTM.US,5,20211116,153000,10.63,10.63,10.6296,10.6296,805,0
PLTM.US,5,20211116,155000,10.58,10.58,10.58,10.58,100,0
PLTM.US,5,20211116,155500,10.595,10.595,10.595,10.595,925,0
PLTM.US,5,20211116,160000,10.575,10.6,10.575,10.5791,1256,0
PLTM.US,5,20211116,162500,10.58,10.58,10.58,10.58,300,0
PLTM.US,5,20211116,163000,10.56,10.56,10.54,10.54,1100,0
PLTM.US,5,20211116,172000,10.54,10.54,10.54,10.54,300,0
PLTM.US,5,20211116,174000,10.519,10.52,10.519,10.52,950,0
PLTM.US,5,20211116,174500,10.52,10.52,10.52,10.52,1754,0
PLTM.US,5,20211116,175500,10.5,10.525,10.5,10.525,1030,0
PLTM.US,5,20211116,180500,10.5019,10.5019,10.5019,10.5019,100,0
PLTM.US,5,20211116,182000,10.549,10.55,10.53,10.53,1700,0
PLTM.US,5,20211116,183000,10.525,10.525,10.525,10.525,100,0
PLTM.US,5,20211116,185500,10.51,10.51,10.51,10.51,100,0
PLTM.US,5,20211116,190500,10.5,10.5,10.5,10.5,125,0
PLTM.US,5,20211116,192500,10.5099,10.5099,10.5099,10.5099,600,0
PLTM.US,5,20211116,193000,10.5,10.5,10.49,10.499,5310,0
PLTM.US,5,20211116,193500,10.475,10.475,10.45,10.465,3250,0
PLTM.US,5,20211116,195000,10.48,10.48,10.48,10.48,300,0
PLTM.US,5,20211116,195500,10.479,10.48,10.479,10.48,1430,0
PLTM.US,5,20211116,201500,10.47,10.47,10.47,10.47,120,0
PLTM.US,5,20211116,202000,10.47,10.47,10.47,10.47,1004,0
PLTM.US,5,20211116,203000,10.48,10.48,10.45,10.45,938,0
PLTM.US,5,20211116,204000,10.469,10.469,10.469,10.469,100,0
PLTM.US,5,20211116,205000,10.46,10.46,10.46,10.46,500,0
PLTM.US,5,20211116,210500,10.4521,10.4521,10.4521,10.4521,2000,0
PLTM.US,5,20211116,211000,10.446,10.455,10.446,10.455,480,0
PLTM.US,5,20211116,212000,10.46,10.46,10.46,10.46,1000,0
PLTM.US,5,20211116,213000,10.45,10.45,10.45,10.45,400,0
PLTM.US,5,20211116,213500,10.44,10.44,10.44,10.44,600,0
PLTM.US,5,20211116,214500,10.459,10.459,10.459,10.459,470,0
PLTM.US,5,20211116,215000,10.459,10.459,10.45,10.45,400,0
PLTM.US,5,20211116,215500,10.449,10.449,10.44,10.44,889,0
PLTM.US,5,20211117,153000,10.46,10.46,10.45,10.4501,14800,0
PLTM.US,5,20211117,153500,10.5,10.5,10.5,10.5,500,0
PLTM.US,5,20211117,154500,10.5,10.5,10.5,10.5,100,0
PLTM.US,5,20211117,155000,10.52,10.52,10.52,10.52,114,0
PLTM.US,5,20211117,155500,10.49,10.49,10.49,10.49,200,0
PLTM.US,5,20211117,160000,10.49,10.49,10.49,10.49,200,0
PLTM.US,5,20211117,162500,10.52,10.52,10.51,10.51,200,0
PLTM.US,5,20211117,170500,10.47,10.47,10.47,10.47,100,0
PLTM.US,5,20211117,171500,10.4699,10.4699,10.4699,10.4699,300,0
PLTM.US,5,20211117,174000,10.47,10.47,10.47,10.47,125,0
PLTM.US,5,20211117,183000,10.455,10.455,10.455,10.455,100,0
PLTM.US,5,20211117,184000,10.45,10.48,10.44,10.44,2273,0
PLTM.US,5,20211117,190000,10.46,10.46,10.46,10.46,200,0
PLTM.US,5,20211117,195000,10.445,10.445,10.445,10.445,478,0
PLTM.US,5,20211117,200500,10.44,10.44,10.44,10.44,175,0
PLTM.US,5,20211117,201500,10.4,10.4,10.4,10.4,1444,0
PLTM.US,5,20211117,202000,10.3601,10.3601,10.3601,10.3601,380,0
PLTM.US,5,20211117,205000,10.3519,10.3519,10.3519,10.3519,260,0
PLTM.US,5,20211117,211000,10.39,10.4,10.39,10.4,500,0
PLTM.US,5,20211117,212000,10.4,10.4,10.4,10.4,100,0
PLTM.US,5,20211117,213000,10.39,10.39,10.3705,10.3705,220,0
PLTM.US,5,20211117,215500,10.44,10.44,10.44,10.44,189,0
PLTM.US,5,20211118,153000,10.45,10.45,10.45,10.45,249,0
PLTM.US,5,20211118,154000,10.52,10.52,10.52,10.52,300,0
PLTM.US,5,20211118,161000,10.35,10.35,10.31,10.31,2058,0
PLTM.US,5,20211118,161500,10.3,10.3,10.29,10.29,200,0
PLTM.US,5,20211118,162000,10.28,10.295,10.28,10.295,1265,0
PLTM.US,5,20211118,162500,10.27,10.27,10.27,10.27,123,0
PLTM.US,5,20211118,163000,10.25,10.25,10.25,10.25,200,0
PLTM.US,5,20211118,163500,10.3023,10.3023,10.3023,10.3023,250,0
PLTM.US,5,20211118,164000,10.295,10.32,10.295,10.3198,2329,0
PLTM.US,5,20211118,170000,10.3138,10.3138,10.3138,10.3138,700,0
PLTM.US,5,20211118,172000,10.335,10.335,10.335,10.335,387,0
PLTM.US,5,20211118,172500,10.3318,10.3318,10.3318,10.3318,300,0
PLTM.US,5,20211118,173500,10.3599,10.36,10.359,10.359,1600,0
PLTM.US,5,20211118,175000,10.34,10.34,10.34,10.34,102,0
PLTM.US,5,20211118,180000,10.38,10.38,10.38,10.38,374,0
PLTM.US,5,20211118,183500,10.41,10.41,10.4,10.4,399,0
PLTM.US,5,20211118,184500,10.4,10.4,10.4,10.4,194,0
PLTM.US,5,20211118,190000,10.36,10.36,10.36,10.36,100,0
PLTM.US,5,20211118,194000,10.35,10.35,10.35,10.35,111,0
PLTM.US,5,20211118,200000,10.335,10.34,10.335,10.3399,300,0
PLTM.US,5,20211118,205000,10.34,10.34,10.34,10.34,1369,0
PLTM.US,5,20211118,213500,10.3201,10.3201,10.3201,10.3201,937,0
PLTM.US,5,20211118,214500,10.33,10.3311,10.33,10.3303,400,0
PLTM.US,5,20211118,215000,10.33,10.33,10.3,10.3,7484,0
PLTM.US,5,20211118,215500,10.3,10.33,10.29,10.33,1191,0
PLTM.US,5,20211119,153000,10.27,10.27,10.27,10.27,132,0
PLTM.US,5,20211119,155000,10.25,10.25,10.2,10.2,1976,0
PLTM.US,5,20211119,155500,10.21,10.21,10.2095,10.2095,923,0
PLTM.US,5,20211119,160500,10.2208,10.23,10.2208,10.23,600,0
PLTM.US,5,20211119,162000,10.2301,10.2301,10.2301,10.2301,838,0
PLTM.US,5,20211119,162500,10.245,10.245,10.245,10.245,499,0
PLTM.US,5,20211119,163500,10.25,10.25,10.25,10.25,2000,0
PLTM.US,5,20211119,164500,10.23,10.23,10.219,10.219,599,0
PLTM.US,5,20211119,165500,10.229,10.23,10.229,10.2299,3498,0
PLTM.US,5,20211119,173500,10.2,10.2,10.2,10.2,591,0
PLTM.US,5,20211119,174000,10.21,10.21,10.2063,10.2063,600,0
PLTM.US,5,20211119,180500,10.219,10.22,10.219,10.22,2449,0
PLTM.US,5,20211119,181000,10.21,10.21,10.21,10.21,600,0
PLTM.US,5,20211119,182000,10.2007,10.2007,10.2007,10.2007,150,0
PLTM.US,5,20211119,184000,10.2,10.2,10.13,10.13,3304,0
PLTM.US,5,20211119,190500,10.16,10.16,10.16,10.16,149,0
PLTM.US,5,20211119,191000,10.155,10.1699,10.155,10.1699,4873,0
PLTM.US,5,20211119,192000,10.1799,10.1799,10.17,10.17,499,0
PLTM.US,5,20211119,193500,10.1699,10.1699,10.145,10.145,2200,0
PLTM.US,5,20211119,195000,10.13,10.149,10.13,10.149,350,0
PLTM.US,5,20211119,204000,10.14,10.14,10.14,10.14,100,0
PLTM.US,5,20211119,205000,10.13,10.13,10.13,10.13,100,0
PLTM.US,5,20211119,210000,10.13,10.13,10.13,10.13,725,0
PLTM.US,5,20211119,210500,10.13,10.13,10.11,10.11,11010,0
PLTM.US,5,20211119,211500,10.135,10.135,10.135,10.135,100,0
PLTM.US,5,20211119,215000,10.16,10.16,10.16,10.16,200,0
PLTM.US,5,20211119,215500,10.159,10.159,10.11,10.11,2383,0
PLTM.US,5,20211122,153500,10.07,10.1,10.0619,10.1,1910,0
PLTM.US,5,20211122,154000,10.0901,10.0901,10.08,10.0801,2200,0
PLTM.US,5,20211122,154500,10.105,10.105,10.105,10.105,300,0
PLTM.US,5,20211122,161500,10.14,10.14,10.14,10.14,407,0
PLTM.US,5,20211122,163500,10.115,10.115,10.115,10.115,150,0
PLTM.US,5,20211122,170000,10.12,10.12,10.12,10.12,1000,0
PLTM.US,5,20211122,171000,10.16,10.16,10.16,10.16,100,0
PLTM.US,5,20211122,171500,10.149,10.149,10.14,10.14,966,0
PLTM.US,5,20211122,172000,10.11,10.11,10.09,10.09,585,0
PLTM.US,5,20211122,173000,10.115,10.115,10.115,10.115,700,0
PLTM.US,5,20211122,173500,10.1,10.1,10.099,10.1,1100,0
PLTM.US,5,20211122,175500,10.08,10.08,10.08,10.08,100,0
PLTM.US,5,20211122,182000,10.05,10.05,10,10,2065,0
PLTM.US,5,20211122,182500,9.99,9.99,9.97,9.97,1544,0
PLTM.US,5,20211122,184000,9.98,9.98,9.98,9.98,100,0
PLTM.US,5,20211122,184500,9.9899,9.99,9.9898,9.9898,600,0
PLTM.US,5,20211122,190000,9.98,9.98,9.97,9.97,614,0
PLTM.US,5,20211122,192500,9.9899,9.9899,9.9899,9.9899,100,0
PLTM.US,5,20211122,193000,9.9736,9.9789,9.9702,9.9789,3173,0
PLTM.US,5,20211122,193500,9.989,9.99,9.969,9.969,2883,0
PLTM.US,5,20211122,194500,9.96,9.9799,9.96,9.9799,309,0
PLTM.US,5,20211122,195000,9.979,9.979,9.979,9.979,100,0
PLTM.US,5,20211122,201000,9.98,9.98,9.98,9.98,100,0
PLTM.US,5,20211122,204000,9.979,9.979,9.979,9.979,100,0
PLTM.US,5,20211122,205500,9.9601,9.9601,9.9601,9.9601,100,0
PLTM.US,5,20211122,210000,9.97,9.9708,9.97,9.9708,499,0
PLTM.US,5,20211122,215500,9.99,9.99,9.99,9.99,275,0
PLTM.US,5,20211123,153000,9.63,9.63,9.59,9.59,12644,0
PLTM.US,5,20211123,153500,9.61,9.61,9.61,9.61,250,0
PLTM.US,5,20211123,154000,9.61,9.61,9.61,9.61,100,0
PLTM.US,5,20211123,154500,9.63,9.63,9.61,9.61,7654,0
PLTM.US,5,20211123,155000,9.6,9.6,9.53,9.53,4694,0
PLTM.US,5,20211123,155500,9.52,9.59,9.52,9.59,5199,0
PLTM.US,5,20211123,160000,9.575,9.5885,9.575,9.5885,601,0
PLTM.US,5,20211123,160500,9.5687,9.589,9.5528,9.5528,699,0
PLTM.US,5,20211123,161500,9.55,9.57,9.55,9.559,1539,0
PLTM.US,5,20211123,162000,9.545,9.545,9.545,9.545,100,0
PLTM.US,5,20211123,163000,9.53,9.53,9.53,9.53,190,0
PLTM.US,5,20211123,164500,9.539,9.559,9.53,9.559,3099,0
PLTM.US,5,20211123,165500,9.53,9.53,9.45,9.45,7802,0
PLTM.US,5,20211123,170000,9.45,9.45,9.44,9.44,500,0
PLTM.US,5,20211123,170500,9.43,9.4536,9.43,9.4536,3122,0
PLTM.US,5,20211123,171000,9.44,9.465,9.42,9.436,4046,0
PLTM.US,5,20211123,172000,9.4599,9.4599,9.44,9.44,2100,0
PLTM.US,5,20211123,173000,9.45,9.45,9.45,9.45,7900,0
PLTM.US,5,20211123,173500,9.445,9.458,9.44,9.458,1220,0
PLTM.US,5,20211123,174000,9.48,9.48,9.48,9.48,999,0
PLTM.US,5,20211123,174500,9.48,9.48,9.48,9.48,250,0
PLTM.US,5,20211123,175000,9.4887,9.4887,9.4887,9.4887,100,0
PLTM.US,5,20211123,175500,9.48,9.48,9.48,9.48,100,0
PLTM.US,5,20211123,180000,9.49,9.49,9.49,9.49,1499,0
PLTM.US,5,20211123,180500,9.44,9.44,9.43,9.43,770,0
PLTM.US,5,20211123,181500,9.47,9.48,9.47,9.48,612,0
PLTM.US,5,20211123,182000,9.48,9.48,9.48,9.48,100,0
PLTM.US,5,20211123,182500,9.49,9.509,9.48,9.509,949,0
PLTM.US,5,20211123,183000,9.49,9.49,9.4683,9.4683,626,0
PLTM.US,5,20211123,183500,9.4571,9.46,9.4571,9.46,400,0
PLTM.US,5,20211123,185000,9.4599,9.4599,9.4599,9.4599,100,0
PLTM.US,5,20211123,185500,9.45,9.46,9.45,9.4595,5720,0
PLTM.US,5,20211123,192000,9.48,9.48,9.48,9.48,100,0
PLTM.US,5,20211123,193000,9.46,9.46,9.46,9.46,100,0
PLTM.US,5,20211123,202000,9.51,9.5199,9.51,9.5199,600,0
PLTM.US,5,20211123,202500,9.52,9.52,9.52,9.52,300,0
PLTM.US,5,20211123,205000,9.54,9.54,9.54,9.54,200,0
PLTM.US,5,20211123,210500,9.54,9.54,9.52,9.54,1894,0
PLTM.US,5,20211123,211000,9.53,9.53,9.53,9.53,105,0
PLTM.US,5,20211123,211500,9.53,9.53,9.53,9.53,500,0
PLTM.US,5,20211123,213000,9.535,9.55,9.535,9.5417,2200,0
PLTM.US,5,20211123,213500,9.54,9.54,9.54,9.54,1800,0
PLTM.US,5,20211123,214000,9.54,9.54,9.54,9.54,1300,0
PLTM.US,5,20211123,214500,9.545,9.551,9.53,9.53,490,0
PLTM.US,5,20211123,215000,9.55,9.55,9.5401,9.5418,686,0
PLTM.US,5,20211123,215500,9.5463,9.57,9.54,9.57,1602,0
PLTM.US,5,20211124,153000,9.59,9.59,9.59,9.59,2008,0
PLTM.US,5,20211124,154500,9.6,9.6,9.59,9.59,1100,0
PLTM.US,5,20211124,155000,9.5701,9.5701,9.57,9.5701,998,0
PLTM.US,5,20211124,160000,9.599,9.599,9.599,9.599,104,0
PLTM.US,5,20211124,160500,9.59,9.59,9.59,9.59,105,0
PLTM.US,5,20211124,161000,9.53,9.53,9.53,9.53,100,0
PLTM.US,5,20211124,162500,9.53,9.53,9.53,9.53,299,0
PLTM.US,5,20211124,163000,9.545,9.545,9.53,9.53,1250,0
PLTM.US,5,20211124,164500,9.56,9.56,9.56,9.56,1537,0
PLTM.US,5,20211124,165000,9.6,9.6,9.6,9.6,507,0
PLTM.US,5,20211124,165500,9.6064,9.6399,9.6064,9.6399,400,0
PLTM.US,5,20211124,170500,9.63,9.63,9.63,9.63,100,0
PLTM.US,5,20211124,172500,9.62,9.62,9.62,9.62,400,0
PLTM.US,5,20211124,174000,9.65,9.65,9.65,9.65,199,0
PLTM.US,5,20211124,174500,9.62,9.62,9.61,9.61,3980,0
PLTM.US,5,20211124,175000,9.66,9.66,9.65,9.65,500,0
PLTM.US,5,20211124,180000,9.61,9.61,9.6,9.6,1978,0
PLTM.US,5,20211124,183500,9.55,9.55,9.55,9.55,255,0
PLTM.US,5,20211124,184000,9.56,9.56,9.56,9.56,500,0
PLTM.US,5,20211124,190000,9.62,9.62,9.62,9.62,4000,0
PLTM.US,5,20211124,193500,9.62,9.62,9.62,9.62,300,0
PLTM.US,5,20211124,194000,9.61,9.61,9.61,9.61,300,0
PLTM.US,5,20211124,195000,9.61,9.61,9.61,9.61,275,0
PLTM.US,5,20211124,201000,9.59,9.59,9.59,9.59,150,0
PLTM.US,5,20211124,211000,9.5901,9.5901,9.5901,9.5901,140,0
PLTM.US,5,20211124,214500,9.6198,9.6209,9.617,9.617,4704,0
PLTM.US,5,20211124,215000,9.6101,9.6101,9.6101,9.6101,414,0
PLTM.US,5,20211124,215500,9.6233,9.64,9.6233,9.64,539,0
PLTM.US,5,20211126,153000,9.6,9.61,9.5553,9.5553,1231,0
PLTM.US,5,20211126,154500,9.519,9.519,9.519,9.519,100,0
PLTM.US,5,20211126,155000,9.5,9.5,9.5,9.5,500,0
PLTM.US,5,20211126,155500,9.5199,9.52,9.5199,9.52,1998,0
PLTM.US,5,20211126,160500,9.51,9.51,9.51,9.51,500,0
PLTM.US,5,20211126,161000,9.49,9.49,9.48,9.48,1730,0
PLTM.US,5,20211126,162500,9.512,9.512,9.512,9.512,100,0
PLTM.US,5,20211126,164000,9.5253,9.53,9.5253,9.53,335,0
PLTM.US,5,20211126,164500,9.5141,9.5141,9.5141,9.5141,524,0
PLTM.US,5,20211126,170000,9.51,9.51,9.48,9.48,415,0
PLTM.US,5,20211126,171500,9.49,9.49,9.49,9.49,200,0
PLTM.US,5,20211126,172500,9.475,9.475,9.435,9.45,21325,0
PLTM.US,5,20211126,173000,9.43,9.43,9.43,9.43,100,0
PLTM.US,5,20211126,173500,9.42,9.42,9.38,9.38,1821,0
PLTM.US,5,20211126,174000,9.38,9.38,9.35,9.359,6755,0
PLTM.US,5,20211126,174500,9.37,9.37,9.37,9.37,533,0
PLTM.US,5,20211126,175000,9.389,9.389,9.389,9.389,128,0
PLTM.US,5,20211126,175500,9.38,9.38,9.38,9.38,300,0
PLTM.US,5,20211126,180000,9.42,9.42,9.419,9.419,800,0
PLTM.US,5,20211126,181000,9.41,9.455,9.41,9.455,1357,0
PLTM.US,5,20211126,181500,9.4399,9.4399,9.429,9.429,1100,0
PLTM.US,5,20211126,182000,9.439,9.439,9.439,9.439,295,0
PLTM.US,5,20211126,183000,9.429,9.429,9.429,9.429,108,0
PLTM.US,5,20211126,183500,9.42,9.42,9.42,9.42,500,0
PLTM.US,5,20211126,185000,9.37,9.371,9.37,9.371,1219,0
PLTM.US,5,20211126,185500,9.365,9.39,9.365,9.39,537,0
PLTM.US,5,20211126,191000,9.41,9.41,9.41,9.41,0,0
PLTM.US,5,20211126,213000,9.41,9.41,9.41,9.41,0,0
PLTM.US,5,20211129,153000,9.56,9.56,9.52,9.52,3521,0
PLTM.US,5,20211129,153500,9.54,9.54,9.54,9.54,100,0
PLTM.US,5,20211129,154500,9.5001,9.5001,9.5001,9.5001,140,0
PLTM.US,5,20211129,160000,9.55,9.56,9.55,9.55,2507,0
PLTM.US,5,20211129,161500,9.53,9.53,9.52,9.52,1378,0
PLTM.US,5,20211129,162500,9.51,9.51,9.51,9.51,250,0
PLTM.US,5,20211129,163000,9.5,9.5,9.5,9.5,909,0
PLTM.US,5,20211129,163500,9.52,9.52,9.48,9.48,675,0
PLTM.US,5,20211129,164500,9.48,9.48,9.48,9.48,2482,0
PLTM.US,5,20211129,165000,9.51,9.53,9.5015,9.5015,952,0
PLTM.US,5,20211129,171500,9.52,9.52,9.52,9.52,1000,0
PLTM.US,5,20211129,173500,9.48,9.48,9.48,9.48,300,0
PLTM.US,5,20211129,174000,9.47,9.47,9.47,9.47,639,0
PLTM.US,5,20211129,175000,9.5199,9.5199,9.4991,9.4991,700,0
PLTM.US,5,20211129,175500,9.5,9.5,9.5,9.5,290,0
PLTM.US,5,20211129,180000,9.505,9.52,9.505,9.52,375,0
PLTM.US,5,20211129,180500,9.54,9.541,9.54,9.5403,2989,0
PLTM.US,5,20211129,181500,9.56,9.56,9.56,9.56,534,0
PLTM.US,5,20211129,182000,9.59,9.59,9.59,9.59,272,0
PLTM.US,5,20211129,183000,9.59,9.59,9.57,9.57,403,0
PLTM.US,5,20211129,184000,9.57,9.57,9.57,9.57,200,0
PLTM.US,5,20211129,185500,9.5701,9.5701,9.5701,9.5701,750,0
PLTM.US,5,20211129,190000,9.57,9.57,9.57,9.57,232,0
PLTM.US,5,20211129,191000,9.515,9.515,9.5127,9.5127,300,0
PLTM.US,5,20211129,191500,9.51,9.51,9.51,9.51,1400,0
PLTM.US,5,20211129,192000,9.5,9.5,9.5,9.5,500,0
PLTM.US,5,20211129,194000,9.49,9.49,9.49,9.49,500,0
PLTM.US,5,20211129,194500,9.49,9.49,9.49,9.49,200,0
PLTM.US,5,20211129,201000,9.5096,9.5096,9.5096,9.5096,150,0
PLTM.US,5,20211129,201500,9.47,9.51,9.47,9.51,988,0
PLTM.US,5,20211129,203000,9.5099,9.5099,9.5099,9.5099,150,0
PLTM.US,5,20211129,204000,9.485,9.5,9.485,9.5,2150,0
PLTM.US,5,20211129,211500,9.48,9.48,9.48,9.48,100,0
PLTM.US,5,20211129,213500,9.4725,9.4725,9.4725,9.4725,500,0
PLTM.US,5,20211129,214000,9.5,9.5,9.5,9.5,2000,0
PLTM.US,5,20211129,215500,9.48,9.49,9.48,9.49,1252,0
PLTM.US,5,20211130,153000,9.32,9.32,9.27,9.27,2338,0
PLTM.US,5,20211130,153500,9.2929,9.3,9.28,9.289,11912,0
PLTM.US,5,20211130,154000,9.2716,9.32,9.2716,9.3196,5341,0
PLTM.US,5,20211130,154500,9.29,9.2901,9.29,9.2901,328,0
PLTM.US,5,20211130,155000,9.375,9.375,9.375,9.375,100,0
PLTM.US,5,20211130,155500,9.399,9.4,9.38,9.38,2590,0
PLTM.US,5,20211130,160000,9.37,9.37,9.37,9.37,300,0
PLTM.US,5,20211130,160500,9.36,9.36,9.36,9.36,500,0
PLTM.US,5,20211130,161000,9.45,9.45,9.443,9.443,1998,0
PLTM.US,5,20211130,162500,9.43,9.4401,9.43,9.4401,400,0
PLTM.US,5,20211130,163000,9.44,9.45,9.43,9.43,10747,0
PLTM.US,5,20211130,163500,9.43,9.43,9.4,9.4,800,0
PLTM.US,5,20211130,165000,9.3,9.3,9.3,9.3,199,0
PLTM.US,5,20211130,170000,9.26,9.26,9.17,9.1701,3000,0
PLTM.US,5,20211130,170500,9.22,9.23,9.22,9.23,1576,0
PLTM.US,5,20211130,171000,9.26,9.26,9.26,9.26,9903,0
PLTM.US,5,20211130,172000,9.249,9.25,9.249,9.25,9999,0
PLTM.US,5,20211130,172500,9.2,9.2308,9.2,9.2308,3966,0
PLTM.US,5,20211130,173500,9.2,9.2,9.1801,9.1801,2100,0
PLTM.US,5,20211130,174000,9.16,9.16,9.16,9.16,100,0
PLTM.US,5,20211130,175000,9.15,9.15,9.12,9.12,1420,0
PLTM.US,5,20211130,180500,9.15,9.15,9.13,9.13,900,0
PLTM.US,5,20211130,181000,9.14,9.179,9.14,9.165,1300,0
PLTM.US,5,20211130,181500,9.17,9.17,9.17,9.17,522,0
PLTM.US,5,20211130,183500,9.208,9.208,9.192,9.192,549,0
PLTM.US,5,20211130,184000,9.2,9.2,9.2,9.2,849,0
PLTM.US,5,20211130,184500,9.18,9.2,9.18,9.1993,884,0
PLTM.US,5,20211130,185000,9.1862,9.1862,9.1862,9.1862,100,0
PLTM.US,5,20211130,185500,9.18,9.18,9.15,9.15,1167,0
PLTM.US,5,20211130,191000,9.19,9.19,9.19,9.19,499,0
PLTM.US,5,20211130,192000,9.2,9.22,9.1979,9.1979,336,0
PLTM.US,5,20211130,192500,9.2077,9.23,9.2077,9.2198,599,0
PLTM.US,5,20211130,194000,9.23,9.23,9.23,9.23,300,0
PLTM.US,5,20211130,194500,9.229,9.23,9.229,9.23,400,0
PLTM.US,5,20211130,195000,9.255,9.255,9.24,9.255,3266,0
PLTM.US,5,20211130,201000,9.255,9.255,9.255,9.255,300,0
PLTM.US,5,20211130,202500,9.25,9.25,9.25,9.25,100,0
PLTM.US,5,20211130,203000,9.25,9.25,9.25,9.25,900,0
PLTM.US,5,20211130,203500,9.22,9.22,9.22,9.22,400,0
PLTM.US,5,20211130,204000,9.2201,9.2201,9.22,9.22,6984,0
PLTM.US,5,20211130,205500,9.24,9.24,9.24,9.24,105,0
PLTM.US,5,20211130,215000,9.22,9.22,9.1801,9.1801,2373,0
PLTM.US,5,20211130,215500,9.18,9.18,9.16,9.16,1665,0
PLTM.US,5,20211201,153000,9.27,9.27,9.27,9.27,125,0
PLTM.US,5,20211201,155000,9.325,9.34,9.325,9.3399,4927,0
PLTM.US,5,20211201,160000,9.29,9.29,9.29,9.29,300,0
PLTM.US,5,20211201,163500,9.36,9.36,9.36,9.36,130,0
PLTM.US,5,20211201,164000,9.36,9.36,9.36,9.36,499,0
PLTM.US,5,20211201,164500,9.38,9.38,9.38,9.38,500,0
PLTM.US,5,20211201,170000,9.36,9.36,9.36,9.36,120,0
PLTM.US,5,20211201,172000,9.34,9.349,9.34,9.349,481,0
PLTM.US,5,20211201,175500,9.271,9.271,9.271,9.271,100,0
PLTM.US,5,20211201,180500,9.2701,9.2701,9.2701,9.2701,290,0
PLTM.US,5,20211201,183500,9.3,9.3,9.3,9.3,2696,0
PLTM.US,5,20211201,185500,9.25,9.25,9.25,9.25,100,0
PLTM.US,5,20211201,192500,9.25,9.265,9.25,9.265,700,0
PLTM.US,5,20211201,193500,9.245,9.245,9.245,9.245,200,0
PLTM.US,5,20211201,194000,9.25,9.25,9.23,9.23,466,0
PLTM.US,5,20211201,201000,9.22,9.22,9.21,9.21,400,0
PLTM.US,5,20211201,201500,9.2,9.2,9.2,9.2,248,0
PLTM.US,5,20211201,203000,9.205,9.205,9.205,9.205,295,0
PLTM.US,5,20211201,203500,9.21,9.21,9.18,9.18,1363,0
PLTM.US,5,20211201,205000,9.18,9.18,9.18,9.18,200,0
PLTM.US,5,20211201,210500,9.1861,9.1861,9.1861,9.1861,1500,0
PLTM.US,5,20211201,212500,9.15,9.15,9.13,9.131,300,0
PLTM.US,5,20211201,213000,9.131,9.131,9.131,9.131,162,0
PLTM.US,5,20211201,213500,9.155,9.155,9.155,9.155,200,0
PLTM.US,5,20211201,214000,9.1799,9.1799,9.16,9.16,717,0
PLTM.US,5,20211201,214500,9.16,9.16,9.16,9.16,100,0
PLTM.US,5,20211201,215500,9.1463,9.17,9.13,9.13,770,0
PLTM.US,5,20211202,153000,9.2,9.2399,9.2,9.23,2953,0
PLTM.US,5,20211202,154500,9.22,9.22,9.22,9.22,100,0
PLTM.US,5,20211202,155000,9.215,9.215,9.215,9.215,500,0
PLTM.US,5,20211202,155500,9.23,9.23,9.2,9.2,2598,0
PLTM.US,5,20211202,160000,9.2,9.2,9.2,9.2,200,0
PLTM.US,5,20211202,161000,9.2499,9.2499,9.2499,9.2499,200,0
PLTM.US,5,20211202,161500,9.23,9.23,9.23,9.23,306,0
PLTM.US,5,20211202,163000,9.195,9.195,9.195,9.195,100,0
PLTM.US,5,20211202,164000,9.19,9.19,9.18,9.18,921,0
PLTM.US,5,20211202,164500,9.185,9.185,9.18,9.18,648,0
PLTM.US,5,20211202,165000,9.18,9.18,9.18,9.18,200,0
PLTM.US,5,20211202,171500,9.1919,9.1919,9.1919,9.1919,200,0
PLTM.US,5,20211202,174000,9.22,9.22,9.22,9.22,815,0
PLTM.US,5,20211202,175000,9.2007,9.2007,9.2007,9.2007,1799,0
PLTM.US,5,20211202,180500,9.2,9.2,9.19,9.1922,569,0
PLTM.US,5,20211202,182000,9.1901,9.1901,9.1901,9.1901,2000,0
PLTM.US,5,20211202,202000,9.24,9.24,9.24,9.24,299,0
PLTM.US,5,20211202,204000,9.24,9.24,9.24,9.24,200,0
PLTM.US,5,20211202,212000,9.249,9.25,9.23,9.25,2418,0
PLTM.US,5,20211202,212500,9.21,9.2101,9.21,9.2101,402,0
PLTM.US,5,20211203,153000,9.23,9.23,9.23,9.23,1500,0
PLTM.US,5,20211203,153500,9.25,9.25,9.25,9.25,374,0
PLTM.US,5,20211203,154500,9.25,9.25,9.25,9.25,150,0
PLTM.US,5,20211203,155500,9.2599,9.2599,9.2599,9.2599,1000,0
PLTM.US,5,20211203,161500,9.22,9.22,9.22,9.22,799,0
PLTM.US,5,20211203,162500,9.21,9.21,9.21,9.21,1000,0
PLTM.US,5,20211203,164000,9.21,9.21,9.2,9.2,200,0
PLTM.US,5,20211203,164500,9.15,9.15,9.1,9.1,3548,0
PLTM.US,5,20211203,165500,9.14,9.14,9.14,9.14,200,0
PLTM.US,5,20211203,170500,9.14,9.14,9.14,9.14,1000,0
PLTM.US,5,20211203,171500,9.15,9.15,9.15,9.15,1244,0
PLTM.US,5,20211203,174000,9.15,9.15,9.15,9.15,100,0
PLTM.US,5,20211203,175000,9.13,9.13,9.13,9.13,114,0
PLTM.US,5,20211203,180500,9.12,9.12,9.12,9.12,200,0
PLTM.US,5,20211203,181500,9.1199,9.12,9.1199,9.12,2354,0
PLTM.US,5,20211203,185000,9.1401,9.1401,9.1401,9.1401,1000,0
PLTM.US,5,20211203,192000,9.1724,9.1724,9.1724,9.1724,200,0
PLTM.US,5,20211203,195500,9.1701,9.1701,9.1701,9.1701,100,0
PLTM.US,5,20211203,200500,9.1726,9.1726,9.1726,9.1726,100,0
PLTM.US,5,20211203,201000,9.1601,9.1601,9.1601,9.1601,100,0
PLTM.US,5,20211203,202000,9.1695,9.1695,9.1695,9.1695,388,0
PLTM.US,5,20211203,202500,9.1899,9.1899,9.1899,9.1899,100,0
PLTM.US,5,20211203,204000,9.16,9.16,9.16,9.16,200,0
PLTM.US,5,20211203,214500,9.179,9.179,9.179,9.179,300,0
PLTM.US,5,20211203,215500,9.1638,9.1638,9.16,9.16,1896,0
PLTM.US,5,20211206,153000,9.15,9.15,9.15,9.15,10104,0
PLTM.US,5,20211206,154000,9.11,9.11,9.1,9.1,1200,0
PLTM.US,5,20211206,160500,9.1844,9.1844,9.1844,9.1844,235,0
PLTM.US,5,20211206,164000,9.26,9.26,9.25,9.25,2933,0
PLTM.US,5,20211206,165500,9.21,9.2199,9.18,9.2199,2096,0
PLTM.US,5,20211206,172500,9.23,9.25,9.215,9.2494,3071,0
PLTM.US,5,20211206,173000,9.25,9.25,9.25,9.25,979,0
PLTM.US,5,20211206,174500,9.26,9.26,9.26,9.26,250,0
PLTM.US,5,20211206,182500,9.2699,9.27,9.2699,9.2699,998,0
PLTM.US,5,20211206,183500,9.27,9.27,9.2698,9.2698,701,0
PLTM.US,5,20211206,184000,9.26,9.27,9.26,9.27,10116,0
PLTM.US,5,20211206,184500,9.2501,9.2501,9.2501,9.2501,500,0
PLTM.US,5,20211206,190500,9.27,9.27,9.27,9.27,2000,0
PLTM.US,5,20211206,191000,9.25,9.25,9.25,9.25,395,0
PLTM.US,5,20211206,191500,9.22,9.22,9.22,9.22,300,0
PLTM.US,5,20211206,193000,9.24,9.2599,9.24,9.25,1700,0
PLTM.US,5,20211206,194000,9.25,9.25,9.25,9.25,1920,0
PLTM.US,5,20211206,195000,9.22,9.22,9.22,9.22,969,0
PLTM.US,5,20211206,195500,9.2499,9.25,9.2499,9.25,200,0
PLTM.US,5,20211206,200500,9.25,9.25,9.2499,9.2499,809,0
PLTM.US,5,20211206,203500,9.2497,9.2497,9.2497,9.2497,115,0
PLTM.US,5,20211206,204000,9.239,9.239,9.239,9.239,327,0
PLTM.US,5,20211206,204500,9.25,9.25,9.21,9.21,1443,0
PLTM.US,5,20211206,211500,9.2389,9.2389,9.2389,9.2389,1000,0
PLTM.US,5,20211206,212000,9.2278,9.2278,9.2278,9.2278,215,0
PLTM.US,5,20211206,214500,9.25,9.25,9.25,9.25,300,0
PLTM.US,5,20211206,215000,9.24,9.24,9.24,9.24,300,0
PLTM.US,5,20211206,215500,9.24,9.25,9.24,9.25,430,0
PLTM.US,5,20211207,153000,9.38,9.38,9.38,9.38,9198,0
PLTM.US,5,20211207,153500,9.395,9.41,9.395,9.41,900,0
PLTM.US,5,20211207,160500,9.38,9.38,9.35,9.35,410,0
PLTM.US,5,20211207,161500,9.35,9.35,9.35,9.35,682,0
PLTM.US,5,20211207,162500,9.385,9.385,9.3701,9.3701,300,0
PLTM.US,5,20211207,164000,9.398,9.398,9.398,9.398,591,0
PLTM.US,5,20211207,170000,9.39,9.39,9.39,9.39,750,0
PLTM.US,5,20211207,171000,9.41,9.41,9.41,9.41,100,0
PLTM.US,5,20211207,171500,9.39,9.39,9.39,9.39,1800,0
PLTM.US,5,20211207,172000,9.39,9.3936,9.39,9.39,1300,0
PLTM.US,5,20211207,180000,9.41,9.431,9.41,9.425,815,0
PLTM.US,5,20211207,181000,9.425,9.425,9.41,9.41,200,0
PLTM.US,5,20211207,182000,9.41,9.41,9.41,9.41,6212,0
PLTM.US,5,20211207,182500,9.4,9.4,9.4,9.4,200,0
PLTM.US,5,20211207,183000,9.4,9.4,9.4,9.4,100,0
PLTM.US,5,20211207,183500,9.41,9.41,9.41,9.41,100,0
PLTM.US,5,20211207,185500,9.39,9.39,9.39,9.39,799,0
PLTM.US,5,20211207,190000,9.361,9.361,9.361,9.361,100,0
PLTM.US,5,20211207,194000,9.3999,9.3999,9.3999,9.3999,500,0
PLTM.US,5,20211207,195500,9.361,9.38,9.36,9.38,3960,0
PLTM.US,5,20211207,203000,9.36,9.36,9.36,9.36,1000,0
PLTM.US,5,20211207,203500,9.3799,9.3799,9.3799,9.3799,100,0
PLTM.US,5,20211207,205500,9.35,9.35,9.35,9.35,400,0
PLTM.US,5,20211207,210500,9.361,9.361,9.36,9.36,999,0
PLTM.US,5,20211207,211500,9.361,9.361,9.361,9.361,100,0
PLTM.US,5,20211207,212500,9.3601,9.3601,9.3601,9.3601,500,0
PLTM.US,5,20211207,215500,9.375,9.38,9.375,9.38,1564,0
PLTM.US,5,20211208,153000,9.4,9.4,9.38,9.38,3533,0
PLTM.US,5,20211208,154000,9.36,9.36,9.36,9.36,200,0
PLTM.US,5,20211208,154500,9.4,9.4,9.4,9.4,2000,0
PLTM.US,5,20211208,155000,9.4,9.4,9.4,9.4,2204,0
PLTM.US,5,20211208,155500,9.41,9.41,9.391,9.41,484,0
PLTM.US,5,20211208,160000,9.4099,9.41,9.4099,9.41,200,0
PLTM.US,5,20211208,161500,9.4,9.4,9.4,9.4,1999,0
PLTM.US,5,20211208,162500,9.391,9.391,9.391,9.391,100,0
PLTM.US,5,20211208,163000,9.41,9.41,9.41,9.41,886,0
PLTM.US,5,20211208,164500,9.3634,9.3634,9.3634,9.3634,524,0
PLTM.US,5,20211208,171000,9.41,9.41,9.41,9.41,250,0
PLTM.US,5,20211208,173000,9.4385,9.4385,9.4385,9.4385,400,0
PLTM.US,5,20211208,174000,9.43,9.44,9.43,9.44,888,0
PLTM.US,5,20211208,174500,9.42,9.42,9.42,9.42,3000,0
PLTM.US,5,20211208,175000,9.44,9.44,9.42,9.42,2589,0
PLTM.US,5,20211208,182000,9.43,9.435,9.42,9.42,1981,0
PLTM.US,5,20211208,193000,9.43,9.43,9.43,9.43,100,0
PLTM.US,5,20211208,194500,9.44,9.44,9.44,9.44,957,0
PLTM.US,5,20211208,201500,9.42,9.42,9.42,9.42,1054,0
PLTM.US,5,20211208,212500,9.4599,9.4599,9.4599,9.4599,100,0
PLTM.US,5,20211208,213500,9.45,9.45,9.4492,9.4492,200,0
PLTM.US,5,20211208,215500,9.43,9.45,9.43,9.45,1737,0
PLTM.US,5,20211209,153000,9.32,9.32,9.27,9.27,7922,0
PLTM.US,5,20211209,153500,9.25,9.2665,9.25,9.2665,2294,0
PLTM.US,5,20211209,154000,9.25,9.2501,9.25,9.25,818,0
PLTM.US,5,20211209,154500,9.25,9.25,9.25,9.25,100,0
PLTM.US,5,20211209,155000,9.25,9.25,9.23,9.23,636,0
PLTM.US,5,20211209,160000,9.25,9.25,9.2391,9.2391,200,0
PLTM.US,5,20211209,165000,9.265,9.265,9.2533,9.2533,250,0
PLTM.US,5,20211209,171000,9.2972,9.2972,9.2972,9.2972,150,0
PLTM.US,5,20211209,171500,9.2784,9.2784,9.2784,9.2784,200,0
PLTM.US,5,20211209,172500,9.27,9.27,9.27,9.27,600,0
PLTM.US,5,20211209,173000,9.27,9.27,9.27,9.27,498,0
PLTM.US,5,20211209,173500,9.27,9.27,9.2581,9.2581,3000,0
PLTM.US,5,20211209,174000,9.23,9.23,9.21,9.21,2194,0
PLTM.US,5,20211209,182000,9.225,9.225,9.225,9.225,200,0
PLTM.US,5,20211209,183500,9.22,9.22,9.22,9.22,300,0
PLTM.US,5,20211209,184000,9.23,9.23,9.23,9.23,100,0
PLTM.US,5,20211209,191500,9.235,9.235,9.235,9.235,100,0
PLTM.US,5,20211209,194000,9.23,9.23,9.23,9.23,400,0
PLTM.US,5,20211209,195500,9.235,9.235,9.235,9.235,250,0
PLTM.US,5,20211209,200500,9.22,9.22,9.22,9.22,1600,0
PLTM.US,5,20211209,201000,9.21,9.21,9.21,9.21,910,0
PLTM.US,5,20211209,201500,9.2,9.2165,9.19,9.2165,4038,0
PLTM.US,5,20211209,202500,9.22,9.22,9.22,9.22,399,0
PLTM.US,5,20211209,203500,9.18,9.18,9.18,9.18,160,0
PLTM.US,5,20211209,205000,9.21,9.21,9.21,9.21,100,0
PLTM.US,5,20211209,212000,9.19,9.19,9.19,9.19,200,0
PLTM.US,5,20211209,213000,9.19,9.19,9.19,9.19,700,0
PLTM.US,5,20211209,214500,9.2,9.2,9.2,9.2,100,0
PLTM.US,5,20211209,215500,9.1998,9.2099,9.18,9.19,1387,0
PLTM.US,5,20211210,153500,9.2001,9.2001,9.2001,9.2001,500,0
PLTM.US,5,20211210,154000,9.2399,9.24,9.2399,9.24,200,0
PLTM.US,5,20211210,154500,9.2,9.21,9.2,9.21,3133,0
PLTM.US,5,20211210,160000,9.16,9.16,9.15,9.15,349,0
PLTM.US,5,20211210,162000,9.23,9.23,9.23,9.23,600,0
PLTM.US,5,20211210,164500,9.1801,9.1801,9.1801,9.1801,100,0
PLTM.US,5,20211210,165500,9.22,9.22,9.22,9.22,215,0
PLTM.US,5,20211210,170000,9.211,9.211,9.211,9.211,100,0
PLTM.US,5,20211210,170500,9.2,9.201,9.2,9.201,487,0
PLTM.US,5,20211210,172500,9.1901,9.1901,9.1901,9.1901,100,0
PLTM.US,5,20211210,173000,9.2198,9.2198,9.2198,9.2198,500,0
PLTM.US,5,20211210,175500,9.2199,9.2199,9.2199,9.2199,272,0
PLTM.US,5,20211210,181500,9.23,9.23,9.23,9.23,1500,0
PLTM.US,5,20211210,182000,9.215,9.215,9.215,9.215,100,0
PLTM.US,5,20211210,183500,9.22,9.22,9.22,9.22,200,0
PLTM.US,5,20211210,190500,9.211,9.211,9.21,9.21,1496,0
PLTM.US,5,20211210,191500,9.2202,9.2202,9.2202,9.2202,2500,0
PLTM.US,5,20211210,192500,9.22,9.22,9.22,9.22,500,0
PLTM.US,5,20211210,193000,9.24,9.24,9.24,9.24,100,0
PLTM.US,5,20211210,193500,9.2236,9.2236,9.2236,9.2236,200,0
PLTM.US,5,20211210,194000,9.24,9.24,9.24,9.24,3837,0
PLTM.US,5,20211210,194500,9.2232,9.2232,9.2232,9.2232,4500,0
PLTM.US,5,20211210,200500,9.225,9.225,9.225,9.225,100,0
PLTM.US,5,20211210,201000,9.2201,9.2201,9.2201,9.2201,451,0
PLTM.US,5,20211210,203000,9.22,9.2202,9.22,9.2202,1200,0
PLTM.US,5,20211210,203500,9.23,9.23,9.23,9.23,100,0
PLTM.US,5,20211210,212500,9.22,9.22,9.22,9.22,150,0
PLTM.US,5,20211210,213000,9.225,9.26,9.225,9.26,13658,0
PLTM.US,5,20211210,215000,9.2302,9.2302,9.2302,9.2302,100,0
PLTM.US,5,20211210,215500,9.26,9.26,9.2527,9.2527,450,0
PLTM.US,5,20211213,153000,9.12,9.168,9.12,9.16,6747,0
PLTM.US,5,20211213,154500,9.13,9.13,9.13,9.13,300,0
PLTM.US,5,20211213,155500,9.12,9.14,9.12,9.14,8514,0
PLTM.US,5,20211213,160000,9.18,9.18,9.18,9.18,200,0
PLTM.US,5,20211213,160500,9.1919,9.1919,9.18,9.18,6516,0
PLTM.US,5,20211213,164000,9.1434,9.1434,9.1434,9.1434,250,0
PLTM.US,5,20211213,164500,9.145,9.145,9.145,9.145,100,0
PLTM.US,5,20211213,165000,9.14,9.15,9.14,9.1411,1727,0
PLTM.US,5,20211213,171000,9.13,9.141,9.127,9.141,771,0
PLTM.US,5,20211213,171500,9.14,9.14,9.14,9.14,150,0
PLTM.US,5,20211213,173500,9.14,9.14,9.14,9.14,1178,0
PLTM.US,5,20211213,180500,9.12,9.12,9.12,9.12,2100,0
PLTM.US,5,20211213,182000,9.12,9.13,9.12,9.13,400,0
PLTM.US,5,20211213,182500,9.1101,9.15,9.1101,9.15,3000,0
PLTM.US,5,20211213,183000,9.11,9.15,9.11,9.15,3099,0
PLTM.US,5,20211213,184500,9.1533,9.1533,9.1533,9.1533,109,0
PLTM.US,5,20211213,185500,9.1528,9.1528,9.1528,9.1528,100,0
PLTM.US,5,20211213,192000,9.1393,9.14,9.1393,9.14,500,0
PLTM.US,5,20211213,200500,9.125,9.125,9.125,9.125,100,0
PLTM.US,5,20211213,201500,9.14,9.14,9.14,9.14,815,0
PLTM.US,5,20211213,203000,9.14,9.14,9.14,9.14,200,0
PLTM.US,5,20211213,205500,9.134,9.134,9.134,9.134,200,0
PLTM.US,5,20211213,211000,9.128,9.128,9.1272,9.1272,260,0
PLTM.US,5,20211213,212500,9.13,9.13,9.13,9.13,150,0
PLTM.US,5,20211213,213500,9.159,9.159,9.159,9.159,110,0
PLTM.US,5,20211213,214000,9.15,9.15,9.15,9.15,200,0
PLTM.US,5,20211213,215500,9.15,9.15,9.15,9.15,100,0
PLTM.US,5,20211214,153000,9.02,9.02,8.96,8.96,20019,0
PLTM.US,5,20211214,154000,9,9.01,8.99,9.01,3003,0
PLTM.US,5,20211214,154500,9.045,9.05,9.0418,9.05,476,0
PLTM.US,5,20211214,160000,9.1,9.1,9.1,9.1,175,0
PLTM.US,5,20211214,161500,9.09,9.09,9.09,9.09,227,0
PLTM.US,5,20211214,163000,9.1,9.1,9.1,9.1,225,0
PLTM.US,5,20211214,164500,9.07,9.07,9.05,9.05,527,0
PLTM.US,5,20211214,165000,9.0599,9.0599,9.04,9.04,1000,0
PLTM.US,5,20211214,170000,9.05,9.05,9.05,9.05,126,0
PLTM.US,5,20211214,171500,9.03,9.03,9.03,9.03,226,0
PLTM.US,5,20211214,172000,9.015,9.015,9.015,9.015,100,0
PLTM.US,5,20211214,173000,9.02,9.02,9.02,9.02,227,0
PLTM.US,5,20211214,173500,9,9,9,9,400,0
PLTM.US,5,20211214,174500,9.02,9.02,9,9,1193,0
PLTM.US,5,20211214,175000,9,9,9,9,500,0
PLTM.US,5,20211214,175500,8.99,8.99,8.98,8.98,211,0
PLTM.US,5,20211214,180000,9,9,9,9,227,0
PLTM.US,5,20211214,181000,8.98,8.98,8.98,8.98,200,0
PLTM.US,5,20211214,182000,9,9,9,9,226,0
PLTM.US,5,20211214,183000,8.9899,8.99,8.9899,8.99,200,0
PLTM.US,5,20211214,183500,9,9,9,9,200,0
PLTM.US,5,20211214,184000,9,9,9,9,1000,0
PLTM.US,5,20211214,192000,9.001,9.028,9.001,9.028,1099,0
PLTM.US,5,20211214,193500,9.0298,9.0298,9.0298,9.0298,100,0
PLTM.US,5,20211214,194000,9.03,9.03,9.03,9.03,1702,0
PLTM.US,5,20211214,200500,9.0356,9.0356,9.0356,9.0356,1107,0
PLTM.US,5,20211214,202000,9.025,9.025,9.025,9.025,800,0
PLTM.US,5,20211214,202500,9.03,9.0499,9.03,9.0499,2297,0
PLTM.US,5,20211214,213500,9.0576,9.0576,9.0576,9.0576,425,0
PLTM.US,5,20211214,215500,9.02,9.02,9.02,9.02,200,0
PLTM.US,5,20211215,153000,8.97,8.97,8.89,8.89,7659,0
PLTM.US,5,20211215,153500,8.88,8.88,8.87,8.87,1049,0
PLTM.US,5,20211215,154000,8.87,8.87,8.87,8.87,214,0
PLTM.US,5,20211215,155500,8.872,8.872,8.86,8.86,3361,0
PLTM.US,5,20211215,160000,8.86,8.87,8.86,8.87,6263,0
PLTM.US,5,20211215,160500,8.86,8.86,8.83,8.8301,2785,0
PLTM.US,5,20211215,161500,8.839,8.839,8.83,8.83,1728,0
PLTM.US,5,20211215,162000,8.82,8.82,8.78,8.8,2593,0
PLTM.US,5,20211215,163000,8.8,8.8,8.8,8.8,2211,0
PLTM.US,5,20211215,164500,8.78,8.78,8.77,8.77,932,0
PLTM.US,5,20211215,165000,8.8,8.8,8.785,8.785,300,0
PLTM.US,5,20211215,165500,8.789,8.789,8.789,8.789,100,0
PLTM.US,5,20211215,170000,8.79,8.81,8.79,8.8,1000,0
PLTM.US,5,20211215,170500,8.7943,8.7943,8.79,8.79,495,0
PLTM.US,5,20211215,172500,8.8599,8.8599,8.8599,8.8599,450,0
PLTM.US,5,20211215,173500,8.86,8.86,8.83,8.83,1300,0
PLTM.US,5,20211215,174000,8.85,8.85,8.8479,8.85,1113,0
PLTM.US,5,20211215,180500,8.89,8.89,8.89,8.89,1921,0
PLTM.US,5,20211215,181000,8.8699,8.8699,8.8699,8.8699,3000,0
PLTM.US,5,20211215,182000,8.84,8.87,8.84,8.859,986,0
PLTM.US,5,20211215,182500,8.8699,8.87,8.8699,8.87,380,0
PLTM.US,5,20211215,183500,8.89,8.89,8.89,8.89,460,0
PLTM.US,5,20211215,184000,8.89,8.89,8.89,8.89,500,0
PLTM.US,5,20211215,190000,8.8636,8.8636,8.8636,8.8636,2000,0
PLTM.US,5,20211215,191000,8.8599,8.8599,8.8599,8.8599,112,0
PLTM.US,5,20211215,191500,8.859,8.859,8.855,8.855,462,0
PLTM.US,5,20211215,192000,8.8599,8.8599,8.821,8.821,1149,0
PLTM.US,5,20211215,192500,8.82,8.85,8.82,8.85,1600,0
PLTM.US,5,20211215,193000,8.82,8.82,8.82,8.82,200,0
PLTM.US,5,20211215,193500,8.85,8.85,8.85,8.85,200,0
PLTM.US,5,20211215,200000,8.79,8.85,8.76,8.85,1137,0
PLTM.US,5,20211215,200500,8.87,8.8715,8.87,8.8715,435,0
PLTM.US,5,20211215,201500,8.87,8.87,8.87,8.87,343,0
PLTM.US,5,20211215,214000,9.02,9.02,9.02,9.02,100,0
PLTM.US,5,20211215,214500,9.04,9.04,9.04,9.04,100,0
PLTM.US,5,20211215,215000,9.02,9.02,9.009,9.009,200,0
PLTM.US,5,20211215,215500,9,9,9,9,1473,0
PLTM.US,5,20211216,153000,9.1,9.1,9.1,9.1,137,0
PLTM.US,5,20211216,154000,9.15,9.15,9.15,9.15,1000,0
PLTM.US,5,20211216,154500,9.14,9.15,9.14,9.15,1769,0
PLTM.US,5,20211216,155500,9.19,9.2,9.155,9.155,999,0
PLTM.US,5,20211216,160000,9.161,9.18,9.161,9.18,600,0
PLTM.US,5,20211216,160500,9.121,9.15,9.121,9.15,950,0
PLTM.US,5,20211216,162000,9.18,9.18,9.1796,9.1796,1300,0
PLTM.US,5,20211216,162500,9.16,9.16,9.16,9.16,2000,0
PLTM.US,5,20211216,163500,9.161,9.161,9.16,9.16,6000,0
PLTM.US,5,20211216,164500,9.161,9.161,9.161,9.161,200,0
PLTM.US,5,20211216,165500,9.16,9.16,9.16,9.16,2000,0
PLTM.US,5,20211216,170500,9.15,9.16,9.14,9.15,5944,0
PLTM.US,5,20211216,171000,9.1558,9.1558,9.1558,9.1558,100,0
PLTM.US,5,20211216,173500,9.19,9.19,9.175,9.175,3200,0
PLTM.US,5,20211216,175000,9.18,9.18,9.18,9.18,109,0
PLTM.US,5,20211216,175500,9.1899,9.1899,9.1899,9.1899,3000,0
PLTM.US,5,20211216,180500,9.17,9.17,9.17,9.17,519,0
PLTM.US,5,20211216,182000,9.17,9.171,9.17,9.17,1957,0
PLTM.US,5,20211216,182500,9.1799,9.1799,9.1799,9.1799,100,0
PLTM.US,5,20211216,183000,9.17,9.17,9.17,9.17,100,0
PLTM.US,5,20211216,190000,9.18,9.18,9.18,9.18,328,0
PLTM.US,5,20211216,190500,9.2,9.2,9.2,9.2,100,0
PLTM.US,5,20211216,192000,9.2,9.2,9.2,9.2,200,0
PLTM.US,5,20211216,195000,9.2,9.2,9.2,9.2,927,0
PLTM.US,5,20211216,202000,9.18,9.18,9.18,9.18,500,0
PLTM.US,5,20211216,202500,9.17,9.191,9.17,9.191,3967,0
PLTM.US,5,20211216,205500,9.175,9.175,9.175,9.175,100,0
PLTM.US,5,20211216,210000,9.19,9.19,9.19,9.19,1000,0
PLTM.US,5,20211216,210500,9.18,9.2,9.1799,9.1799,2695,0
PLTM.US,5,20211216,213500,9.21,9.21,9.21,9.21,1405,0
PLTM.US,5,20211216,214500,9.2099,9.21,9.2099,9.2099,1188,0
PLTM.US,5,20211216,215000,9.18,9.18,9.18,9.18,800,0
PLTM.US,5,20211216,215500,9.18,9.18,9.17,9.17,357,0
PLTM.US,5,20211217,153000,9.19,9.221,9.19,9.22,7564,0
PLTM.US,5,20211217,154000,9.22,9.22,9.22,9.22,100,0
PLTM.US,5,20211217,154500,9.23,9.23,9.23,9.23,580,0
PLTM.US,5,20211217,155000,9.25,9.25,9.25,9.25,199,0
PLTM.US,5,20211217,160000,9.23,9.2349,9.23,9.2349,498,0
PLTM.US,5,20211217,160500,9.23,9.23,9.23,9.23,1350,0
PLTM.US,5,20211217,161500,9.2,9.2,9.19,9.19,397,0
PLTM.US,5,20211217,162500,9.2,9.2,9.19,9.19,300,0
PLTM.US,5,20211217,164500,9.24,9.24,9.22,9.22,1958,0
PLTM.US,5,20211217,170000,9.24,9.24,9.24,9.24,3000,0
PLTM.US,5,20211217,171000,9.21,9.21,9.21,9.21,219,0
PLTM.US,5,20211217,171500,9.23,9.23,9.23,9.23,240,0
PLTM.US,5,20211217,173500,9.22,9.22,9.205,9.22,2600,0
PLTM.US,5,20211217,180000,9.19,9.19,9.19,9.19,150,0
PLTM.US,5,20211217,183000,9.24,9.25,9.24,9.25,298,0
PLTM.US,5,20211217,183500,9.25,9.25,9.25,9.25,200,0
PLTM.US,5,20211217,184000,9.23,9.23,9.23,9.23,200,0
PLTM.US,5,20211217,184500,9.25,9.25,9.25,9.25,169,0
PLTM.US,5,20211217,185000,9.235,9.235,9.235,9.235,600,0
PLTM.US,5,20211217,193000,9.25,9.25,9.25,9.25,199,0
PLTM.US,5,20211217,195000,9.221,9.24,9.221,9.24,208,0
PLTM.US,5,20211217,202000,9.2201,9.2201,9.2201,9.2201,126,0
PLTM.US,5,20211217,204000,9.235,9.235,9.235,9.235,401,0
PLTM.US,5,20211217,211000,9.24,9.24,9.24,9.24,175,0
PLTM.US,5,20211217,212000,9.2132,9.2132,9.2132,9.2132,220,0
PLTM.US,5,20211217,213500,9.2,9.2,9.1999,9.1999,1085,0
PLTM.US,5,20211217,215500,9.17,9.1798,9.17,9.17,3100,0
PLTM.US,5,20211220,153000,9.07,9.07,9.07,9.07,2226,0
PLTM.US,5,20211220,160000,9.05,9.05,9.05,9.05,190,0
PLTM.US,5,20211220,160500,9.09,9.09,9.059,9.059,1300,0
PLTM.US,5,20211220,162500,9.062,9.062,9.062,9.062,200,0
PLTM.US,5,20211220,165000,9.0787,9.0787,9.0787,9.0787,160,0
PLTM.US,5,20211220,165500,9.0899,9.0899,9.0899,9.0899,200,0
PLTM.US,5,20211220,170500,9.08,9.08,9.08,9.08,900,0
PLTM.US,5,20211220,181500,9.14,9.14,9.14,9.14,400,0
PLTM.US,5,20211220,185500,9.17,9.17,9.17,9.17,1500,0
PLTM.US,5,20211220,190000,9.17,9.17,9.16,9.16,1502,0
PLTM.US,5,20211220,191500,9.1599,9.16,9.1599,9.16,1320,0
PLTM.US,5,20211220,193000,9.1453,9.1453,9.1453,9.1453,407,0
PLTM.US,5,20211220,194000,9.141,9.17,9.141,9.1699,1241,0
PLTM.US,5,20211220,194500,9.15,9.15,9.15,9.15,190,0
PLTM.US,5,20211220,201000,9.1703,9.1703,9.1703,9.1703,500,0
PLTM.US,5,20211220,201500,9.1799,9.1799,9.1799,9.1799,130,0
PLTM.US,5,20211220,202000,9.18,9.18,9.18,9.18,538,0
PLTM.US,5,20211220,213500,9.17,9.1728,9.17,9.1728,1804,0
PLTM.US,5,20211220,215500,9.16,9.16,9.15,9.15,450,0
PLTM.US,5,20211221,153000,9.2,9.2,9.2,9.2,750,0
PLTM.US,5,20211221,153500,9.185,9.2,9.185,9.2,1200,0
PLTM.US,5,20211221,162000,9.18,9.18,9.161,9.161,249,0
PLTM.US,5,20211221,162500,9.16,9.16,9.16,9.16,197,0
PLTM.US,5,20211221,165500,9.15,9.1502,9.15,9.1502,400,0
PLTM.US,5,20211221,170000,9.14,9.1401,9.14,9.14,500,0
PLTM.US,5,20211221,170500,9.14,9.14,9.14,9.14,1271,0
PLTM.US,5,20211221,171000,9.17,9.18,9.17,9.17,4900,0
PLTM.US,5,20211221,181000,9.16,9.16,9.1494,9.1494,3498,0
PLTM.US,5,20211221,193000,9.16,9.16,9.16,9.16,992,0
PLTM.US,5,20211221,194000,9.17,9.17,9.17,9.17,500,0
PLTM.US,5,20211221,195500,9.1799,9.18,9.1799,9.18,200,0
PLTM.US,5,20211221,201500,9.18,9.18,9.1794,9.1794,1119,0
PLTM.US,5,20211221,203000,9.18,9.18,9.18,9.18,200,0
PLTM.US,5,20211221,204000,9.17,9.1799,9.17,9.1799,4040,0
PLTM.US,5,20211221,205000,9.18,9.18,9.18,9.18,693,0
PLTM.US,5,20211221,211000,9.181,9.181,9.18,9.18,400,0
PLTM.US,5,20211221,211500,9.18,9.18,9.18,9.18,120,0
PLTM.US,5,20211221,215500,9.1803,9.1803,9.1803,9.1803,1000,0
PLTM.US,5,20211222,153000,9.3,9.32,9.3,9.31,5220,0
PLTM.US,5,20211222,154000,9.32,9.325,9.3101,9.325,4800,0
PLTM.US,5,20211222,155500,9.3,9.3,9.3,9.3,500,0
PLTM.US,5,20211222,160000,9.32,9.32,9.31,9.31,420,0
PLTM.US,5,20211222,160500,9.32,9.32,9.32,9.32,1062,0
PLTM.US,5,20211222,161000,9.325,9.325,9.325,9.325,1599,0
PLTM.US,5,20211222,162500,9.35,9.35,9.345,9.345,200,0
PLTM.US,5,20211222,165000,9.37,9.38,9.3633,9.38,2208,0
PLTM.US,5,20211222,170000,9.39,9.39,9.39,9.39,100,0
PLTM.US,5,20211222,170500,9.4,9.4,9.4,9.4,100,0
PLTM.US,5,20211222,171500,9.42,9.43,9.42,9.43,300,0
PLTM.US,5,20211222,172500,9.44,9.44,9.44,9.44,2458,0
PLTM.US,5,20211222,173000,9.42,9.4241,9.42,9.4241,800,0
PLTM.US,5,20211222,173500,9.42,9.42,9.42,9.42,642,0
PLTM.US,5,20211222,175500,9.45,9.48,9.45,9.48,2049,0
PLTM.US,5,20211222,180000,9.49,9.5,9.49,9.5,2100,0
PLTM.US,5,20211222,180500,9.5,9.52,9.5,9.51,1349,0
PLTM.US,5,20211222,181000,9.52,9.52,9.5199,9.5199,398,0
PLTM.US,5,20211222,181500,9.515,9.53,9.5,9.5,18931,0
PLTM.US,5,20211222,182000,9.54,9.54,9.54,9.54,200,0
PLTM.US,5,20211222,183000,9.5,9.53,9.5,9.53,4498,0
PLTM.US,5,20211222,183500,9.53,9.53,9.52,9.52,1000,0
PLTM.US,5,20211222,184000,9.53,9.53,9.52,9.52,300,0
PLTM.US,5,20211222,185000,9.5299,9.5299,9.515,9.515,600,0
PLTM.US,5,20211222,192500,9.55,9.55,9.55,9.55,1002,0
PLTM.US,5,20211222,193500,9.55,9.55,9.5431,9.5431,815,0
PLTM.US,5,20211222,194500,9.535,9.535,9.535,9.535,600,0
PLTM.US,5,20211222,200500,9.53,9.53,9.53,9.53,610,0
PLTM.US,5,20211222,201000,9.5201,9.5201,9.5201,9.5201,2520,0
PLTM.US,5,20211222,201500,9.53,9.535,9.53,9.535,1200,0
PLTM.US,5,20211222,204000,9.55,9.55,9.54,9.54,4741,0
PLTM.US,5,20211222,205500,9.55,9.55,9.55,9.55,174,0
PLTM.US,5,20211222,210000,9.55,9.55,9.55,9.55,533,0
PLTM.US,5,20211222,211000,9.54,9.54,9.54,9.54,2252,0
PLTM.US,5,20211222,211500,9.54,9.54,9.54,9.54,100,0
PLTM.US,5,20211222,212000,9.54,9.54,9.5399,9.54,3800,0
PLTM.US,5,20211222,214000,9.5143,9.5143,9.5143,9.5143,100,0
PLTM.US,5,20211222,215000,9.52,9.5394,9.52,9.5348,2794,0
PLTM.US,5,20211222,215500,9.5399,9.5399,9.5399,9.5399,500,0
PLTM.US,5,20211223,153000,9.53,9.53,9.47,9.47,2850,0
PLTM.US,5,20211223,153500,9.4801,9.4806,9.48,9.4806,9864,0
PLTM.US,5,20211223,160000,9.49,9.49,9.4801,9.4801,1883,0
PLTM.US,5,20211223,161500,9.5103,9.5103,9.5103,9.5103,1600,0
PLTM.US,5,20211223,162000,9.5199,9.5199,9.47,9.47,3112,0
PLTM.US,5,20211223,165000,9.51,9.51,9.4904,9.4904,1071,0
PLTM.US,5,20211223,172000,9.5201,9.5201,9.5201,9.5201,2000,0
PLTM.US,5,20211223,172500,9.53,9.53,9.53,9.53,100,0
PLTM.US,5,20211223,173500,9.53,9.53,9.53,9.53,600,0
PLTM.US,5,20211223,174000,9.5244,9.5244,9.5244,9.5244,200,0
PLTM.US,5,20211223,175500,9.52,9.52,9.51,9.51,9999,0
PLTM.US,5,20211223,181500,9.535,9.54,9.535,9.54,200,0
PLTM.US,5,20211223,182000,9.54,9.55,9.54,9.55,2170,0
PLTM.US,5,20211223,182500,9.56,9.56,9.56,9.56,165,0
PLTM.US,5,20211223,190500,9.57,9.57,9.57,9.57,100,0
PLTM.US,5,20211223,191500,9.57,9.57,9.57,9.57,144,0
PLTM.US,5,20211223,192500,9.5727,9.5727,9.5727,9.5727,200,0
PLTM.US,5,20211223,195000,9.5799,9.58,9.5799,9.58,200,0
PLTM.US,5,20211223,200500,9.56,9.56,9.56,9.56,100,0
PLTM.US,5,20211223,201000,9.5706,9.5706,9.5706,9.5706,492,0
PLTM.US,5,20211223,203000,9.5607,9.5607,9.5607,9.5607,450,0
PLTM.US,5,20211223,212500,9.57,9.58,9.57,9.58,300,0
PLTM.US,5,20211223,214000,9.57,9.57,9.57,9.57,500,0
PLTM.US,5,20211223,214500,9.57,9.571,9.57,9.571,1100,0
PLTM.US,5,20211223,215000,9.58,9.58,9.58,9.58,298,0
PLTM.US,5,20211223,215500,9.5816,9.5816,9.55,9.56,2923,0
