<TICKER>,<PER>,<DATE>,<TIME>,<OPEN>,<HIGH>,<LOW>,<CLOSE>,<VOL>,<OPENINT>
SMMD.US,5,20211104,143000,69.98,69.98,69.95,69.95,460,0
SMMD.US,5,20211104,144500,70.05,70.05,69.86,69.865,444,0
SMMD.US,5,20211104,152000,69.91,69.91,69.91,69.91,100,0
SMMD.US,5,20211104,154000,69.84,69.8876,69.83,69.878,957,0
SMMD.US,5,20211104,162000,69.37,69.385,69.37,69.385,800,0
SMMD.US,5,20211104,162500,69.23,69.23,69.23,69.23,250,0
SMMD.US,5,20211104,173000,69.3416,69.46,69.3416,69.46,1067,0
SMMD.US,5,20211104,174500,69.4017,69.4017,69.4017,69.4017,150,0
SMMD.US,5,20211104,183000,69.3963,69.3963,69.3963,69.3963,175,0
SMMD.US,5,20211104,185500,69.4375,69.445,69.4375,69.445,400,0
SMMD.US,5,20211104,190000,69.27,69.27,69.27,69.27,100,0
SMMD.US,5,20211104,191000,69.2401,69.2401,69.2401,69.2401,488,0
SMMD.US,5,20211104,193000,69.261,69.261,69.261,69.261,1083,0
SMMD.US,5,20211104,201000,69.235,69.235,69.22,69.232,400,0
SMMD.US,5,20211104,203000,69.29,69.3,69.29,69.3,200,0
SMMD.US,5,20211104,203500,69.3185,69.32,69.3185,69.32,675,0
SMMD.US,5,20211104,204000,69.225,69.29,69.225,69.29,468,0
SMMD.US,5,20211104,204500,69.29,69.3,69.29,69.3,200,0
SMMD.US,5,20211104,205000,69.3104,69.3104,69.3104,69.3104,574,0
SMMD.US,5,20211104,205500,69.34,69.34,69.34,69.34,100,0
SMMD.US,5,20211105,144500,70.2045,70.27,70.2045,70.27,390,0
SMMD.US,5,20211105,145500,70.305,70.305,70.305,70.305,643,0
SMMD.US,5,20211105,152000,70.054,70.054,70.054,70.054,169,0
SMMD.US,5,20211105,153000,69.99,69.99,69.99,69.99,720,0
SMMD.US,5,20211105,154000,70.0108,70.0108,70.0108,70.0108,125,0
SMMD.US,5,20211105,154500,70.1481,70.1481,70.1481,70.1481,218,0
SMMD.US,5,20211105,155000,70.2293,70.2293,70.2293,70.2293,200,0
SMMD.US,5,20211105,164000,70.17,70.23,70.165,70.165,1213,0
SMMD.US,5,20211105,170000,70.1707,70.1707,70.1707,70.1707,300,0
SMMD.US,5,20211105,174000,70.0006,70.0006,70.0006,70.0006,153,0
SMMD.US,5,20211105,181000,69.826,69.826,69.826,69.826,100,0
SMMD.US,5,20211105,182000,69.85,69.93,69.85,69.874,2677,0
SMMD.US,5,20211105,182500,69.73,69.73,69.6729,69.6729,2545,0
SMMD.US,5,20211105,183000,69.675,69.75,69.64,69.75,700,0
SMMD.US,5,20211105,183500,69.78,69.78,69.78,69.78,200,0
SMMD.US,5,20211105,193500,69.8496,69.8496,69.8496,69.8496,398,0
SMMD.US,5,20211105,195000,69.925,69.925,69.925,69.925,114,0
SMMD.US,5,20211105,201500,69.9705,70.04,69.92,69.96,1442,0
SMMD.US,5,20211105,202000,69.92,69.92,69.92,69.92,114,0
SMMD.US,5,20211105,202500,69.9481,69.9481,69.85,69.85,706,0
SMMD.US,5,20211105,203000,69.92,70.02,69.92,70.02,751,0
SMMD.US,5,20211105,203500,70.09,70.1,70.09,70.1,321,0
SMMD.US,5,20211105,204500,70.05,70.089,70.05,70.0607,1576,0
SMMD.US,5,20211105,205000,70.139,70.139,70.12,70.12,2975,0
SMMD.US,5,20211105,205500,70.07,70.12,70.07,70.12,1800,0
SMMD.US,5,20211108,153000,70.76,70.76,70.728,70.728,1191,0
SMMD.US,5,20211108,154500,70.45,70.45,70.45,70.45,100,0
SMMD.US,5,20211108,160500,70.275,70.275,70.275,70.275,250,0
SMMD.US,5,20211108,161500,70.56,70.56,70.362,70.362,700,0
SMMD.US,5,20211108,162000,70.445,70.55,70.445,70.529,2985,0
SMMD.US,5,20211108,163000,70.495,70.495,70.43,70.43,523,0
SMMD.US,5,20211108,163500,70.43,70.43,70.43,70.43,100,0
SMMD.US,5,20211108,171000,70.499,70.5,70.435,70.5,4141,0
SMMD.US,5,20211108,172000,70.489,70.489,70.489,70.489,125,0
SMMD.US,5,20211108,173000,70.48,70.48,70.48,70.48,108,0
SMMD.US,5,20211108,173500,70.43,70.43,70.43,70.43,142,0
SMMD.US,5,20211108,180000,70.39,70.39,70.39,70.39,100,0
SMMD.US,5,20211108,183000,70.399,70.399,70.399,70.399,268,0
SMMD.US,5,20211108,183500,70.37,70.37,70.37,70.37,2154,0
SMMD.US,5,20211108,185000,70.1602,70.1602,70.1602,70.1602,217,0
SMMD.US,5,20211108,193000,70.32,70.32,70.32,70.32,200,0
SMMD.US,5,20211108,194000,70.25,70.25,70.25,70.25,100,0
SMMD.US,5,20211108,200500,70.379,70.38,70.37,70.379,1410,0
SMMD.US,5,20211108,202000,70.24,70.24,70.24,70.24,100,0
SMMD.US,5,20211108,204500,70.245,70.245,70.245,70.245,228,0
SMMD.US,5,20211108,210000,70.2279,70.269,70.2279,70.259,703,0
SMMD.US,5,20211108,211000,70.279,70.279,70.279,70.279,285,0
SMMD.US,5,20211108,215500,70.3,70.3,70.3,70.3,200,0
SMMD.US,5,20211109,153000,70.48,70.48,70.48,70.48,1342,0
SMMD.US,5,20211109,153500,70.44,70.44,70.34,70.34,296,0
SMMD.US,5,20211109,154000,70.41,70.41,70.15,70.15,200,0
SMMD.US,5,20211109,155000,70.03,70.03,70.03,70.03,100,0
SMMD.US,5,20211109,160500,69.73,69.73,69.73,69.73,300,0
SMMD.US,5,20211109,161000,69.9443,69.9443,69.9443,69.9443,177,0
SMMD.US,5,20211109,164500,70.0872,70.1,70.0872,70.099,1123,0
SMMD.US,5,20211109,170500,69.99,70.03,69.99,70.03,520,0
SMMD.US,5,20211109,171500,69.939,69.939,69.9386,69.9386,1298,0
SMMD.US,5,20211109,175000,70.019,70.019,70.019,70.019,107,0
SMMD.US,5,20211109,175500,69.895,69.895,69.895,69.895,269,0
SMMD.US,5,20211109,181000,70.039,70.039,70.039,70.039,300,0
SMMD.US,5,20211109,183500,69.84,69.84,69.84,69.84,2855,0
SMMD.US,5,20211109,191500,70.0706,70.0706,70.0706,70.0706,335,0
SMMD.US,5,20211109,194500,69.93,69.93,69.93,69.93,348,0
SMMD.US,5,20211109,200500,69.879,69.879,69.879,69.879,430,0
SMMD.US,5,20211109,202000,70.0386,70.0386,70.0386,70.0386,158,0
SMMD.US,5,20211109,203000,70.06,70.06,70.06,70.06,200,0
SMMD.US,5,20211109,203500,70.0184,70.059,70.0125,70.0125,588,0
SMMD.US,5,20211109,204000,70.09,70.09,70.09,70.09,1000,0
SMMD.US,5,20211109,204500,70.07,70.07,70.07,70.07,100,0
SMMD.US,5,20211109,205500,70.039,70.1,70,70.1,810,0
SMMD.US,5,20211109,210000,70.1005,70.1005,70.1005,70.1005,460,0
SMMD.US,5,20211109,211000,69.9711,69.9826,69.9211,69.9211,2410,0
SMMD.US,5,20211109,213500,70,70,70,70,100,0
SMMD.US,5,20211109,214500,70.05,70.08,70.03,70.0725,700,0
SMMD.US,5,20211109,215000,70.029,70.029,70.029,70.029,100,0
SMMD.US,5,20211109,215500,70.11,70.12,69.99,70,505,0
SMMD.US,5,20211110,161000,69.95,69.95,69.95,69.95,300,0
SMMD.US,5,20211110,161500,69.9,69.9,69.9,69.9,4471,0
SMMD.US,5,20211110,162500,69.9287,69.9287,69.9287,69.9287,559,0
SMMD.US,5,20211110,163000,69.83,69.83,69.83,69.83,100,0
SMMD.US,5,20211110,164000,69.88,69.88,69.88,69.88,112,0
SMMD.US,5,20211110,164500,69.88,69.88,69.88,69.88,300,0
SMMD.US,5,20211110,172000,69.96,69.969,69.8932,69.969,780,0
SMMD.US,5,20211110,181000,69.89,69.89,69.89,69.89,853,0
SMMD.US,5,20211110,181500,69.809,69.809,69.809,69.809,285,0
SMMD.US,5,20211110,184000,69.67,69.7,69.635,69.635,627,0
SMMD.US,5,20211110,184500,69.56,69.56,69.55,69.55,200,0
SMMD.US,5,20211110,190500,69.59,69.59,69.59,69.59,100,0
SMMD.US,5,20211110,192000,69.319,69.32,69.319,69.32,944,0
SMMD.US,5,20211110,192500,69.35,69.35,69.35,69.35,200,0
SMMD.US,5,20211110,193000,69.36,69.42,69.36,69.42,3100,0
SMMD.US,5,20211110,193500,69.38,69.38,69.38,69.38,1100,0
SMMD.US,5,20211110,194500,69.29,69.29,69.26,69.2784,690,0
SMMD.US,5,20211110,195500,69.18,69.195,69.18,69.195,504,0
SMMD.US,5,20211110,200500,69.08,69.14,69.08,69.14,591,0
SMMD.US,5,20211110,201000,69.139,69.139,69.139,69.139,109,0
SMMD.US,5,20211110,202000,69,69,68.94,68.94,568,0
SMMD.US,5,20211110,203500,68.94,68.94,68.84,68.84,500,0
SMMD.US,5,20211110,204500,68.72,68.86,68.72,68.86,1000,0
SMMD.US,5,20211110,205000,68.985,68.985,68.985,68.985,100,0
SMMD.US,5,20211110,205500,68.93,68.93,68.93,68.93,100,0
SMMD.US,5,20211110,210500,68.87,68.97,68.87,68.97,325,0
SMMD.US,5,20211110,213500,69,69,68.99,68.99,300,0
SMMD.US,5,20211110,214000,69.09,69.09,69.09,69.09,116,0
SMMD.US,5,20211110,215000,69.0603,69.0603,69.0603,69.0603,192,0
SMMD.US,5,20211110,215500,69.14,69.14,69.14,69.14,100,0
SMMD.US,5,20211111,162000,69.48,69.48,69.48,69.48,100,0
SMMD.US,5,20211111,162500,69.41,69.41,69.41,69.41,100,0
SMMD.US,5,20211111,165500,69.486,69.486,69.486,69.486,102,0
SMMD.US,5,20211111,170000,69.54,69.54,69.495,69.495,480,0
SMMD.US,5,20211111,180500,69.49,69.49,69.49,69.49,165,0
SMMD.US,5,20211111,181000,69.56,69.56,69.53,69.53,439,0
SMMD.US,5,20211111,191000,69.609,69.609,69.609,69.609,112,0
SMMD.US,5,20211111,203000,69.63,69.63,69.63,69.63,217,0
SMMD.US,5,20211111,204000,69.659,69.659,69.659,69.659,319,0
SMMD.US,5,20211111,204500,69.62,69.62,69.58,69.58,401,0
SMMD.US,5,20211111,205000,69.58,69.64,69.56,69.56,1100,0
SMMD.US,5,20211111,210000,69.559,69.5979,69.53,69.5979,1378,0
SMMD.US,5,20211111,210500,69.599,69.6,69.599,69.6,204,0
SMMD.US,5,20211111,212000,69.57,69.57,69.57,69.57,100,0
SMMD.US,5,20211111,212500,69.58,69.65,69.58,69.58,2700,0
SMMD.US,5,20211111,213500,69.54,69.54,69.54,69.54,100,0
SMMD.US,5,20211111,214500,69.53,69.57,69.53,69.57,400,0
SMMD.US,5,20211112,153000,69.8,69.8,69.8,69.8,301,0
SMMD.US,5,20211112,153500,69.9,69.9,69.9,69.9,100,0
SMMD.US,5,20211112,162500,69.65,69.65,69.61,69.61,300,0
SMMD.US,5,20211112,165000,69.62,69.64,69.62,69.64,1437,0
SMMD.US,5,20211112,165500,69.57,69.57,69.57,69.57,100,0
SMMD.US,5,20211112,172000,69.699,69.699,69.699,69.699,195,0
SMMD.US,5,20211112,173000,69.62,69.62,69.6,69.6,500,0
SMMD.US,5,20211112,174500,69.68,69.68,69.5972,69.5972,414,0
SMMD.US,5,20211112,175000,69.56,69.56,69.56,69.56,125,0
SMMD.US,5,20211112,181000,69.68,69.68,69.68,69.68,100,0
SMMD.US,5,20211112,183000,69.68,69.68,69.68,69.68,146,0
SMMD.US,5,20211112,183500,69.625,69.625,69.625,69.625,144,0
SMMD.US,5,20211112,191500,69.7399,69.7399,69.7399,69.7399,280,0
SMMD.US,5,20211112,192000,69.76,69.799,69.7586,69.799,1136,0
SMMD.US,5,20211112,195000,69.7,69.72,69.7,69.72,1023,0
SMMD.US,5,20211112,200500,69.597,69.597,69.597,69.597,346,0
SMMD.US,5,20211112,203000,69.6403,69.6403,69.6403,69.6403,210,0
SMMD.US,5,20211112,203500,69.6353,69.6353,69.6353,69.6353,192,0
SMMD.US,5,20211112,205500,69.709,69.709,69.6475,69.6475,1287,0
SMMD.US,5,20211112,211000,69.729,69.73,69.729,69.73,500,0
SMMD.US,5,20211112,214500,69.749,69.749,69.7425,69.7425,1668,0
SMMD.US,5,20211112,215000,69.77,69.77,69.77,69.77,700,0
SMMD.US,5,20211112,215500,69.8,69.8,69.8,69.8,100,0
SMMD.US,5,20211115,153000,70.31,70.31,70.31,70.31,1241,0
SMMD.US,5,20211115,155500,69.939,69.989,69.88,69.9515,1119,0
SMMD.US,5,20211115,160000,69.88,69.88,69.88,69.88,100,0
SMMD.US,5,20211115,160500,69.83,69.83,69.83,69.83,100,0
SMMD.US,5,20211115,161500,69.858,69.858,69.858,69.858,100,0
SMMD.US,5,20211115,163000,69.75,69.75,69.74,69.74,300,0
SMMD.US,5,20211115,165500,69.809,69.809,69.809,69.809,179,0
SMMD.US,5,20211115,170000,69.82,69.82,69.82,69.82,100,0
SMMD.US,5,20211115,171000,69.809,69.809,69.809,69.809,336,0
SMMD.US,5,20211115,171500,69.76,69.76,69.7107,69.7107,259,0
SMMD.US,5,20211115,173000,69.71,69.71,69.71,69.71,100,0
SMMD.US,5,20211115,175000,69.64,69.64,69.58,69.58,1100,0
SMMD.US,5,20211115,180500,69.48,69.48,69.48,69.48,137,0
SMMD.US,5,20211115,183500,69.505,69.505,69.505,69.505,104,0
SMMD.US,5,20211115,194000,69.595,69.595,69.595,69.595,144,0
SMMD.US,5,20211115,195500,69.62,69.62,69.62,69.62,100,0
SMMD.US,5,20211115,200500,69.56,69.56,69.56,69.56,300,0
SMMD.US,5,20211115,201000,69.57,69.59,69.57,69.59,200,0
SMMD.US,5,20211115,202000,69.59,69.59,69.59,69.59,128,0
SMMD.US,5,20211115,202500,69.61,69.61,69.56,69.56,278,0
SMMD.US,5,20211115,204000,69.719,69.719,69.719,69.719,851,0
SMMD.US,5,20211115,204500,69.72,69.72,69.72,69.72,200,0
SMMD.US,5,20211115,210500,69.669,69.669,69.6525,69.6525,336,0
SMMD.US,5,20211115,212500,69.639,69.639,69.639,69.639,103,0
SMMD.US,5,20211115,213000,69.609,69.609,69.5925,69.5925,568,0
SMMD.US,5,20211115,214000,69.58,69.6,69.58,69.6,978,0
SMMD.US,5,20211115,215500,69.55,69.69,69.55,69.68,800,0
SMMD.US,5,20211116,153000,69.42,69.42,69.208,69.208,369,0
SMMD.US,5,20211116,154000,69.559,69.559,69.559,69.559,316,0
SMMD.US,5,20211116,160500,69.475,69.475,69.475,69.475,374,0
SMMD.US,5,20211116,161000,69.4483,69.4483,69.4483,69.4483,325,0
SMMD.US,5,20211116,161500,69.44,69.44,69.44,69.44,632,0
SMMD.US,5,20211116,163500,69.54,69.54,69.54,69.54,192,0
SMMD.US,5,20211116,171500,69.56,69.64,69.56,69.6004,1476,0
SMMD.US,5,20211116,183000,69.7963,69.7963,69.7963,69.7963,180,0
SMMD.US,5,20211116,183500,69.84,69.84,69.83,69.83,200,0
SMMD.US,5,20211116,184000,69.82,69.82,69.82,69.82,300,0
SMMD.US,5,20211116,190500,69.9999,69.9999,69.9999,69.9999,300,0
SMMD.US,5,20211116,191500,69.88,69.88,69.87,69.87,200,0
SMMD.US,5,20211116,192000,69.92,69.99,69.92,69.99,1485,0
SMMD.US,5,20211116,195000,69.93,69.93,69.93,69.93,100,0
SMMD.US,5,20211116,200500,69.79,69.79,69.79,69.79,100,0
SMMD.US,5,20211116,202000,69.78,69.78,69.78,69.78,283,0
SMMD.US,5,20211116,202500,69.8101,69.8101,69.8101,69.8101,287,0
SMMD.US,5,20211116,203000,69.8441,69.9464,69.8441,69.9464,2157,0
SMMD.US,5,20211116,205000,69.9398,69.9398,69.9398,69.9398,293,0
SMMD.US,5,20211116,205500,69.92,69.94,69.8509,69.94,8687,0
SMMD.US,5,20211116,211500,69.94,69.94,69.94,69.94,3703,0
SMMD.US,5,20211116,212000,69.94,69.94,69.9399,69.9399,382,0
SMMD.US,5,20211116,214500,69.88,69.88,69.88,69.88,200,0
SMMD.US,5,20211116,215000,69.84,69.84,69.84,69.84,500,0
SMMD.US,5,20211116,215500,69.85,69.87,69.85,69.87,1305,0
SMMD.US,5,20211117,153000,69.94,69.94,69.94,69.94,725,0
SMMD.US,5,20211117,153500,69.5,69.5,69.46,69.46,481,0
SMMD.US,5,20211117,154000,69.73,69.73,69.73,69.73,200,0
SMMD.US,5,20211117,155000,69.49,69.49,69.49,69.49,250,0
SMMD.US,5,20211117,163500,69.2053,69.2053,69.2053,69.2053,429,0
SMMD.US,5,20211117,170500,69.213,69.213,69.213,69.213,647,0
SMMD.US,5,20211117,173000,69.14,69.16,69.09,69.09,1866,0
SMMD.US,5,20211117,174000,69.0501,69.0501,69.0501,69.0501,215,0
SMMD.US,5,20211117,180500,69.1,69.11,69.0588,69.0688,2286,0
SMMD.US,5,20211117,182000,68.98,68.99,68.98,68.99,500,0
SMMD.US,5,20211117,192000,69.1029,69.1029,69.1029,69.1029,900,0
SMMD.US,5,20211117,192500,69.2,69.2,69.2,69.2,224,0
SMMD.US,5,20211117,195000,69.18,69.18,69.18,69.18,400,0
SMMD.US,5,20211117,200000,69.21,69.21,69.21,69.21,100,0
SMMD.US,5,20211117,200500,69.18,69.18,69.16,69.16,200,0
SMMD.US,5,20211117,201000,69.15,69.15,69.15,69.15,225,0
SMMD.US,5,20211117,201500,69.0101,69.0101,69.0101,69.0101,205,0
SMMD.US,5,20211117,202000,68.9772,68.9772,68.9772,68.9772,145,0
SMMD.US,5,20211117,204000,69.09,69.09,69.025,69.0395,1123,0
SMMD.US,5,20211117,205000,69.13,69.13,69.04,69.04,390,0
SMMD.US,5,20211117,210000,69.05,69.05,69.05,69.05,182,0
SMMD.US,5,20211117,210500,69.05,69.05,69.05,69.05,200,0
SMMD.US,5,20211117,212500,69.19,69.19,69.19,69.19,109,0
SMMD.US,5,20211117,214000,69.17,69.17,69.17,69.17,100,0
SMMD.US,5,20211117,214500,69.0999,69.0999,69.0999,69.0999,108,0
SMMD.US,5,20211117,215000,69.17,69.21,69.13,69.21,6714,0
SMMD.US,5,20211117,215500,69.17,69.17,69.16,69.16,329,0
SMMD.US,5,20211118,154500,69.03,69.03,69.03,69.03,100,0
SMMD.US,5,20211118,155000,68.955,68.955,68.955,68.955,100,0
SMMD.US,5,20211118,155500,68.87,68.87,68.87,68.87,100,0
SMMD.US,5,20211118,161000,68.56,68.56,68.49,68.5,410,0
SMMD.US,5,20211118,162000,68.215,68.215,68.215,68.215,148,0
SMMD.US,5,20211118,164500,68.45,68.45,68.45,68.45,100,0
SMMD.US,5,20211118,165000,68.55,68.57,68.495,68.495,2438,0
SMMD.US,5,20211118,170000,68.44,68.44,68.44,68.44,100,0
SMMD.US,5,20211118,172000,68.65,68.65,68.65,68.65,282,0
SMMD.US,5,20211118,172500,68.73,68.74,68.73,68.74,490,0
SMMD.US,5,20211118,173000,68.8,68.81,68.8,68.81,600,0
SMMD.US,5,20211118,181500,68.82,68.83,68.82,68.83,1200,0
SMMD.US,5,20211118,182000,68.83,68.84,68.83,68.83,1900,0
SMMD.US,5,20211118,182500,68.82,68.82,68.82,68.82,600,0
SMMD.US,5,20211118,183500,68.75,68.7525,68.75,68.75,400,0
SMMD.US,5,20211118,184500,68.75,68.75,68.68,68.68,1200,0
SMMD.US,5,20211118,185500,68.64,68.64,68.61,68.61,500,0
SMMD.US,5,20211118,190000,68.63,68.63,68.63,68.63,200,0
SMMD.US,5,20211118,190500,68.6,68.67,68.5401,68.61,1874,0
SMMD.US,5,20211118,191000,68.69,68.69,68.69,68.69,300,0
SMMD.US,5,20211118,191500,68.63,68.64,68.63,68.64,400,0
SMMD.US,5,20211118,192500,68.62,68.63,68.62,68.62,600,0
SMMD.US,5,20211118,193000,68.61,68.61,68.61,68.61,100,0
SMMD.US,5,20211118,193500,68.6,68.62,68.6,68.62,1038,0
SMMD.US,5,20211118,194000,68.61,68.62,68.61,68.62,300,0
SMMD.US,5,20211118,194500,68.63,68.63,68.63,68.63,100,0
SMMD.US,5,20211118,195000,68.62,68.62,68.62,68.62,500,0
SMMD.US,5,20211118,200000,68.61,68.61,68.6,68.6,449,0
SMMD.US,5,20211118,200500,68.5278,68.5278,68.5278,68.5278,597,0
SMMD.US,5,20211118,201000,68.56,68.57,68.56,68.57,200,0
SMMD.US,5,20211118,203500,68.5,68.5,68.5,68.5,200,0
SMMD.US,5,20211118,204000,68.5,68.5,68.5,68.5,100,0
SMMD.US,5,20211118,210000,68.6789,68.6789,68.6789,68.6789,107,0
SMMD.US,5,20211118,210500,68.5814,68.71,68.5814,68.7099,774,0
SMMD.US,5,20211118,212000,68.64,68.64,68.64,68.64,100,0
SMMD.US,5,20211118,214000,68.54,68.54,68.54,68.54,236,0
SMMD.US,5,20211118,214500,68.54,68.55,68.54,68.55,300,0
SMMD.US,5,20211118,215000,68.58,68.58,68.58,68.58,1157,0
SMMD.US,5,20211118,215500,68.66,68.68,68.66,68.68,1300,0
SMMD.US,5,20211119,153000,68.2112,68.624,68.2112,68.4695,442,0
SMMD.US,5,20211119,155000,68.43,68.43,68.31,68.31,300,0
SMMD.US,5,20211119,160000,68.285,68.285,68.285,68.285,608,0
SMMD.US,5,20211119,163000,68.2,68.2,68.2,68.2,414,0
SMMD.US,5,20211119,163500,68.389,68.4,68.37,68.38,2500,0
SMMD.US,5,20211119,172000,68.449,68.45,68.37,68.37,1000,0
SMMD.US,5,20211119,172500,68.459,68.459,68.459,68.459,100,0
SMMD.US,5,20211119,173500,68.3412,68.3412,68.3412,68.3412,137,0
SMMD.US,5,20211119,182000,68.47,68.47,68.41,68.41,1400,0
SMMD.US,5,20211119,190500,68.509,68.52,68.4762,68.4762,900,0
SMMD.US,5,20211119,192500,68.42,68.42,68.4,68.4,600,0
SMMD.US,5,20211119,201500,68.38,68.38,68.38,68.38,1547,0
SMMD.US,5,20211119,202000,68.43,68.43,68.43,68.43,200,0
SMMD.US,5,20211119,202500,68.4201,68.4201,68.4201,68.4201,117,0
SMMD.US,5,20211119,204000,68.36,68.36,68.36,68.36,100,0
SMMD.US,5,20211119,205500,68.26,68.26,68.2,68.2,1476,0
SMMD.US,5,20211119,210500,68.279,68.31,68.16,68.31,6984,0
SMMD.US,5,20211119,211000,68.28,68.29,68.2181,68.279,3769,0
SMMD.US,5,20211119,212000,68.1683,68.23,68.1683,68.23,1172,0
SMMD.US,5,20211119,213500,68.21,68.21,68.21,68.21,100,0
SMMD.US,5,20211119,214500,68.16,68.18,68.16,68.18,400,0
SMMD.US,5,20211119,215000,68.1614,68.1614,68.1614,68.1614,121,0
SMMD.US,5,20211119,215500,68.21,68.21,68.21,68.21,253,0
SMMD.US,5,20211122,153000,68.38,68.38,68.38,68.38,482,0
SMMD.US,5,20211122,154500,68.44,68.44,68.44,68.44,207,0
SMMD.US,5,20211122,160000,68.6,68.6,68.6,68.6,100,0
SMMD.US,5,20211122,161000,68.74,68.74,68.74,68.74,100,0
SMMD.US,5,20211122,163000,68.83,68.83,68.83,68.83,102,0
SMMD.US,5,20211122,171000,68.63,68.63,68.63,68.63,100,0
SMMD.US,5,20211122,171500,68.67,68.67,68.67,68.67,100,0
SMMD.US,5,20211122,172000,68.65,68.65,68.65,68.65,100,0
SMMD.US,5,20211122,173000,68.47,68.47,68.47,68.47,150,0
SMMD.US,5,20211122,174000,68.57,68.57,68.44,68.44,747,0
SMMD.US,5,20211122,181000,68.09,68.09,68.09,68.09,100,0
SMMD.US,5,20211122,184000,68.18,68.18,68.18,68.18,141,0
SMMD.US,5,20211122,184500,68.2599,68.2599,68.2599,68.2599,124,0
SMMD.US,5,20211122,185500,68.079,68.079,68.079,68.079,360,0
SMMD.US,5,20211122,192500,68.255,68.255,68.255,68.255,147,0
SMMD.US,5,20211122,194000,68.37,68.37,68.305,68.305,1300,0
SMMD.US,5,20211122,194500,68.27,68.27,68.27,68.27,209,0
SMMD.US,5,20211122,195500,68.32,68.32,68.32,68.32,569,0
SMMD.US,5,20211122,200500,68.3602,68.3602,68.3602,68.3602,131,0
SMMD.US,5,20211122,201500,68.325,68.325,68.325,68.325,124,0
SMMD.US,5,20211122,210000,68.57,68.57,68.57,68.57,196,0
SMMD.US,5,20211122,212000,68.54,68.55,68.54,68.55,1149,0
SMMD.US,5,20211122,212500,68.51,68.51,68.51,68.51,100,0
SMMD.US,5,20211122,214000,68.45,68.46,68.38,68.38,1886,0
SMMD.US,5,20211122,214500,68.255,68.255,68.255,68.255,100,0
SMMD.US,5,20211122,215000,68.15,68.15,68.15,68.15,300,0
SMMD.US,5,20211122,215500,67.97,67.97,67.96,67.97,827,0
SMMD.US,5,20211123,153000,68.27,68.27,68.27,68.27,2863,0
SMMD.US,5,20211123,153500,67.74,68.03,67.74,68.03,894,0
SMMD.US,5,20211123,154000,67.98,68.19,67.98,68.18,3463,0
SMMD.US,5,20211123,154500,68.29,68.32,68.29,68.32,209,0
SMMD.US,5,20211123,155500,68.265,68.265,68.225,68.225,289,0
SMMD.US,5,20211123,160000,68.2075,68.21,68.075,68.21,3797,0
SMMD.US,5,20211123,161500,68.08,68.09,68.08,68.09,700,0
SMMD.US,5,20211123,162000,68.039,68.05,68.02,68.05,7282,0
SMMD.US,5,20211123,164000,67.71,67.71,67.71,67.71,100,0
SMMD.US,5,20211123,165500,67.39,67.39,67.39,67.39,396,0
SMMD.US,5,20211123,172500,67.58,67.6,67.5555,67.5555,1400,0
SMMD.US,5,20211123,174000,67.589,67.59,67.49,67.49,3100,0
SMMD.US,5,20211123,175000,67.58,67.58,67.58,67.58,100,0
SMMD.US,5,20211123,183000,67.67,67.67,67.67,67.67,100,0
SMMD.US,5,20211123,184000,67.57,67.57,67.54,67.54,8739,0
SMMD.US,5,20211123,185500,67.52,67.59,67.51,67.59,800,0
SMMD.US,5,20211123,191000,67.3801,67.3801,67.3801,67.3801,850,0
SMMD.US,5,20211123,191500,67.425,67.425,67.425,67.425,100,0
SMMD.US,5,20211123,192000,67.499,67.51,67.499,67.51,515,0
SMMD.US,5,20211123,193500,67.3584,67.3584,67.3584,67.3584,352,0
SMMD.US,5,20211123,195500,67.71,67.72,67.55,67.55,1344,0
SMMD.US,5,20211123,200000,67.58,67.58,67.5799,67.5799,400,0
SMMD.US,5,20211123,200500,67.52,67.5538,67.51,67.5538,300,0
SMMD.US,5,20211123,201000,67.598,67.6,67.598,67.598,400,0
SMMD.US,5,20211123,201500,67.51,67.51,67.5,67.5,200,0
SMMD.US,5,20211123,202000,67.51,67.51,67.51,67.51,100,0
SMMD.US,5,20211123,202500,67.53,67.53,67.53,67.53,160,0
SMMD.US,5,20211123,203000,67.59,67.6,67.42,67.42,2600,0
SMMD.US,5,20211123,204500,67.61,67.61,67.61,67.61,100,0
SMMD.US,5,20211123,205000,67.5952,67.5952,67.5952,67.5952,155,0
SMMD.US,5,20211123,211000,67.72,67.72,67.72,67.72,100,0
SMMD.US,5,20211123,212500,67.67,67.67,67.66,67.67,300,0
SMMD.US,5,20211123,213000,67.6919,67.6919,67.6919,67.6919,500,0
SMMD.US,5,20211123,214000,67.815,67.815,67.815,67.815,444,0
SMMD.US,5,20211123,214500,67.83,67.83,67.83,67.83,1300,0
SMMD.US,5,20211123,215500,67.87,67.89,67.87,67.89,1301,0
SMMD.US,5,20211124,153000,67.74,67.74,67.74,67.74,124,0
SMMD.US,5,20211124,161000,67.64,67.64,67.64,67.64,226,0
SMMD.US,5,20211124,165000,67.775,67.84,67.7668,67.7668,630,0
SMMD.US,5,20211124,165500,67.79,67.79,67.79,67.79,157,0
SMMD.US,5,20211124,170000,67.6641,67.6641,67.6641,67.6641,297,0
SMMD.US,5,20211124,170500,67.7161,67.7161,67.7161,67.7161,1000,0
SMMD.US,5,20211124,171000,67.7702,67.7702,67.7702,67.7702,158,0
SMMD.US,5,20211124,173000,67.73,67.73,67.73,67.73,100,0
SMMD.US,5,20211124,174500,67.7801,67.905,67.7801,67.905,1101,0
SMMD.US,5,20211124,185500,67.87,67.87,67.87,67.87,2700,0
SMMD.US,5,20211124,195500,67.96,67.96,67.95,67.95,1500,0
SMMD.US,5,20211124,200000,67.91,67.91,67.91,67.91,221,0
SMMD.US,5,20211124,200500,67.83,67.83,67.83,67.83,100,0
SMMD.US,5,20211124,201000,67.65,67.65,67.65,67.65,262,0
SMMD.US,5,20211124,202000,67.85,67.88,67.84,67.88,1250,0
SMMD.US,5,20211124,202500,67.74,67.74,67.74,67.74,100,0
SMMD.US,5,20211124,204500,67.94,67.94,67.94,67.94,100,0
SMMD.US,5,20211124,212000,67.928,67.928,67.928,67.928,235,0
SMMD.US,5,20211126,153500,66.3977,66.425,66.2,66.425,1201,0
SMMD.US,5,20211126,160000,65.9133,65.9133,65.9133,65.9133,150,0
SMMD.US,5,20211126,161000,65.72,65.72,65.47,65.47,1048,0
SMMD.US,5,20211126,161500,65.646,65.646,65.54,65.54,200,0
SMMD.US,5,20211126,162000,65.475,65.9,65.475,65.9,900,0
SMMD.US,5,20211126,162500,65.899,65.899,65.899,65.899,200,0
SMMD.US,5,20211126,163500,65.85,65.958,65.82,65.958,511,0
SMMD.US,5,20211126,164000,65.899,65.9,65.899,65.9,300,0
SMMD.US,5,20211126,171000,65.4233,65.4233,65.4233,65.4233,343,0
SMMD.US,5,20211126,171500,65.27,65.4499,65.27,65.4499,594,0
SMMD.US,5,20211126,173000,65.2,65.2,65.2,65.2,100,0
SMMD.US,5,20211126,175000,65.3499,65.35,65.3499,65.35,200,0
SMMD.US,5,20211126,175500,65.369,65.38,65.28,65.28,1300,0
SMMD.US,5,20211126,180000,65.5,65.5,65.5,65.5,150,0
SMMD.US,5,20211126,183000,66.036,66.036,66.03,66.03,200,0
SMMD.US,5,20211126,184500,65.9381,65.9381,65.9381,65.9381,151,0
SMMD.US,5,20211126,185500,65.879,65.879,65.879,65.879,188,0
SMMD.US,5,20211126,191000,65.879,65.879,65.879,65.879,0,0
SMMD.US,5,20211126,213000,65.879,65.879,65.879,65.879,0,0
SMMD.US,5,20211129,153000,67.02,67.02,67.02,67.02,586,0
SMMD.US,5,20211129,153500,66.5,66.5,66.5,66.5,150,0
SMMD.US,5,20211129,154500,66.3,66.32,66.3,66.32,1000,0
SMMD.US,5,20211129,155000,66.01,66.01,66.01,66.01,102,0
SMMD.US,5,20211129,155500,66.2,66.2,66.2,66.2,1116,0
SMMD.US,5,20211129,160000,66.09,66.09,66.09,66.09,281,0
SMMD.US,5,20211129,161000,66,66,66,66,243,0
SMMD.US,5,20211129,162000,66.16,66.16,66.16,66.16,136,0
SMMD.US,5,20211129,163000,65.745,65.8,65.61,65.61,713,0
SMMD.US,5,20211129,163500,65.609,65.61,65.609,65.61,500,0
SMMD.US,5,20211129,164500,65.67,65.67,65.67,65.67,100,0
SMMD.US,5,20211129,165000,65.73,65.73,65.73,65.73,348,0
SMMD.US,5,20211129,172000,65.862,65.862,65.862,65.862,243,0
SMMD.US,5,20211129,172500,65.765,65.765,65.72,65.72,970,0
SMMD.US,5,20211129,173000,65.75,65.75,65.75,65.75,100,0
SMMD.US,5,20211129,175500,65.9687,65.9687,65.9687,65.9687,100,0
SMMD.US,5,20211129,180000,66.04,66.04,66.04,66.04,300,0
SMMD.US,5,20211129,185500,66.5,66.5168,66.39,66.5168,3035,0
SMMD.US,5,20211129,190000,66.6,66.6,66.5057,66.5057,1051,0
SMMD.US,5,20211129,191000,66.44,66.44,66.44,66.44,100,0
SMMD.US,5,20211129,194000,66.3,66.3,66.3,66.3,780,0
SMMD.US,5,20211129,195500,66.3371,66.3371,66.3371,66.3371,100,0
SMMD.US,5,20211129,201500,66.26,66.26,66.26,66.26,100,0
SMMD.US,5,20211129,204500,66.12,66.12,66.12,66.12,147,0
SMMD.US,5,20211129,210000,66.15,66.15,66.09,66.09,1010,0
SMMD.US,5,20211129,212500,66.13,66.16,66.13,66.16,480,0
SMMD.US,5,20211129,213000,66.12,66.12,66.01,66.1,452,0
SMMD.US,5,20211129,214500,65.9,65.9,65.885,65.885,250,0
SMMD.US,5,20211129,215000,65.95,65.96,65.81,65.95,1495,0
SMMD.US,5,20211129,215500,65.96,65.99,65.85,65.85,700,0
SMMD.US,5,20211130,153000,65.76,65.76,65.76,65.76,375,0
SMMD.US,5,20211130,154500,65.54,65.55,65.54,65.55,33354,0
SMMD.US,5,20211130,155500,65.5641,65.5641,65.5641,65.5641,172,0
SMMD.US,5,20211130,161500,65.46,65.46,65.4355,65.4355,264,0
SMMD.US,5,20211130,162000,65.19,65.19,65.19,65.19,142,0
SMMD.US,5,20211130,164000,65.55,65.58,65.55,65.58,2400,0
SMMD.US,5,20211130,164500,65.31,65.31,65.3013,65.3013,265,0
SMMD.US,5,20211130,165000,65.073,65.19,64.8901,64.8901,1231,0
SMMD.US,5,20211130,170500,64.8185,64.8185,64.8185,64.8185,1100,0
SMMD.US,5,20211130,171000,64.67,64.67,64.67,64.67,100,0
SMMD.US,5,20211130,172000,64.896,64.896,64.896,64.896,251,0
SMMD.US,5,20211130,173000,64.7,64.7,64.7,64.7,150,0
SMMD.US,5,20211130,173500,64.6182,64.6182,64.6182,64.6182,541,0
SMMD.US,5,20211130,175000,64.41,64.41,64.27,64.3286,487,0
SMMD.US,5,20211130,180500,64.32,64.33,64.02,64.115,4054,0
SMMD.US,5,20211130,181000,64.14,64.28,64.08,64.28,634,0
SMMD.US,5,20211130,182000,64.2244,64.2244,64.2244,64.2244,207,0
SMMD.US,5,20211130,182500,64.454,64.454,64.43,64.43,919,0
SMMD.US,5,20211130,183000,64.49,64.49,64.37,64.42,400,0
SMMD.US,5,20211130,184500,64.425,64.425,64.425,64.425,1200,0
SMMD.US,5,20211130,185000,64.33,64.33,64.33,64.33,483,0
SMMD.US,5,20211130,190000,64.28,64.28,64.12,64.12,1200,0
SMMD.US,5,20211130,190500,64.3,64.3,64.3,64.3,100,0
SMMD.US,5,20211130,191500,64.235,64.235,64.235,64.235,475,0
SMMD.US,5,20211130,193000,64.38,64.38,64.38,64.38,100,0
SMMD.US,5,20211130,193500,64.57,64.57,64.57,64.57,1429,0
SMMD.US,5,20211130,194000,64.4249,64.51,64.4249,64.43,1556,0
SMMD.US,5,20211130,194500,64.4298,64.4298,64.4298,64.4298,100,0
SMMD.US,5,20211130,195500,64.69,64.69,64.69,64.69,310,0
SMMD.US,5,20211130,200500,64.7473,64.7473,64.7473,64.7473,453,0
SMMD.US,5,20211130,201500,64.6641,64.6641,64.6641,64.6641,108,0
SMMD.US,5,20211130,202000,64.79,64.8,64.79,64.8,674,0
SMMD.US,5,20211130,202500,64.5892,64.5892,64.5892,64.5892,100,0
SMMD.US,5,20211130,203000,64.7,64.7,64.625,64.625,338,0
SMMD.US,5,20211130,203500,64.645,64.75,64.645,64.75,427,0
SMMD.US,5,20211130,205000,64.57,64.6,64.5572,64.5572,3582,0
SMMD.US,5,20211130,205500,64.52,64.66,64.5,64.51,4281,0
SMMD.US,5,20211130,210000,64.68,64.7,64.67,64.68,2750,0
SMMD.US,5,20211130,210500,64.72,64.78,64.71,64.71,5247,0
SMMD.US,5,20211130,211000,64.65,64.69,64.65,64.69,4235,0
SMMD.US,5,20211130,211500,64.67,64.71,64.67,64.71,947,0
SMMD.US,5,20211130,212000,64.77,64.78,64.77,64.78,1582,0
SMMD.US,5,20211130,212500,64.7071,64.7071,64.7071,64.7071,175,0
SMMD.US,5,20211130,213000,64.69,64.87,64.66,64.82,11694,0
SMMD.US,5,20211130,213500,64.84,64.84,64.725,64.84,5923,0
SMMD.US,5,20211130,214000,64.725,64.83,64.725,64.7461,5809,0
SMMD.US,5,20211130,214500,64.91,64.93,64.91,64.93,1200,0
SMMD.US,5,20211130,215000,64.71,64.71,64.53,64.54,1548,0
SMMD.US,5,20211130,215500,64.46,65.22,64.46,64.73,1782,0
SMMD.US,5,20211201,153000,65.63,65.63,65.1165,65.5599,3076,0
SMMD.US,5,20211201,153500,65.3647,65.3647,65.3647,65.3647,1120,0
SMMD.US,5,20211201,155000,65.4379,65.4379,65.4379,65.4379,341,0
SMMD.US,5,20211201,162000,65.6946,65.73,65.6946,65.73,616,0
SMMD.US,5,20211201,163000,65.76,65.77,65.68,65.68,860,0
SMMD.US,5,20211201,163500,65.54,65.54,65.54,65.54,100,0
SMMD.US,5,20211201,164000,65.32,65.32,65.31,65.31,200,0
SMMD.US,5,20211201,164500,65.495,65.495,65.495,65.495,988,0
SMMD.US,5,20211201,165000,65.74,65.74,65.74,65.74,100,0
SMMD.US,5,20211201,170000,65.78,65.78,65.78,65.78,331,0
SMMD.US,5,20211201,170500,65.6786,65.6786,65.6786,65.6786,293,0
SMMD.US,5,20211201,171000,65.81,65.8199,65.76,65.76,542,0
SMMD.US,5,20211201,173000,65.72,65.7586,65.69,65.69,4988,0
SMMD.US,5,20211201,175500,65.24,65.24,65.24,65.24,150,0
SMMD.US,5,20211201,183000,65.34,65.34,65.25,65.3,3420,0
SMMD.US,5,20211201,183500,65.2169,65.27,65.2019,65.2019,1927,0
SMMD.US,5,20211201,184000,65.24,65.26,65.24,65.26,1700,0
SMMD.US,5,20211201,184500,65.22,65.23,65.17,65.19,1056,0
SMMD.US,5,20211201,190000,64.755,64.755,64.755,64.755,100,0
SMMD.US,5,20211201,190500,64.7,64.7,64.7,64.7,100,0
SMMD.US,5,20211201,191500,64.51,64.51,64.51,64.51,100,0
SMMD.US,5,20211201,192000,64.49,64.5859,64.49,64.5859,650,0
SMMD.US,5,20211201,200000,64.2315,64.2315,64.2315,64.2315,994,0
SMMD.US,5,20211201,200500,64.3402,64.3402,64.3402,64.3402,509,0
SMMD.US,5,20211201,201000,64.3,64.3,64.27,64.27,600,0
SMMD.US,5,20211201,201500,63.8816,63.8816,63.8816,63.8816,1000,0
SMMD.US,5,20211201,202000,63.93,63.93,63.93,63.93,100,0
SMMD.US,5,20211201,203000,64.25,64.25,64.25,64.25,100,0
SMMD.US,5,20211201,203500,64.27,64.27,64.27,64.27,760,0
SMMD.US,5,20211201,204000,64.25,64.25,64.11,64.11,2466,0
SMMD.US,5,20211201,205500,64.06,64.06,64.06,64.06,200,0
SMMD.US,5,20211201,211500,63.585,63.585,63.585,63.585,239,0
SMMD.US,5,20211201,212000,63.535,63.535,63.372,63.372,1444,0
SMMD.US,5,20211201,212500,63.307,63.307,63.307,63.307,511,0
SMMD.US,5,20211201,213500,63.4425,63.4425,63.4425,63.4425,410,0
SMMD.US,5,20211201,214000,63.8178,63.8178,63.8178,63.8178,200,0
SMMD.US,5,20211201,214500,63.585,63.59,63.585,63.59,200,0
SMMD.US,5,20211201,215000,63.43,63.43,63.3,63.38,1700,0
SMMD.US,5,20211201,215500,63.25,63.26,63.06,63.1,5083,0
SMMD.US,5,20211202,153000,63.14,63.14,63.14,63.14,2413,0
SMMD.US,5,20211202,155000,64.045,64.045,64.045,64.045,158,0
SMMD.US,5,20211202,155500,64.195,64.299,64.07,64.299,1660,0
SMMD.US,5,20211202,160000,64.12,64.25,64.12,64.25,300,0
SMMD.US,5,20211202,160500,64.15,64.15,64.085,64.1,700,0
SMMD.US,5,20211202,161000,64.033,64.033,64.033,64.033,895,0
SMMD.US,5,20211202,162500,63.9,63.9,63.9,63.9,687,0
SMMD.US,5,20211202,163000,63.905,63.905,63.905,63.905,101,0
SMMD.US,5,20211202,165500,63.62,63.97,63.62,63.97,314,0
SMMD.US,5,20211202,170000,63.92,63.92,63.92,63.92,600,0
SMMD.US,5,20211202,171000,64.114,64.114,64.114,64.114,1017,0
SMMD.US,5,20211202,173500,64.1,64.1,64.1,64.1,215,0
SMMD.US,5,20211202,174000,64.31,64.31,64.31,64.31,143,0
SMMD.US,5,20211202,174500,64.3779,64.3779,64.3779,64.3779,200,0
SMMD.US,5,20211202,181000,64.3631,64.3631,64.3631,64.3631,3337,0
SMMD.US,5,20211202,182000,64.569,64.589,64.569,64.58,1854,0
SMMD.US,5,20211202,182500,64.5,64.5,64.5,64.5,100,0
SMMD.US,5,20211202,183000,64.55,64.55,64.55,64.55,141,0
SMMD.US,5,20211202,190000,64.27,64.27,64.27,64.27,100,0
SMMD.US,5,20211202,193000,64.1,64.249,64.1,64.249,1130,0
SMMD.US,5,20211202,195000,64.38,64.64,64.38,64.64,3200,0
SMMD.US,5,20211202,200000,64.73,64.77,64.63,64.63,476,0
SMMD.US,5,20211202,202000,64.62,64.62,64.62,64.62,1500,0
SMMD.US,5,20211202,203000,64.79,64.88,64.79,64.88,600,0
SMMD.US,5,20211202,203500,64.7862,64.85,64.7862,64.85,1009,0
SMMD.US,5,20211202,205000,64.68,64.68,64.68,64.68,672,0
SMMD.US,5,20211202,205500,64.591,64.645,64.591,64.645,1182,0
SMMD.US,5,20211202,210000,64.7512,64.7512,64.7512,64.7512,182,0
SMMD.US,5,20211202,210500,64.75,64.75,64.75,64.75,100,0
SMMD.US,5,20211202,211000,64.72,64.72,64.72,64.72,310,0
SMMD.US,5,20211202,212000,64.68,64.68,64.68,64.68,200,0
SMMD.US,5,20211202,212500,64.74,64.75,64.695,64.735,1954,0
SMMD.US,5,20211202,214000,64.86,64.91,64.859,64.91,950,0
SMMD.US,5,20211202,215000,64.84,64.84,64.84,64.84,13570,0
SMMD.US,5,20211202,215500,64.64,64.74,64.62,64.74,1900,0
SMMD.US,5,20211203,153000,64.795,64.795,64.795,64.795,389,0
SMMD.US,5,20211203,153500,64.71,64.71,64.7,64.7,200,0
SMMD.US,5,20211203,154500,64.415,64.415,64.415,64.415,100,0
SMMD.US,5,20211203,155000,64.049,64.05,64.049,64.05,500,0
SMMD.US,5,20211203,163000,64.179,64.19,64.05,64.189,800,0
SMMD.US,5,20211203,164000,63.86,63.87,63.54,63.54,3400,0
SMMD.US,5,20211203,164500,63.57,63.57,63.5,63.5,300,0
SMMD.US,5,20211203,170500,63.5,63.5,63.42,63.42,663,0
SMMD.US,5,20211203,172000,63.6928,63.6928,63.6928,63.6928,738,0
SMMD.US,5,20211203,175000,63.48,63.48,63.48,63.48,150,0
SMMD.US,5,20211203,175500,63.4031,63.4399,63.4031,63.4399,1358,0
SMMD.US,5,20211203,182500,63.59,63.59,63.59,63.59,100,0
SMMD.US,5,20211203,183000,63.4401,63.4401,63.38,63.38,1900,0
SMMD.US,5,20211203,183500,63.51,63.51,63.51,63.51,250,0
SMMD.US,5,20211203,184500,63.7641,63.7641,63.7641,63.7641,245,0
SMMD.US,5,20211203,185000,63.6267,63.6267,63.6267,63.6267,245,0
SMMD.US,5,20211203,190000,63.54,63.54,63.54,63.54,200,0
SMMD.US,5,20211203,190500,63.645,63.645,63.645,63.645,2190,0
SMMD.US,5,20211203,191000,63.61,63.67,63.57,63.67,6997,0
SMMD.US,5,20211203,192000,63.732,63.93,63.732,63.92,1200,0
SMMD.US,5,20211203,195000,63.58,63.58,63.58,63.58,783,0
SMMD.US,5,20211203,204500,63.23,63.255,63.23,63.255,618,0
SMMD.US,5,20211203,205000,63.1671,63.1671,63.1671,63.1671,352,0
SMMD.US,5,20211203,210500,63.17,63.21,63.17,63.21,300,0
SMMD.US,5,20211203,212000,63.33,63.33,63.33,63.33,100,0
SMMD.US,5,20211203,212500,63.4,63.56,63.4,63.56,800,0
SMMD.US,5,20211203,213000,63.5194,63.5194,63.5194,63.5194,108,0
SMMD.US,5,20211203,213500,63.5866,63.5866,63.44,63.44,619,0
SMMD.US,5,20211203,214500,63.2595,63.26,63.2595,63.26,206,0
SMMD.US,5,20211203,215500,63.6,63.6,63.56,63.56,215,0
SMMD.US,5,20211206,153000,64.24,64.24,64.24,64.24,374,0
SMMD.US,5,20211206,154500,64.1107,64.1107,64.1107,64.1107,1519,0
SMMD.US,5,20211206,155000,64.31,64.31,64.31,64.31,205,0
SMMD.US,5,20211206,163000,64.58,64.58,64.58,64.58,375,0
SMMD.US,5,20211206,163500,64.68,64.68,64.67,64.67,1100,0
SMMD.US,5,20211206,164000,64.385,64.385,64.385,64.385,1000,0
SMMD.US,5,20211206,165500,64.6523,64.6523,64.6523,64.6523,381,0
SMMD.US,5,20211206,172500,64.581,64.581,64.581,64.581,230,0
SMMD.US,5,20211206,173000,64.5455,64.5455,64.5455,64.5455,153,0
SMMD.US,5,20211206,173500,64.5775,64.63,64.5775,64.63,575,0
SMMD.US,5,20211206,174500,64.415,64.415,64.415,64.415,4100,0
SMMD.US,5,20211206,175500,64.394,64.394,64.394,64.394,1095,0
SMMD.US,5,20211206,180000,64.4612,64.4612,64.4612,64.4612,1170,0
SMMD.US,5,20211206,181000,64.49,64.49,64.49,64.49,100,0
SMMD.US,5,20211206,181500,64.6,64.6,64.6,64.6,100,0
SMMD.US,5,20211206,183000,64.7159,64.7159,64.6,64.6,784,0
SMMD.US,5,20211206,184500,64.67,64.67,64.67,64.67,100,0
SMMD.US,5,20211206,190500,64.84,64.84,64.84,64.84,200,0
SMMD.US,5,20211206,192500,64.9887,65.02,64.9887,65.02,735,0
SMMD.US,5,20211206,194000,65.05,65.05,64.98,64.98,1412,0
SMMD.US,5,20211206,201000,65.1387,65.1387,65.1387,65.1387,153,0
SMMD.US,5,20211206,201500,65.05,65.07,65.04,65.07,400,0
SMMD.US,5,20211206,202500,65.1,65.1,65.0234,65.04,985,0
SMMD.US,5,20211206,204000,64.85,64.9,64.85,64.9,2668,0
SMMD.US,5,20211206,204500,64.875,64.94,64.875,64.94,300,0
SMMD.US,5,20211206,205000,64.89,64.89,64.89,64.89,787,0
SMMD.US,5,20211206,205500,64.81,64.9086,64.81,64.9086,638,0
SMMD.US,5,20211206,210500,64.9,64.9,64.9,64.9,150,0
SMMD.US,5,20211206,211000,64.875,64.875,64.875,64.875,100,0
SMMD.US,5,20211206,211500,64.92,64.92,64.92,64.92,100,0
SMMD.US,5,20211206,213500,64.71,64.71,64.71,64.71,100,0
SMMD.US,5,20211206,214500,64.759,64.77,64.71,64.77,2010,0
SMMD.US,5,20211206,215000,64.79,64.79,64.64,64.64,1081,0
SMMD.US,5,20211206,215500,64.74,64.74,64.73,64.73,400,0
SMMD.US,5,20211207,153000,65.9,65.9,65.9,65.9,407,0
SMMD.US,5,20211207,154000,65.94,65.94,65.94,65.94,501,0
SMMD.US,5,20211207,155500,66.42,66.44,66.41,66.44,2500,0
SMMD.US,5,20211207,162000,66.385,66.3858,66.385,66.3858,802,0
SMMD.US,5,20211207,172500,66.4407,66.4407,66.4407,66.4407,239,0
SMMD.US,5,20211207,173000,66.48,66.5386,66.4607,66.5386,309,0
SMMD.US,5,20211207,181500,66.4581,66.4581,66.4581,66.4581,1950,0
SMMD.US,5,20211207,182000,66.4109,66.46,66.4109,66.46,315,0
SMMD.US,5,20211207,183000,66.5006,66.5006,66.5006,66.5006,101,0
SMMD.US,5,20211207,184000,66.4001,66.4001,66.4001,66.4001,128,0
SMMD.US,5,20211207,184500,66.4532,66.4532,66.4532,66.4532,191,0
SMMD.US,5,20211207,185000,66.4709,66.4709,66.4709,66.4709,137,0
SMMD.US,5,20211207,190000,66.57,66.57,66.57,66.57,500,0
SMMD.US,5,20211207,190500,66.49,66.55,66.49,66.55,953,0
SMMD.US,5,20211207,191000,66.375,66.375,66.375,66.375,812,0
SMMD.US,5,20211207,191500,66.375,66.43,66.375,66.43,2000,0
SMMD.US,5,20211207,192000,66.55,66.56,66.4993,66.4993,1431,0
SMMD.US,5,20211207,192500,66.45,66.51,66.45,66.51,200,0
SMMD.US,5,20211207,193500,66.54,66.54,66.4213,66.4213,900,0
SMMD.US,5,20211207,194000,66.54,66.54,66.4709,66.4709,1700,0
SMMD.US,5,20211207,200500,66.589,66.589,66.589,66.589,109,0
SMMD.US,5,20211207,202000,66.55,66.55,66.535,66.535,639,0
SMMD.US,5,20211207,202500,66.53,66.53,66.5184,66.5184,987,0
SMMD.US,5,20211207,203000,66.51,66.59,66.47,66.47,1042,0
SMMD.US,5,20211207,203500,66.5499,66.5499,66.5499,66.5499,962,0
SMMD.US,5,20211207,204000,66.5,66.5,66.5,66.5,100,0
SMMD.US,5,20211207,205500,66.4701,66.4701,66.4701,66.4701,198,0
SMMD.US,5,20211207,210000,66.58,66.58,66.58,66.58,100,0
SMMD.US,5,20211207,210500,66.51,66.51,66.51,66.51,100,0
SMMD.US,5,20211207,212000,66.47,66.48,66.47,66.48,200,0
SMMD.US,5,20211207,213000,66.16,66.16,66.14,66.14,500,0
SMMD.US,5,20211207,213500,66.169,66.17,66.05,66.05,3176,0
SMMD.US,5,20211207,214500,66.05,66.05,66.05,66.05,100,0
SMMD.US,5,20211207,215500,66.08,66.13,66.08,66.13,507,0
SMMD.US,5,20211208,153000,66.23,66.23,66.04,66.04,853,0
SMMD.US,5,20211208,154500,66.405,66.405,66.405,66.405,115,0
SMMD.US,5,20211208,155000,66.51,66.51,66.51,66.51,100,0
SMMD.US,5,20211208,160500,66.34,66.38,66.27,66.38,1300,0
SMMD.US,5,20211208,161500,66.385,66.385,66.385,66.385,476,0
SMMD.US,5,20211208,162000,66.4612,66.4964,66.4612,66.4964,312,0
SMMD.US,5,20211208,165000,66.405,66.5,66.405,66.5,998,0
SMMD.US,5,20211208,171500,66.65,66.65,66.65,66.65,300,0
SMMD.US,5,20211208,172500,66.7185,66.7185,66.7185,66.7185,800,0
SMMD.US,5,20211208,174500,66.75,66.79,66.75,66.79,400,0
SMMD.US,5,20211208,175000,66.87,66.87,66.87,66.87,400,0
SMMD.US,5,20211208,180000,66.745,66.745,66.745,66.745,100,0
SMMD.US,5,20211208,182000,66.67,66.71,66.67,66.675,3100,0
SMMD.US,5,20211208,182500,66.759,66.78,66.71,66.78,3700,0
SMMD.US,5,20211208,190000,66.75,66.75,66.6501,66.6501,1917,0
SMMD.US,5,20211208,194000,66.76,66.76,66.72,66.7212,8400,0
SMMD.US,5,20211208,194500,66.6901,66.6901,66.6901,66.6901,120,0
SMMD.US,5,20211208,195000,66.81,66.82,66.81,66.82,1300,0
SMMD.US,5,20211208,201500,66.68,66.689,66.66,66.66,415,0
SMMD.US,5,20211208,203000,66.689,66.689,66.689,66.689,200,0
SMMD.US,5,20211208,203500,66.66,66.66,66.66,66.66,176,0
SMMD.US,5,20211208,204500,66.77,66.77,66.77,66.77,600,0
SMMD.US,5,20211208,205500,66.75,66.8,66.75,66.8,3300,0
SMMD.US,5,20211208,210500,66.78,66.8,66.759,66.8,15950,0
SMMD.US,5,20211208,211000,66.746,66.746,66.746,66.746,169,0
SMMD.US,5,20211208,212500,66.82,66.82,66.82,66.82,500,0
SMMD.US,5,20211208,213500,66.83,66.83,66.7,66.7316,1195,0
SMMD.US,5,20211208,214500,66.77,66.8,66.77,66.8,600,0
SMMD.US,5,20211208,215000,66.86,66.86,66.86,66.86,300,0
SMMD.US,5,20211208,215500,66.78,66.78,66.74,66.74,700,0
SMMD.US,5,20211209,153000,66.06,66.06,66.06,66.06,1297,0
SMMD.US,5,20211209,154000,66.415,66.415,66.415,66.415,100,0
SMMD.US,5,20211209,155500,66.11,66.11,66.11,66.11,100,0
SMMD.US,5,20211209,160000,66.35,66.358,66.35,66.358,200,0
SMMD.US,5,20211209,161000,66.305,66.305,66.305,66.305,561,0
SMMD.US,5,20211209,162000,66.329,66.329,66.1597,66.1597,550,0
SMMD.US,5,20211209,163500,66.09,66.13,66.045,66.08,2485,0
SMMD.US,5,20211209,164000,66.03,66.06,66.015,66.015,1400,0
SMMD.US,5,20211209,170000,65.92,65.92,65.92,65.92,100,0
SMMD.US,5,20211209,171000,65.96,66.02,65.96,66.02,900,0
SMMD.US,5,20211209,171500,66.02,66.02,65.8545,65.8545,3202,0
SMMD.US,5,20211209,173000,66.14,66.14,66.14,66.14,268,0
SMMD.US,5,20211209,175000,65.96,65.96,65.96,65.96,100,0
SMMD.US,5,20211209,180500,65.83,65.83,65.83,65.83,100,0
SMMD.US,5,20211209,181000,65.86,65.8977,65.86,65.8977,486,0
SMMD.US,5,20211209,181500,66,66.01,66,66,800,0
SMMD.US,5,20211209,182000,66.02,66.05,66.02,66.05,300,0
SMMD.US,5,20211209,183000,66.0201,66.05,66.0201,66.05,580,0
SMMD.US,5,20211209,184000,66.09,66.12,66.09,66.12,325,0
SMMD.US,5,20211209,185000,66.0357,66.0357,66.0357,66.0357,125,0
SMMD.US,5,20211209,185500,66.055,66.055,66.05,66.05,705,0
SMMD.US,5,20211209,190000,66.11,66.14,66.11,66.14,1500,0
SMMD.US,5,20211209,192000,66,66,66,66,100,0
SMMD.US,5,20211209,193000,65.9101,65.95,65.9101,65.95,258,0
SMMD.US,5,20211209,193500,66.01,66.01,66.01,66.01,390,0
SMMD.US,5,20211209,194000,65.91,65.91,65.91,65.91,100,0
SMMD.US,5,20211209,195000,65.77,65.77,65.77,65.77,100,0
SMMD.US,5,20211209,195500,65.9,65.9,65.9,65.9,100,0
SMMD.US,5,20211209,200000,65.98,65.98,65.8801,65.8801,349,0
SMMD.US,5,20211209,200500,65.89,65.89,65.89,65.89,100,0
SMMD.US,5,20211209,201500,65.85,65.892,65.8415,65.8415,1900,0
SMMD.US,5,20211209,202000,65.86,65.86,65.86,65.86,100,0
SMMD.US,5,20211209,202500,65.9386,65.9386,65.9386,65.9386,126,0
SMMD.US,5,20211209,203000,65.68,65.68,65.68,65.68,200,0
SMMD.US,5,20211209,204000,65.65,65.65,65.65,65.65,100,0
SMMD.US,5,20211209,205000,65.67,65.675,65.67,65.675,335,0
SMMD.US,5,20211209,205500,65.71,65.71,65.6461,65.6461,317,0
SMMD.US,5,20211209,210500,65.6452,65.6452,65.6452,65.6452,103,0
SMMD.US,5,20211209,211000,65.59,65.59,65.59,65.59,283,0
SMMD.US,5,20211209,214500,65.57,65.66,65.57,65.66,1800,0
SMMD.US,5,20211209,215000,65.61,65.61,65.61,65.61,200,0
SMMD.US,5,20211209,215500,65.53,65.53,65.47,65.47,2376,0
SMMD.US,5,20211210,153500,66.06,66.13,66.06,66.13,1100,0
SMMD.US,5,20211210,160000,65.4975,65.4975,65.3933,65.3933,660,0
SMMD.US,5,20211210,161000,65.446,65.446,65.446,65.446,600,0
SMMD.US,5,20211210,161500,65.58,65.58,65.58,65.58,100,0
SMMD.US,5,20211210,170000,65.195,65.195,65.195,65.195,599,0
SMMD.US,5,20211210,172000,65.0386,65.0386,65.0386,65.0386,3075,0
SMMD.US,5,20211210,172500,65.04,65.04,65.04,65.04,491,0
SMMD.US,5,20211210,173500,65.13,65.13,65.02,65.02,1457,0
SMMD.US,5,20211210,181500,65.27,65.28,65.27,65.27,4400,0
SMMD.US,5,20211210,182000,65.28,65.28,65.28,65.28,100,0
SMMD.US,5,20211210,182500,65.27,65.27,65.2684,65.2684,800,0
SMMD.US,5,20211210,183000,65.22,65.22,65.22,65.22,100,0
SMMD.US,5,20211210,184500,65.18,65.18,65.18,65.18,192,0
SMMD.US,5,20211210,190500,65.33,65.33,65.18,65.18,1880,0
SMMD.US,5,20211210,192000,65.27,65.28,65.27,65.27,400,0
SMMD.US,5,20211210,200500,65.19,65.19,65.19,65.19,100,0
SMMD.US,5,20211210,201000,65.1696,65.1696,65.07,65.09,2293,0
SMMD.US,5,20211210,203500,65.08,65.1,65.08,65.1,300,0
SMMD.US,5,20211210,204000,65.22,65.22,65.175,65.2198,2150,0
SMMD.US,5,20211210,204500,65.14,65.14,65.14,65.14,100,0
SMMD.US,5,20211210,205000,65.13,65.15,65.13,65.15,300,0
SMMD.US,5,20211210,205500,65.18,65.18,65.12,65.18,3995,0
SMMD.US,5,20211210,210500,65.025,65.07,65.0206,65.0206,500,0
SMMD.US,5,20211210,211000,65.03,65.08,65.03,65.08,300,0
SMMD.US,5,20211210,211500,65.045,65.045,65.04,65.04,207,0
SMMD.US,5,20211210,212000,65.03,65.03,65.02,65.02,500,0
SMMD.US,5,20211210,215500,65.2636,65.34,65.2636,65.34,1169,0
SMMD.US,5,20211213,153000,64.92,64.92,64.92,64.92,209,0
SMMD.US,5,20211213,153500,64.78,64.78,64.78,64.78,300,0
SMMD.US,5,20211213,155000,64.5603,64.5603,64.5603,64.5603,190,0
SMMD.US,5,20211213,155500,64.4101,64.4101,64.4101,64.4101,131,0
SMMD.US,5,20211213,161500,64.75,64.75,64.75,64.75,1651,0
SMMD.US,5,20211213,162500,64.5676,64.5676,64.5676,64.5676,601,0
SMMD.US,5,20211213,164000,64.629,64.629,64.629,64.629,110,0
SMMD.US,5,20211213,164500,64.6623,64.6623,64.4901,64.4901,2028,0
SMMD.US,5,20211213,170500,64.31,64.31,64.31,64.31,1976,0
SMMD.US,5,20211213,172000,64.225,64.225,64.225,64.225,214,0
SMMD.US,5,20211213,173000,64.21,64.26,64.21,64.26,1024,0
SMMD.US,5,20211213,174000,64.2457,64.27,64.1309,64.27,1260,0
SMMD.US,5,20211213,175000,64.1373,64.1373,64.1373,64.1373,155,0
SMMD.US,5,20211213,175500,63.9802,63.9802,63.9802,63.9802,428,0
SMMD.US,5,20211213,182000,64.32,64.32,64.32,64.32,180,0
SMMD.US,5,20211213,183000,64.3,64.3,64.2947,64.3,1653,0
SMMD.US,5,20211213,184000,64.39,64.39,64.39,64.39,740,0
SMMD.US,5,20211213,185000,64.2985,64.2985,64.2985,64.2985,194,0
SMMD.US,5,20211213,185500,64.26,64.29,64.2398,64.2398,2312,0
SMMD.US,5,20211213,200000,64.3899,64.3899,64.3899,64.3899,557,0
SMMD.US,5,20211213,200500,64.22,64.3325,64.22,64.3325,1652,0
SMMD.US,5,20211213,201500,64.38,64.38,64.38,64.38,479,0
SMMD.US,5,20211213,202500,64.495,64.495,64.415,64.415,1748,0
SMMD.US,5,20211213,203500,64.4043,64.4043,64.4043,64.4043,209,0
SMMD.US,5,20211213,204500,64.41,64.41,64.41,64.41,638,0
SMMD.US,5,20211213,205000,64.4468,64.4468,64.4468,64.4468,1495,0
SMMD.US,5,20211213,210500,64.58,64.58,64.58,64.58,325000,0
SMMD.US,5,20211213,211500,64.67,64.75,64.67,64.75,630,0
SMMD.US,5,20211213,212000,64.592,64.592,64.592,64.592,339,0
SMMD.US,5,20211213,213000,64.52,64.64,64.51,64.64,3337,0
SMMD.US,5,20211213,213500,64.58,64.58,64.52,64.58,327700,0
SMMD.US,5,20211213,214000,64.52,64.57,64.52,64.565,10819,0
SMMD.US,5,20211213,214500,64.52,64.575,64.48,64.5,104374,0
SMMD.US,5,20211213,215000,64.37,64.4,64.37,64.4,207800,0
SMMD.US,5,20211213,215500,64.33,64.34,64.22,64.34,1290,0
SMMD.US,5,20211214,153000,64.19,64.19,63.86,63.86,4602,0
SMMD.US,5,20211214,153500,63.8701,63.8701,63.8701,63.8701,166,0
SMMD.US,5,20211214,155000,64.17,64.17,64.17,64.17,258,0
SMMD.US,5,20211214,160000,64.395,64.395,64.39,64.395,400,0
SMMD.US,5,20211214,162500,64.5835,64.5835,64.5241,64.5241,901,0
SMMD.US,5,20211214,163500,64.25,64.25,64.25,64.25,100,0
SMMD.US,5,20211214,164000,64.3319,64.3319,64.19,64.2455,3708,0
SMMD.US,5,20211214,164500,64.255,64.255,64.255,64.255,140,0
SMMD.US,5,20211214,165000,64.05,64.05,64.05,64.05,100,0
SMMD.US,5,20211214,165500,63.95,63.95,63.92,63.92,806,0
SMMD.US,5,20211214,170000,63.8748,63.8748,63.8748,63.8748,641,0
SMMD.US,5,20211214,171500,63.9159,63.9159,63.9159,63.9159,354,0
SMMD.US,5,20211214,173000,63.9001,63.9001,63.9001,63.9001,313,0
SMMD.US,5,20211214,173500,63.86,63.919,63.86,63.8848,4450,0
SMMD.US,5,20211214,174000,63.96,64.03,63.96,64.03,400,0
SMMD.US,5,20211214,175000,63.9,63.9138,63.8741,63.8741,1495,0
SMMD.US,5,20211214,181000,63.755,63.755,63.755,63.755,214,0
SMMD.US,5,20211214,181500,63.6813,63.6813,63.6813,63.6813,400,0
SMMD.US,5,20211214,182500,63.7301,63.7301,63.7301,63.7301,250,0
SMMD.US,5,20211214,185000,63.729,63.74,63.67,63.74,1300,0
SMMD.US,5,20211214,185500,63.66,63.66,63.66,63.66,1600,0
SMMD.US,5,20211214,190500,63.765,63.765,63.765,63.765,109,0
SMMD.US,5,20211214,191000,63.8,63.8,63.77,63.77,4511,0
SMMD.US,5,20211214,191500,63.6501,63.73,63.6501,63.73,950,0
SMMD.US,5,20211214,192500,63.69,63.75,63.68,63.75,300,0
SMMD.US,5,20211214,193500,63.674,63.674,63.674,63.674,100,0
SMMD.US,5,20211214,200500,63.59,63.68,63.59,63.68,1000,0
SMMD.US,5,20211214,202500,63.8,63.81,63.8,63.81,1000,0
SMMD.US,5,20211214,203000,63.75,63.758,63.75,63.758,200,0
SMMD.US,5,20211214,203500,63.7399,63.7876,63.6791,63.724,886,0
SMMD.US,5,20211214,204000,63.67,63.67,63.67,63.67,340,0
SMMD.US,5,20211214,204500,63.7803,63.7803,63.7803,63.7803,223,0
SMMD.US,5,20211214,205000,63.74,63.78,63.69,63.72,1100,0
SMMD.US,5,20211214,205500,63.81,63.81,63.81,63.81,320,0
SMMD.US,5,20211214,212000,63.945,63.945,63.945,63.945,333,0
SMMD.US,5,20211214,214500,63.84,63.84,63.84,63.84,100,0
SMMD.US,5,20211214,215000,63.736,63.736,63.72,63.72,473,0
SMMD.US,5,20211214,215500,63.73,63.73,63.73,63.73,200,0
SMMD.US,5,20211215,153000,63.75,63.75,63.75,63.75,201,0
SMMD.US,5,20211215,154500,63.2912,63.2912,63.2912,63.2912,160,0
SMMD.US,5,20211215,155500,63.5023,63.5023,63.2783,63.2783,487,0
SMMD.US,5,20211215,161500,63.2173,63.2173,63.2173,63.2173,100,0
SMMD.US,5,20211215,162000,63.15,63.15,63.15,63.15,100,0
SMMD.US,5,20211215,163500,63.2453,63.2453,63.2453,63.2453,841,0
SMMD.US,5,20211215,164000,63.325,63.3492,63.32,63.33,1060,0
SMMD.US,5,20211215,164500,63.26,63.26,63.26,63.26,100,0
SMMD.US,5,20211215,170500,63.2,63.2,63.2,63.2,126,0
SMMD.US,5,20211215,171000,63.15,63.15,63.15,63.15,100,0
SMMD.US,5,20211215,172000,63.165,63.165,63.165,63.165,145,0
SMMD.US,5,20211215,172500,63.125,63.25,63.11,63.21,8500,0
SMMD.US,5,20211215,173500,63.0133,63.04,63.0133,63.04,1037,0
SMMD.US,5,20211215,174000,63.03,63.03,62.94,63.01,1835,0
SMMD.US,5,20211215,175000,63.1001,63.1001,63.1001,63.1001,1429,0
SMMD.US,5,20211215,180500,63.21,63.21,63.21,63.21,100,0
SMMD.US,5,20211215,182500,63.18,63.18,63.18,63.18,100,0
SMMD.US,5,20211215,183500,63.29,63.29,63.29,63.29,100,0
SMMD.US,5,20211215,184000,63.25,63.25,63.25,63.25,225,0
SMMD.US,5,20211215,185500,63.2476,63.2476,63.2476,63.2476,253,0
SMMD.US,5,20211215,190500,63.33,63.33,63.33,63.33,100,0
SMMD.US,5,20211215,193500,63.3463,63.36,63.3463,63.36,760,0
SMMD.US,5,20211215,195000,63.445,63.445,63.445,63.445,164,0
SMMD.US,5,20211215,201000,63.87,63.87,63.87,63.87,100,0
SMMD.US,5,20211215,201500,64.0714,64.0714,64.0714,64.0714,251,0
SMMD.US,5,20211215,202500,63.77,63.77,63.77,63.77,100,0
SMMD.US,5,20211215,203000,63.5919,63.5919,63.5919,63.5919,419,0
SMMD.US,5,20211215,203500,63.7326,63.77,63.7326,63.77,563,0
SMMD.US,5,20211215,204000,63.74,63.74,63.74,63.74,100,0
SMMD.US,5,20211215,204500,63.69,63.69,63.69,63.69,191,0
SMMD.US,5,20211215,205000,63.7,63.7613,63.7,63.7613,585,0
SMMD.US,5,20211215,205500,63.79,63.79,63.7773,63.7773,496,0
SMMD.US,5,20211215,210000,63.7957,63.83,63.72,63.83,974,0
SMMD.US,5,20211215,210500,63.97,64.0398,63.97,64.0398,888,0
SMMD.US,5,20211215,211000,64.13,64.13,64.13,64.13,100,0
SMMD.US,5,20211215,211500,64.31,64.34,64.31,64.34,250,0
SMMD.US,5,20211215,212000,64.46,64.65,64.46,64.639,7411,0
SMMD.US,5,20211215,212500,64.53,64.56,64.5,64.56,300,0
SMMD.US,5,20211215,213000,64.62,64.635,64.61,64.635,1000,0
SMMD.US,5,20211215,214000,64.655,64.655,64.52,64.52,1983,0
SMMD.US,5,20211215,214500,64.49,64.49,64.33,64.33,1550,0
SMMD.US,5,20211215,215000,64.37,64.6376,64.37,64.6376,3520,0
SMMD.US,5,20211215,215500,64.56,64.72,64.56,64.7,1100,0
SMMD.US,5,20211216,153000,65.23,65.23,65.23,65.23,1032,0
SMMD.US,5,20211216,154000,64.825,64.825,64.825,64.825,2318,0
SMMD.US,5,20211216,154500,65.201,65.201,65.201,65.201,230,0
SMMD.US,5,20211216,155000,65.209,65.209,65.209,65.209,122,0
SMMD.US,5,20211216,161000,64.6894,64.7403,64.6894,64.7403,1731,0
SMMD.US,5,20211216,161500,64.7044,64.7044,64.7044,64.7044,306,0
SMMD.US,5,20211216,162000,64.9501,65.0136,64.9501,65.0136,2544,0
SMMD.US,5,20211216,165000,65.04,65.04,65.04,65.04,100,0
SMMD.US,5,20211216,170000,64.78,64.78,64.78,64.78,228,0
SMMD.US,5,20211216,170500,64.65,64.65,64.65,64.65,140,0
SMMD.US,5,20211216,171000,64.7,64.7596,64.7,64.7596,1138,0
SMMD.US,5,20211216,171500,64.82,64.82,64.82,64.82,109,0
SMMD.US,5,20211216,175000,64.64,64.7,64.64,64.7,715,0
SMMD.US,5,20211216,181500,64.425,64.425,64.425,64.425,261,0
SMMD.US,5,20211216,182000,64.4493,64.4493,64.4493,64.4493,605,0
SMMD.US,5,20211216,182500,64.32,64.32,64.27,64.29,4600,0
SMMD.US,5,20211216,184500,64.14,64.14,64.14,64.14,1600,0
SMMD.US,5,20211216,185500,64.1186,64.1186,64.1186,64.1186,187,0
SMMD.US,5,20211216,190000,64.0849,64.0849,64.0849,64.0849,7686,0
SMMD.US,5,20211216,191500,64.2784,64.29,64.2784,64.28,1097,0
SMMD.US,5,20211216,192000,64.1021,64.1021,64.1021,64.1021,466,0
SMMD.US,5,20211216,193000,64.1401,64.1401,64.1401,64.1401,100,0
SMMD.US,5,20211216,194000,64.16,64.16,64.16,64.16,400,0
SMMD.US,5,20211216,194500,64.1601,64.1601,64.1601,64.1601,290,0
SMMD.US,5,20211216,200500,64.0992,64.0992,64.0992,64.0992,527,0
SMMD.US,5,20211216,201000,63.9438,63.9438,63.9438,63.9438,1765,0
SMMD.US,5,20211216,201500,63.8507,63.8507,63.8507,63.8507,1400,0
SMMD.US,5,20211216,202500,63.67,63.67,63.66,63.67,5502,0
SMMD.US,5,20211216,203000,63.695,63.695,63.695,63.695,272,0
SMMD.US,5,20211216,203500,63.7,63.7,63.7,63.7,100,0
SMMD.US,5,20211216,204000,63.76,63.84,63.76,63.84,600,0
SMMD.US,5,20211216,205500,63.42,63.42,63.41,63.41,2391,0
SMMD.US,5,20211216,211500,63.67,63.67,63.67,63.67,289,0
SMMD.US,5,20211216,212000,63.73,63.73,63.73,63.73,200,0
SMMD.US,5,20211216,212500,63.79,63.79,63.79,63.79,579,0
SMMD.US,5,20211216,213000,63.8586,63.8586,63.7322,63.7322,575,0
SMMD.US,5,20211216,213500,63.7629,63.83,63.6914,63.83,2398,0
SMMD.US,5,20211216,214000,63.8165,63.8165,63.8165,63.8165,100,0
SMMD.US,5,20211216,214500,63.67,63.71,63.6496,63.6496,2614,0
SMMD.US,5,20211216,215000,63.7,63.84,63.7,63.7182,5141,0
SMMD.US,5,20211216,215500,63.78,63.8,63.74,63.74,1299,0
SMMD.US,5,20211217,153000,63.67,63.67,63.5995,63.6,5026,0
SMMD.US,5,20211217,153500,63.0528,63.0528,63.0528,63.0528,940,0
SMMD.US,5,20211217,155000,63.11,63.11,63.11,63.11,100,0
SMMD.US,5,20211217,160500,63.396,63.396,63.34,63.34,1469,0
SMMD.US,5,20211217,161000,63.24,63.29,63.24,63.29,1700,0
SMMD.US,5,20211217,161500,63.24,63.24,63.24,63.24,300,0
SMMD.US,5,20211217,162000,63.22,63.24,63.135,63.238,2020,0
SMMD.US,5,20211217,165000,64.168,64.29,64.168,64.27,3015,0
SMMD.US,5,20211217,170500,64.1915,64.1915,64.1915,64.1915,1010,0
SMMD.US,5,20211217,171000,64.3286,64.4017,64.3286,64.4017,466,0
SMMD.US,5,20211217,172500,64.269,64.269,64.269,64.269,230,0
SMMD.US,5,20211217,173500,64.19,64.19,64.105,64.18,5683,0
SMMD.US,5,20211217,174000,64.1485,64.1485,64.1485,64.1485,120,0
SMMD.US,5,20211217,175000,63.93,63.93,63.93,63.93,185,0
SMMD.US,5,20211217,175500,64.03,64.03,64.03,64.03,600,0
SMMD.US,5,20211217,180500,63.7712,63.7712,63.7712,63.7712,122,0
SMMD.US,5,20211217,181000,64.05,64.06,64.048,64.06,400,0
SMMD.US,5,20211217,182000,64.069,64.07,64.069,64.07,1266,0
SMMD.US,5,20211217,182500,63.9251,63.9251,63.9251,63.9251,400,0
SMMD.US,5,20211217,184000,64.0795,64.13,64.0795,64.12,2580,0
SMMD.US,5,20211217,185000,64.16,64.16,64.03,64.04,11871,0
SMMD.US,5,20211217,185500,64.14,64.16,64.14,64.16,500,0
SMMD.US,5,20211217,190000,64.19,64.195,64.17,64.18,1800,0
SMMD.US,5,20211217,191500,64.043,64.043,64.043,64.043,286,0
SMMD.US,5,20211217,194000,64.25,64.25,64.25,64.25,2570,0
SMMD.US,5,20211217,194500,64.29,64.3,64.29,64.3,1655,0
SMMD.US,5,20211217,195500,64.37,64.37,64.37,64.37,130,0
SMMD.US,5,20211217,201500,64.265,64.265,64.211,64.211,2091,0
SMMD.US,5,20211217,202500,64.22,64.24,64.21,64.24,5324,0
SMMD.US,5,20211217,203500,64.225,64.24,64.21,64.24,400,0
SMMD.US,5,20211217,204000,64.2097,64.2097,64.2,64.2,530,0
SMMD.US,5,20211217,204500,64.34,64.35,64.339,64.34,1601,0
SMMD.US,5,20211217,210000,64.25,64.25,64.25,64.25,493,0
SMMD.US,5,20211217,210500,64.32,64.32,64.306,64.32,2878,0
SMMD.US,5,20211217,211000,64.27,64.27,64.25,64.25,1936,0
SMMD.US,5,20211217,211500,64.085,64.085,64.03,64.03,328,0
SMMD.US,5,20211217,212500,64.1,64.13,64.1,64.13,400,0
SMMD.US,5,20211217,213000,64.13,64.14,63.99,63.99,1600,0
SMMD.US,5,20211217,213500,64.03,64.03,64.03,64.03,146,0
SMMD.US,5,20211217,214000,64.02,64.02,64.02,64.02,18719,0
SMMD.US,5,20211217,215000,63.9,63.928,63.9,63.924,500,0
SMMD.US,5,20211217,215500,64.04,64.06,63.88,63.88,5896,0
SMMD.US,5,20211220,153000,63.19,63.19,63.19,63.19,4613,0
SMMD.US,5,20211220,161500,62.8458,62.8458,62.8458,62.8458,381,0
SMMD.US,5,20211220,162000,62.79,62.79,62.71,62.71,1360,0
SMMD.US,5,20211220,162500,62.6,62.6,62.6,62.6,300,0
SMMD.US,5,20211220,163000,62.59,62.59,62.53,62.56,400,0
SMMD.US,5,20211220,164500,62.4188,62.4188,62.3,62.3,348,0
SMMD.US,5,20211220,170000,62.229,62.229,62.229,62.229,100,0
SMMD.US,5,20211220,170500,62.18,62.219,62.18,62.195,1400,0
SMMD.US,5,20211220,171000,62.2069,62.2069,62.2069,62.2069,2277,0
SMMD.US,5,20211220,172000,62.0716,62.0716,62.0716,62.0716,194,0
SMMD.US,5,20211220,172500,62.21,62.23,62.19,62.19,900,0
SMMD.US,5,20211220,173000,62.105,62.105,62.095,62.095,726,0
SMMD.US,5,20211220,173500,62.1987,62.1987,62.1987,62.1987,100,0
SMMD.US,5,20211220,174000,62.16,62.16,62.15,62.15,200,0
SMMD.US,5,20211220,174500,62.22,62.22,62.2055,62.2055,1400,0
SMMD.US,5,20211220,175000,62.42,62.42,62.42,62.42,1000,0
SMMD.US,5,20211220,181500,62.44,62.44,62.44,62.44,320,0
SMMD.US,5,20211220,184000,62.2344,62.2344,62.2344,62.2344,472,0
SMMD.US,5,20211220,184500,62.23,62.26,62.1301,62.206,5673,0
SMMD.US,5,20211220,185000,62.21,62.32,62.21,62.32,631,0
SMMD.US,5,20211220,190000,62.0788,62.0788,62.0788,62.0788,414,0
SMMD.US,5,20211220,191000,62.195,62.195,62.195,62.195,1846,0
SMMD.US,5,20211220,194000,62.59,62.59,62.58,62.58,200,0
SMMD.US,5,20211220,195500,62.4707,62.6,62.4707,62.52,3331,0
SMMD.US,5,20211220,200500,62.5225,62.65,62.5225,62.6423,5176,0
SMMD.US,5,20211220,202000,62.6,62.7383,62.6,62.7383,1141,0
SMMD.US,5,20211220,202500,62.618,62.618,62.618,62.618,115,0
SMMD.US,5,20211220,203000,62.54,62.54,62.5353,62.5353,779,0
SMMD.US,5,20211220,203500,62.58,62.59,62.5619,62.579,10151,0
SMMD.US,5,20211220,204000,62.55,62.55,62.55,62.55,305,0
SMMD.US,5,20211220,204500,62.5991,62.5991,62.5991,62.5991,111,0
SMMD.US,5,20211220,205000,62.62,62.62,62.62,62.62,211,0
SMMD.US,5,20211220,210000,62.6705,62.78,62.6705,62.7699,1096,0
SMMD.US,5,20211220,210500,62.745,62.745,62.745,62.745,1767,0
SMMD.US,5,20211220,211500,62.89,62.8934,62.83,62.8934,2120,0
SMMD.US,5,20211220,212000,62.91,62.91,62.91,62.91,1168,0
SMMD.US,5,20211220,212500,63.04,63.04,63.04,63.04,573,0
SMMD.US,5,20211220,213000,62.94,62.94,62.94,62.94,407,0
SMMD.US,5,20211220,213500,62.7729,62.7729,62.7729,62.7729,262,0
SMMD.US,5,20211220,214000,62.82,62.82,62.79,62.79,200,0
SMMD.US,5,20211220,214500,62.79,62.79,62.79,62.79,200,0
SMMD.US,5,20211220,215000,62.99,62.99,62.93,62.94,2500,0
SMMD.US,5,20211220,215500,62.95,62.95,62.93,62.95,1400,0
SMMD.US,5,20211221,153000,63.4,63.4,63.4,63.4,2355,0
SMMD.US,5,20211221,155000,63.7621,63.7621,63.7621,63.7621,569,0
SMMD.US,5,20211221,162000,64.315,64.315,64.315,64.315,770,0
SMMD.US,5,20211221,162500,63.95,64.06,63.95,64.06,386,0
SMMD.US,5,20211221,163500,64.07,64.072,63.84,63.84,2100,0
SMMD.US,5,20211221,164000,64.136,64.136,64.136,64.136,300,0
SMMD.US,5,20211221,164500,64.0501,64.0501,64.0501,64.0501,197,0
SMMD.US,5,20211221,165500,64.07,64.09,64.07,64.09,400,0
SMMD.US,5,20211221,171000,64.21,64.23,64.21,64.218,600,0
SMMD.US,5,20211221,173000,64.2586,64.2586,64.2586,64.2586,111,0
SMMD.US,5,20211221,175500,64.27,64.27,64.26,64.26,1200,0
SMMD.US,5,20211221,180000,64.375,64.375,64.3217,64.3217,270,0
SMMD.US,5,20211221,181500,64.485,64.485,64.42,64.485,955,0
SMMD.US,5,20211221,183500,64.49,64.49,64.49,64.49,246,0
SMMD.US,5,20211221,185000,64.485,64.51,64.485,64.5,4361,0
SMMD.US,5,20211221,185500,64.525,64.54,64.525,64.54,798,0
SMMD.US,5,20211221,190000,64.505,64.5389,64.505,64.5389,998,0
SMMD.US,5,20211221,191000,64.505,64.54,64.4976,64.53,7705,0
SMMD.US,5,20211221,191500,64.51,64.51,64.51,64.51,600,0
SMMD.US,5,20211221,192000,64.525,64.54,64.51,64.51,1600,0
SMMD.US,5,20211221,192500,64.51,64.52,64.5,64.51,2000,0
SMMD.US,5,20211221,193500,64.65,64.65,64.65,64.65,161,0
SMMD.US,5,20211221,194000,64.6409,64.7288,64.64,64.64,11177,0
SMMD.US,5,20211221,194500,64.65,64.65,64.646,64.646,500,0
SMMD.US,5,20211221,195000,64.6301,64.6301,64.6301,64.6301,181,0
SMMD.US,5,20211221,195500,64.6575,64.658,64.65,64.658,300,0
SMMD.US,5,20211221,200000,64.665,64.665,64.665,64.665,320,0
SMMD.US,5,20211221,200500,64.645,64.69,64.64,64.66,700,0
SMMD.US,5,20211221,201000,64.6425,64.65,64.62,64.644,700,0
SMMD.US,5,20211221,202000,64.5701,64.659,64.55,64.55,1075,0
SMMD.US,5,20211221,204000,64.5012,64.5012,64.5012,64.5012,115,0
SMMD.US,5,20211221,204500,64.6088,64.6088,64.6088,64.6088,267,0
SMMD.US,5,20211221,210000,64.64,64.675,64.64,64.675,228,0
SMMD.US,5,20211221,210500,64.635,64.635,64.635,64.635,491,0
SMMD.US,5,20211221,211000,64.6,64.6,64.6,64.6,100,0
SMMD.US,5,20211221,212000,64.7,64.7,64.7,64.7,35062,0
SMMD.US,5,20211221,213500,64.5921,64.5921,64.53,64.53,897,0
SMMD.US,5,20211221,214500,64.47,64.48,64.42,64.4402,16077,0
SMMD.US,5,20211221,215000,64.45,64.72,64.45,64.64,18747,0
SMMD.US,5,20211221,215500,64.68,64.8,64.68,64.8,418,0
SMMD.US,5,20211222,153000,64.75,64.7602,64.75,64.7602,2896,0
SMMD.US,5,20211222,154000,64.7762,64.7762,64.7762,64.7762,121,0
SMMD.US,5,20211222,155000,64.67,64.84,64.67,64.84,3703,0
SMMD.US,5,20211222,160000,64.8099,64.8099,64.8099,64.8099,510,0
SMMD.US,5,20211222,161500,64.8999,64.9,64.8999,64.9,500,0
SMMD.US,5,20211222,162000,64.7354,64.7354,64.7354,64.7354,150,0
SMMD.US,5,20211222,164000,64.825,64.825,64.825,64.825,640,0
SMMD.US,5,20211222,164500,64.808,64.808,64.808,64.808,200,0
SMMD.US,5,20211222,165000,64.99,64.99,64.987,64.987,245,0
SMMD.US,5,20211222,171000,65,65,65,65,100,0
SMMD.US,5,20211222,172500,64.9028,64.9028,64.9028,64.9028,100,0
SMMD.US,5,20211222,173000,65.04,65.0595,65.04,65.048,469,0
SMMD.US,5,20211222,174500,65.04,65.08,65.04,65.048,2800,0
SMMD.US,5,20211222,175000,64.98,65.1,64.98,65.1,10902,0
SMMD.US,5,20211222,175500,65.12,65.12,65.075,65.075,800,0
SMMD.US,5,20211222,181000,65.0966,65.0966,65.0966,65.0966,288,0
SMMD.US,5,20211222,181500,65.035,65.035,65,65,1100,0
SMMD.US,5,20211222,182000,64.98,65,64.98,65,1627,0
SMMD.US,5,20211222,182500,65,65,65,65,800,0
SMMD.US,5,20211222,183000,65.01,65.09,65.01,65.0101,1883,0
SMMD.US,5,20211222,184000,65.09,65.09,65.09,65.09,1250,0
SMMD.US,5,20211222,184500,65.11,65.13,65.095,65.095,1490,0
SMMD.US,5,20211222,185000,65.17,65.18,65.16,65.1794,3162,0
SMMD.US,5,20211222,185500,65.19,65.19,65.19,65.19,100,0
SMMD.US,5,20211222,190500,65.21,65.22,65.21,65.22,400,0
SMMD.US,5,20211222,192500,65.164,65.178,65.16,65.16,483,0
SMMD.US,5,20211222,194000,65.07,65.11,65.07,65.08,3872,0
SMMD.US,5,20211222,200500,64.995,64.995,64.995,64.995,225,0
SMMD.US,5,20211222,201000,65,65,65,65,460,0
SMMD.US,5,20211222,202500,65.008,65.008,64.9,64.9,1000,0
SMMD.US,5,20211222,203000,64.915,65.006,64.915,64.955,981,0
SMMD.US,5,20211222,204000,64.89,64.89,64.89,64.89,400,0
SMMD.US,5,20211222,205000,65.04,65.04,65.03,65.038,300,0
SMMD.US,5,20211222,205500,65.015,65.015,65.015,65.015,535,0
SMMD.US,5,20211222,210000,65.0745,65.0745,65.04,65.04,403,0
SMMD.US,5,20211222,211000,65.0945,65.0945,65.0945,65.0945,1806,0
SMMD.US,5,20211222,211500,65.14,65.14,65.05,65.05,1714,0
SMMD.US,5,20211222,212000,65.02,65.02,65.02,65.02,500,0
SMMD.US,5,20211222,213000,65.12,65.138,65.12,65.138,800,0
SMMD.US,5,20211222,213500,65.1,65.11,65.1,65.11,300,0
SMMD.US,5,20211222,214500,65.16,65.17,65.16,65.17,400,0
SMMD.US,5,20211222,215000,65.26,65.29,65.26,65.27,2200,0
SMMD.US,5,20211222,215500,65.22,65.27,65.22,65.24,1940,0
SMMD.US,5,20211223,153000,65.72,65.72,65.72,65.72,1469,0
SMMD.US,5,20211223,154000,65.65,65.65,65.57,65.57,300,0
SMMD.US,5,20211223,154500,65.49,65.545,65.49,65.545,811,0
SMMD.US,5,20211223,161000,65.545,65.55,65.54,65.55,400,0
SMMD.US,5,20211223,162500,65.5,65.5,65.5,65.5,174,0
SMMD.US,5,20211223,163000,65.52,65.57,65.52,65.57,1000,0
SMMD.US,5,20211223,163500,65.58,65.63,65.56,65.5624,3623,0
SMMD.US,5,20211223,165000,65.63,65.63,65.63,65.63,100,0
SMMD.US,5,20211223,165500,65.635,65.635,65.635,65.635,151,0
SMMD.US,5,20211223,172500,65.6173,65.6173,65.6173,65.6173,425,0
SMMD.US,5,20211223,173000,65.73,65.73,65.73,65.73,100,0
SMMD.US,5,20211223,175500,65.69,65.69,65.69,65.69,200,0
SMMD.US,5,20211223,180000,65.6678,65.6678,65.6678,65.6678,106,0
SMMD.US,5,20211223,181000,65.71,65.71,65.71,65.71,11790,0
SMMD.US,5,20211223,182000,65.7,65.7,65.7,65.7,300,0
SMMD.US,5,20211223,183500,65.78,65.8,65.77,65.7991,700,0
SMMD.US,5,20211223,191000,65.78,65.8,65.78,65.8,200,0
SMMD.US,5,20211223,193500,65.819,65.819,65.775,65.775,380,0
SMMD.US,5,20211223,195000,65.84,65.84,65.84,65.84,378,0
SMMD.US,5,20211223,200500,65.89,65.89,65.89,65.89,10858,0
SMMD.US,5,20211223,201000,65.84,65.84,65.84,65.84,378,0
SMMD.US,5,20211223,201500,65.8163,65.86,65.8163,65.86,6121,0
SMMD.US,5,20211223,203000,65.9,65.9,65.8118,65.8118,4107,0
SMMD.US,5,20211223,203500,65.88,65.88,65.88,65.88,13173,0
SMMD.US,5,20211223,204000,65.88,65.91,65.88,65.91,9561,0
SMMD.US,5,20211223,204500,65.89,65.89,65.89,65.89,1300,0
SMMD.US,5,20211223,205000,65.83,65.91,65.83,65.91,2300,0
SMMD.US,5,20211223,205500,65.92,65.92,65.91,65.91,5238,0
SMMD.US,5,20211223,210000,65.86,65.86,65.79,65.79,5400,0
SMMD.US,5,20211223,211000,65.7793,65.7793,65.7793,65.7793,148,0
SMMD.US,5,20211223,212000,65.865,65.865,65.83,65.83,300,0
SMMD.US,5,20211223,212500,65.79,65.86,65.7851,65.7851,617,0
SMMD.US,5,20211223,213000,65.78,65.78,65.74,65.74,400,0
SMMD.US,5,20211223,214000,65.83,65.83,65.83,65.83,300,0
SMMD.US,5,20211223,214500,65.89,65.89,65.88,65.88,400,0
SMMD.US,5,20211223,215000,65.959,65.96,65.91,65.91,2300,0
SMMD.US,5,20211223,215500,65.82,65.85,65.73,65.81,1922,0
