<TICKER>,<PER>,<DATE>,<TIME>,<OPEN>,<HIGH>,<LOW>,<CLOSE>,<VOL>,<OPENINT>
JCO.US,5,20211104,143000,8.136,8.136,8.136,8.136,1142,0
JCO.US,5,20211104,144000,8.1643,8.1643,8.1597,8.1597,1004,0
JCO.US,5,20211104,144500,8.156,8.156,8.156,8.156,703,0
JCO.US,5,20211104,145000,8.1645,8.1645,8.1644,8.1644,2008,0
JCO.US,5,20211104,145500,8.1658,8.1658,8.1639,8.1639,5021,0
JCO.US,5,20211104,150500,8.1659,8.1659,8.1659,8.1659,647,0
JCO.US,5,20211104,151000,8.1659,8.1659,8.1657,8.1659,3866,0
JCO.US,5,20211104,151500,8.1738,8.1738,8.1466,8.1609,5724,0
JCO.US,5,20211104,152000,8.1609,8.1758,8.1609,8.1609,2410,0
JCO.US,5,20211104,153500,8.1727,8.1727,8.1727,8.1727,502,0
JCO.US,5,20211104,154500,8.1659,8.1757,8.156,8.1757,10544,0
JCO.US,5,20211104,155000,8.1744,8.1759,8.1744,8.1759,2912,0
JCO.US,5,20211104,155500,8.1727,8.1727,8.1727,8.1727,1205,0
JCO.US,5,20211104,160500,8.1659,8.1659,8.1659,8.1659,1800,0
JCO.US,5,20211104,163500,8.1759,8.1759,8.1759,8.1759,1180,0
JCO.US,5,20211104,165000,8.1759,8.1759,8.1759,8.1759,301,0
JCO.US,5,20211104,165500,8.1759,8.1759,8.1759,8.1759,703,0
JCO.US,5,20211104,170000,8.183,8.183,8.183,8.183,301,0
JCO.US,5,20211104,171500,8.1783,8.1783,8.1783,8.1783,151,0
JCO.US,5,20211104,173000,8.1759,8.1772,8.1759,8.1772,377,0
JCO.US,5,20211104,173500,8.1858,8.1858,8.1858,8.1858,2059,0
JCO.US,5,20211104,174000,8.1858,8.1858,8.1809,8.1809,1406,0
JCO.US,5,20211104,174500,8.1809,8.1858,8.1809,8.1858,493,0
JCO.US,5,20211104,175500,8.1858,8.1858,8.1858,8.1858,703,0
JCO.US,5,20211104,180500,8.1809,8.1858,8.1809,8.1858,803,0
JCO.US,5,20211104,181500,8.1858,8.1858,8.1858,8.1858,703,0
JCO.US,5,20211104,182000,8.1858,8.1858,8.1858,8.1858,502,0
JCO.US,5,20211104,183000,8.1858,8.1858,8.1858,8.1858,703,0
JCO.US,5,20211104,183500,8.1858,8.1858,8.1858,8.1858,603,0
JCO.US,5,20211104,184500,8.1858,8.1858,8.1858,8.1858,703,0
JCO.US,5,20211104,185000,8.1858,8.1858,8.1858,8.1858,603,0
JCO.US,5,20211104,185500,8.1809,8.2058,8.1809,8.1858,12063,0
JCO.US,5,20211104,191000,8.1858,8.1858,8.176,8.176,2272,0
JCO.US,5,20211104,191500,8.1858,8.1958,8.1858,8.1958,1506,0
JCO.US,5,20211104,192000,8.1958,8.2058,8.1908,8.2058,9265,0
JCO.US,5,20211104,192500,8.2058,8.2058,8.2058,8.2058,502,0
JCO.US,5,20211104,193000,8.2058,8.2058,8.2058,8.2058,603,0
JCO.US,5,20211104,193500,8.2058,8.2058,8.2058,8.2058,1808,0
JCO.US,5,20211104,194000,8.2058,8.2058,8.1958,8.1958,603,0
JCO.US,5,20211104,194500,8.1958,8.1958,8.1908,8.1958,603,0
JCO.US,5,20211104,195000,8.1958,8.1958,8.1874,8.1908,8636,0
JCO.US,5,20211104,195500,8.1908,8.1958,8.1858,8.1958,4780,0
JCO.US,5,20211104,200000,8.1958,8.1958,8.1957,8.1958,2812,0
JCO.US,5,20211104,200500,8.1958,8.1958,8.1958,8.1958,603,0
JCO.US,5,20211104,201000,8.1958,8.1958,8.1958,8.1958,803,0
JCO.US,5,20211104,201500,8.1958,8.2058,8.1958,8.2058,7596,0
JCO.US,5,20211104,202000,8.2058,8.2058,8.2008,8.2008,803,0
JCO.US,5,20211104,202500,8.2008,8.2058,8.1958,8.2008,4856,0
JCO.US,5,20211104,203000,8.2058,8.2058,8.2058,8.2058,803,0
JCO.US,5,20211104,203500,8.2058,8.2058,8.2058,8.2058,1105,0
JCO.US,5,20211104,204000,8.2058,8.2058,8.2057,8.2058,9540,0
JCO.US,5,20211104,204500,8.2058,8.2058,8.2058,8.2058,1205,0
JCO.US,5,20211104,205000,8.2058,8.2058,8.2024,8.2058,3314,0
JCO.US,5,20211104,205500,8.2058,8.2058,8.1958,8.2058,1707,0
JCO.US,5,20211105,143000,8.1958,8.2058,8.1958,8.2058,390,0
JCO.US,5,20211105,144500,8.1775,8.1775,8.1775,8.1775,4213,0
JCO.US,5,20211105,145500,8.1962,8.1962,8.1962,8.1962,502,0
JCO.US,5,20211105,150000,8.1827,8.1827,8.1827,8.1827,3013,0
JCO.US,5,20211105,150500,8.188,8.188,8.188,8.188,151,0
JCO.US,5,20211105,154000,8.1859,8.1859,8.1859,8.1859,2325,0
JCO.US,5,20211105,154500,8.1958,8.1958,8.1958,8.1958,1506,0
JCO.US,5,20211105,162500,8.1958,8.1958,8.1958,8.1958,3213,0
JCO.US,5,20211105,173500,8.186,8.186,8.186,8.186,2510,0
JCO.US,5,20211105,174500,8.1958,8.1958,8.1958,8.1958,2510,0
JCO.US,5,20211105,180000,8.1958,8.1958,8.1858,8.1858,653,0
JCO.US,5,20211105,181500,8.203,8.203,8.1958,8.1958,2059,0
JCO.US,5,20211105,193000,8.1958,8.196,8.1958,8.196,1901,0
JCO.US,5,20211105,200000,8.2008,8.2036,8.2008,8.2036,1976,0
JCO.US,5,20211105,202500,8.1958,8.1958,8.1958,8.1958,409,0
JCO.US,5,20211108,153500,8.1858,8.19,8.1858,8.19,3056,0
JCO.US,5,20211108,160500,8.186,8.186,8.1858,8.1858,2008,0
JCO.US,5,20211108,161000,8.1858,8.1858,8.1858,8.1858,4290,0
JCO.US,5,20211108,161500,8.1957,8.1957,8.1957,8.1957,100,0
JCO.US,5,20211108,163000,8.1895,8.1895,8.1895,8.1895,101,0
JCO.US,5,20211108,170000,8.1957,8.1957,8.1957,8.1957,3013,0
JCO.US,5,20211108,173000,8.1859,8.1859,8.1858,8.1858,5824,0
JCO.US,5,20211108,173500,8.1876,8.1876,8.1876,8.1876,7531,0
JCO.US,5,20211108,174000,8.1957,8.1957,8.1957,8.1957,3013,0
JCO.US,5,20211108,175000,8.1957,8.1958,8.1908,8.1908,1858,0
JCO.US,5,20211108,175500,8.1958,8.1958,8.1958,8.1958,432,0
JCO.US,5,20211108,180000,8.1957,8.1957,8.1908,8.1908,2188,0
JCO.US,5,20211108,180500,8.1908,8.2008,8.1908,8.2008,3911,0
JCO.US,5,20211108,182000,8.1958,8.1958,8.1958,8.1958,201,0
JCO.US,5,20211108,182500,8.1958,8.1958,8.1958,8.1958,201,0
JCO.US,5,20211108,183000,8.1958,8.1958,8.1958,8.1958,3689,0
JCO.US,5,20211108,184500,8.1959,8.1959,8.1958,8.1958,2509,0
JCO.US,5,20211108,190500,8.1958,8.1958,8.1956,8.1956,2008,0
JCO.US,5,20211108,192000,8.2027,8.2027,8.1858,8.1858,2251,0
JCO.US,5,20211108,193000,8.1978,8.1978,8.1978,8.1978,2008,0
JCO.US,5,20211108,194500,8.1958,8.1958,8.1958,8.1958,1004,0
JCO.US,5,20211108,200000,8.1958,8.1958,8.1958,8.1958,402,0
JCO.US,5,20211108,202500,8.1859,8.1904,8.1858,8.1904,14846,0
JCO.US,5,20211108,203000,8.1859,8.186,8.1859,8.186,8937,0
JCO.US,5,20211108,205500,8.1858,8.1877,8.1858,8.1877,3264,0
JCO.US,5,20211108,211500,8.2058,8.2257,8.2058,8.2058,6125,0
JCO.US,5,20211108,212500,8.2056,8.2058,8.2056,8.2056,2621,0
JCO.US,5,20211109,153000,8.2954,8.2954,8.2954,8.2954,3444,0
JCO.US,5,20211109,155000,8.2356,8.2356,8.2356,8.2356,400,0
JCO.US,5,20211109,160000,8.2207,8.2207,8.2207,8.2207,3013,0
JCO.US,5,20211109,160500,8.2257,8.2257,8.2103,8.2103,2209,0
JCO.US,5,20211109,162500,8.2356,8.2356,8.2356,8.2356,362,0
JCO.US,5,20211109,163000,8.2448,8.2448,8.2448,8.2448,1004,0
JCO.US,5,20211109,163500,8.2379,8.2379,8.2379,8.2379,3013,0
JCO.US,5,20211109,164000,8.211,8.211,8.211,8.211,4017,0
JCO.US,5,20211109,165500,8.2157,8.2159,8.2157,8.2159,7254,0
JCO.US,5,20211109,170000,8.2257,8.2257,8.2257,8.2257,8335,0
JCO.US,5,20211109,170500,8.2257,8.2356,8.2257,8.2356,1526,0
JCO.US,5,20211109,171000,8.228,8.228,8.228,8.228,2008,0
JCO.US,5,20211109,173000,8.2257,8.2257,8.2257,8.2257,577,0
JCO.US,5,20211109,173500,8.2356,8.2356,8.2356,8.2356,382,0
JCO.US,5,20211109,174000,8.1958,8.1958,8.1958,8.1958,346,0
JCO.US,5,20211109,174500,8.2356,8.2356,8.2356,8.2356,151,0
JCO.US,5,20211109,181000,8.1962,8.1962,8.1962,8.1962,1004,0
JCO.US,5,20211109,181500,8.1998,8.1998,8.1998,8.1998,753,0
JCO.US,5,20211109,184000,8.2085,8.2085,8.2085,8.2085,1004,0
JCO.US,5,20211109,185000,8.2271,8.2271,8.2271,8.2271,127,0
JCO.US,5,20211109,193500,8.2115,8.2115,8.2115,8.2115,402,0
JCO.US,5,20211109,194000,8.2058,8.2058,8.2058,8.2058,502,0
JCO.US,5,20211109,194500,8.2207,8.2207,8.2207,8.2207,2008,0
JCO.US,5,20211109,200000,8.2356,8.2356,8.2356,8.2356,5021,0
JCO.US,5,20211109,203500,8.2157,8.2157,8.2157,8.2157,176,0
JCO.US,5,20211109,204000,8.2324,8.2324,8.2293,8.2293,5996,0
JCO.US,5,20211109,214000,8.2009,8.2009,8.2009,8.2009,140,0
JCO.US,5,20211109,215500,8.2257,8.2257,8.1858,8.2157,783,0
JCO.US,5,20211110,164000,8.2355,8.2355,8.2355,8.2355,5021,0
JCO.US,5,20211110,165500,8.1958,8.2157,8.1958,8.2157,5121,0
JCO.US,5,20211110,170000,8.1958,8.2107,8.1858,8.1858,1577,0
JCO.US,5,20211110,170500,8.1858,8.1858,8.1858,8.1858,100,0
JCO.US,5,20211110,171000,8.2255,8.2255,8.2255,8.2255,3013,0
JCO.US,5,20211110,171500,8.1958,8.2255,8.1958,8.2255,5059,0
JCO.US,5,20211110,172000,8.1958,8.1958,8.1958,8.1958,100,0
JCO.US,5,20211110,172500,8.1858,8.1858,8.1858,8.1858,100,0
JCO.US,5,20211110,173000,8.2058,8.2058,8.2058,8.2058,100,0
JCO.US,5,20211110,173500,8.1958,8.1958,8.1958,8.1958,100,0
JCO.US,5,20211110,174000,8.1958,8.2107,8.1958,8.2107,4469,0
JCO.US,5,20211110,174500,8.1858,8.1858,8.1858,8.1858,100,0
JCO.US,5,20211110,175500,8.1858,8.1858,8.1858,8.1858,100,0
JCO.US,5,20211110,180000,8.1858,8.1858,8.1858,8.1858,100,0
JCO.US,5,20211110,180500,8.1858,8.1858,8.1858,8.1858,100,0
JCO.US,5,20211110,181500,8.1858,8.1858,8.1858,8.1858,100,0
JCO.US,5,20211110,182000,8.1858,8.1858,8.1858,8.1858,100,0
JCO.US,5,20211110,183000,8.1858,8.1858,8.1858,8.1858,100,0
JCO.US,5,20211110,183500,8.1858,8.1858,8.1858,8.1858,100,0
JCO.US,5,20211110,184500,8.1858,8.1858,8.1858,8.1858,100,0
JCO.US,5,20211110,190000,8.1858,8.1858,8.1858,8.1858,100,0
JCO.US,5,20211110,190500,8.1858,8.1858,8.1858,8.1858,100,0
JCO.US,5,20211110,191500,8.1858,8.1858,8.1858,8.1858,100,0
JCO.US,5,20211110,192000,8.22,8.22,8.1858,8.1858,904,0
JCO.US,5,20211110,193000,8.1858,8.1858,8.1858,8.1858,100,0
JCO.US,5,20211110,193500,8.1858,8.1858,8.1858,8.1858,100,0
JCO.US,5,20211110,194000,8.1858,8.1858,8.1858,8.1858,100,0
JCO.US,5,20211110,195000,8.1858,8.1986,8.1858,8.1986,4117,0
JCO.US,5,20211110,195500,8.1858,8.1858,8.1858,8.1858,100,0
JCO.US,5,20211110,200000,8.1886,8.1886,8.1858,8.1862,3213,0
JCO.US,5,20211110,200500,8.1858,8.1858,8.1858,8.1858,201,0
JCO.US,5,20211110,201000,8.2256,8.2256,8.2256,8.2256,6025,0
JCO.US,5,20211110,201500,8.1659,8.1659,8.1659,8.1659,100,0
JCO.US,5,20211110,202000,8.1566,8.1598,8.1566,8.1598,2691,0
JCO.US,5,20211110,202500,8.156,8.2124,8.156,8.2124,2109,0
JCO.US,5,20211110,203000,8.156,8.156,8.156,8.156,100,0
JCO.US,5,20211110,203500,8.1573,8.2954,8.1573,8.2263,25965,0
JCO.US,5,20211110,204500,8.1759,8.1759,8.1759,8.1759,100,0
JCO.US,5,20211110,205000,8.1759,8.1765,8.1759,8.1765,674,0
JCO.US,5,20211110,205500,8.176,8.235,8.1759,8.235,6125,0
JCO.US,5,20211110,210000,8.1759,8.1759,8.1759,8.1759,100,0
JCO.US,5,20211110,210500,8.156,8.156,8.156,8.156,100,0
JCO.US,5,20211110,211000,8.156,8.2045,8.156,8.156,1506,0
JCO.US,5,20211110,211500,8.1659,8.1659,8.1659,8.1659,100,0
JCO.US,5,20211110,212000,8.1659,8.1659,8.1659,8.1659,100,0
JCO.US,5,20211110,212500,8.2058,8.2058,8.2006,8.2006,2603,0
JCO.US,5,20211110,213000,8.1858,8.2058,8.1858,8.1858,301,0
JCO.US,5,20211110,213500,8.1759,8.1759,8.1663,8.1663,2410,0
JCO.US,5,20211110,214000,8.1659,8.1659,8.1659,8.1659,100,0
JCO.US,5,20211110,214500,8.1858,8.1858,8.1659,8.1858,301,0
JCO.US,5,20211110,215000,8.1659,8.1659,8.1659,8.1659,2510,0
JCO.US,5,20211111,153000,8.1659,8.1659,8.1659,8.1659,100,0
JCO.US,5,20211111,153500,8.1661,8.1661,8.1661,8.1661,2220,0
JCO.US,5,20211111,162000,8.2257,8.2257,8.2257,8.2257,3498,0
JCO.US,5,20211111,165500,8.1858,8.1858,8.1759,8.1759,3515,0
JCO.US,5,20211111,170500,8.1873,8.1886,8.1873,8.1886,3414,0
JCO.US,5,20211111,171000,8.2107,8.2107,8.2107,8.2107,1004,0
JCO.US,5,20211111,171500,8.2107,8.2107,8.2107,8.2107,1004,0
JCO.US,5,20211111,174000,8.1858,8.1858,8.1759,8.1759,1004,0
JCO.US,5,20211111,174500,8.1759,8.1759,8.1759,8.1759,1506,0
JCO.US,5,20211111,180000,8.1764,8.1764,8.1759,8.1759,7491,0
JCO.US,5,20211111,181500,8.2057,8.2057,8.2057,8.2057,874,0
JCO.US,5,20211111,183500,8.1968,8.1968,8.1968,8.1968,2510,0
JCO.US,5,20211111,194000,8.1659,8.1662,8.1659,8.1662,1481,0
JCO.US,5,20211111,200000,8.1659,8.1659,8.1659,8.1659,201,0
JCO.US,5,20211111,200500,8.156,8.156,8.146,8.146,2559,0
JCO.US,5,20211111,201000,8.1609,8.1609,8.1609,8.1609,100,0
JCO.US,5,20211111,203000,8.1609,8.1717,8.1609,8.1717,251,0
JCO.US,5,20211111,205500,8.1758,8.1759,8.1758,8.1758,6755,0
JCO.US,5,20211111,213000,8.1709,8.1709,8.1709,8.1709,100,0
JCO.US,5,20211111,213500,8.1659,8.1759,8.1659,8.1659,1744,0
JCO.US,5,20211111,214500,8.1759,8.1759,8.1659,8.1659,603,0
JCO.US,5,20211111,215000,8.1659,8.1659,8.146,8.1467,1707,0
JCO.US,5,20211111,215500,8.1609,8.1759,8.146,8.146,2461,0
JCO.US,5,20211112,160000,8.2199,8.2269,8.2002,8.2269,12576,0
JCO.US,5,20211112,160500,8.2257,8.2257,8.2257,8.2257,1000,0
JCO.US,5,20211112,161000,8.2229,8.2229,8.2229,8.2229,2500,0
JCO.US,5,20211112,162000,8.215,8.215,8.215,8.215,3000,0
JCO.US,5,20211112,164500,8.2,8.2,8.16,8.1612,15200,0
JCO.US,5,20211112,165000,8.181,8.181,8.181,8.181,2000,0
JCO.US,5,20211112,171000,8.2,8.2,8.2,8.2,5000,0
JCO.US,5,20211112,172500,8.17,8.195,8.17,8.195,4400,0
JCO.US,5,20211112,174500,8.1736,8.1736,8.1736,8.1736,1500,0
JCO.US,5,20211112,182000,8.1902,8.1902,8.19,8.19,2757,0
JCO.US,5,20211112,182500,8.19,8.19,8.19,8.19,2273,0
JCO.US,5,20211112,193500,8.205,8.2198,8.205,8.21,6000,0
JCO.US,5,20211112,194000,8.205,8.2199,8.205,8.2199,2495,0
JCO.US,5,20211112,195500,8.1969,8.1969,8.1969,8.1969,2500,0
JCO.US,5,20211112,201500,8.205,8.205,8.205,8.205,1500,0
JCO.US,5,20211112,204500,8.19,8.1901,8.19,8.1901,5565,0
JCO.US,5,20211112,205500,8.1999,8.1999,8.1999,8.1999,3000,0
JCO.US,5,20211112,210000,8.2,8.2,8.2,8.2,100,0
JCO.US,5,20211112,212000,8.1999,8.21,8.1998,8.205,3312,0
JCO.US,5,20211112,212500,8.206,8.206,8.206,8.206,4000,0
JCO.US,5,20211112,213000,8.205,8.205,8.205,8.205,200,0
JCO.US,5,20211112,215500,8.21,8.21,8.21,8.21,110,0
JCO.US,5,20211115,153000,8.21,8.21,8.21,8.21,214,0
JCO.US,5,20211115,154000,8.2162,8.2162,8.2162,8.2162,800,0
JCO.US,5,20211115,160000,8.2,8.2,8.2,8.2,5000,0
JCO.US,5,20211115,160500,8.2002,8.2002,8.2002,8.2002,5000,0
JCO.US,5,20211115,165500,8.21,8.21,8.21,8.21,2500,0
JCO.US,5,20211115,174000,8.21,8.21,8.2,8.2,1900,0
JCO.US,5,20211115,174500,8.19,8.19,8.16,8.16,13150,0
JCO.US,5,20211115,175000,8.1715,8.1715,8.1715,8.1715,2500,0
JCO.US,5,20211115,175500,8.185,8.185,8.185,8.185,1250,0
JCO.US,5,20211115,180500,8.1751,8.1751,8.1751,8.1751,500,0
JCO.US,5,20211115,185000,8.17,8.17,8.17,8.17,2400,0
JCO.US,5,20211115,185500,8.16,8.1602,8.16,8.1602,2264,0
JCO.US,5,20211115,190500,8.16,8.1602,8.15,8.1602,12210,0
JCO.US,5,20211115,193000,8.15,8.15,8.15,8.15,2200,0
JCO.US,5,20211115,194500,8.17,8.17,8.17,8.17,2500,0
JCO.US,5,20211115,195000,8.175,8.177,8.175,8.177,2000,0
JCO.US,5,20211115,201500,8.1732,8.1732,8.16,8.1666,8839,0
JCO.US,5,20211115,202000,8.16,8.1602,8.14,8.1602,5141,0
JCO.US,5,20211115,202500,8.1738,8.1738,8.1738,8.1738,619,0
JCO.US,5,20211115,203000,8.165,8.165,8.165,8.165,2000,0
JCO.US,5,20211115,205000,8.15,8.15,8.15,8.15,2500,0
JCO.US,5,20211115,205500,8.15,8.1502,8.15,8.1502,3200,0
JCO.US,5,20211115,211000,8.1401,8.1401,8.14,8.14,2200,0
JCO.US,5,20211115,212500,8.17,8.17,8.17,8.17,600,0
JCO.US,5,20211116,153000,8.13,8.15,8.13,8.15,9515,0
JCO.US,5,20211116,154000,8.1599,8.16,8.155,8.155,4000,0
JCO.US,5,20211116,155000,8.15,8.15,8.15,8.15,100,0
JCO.US,5,20211116,161500,8.155,8.1597,8.155,8.1597,300,0
JCO.US,5,20211116,162000,8.15,8.15,8.15,8.15,655,0
JCO.US,5,20211116,163000,8.15,8.159,8.15,8.155,700,0
JCO.US,5,20211116,163500,8.1501,8.1501,8.1501,8.1501,2000,0
JCO.US,5,20211116,164000,8.1599,8.1599,8.15,8.1501,4625,0
JCO.US,5,20211116,165000,8.1589,8.16,8.1589,8.16,350,0
JCO.US,5,20211116,170000,8.1599,8.1599,8.1599,8.1599,5000,0
JCO.US,5,20211116,170500,8.1501,8.1501,8.15,8.1501,4326,0
JCO.US,5,20211116,172000,8.155,8.155,8.155,8.155,3000,0
JCO.US,5,20211116,180000,8.15,8.15,8.145,8.145,6300,0
JCO.US,5,20211116,181000,8.1491,8.1491,8.1491,8.1491,1000,0
JCO.US,5,20211116,182500,8.145,8.15,8.145,8.15,785,0
JCO.US,5,20211116,185000,8.1401,8.145,8.14,8.145,4750,0
JCO.US,5,20211116,185500,8.145,8.145,8.145,8.145,100,0
JCO.US,5,20211116,190000,8.145,8.145,8.145,8.145,100,0
JCO.US,5,20211116,190500,8.1484,8.15,8.145,8.15,4339,0
JCO.US,5,20211116,191000,8.155,8.155,8.155,8.155,100,0
JCO.US,5,20211116,192000,8.16,8.1689,8.155,8.1689,3800,0
JCO.US,5,20211116,192500,8.165,8.165,8.16,8.16,300,0
JCO.US,5,20211116,193000,8.15,8.16,8.15,8.16,2100,0
JCO.US,5,20211116,193500,8.15,8.16,8.15,8.16,222,0
JCO.US,5,20211116,194000,8.16,8.16,8.16,8.16,100,0
JCO.US,5,20211116,201500,8.16,8.16,8.155,8.16,1517,0
JCO.US,5,20211116,203000,8.16,8.16,8.1502,8.1502,3500,0
JCO.US,5,20211116,204000,8.16,8.16,8.16,8.16,100,0
JCO.US,5,20211116,205500,8.16,8.16,8.16,8.16,3200,0
JCO.US,5,20211116,212500,8.16,8.165,8.16,8.165,1450,0
JCO.US,5,20211116,213500,8.165,8.165,8.15,8.15,2500,0
JCO.US,5,20211116,214500,8.1687,8.1687,8.1687,8.1687,2500,0
JCO.US,5,20211117,153000,8.19,8.19,8.19,8.19,12500,0
JCO.US,5,20211117,154500,8.175,8.175,8.175,8.175,700,0
JCO.US,5,20211117,162000,8.1854,8.1854,8.1854,8.1854,1000,0
JCO.US,5,20211117,162500,8.178,8.178,8.178,8.178,1000,0
JCO.US,5,20211117,163500,8.1602,8.1602,8.1602,8.1602,1852,0
JCO.US,5,20211117,164500,8.16,8.1602,8.15,8.1602,8500,0
JCO.US,5,20211117,171000,8.16,8.16,8.155,8.16,1005,0
JCO.US,5,20211117,172500,8.15,8.15,8.15,8.15,4271,0
JCO.US,5,20211117,181000,8.15,8.15,8.15,8.15,2000,0
JCO.US,5,20211117,190000,8.1503,8.1503,8.1503,8.1503,500,0
JCO.US,5,20211117,195000,8.1548,8.1548,8.1548,8.1548,200,0
JCO.US,5,20211117,202000,8.1698,8.1698,8.1698,8.1698,3000,0
JCO.US,5,20211117,202500,8.15,8.1503,8.15,8.1503,7300,0
JCO.US,5,20211117,203500,8.15,8.15,8.15,8.15,200,0
JCO.US,5,20211117,204000,8.15,8.1501,8.15,8.1501,2750,0
JCO.US,5,20211117,204500,8.16,8.1601,8.16,8.16,1360,0
JCO.US,5,20211117,205500,8.15,8.15,8.15,8.15,1031,0
JCO.US,5,20211117,212000,8.16,8.17,8.16,8.17,1200,0
JCO.US,5,20211117,213000,8.1679,8.1679,8.14,8.1499,18210,0
JCO.US,5,20211117,214000,8.15,8.15,8.14,8.14,4732,0
JCO.US,5,20211117,214500,8.15,8.15,8.15,8.15,100,0
JCO.US,5,20211117,215000,8.16,8.16,8.16,8.16,1000,0
JCO.US,5,20211117,215500,8.15,8.16,8.15,8.16,1210,0
JCO.US,5,20211118,153000,8.16,8.16,8.16,8.16,1435,0
JCO.US,5,20211118,161000,8.1646,8.1646,8.16,8.16,3466,0
JCO.US,5,20211118,163000,8.1799,8.1799,8.1799,8.1799,100,0
JCO.US,5,20211118,164000,8.1736,8.1736,8.1736,8.1736,3599,0
JCO.US,5,20211118,165000,8.14,8.1402,8.14,8.1402,4500,0
JCO.US,5,20211118,173000,8.15,8.15,8.15,8.15,1000,0
JCO.US,5,20211118,175000,8.15,8.1502,8.15,8.1502,5000,0
JCO.US,5,20211118,175500,8.14,8.1432,8.14,8.14,6000,0
JCO.US,5,20211118,180000,8.14,8.14,8.14,8.14,1850,0
JCO.US,5,20211118,180500,8.15,8.15,8.15,8.15,100,0
JCO.US,5,20211118,194500,8.15,8.15,8.15,8.15,300,0
JCO.US,5,20211118,195000,8.145,8.1499,8.145,8.1499,1909,0
JCO.US,5,20211118,202500,8.145,8.15,8.145,8.15,1098,0
JCO.US,5,20211118,204000,8.145,8.145,8.145,8.145,1000,0
JCO.US,5,20211118,205000,8.145,8.15,8.145,8.15,2798,0
JCO.US,5,20211118,205500,8.14,8.17,8.14,8.17,7322,0
JCO.US,5,20211118,210500,8.1685,8.1685,8.1685,8.1685,500,0
JCO.US,5,20211118,213000,8.1686,8.1686,8.1686,8.1686,1000,0
JCO.US,5,20211118,213500,8.1516,8.1516,8.1516,8.1516,1335,0
JCO.US,5,20211118,214500,8.16,8.18,8.16,8.18,9980,0
JCO.US,5,20211118,215000,8.1728,8.1728,8.1728,8.1728,1000,0
JCO.US,5,20211118,215500,8.1789,8.1789,8.15,8.17,3370,0
JCO.US,5,20211119,153000,8.14,8.14,8.14,8.14,3918,0
JCO.US,5,20211119,155000,8.1504,8.1504,8.1504,8.1504,3512,0
JCO.US,5,20211119,161000,8.15,8.1502,8.15,8.1502,5908,0
JCO.US,5,20211119,162500,8.15,8.15,8.15,8.15,3000,0
JCO.US,5,20211119,163000,8.15,8.15,8.15,8.15,2910,0
JCO.US,5,20211119,163500,8.164,8.164,8.164,8.164,2475,0
JCO.US,5,20211119,171500,8.1503,8.1503,8.1503,8.1503,787,0
JCO.US,5,20211119,175000,8.16,8.1602,8.16,8.1602,2400,0
JCO.US,5,20211119,175500,8.16,8.16,8.16,8.16,270,0
JCO.US,5,20211119,180500,8.16,8.16,8.16,8.16,2500,0
JCO.US,5,20211119,181000,8.167,8.167,8.167,8.167,500,0
JCO.US,5,20211119,181500,8.17,8.17,8.17,8.17,500,0
JCO.US,5,20211119,183000,8.16,8.16,8.1,8.1,23947,0
JCO.US,5,20211119,183500,8.11,8.11,8.11,8.11,1060,0
JCO.US,5,20211119,184000,8.1176,8.1176,8.11,8.11,3339,0
JCO.US,5,20211119,184500,8.119,8.1199,8.11,8.1199,2450,0
JCO.US,5,20211119,185000,8.115,8.1191,8.115,8.1191,800,0
JCO.US,5,20211119,185500,8.115,8.1191,8.11,8.115,780,0
JCO.US,5,20211119,190000,8.115,8.13,8.115,8.13,4490,0
JCO.US,5,20211119,193000,8.1369,8.1369,8.1369,8.1369,2838,0
JCO.US,5,20211119,194000,8.145,8.145,8.145,8.145,1000,0
JCO.US,5,20211119,195000,8.16,8.16,8.1598,8.1598,1000,0
JCO.US,5,20211119,195500,8.14,8.14,8.14,8.14,9000,0
JCO.US,5,20211119,200500,8.14,8.14,8.14,8.14,200,0
JCO.US,5,20211119,205500,8.1528,8.1528,8.1528,8.1528,1000,0
JCO.US,5,20211119,211000,8.1528,8.1528,8.1528,8.1528,1000,0
JCO.US,5,20211119,211500,8.1598,8.1598,8.1598,8.1598,1000,0
JCO.US,5,20211119,213000,8.1657,8.1657,8.15,8.16,4500,0
JCO.US,5,20211119,214000,8.1628,8.1628,8.15,8.1513,2500,0
JCO.US,5,20211119,215000,8.155,8.16,8.155,8.16,1000,0
JCO.US,5,20211119,215500,8.155,8.17,8.15,8.15,4958,0
JCO.US,5,20211122,153000,8.15,8.15,8.15,8.15,269,0
JCO.US,5,20211122,154500,8.165,8.165,8.165,8.165,900,0
JCO.US,5,20211122,155000,8.1518,8.1518,8.1518,8.1518,600,0
JCO.US,5,20211122,160000,8.15,8.1507,8.15,8.1507,1900,0
JCO.US,5,20211122,170000,8.14,8.142,8.13,8.1319,6000,0
JCO.US,5,20211122,171500,8.1608,8.1608,8.1608,8.1608,4250,0
JCO.US,5,20211122,174000,8.15,8.15,8.15,8.15,300,0
JCO.US,5,20211122,175000,8.1686,8.1686,8.1686,8.1686,2000,0
JCO.US,5,20211122,175500,8.15,8.15,8.15,8.15,200,0
JCO.US,5,20211122,181500,8.15,8.15,8.15,8.15,500,0
JCO.US,5,20211122,184000,8.16,8.16,8.16,8.16,1000,0
JCO.US,5,20211122,185500,8.15,8.15,8.15,8.15,600,0
JCO.US,5,20211122,190000,8.15,8.15,8.15,8.15,100,0
JCO.US,5,20211122,190500,8.15,8.15,8.15,8.15,100,0
JCO.US,5,20211122,191500,8.15,8.1528,8.15,8.1528,3100,0
JCO.US,5,20211122,192000,8.15,8.15,8.15,8.15,100,0
JCO.US,5,20211122,192500,8.15,8.15,8.15,8.15,100,0
JCO.US,5,20211122,193000,8.1526,8.1526,8.15,8.1501,4600,0
JCO.US,5,20211122,193500,8.15,8.16,8.15,8.16,1006,0
JCO.US,5,20211122,194000,8.15,8.15,8.15,8.15,850,0
JCO.US,5,20211122,194500,8.15,8.1514,8.15,8.1514,542,0
JCO.US,5,20211122,195000,8.15,8.15,8.15,8.15,100,0
JCO.US,5,20211122,195500,8.15,8.15,8.14,8.14,6297,0
JCO.US,5,20211122,200000,8.14,8.14,8.13,8.13,2600,0
JCO.US,5,20211122,200500,8.139,8.139,8.13,8.13,1200,0
JCO.US,5,20211122,201000,8.1499,8.1499,8.13,8.14,7300,0
JCO.US,5,20211122,201500,8.14,8.14,8.12,8.12,6051,0
JCO.US,5,20211122,202000,8.12,8.12,8.11,8.1199,8238,0
JCO.US,5,20211122,202500,8.11,8.11,8.11,8.11,600,0
JCO.US,5,20211122,203000,8.11,8.1191,8.11,8.11,1700,0
JCO.US,5,20211122,203500,8.11,8.11,8.11,8.11,700,0
JCO.US,5,20211122,204000,8.11,8.1164,8.11,8.11,1300,0
JCO.US,5,20211122,204500,8.11,8.13,8.11,8.13,1899,0
JCO.US,5,20211122,205000,8.125,8.13,8.11,8.125,8005,0
JCO.US,5,20211122,205500,8.1291,8.14,8.125,8.14,1428,0
JCO.US,5,20211122,211000,8.155,8.155,8.155,8.155,1000,0
JCO.US,5,20211122,213500,8.155,8.155,8.14,8.14,14920,0
JCO.US,5,20211122,215000,8.14,8.15,8.14,8.15,1500,0
JCO.US,5,20211122,215500,8.14,8.1576,8.14,8.1576,1600,0
JCO.US,5,20211123,153000,8.13,8.1347,8.13,8.1347,5376,0
JCO.US,5,20211123,155000,8.14,8.14,8.14,8.14,1000,0
JCO.US,5,20211123,162500,8.1401,8.1401,8.1401,8.1401,500,0
JCO.US,5,20211123,163000,8.1464,8.1464,8.14,8.14,2000,0
JCO.US,5,20211123,171500,8.16,8.16,8.157,8.157,651,0
JCO.US,5,20211123,172000,8.16,8.16,8.16,8.16,320,0
JCO.US,5,20211123,172500,8.1564,8.1564,8.1564,8.1564,2400,0
JCO.US,5,20211123,173000,8.151,8.151,8.151,8.151,286,0
JCO.US,5,20211123,173500,8.14,8.14,8.14,8.14,1220,0
JCO.US,5,20211123,174000,8.1401,8.1464,8.14,8.1464,4991,0
JCO.US,5,20211123,180500,8.1421,8.1421,8.1421,8.1421,740,0
JCO.US,5,20211123,182500,8.1474,8.1474,8.1474,8.1474,278,0
JCO.US,5,20211123,183000,8.1423,8.1423,8.14,8.14,570,0
JCO.US,5,20211123,183500,8.14,8.14,8.14,8.14,3703,0
JCO.US,5,20211123,190000,8.14,8.14,8.14,8.14,1854,0
JCO.US,5,20211123,192500,8.1381,8.1399,8.1381,8.1399,300,0
JCO.US,5,20211123,194000,8.1383,8.1383,8.1323,8.1323,4900,0
JCO.US,5,20211123,194500,8.135,8.135,8.1337,8.1337,400,0
JCO.US,5,20211123,195000,8.1383,8.14,8.13,8.13,1731,0
JCO.US,5,20211123,195500,8.135,8.14,8.135,8.14,3072,0
JCO.US,5,20211123,200000,8.135,8.15,8.135,8.15,876,0
JCO.US,5,20211123,200500,8.1301,8.1301,8.13,8.13,4848,0
JCO.US,5,20211123,201000,8.13,8.13,8.11,8.11,12600,0
JCO.US,5,20211123,201500,8.1101,8.1101,8.1101,8.1101,1500,0
JCO.US,5,20211123,204000,8.11,8.11,8.11,8.11,1800,0
JCO.US,5,20211123,204500,8.11,8.12,8.11,8.12,4450,0
JCO.US,5,20211123,205000,8.12,8.12,8.12,8.12,1000,0
JCO.US,5,20211123,210000,8.12,8.1201,8.12,8.1201,1100,0
JCO.US,5,20211123,210500,8.125,8.125,8.125,8.125,1000,0
JCO.US,5,20211123,211500,8.125,8.1258,8.125,8.1258,1800,0
JCO.US,5,20211123,212000,8.1236,8.1236,8.12,8.12,1450,0
JCO.US,5,20211123,212500,8.125,8.125,8.125,8.125,100,0
JCO.US,5,20211123,213000,8.1255,8.1255,8.125,8.125,1100,0
JCO.US,5,20211123,213500,8.129,8.13,8.125,8.1299,1900,0
JCO.US,5,20211123,214000,8.1293,8.1293,8.1255,8.1255,600,0
JCO.US,5,20211123,214500,8.13,8.13,8.12,8.12,3981,0
JCO.US,5,20211123,215000,8.12,8.141,8.12,8.141,2177,0
JCO.US,5,20211123,215500,8.12,8.12,8.12,8.12,3923,0
JCO.US,5,20211124,153000,8.12,8.12,8.12,8.12,3990,0
JCO.US,5,20211124,154000,8.13,8.1302,8.13,8.1302,1100,0
JCO.US,5,20211124,160000,8.12,8.12,8.12,8.12,1375,0
JCO.US,5,20211124,160500,8.12,8.12,8.11,8.11,3000,0
JCO.US,5,20211124,161000,8.1102,8.1102,8.1102,8.1102,600,0
JCO.US,5,20211124,162500,8.1105,8.1105,8.1105,8.1105,700,0
JCO.US,5,20211124,164000,8.13,8.13,8.13,8.13,1200,0
JCO.US,5,20211124,164500,8.125,8.125,8.12,8.12,1320,0
JCO.US,5,20211124,172000,8.12,8.12,8.11,8.11,3858,0
JCO.US,5,20211124,175000,8.12,8.12,8.11,8.115,2900,0
JCO.US,5,20211124,180500,8.12,8.12,8.12,8.12,5000,0
JCO.US,5,20211124,183000,8.12,8.12,8.115,8.115,2922,0
JCO.US,5,20211124,192500,8.12,8.12,8.12,8.12,300,0
JCO.US,5,20211124,194500,8.11,8.11,8.11,8.11,2000,0
JCO.US,5,20211124,200000,8.115,8.115,8.115,8.115,300,0
JCO.US,5,20211124,200500,8.11,8.11,8.11,8.11,3562,0
JCO.US,5,20211124,201000,8.11,8.11,8.11,8.11,1918,0
JCO.US,5,20211124,201500,8.11,8.11,8.11,8.11,100,0
JCO.US,5,20211124,202000,8.105,8.11,8.105,8.11,790,0
JCO.US,5,20211124,203500,8.124,8.124,8.124,8.124,2000,0
JCO.US,5,20211124,204000,8.12,8.12,8.12,8.12,100,0
JCO.US,5,20211124,204500,8.1172,8.13,8.1172,8.13,1100,0
JCO.US,5,20211124,205500,8.13,8.13,8.13,8.13,100,0
JCO.US,5,20211124,211000,8.128,8.128,8.128,8.128,1200,0
JCO.US,5,20211124,212500,8.115,8.115,8.115,8.115,3000,0
JCO.US,5,20211124,213500,8.109,8.126,8.109,8.126,1080,0
JCO.US,5,20211124,214000,8.115,8.13,8.115,8.1258,2200,0
JCO.US,5,20211126,153000,8.1,8.12,8.1,8.1193,1008,0
JCO.US,5,20211126,154000,8.11,8.1199,8.11,8.1199,8500,0
JCO.US,5,20211126,155000,8.1,8.1002,8.1,8.1002,5800,0
JCO.US,5,20211126,155500,8.1,8.1,8.1,8.1,600,0
JCO.US,5,20211126,163500,8.1099,8.1099,8.1099,8.1099,100,0
JCO.US,5,20211126,164000,8.1098,8.1098,8.105,8.1094,1000,0
JCO.US,5,20211126,165000,8.1099,8.1099,8.1099,8.1099,2500,0
JCO.US,5,20211126,165500,8.1001,8.1001,8.1,8.1,2700,0
JCO.US,5,20211126,171000,8.105,8.11,8.105,8.1099,1660,0
JCO.US,5,20211126,172500,8.11,8.11,8.105,8.105,1000,0
JCO.US,5,20211126,173500,8.1064,8.1064,8.1064,8.1064,1000,0
JCO.US,5,20211126,174000,8.105,8.105,8.105,8.105,1000,0
JCO.US,5,20211126,175000,8.11,8.11,8.105,8.105,1000,0
JCO.US,5,20211126,180000,8.11,8.111,8.11,8.111,1000,0
JCO.US,5,20211126,181500,8.1099,8.11,8.1092,8.1092,3000,0
JCO.US,5,20211126,182000,8.1092,8.1092,8.1092,8.1092,1000,0
JCO.US,5,20211126,182500,8.1093,8.1093,8.1093,8.1093,1000,0
JCO.US,5,20211126,183000,8.105,8.11,8.105,8.1099,1200,0
JCO.US,5,20211126,183500,8.11,8.11,8.11,8.11,945,0
JCO.US,5,20211126,184000,8.105,8.12,8.105,8.12,1600,0
JCO.US,5,20211126,184500,8.11,8.11,8.11,8.11,1000,0
JCO.US,5,20211129,153000,8.11,8.11,8.11,8.11,291,0
JCO.US,5,20211129,153500,8.1399,8.1399,8.1399,8.1399,2360,0
JCO.US,5,20211129,160000,8.13,8.13,8.13,8.13,241,0
JCO.US,5,20211129,162500,8.13,8.1302,8.13,8.1302,970,0
JCO.US,5,20211129,164000,8.12,8.126,8.12,8.126,4200,0
JCO.US,5,20211129,164500,8.11,8.11,8.11,8.11,1300,0
JCO.US,5,20211129,165500,8.14,8.14,8.14,8.14,100,0
JCO.US,5,20211129,173000,8.125,8.125,8.125,8.125,2000,0
JCO.US,5,20211129,174000,8.12,8.12,8.12,8.12,6381,0
JCO.US,5,20211129,175000,8.1102,8.1102,8.1102,8.1102,1070,0
JCO.US,5,20211129,180500,8.11,8.11,8.11,8.11,400,0
JCO.US,5,20211129,182000,8.1214,8.1214,8.1214,8.1214,500,0
JCO.US,5,20211129,184000,8.14,8.14,8.14,8.14,100,0
JCO.US,5,20211129,184500,8.14,8.14,8.135,8.14,1842,0
JCO.US,5,20211129,190000,8.13,8.133,8.13,8.13,1200,0
JCO.US,5,20211129,191500,8.13,8.1302,8.12,8.12,9370,0
JCO.US,5,20211129,193000,8.1369,8.1369,8.1369,8.1369,700,0
JCO.US,5,20211129,194500,8.1272,8.1272,8.1272,8.1272,500,0
JCO.US,5,20211129,195000,8.13,8.13,8.13,8.13,200,0
JCO.US,5,20211129,200000,8.13,8.13,8.13,8.13,250,0
JCO.US,5,20211129,201500,8.135,8.135,8.135,8.135,100,0
JCO.US,5,20211129,202500,8.1356,8.1356,8.13,8.13,550,0
JCO.US,5,20211129,203500,8.13,8.14,8.12,8.1272,8700,0
JCO.US,5,20211129,204000,8.125,8.1297,8.125,8.1297,5000,0
JCO.US,5,20211129,205500,8.12,8.12,8.12,8.12,100,0
JCO.US,5,20211129,212000,8.1298,8.1298,8.1298,8.1298,1334,0
JCO.US,5,20211129,212500,8.12,8.12,8.12,8.12,100,0
JCO.US,5,20211129,215500,8.11,8.1102,8.11,8.1101,3300,0
JCO.US,5,20211130,153000,8.11,8.11,8.11,8.11,747,0
JCO.US,5,20211130,154500,8.11,8.11,8.0914,8.0914,2950,0
JCO.US,5,20211130,155500,8.1,8.1,8.09,8.0963,700,0
JCO.US,5,20211130,160000,8.0995,8.1,8.0958,8.1,400,0
JCO.US,5,20211130,160500,8.0958,8.1,8.0958,8.1,7200,0
JCO.US,5,20211130,164500,8.1127,8.1127,8.1127,8.1127,400,0
JCO.US,5,20211130,170000,8.1101,8.1102,8.11,8.11,3531,0
JCO.US,5,20211130,171000,8.13,8.13,8.13,8.13,3000,0
JCO.US,5,20211130,172000,8.1158,8.1186,8.113,8.115,2551,0
JCO.US,5,20211130,172500,8.1186,8.1186,8.113,8.1158,2930,0
JCO.US,5,20211130,173500,8.11,8.1101,8.11,8.1101,5966,0
JCO.US,5,20211130,174000,8.1158,8.1186,8.1158,8.1158,1350,0
JCO.US,5,20211130,183000,8.12,8.12,8.115,8.115,2000,0
JCO.US,5,20211130,183500,8.115,8.115,8.115,8.115,160,0
JCO.US,5,20211130,184500,8.12,8.12,8.1197,8.1197,8600,0
JCO.US,5,20211130,190000,8.11,8.124,8.11,8.124,8200,0
JCO.US,5,20211130,190500,8.1164,8.1164,8.1164,8.1164,1973,0
JCO.US,5,20211130,191000,8.12,8.12,8.12,8.12,1000,0
JCO.US,5,20211130,191500,8.13,8.13,8.13,8.13,1600,0
JCO.US,5,20211130,194500,8.1264,8.1264,8.1264,8.1264,900,0
JCO.US,5,20211130,195500,8.12,8.12,8.12,8.12,500,0
JCO.US,5,20211130,200000,8.1216,8.1216,8.12,8.12,1400,0
JCO.US,5,20211130,200500,8.12,8.12,8.12,8.12,414,0
JCO.US,5,20211130,203500,8.11,8.1101,8.1,8.1,5077,0
JCO.US,5,20211130,204000,8.1,8.1,8.1,8.1,2000,0
JCO.US,5,20211130,205000,8.1,8.1001,8.1,8.1001,1800,0
JCO.US,5,20211130,210000,8.1,8.1,8.1,8.1,1000,0
JCO.US,5,20211130,213000,8.1032,8.1032,8.1032,8.1032,5000,0
JCO.US,5,20211130,214500,8.1,8.1093,8.1,8.1093,2400,0
JCO.US,5,20211130,215500,8.11,8.11,8.11,8.11,419,0
JCO.US,5,20211201,153000,8.13,8.13,8.13,8.13,3919,0
JCO.US,5,20211201,155000,8.1,8.1,8.1,8.1,1500,0
JCO.US,5,20211201,155500,8.1495,8.1495,8.1495,8.1495,205,0
JCO.US,5,20211201,160000,8.125,8.125,8.125,8.125,1077,0
JCO.US,5,20211201,162000,8.1164,8.1164,8.1164,8.1164,111,0
JCO.US,5,20211201,163500,8.1159,8.119,8.1159,8.119,1000,0
JCO.US,5,20211201,170500,8.1196,8.1196,8.1196,8.1196,5500,0
JCO.US,5,20211201,171500,8.1002,8.1002,8.1002,8.1002,1725,0
JCO.US,5,20211201,172000,8.11,8.11,8.11,8.11,800,0
JCO.US,5,20211201,173500,8.1015,8.1015,8.1015,8.1015,1450,0
JCO.US,5,20211201,175000,8.1172,8.1172,8.1172,8.1172,300,0
JCO.US,5,20211201,180500,8.1171,8.1171,8.1171,8.1171,250,0
JCO.US,5,20211201,185500,8.1176,8.1176,8.1176,8.1176,750,0
JCO.US,5,20211201,191000,8.1185,8.1185,8.1185,8.1185,1847,0
JCO.US,5,20211201,191500,8.1012,8.1012,8.1012,8.1012,2500,0
JCO.US,5,20211201,193000,8.105,8.11,8.105,8.11,935,0
JCO.US,5,20211201,194000,8.105,8.11,8.105,8.11,5188,0
JCO.US,5,20211201,195000,8.105,8.11,8.105,8.1099,2000,0
JCO.US,5,20211201,200500,8.1199,8.12,8.1174,8.12,5000,0
JCO.US,5,20211201,202000,8.11,8.11,8.11,8.11,200,0
JCO.US,5,20211201,215500,8.11,8.11,8.11,8.11,204,0
JCO.US,5,20211202,153000,8.15,8.15,8.15,8.15,4500,0
JCO.US,5,20211202,154500,8.1345,8.1345,8.1345,8.1345,100,0
JCO.US,5,20211202,155000,8.1119,8.1119,8.1119,8.1119,3000,0
JCO.US,5,20211202,155500,8.1324,8.1324,8.1324,8.1324,2000,0
JCO.US,5,20211202,160000,8.125,8.1399,8.125,8.1399,1468,0
JCO.US,5,20211202,161000,8.11,8.11,8.11,8.11,1980,0
JCO.US,5,20211202,162500,8.1144,8.1144,8.1144,8.1144,715,0
JCO.US,5,20211202,163000,8.11,8.11,8.11,8.11,3000,0
JCO.US,5,20211202,174500,8.13,8.1302,8.12,8.12,4000,0
JCO.US,5,20211202,181000,8.12,8.13,8.12,8.13,8360,0
JCO.US,5,20211202,193000,8.12,8.13,8.12,8.13,2747,0
JCO.US,5,20211202,200000,8.12,8.12,8.12,8.12,225,0
JCO.US,5,20211202,201000,8.1298,8.1298,8.1298,8.1298,5000,0
JCO.US,5,20211202,201500,8.129,8.13,8.12,8.125,2902,0
JCO.US,5,20211202,202000,8.1292,8.1292,8.1292,8.1292,500,0
JCO.US,5,20211202,202500,8.125,8.13,8.125,8.13,1000,0
JCO.US,5,20211202,204500,8.12,8.12,8.11,8.11,4983,0
JCO.US,5,20211202,210000,8.12,8.13,8.11,8.12,13600,0
JCO.US,5,20211202,210500,8.12,8.13,8.12,8.13,500,0
JCO.US,5,20211202,211000,8.12,8.12,8.12,8.12,100,0
JCO.US,5,20211202,211500,8.125,8.1298,8.125,8.1298,381,0
JCO.US,5,20211202,213000,8.123,8.123,8.1201,8.123,2000,0
JCO.US,5,20211202,214000,8.125,8.125,8.125,8.125,850,0
JCO.US,5,20211202,214500,8.12,8.1202,8.115,8.115,5176,0
JCO.US,5,20211202,215000,8.1152,8.1152,8.1152,8.1152,4044,0
JCO.US,5,20211202,215500,8.12,8.1283,8.12,8.12,2622,0
JCO.US,5,20211203,153000,8.11,8.1398,8.11,8.1398,5837,0
JCO.US,5,20211203,153500,8.1246,8.1246,8.1246,8.1246,3000,0
JCO.US,5,20211203,155000,8.13,8.13,8.13,8.13,2500,0
JCO.US,5,20211203,160000,8.126,8.126,8.126,8.126,4000,0
JCO.US,5,20211203,161500,8.139,8.139,8.139,8.139,746,0
JCO.US,5,20211203,162500,8.13,8.13,8.13,8.13,100,0
JCO.US,5,20211203,163000,8.13,8.13,8.13,8.13,1000,0
JCO.US,5,20211203,165000,8.12,8.12,8.12,8.12,9500,0
JCO.US,5,20211203,165500,8.115,8.117,8.115,8.117,4200,0
JCO.US,5,20211203,170000,8.115,8.12,8.11,8.12,10145,0
JCO.US,5,20211203,170500,8.12,8.12,8.115,8.12,6200,0
JCO.US,5,20211203,171000,8.12,8.13,8.1198,8.13,20858,0
JCO.US,5,20211203,173500,8.1214,8.1214,8.1214,8.1214,700,0
JCO.US,5,20211203,175000,8.123,8.13,8.123,8.13,2700,0
JCO.US,5,20211203,175500,8.13,8.14,8.13,8.14,4955,0
JCO.US,5,20211203,184500,8.1305,8.1305,8.1305,8.1305,1895,0
JCO.US,5,20211203,190500,8.1372,8.1372,8.1372,8.1372,1950,0
JCO.US,5,20211203,192000,8.13,8.1326,8.13,8.1326,3200,0
JCO.US,5,20211203,194500,8.1302,8.1302,8.1302,8.1302,2000,0
JCO.US,5,20211203,203500,8.1314,8.1314,8.13,8.13,2600,0
JCO.US,5,20211203,210500,8.13,8.13,8.12,8.12,900,0
JCO.US,5,20211203,211500,8.1373,8.1373,8.1373,8.1373,620,0
JCO.US,5,20211203,212000,8.12,8.14,8.11,8.11,2200,0
JCO.US,5,20211203,212500,8.11,8.11,8.11,8.11,1800,0
JCO.US,5,20211203,213000,8.11,8.1352,8.11,8.11,3400,0
JCO.US,5,20211203,213500,8.11,8.11,8.11,8.11,2400,0
JCO.US,5,20211203,214000,8.11,8.12,8.11,8.115,17600,0
JCO.US,5,20211203,215000,8.12,8.13,8.12,8.12,1000,0
JCO.US,5,20211203,215500,8.12,8.12,8.12,8.12,262,0
JCO.US,5,20211206,163000,8.13,8.13,8.13,8.13,4502,0
JCO.US,5,20211206,163500,8.1236,8.1236,8.1202,8.1202,3903,0
JCO.US,5,20211206,165000,8.12,8.125,8.12,8.125,5400,0
JCO.US,5,20211206,170000,8.1291,8.1291,8.1291,8.1291,100,0
JCO.US,5,20211206,170500,8.125,8.13,8.125,8.13,1506,0
JCO.US,5,20211206,172000,8.13,8.13,8.13,8.13,100,0
JCO.US,5,20211206,172500,8.13,8.14,8.13,8.14,1938,0
JCO.US,5,20211206,175000,8.13,8.13,8.12,8.12,1600,0
JCO.US,5,20211206,180000,8.125,8.125,8.125,8.125,2000,0
JCO.US,5,20211206,181000,8.125,8.1299,8.125,8.1299,2000,0
JCO.US,5,20211206,183000,8.13,8.13,8.125,8.13,1923,0
JCO.US,5,20211206,184500,8.13,8.13,8.125,8.125,600,0
JCO.US,5,20211206,185000,8.13,8.13,8.1299,8.1299,3480,0
JCO.US,5,20211206,185500,8.125,8.125,8.125,8.125,200,0
JCO.US,5,20211206,190000,8.13,8.13,8.13,8.13,2100,0
JCO.US,5,20211206,190500,8.12,8.13,8.12,8.13,7000,0
JCO.US,5,20211206,191000,8.125,8.125,8.1201,8.125,1200,0
JCO.US,5,20211206,191500,8.125,8.13,8.125,8.13,2150,0
JCO.US,5,20211206,192500,8.12,8.1202,8.12,8.1202,11911,0
JCO.US,5,20211206,193500,8.13,8.13,8.1298,8.1298,1880,0
JCO.US,5,20211206,194500,8.14,8.15,8.1314,8.1314,2332,0
JCO.US,5,20211206,195500,8.1392,8.1392,8.1392,8.1392,2000,0
JCO.US,5,20211206,200500,8.135,8.135,8.135,8.135,2000,0
JCO.US,5,20211206,201500,8.141,8.1497,8.141,8.1497,1925,0
JCO.US,5,20211206,202000,8.135,8.15,8.135,8.15,10000,0
JCO.US,5,20211206,202500,8.1201,8.1201,8.1201,8.1201,2500,0
JCO.US,5,20211206,203500,8.1322,8.14,8.1322,8.14,1810,0
JCO.US,5,20211206,204500,8.1301,8.1301,8.1301,8.1301,925,0
JCO.US,5,20211206,205000,8.1333,8.1333,8.1333,8.1333,166,0
JCO.US,5,20211206,212500,8.13,8.13,8.13,8.13,10431,0
JCO.US,5,20211206,213000,8.13,8.13,8.13,8.13,300,0
JCO.US,5,20211206,213500,8.13,8.13,8.13,8.13,1000,0
JCO.US,5,20211206,214000,8.13,8.1302,8.13,8.13,2154,0
JCO.US,5,20211206,214500,8.135,8.135,8.11,8.11,16478,0
JCO.US,5,20211206,215000,8.12,8.13,8.11,8.13,6500,0
JCO.US,5,20211206,215500,8.11,8.15,8.11,8.12,5970,0
JCO.US,5,20211207,153000,8.13,8.135,8.13,8.1303,7720,0
JCO.US,5,20211207,160000,8.1301,8.139,8.13,8.139,3843,0
JCO.US,5,20211207,160500,8.138,8.138,8.13,8.13,360,0
JCO.US,5,20211207,161500,8.14,8.14,8.14,8.14,1000,0
JCO.US,5,20211207,162500,8.15,8.15,8.1482,8.15,4400,0
JCO.US,5,20211207,165000,8.146,8.15,8.145,8.15,1200,0
JCO.US,5,20211207,165500,8.1415,8.1415,8.14,8.14,360,0
JCO.US,5,20211207,171500,8.1402,8.1402,8.13,8.14,9085,0
JCO.US,5,20211207,181000,8.14,8.14,8.14,8.14,1150,0
JCO.US,5,20211207,181500,8.1402,8.1402,8.14,8.14,4926,0
JCO.US,5,20211207,182000,8.14,8.14,8.13,8.13,6353,0
JCO.US,5,20211207,182500,8.1303,8.1303,8.1302,8.1302,2880,0
JCO.US,5,20211207,190500,8.13,8.13,8.12,8.12,2500,0
JCO.US,5,20211207,191500,8.1377,8.1377,8.1377,8.1377,100,0
JCO.US,5,20211207,192000,8.1487,8.1487,8.1487,8.1487,2000,0
JCO.US,5,20211207,193000,8.1301,8.1301,8.1301,8.1301,302,0
JCO.US,5,20211207,194000,8.13,8.13,8.13,8.13,200,0
JCO.US,5,20211207,194500,8.138,8.138,8.138,8.138,2000,0
JCO.US,5,20211207,200000,8.135,8.14,8.135,8.14,2600,0
JCO.US,5,20211207,202500,8.1351,8.1351,8.1351,8.1351,5000,0
JCO.US,5,20211207,203000,8.15,8.15,8.15,8.15,2000,0
JCO.US,5,20211207,204500,8.1302,8.1303,8.1302,8.1303,1500,0
JCO.US,5,20211207,205500,8.15,8.15,8.1301,8.1301,963,0
JCO.US,5,20211207,210500,8.1364,8.1364,8.13,8.13,2000,0
JCO.US,5,20211207,211000,8.14,8.14,8.14,8.14,300,0
JCO.US,5,20211207,211500,8.14,8.14,8.14,8.14,2900,0
JCO.US,5,20211207,213000,8.15,8.15,8.15,8.15,1200,0
JCO.US,5,20211207,213500,8.14,8.1402,8.14,8.1402,3700,0
JCO.US,5,20211207,214000,8.14,8.14,8.12,8.135,14450,0
JCO.US,5,20211207,214500,8.135,8.135,8.135,8.135,500,0
JCO.US,5,20211207,215000,8.13,8.13,8.13,8.13,2000,0
JCO.US,5,20211207,215500,8.138,8.15,8.13,8.14,9775,0
JCO.US,5,20211208,153000,8.14,8.14,8.14,8.14,400,0
JCO.US,5,20211208,153500,8.13,8.13,8.12,8.12,7852,0
JCO.US,5,20211208,154000,8.1264,8.14,8.1264,8.14,900,0
JCO.US,5,20211208,155000,8.12,8.12,8.12,8.12,3670,0
JCO.US,5,20211208,160000,8.1324,8.1324,8.1324,8.1324,700,0
JCO.US,5,20211208,161000,8.125,8.1298,8.12,8.1298,4383,0
JCO.US,5,20211208,161500,8.12,8.12,8.12,8.12,1600,0
JCO.US,5,20211208,162500,8.12,8.12,8.12,8.12,11466,0
JCO.US,5,20211208,163500,8.125,8.125,8.12,8.1232,5103,0
JCO.US,5,20211208,171000,8.125,8.13,8.125,8.13,1898,0
JCO.US,5,20211208,172500,8.14,8.14,8.14,8.14,500,0
JCO.US,5,20211208,175000,8.15,8.15,8.15,8.15,5000,0
JCO.US,5,20211208,185000,8.13,8.13,8.13,8.13,900,0
JCO.US,5,20211208,190500,8.1236,8.1236,8.1236,8.1236,150,0
JCO.US,5,20211208,192500,8.13,8.13,8.13,8.13,2524,0
JCO.US,5,20211208,193500,8.12,8.126,8.12,8.126,3725,0
JCO.US,5,20211208,194500,8.1292,8.1292,8.12,8.12,925,0
JCO.US,5,20211208,195000,8.12,8.1211,8.12,8.1211,700,0
JCO.US,5,20211208,200000,8.12,8.12,8.11,8.12,6515,0
JCO.US,5,20211208,201500,8.11,8.1298,8.11,8.1298,4337,0
JCO.US,5,20211208,202000,8.11,8.11,8.11,8.11,17650,0
JCO.US,5,20211208,202500,8.1192,8.1199,8.113,8.119,1300,0
JCO.US,5,20211208,203000,8.119,8.1199,8.1167,8.1199,1700,0
JCO.US,5,20211208,203500,8.12,8.12,8.115,8.115,1300,0
JCO.US,5,20211208,204000,8.115,8.12,8.115,8.1191,1537,0
JCO.US,5,20211208,204500,8.1199,8.1199,8.1199,8.1199,800,0
JCO.US,5,20211208,205000,8.1192,8.1192,8.115,8.115,300,0
JCO.US,5,20211208,205500,8.1101,8.115,8.1101,8.115,1100,0
JCO.US,5,20211208,210000,8.1196,8.12,8.1162,8.1198,2000,0
JCO.US,5,20211208,211500,8.1115,8.1115,8.1115,8.1115,2000,0
JCO.US,5,20211208,213000,8.13,8.13,8.13,8.13,800,0
JCO.US,5,20211208,213500,8.135,8.135,8.135,8.135,2500,0
JCO.US,5,20211208,214000,8.15,8.15,8.15,8.15,400,0
JCO.US,5,20211208,214500,8.1248,8.1248,8.1248,8.1248,200,0
JCO.US,5,20211209,153000,8.15,8.15,8.15,8.15,250,0
JCO.US,5,20211209,153500,8.12,8.1202,8.12,8.1202,8000,0
JCO.US,5,20211209,155500,8.13,8.13,8.13,8.13,2000,0
JCO.US,5,20211209,162500,8.1398,8.1398,8.1398,8.1398,3832,0
JCO.US,5,20211209,163500,8.13,8.13,8.13,8.13,1000,0
JCO.US,5,20211209,171000,8.12,8.12,8.12,8.12,2445,0
JCO.US,5,20211209,172000,8.1207,8.1207,8.1207,8.1207,1500,0
JCO.US,5,20211209,174000,8.12,8.124,8.12,8.124,6900,0
JCO.US,5,20211209,174500,8.1287,8.1287,8.1287,8.1287,500,0
JCO.US,5,20211209,175500,8.1284,8.1284,8.1284,8.1284,2000,0
JCO.US,5,20211209,182000,8.125,8.14,8.125,8.13,15356,0
JCO.US,5,20211209,183000,8.13,8.13,8.13,8.13,100,0
JCO.US,5,20211209,184000,8.14,8.14,8.1398,8.1398,3000,0
JCO.US,5,20211209,193000,8.135,8.14,8.13,8.13,1081,0
JCO.US,5,20211209,195000,8.14,8.14,8.14,8.14,400,0
JCO.US,5,20211209,200000,8.145,8.145,8.145,8.145,764,0
JCO.US,5,20211209,202000,8.1476,8.15,8.1476,8.1476,6000,0
JCO.US,5,20211209,202500,8.1437,8.1437,8.1437,8.1437,354,0
JCO.US,5,20211209,203000,8.1432,8.1432,8.1432,8.1432,1200,0
JCO.US,5,20211209,203500,8.14,8.14,8.14,8.14,300,0
JCO.US,5,20211209,204000,8.14,8.14,8.14,8.14,500,0
JCO.US,5,20211209,204500,8.14,8.145,8.14,8.14,2543,0
JCO.US,5,20211209,205000,8.14,8.141,8.14,8.141,1900,0
JCO.US,5,20211209,205500,8.14,8.14,8.14,8.14,1300,0
JCO.US,5,20211209,210000,8.14,8.14,8.13,8.13,475,0
JCO.US,5,20211209,210500,8.135,8.135,8.135,8.135,100,0
JCO.US,5,20211209,211000,8.14,8.14,8.13,8.13,1942,0
JCO.US,5,20211209,211500,8.13,8.13,8.13,8.13,400,0
JCO.US,5,20211209,212000,8.13,8.135,8.13,8.135,431,0
JCO.US,5,20211209,212500,8.13,8.13,8.13,8.13,1100,0
JCO.US,5,20211209,213000,8.13,8.135,8.13,8.13,700,0
JCO.US,5,20211209,213500,8.13,8.135,8.13,8.135,800,0
JCO.US,5,20211209,214000,8.13,8.13,8.12,8.12,4200,0
JCO.US,5,20211209,215000,8.1216,8.138,8.1216,8.138,2935,0
JCO.US,5,20211209,215500,8.12,8.13,8.12,8.13,2670,0
JCO.US,5,20211210,153000,8.12,8.12,8.12,8.12,100,0
JCO.US,5,20211210,155000,8.1457,8.1457,8.135,8.135,1000,0
JCO.US,5,20211210,164500,8.12,8.13,8.12,8.13,5492,0
JCO.US,5,20211210,165500,8.1224,8.1224,8.1224,8.1224,1000,0
JCO.US,5,20211210,175000,8.1227,8.14,8.1227,8.14,735,0
JCO.US,5,20211210,180500,8.15,8.15,8.135,8.135,12270,0
JCO.US,5,20211210,182000,8.141,8.141,8.141,8.141,2500,0
JCO.US,5,20211210,192000,8.15,8.16,8.15,8.16,15731,0
JCO.US,5,20211210,192500,8.165,8.165,8.165,8.165,2500,0
JCO.US,5,20211210,193000,8.1699,8.1699,8.1699,8.1699,1000,0
JCO.US,5,20211210,194000,8.1693,8.1693,8.1693,8.1693,1500,0
JCO.US,5,20211210,194500,8.16,8.17,8.16,8.17,5788,0
JCO.US,5,20211210,200000,8.17,8.1702,8.17,8.1702,2597,0
JCO.US,5,20211210,201500,8.16,8.1601,8.16,8.1601,9846,0
JCO.US,5,20211210,202000,8.1684,8.17,8.1684,8.17,1525,0
JCO.US,5,20211210,204500,8.16,8.16,8.16,8.16,4999,0
JCO.US,5,20211210,205000,8.16,8.17,8.16,8.17,4497,0
JCO.US,5,20211210,205500,8.15,8.15,8.15,8.15,100,0
JCO.US,5,20211210,211500,8.1598,8.16,8.1598,8.16,5956,0
JCO.US,5,20211210,212500,8.135,8.135,8.135,8.135,100,0
JCO.US,5,20211210,213500,8.136,8.136,8.136,8.136,2000,0
JCO.US,5,20211210,214000,8.1316,8.1316,8.1316,8.1316,5000,0
JCO.US,5,20211210,215500,8.1301,8.1301,8.13,8.1301,3067,0
JCO.US,5,20211213,153000,8.12,8.12,8.12,8.12,13295,0
JCO.US,5,20211213,155000,8.1354,8.1354,8.1354,8.1354,3000,0
JCO.US,5,20211213,161000,8.13,8.13,8.13,8.13,2000,0
JCO.US,5,20211213,161500,8.1336,8.1336,8.13,8.13,2284,0
JCO.US,5,20211213,165500,8.1314,8.1314,8.1314,8.1314,157,0
JCO.US,5,20211213,170000,8.13,8.13,8.13,8.13,200,0
JCO.US,5,20211213,172000,8.1299,8.1299,8.1297,8.1297,1000,0
JCO.US,5,20211213,172500,8.1231,8.1231,8.1231,8.1231,3000,0
JCO.US,5,20211213,173500,8.12,8.1202,8.12,8.1202,3399,0
JCO.US,5,20211213,174000,8.1291,8.1291,8.1291,8.1291,500,0
JCO.US,5,20211213,174500,8.13,8.13,8.13,8.13,968,0
JCO.US,5,20211213,185000,8.12,8.1202,8.12,8.1202,2336,0
JCO.US,5,20211213,191000,8.125,8.1284,8.12,8.12,3100,0
JCO.US,5,20211213,191500,8.1299,8.13,8.125,8.13,1200,0
JCO.US,5,20211213,192000,8.125,8.13,8.125,8.13,3600,0
JCO.US,5,20211213,193000,8.13,8.1398,8.1298,8.134,2838,0
JCO.US,5,20211213,194000,8.1201,8.1201,8.1201,8.1201,1000,0
JCO.US,5,20211213,195000,8.12,8.12,8.12,8.12,1450,0
JCO.US,5,20211213,195500,8.12,8.12,8.12,8.12,254,0
JCO.US,5,20211213,200000,8.1298,8.13,8.12,8.127,17400,0
JCO.US,5,20211213,202000,8.13,8.13,8.13,8.13,639,0
JCO.US,5,20211213,202500,8.1323,8.133,8.1301,8.133,4979,0
JCO.US,5,20211213,205000,8.135,8.135,8.12,8.126,9968,0
JCO.US,5,20211213,205500,8.13,8.13,8.13,8.13,250,0
JCO.US,5,20211213,210500,8.1286,8.13,8.12,8.13,300,0
JCO.US,5,20211213,212000,8.1377,8.1377,8.1377,8.1377,121,0
JCO.US,5,20211213,213000,8.12,8.12,8.12,8.12,3450,0
JCO.US,5,20211213,214000,8.13,8.13,8.13,8.13,600,0
JCO.US,5,20211213,214500,8.13,8.13,8.13,8.13,500,0
JCO.US,5,20211213,215500,8.12,8.13,8.12,8.125,4711,0
JCO.US,5,20211214,153000,8.11,8.11,8.11,8.11,860,0
JCO.US,5,20211214,155000,8.11,8.11,8.11,8.11,5000,0
JCO.US,5,20211214,160000,8.11,8.11,8.11,8.11,8300,0
JCO.US,5,20211214,162000,8.1371,8.1371,8.1371,8.1371,3000,0
JCO.US,5,20211214,163000,8.1021,8.14,8.1021,8.14,8400,0
JCO.US,5,20211214,164500,8.135,8.135,8.13,8.13,2511,0
JCO.US,5,20211214,165000,8.1314,8.1341,8.13,8.1341,5763,0
JCO.US,5,20211214,172000,8.121,8.121,8.12,8.12,2400,0
JCO.US,5,20211214,174000,8.12,8.12,8.12,8.12,1750,0
JCO.US,5,20211214,174500,8.12,8.1201,8.1102,8.1102,6000,0
JCO.US,5,20211214,181000,8.11,8.117,8.11,8.117,3700,0
JCO.US,5,20211214,181500,8.11,8.1199,8.11,8.11,4100,0
JCO.US,5,20211214,183500,8.11,8.1101,8.11,8.1101,4010,0
JCO.US,5,20211214,185500,8.1,8.1,8.1,8.1,4600,0
JCO.US,5,20211214,190000,8.1,8.1,8.09,8.09,11304,0
JCO.US,5,20211214,192000,8.09,8.0909,8.08,8.08,8493,0
JCO.US,5,20211214,192500,8.08,8.08,8.08,8.08,2600,0
JCO.US,5,20211214,193000,8.09,8.09,8.09,8.09,100,0
JCO.US,5,20211214,200500,8.1,8.1089,8.1,8.1089,3000,0
JCO.US,5,20211214,201000,8.1,8.1,8.1,8.1,1500,0
JCO.US,5,20211214,201500,8.0964,8.0964,8.09,8.09,3100,0
JCO.US,5,20211214,202000,8.09,8.0902,8.09,8.0902,4500,0
JCO.US,5,20211214,202500,8.1,8.11,8.095,8.1,12800,0
JCO.US,5,20211214,203000,8.1084,8.11,8.09,8.1,5100,0
JCO.US,5,20211214,204000,8.0925,8.0925,8.0925,8.0925,500,0
JCO.US,5,20211214,205000,8.09,8.1,8.09,8.1,3933,0
JCO.US,5,20211214,211000,8.11,8.11,8.09,8.09,4134,0
JCO.US,5,20211214,211500,8.0991,8.0991,8.095,8.095,400,0
JCO.US,5,20211214,212000,8.095,8.1,8.0902,8.0902,7300,0
JCO.US,5,20211214,212500,8.09,8.0901,8.09,8.09,3100,0
JCO.US,5,20211214,213500,8.0932,8.0932,8.0932,8.0932,1600,0
JCO.US,5,20211214,214000,8.095,8.1,8.095,8.1,3000,0
JCO.US,5,20211214,214500,8.1024,8.1085,8.1,8.1085,3600,0
JCO.US,5,20211214,215000,8.1,8.11,8.1,8.1058,2800,0
JCO.US,5,20211214,215500,8.1,8.1,8.1,8.1,1005,0
JCO.US,5,20211215,153000,8.09,8.09,8.09,8.09,100,0
JCO.US,5,20211215,154500,8.1277,8.1277,8.12,8.12,900,0
JCO.US,5,20211215,160500,8.1254,8.1254,8.1252,8.1252,1000,0
JCO.US,5,20211215,162000,8.1023,8.1023,8.1023,8.1023,747,0
JCO.US,5,20211215,164000,8.1,8.1,8.1,8.1,3300,0
JCO.US,5,20211215,172500,8.1,8.1,8.1,8.1,1017,0
JCO.US,5,20211215,173000,8.1,8.1,8.1,8.1,503,0
JCO.US,5,20211215,175500,8.1,8.1004,8.1,8.1004,8000,0
JCO.US,5,20211215,182000,8.0901,8.0901,8.0901,8.0901,500,0
JCO.US,5,20211215,182500,8.09,8.0901,8.09,8.0901,4115,0
JCO.US,5,20211215,183500,8.1,8.1,8.1,8.1,900,0
JCO.US,5,20211215,184000,8.1,8.1,8.1,8.1,1150,0
JCO.US,5,20211215,185500,8.09,8.09,8.09,8.09,3130,0
JCO.US,5,20211215,190000,8.08,8.0832,8.08,8.08,7000,0
JCO.US,5,20211215,190500,8.08,8.09,8.08,8.09,3945,0
JCO.US,5,20211215,191500,8.08,8.08,8.08,8.08,1065,0
JCO.US,5,20211215,192000,8.0862,8.09,8.085,8.0896,5287,0
JCO.US,5,20211215,194500,8.0899,8.0899,8.0899,8.0899,3500,0
JCO.US,5,20211215,195500,8.0816,8.0816,8.0816,8.0816,265,0
JCO.US,5,20211215,200000,8.0832,8.0832,8.0832,8.0832,654,0
JCO.US,5,20211215,200500,8.0899,8.0899,8.0899,8.0899,100,0
JCO.US,5,20211215,201000,8.085,8.085,8.085,8.085,100,0
JCO.US,5,20211215,202000,8.0894,8.0894,8.0894,8.0894,100,0
JCO.US,5,20211215,204500,8.0889,8.0889,8.0889,8.0889,100,0
JCO.US,5,20211215,205000,8.09,8.0962,8.085,8.09,15388,0
JCO.US,5,20211215,205500,8.0923,8.0923,8.0901,8.0901,3250,0
JCO.US,5,20211215,210000,8.1,8.1,8.1,8.1,500,0
JCO.US,5,20211215,210500,8.095,8.095,8.0939,8.0939,545,0
JCO.US,5,20211215,212500,8.0932,8.1,8.0932,8.0994,4407,0
JCO.US,5,20211215,213000,8.0999,8.1,8.0999,8.1,3100,0
JCO.US,5,20211215,213500,8.1001,8.1003,8.09,8.1003,12919,0
JCO.US,5,20211215,214000,8.0946,8.0946,8.0946,8.0946,2100,0
JCO.US,5,20211215,214500,8.09,8.09,8.09,8.09,100,0
JCO.US,5,20211215,215000,8.0902,8.0902,8.09,8.09,4200,0
JCO.US,5,20211215,215500,8.08,8.08,8.08,8.08,700,0
JCO.US,5,20211216,153000,8.14,8.14,8.14,8.14,2582,0
JCO.US,5,20211216,154000,8.1362,8.1362,8.0938,8.0938,3371,0
JCO.US,5,20211216,161000,8.1,8.1,8.1,8.1,100,0
JCO.US,5,20211216,162500,8.0948,8.0948,8.0948,8.0948,1000,0
JCO.US,5,20211216,163500,8.1299,8.1299,8.1299,8.1299,1000,0
JCO.US,5,20211216,164000,8.1028,8.1028,8.1028,8.1028,666,0
JCO.US,5,20211216,165000,8.0986,8.0986,8.0986,8.0986,1000,0
JCO.US,5,20211216,171500,8.09,8.09,8.08,8.0857,7188,0
JCO.US,5,20211216,172000,8.08,8.0803,8.08,8.0803,7500,0
JCO.US,5,20211216,173000,8.09,8.0918,8.08,8.08,6000,0
JCO.US,5,20211216,173500,8.09,8.1,8.09,8.1,1800,0
JCO.US,5,20211216,174500,8.08,8.08,8.08,8.08,15247,0
JCO.US,5,20211216,175500,8.0801,8.0899,8.08,8.0899,5500,0
JCO.US,5,20211216,180000,8.08,8.08,8.07,8.07,1890,0
JCO.US,5,20211216,180500,8.0719,8.0719,8.0719,8.0719,1000,0
JCO.US,5,20211216,181000,8.084,8.084,8.07,8.08,16827,0
JCO.US,5,20211216,183000,8.079,8.0799,8.07,8.0799,10934,0
JCO.US,5,20211216,183500,8.0799,8.0799,8.075,8.075,800,0
JCO.US,5,20211216,184000,8.07,8.0762,8.07,8.0762,1200,0
JCO.US,5,20211216,184500,8.07,8.0702,8.06,8.0602,22438,0
JCO.US,5,20211216,185000,8.06,8.06,8.06,8.06,1300,0
JCO.US,5,20211216,185500,8.0772,8.0772,8.0772,8.0772,100,0
JCO.US,5,20211216,190000,8.07,8.07,8.07,8.07,125,0
JCO.US,5,20211216,190500,8.0734,8.0798,8.06,8.0775,3700,0
JCO.US,5,20211216,191000,8.06,8.0798,8.06,8.0734,6000,0
JCO.US,5,20211216,191500,8.08,8.08,8.0799,8.0799,1000,0
JCO.US,5,20211216,192000,8.0783,8.0783,8.0783,8.0783,500,0
JCO.US,5,20211216,192500,8.07,8.08,8.07,8.08,1905,0
JCO.US,5,20211216,193000,8.08,8.09,8.07,8.09,3280,0
JCO.US,5,20211216,193500,8.1,8.1162,8.0998,8.1162,1800,0
JCO.US,5,20211216,195500,8.105,8.105,8.105,8.105,2500,0
JCO.US,5,20211216,200000,8.0973,8.0973,8.0973,8.0973,1500,0
JCO.US,5,20211216,202500,8.09,8.0964,8.09,8.0964,15436,0
JCO.US,5,20211216,210000,8.09,8.09,8.09,8.09,700,0
JCO.US,5,20211216,211000,8.09,8.09,8.09,8.09,100,0
JCO.US,5,20211216,213000,8.09,8.0902,8.09,8.0902,1800,0
JCO.US,5,20211216,214000,8.09,8.0984,8.09,8.0984,400,0
JCO.US,5,20211216,215500,8.1,8.1,8.1,8.1,449,0
JCO.US,5,20211217,155500,8.1,8.1,8.1,8.1,1200,0
JCO.US,5,20211217,160000,8.095,8.095,8.095,8.095,400,0
JCO.US,5,20211217,161000,8.09,8.09,8.09,8.09,380,0
JCO.US,5,20211217,161500,8.11,8.11,8.11,8.11,500,0
JCO.US,5,20211217,162000,8.09,8.0925,8.09,8.0925,570,0
JCO.US,5,20211217,163000,8.09,8.09,8.09,8.09,1957,0
JCO.US,5,20211217,164000,8.0988,8.0988,8.09,8.09,600,0
JCO.US,5,20211217,165000,8.1,8.1,8.09,8.09,8887,0
JCO.US,5,20211217,171500,8.0918,8.0994,8.09,8.095,4770,0
JCO.US,5,20211217,172500,8.095,8.1,8.095,8.1,4802,0
JCO.US,5,20211217,173000,8.11,8.11,8.105,8.105,2269,0
JCO.US,5,20211217,174000,8.11,8.11,8.11,8.11,960,0
JCO.US,5,20211217,175500,8.1074,8.1074,8.1074,8.1074,1000,0
JCO.US,5,20211217,180000,8.09,8.09,8.09,8.09,1000,0
JCO.US,5,20211217,185500,8.095,8.1,8.095,8.1,3408,0
JCO.US,5,20211217,191000,8.1,8.1,8.1,8.1,486,0
JCO.US,5,20211217,192000,8.1013,8.1013,8.1013,8.1013,156,0
JCO.US,5,20211217,192500,8.1001,8.1001,8.1001,8.1001,1050,0
JCO.US,5,20211217,193000,8.1024,8.1024,8.1024,8.1024,5050,0
JCO.US,5,20211217,193500,8.1037,8.105,8.1037,8.105,420,0
JCO.US,5,20211217,194500,8.107,8.11,8.1,8.11,7644,0
JCO.US,5,20211217,195500,8.12,8.12,8.12,8.12,1000,0
JCO.US,5,20211217,202500,8.1142,8.1236,8.11,8.12,6175,0
JCO.US,5,20211217,203000,8.12,8.123,8.12,8.123,11596,0
JCO.US,5,20211217,204500,8.123,8.123,8.12,8.12,6667,0
JCO.US,5,20211217,205000,8.125,8.127,8.11,8.12,16143,0
JCO.US,5,20211217,205500,8.122,8.122,8.122,8.122,3096,0
JCO.US,5,20211217,210000,8.125,8.125,8.125,8.125,1260,0
JCO.US,5,20211217,210500,8.125,8.125,8.125,8.125,3150,0
JCO.US,5,20211217,211500,8.1237,8.1237,8.1237,8.1237,163,0
JCO.US,5,20211217,212000,8.125,8.13,8.125,8.13,5981,0
JCO.US,5,20211217,212500,8.13,8.1301,8.13,8.1301,10000,0
JCO.US,5,20211217,214000,8.13,8.13,8.125,8.125,4200,0
JCO.US,5,20211217,215500,8.12,8.12,8.12,8.12,600,0
JCO.US,5,20211220,153000,8.12,8.12,8.12,8.12,1018,0
JCO.US,5,20211220,161500,8.12,8.12,8.12,8.12,2314,0
JCO.US,5,20211220,162000,8.1107,8.1107,8.11,8.1101,3631,0
JCO.US,5,20211220,162500,8.1,8.1007,8.1,8.1,6935,0
JCO.US,5,20211220,163000,8.1,8.1,8.1,8.1,9424,0
JCO.US,5,20211220,163500,8.09,8.09,8.09,8.09,262,0
JCO.US,5,20211220,164500,8.08,8.08,8.07,8.07,9996,0
JCO.US,5,20211220,165000,8.08,8.08,8.0662,8.0662,5668,0
JCO.US,5,20211220,170000,8.0664,8.0664,8.0664,8.0664,5000,0
JCO.US,5,20211220,170500,8.07,8.07,8.061,8.061,3700,0
JCO.US,5,20211220,171000,8.0769,8.0769,8.0769,8.0769,1100,0
JCO.US,5,20211220,172500,8.07,8.0702,8.07,8.0702,2300,0
JCO.US,5,20211220,173000,8.07,8.07,8.07,8.07,700,0
JCO.US,5,20211220,173500,8.0931,8.0931,8.0931,8.0931,139,0
JCO.US,5,20211220,174000,8.07,8.085,8.07,8.07,6600,0
JCO.US,5,20211220,180500,8.07,8.07,8.06,8.0654,7708,0
JCO.US,5,20211220,181500,8.06,8.0602,8.06,8.06,11112,0
JCO.US,5,20211220,182500,8.0699,8.0699,8.06,8.0602,6336,0
JCO.US,5,20211220,183000,8.07,8.0767,8.07,8.0767,938,0
JCO.US,5,20211220,183500,8.0794,8.0794,8.07,8.07,3550,0
JCO.US,5,20211220,184000,8.07,8.0702,8.07,8.0702,9564,0
JCO.US,5,20211220,184500,8.075,8.11,8.075,8.11,14863,0
JCO.US,5,20211220,185500,8.1292,8.1292,8.12,8.12,3800,0
JCO.US,5,20211220,191500,8.12,8.12,8.115,8.12,8811,0
JCO.US,5,20211220,192000,8.13,8.13,8.13,8.13,3500,0
JCO.US,5,20211220,192500,8.12,8.12,8.12,8.12,1450,0
JCO.US,5,20211220,194000,8.13,8.1352,8.13,8.13,2500,0
JCO.US,5,20211220,195000,8.1299,8.1299,8.1299,8.1299,2000,0
JCO.US,5,20211220,195500,8.13,8.13,8.13,8.13,2500,0
JCO.US,5,20211220,204500,8.125,8.13,8.12,8.12,3200,0
JCO.US,5,20211220,210500,8.1201,8.1201,8.12,8.12,10000,0
JCO.US,5,20211220,211000,8.1201,8.1202,8.12,8.1202,16978,0
JCO.US,5,20211220,212000,8.12,8.1201,8.1,8.1,15771,0
JCO.US,5,20211220,213500,8.1,8.1003,8.1,8.1,8500,0
JCO.US,5,20211220,214000,8.1,8.1,8.1,8.1,12114,0
JCO.US,5,20211220,214500,8.115,8.115,8.115,8.115,2000,0
JCO.US,5,20211220,215000,8.1,8.12,8.1,8.1,7500,0
JCO.US,5,20211220,215500,8.12,8.12,8.12,8.12,420,0
JCO.US,5,20211221,153000,8.1,8.11,8.1,8.1,5632,0
JCO.US,5,20211221,155000,8.105,8.105,8.105,8.105,2000,0
JCO.US,5,20211221,155500,8.1,8.1002,8.1,8.1,5250,0
JCO.US,5,20211221,161000,8.1,8.1,8.1,8.1,4719,0
JCO.US,5,20211221,162000,8.1,8.1014,8.1,8.1014,307,0
JCO.US,5,20211221,162500,8.1,8.1,8.1,8.1,100,0
JCO.US,5,20211221,163000,8.1,8.1001,8.1,8.1001,6732,0
JCO.US,5,20211221,163500,8.1083,8.1083,8.1083,8.1083,107,0
JCO.US,5,20211221,164000,8.1,8.1,8.1,8.1,2376,0
JCO.US,5,20211221,164500,8.1084,8.1084,8.1084,8.1084,315,0
JCO.US,5,20211221,165500,8.1092,8.1092,8.1092,8.1092,1800,0
JCO.US,5,20211221,170000,8.1,8.1,8.1,8.1,2150,0
JCO.US,5,20211221,171500,8.1,8.105,8.1,8.105,7600,0
JCO.US,5,20211221,172000,8.1,8.1001,8.1,8.1,6702,0
JCO.US,5,20211221,173000,8.1,8.1,8.1,8.1,9343,0
JCO.US,5,20211221,174000,8.1,8.1,8.1,8.1,6219,0
JCO.US,5,20211221,175000,8.11,8.11,8.11,8.11,1000,0
JCO.US,5,20211221,175500,8.105,8.105,8.105,8.105,1479,0
JCO.US,5,20211221,180500,8.101,8.1085,8.101,8.105,2900,0
JCO.US,5,20211221,181500,8.1001,8.1001,8.1001,8.1001,400,0
JCO.US,5,20211221,182000,8.1,8.105,8.1,8.1,13200,0
JCO.US,5,20211221,183500,8.1093,8.1093,8.1093,8.1093,100,0
JCO.US,5,20211221,184500,8.1032,8.1032,8.1032,8.1032,1400,0
JCO.US,5,20211221,185000,8.1,8.1,8.1,8.1,10401,0
JCO.US,5,20211221,191000,8.1,8.1,8.1,8.1,100,0
JCO.US,5,20211221,192000,8.105,8.11,8.105,8.11,20200,0
JCO.US,5,20211221,192500,8.1092,8.1092,8.105,8.105,6200,0
JCO.US,5,20211221,193000,8.1,8.1014,8.1,8.1014,6649,0
JCO.US,5,20211221,193500,8.105,8.105,8.1,8.1,8000,0
JCO.US,5,20211221,194000,8.1,8.1,8.1,8.1,2150,0
JCO.US,5,20211221,195000,8.11,8.11,8.11,8.11,500,0
JCO.US,5,20211221,200000,8.11,8.11,8.105,8.1097,4950,0
JCO.US,5,20211221,202500,8.11,8.11,8.11,8.11,200,0
JCO.US,5,20211221,203500,8.1098,8.11,8.1098,8.11,7034,0
JCO.US,5,20211221,204000,8.1,8.1,8.1,8.1,2800,0
JCO.US,5,20211221,205000,8.105,8.105,8.1,8.1,3100,0
JCO.US,5,20211221,211500,8.1,8.11,8.1,8.105,12213,0
JCO.US,5,20211221,212000,8.1,8.105,8.1,8.105,9975,0
JCO.US,5,20211221,212500,8.105,8.11,8.1,8.105,17946,0
JCO.US,5,20211221,213000,8.105,8.11,8.105,8.105,3185,0
JCO.US,5,20211221,214000,8.105,8.105,8.105,8.105,1327,0
JCO.US,5,20211221,214500,8.105,8.105,8.1,8.1,4448,0
JCO.US,5,20211221,215000,8.11,8.11,8.11,8.11,615,0
JCO.US,5,20211221,215500,8.11,8.11,8.1,8.1,5157,0
JCO.US,5,20211222,153000,8.1,8.1001,8.1,8.1001,15151,0
JCO.US,5,20211222,153500,8.09,8.1,8.09,8.0995,4001,0
JCO.US,5,20211222,154000,8.105,8.105,8.105,8.105,199,0
JCO.US,5,20211222,154500,8.1001,8.101,8.1001,8.101,8000,0
JCO.US,5,20211222,155000,8.105,8.105,8.1,8.1,5442,0
JCO.US,5,20211222,155500,8.1,8.1,8.1,8.1,10842,0
JCO.US,5,20211222,160500,8.1,8.105,8.1,8.105,9443,0
JCO.US,5,20211222,161000,8.1,8.1,8.1,8.1,3250,0
JCO.US,5,20211222,161500,8.1,8.11,8.1,8.105,6408,0
JCO.US,5,20211222,162000,8.1,8.1,8.1,8.1,14000,0
JCO.US,5,20211222,162500,8.105,8.105,8.1,8.1001,1900,0
JCO.US,5,20211222,163500,8.1,8.11,8.08,8.1,22816,0
JCO.US,5,20211222,164000,8.08,8.08,8.08,8.08,21284,0
JCO.US,5,20211222,164500,8.07,8.075,8.07,8.07,10200,0
JCO.US,5,20211222,165000,8.07,8.08,8.07,8.073,16100,0
JCO.US,5,20211222,165500,8.073,8.08,8.0724,8.0724,10000,0
JCO.US,5,20211222,170000,8.0758,8.08,8.0758,8.0793,1500,0
JCO.US,5,20211222,171000,8.08,8.08,8.08,8.08,482,0
JCO.US,5,20211222,171500,8.07,8.0702,8.07,8.07,2300,0
JCO.US,5,20211222,172000,8.0724,8.0724,8.0724,8.0724,7500,0
JCO.US,5,20211222,172500,8.0762,8.0791,8.0762,8.0791,1000,0
JCO.US,5,20211222,173500,8.0799,8.0799,8.0799,8.0799,100,0
JCO.US,5,20211222,174000,8.0716,8.0716,8.0716,8.0716,5000,0
JCO.US,5,20211222,174500,8.075,8.08,8.075,8.075,11771,0
JCO.US,5,20211222,175000,8.0799,8.08,8.0799,8.08,5100,0
JCO.US,5,20211222,180000,8.08,8.08,8.08,8.08,100,0
JCO.US,5,20211222,181000,8.075,8.08,8.075,8.08,500,0
JCO.US,5,20211222,182500,8.0701,8.08,8.07,8.075,6423,0
JCO.US,5,20211222,183000,8.0706,8.0706,8.0706,8.0706,500,0
JCO.US,5,20211222,183500,8.0614,8.07,8.06,8.07,17388,0
JCO.US,5,20211222,184000,8.07,8.0798,8.0675,8.0798,3500,0
JCO.US,5,20211222,191000,8.07,8.07,8.06,8.07,3300,0
JCO.US,5,20211222,192500,8.08,8.08,8.08,8.08,1700,0
JCO.US,5,20211222,193000,8.0832,8.09,8.08,8.09,7480,0
JCO.US,5,20211222,193500,8.1,8.1,8.1,8.1,5900,0
JCO.US,5,20211222,194000,8.0923,8.0923,8.0923,8.0923,3500,0
JCO.US,5,20211222,194500,8.095,8.095,8.095,8.095,1100,0
JCO.US,5,20211222,200000,8.09,8.09,8.09,8.09,5000,0
JCO.US,5,20211222,200500,8.1,8.1,8.1,8.1,1500,0
JCO.US,5,20211222,202000,8.09,8.1,8.085,8.1,7206,0
JCO.US,5,20211222,202500,8.1,8.1,8.1,8.1,6875,0
JCO.US,5,20211222,204000,8.1,8.1,8.1,8.1,9100,0
JCO.US,5,20211222,211500,8.1,8.105,8.1,8.105,6146,0
JCO.US,5,20211222,212000,8.1,8.105,8.1,8.105,4481,0
JCO.US,5,20211222,213000,8.1,8.1,8.1,8.1,2100,0
JCO.US,5,20211222,213500,8.105,8.11,8.105,8.105,703,0
JCO.US,5,20211222,214500,8.1,8.1001,8.1,8.1001,11000,0
JCO.US,5,20211222,215000,8.1,8.1,8.1,8.1,350,0
JCO.US,5,20211222,215500,8.1,8.1,8.1,8.1,2050,0
JCO.US,5,20211223,153000,8.08,8.08,8.08,8.08,8735,0
JCO.US,5,20211223,153500,8.09,8.09,8.09,8.09,600,0
JCO.US,5,20211223,154000,8.08,8.08,8.08,8.08,500,0
JCO.US,5,20211223,155000,8.085,8.085,8.08,8.08,24646,0
JCO.US,5,20211223,161500,8.07,8.07,8.07,8.07,2000,0
JCO.US,5,20211223,162000,8.075,8.075,8.075,8.075,700,0
JCO.US,5,20211223,163000,8.07,8.075,8.07,8.075,3852,0
JCO.US,5,20211223,163500,8.07,8.07,8.07,8.07,262,0
JCO.US,5,20211223,164500,8.075,8.075,8.0729,8.075,2913,0
JCO.US,5,20211223,165500,8.0794,8.0794,8.075,8.075,1100,0
JCO.US,5,20211223,170000,8.0793,8.08,8.073,8.073,3500,0
JCO.US,5,20211223,170500,8.08,8.08,8.08,8.08,600,0
JCO.US,5,20211223,171000,8.075,8.08,8.075,8.075,4207,0
JCO.US,5,20211223,172000,8.0715,8.075,8.0715,8.075,2300,0
JCO.US,5,20211223,172500,8.075,8.0796,8.075,8.075,1500,0
JCO.US,5,20211223,173000,8.075,8.075,8.075,8.075,400,0
JCO.US,5,20211223,173500,8.08,8.08,8.075,8.075,2256,0
JCO.US,5,20211223,174000,8.075,8.08,8.075,8.075,400,0
JCO.US,5,20211223,174500,8.075,8.09,8.075,8.09,1810,0
JCO.US,5,20211223,175000,8.09,8.09,8.085,8.09,3847,0
JCO.US,5,20211223,175500,8.09,8.09,8.0816,8.09,6000,0
JCO.US,5,20211223,180000,8.09,8.09,8.08,8.09,1402,0
JCO.US,5,20211223,180500,8.09,8.09,8.08,8.08,1100,0
JCO.US,5,20211223,181000,8.09,8.09,8.08,8.09,1700,0
JCO.US,5,20211223,181500,8.08,8.09,8.08,8.08,1000,0
JCO.US,5,20211223,182000,8.08,8.09,8.08,8.08,1000,0
JCO.US,5,20211223,182500,8.09,8.09,8.08,8.09,1000,0
JCO.US,5,20211223,183000,8.09,8.09,8.08,8.08,1200,0
JCO.US,5,20211223,183500,8.09,8.09,8.08,8.09,1300,0
JCO.US,5,20211223,184000,8.09,8.09,8.08,8.09,2500,0
JCO.US,5,20211223,184500,8.09,8.09,8.09,8.09,600,0
JCO.US,5,20211223,185000,8.1,8.1,8.0923,8.1,1500,0
JCO.US,5,20211223,185500,8.1,8.1,8.1,8.1,800,0
JCO.US,5,20211223,190000,8.1,8.1,8.09,8.1,1100,0
JCO.US,5,20211223,190500,8.1,8.1,8.09,8.09,900,0
JCO.US,5,20211223,191000,8.1,8.1,8.1,8.1,600,0
JCO.US,5,20211223,191500,8.1094,8.1094,8.1094,8.1094,752,0
JCO.US,5,20211223,192000,8.1,8.1001,8.1,8.1,13087,0
JCO.US,5,20211223,192500,8.1,8.1,8.1,8.1,100,0
JCO.US,5,20211223,193000,8.1,8.1,8.1,8.1,200,0
JCO.US,5,20211223,193500,8.1,8.105,8.1,8.1,4306,0
JCO.US,5,20211223,194000,8.11,8.11,8.11,8.11,3000,0
JCO.US,5,20211223,194500,8.1046,8.1046,8.1,8.1,1527,0
JCO.US,5,20211223,195000,8.1,8.1,8.1,8.1,300,0
JCO.US,5,20211223,195500,8.1,8.11,8.1,8.1,900,0
JCO.US,5,20211223,200000,8.1,8.1,8.1,8.1,300,0
JCO.US,5,20211223,200500,8.1,8.11,8.09,8.1,14822,0
JCO.US,5,20211223,201000,8.1,8.1,8.1,8.1,200,0
JCO.US,5,20211223,201500,8.1032,8.1032,8.1,8.1,1300,0
JCO.US,5,20211223,202000,8.1,8.1,8.1,8.1,100,0
JCO.US,5,20211223,202500,8.1,8.1,8.1,8.1,100,0
JCO.US,5,20211223,203000,8.1,8.1,8.1,8.1,200,0
JCO.US,5,20211223,203500,8.1,8.1,8.08,8.1,3000,0
JCO.US,5,20211223,204000,8.08,8.1,8.08,8.1,4000,0
JCO.US,5,20211223,204500,8.08,8.1,8.08,8.1,2615,0
JCO.US,5,20211223,205000,8.1,8.1,8.09,8.09,3700,0
JCO.US,5,20211223,205500,8.1,8.1,8.08,8.1,3700,0
JCO.US,5,20211223,210000,8.08,8.08,8.08,8.08,400,0
JCO.US,5,20211223,210500,8.08,8.08,8.08,8.08,400,0
JCO.US,5,20211223,211000,8.08,8.085,8.08,8.085,800,0
JCO.US,5,20211223,211500,8.08,8.085,8.07,8.08,5975,0
JCO.US,5,20211223,212000,8.08,8.09,8.08,8.09,6268,0
JCO.US,5,20211223,212500,8.08,8.08,8.08,8.08,300,0
JCO.US,5,20211223,213000,8.085,8.085,8.08,8.083,2632,0
JCO.US,5,20211223,213500,8.08,8.08,8.08,8.08,300,0
JCO.US,5,20211223,214000,8.08,8.08,8.08,8.08,804,0
JCO.US,5,20211223,214500,8.08,8.08,8.07,8.07,754,0
JCO.US,5,20211223,215000,8.08,8.08,8.07,8.07,16600,0
JCO.US,5,20211223,215500,8.07,8.08,8.07,8.07,17336,0
