<TICKER>,<PER>,<DATE>,<TIME>,<OPEN>,<HIGH>,<LOW>,<CLOSE>,<VOL>,<OPENINT>
JRS.US,5,20211104,143000,11.78,11.78,11.7273,11.7273,2714,0
JRS.US,5,20211104,144000,11.735,11.735,11.735,11.735,288,0
JRS.US,5,20211104,144500,11.75,11.75,11.7201,11.7439,733,0
JRS.US,5,20211104,145000,11.7462,11.75,11.7326,11.75,1166,0
JRS.US,5,20211104,150000,11.74,11.74,11.74,11.74,100,0
JRS.US,5,20211104,150500,11.74,11.74,11.73,11.735,300,0
JRS.US,5,20211104,151000,11.75,11.75,11.75,11.75,500,0
JRS.US,5,20211104,151500,11.745,11.77,11.745,11.77,1373,0
JRS.US,5,20211104,152500,11.755,11.755,11.755,11.755,100,0
JRS.US,5,20211104,153500,11.755,11.77,11.755,11.77,300,0
JRS.US,5,20211104,154000,11.7436,11.7436,11.7436,11.7436,400,0
JRS.US,5,20211104,154500,11.755,11.755,11.755,11.755,400,0
JRS.US,5,20211104,155000,11.755,11.765,11.755,11.765,4531,0
JRS.US,5,20211104,155500,11.765,11.77,11.765,11.765,574,0
JRS.US,5,20211104,160000,11.765,11.78,11.765,11.77,1500,0
JRS.US,5,20211104,160500,11.77,11.77,11.77,11.77,300,0
JRS.US,5,20211104,161000,11.77,11.77,11.77,11.77,435,0
JRS.US,5,20211104,161500,11.77,11.77,11.77,11.77,2695,0
JRS.US,5,20211104,162000,11.77,11.77,11.77,11.77,200,0
JRS.US,5,20211104,162500,11.77,11.77,11.77,11.77,200,0
JRS.US,5,20211104,163000,11.77,11.77,11.77,11.77,800,0
JRS.US,5,20211104,163500,11.77,11.78,11.77,11.7777,4780,0
JRS.US,5,20211104,164000,11.77,11.78,11.77,11.77,1925,0
JRS.US,5,20211104,164500,11.77,11.77,11.77,11.77,300,0
JRS.US,5,20211104,165000,11.77,11.77,11.77,11.77,200,0
JRS.US,5,20211104,170000,11.77,11.77,11.77,11.77,200,0
JRS.US,5,20211104,170500,11.77,11.77,11.77,11.77,200,0
JRS.US,5,20211104,171000,11.77,11.77,11.77,11.77,500,0
JRS.US,5,20211104,171500,11.77,11.77,11.77,11.77,100,0
JRS.US,5,20211104,172000,11.76,11.7781,11.76,11.76,1300,0
JRS.US,5,20211104,172500,11.76,11.76,11.76,11.76,200,0
JRS.US,5,20211104,173000,11.76,11.76,11.76,11.76,300,0
JRS.US,5,20211104,173500,11.76,11.76,11.76,11.76,800,0
JRS.US,5,20211104,174000,11.76,11.76,11.76,11.76,300,0
JRS.US,5,20211104,174500,11.77,11.77,11.76,11.76,330,0
JRS.US,5,20211104,175000,11.76,11.76,11.76,11.76,100,0
JRS.US,5,20211104,175500,11.76,11.76,11.76,11.76,300,0
JRS.US,5,20211104,180000,11.76,11.76,11.76,11.76,300,0
JRS.US,5,20211104,180500,11.76,11.76,11.76,11.76,100,0
JRS.US,5,20211104,181000,11.76,11.76,11.76,11.76,7911,0
JRS.US,5,20211104,181500,11.76,11.76,11.76,11.76,200,0
JRS.US,5,20211104,182000,11.76,11.76,11.76,11.76,300,0
JRS.US,5,20211104,182500,11.763,11.763,11.76,11.76,509,0
JRS.US,5,20211104,183000,11.76,11.767,11.76,11.767,3175,0
JRS.US,5,20211104,183500,11.76,11.76,11.76,11.76,2700,0
JRS.US,5,20211104,184000,11.765,11.77,11.765,11.77,4900,0
JRS.US,5,20211104,185000,11.768,11.768,11.76,11.76,200,0
JRS.US,5,20211104,185500,11.76,11.7601,11.76,11.76,2648,0
JRS.US,5,20211104,190000,11.76,11.7601,11.76,11.76,3330,0
JRS.US,5,20211104,190500,11.76,11.76,11.725,11.725,1700,0
JRS.US,5,20211104,191000,11.725,11.725,11.7,11.7,300,0
JRS.US,5,20211104,191500,11.725,11.725,11.7,11.7,300,0
JRS.US,5,20211104,192000,11.725,11.725,11.725,11.725,200,0
JRS.US,5,20211104,192500,11.7,11.725,11.7,11.725,7800,0
JRS.US,5,20211104,193000,11.75,11.75,11.725,11.725,700,0
JRS.US,5,20211104,193500,11.7,11.725,11.7,11.725,400,0
JRS.US,5,20211104,194000,11.725,11.725,11.7,11.725,700,0
JRS.US,5,20211104,194500,11.71,11.71,11.7,11.7,500,0
JRS.US,5,20211104,195000,11.695,11.695,11.695,11.695,100,0
JRS.US,5,20211104,195500,11.695,11.7,11.695,11.7,1000,0
JRS.US,5,20211104,200000,11.695,11.7,11.695,11.7,500,0
JRS.US,5,20211104,200500,11.7,11.715,11.7,11.715,1100,0
JRS.US,5,20211104,201000,11.715,11.715,11.7,11.715,500,0
JRS.US,5,20211104,201500,11.715,11.715,11.7,11.71,500,0
JRS.US,5,20211104,202000,11.71,11.72,11.7,11.72,576,0
JRS.US,5,20211104,202500,11.71,11.71,11.7,11.7,200,0
JRS.US,5,20211104,203000,11.7,11.71,11.7,11.7,1047,0
JRS.US,5,20211104,203500,11.7,11.7,11.69,11.7,1500,0
JRS.US,5,20211104,204000,11.69,11.7,11.69,11.7,800,0
JRS.US,5,20211104,204500,11.7097,11.7097,11.69,11.69,1014,0
JRS.US,5,20211104,205000,11.7,11.7,11.69,11.695,3047,0
JRS.US,5,20211104,205500,11.69,11.69,11.67,11.68,1611,0
JRS.US,5,20211105,143000,11.78,11.78,11.78,11.78,9920,0
JRS.US,5,20211105,143500,11.79,11.8,11.79,11.8,1319,0
JRS.US,5,20211105,144000,11.8,11.83,11.8,11.8298,4768,0
JRS.US,5,20211105,144500,11.8343,11.85,11.8343,11.85,1700,0
JRS.US,5,20211105,145500,11.84,11.84,11.84,11.84,500,0
JRS.US,5,20211105,150000,11.84,11.85,11.836,11.85,1673,0
JRS.US,5,20211105,151000,11.84,11.84,11.84,11.84,100,0
JRS.US,5,20211105,151500,11.845,11.85,11.84,11.84,2700,0
JRS.US,5,20211105,152000,11.84,11.84,11.84,11.84,1140,0
JRS.US,5,20211105,153000,11.8004,11.83,11.8004,11.83,375,0
JRS.US,5,20211105,154000,11.82,11.83,11.82,11.83,3600,0
JRS.US,5,20211105,154500,11.82,11.82,11.82,11.82,1200,0
JRS.US,5,20211105,155000,11.8251,11.8251,11.82,11.82,10262,0
JRS.US,5,20211105,155500,11.84,11.84,11.82,11.82,2077,0
JRS.US,5,20211105,160000,11.8361,11.8361,11.82,11.825,3967,0
JRS.US,5,20211105,160500,11.825,11.83,11.815,11.815,5615,0
JRS.US,5,20211105,161000,11.8159,11.8159,11.8158,11.8158,800,0
JRS.US,5,20211105,161500,11.8,11.815,11.8,11.8,746,0
JRS.US,5,20211105,162000,11.81,11.81,11.81,11.81,100,0
JRS.US,5,20211105,162500,11.8127,11.8127,11.8,11.8,2100,0
JRS.US,5,20211105,163000,11.8,11.81,11.8,11.8,500,0
JRS.US,5,20211105,163500,11.8,11.8,11.78,11.785,515,0
JRS.US,5,20211105,164000,11.79,11.82,11.79,11.815,4581,0
JRS.US,5,20211105,164500,11.83,11.83,11.82,11.83,6500,0
JRS.US,5,20211105,165000,11.81,11.83,11.81,11.82,3300,0
JRS.US,5,20211105,165500,11.81,11.815,11.81,11.815,1100,0
JRS.US,5,20211105,170000,11.81,11.815,11.81,11.81,1110,0
JRS.US,5,20211105,170500,11.81,11.815,11.81,11.81,1200,0
JRS.US,5,20211105,171000,11.8112,11.815,11.81,11.81,1680,0
JRS.US,5,20211105,171500,11.8101,11.815,11.805,11.805,2718,0
JRS.US,5,20211105,172000,11.805,11.805,11.8,11.8,300,0
JRS.US,5,20211105,172500,11.78,11.7897,11.78,11.7897,700,0
JRS.US,5,20211105,173500,11.78,11.78,11.77,11.77,330,0
JRS.US,5,20211105,174000,11.78,11.78,11.78,11.78,100,0
JRS.US,5,20211105,174500,11.78,11.7899,11.78,11.7899,1119,0
JRS.US,5,20211105,175500,11.78,11.78,11.78,11.78,300,0
JRS.US,5,20211105,180000,11.79,11.79,11.7714,11.7714,2111,0
JRS.US,5,20211105,180500,11.77,11.79,11.77,11.79,3383,0
JRS.US,5,20211105,182000,11.77,11.77,11.77,11.77,200,0
JRS.US,5,20211105,183000,11.78,11.78,11.78,11.78,400,0
JRS.US,5,20211105,183500,11.78,11.78,11.77,11.77,770,0
JRS.US,5,20211105,184000,11.78,11.78,11.77,11.77,300,0
JRS.US,5,20211105,184500,11.77,11.77,11.77,11.77,200,0
JRS.US,5,20211105,185500,11.76,11.76,11.76,11.76,100,0
JRS.US,5,20211105,190000,11.76,11.7783,11.76,11.7783,700,0
JRS.US,5,20211105,190500,11.78,11.8,11.78,11.8,3833,0
JRS.US,5,20211105,191000,11.8,11.805,11.8,11.805,1300,0
JRS.US,5,20211105,191500,11.805,11.805,11.805,11.805,300,0
JRS.US,5,20211105,192000,11.8,11.8,11.8,11.8,300,0
JRS.US,5,20211105,192500,11.8,11.8,11.79,11.79,700,0
JRS.US,5,20211105,193000,11.8,11.81,11.79,11.79,5700,0
JRS.US,5,20211105,193500,11.81,11.82,11.81,11.81,4934,0
JRS.US,5,20211105,194000,11.8,11.8,11.8,11.8,100,0
JRS.US,5,20211105,194500,11.8,11.805,11.8,11.8,700,0
JRS.US,5,20211105,195000,11.8099,11.8099,11.8099,11.8099,100,0
JRS.US,5,20211105,195500,11.8,11.81,11.8,11.8,4600,0
JRS.US,5,20211105,200000,11.8,11.8,11.8,11.8,500,0
JRS.US,5,20211105,200500,11.8,11.8,11.7935,11.7935,2183,0
JRS.US,5,20211105,201000,11.79,11.79,11.79,11.79,200,0
JRS.US,5,20211105,201500,11.795,11.795,11.795,11.795,100,0
JRS.US,5,20211105,202000,11.795,11.795,11.795,11.795,100,0
JRS.US,5,20211105,202500,11.8,11.8,11.79,11.79,1000,0
JRS.US,5,20211105,203000,11.79,11.79,11.75,11.75,2785,0
JRS.US,5,20211105,203500,11.775,11.775,11.775,11.775,200,0
JRS.US,5,20211105,204000,11.775,11.775,11.775,11.775,300,0
JRS.US,5,20211105,204500,11.775,11.775,11.775,11.775,200,0
JRS.US,5,20211105,205000,11.8,11.8,11.76,11.8,1018,0
JRS.US,5,20211105,205500,11.8,11.81,11.75,11.81,7914,0
JRS.US,5,20211108,153000,11.81,11.81,11.8,11.8,8713,0
JRS.US,5,20211108,154000,11.77,11.7984,11.7577,11.775,5953,0
JRS.US,5,20211108,154500,11.7505,11.8,11.7505,11.8,10112,0
JRS.US,5,20211108,155000,11.8,11.8,11.8,11.8,100,0
JRS.US,5,20211108,155500,11.8,11.8,11.7711,11.7711,355,0
JRS.US,5,20211108,160000,11.8,11.8,11.7501,11.8,689,0
JRS.US,5,20211108,160500,11.75,11.8,11.75,11.8,200,0
JRS.US,5,20211108,161000,11.8,11.8,11.8,11.8,100,0
JRS.US,5,20211108,161500,11.81,11.81,11.81,11.81,100,0
JRS.US,5,20211108,162000,11.81,11.81,11.81,11.81,300,0
JRS.US,5,20211108,162500,11.7506,11.84,11.7506,11.83,7655,0
JRS.US,5,20211108,163000,11.83,11.83,11.83,11.83,200,0
JRS.US,5,20211108,163500,11.83,11.835,11.825,11.825,6083,0
JRS.US,5,20211108,164000,11.825,11.825,11.81,11.81,601,0
JRS.US,5,20211108,165000,11.8155,11.8155,11.815,11.815,207,0
JRS.US,5,20211108,165500,11.81,11.815,11.81,11.81,2846,0
JRS.US,5,20211108,170000,11.79,11.79,11.78,11.78,1000,0
JRS.US,5,20211108,170500,11.785,11.785,11.785,11.785,847,0
JRS.US,5,20211108,171500,11.78,11.79,11.776,11.78,2830,0
JRS.US,5,20211108,172000,11.78,11.81,11.77,11.77,1300,0
JRS.US,5,20211108,172500,11.8027,11.8027,11.78,11.78,6640,0
JRS.US,5,20211108,173000,11.81,11.82,11.802,11.82,4062,0
JRS.US,5,20211108,174000,11.83,11.83,11.83,11.83,100,0
JRS.US,5,20211108,174500,11.83,11.84,11.8,11.8,6093,0
JRS.US,5,20211108,175000,11.85,11.85,11.85,11.85,100,0
JRS.US,5,20211108,175500,11.84,11.84,11.84,11.84,100,0
JRS.US,5,20211108,180000,11.82,11.82,11.82,11.82,200,0
JRS.US,5,20211108,180500,11.82,11.82,11.82,11.82,100,0
JRS.US,5,20211108,181000,11.82,11.825,11.82,11.825,400,0
JRS.US,5,20211108,181500,11.825,11.83,11.825,11.825,1400,0
JRS.US,5,20211108,182000,11.83,11.84,11.82,11.82,4190,0
JRS.US,5,20211108,182500,11.82,11.83,11.82,11.8233,1070,0
JRS.US,5,20211108,183000,11.83,11.845,11.82,11.845,2405,0
JRS.US,5,20211108,183500,11.8451,11.85,11.84,11.84,2700,0
JRS.US,5,20211108,184000,11.84,11.84,11.825,11.825,3554,0
JRS.US,5,20211108,184500,11.82,11.82,11.81,11.81,200,0
JRS.US,5,20211108,185500,11.81,11.81,11.81,11.81,1100,0
JRS.US,5,20211108,190000,11.82,11.83,11.82,11.83,700,0
JRS.US,5,20211108,190500,11.82,11.83,11.81,11.82,1100,0
JRS.US,5,20211108,191000,11.82,11.82,11.8163,11.82,4200,0
JRS.US,5,20211108,191500,11.8167,11.82,11.81,11.81,2577,0
JRS.US,5,20211108,192000,11.8007,11.81,11.8007,11.8099,2102,0
JRS.US,5,20211108,193000,11.82,11.82,11.8193,11.82,4740,0
JRS.US,5,20211108,193500,11.7983,11.82,11.7983,11.805,878,0
JRS.US,5,20211108,194000,11.82,11.82,11.82,11.82,100,0
JRS.US,5,20211108,194500,11.82,11.82,11.8019,11.8019,600,0
JRS.US,5,20211108,195500,11.8057,11.8057,11.8057,11.8057,200,0
JRS.US,5,20211108,200000,11.83,11.83,11.8105,11.8105,253,0
JRS.US,5,20211108,201000,11.8202,11.87,11.8202,11.83,7370,0
JRS.US,5,20211108,201500,11.845,11.845,11.845,11.845,100,0
JRS.US,5,20211108,202500,11.85,11.85,11.85,11.85,100,0
JRS.US,5,20211108,203500,11.85,11.85,11.84,11.84,3799,0
JRS.US,5,20211108,204000,11.86,11.87,11.855,11.855,3540,0
JRS.US,5,20211108,204500,11.88,11.88,11.855,11.855,301,0
JRS.US,5,20211108,205000,11.88,11.88,11.88,11.88,100,0
JRS.US,5,20211108,205500,11.88,11.9,11.88,11.88,330,0
JRS.US,5,20211108,210500,11.88,11.91,11.88,11.9,2300,0
JRS.US,5,20211108,211000,11.88,11.93,11.88,11.9,1496,0
JRS.US,5,20211108,211500,11.87,11.87,11.87,11.87,100,0
JRS.US,5,20211108,212000,11.882,11.9,11.882,11.885,1590,0
JRS.US,5,20211108,212500,11.885,11.9,11.885,11.9,709,0
JRS.US,5,20211108,213000,11.9,11.9,11.8902,11.9,1265,0
JRS.US,5,20211108,214000,11.8714,11.8716,11.86,11.86,1461,0
JRS.US,5,20211108,214500,11.875,11.875,11.875,11.875,100,0
JRS.US,5,20211108,215000,11.872,11.9,11.87,11.9,1952,0
JRS.US,5,20211108,215500,11.9,11.95,11.9,11.91,6435,0
JRS.US,5,20211109,153000,11.95,11.95,11.95,11.95,706,0
JRS.US,5,20211109,153500,11.9599,11.96,11.9599,11.96,2300,0
JRS.US,5,20211109,154500,11.92,11.95,11.92,11.94,3338,0
JRS.US,5,20211109,155000,11.91,11.915,11.9,11.9001,2500,0
JRS.US,5,20211109,155500,11.9,11.915,11.9,11.9,6909,0
JRS.US,5,20211109,160000,11.93,11.93,11.915,11.93,753,0
JRS.US,5,20211109,160500,11.9158,11.9158,11.9158,11.9158,1105,0
JRS.US,5,20211109,161000,11.92,11.93,11.92,11.93,1211,0
JRS.US,5,20211109,161500,11.91,11.91,11.91,11.91,566,0
JRS.US,5,20211109,163000,11.9152,11.9152,11.9152,11.9152,1000,0
JRS.US,5,20211109,163500,11.93,11.94,11.91,11.94,7280,0
JRS.US,5,20211109,165000,11.94,11.95,11.9398,11.9398,6725,0
JRS.US,5,20211109,165500,11.935,11.935,11.935,11.935,500,0
JRS.US,5,20211109,171000,11.95,11.9598,11.95,11.9598,1469,0
JRS.US,5,20211109,172000,11.91,11.91,11.91,11.91,1065,0
JRS.US,5,20211109,174500,11.8652,11.8652,11.8652,11.8652,348,0
JRS.US,5,20211109,175000,11.8604,11.8604,11.8604,11.8604,280,0
JRS.US,5,20211109,175500,11.88,11.9,11.87,11.9,1816,0
JRS.US,5,20211109,180500,11.8823,11.8823,11.8823,11.8823,100,0
JRS.US,5,20211109,181000,11.9,11.9,11.9,11.9,161,0
JRS.US,5,20211109,181500,11.8957,11.8957,11.8901,11.8903,2600,0
JRS.US,5,20211109,182000,11.9,11.9,11.9,11.9,100,0
JRS.US,5,20211109,183500,11.91,11.91,11.9,11.9,796,0
JRS.US,5,20211109,185500,11.93,11.93,11.93,11.93,110,0
JRS.US,5,20211109,190000,11.8958,11.8958,11.8958,11.8958,276,0
JRS.US,5,20211109,191000,11.9397,11.9397,11.9397,11.9397,1000,0
JRS.US,5,20211109,191500,11.89,11.89,11.89,11.89,380,0
JRS.US,5,20211109,200000,11.94,11.95,11.9101,11.9211,5355,0
JRS.US,5,20211109,200500,11.9133,11.9133,11.9133,11.9133,500,0
JRS.US,5,20211109,201500,11.9,11.9,11.9,11.9,1000,0
JRS.US,5,20211109,204000,11.9113,11.95,11.9113,11.9399,3788,0
JRS.US,5,20211109,204500,11.9241,11.9241,11.9241,11.9241,450,0
JRS.US,5,20211109,210000,11.9342,11.9342,11.9342,11.9342,300,0
JRS.US,5,20211109,211000,11.9599,11.9599,11.9599,11.9599,2000,0
JRS.US,5,20211109,211500,11.945,11.945,11.945,11.945,1361,0
JRS.US,5,20211109,212500,11.95,11.95,11.95,11.95,200,0
JRS.US,5,20211109,214000,11.95,11.95,11.95,11.95,1300,0
JRS.US,5,20211109,215500,11.95,11.96,11.9465,11.96,1485,0
JRS.US,5,20211110,153000,11.95,11.95,11.94,11.94,1789,0
JRS.US,5,20211110,153500,11.9,11.95,11.9,11.95,800,0
JRS.US,5,20211110,154000,11.95,11.95,11.95,11.95,5660,0
JRS.US,5,20211110,154500,11.93,11.93,11.93,11.93,800,0
JRS.US,5,20211110,155000,11.95,11.95,11.95,11.95,600,0
JRS.US,5,20211110,155500,11.9153,11.9153,11.9153,11.9153,348,0
JRS.US,5,20211110,160500,11.9159,11.93,11.9159,11.93,750,0
JRS.US,5,20211110,161500,11.9164,11.9164,11.9164,11.9164,168,0
JRS.US,5,20211110,162500,11.95,11.99,11.93,11.99,1946,0
JRS.US,5,20211110,163000,11.9328,11.96,11.9328,11.96,1668,0
JRS.US,5,20211110,163500,11.93,11.93,11.93,11.93,100,0
JRS.US,5,20211110,164000,11.945,11.945,11.945,11.945,400,0
JRS.US,5,20211110,164500,11.96,11.96,11.96,11.96,1128,0
JRS.US,5,20211110,165000,11.98,11.99,11.9675,11.99,895,0
JRS.US,5,20211110,165500,11.99,11.99,11.98,11.98,290,0
JRS.US,5,20211110,170000,11.97,11.98,11.97,11.98,2181,0
JRS.US,5,20211110,172000,11.99,11.99,11.99,11.99,180,0
JRS.US,5,20211110,172500,11.99,12,11.97,12,2866,0
JRS.US,5,20211110,173000,11.985,12,11.975,12,5659,0
JRS.US,5,20211110,174000,12,12.05,11.9905,12.03,10407,0
JRS.US,5,20211110,180000,12.02,12.07,12.01,12.06,5076,0
JRS.US,5,20211110,180500,12.06,12.07,12.0499,12.07,2627,0
JRS.US,5,20211110,181000,12.07,12.07,12.07,12.07,702,0
JRS.US,5,20211110,181500,12.07,12.07,12.07,12.07,1100,0
JRS.US,5,20211110,182000,12.07,12.07,12.06,12.06,2357,0
JRS.US,5,20211110,183000,12.06,12.08,12.06,12.08,1945,0
JRS.US,5,20211110,183500,12.06,12.07,12.06,12.07,600,0
JRS.US,5,20211110,184000,12.0602,12.07,12.0602,12.0602,3210,0
JRS.US,5,20211110,184500,12.06,12.07,12.03,12.036,4163,0
JRS.US,5,20211110,185000,12.0508,12.07,12.0508,12.07,2836,0
JRS.US,5,20211110,185500,12.07,12.07,12.07,12.07,1100,0
JRS.US,5,20211110,190000,12.075,12.075,12.06,12.06,2300,0
JRS.US,5,20211110,190500,12.05,12.06,12.05,12.06,3400,0
JRS.US,5,20211110,191500,12.0795,12.0795,12.0795,12.0795,825,0
JRS.US,5,20211110,192000,12.065,12.065,12.065,12.065,300,0
JRS.US,5,20211110,192500,12.0675,12.09,12.05,12.071,8000,0
JRS.US,5,20211110,193000,12.09,12.09,12.09,12.09,400,0
JRS.US,5,20211110,193500,12.09,12.0978,12.065,12.065,3950,0
JRS.US,5,20211110,194000,12.05,12.05,12.02,12.02,5950,0
JRS.US,5,20211110,194500,12.04,12.07,12.04,12.0441,2645,0
JRS.US,5,20211110,195000,12.05,12.05,12.05,12.05,1400,0
JRS.US,5,20211110,200000,12.0301,12.0307,11.98,11.98,7298,0
JRS.US,5,20211110,200500,11.95,11.98,11.95,11.98,1051,0
JRS.US,5,20211110,201500,11.975,11.98,11.975,11.98,3270,0
JRS.US,5,20211110,202000,11.9813,11.9813,11.98,11.9805,2300,0
JRS.US,5,20211110,202500,11.96,11.96,11.96,11.96,1000,0
JRS.US,5,20211110,203000,11.96,11.96,11.96,11.96,200,0
JRS.US,5,20211110,204000,11.9796,11.9796,11.9796,11.9796,450,0
JRS.US,5,20211110,204500,11.96,11.96,11.93,11.93,3948,0
JRS.US,5,20211110,205000,11.9004,11.9007,11.9,11.9,2100,0
JRS.US,5,20211110,205500,11.86,11.882,11.86,11.882,763,0
JRS.US,5,20211110,210000,11.86,11.86,11.82,11.84,4750,0
JRS.US,5,20211110,210500,11.84,11.84,11.81,11.82,8000,0
JRS.US,5,20211110,211500,11.87,11.87,11.87,11.87,100,0
JRS.US,5,20211110,212000,11.83,11.83,11.83,11.83,300,0
JRS.US,5,20211110,213500,11.866,11.866,11.866,11.866,407,0
JRS.US,5,20211110,214500,11.83,11.83,11.8,11.83,2955,0
JRS.US,5,20211110,215000,11.8536,11.859,11.78,11.78,2589,0
JRS.US,5,20211110,215500,11.81,11.8398,11.8,11.8,3152,0
JRS.US,5,20211111,153000,11.86,11.87,11.86,11.87,1681,0
JRS.US,5,20211111,154500,11.825,11.885,11.825,11.885,1676,0
JRS.US,5,20211111,155000,11.8509,11.92,11.8509,11.89,435,0
JRS.US,5,20211111,161000,11.9025,11.9025,11.9025,11.9025,300,0
JRS.US,5,20211111,162500,11.864,11.864,11.864,11.864,100,0
JRS.US,5,20211111,163000,11.9,11.9,11.9,11.9,200,0
JRS.US,5,20211111,165500,11.9025,11.91,11.9,11.91,2600,0
JRS.US,5,20211111,170000,11.895,11.895,11.895,11.895,100,0
JRS.US,5,20211111,170500,11.88,11.9,11.88,11.9,1135,0
JRS.US,5,20211111,172000,11.885,11.885,11.885,11.885,800,0
JRS.US,5,20211111,172500,11.885,11.885,11.885,11.885,500,0
JRS.US,5,20211111,174500,11.91,11.91,11.91,11.91,544,0
JRS.US,5,20211111,175000,11.91,11.91,11.91,11.91,728,0
JRS.US,5,20211111,175500,11.91,11.91,11.91,11.91,191,0
JRS.US,5,20211111,180000,11.91,11.91,11.9026,11.9026,1049,0
JRS.US,5,20211111,180500,11.9085,11.91,11.905,11.91,599,0
JRS.US,5,20211111,181000,11.91,11.91,11.9,11.9,900,0
JRS.US,5,20211111,183000,11.9,11.9,11.9,11.9,700,0
JRS.US,5,20211111,185000,11.92,11.92,11.92,11.92,211,0
JRS.US,5,20211111,190000,11.92,11.92,11.92,11.92,2000,0
JRS.US,5,20211111,193500,11.892,11.892,11.892,11.892,1000,0
JRS.US,5,20211111,194500,11.8816,11.8816,11.8816,11.8816,472,0
JRS.US,5,20211111,195000,11.9199,11.9199,11.9199,11.9199,1000,0
JRS.US,5,20211111,200000,11.9001,11.9001,11.89,11.89,2100,0
JRS.US,5,20211111,200500,11.88,11.8801,11.88,11.8801,600,0
JRS.US,5,20211111,202500,11.8799,11.88,11.8798,11.88,7570,0
JRS.US,5,20211111,203000,11.855,11.855,11.855,11.855,1000,0
JRS.US,5,20211111,204500,11.88,11.88,11.88,11.88,1500,0
JRS.US,5,20211111,205500,11.8302,11.8302,11.8302,11.8302,2000,0
JRS.US,5,20211111,211500,11.8508,11.8508,11.8508,11.8508,1135,0
JRS.US,5,20211111,213000,11.8796,11.8796,11.8796,11.8796,1650,0
JRS.US,5,20211111,213500,11.85,11.85,11.85,11.85,1200,0
JRS.US,5,20211111,214000,11.85,11.86,11.85,11.86,400,0
JRS.US,5,20211111,214500,11.8548,11.8548,11.8548,11.8548,2000,0
JRS.US,5,20211111,215500,11.852,11.88,11.85,11.88,1627,0
JRS.US,5,20211112,153000,11.9,11.9,11.9,11.9,1267,0
JRS.US,5,20211112,154000,11.9233,11.9233,11.9,11.9,615,0
JRS.US,5,20211112,154500,11.95,11.95,11.95,11.95,300,0
JRS.US,5,20211112,160000,11.94,11.94,11.94,11.94,100,0
JRS.US,5,20211112,160500,11.94,11.94,11.94,11.94,760,0
JRS.US,5,20211112,162000,11.935,11.935,11.93,11.93,700,0
JRS.US,5,20211112,163500,11.935,11.935,11.935,11.935,100,0
JRS.US,5,20211112,165500,11.96,11.97,11.95,11.95,1810,0
JRS.US,5,20211112,170000,11.9696,11.97,11.9696,11.97,600,0
JRS.US,5,20211112,171000,11.965,11.965,11.95,11.95,1021,0
JRS.US,5,20211112,171500,11.93,11.93,11.93,11.93,100,0
JRS.US,5,20211112,173000,11.94,11.94,11.94,11.94,100,0
JRS.US,5,20211112,173500,11.95,11.95,11.9376,11.95,1493,0
JRS.US,5,20211112,174500,11.95,11.95,11.95,11.95,100,0
JRS.US,5,20211112,175500,11.95,11.95,11.92,11.92,3771,0
JRS.US,5,20211112,180000,11.9,11.91,11.82,11.91,4900,0
JRS.US,5,20211112,180500,11.88,11.88,11.88,11.88,100,0
JRS.US,5,20211112,181500,11.88,11.88,11.88,11.88,550,0
JRS.US,5,20211112,182000,11.9016,11.9016,11.9016,11.9016,116,0
JRS.US,5,20211112,192500,11.8153,11.83,11.8014,11.8106,3600,0
JRS.US,5,20211112,193000,11.81,11.82,11.795,11.82,5955,0
JRS.US,5,20211112,194000,11.835,11.835,11.835,11.835,100,0
JRS.US,5,20211112,194500,11.8375,11.8375,11.8375,11.8375,400,0
JRS.US,5,20211112,195000,11.8495,11.85,11.8495,11.85,821,0
JRS.US,5,20211112,195500,11.835,11.835,11.835,11.835,100,0
JRS.US,5,20211112,201000,11.835,11.835,11.835,11.835,100,0
JRS.US,5,20211112,202000,11.85,11.85,11.8498,11.8498,737,0
JRS.US,5,20211112,203000,11.85,11.85,11.85,11.85,100,0
JRS.US,5,20211112,205500,11.875,11.875,11.875,11.875,100,0
JRS.US,5,20211112,211000,11.85,11.85,11.85,11.85,100,0
JRS.US,5,20211112,212000,11.85,11.89,11.85,11.86,400,0
JRS.US,5,20211112,213000,11.86,11.86,11.86,11.86,100,0
JRS.US,5,20211112,214500,11.85,11.85,11.85,11.85,650,0
JRS.US,5,20211112,215000,11.83,11.8357,11.83,11.8357,200,0
JRS.US,5,20211112,215500,11.83,11.85,11.83,11.85,714,0
JRS.US,5,20211115,153000,11.9,11.9,11.8536,11.8576,2542,0
JRS.US,5,20211115,153500,11.8409,11.8792,11.8409,11.8792,934,0
JRS.US,5,20211115,154000,11.92,11.92,11.9027,11.92,2640,0
JRS.US,5,20211115,154500,11.925,11.925,11.92,11.92,525,0
JRS.US,5,20211115,155000,11.91,11.91,11.885,11.885,3015,0
JRS.US,5,20211115,160000,11.905,11.905,11.905,11.905,400,0
JRS.US,5,20211115,160500,11.91,11.91,11.9012,11.9012,1770,0
JRS.US,5,20211115,161000,11.9,11.9,11.9,11.9,900,0
JRS.US,5,20211115,162000,11.88,11.88,11.88,11.88,600,0
JRS.US,5,20211115,162500,11.877,11.877,11.87,11.87,1214,0
JRS.US,5,20211115,163000,11.87,11.9,11.87,11.9,200,0
JRS.US,5,20211115,163500,11.86,11.8602,11.86,11.8602,2065,0
JRS.US,5,20211115,164000,11.88,11.88,11.8722,11.8722,344,0
JRS.US,5,20211115,165500,11.8865,11.9,11.8865,11.9,1680,0
JRS.US,5,20211115,170500,11.8821,11.8821,11.8821,11.8821,130,0
JRS.US,5,20211115,171000,11.8906,11.8906,11.8906,11.8906,1000,0
JRS.US,5,20211115,171500,11.9,11.9,11.9,11.9,100,0
JRS.US,5,20211115,172000,11.88,11.8802,11.88,11.8802,1100,0
JRS.US,5,20211115,172500,11.9,11.9,11.9,11.9,100,0
JRS.US,5,20211115,173000,11.8978,11.8978,11.8978,11.8978,300,0
JRS.US,5,20211115,175500,11.89,11.9,11.89,11.9,3089,0
JRS.US,5,20211115,181500,11.91,11.91,11.91,11.91,100,0
JRS.US,5,20211115,182500,11.905,11.905,11.9,11.9,1063,0
JRS.US,5,20211115,184000,11.8884,11.901,11.8884,11.901,1900,0
JRS.US,5,20211115,185000,11.895,11.895,11.895,11.895,100,0
JRS.US,5,20211115,185500,11.9014,11.9014,11.9014,11.9014,572,0
JRS.US,5,20211115,190000,11.9081,11.91,11.9,11.9,1103,0
JRS.US,5,20211115,190500,11.9,11.9,11.9,11.9,610,0
JRS.US,5,20211115,191000,11.9,11.9098,11.9,11.9098,919,0
JRS.US,5,20211115,191500,11.91,11.91,11.9,11.9,1220,0
JRS.US,5,20211115,193500,11.905,11.91,11.905,11.91,1100,0
JRS.US,5,20211115,200000,11.9298,11.9298,11.91,11.91,1172,0
JRS.US,5,20211115,200500,11.93,11.93,11.93,11.93,200,0
JRS.US,5,20211115,201000,11.945,11.98,11.945,11.9783,1307,0
JRS.US,5,20211115,201500,11.97,11.97,11.97,11.97,1000,0
JRS.US,5,20211115,202000,11.98,11.98,11.98,11.98,100,0
JRS.US,5,20211115,203500,11.99,11.99,11.975,11.975,1712,0
JRS.US,5,20211115,204500,11.9931,11.9931,11.9931,11.9931,731,0
JRS.US,5,20211115,205000,11.9572,11.9602,11.9572,11.9602,2208,0
JRS.US,5,20211115,205500,11.9929,11.9929,11.9929,11.9929,600,0
JRS.US,5,20211115,211000,11.99,11.99,11.99,11.99,200,0
JRS.US,5,20211115,212000,11.985,12,11.985,12,708,0
JRS.US,5,20211115,212500,11.985,11.985,11.985,11.985,2650,0
JRS.US,5,20211115,213000,11.99,12,11.99,12,898,0
JRS.US,5,20211115,213500,11.98,11.98,11.98,11.98,100,0
JRS.US,5,20211115,215000,11.98,11.98,11.87,11.89,990,0
JRS.US,5,20211115,215500,11.94,11.98,11.89,11.89,5655,0
JRS.US,5,20211116,153000,11.97,11.9899,11.97,11.9899,5158,0
JRS.US,5,20211116,154000,11.9439,11.9439,11.9439,11.9439,500,0
JRS.US,5,20211116,154500,11.96,12.03,11.96,12.0276,4520,0
JRS.US,5,20211116,155000,12.04,12.04,12,12,750,0
JRS.US,5,20211116,155500,12.02,12.0237,12.02,12.0237,400,0
JRS.US,5,20211116,161500,11.9876,11.9876,11.9876,11.9876,1675,0
JRS.US,5,20211116,162500,12.03,12.03,12.03,12.03,111,0
JRS.US,5,20211116,164000,12.01,12.01,12.01,12.01,900,0
JRS.US,5,20211116,165000,12.01,12.01,12.01,12.01,390,0
JRS.US,5,20211116,170000,12.02,12.02,12.02,12.02,268,0
JRS.US,5,20211116,170500,12.0246,12.0246,12.0246,12.0246,200,0
JRS.US,5,20211116,171500,12.015,12.03,12.015,12.0203,4900,0
JRS.US,5,20211116,172500,12.025,12.03,12.025,12.03,1160,0
JRS.US,5,20211116,173000,12.02,12.02,12.02,12.02,125,0
JRS.US,5,20211116,173500,12.0169,12.0169,12.0169,12.0169,100,0
JRS.US,5,20211116,175000,12.015,12.015,12.015,12.015,100,0
JRS.US,5,20211116,175500,12.03,12.03,12.03,12.03,4785,0
JRS.US,5,20211116,180000,12.02,12.02,12.01,12.01,362,0
JRS.US,5,20211116,180500,12,12,12,12,400,0
JRS.US,5,20211116,181000,12,12.006,12,12,2232,0
JRS.US,5,20211116,181500,11.995,12.003,11.995,12.003,2705,0
JRS.US,5,20211116,182000,12,12.005,12,12,400,0
JRS.US,5,20211116,182500,11.97,11.97,11.97,11.97,350,0
JRS.US,5,20211116,183500,11.965,11.97,11.965,11.97,500,0
JRS.US,5,20211116,184500,11.97,11.97,11.97,11.97,300,0
JRS.US,5,20211116,194500,11.98,12,11.98,12,1145,0
JRS.US,5,20211116,202500,11.99,11.9901,11.97,11.97,4290,0
JRS.US,5,20211116,203500,11.98,11.98,11.98,11.98,1000,0
JRS.US,5,20211116,204000,11.98,11.99,11.98,11.99,420,0
JRS.US,5,20211116,204500,11.99,11.99,11.99,11.99,417,0
JRS.US,5,20211116,205000,11.97,11.97,11.95,11.9503,4426,0
JRS.US,5,20211116,205500,11.9502,11.9502,11.9198,11.9198,7203,0
JRS.US,5,20211116,210500,11.9,11.915,11.9,11.915,3668,0
JRS.US,5,20211116,211000,11.9197,11.9197,11.89,11.89,5420,0
JRS.US,5,20211116,212500,11.94,11.94,11.94,11.94,100,0
JRS.US,5,20211116,214500,11.925,11.925,11.925,11.925,100,0
JRS.US,5,20211116,215500,11.9358,11.94,11.925,11.93,1803,0
JRS.US,5,20211117,153000,11.87,11.8802,11.87,11.8802,10154,0
JRS.US,5,20211117,153500,11.94,11.94,11.91,11.91,800,0
JRS.US,5,20211117,154000,11.9335,11.9335,11.9335,11.9335,500,0
JRS.US,5,20211117,154500,11.88,11.88,11.88,11.88,200,0
JRS.US,5,20211117,155000,11.85,11.8501,11.8406,11.8406,2624,0
JRS.US,5,20211117,160000,11.8698,11.8698,11.8698,11.8698,1675,0
JRS.US,5,20211117,160500,11.8,11.8301,11.78,11.83,3366,0
JRS.US,5,20211117,161000,11.835,11.835,11.835,11.835,1000,0
JRS.US,5,20211117,161500,11.83,11.8799,11.83,11.8799,10332,0
JRS.US,5,20211117,162000,11.79,11.805,11.76,11.805,4790,0
JRS.US,5,20211117,163000,11.805,11.805,11.805,11.805,946,0
JRS.US,5,20211117,163500,11.81,11.81,11.77,11.77,1407,0
JRS.US,5,20211117,164000,11.8183,11.8198,11.8183,11.8198,1486,0
JRS.US,5,20211117,164500,11.7609,11.8229,11.76,11.8229,5900,0
JRS.US,5,20211117,165500,11.76,11.7602,11.75,11.75,2300,0
JRS.US,5,20211117,170500,11.7822,11.7822,11.7822,11.7822,918,0
JRS.US,5,20211117,171000,11.7154,11.7154,11.7154,11.7154,500,0
JRS.US,5,20211117,171500,11.7128,11.721,11.7,11.701,13960,0
JRS.US,5,20211117,172000,11.68,11.69,11.67,11.672,2500,0
JRS.US,5,20211117,173000,11.73,11.73,11.73,11.73,756,0
JRS.US,5,20211117,173500,11.7,11.7,11.69,11.69,250,0
JRS.US,5,20211117,174500,11.705,11.7793,11.6906,11.72,1800,0
JRS.US,5,20211117,175000,11.73,11.7599,11.73,11.7599,1100,0
JRS.US,5,20211117,175500,11.751,11.751,11.751,11.751,300,0
JRS.US,5,20211117,180000,11.73,11.73,11.73,11.73,100,0
JRS.US,5,20211117,180500,11.73,11.73,11.73,11.73,1175,0
JRS.US,5,20211117,181000,11.73,11.73,11.73,11.73,100,0
JRS.US,5,20211117,181500,11.73,11.73,11.73,11.73,100,0
JRS.US,5,20211117,182000,11.73,11.73,11.73,11.73,2300,0
JRS.US,5,20211117,182500,11.73,11.7498,11.73,11.73,4595,0
JRS.US,5,20211117,183000,11.7499,11.7499,11.73,11.735,4900,0
JRS.US,5,20211117,183500,11.73,11.74,11.73,11.74,3000,0
JRS.US,5,20211117,184500,11.76,11.76,11.76,11.76,175,0
JRS.US,5,20211117,185500,11.75,11.75,11.75,11.75,2135,0
JRS.US,5,20211117,190500,11.77,11.77,11.77,11.77,200,0
JRS.US,5,20211117,192500,11.795,11.8079,11.795,11.8079,883,0
JRS.US,5,20211117,193500,11.805,11.81,11.805,11.81,800,0
JRS.US,5,20211117,194000,11.82,11.82,11.82,11.82,800,0
JRS.US,5,20211117,202000,11.8214,11.8214,11.82,11.82,1550,0
JRS.US,5,20211117,203500,11.83,11.83,11.83,11.83,1200,0
JRS.US,5,20211117,204000,11.84,11.84,11.84,11.84,100,0
JRS.US,5,20211117,210000,11.85,11.85,11.85,11.85,200,0
JRS.US,5,20211117,211000,11.87,11.87,11.87,11.87,575,0
JRS.US,5,20211117,212000,11.87,11.87,11.87,11.87,601,0
JRS.US,5,20211117,212500,11.865,11.865,11.865,11.865,200,0
JRS.US,5,20211117,213000,11.8694,11.87,11.8627,11.8627,1665,0
JRS.US,5,20211117,213500,11.87,11.88,11.87,11.88,1735,0
JRS.US,5,20211117,214000,11.875,11.889,11.875,11.889,539,0
JRS.US,5,20211117,214500,11.88,11.89,11.88,11.89,500,0
JRS.US,5,20211117,215000,11.89,11.895,11.885,11.895,1065,0
JRS.US,5,20211117,215500,11.9,11.91,11.87,11.88,3262,0
JRS.US,5,20211118,153000,11.77,11.865,11.77,11.85,21463,0
JRS.US,5,20211118,153500,11.7677,11.7677,11.7677,11.7677,2050,0
JRS.US,5,20211118,154000,11.79,11.81,11.78,11.81,7310,0
JRS.US,5,20211118,155000,11.85,11.85,11.835,11.835,2500,0
JRS.US,5,20211118,155500,11.87,11.87,11.87,11.87,1740,0
JRS.US,5,20211118,160500,11.88,11.88,11.88,11.88,424,0
JRS.US,5,20211118,161500,11.87,11.89,11.87,11.89,800,0
JRS.US,5,20211118,163500,11.8703,11.8703,11.83,11.86,5600,0
JRS.US,5,20211118,165000,11.85,11.85,11.85,11.85,100,0
JRS.US,5,20211118,170500,11.8521,11.8521,11.8521,11.8521,200,0
JRS.US,5,20211118,171000,11.87,11.87,11.87,11.87,660,0
JRS.US,5,20211118,172000,11.8837,11.8837,11.8837,11.8837,1500,0
JRS.US,5,20211118,172500,11.89,11.9054,11.89,11.9054,475,0
JRS.US,5,20211118,173000,11.9096,11.9096,11.9096,11.9096,1235,0
JRS.US,5,20211118,175000,11.9099,11.9099,11.9099,11.9099,950,0
JRS.US,5,20211118,175500,11.8802,11.8802,11.8802,11.8802,384,0
JRS.US,5,20211118,180000,11.89,11.89,11.89,11.89,350,0
JRS.US,5,20211118,181000,11.895,11.8998,11.89,11.8998,1178,0
JRS.US,5,20211118,181500,11.895,11.9,11.895,11.9,320,0
JRS.US,5,20211118,182000,11.8915,11.8915,11.8915,11.8915,1000,0
JRS.US,5,20211118,183000,11.91,11.91,11.9,11.91,980,0
JRS.US,5,20211118,183500,11.91,11.92,11.9001,11.9001,3150,0
JRS.US,5,20211118,184500,11.901,11.901,11.901,11.901,101,0
JRS.US,5,20211118,191000,11.905,11.905,11.905,11.905,200,0
JRS.US,5,20211118,191500,11.9,11.9,11.89,11.89,4500,0
JRS.US,5,20211118,192500,11.885,11.89,11.885,11.889,1120,0
JRS.US,5,20211118,194000,11.895,11.915,11.895,11.91,2850,0
JRS.US,5,20211118,201500,11.8823,11.8823,11.8823,11.8823,200,0
JRS.US,5,20211118,202000,11.88,11.8802,11.88,11.8802,1318,0
JRS.US,5,20211118,204500,11.87,11.891,11.87,11.891,1150,0
JRS.US,5,20211118,205000,11.8878,11.8878,11.8878,11.8878,421,0
JRS.US,5,20211118,205500,11.8899,11.9152,11.8899,11.9,2501,0
JRS.US,5,20211118,211500,11.89,11.89,11.8895,11.8895,1500,0
JRS.US,5,20211118,212500,11.89,11.89,11.89,11.89,1255,0
JRS.US,5,20211118,213000,11.885,11.92,11.885,11.89,826,0
JRS.US,5,20211118,213500,11.89,11.89,11.89,11.89,1200,0
JRS.US,5,20211118,214500,11.88,11.88,11.88,11.88,100,0
JRS.US,5,20211118,215000,11.875,11.8956,11.875,11.885,1045,0
JRS.US,5,20211118,215500,11.89,11.8901,11.88,11.88,3998,0
JRS.US,5,20211119,153000,11.91,11.91,11.91,11.91,2431,0
JRS.US,5,20211119,153500,11.91,11.91,11.91,11.91,434,0
JRS.US,5,20211119,154000,11.9089,11.9089,11.903,11.903,405,0
JRS.US,5,20211119,154500,11.9,11.9,11.9,11.9,533,0
JRS.US,5,20211119,155000,11.89,11.89,11.89,11.89,300,0
JRS.US,5,20211119,155500,11.88,11.88,11.88,11.88,305,0
JRS.US,5,20211119,161000,11.88,11.8822,11.88,11.8822,200,0
JRS.US,5,20211119,162500,11.87,11.87,11.87,11.87,100,0
JRS.US,5,20211119,163000,11.8798,11.8798,11.8798,11.8798,2000,0
JRS.US,5,20211119,163500,11.8799,11.88,11.8799,11.88,1862,0
JRS.US,5,20211119,164000,11.8601,11.88,11.8601,11.88,579,0
JRS.US,5,20211119,164500,11.8799,11.88,11.879,11.879,3800,0
JRS.US,5,20211119,165000,11.89,11.89,11.88,11.8819,1260,0
JRS.US,5,20211119,170500,11.89,11.89,11.8898,11.8898,1853,0
JRS.US,5,20211119,171000,11.8863,11.89,11.8863,11.89,1100,0
JRS.US,5,20211119,174000,11.88,11.88,11.86,11.86,2413,0
JRS.US,5,20211119,180000,11.77,11.77,11.77,11.77,900,0
JRS.US,5,20211119,181500,11.78,11.78,11.78,11.78,130,0
JRS.US,5,20211119,182000,11.795,11.795,11.795,11.795,462,0
JRS.US,5,20211119,182500,11.79,11.79,11.78,11.78,11900,0
JRS.US,5,20211119,183000,11.8,11.81,11.8,11.81,300,0
JRS.US,5,20211119,183500,11.8045,11.8045,11.8045,11.8045,587,0
JRS.US,5,20211119,184500,11.815,11.815,11.815,11.815,1266,0
JRS.US,5,20211119,192500,11.815,11.83,11.815,11.829,8135,0
JRS.US,5,20211119,200500,11.81,11.82,11.8,11.8,600,0
JRS.US,5,20211119,201500,11.82,11.82,11.82,11.82,308,0
JRS.US,5,20211119,202000,11.8,11.8007,11.8,11.8002,1000,0
JRS.US,5,20211119,203500,11.81,11.81,11.81,11.81,100,0
JRS.US,5,20211119,210000,11.81,11.81,11.8078,11.8078,800,0
JRS.US,5,20211119,211000,11.7902,11.7902,11.79,11.79,3413,0
JRS.US,5,20211119,213000,11.81,11.81,11.805,11.805,200,0
JRS.US,5,20211119,213500,11.81,11.81,11.8,11.8,929,0
JRS.US,5,20211119,214500,11.7901,11.8077,11.78,11.79,5600,0
JRS.US,5,20211119,215500,11.8,11.8,11.79,11.8,569,0
JRS.US,5,20211122,153000,11.83,11.83,11.83,11.83,3347,0
JRS.US,5,20211122,154000,11.809,11.81,11.7991,11.7991,1320,0
JRS.US,5,20211122,155000,11.79,11.79,11.79,11.79,400,0
JRS.US,5,20211122,160500,11.8447,11.8447,11.8447,11.8447,250,0
JRS.US,5,20211122,161500,11.85,11.85,11.85,11.85,500,0
JRS.US,5,20211122,162000,11.86,11.86,11.86,11.86,200,0
JRS.US,5,20211122,163000,11.87,11.87,11.87,11.87,500,0
JRS.US,5,20211122,163500,11.8417,11.87,11.8417,11.87,650,0
JRS.US,5,20211122,164000,11.87,11.87,11.87,11.87,100,0
JRS.US,5,20211122,164500,11.87,11.87,11.87,11.87,100,0
JRS.US,5,20211122,165000,11.87,11.87,11.87,11.87,100,0
JRS.US,5,20211122,170000,11.8419,11.86,11.8419,11.86,549,0
JRS.US,5,20211122,171000,11.8695,11.8695,11.8695,11.8695,670,0
JRS.US,5,20211122,171500,11.8699,11.87,11.86,11.86,650,0
JRS.US,5,20211122,172000,11.87,11.87,11.87,11.87,674,0
JRS.US,5,20211122,172500,11.87,11.87,11.87,11.87,200,0
JRS.US,5,20211122,173000,11.8607,11.8607,11.8607,11.8607,1000,0
JRS.US,5,20211122,174000,11.87,11.87,11.8697,11.8697,400,0
JRS.US,5,20211122,175000,11.86,11.86,11.86,11.86,1200,0
JRS.US,5,20211122,175500,11.86,11.86,11.8028,11.8028,4733,0
JRS.US,5,20211122,180500,11.83,11.83,11.8001,11.8001,1249,0
JRS.US,5,20211122,181000,11.84,11.84,11.84,11.84,625,0
JRS.US,5,20211122,181500,11.83,11.84,11.83,11.84,300,0
JRS.US,5,20211122,182500,11.83,11.83,11.8299,11.8299,1500,0
JRS.US,5,20211122,183500,11.8,11.8,11.8,11.8,500,0
JRS.US,5,20211122,185000,11.8143,11.8143,11.8143,11.8143,800,0
JRS.US,5,20211122,191500,11.8089,11.8099,11.801,11.801,556,0
JRS.US,5,20211122,193000,11.8,11.8001,11.77,11.77,4962,0
JRS.US,5,20211122,195500,11.79,11.79,11.79,11.79,300,0
JRS.US,5,20211122,202000,11.8,11.8,11.795,11.8,1000,0
JRS.US,5,20211122,203000,11.8,11.805,11.8,11.8,3040,0
JRS.US,5,20211122,203500,11.805,11.81,11.805,11.81,400,0
JRS.US,5,20211122,205000,11.805,11.81,11.805,11.81,600,0
JRS.US,5,20211122,211000,11.805,11.8187,11.805,11.8187,523,0
JRS.US,5,20211122,211500,11.81,11.81,11.8089,11.809,1851,0
JRS.US,5,20211122,212000,11.81,11.81,11.81,11.81,200,0
JRS.US,5,20211122,212500,11.81,11.81,11.81,11.81,200,0
JRS.US,5,20211122,213000,11.81,11.81,11.81,11.81,1200,0
JRS.US,5,20211122,213500,11.81,11.81,11.81,11.81,800,0
JRS.US,5,20211122,214000,11.81,11.81,11.79,11.8,2700,0
JRS.US,5,20211122,214500,11.79,11.79,11.79,11.79,200,0
JRS.US,5,20211122,215000,11.79,11.8,11.78,11.79,5170,0
JRS.US,5,20211122,215500,11.79,11.8,11.79,11.8,6429,0
JRS.US,5,20211123,153000,11.83,11.83,11.82,11.82,2523,0
JRS.US,5,20211123,153500,11.8,11.8,11.7692,11.8,2064,0
JRS.US,5,20211123,154500,11.795,11.795,11.795,11.795,130,0
JRS.US,5,20211123,155000,11.79,11.79,11.79,11.79,1400,0
JRS.US,5,20211123,155500,11.84,11.84,11.84,11.84,200,0
JRS.US,5,20211123,160000,11.84,11.84,11.84,11.84,500,0
JRS.US,5,20211123,160500,11.84,11.87,11.815,11.82,1300,0
JRS.US,5,20211123,161500,11.8238,11.8238,11.8238,11.8238,200,0
JRS.US,5,20211123,162500,11.86,11.86,11.84,11.84,743,0
JRS.US,5,20211123,163000,11.835,11.86,11.835,11.86,600,0
JRS.US,5,20211123,163500,11.86,11.87,11.84,11.87,3290,0
JRS.US,5,20211123,164000,11.87,11.87,11.87,11.87,100,0
JRS.US,5,20211123,164500,11.87,11.88,11.87,11.88,300,0
JRS.US,5,20211123,165000,11.88,11.88,11.87,11.88,500,0
JRS.US,5,20211123,165500,11.87,11.87,11.85,11.85,1400,0
JRS.US,5,20211123,170000,11.85,11.85,11.84,11.84,600,0
JRS.US,5,20211123,170500,11.85,11.85,11.85,11.85,300,0
JRS.US,5,20211123,171000,11.85,11.85,11.85,11.85,200,0
JRS.US,5,20211123,171500,11.8102,11.85,11.8102,11.85,1700,0
JRS.US,5,20211123,172000,11.85,11.85,11.85,11.85,200,0
JRS.US,5,20211123,172500,11.86,11.86,11.86,11.86,200,0
JRS.US,5,20211123,173000,11.86,11.86,11.86,11.86,200,0
JRS.US,5,20211123,173500,11.86,11.86,11.8213,11.84,3200,0
JRS.US,5,20211123,174000,11.84,11.84,11.84,11.84,300,0
JRS.US,5,20211123,174500,11.86,11.865,11.83,11.8598,2744,0
JRS.US,5,20211123,175500,11.87,11.87,11.87,11.87,100,0
JRS.US,5,20211123,180000,11.87,11.88,11.87,11.88,300,0
JRS.US,5,20211123,180500,11.87,11.87,11.87,11.87,100,0
JRS.US,5,20211123,181000,11.87,11.87,11.87,11.87,300,0
JRS.US,5,20211123,181500,11.86,11.87,11.86,11.86,884,0
JRS.US,5,20211123,182000,11.87,11.87,11.87,11.87,1000,0
JRS.US,5,20211123,182500,11.88,11.88,11.88,11.88,300,0
JRS.US,5,20211123,183000,11.88,11.88,11.88,11.88,200,0
JRS.US,5,20211123,183500,11.88,11.88,11.88,11.88,100,0
JRS.US,5,20211123,184000,11.87,11.88,11.87,11.88,800,0
JRS.US,5,20211123,185000,11.88,11.88,11.8792,11.8792,1750,0
JRS.US,5,20211123,185500,11.87,11.87,11.86,11.86,700,0
JRS.US,5,20211123,191000,11.87,11.87,11.8106,11.86,4503,0
JRS.US,5,20211123,191500,11.87,11.87,11.87,11.87,100,0
JRS.US,5,20211123,192500,11.88,11.88,11.88,11.88,100,0
JRS.US,5,20211123,193000,11.88,11.88,11.88,11.88,200,0
JRS.US,5,20211123,193500,11.88,11.88,11.8799,11.88,3964,0
JRS.US,5,20211123,194000,11.89,11.89,11.875,11.88,6493,0
JRS.US,5,20211123,195000,11.89,11.9,11.89,11.9,639,0
JRS.US,5,20211123,195500,11.9,11.9,11.89,11.89,2300,0
JRS.US,5,20211123,200000,11.89,11.8999,11.89,11.8999,1420,0
JRS.US,5,20211123,200500,11.885,11.9,11.885,11.9,4500,0
JRS.US,5,20211123,201000,11.885,11.91,11.885,11.9,1484,0
JRS.US,5,20211123,201500,11.91,11.91,11.91,11.91,1033,0
JRS.US,5,20211123,202000,11.905,11.94,11.905,11.93,3515,0
JRS.US,5,20211123,202500,11.93,11.94,11.93,11.94,200,0
JRS.US,5,20211123,203000,11.94,11.94,11.94,11.94,900,0
JRS.US,5,20211123,204000,11.94,11.94,11.9232,11.9232,1150,0
JRS.US,5,20211123,204500,11.94,11.98,11.925,11.95,5735,0
JRS.US,5,20211123,205000,11.95,11.96,11.945,11.945,11136,0
JRS.US,5,20211123,205500,11.9336,11.96,11.9336,11.95,2500,0
JRS.US,5,20211123,210000,11.9394,11.95,11.9394,11.95,800,0
JRS.US,5,20211123,210500,11.95,11.95,11.95,11.95,1443,0
JRS.US,5,20211123,211000,11.95,11.96,11.95,11.96,2200,0
JRS.US,5,20211123,211500,11.96,11.96,11.945,11.96,450,0
JRS.US,5,20211123,212000,11.95,11.96,11.95,11.95,800,0
JRS.US,5,20211123,212500,11.96,11.96,11.948,11.95,1063,0
JRS.US,5,20211123,213000,11.96,11.9662,11.96,11.96,1295,0
JRS.US,5,20211123,213500,11.96,11.97,11.96,11.97,900,0
JRS.US,5,20211123,214000,11.97,11.97,11.97,11.97,500,0
JRS.US,5,20211123,214500,11.96,11.96,11.95,11.95,600,0
JRS.US,5,20211123,215000,11.96,11.96,11.95,11.95,1300,0
JRS.US,5,20211123,215500,11.97,11.97,11.965,11.97,1857,0
JRS.US,5,20211124,153000,11.97,11.97,11.97,11.97,3476,0
JRS.US,5,20211124,153500,11.9505,11.9505,11.9505,11.9505,200,0
JRS.US,5,20211124,154000,11.9935,11.9935,11.95,11.98,825,0
JRS.US,5,20211124,154500,11.9558,11.98,11.9501,11.98,1190,0
JRS.US,5,20211124,155000,11.99,12,11.98,12,4576,0
JRS.US,5,20211124,155500,11.98,11.99,11.98,11.99,1100,0
JRS.US,5,20211124,160000,11.985,11.985,11.985,11.985,100,0
JRS.US,5,20211124,161000,11.99,11.991,11.984,11.991,1300,0
JRS.US,5,20211124,163000,11.9913,11.9913,11.9913,11.9913,565,0
JRS.US,5,20211124,164000,12,12,11.995,11.995,1100,0
JRS.US,5,20211124,164500,11.985,11.99,11.985,11.99,435,0
JRS.US,5,20211124,165000,11.99,11.99,11.99,11.99,200,0
JRS.US,5,20211124,165500,11.99,11.99,11.99,11.99,1515,0
JRS.US,5,20211124,170000,11.99,12.0099,11.99,12.0099,3229,0
JRS.US,5,20211124,170500,12.0011,12.0051,12.0011,12.0051,500,0
JRS.US,5,20211124,171500,12.04,12.05,12.04,12.05,1924,0
JRS.US,5,20211124,172000,12.03,12.03,12.03,12.03,563,0
JRS.US,5,20211124,172500,12.0449,12.0449,12.0449,12.0449,200,0
JRS.US,5,20211124,173000,12.0492,12.0492,12.0492,12.0492,1000,0
JRS.US,5,20211124,174500,12.03,12.05,12.025,12.0391,3037,0
JRS.US,5,20211124,181000,12.04,12.05,12.04,12.04,370,0
JRS.US,5,20211124,182000,12.05,12.05,12.05,12.05,104,0
JRS.US,5,20211124,182500,12.055,12.055,12.05,12.055,1000,0
JRS.US,5,20211124,183500,12.0572,12.0572,12.0572,12.0572,100,0
JRS.US,5,20211124,184500,12.09,12.1,12.09,12.1,708,0
JRS.US,5,20211124,190000,12.1,12.1,12.1,12.1,100,0
JRS.US,5,20211124,190500,12.095,12.105,12.095,12.105,2739,0
JRS.US,5,20211124,192000,12.125,12.125,12.125,12.125,500,0
JRS.US,5,20211124,192500,12.11,12.1191,12.11,12.1191,240,0
JRS.US,5,20211124,193500,12.1,12.1118,12.09,12.11,1305,0
JRS.US,5,20211124,194000,12.1,12.1,12.1,12.1,252,0
JRS.US,5,20211124,194500,12.1054,12.11,12.1054,12.11,560,0
JRS.US,5,20211124,195000,12.09,12.1,12.09,12.1,200,0
JRS.US,5,20211124,195500,12.105,12.13,12.105,12.13,19574,0
JRS.US,5,20211124,200500,12.11,12.11,12.105,12.1072,300,0
JRS.US,5,20211124,201500,12.1,12.12,12.0986,12.12,1895,0
JRS.US,5,20211124,202000,12.13,12.135,12.13,12.135,2700,0
JRS.US,5,20211124,204000,12.1357,12.14,12.135,12.14,1600,0
JRS.US,5,20211124,205000,12.1445,12.1445,12.1445,12.1445,104,0
JRS.US,5,20211124,210000,12.14,12.1401,12.13,12.14,2700,0
JRS.US,5,20211124,210500,12.13,12.14,12.13,12.14,300,0
JRS.US,5,20211124,211000,12.14,12.14,12.125,12.14,2615,0
JRS.US,5,20211124,211500,12.14,12.14,12.115,12.117,1700,0
JRS.US,5,20211124,212000,12.12,12.15,12.12,12.15,1890,0
JRS.US,5,20211124,212500,12.15,12.15,12.15,12.15,500,0
JRS.US,5,20211124,213000,12.15,12.15,12.1239,12.15,1560,0
JRS.US,5,20211124,213500,12.14,12.15,12.135,12.15,500,0
JRS.US,5,20211124,214000,12.15,12.15,12.14,12.15,800,0
JRS.US,5,20211124,214500,12.15,12.15,12.15,12.15,1000,0
JRS.US,5,20211124,215000,12.15,12.17,12.15,12.17,2796,0
JRS.US,5,20211124,215500,12.17,12.2,12.16,12.16,2410,0
JRS.US,5,20211126,153000,12.04,12.04,12.04,12.04,3776,0
JRS.US,5,20211126,154000,12.01,12.0157,11.99,12.0157,300,0
JRS.US,5,20211126,155000,11.9602,12,11.9602,11.99,2300,0
JRS.US,5,20211126,155500,12,12,11.94,11.99,1400,0
JRS.US,5,20211126,160000,11.9526,11.97,11.9526,11.97,6800,0
JRS.US,5,20211126,160500,11.97,11.98,11.95,11.965,500,0
JRS.US,5,20211126,161000,11.94,11.95,11.9001,11.925,12025,0
JRS.US,5,20211126,161500,11.91,11.91,11.8897,11.901,3351,0
JRS.US,5,20211126,163500,11.9415,11.9415,11.9415,11.9415,205,0
JRS.US,5,20211126,164000,11.93,11.93,11.93,11.93,200,0
JRS.US,5,20211126,165500,11.951,11.9597,11.951,11.951,1000,0
JRS.US,5,20211126,170000,11.945,11.9493,11.93,11.93,4303,0
JRS.US,5,20211126,170500,11.92,11.94,11.92,11.93,684,0
JRS.US,5,20211126,171000,11.93,11.96,11.87,11.87,4624,0
JRS.US,5,20211126,171500,11.8701,11.8701,11.81,11.81,2199,0
JRS.US,5,20211126,172000,11.84,11.84,11.81,11.81,200,0
JRS.US,5,20211126,172500,11.81,11.81,11.75,11.75,5287,0
JRS.US,5,20211126,173000,11.78,11.7924,11.7759,11.7907,1761,0
JRS.US,5,20211126,173500,11.8,11.8,11.8,11.8,100,0
JRS.US,5,20211126,175000,11.77,11.77,11.7629,11.7629,842,0
JRS.US,5,20211126,175500,11.7857,11.7857,11.7857,11.7857,500,0
JRS.US,5,20211126,180500,11.7812,11.79,11.78,11.79,1060,0
JRS.US,5,20211126,181000,11.79,11.85,11.79,11.85,745,0
JRS.US,5,20211126,181500,11.8461,11.85,11.8461,11.85,2000,0
JRS.US,5,20211126,182000,11.8299,11.8299,11.79,11.79,3033,0
JRS.US,5,20211126,182500,11.79,11.791,11.75,11.7905,39704,0
JRS.US,5,20211126,183000,11.8099,11.84,11.79,11.84,1500,0
JRS.US,5,20211126,183500,11.8147,11.8147,11.8147,11.8147,264,0
JRS.US,5,20211126,184000,11.7901,11.8198,11.7901,11.8198,5300,0
JRS.US,5,20211126,184500,11.815,11.84,11.8,11.8,633,0
JRS.US,5,20211126,185000,11.8,11.81,11.8,11.81,1200,0
JRS.US,5,20211126,185500,11.8096,11.8199,11.8086,11.8199,3568,0
JRS.US,5,20211126,190000,11.78,11.78,11.78,11.78,1520,0
JRS.US,5,20211129,153000,11.86,11.86,11.82,11.82,2767,0
JRS.US,5,20211129,153500,11.87,11.87,11.87,11.87,104,0
JRS.US,5,20211129,154500,11.844,11.844,11.844,11.844,1000,0
JRS.US,5,20211129,155000,11.8343,11.8343,11.8,11.807,1000,0
JRS.US,5,20211129,155500,11.825,11.84,11.825,11.84,975,0
JRS.US,5,20211129,160000,11.8658,11.8658,11.83,11.85,2496,0
JRS.US,5,20211129,160500,11.87,11.87,11.87,11.87,200,0
JRS.US,5,20211129,163000,11.87,11.87,11.8698,11.87,2015,0
JRS.US,5,20211129,163500,11.8497,11.8497,11.83,11.8302,1415,0
JRS.US,5,20211129,164000,11.83,11.83,11.82,11.82,846,0
JRS.US,5,20211129,164500,11.81,11.81,11.8071,11.8071,747,0
JRS.US,5,20211129,165500,11.7621,11.78,11.7621,11.78,1305,0
JRS.US,5,20211129,170500,11.79,11.79,11.7701,11.7701,500,0
JRS.US,5,20211129,171500,11.83,11.83,11.83,11.83,1300,0
JRS.US,5,20211129,181500,11.84,11.85,11.84,11.85,3400,0
JRS.US,5,20211129,182000,11.85,11.89,11.85,11.89,6600,0
JRS.US,5,20211129,182500,11.865,11.865,11.865,11.865,1000,0
JRS.US,5,20211129,183000,11.88,11.94,11.865,11.938,4100,0
JRS.US,5,20211129,184000,11.8684,11.94,11.8684,11.94,3075,0
JRS.US,5,20211129,192000,11.8951,11.8951,11.8951,11.8951,907,0
JRS.US,5,20211129,194000,11.91,11.91,11.871,11.871,1127,0
JRS.US,5,20211129,195000,11.896,11.896,11.896,11.896,114,0
JRS.US,5,20211129,200500,11.88,11.8914,11.87,11.8914,1800,0
JRS.US,5,20211129,204000,11.9,11.93,11.9,11.92,1200,0
JRS.US,5,20211129,205000,11.93,11.93,11.93,11.93,350,0
JRS.US,5,20211129,210000,11.9298,11.9298,11.9298,11.9298,800,0
JRS.US,5,20211129,211000,11.91,11.91,11.91,11.91,300,0
JRS.US,5,20211129,212000,11.92,11.92,11.92,11.92,107,0
JRS.US,5,20211129,212500,11.91,11.92,11.91,11.92,1244,0
JRS.US,5,20211129,213000,11.92,11.92,11.92,11.92,1000,0
JRS.US,5,20211129,213500,11.915,11.92,11.915,11.92,2200,0
JRS.US,5,20211129,214500,11.92,11.9207,11.915,11.9175,2667,0
JRS.US,5,20211129,215500,11.925,11.93,11.925,11.93,1466,0
JRS.US,5,20211130,153000,11.93,11.93,11.84,11.9,7222,0
JRS.US,5,20211130,153500,11.88,11.88,11.855,11.87,700,0
JRS.US,5,20211130,154500,11.89,11.89,11.865,11.865,200,0
JRS.US,5,20211130,155000,11.85,11.86,11.83,11.855,2005,0
JRS.US,5,20211130,155500,11.87,11.9,11.86,11.86,1000,0
JRS.US,5,20211130,160000,11.85,11.92,11.85,11.85,1091,0
JRS.US,5,20211130,160500,11.89,11.9,11.87,11.87,2200,0
JRS.US,5,20211130,161000,11.88,11.88,11.87,11.87,1000,0
JRS.US,5,20211130,161500,11.87,11.87,11.86,11.86,500,0
JRS.US,5,20211130,162000,11.87,11.87,11.84,11.84,1481,0
JRS.US,5,20211130,163500,11.88,11.88,11.85,11.85,300,0
JRS.US,5,20211130,164000,11.84,11.84,11.83,11.83,200,0
JRS.US,5,20211130,164500,11.83,11.83,11.83,11.83,100,0
JRS.US,5,20211130,165000,11.82,11.82,11.78,11.78,1191,0
JRS.US,5,20211130,165500,11.77,11.77,11.77,11.77,100,0
JRS.US,5,20211130,170000,11.75,11.75,11.6715,11.6715,3251,0
JRS.US,5,20211130,170500,11.76,11.76,11.76,11.76,100,0
JRS.US,5,20211130,171000,11.762,11.8,11.762,11.8,1750,0
JRS.US,5,20211130,171500,11.7974,11.8,11.7974,11.8,2709,0
JRS.US,5,20211130,172000,11.82,11.83,11.79,11.79,300,0
JRS.US,5,20211130,172500,11.7207,11.7207,11.7207,11.7207,1250,0
JRS.US,5,20211130,173000,11.76,11.7614,11.76,11.7614,200,0
JRS.US,5,20211130,173500,11.78,11.78,11.78,11.78,2750,0
JRS.US,5,20211130,175000,11.75,11.75,11.75,11.75,2000,0
JRS.US,5,20211130,175500,11.75,11.7554,11.74,11.7554,5552,0
JRS.US,5,20211130,180000,11.76,11.76,11.76,11.76,300,0
JRS.US,5,20211130,181000,11.75,11.75,11.75,11.75,230,0
JRS.US,5,20211130,182000,11.7446,11.7446,11.7446,11.7446,546,0
JRS.US,5,20211130,183000,11.77,11.82,11.77,11.82,3092,0
JRS.US,5,20211130,183500,11.82,11.84,11.8186,11.8186,6800,0
JRS.US,5,20211130,184000,11.7901,11.7901,11.7901,11.7901,2500,0
JRS.US,5,20211130,184500,11.81,11.8296,11.81,11.8296,455,0
JRS.US,5,20211130,190500,11.7876,11.8,11.7876,11.8,300,0
JRS.US,5,20211130,192000,11.7654,11.7654,11.7654,11.7654,480,0
JRS.US,5,20211130,193000,11.7974,11.7974,11.7974,11.7974,500,0
JRS.US,5,20211130,193500,11.7842,11.7842,11.78,11.78,300,0
JRS.US,5,20211130,194500,11.78,11.8,11.78,11.8,4000,0
JRS.US,5,20211130,200000,11.79,11.8,11.79,11.8,906,0
JRS.US,5,20211130,200500,11.8,11.8098,11.8,11.8072,600,0
JRS.US,5,20211130,201000,11.8001,11.8001,11.8001,11.8001,800,0
JRS.US,5,20211130,201500,11.8,11.8,11.8,11.8,300,0
JRS.US,5,20211130,202000,11.78,11.78,11.75,11.75,2300,0
JRS.US,5,20211130,202500,11.75,11.7501,11.73,11.73,1200,0
JRS.US,5,20211130,203500,11.73,11.745,11.73,11.745,1400,0
JRS.US,5,20211130,204500,11.745,11.745,11.745,11.745,151,0
JRS.US,5,20211130,205000,11.73,11.7424,11.72,11.74,2070,0
JRS.US,5,20211130,205500,11.72,11.72,11.72,11.72,100,0
JRS.US,5,20211130,211000,11.71,11.71,11.69,11.69,7410,0
JRS.US,5,20211130,211500,11.69,11.6941,11.69,11.69,1200,0
JRS.US,5,20211130,212000,11.69,11.7,11.69,11.69,1980,0
JRS.US,5,20211130,212500,11.6893,11.6893,11.68,11.68,4564,0
JRS.US,5,20211130,213000,11.6905,11.6905,11.685,11.69,992,0
JRS.US,5,20211130,213500,11.6838,11.6838,11.675,11.675,1970,0
JRS.US,5,20211130,214000,11.67,11.67,11.66,11.67,1100,0
JRS.US,5,20211130,215000,11.67,11.678,11.66,11.66,4899,0
JRS.US,5,20211130,215500,11.65,11.65,11.624,11.65,2904,0
JRS.US,5,20211201,153000,11.74,11.74,11.7,11.7,3369,0
JRS.US,5,20211201,153500,11.79,11.79,11.79,11.79,100,0
JRS.US,5,20211201,154500,11.79,11.79,11.79,11.79,186,0
JRS.US,5,20211201,155000,11.84,11.84,11.84,11.84,100,0
JRS.US,5,20211201,160000,11.85,11.85,11.85,11.85,100,0
JRS.US,5,20211201,160500,11.85,11.85,11.85,11.85,450,0
JRS.US,5,20211201,161500,11.8651,11.8651,11.8651,11.8651,990,0
JRS.US,5,20211201,163000,11.9,11.91,11.89,11.89,1500,0
JRS.US,5,20211201,164500,11.873,11.873,11.873,11.873,905,0
JRS.US,5,20211201,165000,11.91,11.91,11.9,11.9,1100,0
JRS.US,5,20211201,170000,11.93,11.93,11.93,11.93,100,0
JRS.US,5,20211201,170500,11.93,11.93,11.91,11.91,900,0
JRS.US,5,20211201,171000,11.9,11.9,11.9,11.9,100,0
JRS.US,5,20211201,171500,11.9,11.91,11.9,11.9,650,0
JRS.US,5,20211201,172000,11.895,11.9,11.89,11.9,1200,0
JRS.US,5,20211201,172500,11.915,11.93,11.915,11.93,203,0
JRS.US,5,20211201,173500,11.9269,11.9269,11.9269,11.9269,500,0
JRS.US,5,20211201,174500,11.91,11.91,11.895,11.895,700,0
JRS.US,5,20211201,181500,11.87,11.87,11.87,11.87,766,0
JRS.US,5,20211201,183500,11.8686,11.87,11.865,11.87,882,0
JRS.US,5,20211201,184500,11.8782,11.8782,11.8782,11.8782,200,0
JRS.US,5,20211201,185500,11.86,11.86,11.86,11.86,823,0
JRS.US,5,20211201,191000,11.76,11.7602,11.71,11.7102,2400,0
JRS.US,5,20211201,193000,11.75,11.755,11.75,11.755,3100,0
JRS.US,5,20211201,194500,11.7143,11.7143,11.7143,11.7143,2000,0
JRS.US,5,20211201,200500,11.77,11.77,11.73,11.73,1553,0
JRS.US,5,20211201,201000,11.74,11.74,11.74,11.74,261,0
JRS.US,5,20211201,201500,11.75,11.7517,11.7,11.71,2570,0
JRS.US,5,20211201,202000,11.72,11.72,11.72,11.72,100,0
JRS.US,5,20211201,202500,11.7399,11.7399,11.7399,11.7399,500,0
JRS.US,5,20211201,204000,11.715,11.715,11.7,11.7,1681,0
JRS.US,5,20211201,204500,11.68,11.68,11.68,11.68,100,0
JRS.US,5,20211201,210000,11.6899,11.6899,11.6899,11.6899,100,0
JRS.US,5,20211201,210500,11.68,11.68,11.66,11.665,1802,0
JRS.US,5,20211201,211000,11.66,11.66,11.62,11.62,1067,0
JRS.US,5,20211201,211500,11.6,11.6,11.55,11.55,3859,0
JRS.US,5,20211201,212000,11.56,11.56,11.55,11.55,700,0
JRS.US,5,20211201,212500,11.55,11.56,11.55,11.56,1585,0
JRS.US,5,20211201,213000,11.55,11.57,11.55,11.55,2650,0
JRS.US,5,20211201,213500,11.54,11.56,11.535,11.56,900,0
JRS.US,5,20211201,214000,11.57,11.66,11.57,11.66,352,0
JRS.US,5,20211201,214500,11.53,11.53,11.53,11.53,358,0
JRS.US,5,20211201,215000,11.5233,11.5236,11.52,11.5236,1800,0
JRS.US,5,20211201,215500,11.5521,11.5521,11.5,11.51,2861,0
JRS.US,5,20211202,153000,11.5,11.5,11.5,11.5,5718,0
JRS.US,5,20211202,153500,11.54,11.62,11.54,11.62,414,0
JRS.US,5,20211202,155500,11.66,11.66,11.66,11.66,1100,0
JRS.US,5,20211202,160000,11.675,11.675,11.675,11.675,100,0
JRS.US,5,20211202,160500,11.6699,11.71,11.6699,11.7,1500,0
JRS.US,5,20211202,161000,11.7,11.7399,11.7,11.7,7282,0
JRS.US,5,20211202,161500,11.685,11.685,11.685,11.685,100,0
JRS.US,5,20211202,162500,11.65,11.65,11.65,11.65,800,0
JRS.US,5,20211202,163500,11.66,11.6683,11.65,11.6683,1824,0
JRS.US,5,20211202,164000,11.66,11.66,11.66,11.66,100,0
JRS.US,5,20211202,164500,11.64,11.64,11.64,11.64,859,0
JRS.US,5,20211202,165000,11.67,11.67,11.67,11.67,100,0
JRS.US,5,20211202,165500,11.68,11.68,11.67,11.67,200,0
JRS.US,5,20211202,171500,11.67,11.67,11.67,11.67,100,0
JRS.US,5,20211202,172000,11.6721,11.6721,11.6721,11.6721,2000,0
JRS.US,5,20211202,172500,11.705,11.705,11.705,11.705,1000,0
JRS.US,5,20211202,173500,11.6967,11.6967,11.6967,11.6967,500,0
JRS.US,5,20211202,174000,11.66,11.72,11.66,11.71,3840,0
JRS.US,5,20211202,180000,11.742,11.75,11.742,11.75,625,0
JRS.US,5,20211202,180500,11.75,11.75,11.75,11.75,700,0
JRS.US,5,20211202,181000,11.7435,11.7435,11.725,11.725,400,0
JRS.US,5,20211202,182500,11.7215,11.7215,11.7215,11.7215,1500,0
JRS.US,5,20211202,183000,11.7302,11.7302,11.7302,11.7302,1500,0
JRS.US,5,20211202,185500,11.77,11.77,11.77,11.77,428,0
JRS.US,5,20211202,190500,11.75,11.75,11.73,11.73,1350,0
JRS.US,5,20211202,191500,11.77,11.77,11.77,11.77,480,0
JRS.US,5,20211202,192000,11.79,11.79,11.79,11.79,2000,0
JRS.US,5,20211202,192500,11.765,11.765,11.765,11.765,1700,0
JRS.US,5,20211202,193000,11.756,11.756,11.75,11.75,1003,0
JRS.US,5,20211202,194000,11.765,11.765,11.765,11.765,1100,0
JRS.US,5,20211202,194500,11.75,11.755,11.75,11.755,3501,0
JRS.US,5,20211202,195500,11.7715,11.7798,11.7715,11.7798,900,0
JRS.US,5,20211202,200000,11.775,11.79,11.775,11.788,1300,0
JRS.US,5,20211202,201000,11.775,11.775,11.7656,11.7656,1212,0
JRS.US,5,20211202,203000,11.78,11.7895,11.77,11.7702,4505,0
JRS.US,5,20211202,204500,11.77,11.77,11.7404,11.7404,875,0
JRS.US,5,20211202,205500,11.75,11.7854,11.75,11.7854,1270,0
JRS.US,5,20211202,210500,11.7302,11.7302,11.7302,11.7302,1310,0
JRS.US,5,20211202,211000,11.76,11.76,11.7,11.705,520,0
JRS.US,5,20211202,212000,11.6783,11.6783,11.6783,11.6783,472,0
JRS.US,5,20211202,212500,11.73,11.73,11.725,11.725,1200,0
JRS.US,5,20211202,213000,11.6702,11.71,11.6702,11.71,1119,0
JRS.US,5,20211202,213500,11.72,11.7398,11.72,11.7398,2370,0
JRS.US,5,20211202,214000,11.735,11.74,11.735,11.74,500,0
JRS.US,5,20211202,214500,11.73,11.76,11.71,11.76,7998,0
JRS.US,5,20211202,215000,11.765,11.78,11.756,11.7601,8700,0
JRS.US,5,20211202,215500,11.75,11.77,11.75,11.75,6187,0
JRS.US,5,20211203,153000,11.8,11.8,11.8,11.8,1243,0
JRS.US,5,20211203,153500,11.78,11.795,11.78,11.795,200,0
JRS.US,5,20211203,155000,11.8,11.81,11.8,11.81,300,0
JRS.US,5,20211203,160000,11.79,11.79,11.74,11.74,400,0
JRS.US,5,20211203,160500,11.76,11.765,11.76,11.76,1400,0
JRS.US,5,20211203,161000,11.7238,11.7238,11.7238,11.7238,1000,0
JRS.US,5,20211203,161500,11.74,11.74,11.727,11.74,600,0
JRS.US,5,20211203,162500,11.755,11.755,11.755,11.755,100,0
JRS.US,5,20211203,164000,11.74,11.74,11.71,11.71,855,0
JRS.US,5,20211203,164500,11.7,11.7,11.68,11.68,350,0
JRS.US,5,20211203,170000,11.64,11.64,11.64,11.64,300,0
JRS.US,5,20211203,170500,11.638,11.638,11.63,11.63,600,0
JRS.US,5,20211203,171000,11.65,11.68,11.65,11.68,1234,0
JRS.US,5,20211203,171500,11.645,11.645,11.64,11.642,1260,0
JRS.US,5,20211203,172000,11.64,11.6473,11.64,11.6473,650,0
JRS.US,5,20211203,172500,11.645,11.65,11.645,11.6458,830,0
JRS.US,5,20211203,173000,11.65,11.66,11.65,11.66,400,0
JRS.US,5,20211203,173500,11.66,11.67,11.66,11.66,915,0
JRS.US,5,20211203,175000,11.6702,11.6702,11.6702,11.6702,1130,0
JRS.US,5,20211203,175500,11.6803,11.6803,11.6803,11.6803,900,0
JRS.US,5,20211203,181500,11.67,11.67,11.67,11.67,1303,0
JRS.US,5,20211203,183000,11.711,11.711,11.711,11.711,281,0
JRS.US,5,20211203,190000,11.69,11.695,11.68,11.69,973,0
JRS.US,5,20211203,192000,11.7036,11.7036,11.7036,11.7036,200,0
JRS.US,5,20211203,192500,11.7,11.71,11.7,11.71,2075,0
JRS.US,5,20211203,193500,11.695,11.7003,11.695,11.7003,3553,0
JRS.US,5,20211203,194500,11.6983,11.6983,11.6983,11.6983,700,0
JRS.US,5,20211203,195500,11.68,11.68,11.68,11.68,251,0
JRS.US,5,20211203,200000,11.69,11.69,11.69,11.69,100,0
JRS.US,5,20211203,200500,11.63,11.66,11.63,11.66,730,0
JRS.US,5,20211203,201000,11.65,11.65,11.65,11.65,100,0
JRS.US,5,20211203,202000,11.65,11.65,11.65,11.65,300,0
JRS.US,5,20211203,203500,11.64,11.64,11.64,11.64,200,0
JRS.US,5,20211203,205000,11.64,11.64,11.63,11.63,200,0
JRS.US,5,20211203,205500,11.63,11.634,11.6259,11.634,588,0
JRS.US,5,20211203,210000,11.63,11.665,11.63,11.66,895,0
JRS.US,5,20211203,210500,11.63,11.63,11.63,11.63,100,0
JRS.US,5,20211203,211000,11.6202,11.6202,11.6202,11.6202,482,0
JRS.US,5,20211203,212000,11.67,11.67,11.664,11.664,246,0
JRS.US,5,20211203,213000,11.67,11.725,11.67,11.725,243,0
JRS.US,5,20211203,213500,11.7,11.7787,11.6958,11.7787,2020,0
JRS.US,5,20211203,214000,11.72,11.74,11.66,11.67,1530,0
JRS.US,5,20211203,214500,11.67,11.67,11.65,11.65,552,0
JRS.US,5,20211203,215000,11.66,11.6999,11.66,11.6999,3250,0
JRS.US,5,20211203,215500,11.695,11.72,11.69,11.72,1248,0
JRS.US,5,20211206,153000,11.77,11.77,11.77,11.77,2061,0
JRS.US,5,20211206,153500,11.845,11.845,11.845,11.845,500,0
JRS.US,5,20211206,154000,11.845,11.845,11.845,11.845,914,0
JRS.US,5,20211206,155000,11.9099,11.9099,11.8988,11.8988,2835,0
JRS.US,5,20211206,155500,11.9112,11.9112,11.9,11.9,454,0
JRS.US,5,20211206,161000,11.9006,11.9006,11.9006,11.9006,2000,0
JRS.US,5,20211206,161500,11.92,11.92,11.9072,11.9072,1706,0
JRS.US,5,20211206,163000,11.93,11.93,11.93,11.93,1853,0
JRS.US,5,20211206,163500,11.925,11.9299,11.92,11.9299,1400,0
JRS.US,5,20211206,164000,11.92,11.93,11.92,11.93,200,0
JRS.US,5,20211206,164500,11.9233,11.9233,11.9233,11.9233,500,0
JRS.US,5,20211206,165000,11.95,11.95,11.94,11.94,2592,0
JRS.US,5,20211206,170000,11.95,11.95,11.94,11.94,2400,0
JRS.US,5,20211206,170500,11.94,11.94,11.94,11.94,200,0
JRS.US,5,20211206,171000,11.9498,11.9498,11.93,11.93,525,0
JRS.US,5,20211206,171500,11.935,11.935,11.92,11.92,1000,0
JRS.US,5,20211206,172000,11.95,11.96,11.945,11.96,1345,0
JRS.US,5,20211206,172500,11.97,11.97,11.97,11.97,1257,0
JRS.US,5,20211206,173000,11.96,11.97,11.96,11.97,300,0
JRS.US,5,20211206,174000,11.98,11.98,11.98,11.98,400,0
JRS.US,5,20211206,174500,11.97,11.984,11.96,11.984,1105,0
JRS.US,5,20211206,175000,11.99,11.99,11.99,11.99,283,0
JRS.US,5,20211206,175500,11.99,11.99,11.99,11.99,400,0
JRS.US,5,20211206,181000,11.99,11.99,11.98,11.98,1112,0
JRS.US,5,20211206,182000,11.9811,11.9811,11.9811,11.9811,1000,0
JRS.US,5,20211206,182500,11.99,11.99,11.9899,11.9899,2976,0
JRS.US,5,20211206,183500,12,12.015,12,12.015,2692,0
JRS.US,5,20211206,184000,12.0239,12.0239,12.0239,12.0239,100,0
JRS.US,5,20211206,185000,12.028,12.03,12.01,12.01,1902,0
JRS.US,5,20211206,190000,12.025,12.025,12.02,12.02,800,0
JRS.US,5,20211206,190500,12.0224,12.0224,12.02,12.02,1025,0
JRS.US,5,20211206,192000,12.02,12.02,12.02,12.02,200,0
JRS.US,5,20211206,192500,12.03,12.03,12.0299,12.0299,478,0
JRS.US,5,20211206,193500,12.03,12.03,12.0265,12.0265,200,0
JRS.US,5,20211206,202000,12.0216,12.0216,12.0216,12.0216,4820,0
JRS.US,5,20211206,204500,12.015,12.017,11.9801,11.995,5813,0
JRS.US,5,20211206,205000,11.9747,11.9747,11.9747,11.9747,483,0
JRS.US,5,20211206,205500,11.97,11.975,11.96,11.96,6400,0
JRS.US,5,20211206,210000,11.96,11.96,11.93,11.94,6647,0
JRS.US,5,20211206,210500,11.93,11.93,11.93,11.93,300,0
JRS.US,5,20211206,211500,11.935,11.935,11.935,11.935,100,0
JRS.US,5,20211206,212000,11.935,11.95,11.935,11.94,500,0
JRS.US,5,20211206,212500,11.93,11.93,11.93,11.93,100,0
JRS.US,5,20211206,213000,11.95,11.95,11.95,11.95,575,0
JRS.US,5,20211206,213500,11.95,11.95,11.95,11.95,100,0
JRS.US,5,20211206,214000,11.935,11.94,11.935,11.94,500,0
JRS.US,5,20211206,214500,11.94,11.96,11.94,11.96,6790,0
JRS.US,5,20211206,215000,11.955,12,11.955,12,3188,0
JRS.US,5,20211206,215500,11.9899,11.99,11.97,11.97,3055,0
JRS.US,5,20211207,153000,12.13,12.13,12.09,12.09,7329,0
JRS.US,5,20211207,153500,12.08,12.08,12.08,12.08,495,0
JRS.US,5,20211207,154000,12.09,12.09,12.09,12.09,100,0
JRS.US,5,20211207,155000,12.09,12.16,12.09,12.13,9087,0
JRS.US,5,20211207,155500,12.13,12.14,12.11,12.11,4123,0
JRS.US,5,20211207,160500,12.14,12.14,12.1301,12.14,300,0
JRS.US,5,20211207,161000,12.135,12.135,12.13,12.13,1100,0
JRS.US,5,20211207,161500,12.14,12.14,12.14,12.14,100,0
JRS.US,5,20211207,164000,12.13,12.13,12.13,12.13,1400,0
JRS.US,5,20211207,164500,12.13,12.13,12.1203,12.13,2094,0
JRS.US,5,20211207,165000,12.13,12.16,12.12,12.16,3021,0
JRS.US,5,20211207,165500,12.1666,12.1666,12.165,12.165,650,0
JRS.US,5,20211207,170000,12.15,12.15,12.145,12.15,1721,0
JRS.US,5,20211207,170500,12.1453,12.15,12.13,12.14,3000,0
JRS.US,5,20211207,171000,12.15,12.15,12.15,12.15,500,0
JRS.US,5,20211207,171500,12.15,12.16,12.15,12.16,5052,0
JRS.US,5,20211207,172000,12.175,12.2,12.175,12.19,3439,0
JRS.US,5,20211207,172500,12.2,12.22,12.19,12.2,11531,0
JRS.US,5,20211207,173000,12.2,12.2,12.2,12.2,200,0
JRS.US,5,20211207,173500,12.2,12.2081,12.2,12.2081,6789,0
JRS.US,5,20211207,174000,12.22,12.22,12.22,12.22,100,0
JRS.US,5,20211207,175000,12.209,12.23,12.2,12.2298,4852,0
JRS.US,5,20211207,180000,12.215,12.215,12.215,12.215,400,0
JRS.US,5,20211207,181000,12.23,12.23,12.23,12.23,100,0
JRS.US,5,20211207,181500,12.22,12.22,12.21,12.21,358,0
JRS.US,5,20211207,182000,12.22,12.22,12.2001,12.21,609,0
JRS.US,5,20211207,182500,12.22,12.23,12.22,12.23,300,0
JRS.US,5,20211207,183000,12.22,12.23,12.21,12.21,2100,0
JRS.US,5,20211207,183500,12.22,12.22,12.2,12.22,1000,0
JRS.US,5,20211207,184000,12.23,12.23,12.22,12.22,300,0
JRS.US,5,20211207,184500,12.21,12.21,12.18,12.18,11550,0
JRS.US,5,20211207,185000,12.18,12.18,12.18,12.18,200,0
JRS.US,5,20211207,185500,12.18,12.18,12.17,12.17,650,0
JRS.US,5,20211207,190000,12.18,12.18,12.1799,12.1799,3008,0
JRS.US,5,20211207,190500,12.17,12.17,12.17,12.17,100,0
JRS.US,5,20211207,191000,12.17,12.17,12.17,12.17,100,0
JRS.US,5,20211207,191500,12.19,12.19,12.19,12.19,945,0
JRS.US,5,20211207,195000,12.1948,12.1948,12.1948,12.1948,160,0
JRS.US,5,20211207,195500,12.1859,12.1859,12.17,12.1755,9807,0
JRS.US,5,20211207,200000,12.17,12.17,12.17,12.17,900,0
JRS.US,5,20211207,200500,12.19,12.19,12.19,12.19,1337,0
JRS.US,5,20211207,201500,12.17,12.17,12.1653,12.1653,3850,0
JRS.US,5,20211207,203000,12.16,12.165,12.16,12.16,2238,0
JRS.US,5,20211207,204500,12.16,12.17,12.16,12.17,200,0
JRS.US,5,20211207,210000,12.165,12.17,12.165,12.1699,1589,0
JRS.US,5,20211207,211000,12.16,12.16,12.16,12.16,2489,0
JRS.US,5,20211207,212000,12.163,12.163,12.163,12.163,2000,0
JRS.US,5,20211207,214000,12.16,12.1602,12.13,12.13,859,0
JRS.US,5,20211207,214500,12.14,12.15,12.135,12.15,800,0
JRS.US,5,20211207,215500,12.15,12.16,12.13,12.15,3384,0
JRS.US,5,20211208,153000,12.2,12.2,12.1604,12.1604,6805,0
JRS.US,5,20211208,153500,12.19,12.19,12.1743,12.1743,450,0
JRS.US,5,20211208,154000,12.17,12.2,12.1604,12.2,6654,0
JRS.US,5,20211208,154500,12.18,12.2,12.18,12.185,1623,0
JRS.US,5,20211208,155000,12.185,12.21,12.185,12.21,1122,0
JRS.US,5,20211208,155500,12.21,12.215,12.21,12.215,1000,0
JRS.US,5,20211208,160000,12.2,12.21,12.2,12.21,1500,0
JRS.US,5,20211208,161000,12.196,12.2,12.196,12.2,1400,0
JRS.US,5,20211208,161500,12.205,12.2085,12.18,12.18,3393,0
JRS.US,5,20211208,162000,12.2,12.2085,12.2,12.2,900,0
JRS.US,5,20211208,162500,12.21,12.21,12.2099,12.2099,2174,0
JRS.US,5,20211208,163000,12.17,12.18,12.17,12.18,300,0
JRS.US,5,20211208,163500,12.17,12.2086,12.17,12.2086,2100,0
JRS.US,5,20211208,164000,12.195,12.195,12.16,12.17,3730,0
JRS.US,5,20211208,164500,12.1612,12.165,12.16,12.165,400,0
JRS.US,5,20211208,165000,12.16,12.1602,12.16,12.16,1000,0
JRS.US,5,20211208,165500,12.1698,12.17,12.1698,12.17,1300,0
JRS.US,5,20211208,170000,12.16,12.16,12.16,12.16,337,0
JRS.US,5,20211208,170500,12.15,12.15,12.15,12.15,600,0
JRS.US,5,20211208,171500,12.16,12.16,12.15,12.15,800,0
JRS.US,5,20211208,173000,12.16,12.16,12.16,12.16,100,0
JRS.US,5,20211208,173500,12.16,12.16,12.16,12.16,100,0
JRS.US,5,20211208,174000,12.16,12.16,12.16,12.16,200,0
JRS.US,5,20211208,174500,12.16,12.16,12.16,12.16,100,0
JRS.US,5,20211208,175000,12.1648,12.1698,12.1648,12.165,461,0
JRS.US,5,20211208,180500,12.17,12.17,12.165,12.165,200,0
JRS.US,5,20211208,181000,12.165,12.17,12.165,12.17,1333,0
JRS.US,5,20211208,182000,12.18,12.18,12.18,12.18,449,0
JRS.US,5,20211208,182500,12.1801,12.19,12.18,12.19,1600,0
JRS.US,5,20211208,183000,12.18,12.18,12.18,12.18,400,0
JRS.US,5,20211208,183500,12.17,12.18,12.17,12.18,200,0
JRS.US,5,20211208,184000,12.18,12.18,12.18,12.18,200,0
JRS.US,5,20211208,184500,12.19,12.2,12.19,12.2,500,0
JRS.US,5,20211208,185000,12.195,12.195,12.195,12.195,200,0
JRS.US,5,20211208,185500,12.19,12.2,12.19,12.2,200,0
JRS.US,5,20211208,190500,12.195,12.195,12.195,12.195,200,0
JRS.US,5,20211208,191000,12.2,12.2,12.2,12.2,200,0
JRS.US,5,20211208,191500,12.21,12.21,12.2066,12.21,2000,0
JRS.US,5,20211208,192500,12.215,12.215,12.215,12.215,200,0
JRS.US,5,20211208,193500,12.22,12.22,12.21,12.21,200,0
JRS.US,5,20211208,194000,12.22,12.2254,12.2158,12.2254,380,0
JRS.US,5,20211208,195000,12.24,12.24,12.24,12.24,100,0
JRS.US,5,20211208,195500,12.22,12.22,12.22,12.22,100,0
JRS.US,5,20211208,201000,12.22,12.22,12.22,12.22,100,0
JRS.US,5,20211208,202000,12.2212,12.2212,12.2212,12.2212,1322,0
JRS.US,5,20211208,202500,12.22,12.22,12.22,12.22,200,0
JRS.US,5,20211208,203000,12.21,12.21,12.21,12.21,600,0
JRS.US,5,20211208,203500,12.19,12.19,12.19,12.19,100,0
JRS.US,5,20211208,204500,12.19,12.19,12.19,12.19,200,0
JRS.US,5,20211208,205000,12.1822,12.1822,12.1822,12.1822,1640,0
JRS.US,5,20211208,205500,12.18,12.18,12.17,12.175,1500,0
JRS.US,5,20211208,210000,12.175,12.175,12.15,12.16,3000,0
JRS.US,5,20211208,210500,12.18,12.18,12.18,12.18,600,0
JRS.US,5,20211208,211000,12.18,12.195,12.18,12.195,1200,0
JRS.US,5,20211208,212000,12.19,12.19,12.19,12.19,800,0
JRS.US,5,20211208,212500,12.19,12.19,12.185,12.185,500,0
JRS.US,5,20211208,213000,12.19,12.19,12.19,12.19,300,0
JRS.US,5,20211208,214000,12.1717,12.19,12.17,12.19,1840,0
JRS.US,5,20211208,214500,12.195,12.2,12.195,12.2,900,0
JRS.US,5,20211208,215000,12.1941,12.215,12.1941,12.215,1341,0
JRS.US,5,20211208,215500,12.21,12.22,12.19,12.19,2954,0
JRS.US,5,20211209,153000,12.23,12.23,12.1994,12.1994,4625,0
JRS.US,5,20211209,153500,12.18,12.2,12.18,12.2,995,0
JRS.US,5,20211209,155000,12.185,12.185,12.185,12.185,500,0
JRS.US,5,20211209,155500,12.18,12.18,12.18,12.18,400,0
JRS.US,5,20211209,160000,12.17,12.17,12.16,12.16,300,0
JRS.US,5,20211209,160500,12.165,12.17,12.165,12.165,1800,0
JRS.US,5,20211209,161000,12.165,12.19,12.165,12.19,706,0
JRS.US,5,20211209,161500,12.18,12.18,12.18,12.18,200,0
JRS.US,5,20211209,162000,12.18,12.19,12.16,12.16,4289,0
JRS.US,5,20211209,162500,12.1699,12.1699,12.16,12.16,800,0
JRS.US,5,20211209,163000,12.16,12.16,12.15,12.16,2636,0
JRS.US,5,20211209,163500,12.14,12.14,12.14,12.14,1250,0
JRS.US,5,20211209,164000,12.135,12.135,12.11,12.11,922,0
JRS.US,5,20211209,164500,12.11,12.11,12.11,12.11,500,0
JRS.US,5,20211209,165500,12.11,12.15,12.11,12.15,283,0
JRS.US,5,20211209,170000,12.13,12.1496,12.11,12.11,307,0
JRS.US,5,20211209,170500,12.11,12.11,12.1,12.1,3164,0
JRS.US,5,20211209,171000,12.09,12.09,12.09,12.09,100,0
JRS.US,5,20211209,172000,12.08,12.08,12.08,12.08,100,0
JRS.US,5,20211209,172500,12.09,12.09,12.09,12.09,100,0
JRS.US,5,20211209,175000,12.1112,12.1112,12.1112,12.1112,100,0
JRS.US,5,20211209,180000,12.105,12.105,12.105,12.105,700,0
JRS.US,5,20211209,181000,12.096,12.096,12.096,12.096,165,0
JRS.US,5,20211209,181500,12.09,12.09,12.07,12.07,9831,0
JRS.US,5,20211209,182000,12.09,12.1034,12.09,12.1034,883,0
JRS.US,5,20211209,182500,12.1,12.105,12.1,12.1,500,0
JRS.US,5,20211209,184000,12.12,12.12,12.12,12.12,100,0
JRS.US,5,20211209,184500,12.1222,12.1222,12.1222,12.1222,250,0
JRS.US,5,20211209,185000,12.1,12.1,12.09,12.09,1000,0
JRS.US,5,20211209,185500,12.105,12.105,12.1021,12.1021,1559,0
JRS.US,5,20211209,190500,12.1,12.1,12.1,12.1,300,0
JRS.US,5,20211209,191000,12.1,12.1,12.1,12.1,200,0
JRS.US,5,20211209,192000,12.1035,12.1035,12.1035,12.1035,3120,0
JRS.US,5,20211209,192500,12.11,12.11,12.105,12.1097,2866,0
JRS.US,5,20211209,193500,12.115,12.14,12.115,12.14,3720,0
JRS.US,5,20211209,194000,12.11,12.11,12.11,12.11,100,0
JRS.US,5,20211209,194500,12.11,12.11,12.11,12.11,1925,0
JRS.US,5,20211209,195000,12.08,12.08,12.075,12.08,700,0
JRS.US,5,20211209,195500,12.071,12.071,12.071,12.071,537,0
JRS.US,5,20211209,200000,12.07,12.12,12.06,12.12,3777,0
JRS.US,5,20211209,200500,12.09,12.09,12.09,12.09,100,0
JRS.US,5,20211209,201000,12.1,12.1073,12.09,12.09,300,0
JRS.US,5,20211209,201500,12.095,12.095,12.095,12.095,354,0
JRS.US,5,20211209,202500,12.08,12.08,12.08,12.08,100,0
JRS.US,5,20211209,203000,12.08,12.08,12.08,12.08,600,0
JRS.US,5,20211209,204000,12.07,12.07,12.07,12.07,400,0
JRS.US,5,20211209,204500,12.062,12.062,12.045,12.045,400,0
JRS.US,5,20211209,205000,12.07,12.07,12.06,12.065,850,0
JRS.US,5,20211209,205500,12.06,12.06,12.06,12.06,500,0
JRS.US,5,20211209,210500,12.0605,12.0654,12.06,12.0654,5429,0
JRS.US,5,20211209,211000,12.065,12.0699,12.06,12.06,2900,0
JRS.US,5,20211209,211500,12.06,12.06,12.06,12.06,200,0
JRS.US,5,20211209,212000,12.065,12.07,12.065,12.0699,600,0
JRS.US,5,20211209,212500,12.07,12.07,12.065,12.065,600,0
JRS.US,5,20211209,213000,12.05,12.05,12.04,12.04,267,0
JRS.US,5,20211209,213500,12.05,12.06,12.04,12.0599,500,0
JRS.US,5,20211209,214000,12.06,12.09,12.055,12.09,5800,0
JRS.US,5,20211209,214500,12.075,12.09,11.98,11.98,19700,0
JRS.US,5,20211209,215000,12.01,12.01,12.005,12.01,800,0
JRS.US,5,20211209,215500,12.01,12.02,11.98,12.02,3506,0
JRS.US,5,20211210,153000,12.06,12.06,12.06,12.06,2288,0
JRS.US,5,20211210,154500,12.025,12.025,12.025,12.025,269,0
JRS.US,5,20211210,155000,12.04,12.05,12.04,12.05,660,0
JRS.US,5,20211210,160500,12.04,12.04,12.03,12.03,443,0
JRS.US,5,20211210,161000,12.04,12.04,12.04,12.04,164,0
JRS.US,5,20211210,161500,12.0426,12.0426,12.0426,12.0426,200,0
JRS.US,5,20211210,162000,12.05,12.05,12.05,12.05,221,0
JRS.US,5,20211210,163500,12.035,12.04,12.035,12.04,200,0
JRS.US,5,20211210,164000,12.03,12.04,11.99,12.04,3965,0
JRS.US,5,20211210,164500,12,12.03,12,12.03,200,0
JRS.US,5,20211210,165000,12.03,12.04,12.03,12.04,5038,0
JRS.US,5,20211210,165500,12.04,12.04,12.04,12.04,200,0
JRS.US,5,20211210,170000,12.05,12.17,12.0488,12.17,3200,0
JRS.US,5,20211210,170500,12.1,12.1,12.1,12.1,100,0
JRS.US,5,20211210,171000,12.04,12.04,12.04,12.04,100,0
JRS.US,5,20211210,171500,12.005,12.04,12.005,12.04,2200,0
JRS.US,5,20211210,172000,12.04,12.04,12.04,12.04,100,0
JRS.US,5,20211210,172500,12.06,12.06,12.05,12.05,300,0
JRS.US,5,20211210,173000,12.0207,12.05,12.0207,12.05,525,0
JRS.US,5,20211210,173500,12.06,12.06,12.06,12.06,100,0
JRS.US,5,20211210,174000,12.05,12.05,12.035,12.035,368,0
JRS.US,5,20211210,174500,12.06,12.06,12.06,12.06,100,0
JRS.US,5,20211210,175500,12.07,12.1,12.07,12.09,2438,0
JRS.US,5,20211210,181500,12.08,12.08,12.08,12.08,820,0
JRS.US,5,20211210,184000,12.07,12.07,12.059,12.059,200,0
JRS.US,5,20211210,184500,12.07,12.07,12.0477,12.0477,1194,0
JRS.US,5,20211210,191000,12.0699,12.0699,12.0699,12.0699,1700,0
JRS.US,5,20211210,192000,12.07,12.07,12.07,12.07,100,0
JRS.US,5,20211210,192500,12.07,12.07,12.0666,12.07,3135,0
JRS.US,5,20211210,195000,12.06,12.06,12.06,12.06,158,0
JRS.US,5,20211210,203000,12.05,12.05,12.05,12.05,827,0
JRS.US,5,20211210,205500,12.0583,12.06,12.0583,12.06,200,0
JRS.US,5,20211210,210000,12.06,12.07,12.06,12.07,200,0
JRS.US,5,20211210,211000,12.08,12.08,12.08,12.08,903,0
JRS.US,5,20211210,212000,12.0722,12.0722,12.0722,12.0722,200,0
JRS.US,5,20211210,212500,12.08,12.1,12.08,12.1,200,0
JRS.US,5,20211210,213000,12.089,12.1,12.08,12.1,1360,0
JRS.US,5,20211210,214000,12.07,12.07,12.0602,12.0602,1581,0
JRS.US,5,20211210,215000,12.0601,12.0601,12.06,12.06,6070,0
JRS.US,5,20211210,215500,12.075,12.09,12.075,12.09,635,0
JRS.US,5,20211213,153000,12.05,12.06,12.03,12.06,3236,0
JRS.US,5,20211213,153500,12.0696,12.0696,12.0696,12.0696,200,0
JRS.US,5,20211213,154000,12.0538,12.0538,12.0538,12.0538,400,0
JRS.US,5,20211213,155000,12.03,12.03,12.03,12.03,1244,0
JRS.US,5,20211213,160000,12.02,12.02,12.02,12.02,600,0
JRS.US,5,20211213,160500,12.04,12.04,12.04,12.04,100,0
JRS.US,5,20211213,161000,12.03,12.03,12.03,12.03,100,0
JRS.US,5,20211213,161500,12.03,12.03,12.03,12.03,1000,0
JRS.US,5,20211213,162000,12.04,12.04,12.04,12.04,200,0
JRS.US,5,20211213,162500,12.035,12.035,12.035,12.035,130,0
JRS.US,5,20211213,163000,12.03,12.03,12.01,12.01,7861,0
JRS.US,5,20211213,163500,12.02,12.02,12.02,12.02,100,0
JRS.US,5,20211213,164000,12.02,12.02,12.02,12.02,100,0
JRS.US,5,20211213,164500,12.02,12.02,12.01,12.01,800,0
JRS.US,5,20211213,165000,12.0222,12.03,12.02,12.03,501,0
JRS.US,5,20211213,165500,12.025,12.025,12.025,12.025,200,0
JRS.US,5,20211213,170500,12.04,12.04,12.03,12.03,1867,0
JRS.US,5,20211213,171000,12.026,12.04,12.026,12.04,1200,0
JRS.US,5,20211213,171500,12.04,12.04,12.04,12.04,100,0
JRS.US,5,20211213,172000,12.04,12.04,12.033,12.04,500,0
JRS.US,5,20211213,172500,12.0301,12.05,12.0301,12.04,1700,0
JRS.US,5,20211213,173000,12.04,12.06,12.04,12.06,3505,0
JRS.US,5,20211213,174000,12.09,12.09,12.08,12.08,200,0
JRS.US,5,20211213,174500,12.09,12.09,12.09,12.09,100,0
JRS.US,5,20211213,175000,12.09,12.1,12.09,12.0998,402,0
JRS.US,5,20211213,180000,12.12,12.12,12.12,12.12,400,0
JRS.US,5,20211213,181000,12.1099,12.1099,12.1099,12.1099,500,0
JRS.US,5,20211213,183000,12.0963,12.0963,12.0963,12.0963,1000,0
JRS.US,5,20211213,183500,12.14,12.14,12.14,12.14,340,0
JRS.US,5,20211213,185000,12.09,12.09,12.09,12.09,470,0
JRS.US,5,20211213,190500,12.12,12.12,12.1164,12.1164,376,0
JRS.US,5,20211213,195000,12.12,12.12,12.12,12.12,100,0
JRS.US,5,20211213,195500,12.1,12.11,12.1,12.11,200,0
JRS.US,5,20211213,200000,12.111,12.12,12.1,12.12,1242,0
JRS.US,5,20211213,201000,12.13,12.13,12.13,12.13,100,0
JRS.US,5,20211213,204000,12.13,12.13,12.11,12.11,300,0
JRS.US,5,20211213,204500,12.13,12.13,12.12,12.12,500,0
JRS.US,5,20211213,205500,12.1153,12.1153,12.11,12.11,612,0
JRS.US,5,20211213,210500,12.11,12.12,12.1,12.1,4926,0
JRS.US,5,20211213,211000,12.06,12.1,12.06,12.1,500,0
JRS.US,5,20211213,211500,12.1099,12.1099,12.1099,12.1099,115,0
JRS.US,5,20211213,212500,12.1,12.1,12.1,12.1,602,0
JRS.US,5,20211213,213000,12.1099,12.11,12.1,12.1,6604,0
JRS.US,5,20211213,213500,12.11,12.11,12.1008,12.1008,638,0
JRS.US,5,20211213,214000,12.1,12.12,12.1,12.115,2709,0
JRS.US,5,20211213,214500,12.1,12.11,12.07,12.1,1075,0
JRS.US,5,20211213,215000,12.085,12.0967,12.08,12.09,1450,0
JRS.US,5,20211213,215500,12.09,12.1,12.08,12.09,960,0
JRS.US,5,20211214,153000,11.92,11.94,11.92,11.94,3045,0
JRS.US,5,20211214,153500,11.906,11.906,11.906,11.906,110,0
JRS.US,5,20211214,154500,11.93,11.93,11.92,11.925,401,0
JRS.US,5,20211214,155000,11.9179,11.9179,11.9179,11.9179,687,0
JRS.US,5,20211214,155500,11.91,11.91,11.895,11.9,450,0
JRS.US,5,20211214,160000,11.91,11.91,11.91,11.91,100,0
JRS.US,5,20211214,160500,11.8946,11.91,11.89,11.91,300,0
JRS.US,5,20211214,161000,11.91,11.91,11.89,11.89,300,0
JRS.US,5,20211214,161500,11.89,11.89,11.89,11.89,200,0
JRS.US,5,20211214,162500,11.9,11.92,11.9,11.92,1266,0
JRS.US,5,20211214,163000,11.92,11.92,11.88,11.895,505,0
JRS.US,5,20211214,163500,11.9127,11.9127,11.9,11.9,400,0
JRS.US,5,20211214,164500,11.91,11.91,11.91,11.91,100,0
JRS.US,5,20211214,165000,11.8834,11.8834,11.8834,11.8834,150,0
JRS.US,5,20211214,165500,11.89,11.89,11.89,11.89,100,0
JRS.US,5,20211214,170000,11.89,11.89,11.8801,11.89,800,0
JRS.US,5,20211214,170500,11.91,11.91,11.89,11.89,436,0
JRS.US,5,20211214,171000,11.88,11.88,11.88,11.88,219,0
JRS.US,5,20211214,172000,11.885,11.885,11.88,11.88,2595,0
JRS.US,5,20211214,173000,11.8609,11.87,11.855,11.8698,2238,0
JRS.US,5,20211214,173500,11.85,11.87,11.85,11.87,500,0
JRS.US,5,20211214,174000,11.9232,11.9232,11.9232,11.9232,200,0
JRS.US,5,20211214,180000,11.909,11.915,11.9,11.9,1960,0
JRS.US,5,20211214,181500,11.9,11.9,11.9,11.9,1600,0
JRS.US,5,20211214,182500,11.9,11.9,11.9,11.9,200,0
JRS.US,5,20211214,183500,11.885,11.885,11.885,11.885,100,0
JRS.US,5,20211214,184500,11.885,11.885,11.8703,11.8847,1300,0
JRS.US,5,20211214,190000,11.87,11.87,11.86,11.86,446,0
JRS.US,5,20211214,190500,11.86,11.86,11.86,11.86,2484,0
JRS.US,5,20211214,191000,11.89,11.92,11.87,11.895,3310,0
JRS.US,5,20211214,193500,11.9265,11.9265,11.9265,11.9265,370,0
JRS.US,5,20211214,200500,11.9012,11.9012,11.9012,11.9012,400,0
JRS.US,5,20211214,201000,11.93,11.93,11.9298,11.9298,346,0
JRS.US,5,20211214,204500,11.9299,11.9299,11.9066,11.9066,535,0
JRS.US,5,20211214,210000,11.9211,11.9211,11.9211,11.9211,617,0
JRS.US,5,20211214,211000,11.93,11.95,11.9,11.95,5824,0
JRS.US,5,20211214,211500,11.95,11.97,11.92,11.92,2958,0
JRS.US,5,20211214,213500,11.98,12,11.96,11.96,3584,0
JRS.US,5,20211214,214000,12.0218,12.0218,12.015,12.015,458,0
JRS.US,5,20211214,214500,12.06,12.06,12.06,12.06,200,0
JRS.US,5,20211214,215500,11.985,12.03,11.98,12,4739,0
JRS.US,5,20211215,153000,12,12.01,12,12.01,3408,0
JRS.US,5,20211215,153500,12.01,12.01,12.01,12.01,627,0
JRS.US,5,20211215,154000,12.01,12.0296,12.01,12.02,5184,0
JRS.US,5,20211215,155000,12,12.0071,12,12.0071,1500,0
JRS.US,5,20211215,160000,12.0123,12.0123,12.0123,12.0123,200,0
JRS.US,5,20211215,160500,12,12,12,12,160,0
JRS.US,5,20211215,161500,11.99,11.99,11.99,11.99,900,0
JRS.US,5,20211215,162000,11.985,11.985,11.98,11.98,574,0
JRS.US,5,20211215,162500,11.985,11.985,11.985,11.985,100,0
JRS.US,5,20211215,164000,11.98,11.98,11.94,11.9661,2188,0
JRS.US,5,20211215,164500,11.95,11.95,11.95,11.95,456,0
JRS.US,5,20211215,165000,11.9613,11.9778,11.9613,11.9778,3750,0
JRS.US,5,20211215,170500,11.99,12,11.9599,11.9599,6942,0
JRS.US,5,20211215,171000,11.9899,11.9899,11.9899,11.9899,206,0
JRS.US,5,20211215,171500,11.9616,11.9616,11.9616,11.9616,189,0
JRS.US,5,20211215,175000,12.0026,12.0026,12,12,941,0
JRS.US,5,20211215,182000,12,12,11.95,11.95,1718,0
JRS.US,5,20211215,182500,11.9,11.9002,11.875,11.88,4537,0
JRS.US,5,20211215,183000,11.9,11.9,11.87,11.87,1875,0
JRS.US,5,20211215,185000,11.9,11.9,11.9,11.9,152,0
JRS.US,5,20211215,185500,11.88,11.88,11.88,11.88,1385,0
JRS.US,5,20211215,190000,11.88,11.88,11.8704,11.88,1600,0
JRS.US,5,20211215,190500,11.885,11.885,11.881,11.881,1275,0
JRS.US,5,20211215,191500,11.89,11.9,11.89,11.9,1800,0
JRS.US,5,20211215,192000,11.89,11.905,11.88,11.905,4900,0
JRS.US,5,20211215,193500,11.89,11.89,11.89,11.89,100,0
JRS.US,5,20211215,194500,11.89,11.895,11.88,11.895,2275,0
JRS.US,5,20211215,195000,11.9,11.919,11.9,11.919,1600,0
JRS.US,5,20211215,200000,11.88,11.8843,11.8502,11.8843,3559,0
JRS.US,5,20211215,200500,11.87,11.89,11.82,11.82,4400,0
JRS.US,5,20211215,201000,11.86,11.87,11.8401,11.87,4106,0
JRS.US,5,20211215,201500,11.861,11.905,11.861,11.905,6675,0
JRS.US,5,20211215,203000,11.89,11.91,11.89,11.91,1067,0
JRS.US,5,20211215,204500,11.88,11.88,11.86,11.87,1789,0
JRS.US,5,20211215,205000,11.85,11.86,11.85,11.855,3500,0
JRS.US,5,20211215,205500,11.86,11.8687,11.86,11.8687,700,0
JRS.US,5,20211215,210000,11.865,11.88,11.865,11.88,600,0
JRS.US,5,20211215,210500,11.89,11.93,11.89,11.93,3300,0
JRS.US,5,20211215,211000,11.93,11.93,11.925,11.925,600,0
JRS.US,5,20211215,211500,11.93,11.94,11.925,11.94,2800,0
JRS.US,5,20211215,212000,11.94,11.945,11.94,11.945,1312,0
JRS.US,5,20211215,212500,11.96,11.96,11.95,11.96,1300,0
JRS.US,5,20211215,213000,11.95,11.97,11.95,11.97,1200,0
JRS.US,5,20211215,213500,11.96,11.99,11.95,11.95,6720,0
JRS.US,5,20211215,214000,11.95,11.95,11.95,11.95,200,0
JRS.US,5,20211215,214500,11.9499,11.95,11.9499,11.95,792,0
JRS.US,5,20211215,215000,11.9197,11.92,11.9197,11.92,600,0
JRS.US,5,20211215,215500,11.93,11.98,11.92,11.97,4500,0
JRS.US,5,20211216,153000,12.02,12.02,11.8197,12,4052,0
JRS.US,5,20211216,153500,12.02,12.02,12.02,12.02,200,0
JRS.US,5,20211216,154000,12.02,12.02,12.02,12.02,100,0
JRS.US,5,20211216,155000,11.9701,11.9701,11.9701,11.9701,1000,0
JRS.US,5,20211216,155500,12.02,12.02,12.02,12.02,100,0
JRS.US,5,20211216,160500,12.02,12.02,12.02,12.02,100,0
JRS.US,5,20211216,162500,12.06,12.07,12.06,12.07,900,0
JRS.US,5,20211216,163000,12.07,12.07,12.06,12.06,1325,0
JRS.US,5,20211216,163500,12.06,12.07,12.06,12.07,200,0
JRS.US,5,20211216,164500,12.0642,12.065,12.06,12.064,2544,0
JRS.US,5,20211216,165000,12.0678,12.08,12.0613,12.0655,6521,0
JRS.US,5,20211216,165500,12.06,12.0779,12.06,12.0779,650,0
JRS.US,5,20211216,170500,12.07,12.07,12.06,12.06,1250,0
JRS.US,5,20211216,171500,12.0616,12.0616,12.0616,12.0616,180,0
JRS.US,5,20211216,172500,12.06,12.06,12,12.05,1575,0
JRS.US,5,20211216,173000,12.02,12.0514,12.02,12.0514,965,0
JRS.US,5,20211216,173500,12.06,12.06,12.0006,12.0006,1598,0
JRS.US,5,20211216,174500,12.07,12.07,12.07,12.07,100,0
JRS.US,5,20211216,175500,12.0301,12.05,12.0301,12.05,762,0
JRS.US,5,20211216,180500,12.0445,12.0445,12.0445,12.0445,297,0
JRS.US,5,20211216,181000,12.0416,12.0416,12.0416,12.0416,100,0
JRS.US,5,20211216,192000,12.04,12.04,12.04,12.04,600,0
JRS.US,5,20211216,192500,12.04,12.04,12.04,12.04,300,0
JRS.US,5,20211216,194000,12.04,12.0423,12.04,12.0423,500,0
JRS.US,5,20211216,201500,12.0246,12.0246,12.0246,12.0246,259,0
JRS.US,5,20211216,202000,12.01,12.01,12.01,12.01,200,0
JRS.US,5,20211216,203500,12.015,12.015,12.015,12.015,100,0
JRS.US,5,20211216,205000,12,12.01,12,12.01,1776,0
JRS.US,5,20211216,205500,12,12.0052,12,12,700,0
JRS.US,5,20211216,210000,12.0125,12.0125,12.01,12.01,300,0
JRS.US,5,20211216,210500,12,12.0004,12,12.0004,1370,0
JRS.US,5,20211216,211500,12.004,12.004,12.004,12.004,100,0
JRS.US,5,20211216,212000,12.02,12.02,12.0124,12.0124,764,0
JRS.US,5,20211216,212500,12.0131,12.0131,12.0131,12.0131,100,0
JRS.US,5,20211216,214000,12.04,12.04,12.04,12.04,266,0
JRS.US,5,20211216,214500,12.02,12.02,12,12.01,1200,0
JRS.US,5,20211216,215000,12.02,12.03,12.02,12.03,501,0
JRS.US,5,20211216,215500,12.015,12.04,12,12.01,1955,0
JRS.US,5,20211217,153000,12,12,12,12,885,0
JRS.US,5,20211217,154000,11.9294,11.98,11.9294,11.98,250,0
JRS.US,5,20211217,155000,11.94,11.96,11.92,11.96,1000,0
JRS.US,5,20211217,155500,11.93,11.93,11.9,11.9,1000,0
JRS.US,5,20211217,160000,11.94,11.94,11.94,11.94,100,0
JRS.US,5,20211217,160500,11.88,11.9,11.88,11.9,950,0
JRS.US,5,20211217,161500,11.88,11.9335,11.88,11.9335,1200,0
JRS.US,5,20211217,162000,11.8965,11.8965,11.8593,11.895,2149,0
JRS.US,5,20211217,162500,11.94,11.94,11.9,11.9,304,0
JRS.US,5,20211217,163000,11.9,11.9,11.9,11.9,1000,0
JRS.US,5,20211217,164000,11.91,11.94,11.91,11.94,1092,0
JRS.US,5,20211217,164500,11.9169,11.9345,11.9001,11.93,1659,0
JRS.US,5,20211217,165500,11.94,11.94,11.94,11.94,100,0
JRS.US,5,20211217,170000,11.94,11.94,11.94,11.94,200,0
JRS.US,5,20211217,171000,11.9201,11.9201,11.9201,11.9201,840,0
JRS.US,5,20211217,171500,11.94,11.94,11.93,11.93,2618,0
JRS.US,5,20211217,172000,11.9371,11.9371,11.9371,11.9371,195,0
JRS.US,5,20211217,172500,11.93,11.9301,11.93,11.9301,500,0
JRS.US,5,20211217,173000,11.9399,11.9399,11.9399,11.9399,300,0
JRS.US,5,20211217,173500,11.92,11.92,11.92,11.92,100,0
JRS.US,5,20211217,174000,11.88,11.9,11.87,11.9,1192,0
JRS.US,5,20211217,175500,11.9399,11.9399,11.9399,11.9399,200,0
JRS.US,5,20211217,180000,11.8702,11.8702,11.8702,11.8702,1800,0
JRS.US,5,20211217,181500,11.9,11.9,11.88,11.88,1100,0
JRS.US,5,20211217,183000,11.9,11.9,11.9,11.9,1000,0
JRS.US,5,20211217,183500,11.9,11.9,11.9,11.9,200,0
JRS.US,5,20211217,184000,11.8901,11.8901,11.89,11.8901,1700,0
JRS.US,5,20211217,185000,11.92,11.92,11.9,11.9,3765,0
JRS.US,5,20211217,190500,11.9,11.9,11.89,11.89,1200,0
JRS.US,5,20211217,192500,11.9,11.9,11.88,11.88,5800,0
JRS.US,5,20211217,193000,11.8763,11.88,11.8763,11.88,400,0
JRS.US,5,20211217,193500,11.88,11.9093,11.88,11.9093,500,0
JRS.US,5,20211217,194500,11.88,11.88,11.88,11.88,397,0
JRS.US,5,20211217,195500,11.9,11.9,11.9,11.9,403,0
JRS.US,5,20211217,200000,11.9199,11.92,11.9199,11.92,480,0
JRS.US,5,20211217,204000,11.901,11.91,11.901,11.91,963,0
JRS.US,5,20211217,205000,11.89,11.89,11.89,11.89,1082,0
JRS.US,5,20211217,211000,11.9,11.9099,11.88,11.88,1800,0
JRS.US,5,20211217,211500,11.87,11.8703,11.87,11.8703,1576,0
JRS.US,5,20211217,212000,11.87,11.87,11.87,11.87,112,0
JRS.US,5,20211217,213000,11.87,11.87,11.86,11.8693,1006,0
JRS.US,5,20211217,213500,11.8688,11.8688,11.86,11.8641,3167,0
JRS.US,5,20211217,214000,11.86,11.86,11.84,11.84,1301,0
JRS.US,5,20211217,214500,11.85,11.86,11.84,11.84,6000,0
JRS.US,5,20211217,215000,11.83,11.91,11.83,11.89,4600,0
JRS.US,5,20211217,215500,11.89,11.92,11.89,11.92,3348,0
JRS.US,5,20211220,153000,11.9,11.9,11.9,11.9,5354,0
JRS.US,5,20211220,161500,11.7926,11.7926,11.7926,11.7926,125,0
JRS.US,5,20211220,162000,11.7961,11.7961,11.7961,11.7961,1000,0
JRS.US,5,20211220,163500,11.775,11.79,11.775,11.78,1250,0
JRS.US,5,20211220,164500,11.752,11.752,11.752,11.752,1000,0
JRS.US,5,20211220,165000,11.75,11.75,11.75,11.75,100,0
JRS.US,5,20211220,170000,11.76,11.76,11.76,11.76,2140,0
JRS.US,5,20211220,170500,11.7679,11.7679,11.7679,11.7679,250,0
JRS.US,5,20211220,171000,11.7677,11.7677,11.7677,11.7677,100,0
JRS.US,5,20211220,171500,11.77,11.77,11.77,11.77,1000,0
JRS.US,5,20211220,172500,11.76,11.76,11.7104,11.711,1723,0
JRS.US,5,20211220,173000,11.79,11.79,11.7616,11.7699,845,0
JRS.US,5,20211220,175500,11.7501,11.79,11.7501,11.79,6087,0
JRS.US,5,20211220,180000,11.77,11.77,11.76,11.76,1200,0
JRS.US,5,20211220,180500,11.75,11.75,11.74,11.74,200,0
JRS.US,5,20211220,181500,11.7571,11.76,11.7571,11.76,1200,0
JRS.US,5,20211220,182000,11.755,11.7699,11.7442,11.7699,575,0
JRS.US,5,20211220,182500,11.7425,11.75,11.73,11.73,1400,0
JRS.US,5,20211220,183000,11.72,11.7337,11.72,11.7337,500,0
JRS.US,5,20211220,183500,11.7101,11.7101,11.68,11.68,3500,0
JRS.US,5,20211220,184000,11.69,11.69,11.68,11.69,2600,0
JRS.US,5,20211220,185500,11.705,11.705,11.705,11.705,200,0
JRS.US,5,20211220,191500,11.69,11.69,11.69,11.69,200,0
JRS.US,5,20211220,192000,11.71,11.71,11.68,11.68,3562,0
JRS.US,5,20211220,192500,11.68,11.69,11.58,11.63,9570,0
JRS.US,5,20211220,193000,11.64,11.64,11.64,11.64,200,0
JRS.US,5,20211220,193500,11.65,11.65,11.65,11.65,200,0
JRS.US,5,20211220,194000,11.66,11.66,11.6554,11.66,1199,0
JRS.US,5,20211220,195000,11.655,11.655,11.65,11.65,600,0
JRS.US,5,20211220,195500,11.658,11.658,11.658,11.658,200,0
JRS.US,5,20211220,200000,11.66,11.66,11.6582,11.6582,3000,0
JRS.US,5,20211220,200500,11.653,11.658,11.6501,11.658,3128,0
JRS.US,5,20211220,201000,11.655,11.69,11.655,11.69,13409,0
JRS.US,5,20211220,204000,11.6873,11.6873,11.6873,11.6873,428,0
JRS.US,5,20211220,205000,11.71,11.71,11.701,11.701,400,0
JRS.US,5,20211220,210500,11.72,11.7279,11.72,11.72,771,0
JRS.US,5,20211220,211000,11.72,11.73,11.7163,11.72,1354,0
JRS.US,5,20211220,211500,11.72,11.75,11.72,11.73,1100,0
JRS.US,5,20211220,212500,11.74,11.74,11.74,11.74,300,0
JRS.US,5,20211220,213000,11.74,11.74,11.735,11.735,500,0
JRS.US,5,20211220,213500,11.735,11.74,11.735,11.74,571,0
JRS.US,5,20211220,214000,11.74,11.74,11.74,11.74,266,0
JRS.US,5,20211220,214500,11.75,11.76,11.74,11.74,2291,0
JRS.US,5,20211220,215000,11.76,11.76,11.7515,11.7515,200,0
JRS.US,5,20211220,215500,11.76,11.79,11.76,11.78,3056,0
JRS.US,5,20211221,153000,11.84,11.87,11.84,11.87,2751,0
JRS.US,5,20211221,153500,11.87,11.891,11.86,11.87,600,0
JRS.US,5,20211221,154000,11.88,11.885,11.88,11.885,1200,0
JRS.US,5,20211221,154500,11.88,11.8826,11.88,11.88,700,0
JRS.US,5,20211221,155000,11.87,11.87,11.86,11.87,600,0
JRS.US,5,20211221,155500,11.86,11.89,11.81,11.86,900,0
JRS.US,5,20211221,160000,11.845,11.8454,11.81,11.82,600,0
JRS.US,5,20211221,160500,11.835,11.8828,11.83,11.855,879,0
JRS.US,5,20211221,161000,11.845,11.8792,11.845,11.8792,200,0
JRS.US,5,20211221,161500,11.85,11.89,11.85,11.89,1200,0
JRS.US,5,20211221,162000,11.89,11.9,11.89,11.895,621,0
JRS.US,5,20211221,162500,11.88,11.89,11.85,11.89,300,0
JRS.US,5,20211221,163000,11.87,11.87,11.865,11.87,300,0
JRS.US,5,20211221,163500,11.87,11.8771,11.87,11.87,600,0
JRS.US,5,20211221,164000,11.87,11.87,11.87,11.87,100,0
JRS.US,5,20211221,164500,11.9,11.9,11.8196,11.885,4824,0
JRS.US,5,20211221,165000,11.8804,11.8987,11.88,11.8987,2574,0
JRS.US,5,20211221,165500,11.88,11.88,11.85,11.85,500,0
JRS.US,5,20211221,170000,11.85,11.85,11.85,11.85,400,0
JRS.US,5,20211221,170500,11.85,11.8672,11.84,11.84,2987,0
JRS.US,5,20211221,171000,11.85,11.87,11.85,11.87,900,0
JRS.US,5,20211221,171500,11.86,11.86,11.84,11.845,2557,0
JRS.US,5,20211221,172000,11.85,11.86,11.85,11.85,1415,0
JRS.US,5,20211221,172500,11.85,11.85,11.85,11.85,300,0
JRS.US,5,20211221,173000,11.85,11.85,11.85,11.85,400,0
JRS.US,5,20211221,173500,11.85,11.855,11.85,11.855,400,0
JRS.US,5,20211221,174000,11.85,11.855,11.85,11.855,625,0
JRS.US,5,20211221,174500,11.85,11.86,11.85,11.85,955,0
JRS.US,5,20211221,175000,11.8599,11.8599,11.85,11.85,2750,0
JRS.US,5,20211221,175500,11.85,11.857,11.83,11.85,900,0
JRS.US,5,20211221,180000,11.8534,11.8534,11.85,11.85,1000,0
JRS.US,5,20211221,180500,11.85,11.855,11.85,11.85,737,0
JRS.US,5,20211221,181000,11.85,11.85,11.85,11.85,300,0
JRS.US,5,20211221,182000,11.85,11.85,11.85,11.85,270,0
JRS.US,5,20211221,182500,11.86,11.86,11.8598,11.86,6450,0
JRS.US,5,20211221,183500,11.89,11.89,11.8866,11.8866,1600,0
JRS.US,5,20211221,185000,11.895,11.895,11.895,11.895,700,0
JRS.US,5,20211221,185500,11.9197,11.9197,11.9197,11.9197,800,0
JRS.US,5,20211221,190500,11.91,11.925,11.91,11.925,2000,0
JRS.US,5,20211221,191500,11.91,11.91,11.8927,11.8927,205,0
JRS.US,5,20211221,192500,11.896,11.9,11.891,11.891,736,0
JRS.US,5,20211221,194500,11.9,11.9,11.9,11.9,300,0
JRS.US,5,20211221,195500,11.895,11.895,11.88,11.88,3900,0
JRS.US,5,20211221,200500,11.8999,11.8999,11.8999,11.8999,815,0
JRS.US,5,20211221,201500,11.89,11.89,11.89,11.89,100,0
JRS.US,5,20211221,202500,11.8756,11.88,11.87,11.87,402,0
JRS.US,5,20211221,203500,11.87,11.87,11.85,11.85,1300,0
JRS.US,5,20211221,204000,11.83,11.83,11.83,11.83,100,0
JRS.US,5,20211221,205000,11.84,11.84,11.83,11.83,200,0
JRS.US,5,20211221,205500,11.83,11.83,11.82,11.824,645,0
JRS.US,5,20211221,211000,11.84,11.84,11.84,11.84,100,0
JRS.US,5,20211221,212000,11.83,11.83,11.83,11.83,100,0
JRS.US,5,20211221,212500,11.81,11.81,11.81,11.81,100,0
JRS.US,5,20211221,214000,11.8,11.81,11.8,11.81,600,0
JRS.US,5,20211221,214500,11.82,11.82,11.81,11.81,200,0
JRS.US,5,20211221,215000,11.81,11.81,11.7906,11.7906,1300,0
JRS.US,5,20211221,215500,11.84,11.86,11.84,11.84,941,0
JRS.US,5,20211222,153000,11.92,11.95,11.885,11.95,3969,0
JRS.US,5,20211222,153500,11.905,11.9386,11.905,11.9386,716,0
JRS.US,5,20211222,154000,11.94,11.94,11.9327,11.9327,1053,0
JRS.US,5,20211222,155500,11.95,11.95,11.925,11.935,3833,0
JRS.US,5,20211222,162500,11.9685,11.9685,11.9685,11.9685,300,0
JRS.US,5,20211222,163500,11.96,11.96,11.96,11.96,100,0
JRS.US,5,20211222,164000,11.965,11.965,11.965,11.965,100,0
JRS.US,5,20211222,164500,11.9701,11.975,11.97,11.9709,1250,0
JRS.US,5,20211222,165000,11.973,11.98,11.97,11.9722,3581,0
JRS.US,5,20211222,170000,11.98,11.9924,11.98,11.9924,1000,0
JRS.US,5,20211222,170500,11.9835,11.9835,11.98,11.9835,808,0
JRS.US,5,20211222,171000,11.975,11.975,11.95,11.9544,1015,0
JRS.US,5,20211222,171500,11.9546,11.9546,11.95,11.95,395,0
JRS.US,5,20211222,172000,11.97,11.97,11.95,11.95,700,0
JRS.US,5,20211222,172500,11.9542,11.9828,11.95,11.95,2500,0
JRS.US,5,20211222,173000,11.94,11.94,11.94,11.94,100,0
JRS.US,5,20211222,174000,11.96,11.96,11.96,11.96,250,0
JRS.US,5,20211222,180000,11.9638,11.9638,11.9401,11.9401,800,0
JRS.US,5,20211222,181500,11.94,11.94,11.94,11.94,100,0
JRS.US,5,20211222,183000,11.95,11.95,11.93,11.93,3400,0
JRS.US,5,20211222,185000,11.95,11.956,11.9421,11.956,753,0
JRS.US,5,20211222,190000,11.96,11.965,11.96,11.965,1479,0
JRS.US,5,20211222,190500,11.9764,11.9764,11.9764,11.9764,500,0
JRS.US,5,20211222,191000,11.98,11.98,11.96,11.9635,3400,0
JRS.US,5,20211222,191500,11.952,11.952,11.94,11.94,1767,0
JRS.US,5,20211222,192000,11.9405,11.965,11.9305,11.95,1206,0
JRS.US,5,20211222,192500,11.94,11.9721,11.94,11.9721,1100,0
JRS.US,5,20211222,193000,11.95,11.95,11.95,11.95,100,0
JRS.US,5,20211222,200500,11.95,11.95,11.94,11.94,1300,0
JRS.US,5,20211222,202500,11.94,11.94,11.94,11.94,300,0
JRS.US,5,20211222,204000,11.93,11.93,11.93,11.93,500,0
JRS.US,5,20211222,204500,11.93,11.93,11.93,11.93,100,0
JRS.US,5,20211222,210000,11.9375,11.9375,11.9375,11.9375,100,0
JRS.US,5,20211222,210500,11.945,11.945,11.93,11.93,238,0
JRS.US,5,20211222,211000,11.93,11.931,11.91,11.91,1750,0
JRS.US,5,20211222,211500,11.93,11.93,11.91,11.93,1300,0
JRS.US,5,20211222,212000,11.92,11.9245,11.91,11.91,1300,0
JRS.US,5,20211222,212500,11.9,11.9033,11.9,11.9,11545,0
JRS.US,5,20211222,213000,11.908,11.908,11.908,11.908,167,0
JRS.US,5,20211222,213500,11.9099,11.91,11.9,11.9,2900,0
JRS.US,5,20211222,214000,11.9,11.9,11.9,11.9,100,0
JRS.US,5,20211222,215000,11.905,11.91,11.905,11.91,220,0
JRS.US,5,20211222,215500,11.95,11.96,11.92,11.94,2783,0
JRS.US,5,20211223,153000,12.04,12.04,11.945,11.99,4769,0
JRS.US,5,20211223,153500,11.9968,12.0329,11.9968,12.01,1104,0
JRS.US,5,20211223,154000,12.01,12.01,11.99,12.01,1281,0
JRS.US,5,20211223,154500,12.0175,12.0175,12,12.01,1535,0
JRS.US,5,20211223,155000,11.98,11.98,11.98,11.98,200,0
JRS.US,5,20211223,155500,11.97,11.97,11.97,11.97,200,0
JRS.US,5,20211223,160000,11.99,11.99,11.98,11.98,400,0
JRS.US,5,20211223,160500,12.002,12.002,11.99,11.99,3100,0
JRS.US,5,20211223,161000,11.99,12.01,11.99,12.01,900,0
JRS.US,5,20211223,161500,11.99,11.99,11.99,11.99,200,0
JRS.US,5,20211223,162000,11.99,11.99,11.99,11.99,200,0
JRS.US,5,20211223,162500,12,12,12,12,200,0
JRS.US,5,20211223,163000,12.015,12.015,11.99,11.99,1098,0
JRS.US,5,20211223,163500,11.99,12.01,11.98,11.98,4600,0
JRS.US,5,20211223,164000,11.99,11.99,11.99,11.99,1700,0
JRS.US,5,20211223,164500,11.99,11.99,11.99,11.99,1400,0
JRS.US,5,20211223,165000,11.985,12,11.985,11.985,400,0
JRS.US,5,20211223,165500,11.99,12,11.99,12,1500,0
JRS.US,5,20211223,170500,12.02,12.02,12.02,12.02,250,0
JRS.US,5,20211223,171000,11.99,11.99,11.98,11.98,300,0
JRS.US,5,20211223,171500,11.98,12,11.98,12,516,0
JRS.US,5,20211223,172000,11.99,11.99,11.99,11.99,1400,0
JRS.US,5,20211223,172500,11.99,11.99,11.99,11.99,300,0
JRS.US,5,20211223,173000,11.99,11.99,11.99,11.99,100,0
JRS.US,5,20211223,173500,11.99,11.9975,11.99,11.99,634,0
JRS.US,5,20211223,174000,11.9889,11.99,11.9889,11.99,300,0
JRS.US,5,20211223,174500,11.985,12,11.985,11.985,1600,0
JRS.US,5,20211223,175500,11.97,11.97,11.97,11.97,100,0
JRS.US,5,20211223,180000,11.97,11.9802,11.97,11.97,1100,0
JRS.US,5,20211223,181000,11.97,11.97,11.97,11.97,500,0
JRS.US,5,20211223,181500,11.9997,11.9997,11.95,11.95,1310,0
JRS.US,5,20211223,182000,11.95,11.95,11.94,11.94,500,0
JRS.US,5,20211223,183000,11.94,11.95,11.94,11.95,300,0
JRS.US,5,20211223,183500,11.965,11.965,11.965,11.965,500,0
JRS.US,5,20211223,184000,11.98,12,11.95,11.95,4430,0
JRS.US,5,20211223,184500,11.9401,11.9401,11.9401,11.9401,160,0
JRS.US,5,20211223,185000,11.955,11.955,11.95,11.95,910,0
JRS.US,5,20211223,185500,11.95,11.95,11.95,11.95,200,0
JRS.US,5,20211223,190000,11.9665,11.9665,11.95,11.95,200,0
JRS.US,5,20211223,190500,11.94,11.94,11.94,11.94,200,0
JRS.US,5,20211223,191000,11.9689,11.9689,11.94,11.94,600,0
JRS.US,5,20211223,192000,11.94,11.94,11.94,11.94,200,0
JRS.US,5,20211223,192500,11.95,11.95,11.95,11.95,100,0
JRS.US,5,20211223,193000,11.95,11.95,11.95,11.95,300,0
JRS.US,5,20211223,193500,11.95,11.95,11.95,11.95,300,0
JRS.US,5,20211223,194000,11.9414,11.97,11.94,11.97,1137,0
JRS.US,5,20211223,200000,11.97,11.97,11.97,11.97,100,0
JRS.US,5,20211223,200500,11.97,11.97,11.97,11.97,200,0
JRS.US,5,20211223,201000,11.97,11.97,11.97,11.97,443,0
JRS.US,5,20211223,201500,11.9775,11.9775,11.97,11.97,750,0
JRS.US,5,20211223,202000,11.97,11.97,11.97,11.97,100,0
JRS.US,5,20211223,202500,11.97,11.97,11.97,11.97,200,0
JRS.US,5,20211223,203000,11.97,12,11.97,11.99,1225,0
JRS.US,5,20211223,204500,11.99,11.99,11.99,11.99,834,0
JRS.US,5,20211223,205000,11.99,11.99,11.99,11.99,100,0
JRS.US,5,20211223,205500,11.99,11.99,11.99,11.99,500,0
JRS.US,5,20211223,210000,11.99,12.01,11.99,12.01,1235,0
JRS.US,5,20211223,210500,12.01,12.01,11.97,11.97,5196,0
JRS.US,5,20211223,211000,11.995,11.995,11.995,11.995,300,0
JRS.US,5,20211223,211500,11.98,11.98,11.98,11.98,200,0
JRS.US,5,20211223,212000,11.98,11.99,11.98,11.99,300,0
JRS.US,5,20211223,212500,11.99,11.99,11.99,11.99,700,0
JRS.US,5,20211223,213000,12.01,12.02,11.995,12.02,1400,0
JRS.US,5,20211223,214000,12.01,12.01,12.01,12.01,1125,0
JRS.US,5,20211223,214500,12.01,12.01,12.01,12.01,700,0
JRS.US,5,20211223,215000,12.01,12.03,12.01,12.02,2100,0
JRS.US,5,20211223,215500,12.01,12.0199,12.01,12.01,3621,0
