<TICKER>,<PER>,<DATE>,<TIME>,<OPEN>,<HIGH>,<LOW>,<CLOSE>,<VOL>,<OPENINT>
MIT-U.US,5,20211104,162500,9.97,9.97,9.97,9.97,296,0
MIT-U.US,5,20211104,181000,10,10,10,10,300,0
MIT-U.US,5,20211104,182500,9.99,9.99,9.99,9.99,9200,0
MIT-U.US,5,20211104,184500,9.99,9.99,9.96,9.96,301,0
MIT-U.US,5,20211104,190000,9.97,9.97,9.97,9.97,172,0
MIT-U.US,5,20211104,191000,9.99,9.99,9.99,9.99,200,0
MIT-U.US,5,20211104,192500,9.99,9.99,9.99,9.99,200,0
MIT-U.US,5,20211104,193500,9.99,9.99,9.99,9.99,200,0
MIT-U.US,5,20211104,195000,9.99,9.99,9.99,9.99,200,0
MIT-U.US,5,20211104,200500,9.99,9.99,9.99,9.99,200,0
MIT-U.US,5,20211104,205500,9.98,9.99,9.98,9.99,9630,0
MIT-U.US,5,20211108,170000,10.01,10.01,10.01,10.01,229,0
MIT-U.US,5,20211108,185000,9.98,9.98,9.98,9.98,200,0
MIT-U.US,5,20211108,215500,9.99,10,9.99,10,204,0
MIT-U.US,5,20211109,171500,10,10.0215,10,10.0215,200,0
MIT-U.US,5,20211109,195500,9.96,9.99,9.96,9.99,20420,0
MIT-U.US,5,20211109,204500,9.97,9.97,9.97,9.97,100,0
MIT-U.US,5,20211110,161500,9.98,9.98,9.98,9.98,300,0
MIT-U.US,5,20211111,201000,10,10,10,10,240,0
MIT-U.US,5,20211116,191500,10.01,10.01,10.01,10.01,155,0
MIT-U.US,5,20211116,192500,10.01,10.01,10.01,10.01,200,0
MIT-U.US,5,20211116,195500,10,10,10,10,200,0
MIT-U.US,5,20211116,200500,10,10,10,10,200,0
MIT-U.US,5,20211116,210500,10.01,10.01,10.01,10.01,200,0
MIT-U.US,5,20211116,215000,10.01,10.01,10.01,10.01,200,0
MIT-U.US,5,20211116,215500,10.01,10.01,10.01,10.01,100,0
MIT-U.US,5,20211117,175000,9.9963,9.9963,9.9963,9.9963,500,0
MIT-U.US,5,20211117,190000,10,10,10,10,500000,0
MIT-U.US,5,20211117,192500,10,10,10,10,200,0
MIT-U.US,5,20211117,193000,10,10,10,10,200,0
MIT-U.US,5,20211117,193500,10,10,10,10,200,0
MIT-U.US,5,20211117,194000,10,10,10,10,200,0
MIT-U.US,5,20211117,194500,10,10,10,10,100,0
MIT-U.US,5,20211117,195500,10,10,10,10,200,0
MIT-U.US,5,20211117,200000,10,10,10,10,100,0
MIT-U.US,5,20211117,200500,9.995,10,9.995,10,400,0
MIT-U.US,5,20211117,201000,10,10,10,10,200,0
MIT-U.US,5,20211117,201500,10,10,10,10,200,0
MIT-U.US,5,20211117,202000,10,10,10,10,501,0
MIT-U.US,5,20211117,202500,10,10,10,10,204211,0
MIT-U.US,5,20211117,203500,9.995,10,9.995,10,200,0
MIT-U.US,5,20211117,204500,10,10,10,10,200,0
MIT-U.US,5,20211117,210000,10,10,10,10,200,0
MIT-U.US,5,20211117,211500,10,10,10,10,200,0
MIT-U.US,5,20211117,212500,10,10,10,10,200,0
MIT-U.US,5,20211117,214000,10,10,10,10,200,0
MIT-U.US,5,20211117,214500,9.98,9.99,9.98,9.99,1200,0
MIT-U.US,5,20211117,215000,9.98,10,9.98,10,3100,0
MIT-U.US,5,20211117,215500,9.98,10,9.98,9.98,2700,0
MIT-U.US,5,20211118,184000,9.99,9.99,9.99,9.99,180,0
MIT-U.US,5,20211118,202000,9.99,9.99,9.99,9.99,2420,0
MIT-U.US,5,20211118,215500,9.99,9.99,9.99,9.99,100,0
MIT-U.US,5,20211119,164500,9.98,9.98,9.98,9.98,4201,0
MIT-U.US,5,20211119,215500,9.98,9.98,9.98,9.98,100,0
MIT-U.US,5,20211122,202500,9.9701,9.9701,9.9701,9.9701,443,0
MIT-U.US,5,20211122,212500,9.98,9.98,9.98,9.98,425,0
MIT-U.US,5,20211123,174000,9.96,9.96,9.96,9.96,1297,0
MIT-U.US,5,20211123,181000,9.96,9.96,9.96,9.96,100,0
MIT-U.US,5,20211123,182000,9.96,9.96,9.96,9.96,819,0
MIT-U.US,5,20211123,195000,9.985,9.986,9.97,9.97,7825,0
MIT-U.US,5,20211123,204500,10,10,10,10,200,0
MIT-U.US,5,20211123,213500,10,10,10,10,302,0
MIT-U.US,5,20211123,215500,10,10,10,10,928,0
MIT-U.US,5,20211126,160500,10,10,10,10,500,0
MIT-U.US,5,20211126,182000,10,10,10,10,400,0
MIT-U.US,5,20211130,164000,9.97,9.97,9.97,9.97,1200,0
MIT-U.US,5,20211130,165000,9.97,9.97,9.97,9.97,200,0
MIT-U.US,5,20211130,170000,9.97,9.97,9.97,9.97,200,0
MIT-U.US,5,20211130,172500,9.97,9.97,9.97,9.97,200,0
MIT-U.US,5,20211130,174000,9.96,9.97,9.96,9.97,20431,0
MIT-U.US,5,20211130,183000,9.975,9.975,9.975,9.975,500,0
MIT-U.US,5,20211130,213000,10,10,9.9639,9.9639,1359,0
MIT-U.US,5,20211130,213500,10,10,10,10,619,0
MIT-U.US,5,20211130,214000,10,10,10,10,600,0
MIT-U.US,5,20211130,214500,10,10,10,10,317,0
MIT-U.US,5,20211130,215000,10,10,10,10,166,0
MIT-U.US,5,20211130,215500,10,10,10,10,500,0
MIT-U.US,5,20211201,182000,10,10,10,10,1500,0
MIT-U.US,5,20211201,182500,10,10,10,10,1400,0
MIT-U.US,5,20211202,181000,9.96,9.96,9.96,9.96,200,0
MIT-U.US,5,20211202,182000,9.96,9.96,9.96,9.96,100,0
MIT-U.US,5,20211202,184500,9.99,9.99,9.99,9.99,100,0
MIT-U.US,5,20211203,195000,9.98,9.98,9.98,9.98,493,0
MIT-U.US,5,20211206,190500,9.98,9.98,9.98,9.98,1000,0
MIT-U.US,5,20211206,202000,9.97,9.97,9.97,9.97,2787,0
MIT-U.US,5,20211206,203500,9.97,9.97,9.97,9.97,100,0
MIT-U.US,5,20211206,204500,9.975,9.98,9.975,9.98,300,0
MIT-U.US,5,20211206,210500,9.98,9.98,9.98,9.98,599,0
MIT-U.US,5,20211206,211500,9.975,9.98,9.975,9.98,300,0
MIT-U.US,5,20211208,153000,9.98,9.98,9.98,9.98,800,0
MIT-U.US,5,20211208,170500,9.98,9.98,9.98,9.98,5147,0
MIT-U.US,5,20211208,175500,9.98,9.98,9.98,9.98,3000,0
MIT-U.US,5,20211209,213000,9.98,9.98,9.98,9.98,1000,0
MIT-U.US,5,20211209,215500,9.98,9.98,9.98,9.98,100,0
MIT-U.US,5,20211210,153000,9.98,9.98,9.98,9.98,12990,0
MIT-U.US,5,20211210,154500,9.96,9.96,9.95,9.95,1500,0
MIT-U.US,5,20211210,161000,9.98,9.98,9.97,9.97,25000,0
MIT-U.US,5,20211210,161500,9.98,9.98,9.97,9.98,34114,0
MIT-U.US,5,20211210,162000,9.97,9.97,9.97,9.97,200,0
MIT-U.US,5,20211210,174500,9.97,9.97,9.96,9.96,4969,0
MIT-U.US,5,20211210,204500,9.96,9.96,9.95,9.95,9350,0
MIT-U.US,5,20211210,205500,9.94,9.94,9.94,9.94,1000,0
MIT-U.US,5,20211210,215500,9.95,9.95,9.95,9.95,100,0
MIT-U.US,5,20211213,154500,9.95,9.95,9.94,9.94,71804,0
MIT-U.US,5,20211213,155500,9.95,9.95,9.95,9.95,3863,0
MIT-U.US,5,20211213,165500,10,10,9.99,9.99,200,0
MIT-U.US,5,20211213,170000,10,10,10,10,6190,0
MIT-U.US,5,20211213,183000,9.99,9.99,9.95,9.95,148650,0
MIT-U.US,5,20211213,185000,9.97,9.97,9.97,9.97,100,0
MIT-U.US,5,20211213,185500,9.97,9.97,9.97,9.97,3200,0
MIT-U.US,5,20211213,190000,9.97,9.97,9.97,9.97,4000,0
MIT-U.US,5,20211213,190500,9.97,9.97,9.97,9.97,4000,0
MIT-U.US,5,20211213,191000,9.97,9.97,9.97,9.97,3900,0
MIT-U.US,5,20211213,191500,9.97,9.97,9.97,9.97,4100,0
MIT-U.US,5,20211213,192000,9.97,9.97,9.97,9.97,3900,0
MIT-U.US,5,20211213,192500,9.97,9.97,9.97,9.97,2531,0
MIT-U.US,5,20211213,193000,9.97,9.97,9.97,9.97,4300,0
MIT-U.US,5,20211213,193500,9.97,9.97,9.96,9.96,3900,0
MIT-U.US,5,20211213,194000,9.96,9.96,9.96,9.96,4200,0
MIT-U.US,5,20211213,194500,9.96,9.96,9.96,9.96,3800,0
MIT-U.US,5,20211213,195000,9.96,9.96,9.96,9.96,4300,0
MIT-U.US,5,20211213,195500,9.96,9.96,9.96,9.96,3400,0
MIT-U.US,5,20211213,200500,9.96,9.96,9.96,9.96,300,0
MIT-U.US,5,20211213,201500,9.95,9.95,9.95,9.95,5900,0
MIT-U.US,5,20211213,202000,9.95,9.955,9.95,9.95,5500,0
MIT-U.US,5,20211213,202500,9.95,9.95,9.95,9.95,5300,0
MIT-U.US,5,20211213,203000,9.95,9.95,9.95,9.95,5300,0
MIT-U.US,5,20211213,203500,9.95,9.955,9.95,9.95,5300,0
MIT-U.US,5,20211213,204000,9.95,9.95,9.95,9.95,5300,0
MIT-U.US,5,20211213,204500,9.95,9.95,9.95,9.95,5500,0
MIT-U.US,5,20211213,205000,9.95,9.955,9.95,9.955,5500,0
MIT-U.US,5,20211213,205500,9.955,9.955,9.955,9.955,6500,0
MIT-U.US,5,20211213,215000,9.96,9.96,9.955,9.955,200,0
MIT-U.US,5,20211213,215500,9.97,9.97,9.965,9.97,300,0
MIT-U.US,5,20211214,164000,9.96,9.96,9.96,9.96,4000,0
MIT-U.US,5,20211214,164500,9.96,9.96,9.96,9.96,3297,0
MIT-U.US,5,20211214,170000,9.96,9.96,9.96,9.96,200,0
MIT-U.US,5,20211214,171000,9.96,9.96,9.96,9.96,1200,0
MIT-U.US,5,20211214,181000,9.96,9.96,9.96,9.96,3200,0
MIT-U.US,5,20211214,181500,9.96,9.96,9.96,9.96,11590,0
MIT-U.US,5,20211214,182000,9.95,9.95,9.95,9.95,591,0
MIT-U.US,5,20211214,190000,9.95,9.95,9.95,9.95,100,0
MIT-U.US,5,20211216,202500,9.95,9.95,9.95,9.95,1000,0
MIT-U.US,5,20211217,163000,9.95,9.95,9.95,9.95,800,0
MIT-U.US,5,20211217,193500,9.95,9.95,9.95,9.95,199,0
MIT-U.US,5,20211217,212000,9.95,9.95,9.95,9.95,200,0
MIT-U.US,5,20211217,215500,9.95,9.95,9.95,9.95,800,0
MIT-U.US,5,20211220,195000,9.95,9.95,9.95,9.95,800,0
MIT-U.US,5,20211222,191500,9.93,9.93,9.92,9.92,999,0
MIT-U.US,5,20211222,205000,9.92,9.92,9.92,9.92,200,0
MIT-U.US,5,20211223,203500,9.9201,9.9201,9.9201,9.9201,1000,0
MIT-U.US,5,20211223,215500,9.92,9.92,9.92,9.92,28701,0
