<TICKER>,<PER>,<DATE>,<TIME>,<OPEN>,<HIGH>,<LOW>,<CLOSE>,<VOL>,<OPENINT>
MPX.US,5,20211104,143000,12.614,12.624,12.594,12.594,26670,0
MPX.US,5,20211104,143500,12.594,12.594,12.594,12.594,1110,0
MPX.US,5,20211104,145500,12.535,12.544,12.515,12.515,442,0
MPX.US,5,20211104,150500,12.554,12.554,12.554,12.554,202,0
MPX.US,5,20211104,153000,12.554,12.554,12.554,12.554,101,0
MPX.US,5,20211104,154000,12.594,12.594,12.594,12.594,202,0
MPX.US,5,20211104,154500,12.594,12.594,12.589,12.589,807,0
MPX.US,5,20211104,160000,12.584,12.594,12.564,12.593,706,0
MPX.US,5,20211104,163000,12.554,12.554,12.554,12.554,303,0
MPX.US,5,20211104,164000,12.525,12.544,12.525,12.544,202,0
MPX.US,5,20211104,172500,12.56,12.56,12.56,12.56,101,0
MPX.US,5,20211104,173500,12.525,12.525,12.505,12.505,706,0
MPX.US,5,20211104,174500,12.52,12.52,12.52,12.52,202,0
MPX.US,5,20211104,180500,12.535,12.544,12.485,12.485,1014,0
MPX.US,5,20211104,181500,12.554,12.564,12.554,12.554,357,0
MPX.US,5,20211104,183500,12.485,12.485,12.485,12.485,101,0
MPX.US,5,20211104,191500,12.495,12.495,12.495,12.495,474,0
MPX.US,5,20211104,192000,12.495,12.495,12.495,12.495,101,0
MPX.US,5,20211104,193000,12.525,12.535,12.525,12.535,1509,0
MPX.US,5,20211104,195000,12.54,12.54,12.54,12.54,101,0
MPX.US,5,20211104,200000,12.515,12.515,12.505,12.505,202,0
MPX.US,5,20211104,204500,12.594,12.604,12.594,12.604,1472,0
MPX.US,5,20211104,205000,12.604,12.604,12.604,12.604,908,0
MPX.US,5,20211104,205500,12.604,12.624,12.604,12.614,12796,0
MPX.US,5,20211105,143000,12.753,12.753,12.723,12.723,1171,0
MPX.US,5,20211105,143500,12.832,12.842,12.832,12.842,536,0
MPX.US,5,20211105,144000,12.816,12.816,12.614,12.624,10517,0
MPX.US,5,20211105,144500,12.624,12.624,12.564,12.574,2850,0
MPX.US,5,20211105,145000,12.624,12.624,12.604,12.624,30251,0
MPX.US,5,20211105,145500,12.58,12.624,12.58,12.624,8982,0
MPX.US,5,20211105,150000,12.624,12.624,12.614,12.624,19678,0
MPX.US,5,20211105,150500,12.624,12.624,12.609,12.624,5906,0
MPX.US,5,20211105,151000,12.624,12.624,12.609,12.624,15259,0
MPX.US,5,20211105,151500,12.624,12.624,12.594,12.624,8074,0
MPX.US,5,20211105,152000,12.624,12.624,12.624,12.624,1009,0
MPX.US,5,20211105,152500,12.584,12.623,12.584,12.584,1514,0
MPX.US,5,20211105,154500,12.604,12.614,12.604,12.614,706,0
MPX.US,5,20211105,155000,12.614,12.614,12.614,12.614,324,0
MPX.US,5,20211105,155500,12.614,12.614,12.614,12.614,713,0
MPX.US,5,20211105,160500,12.614,12.614,12.614,12.614,505,0
MPX.US,5,20211105,161000,12.614,12.614,12.614,12.614,2403,0
MPX.US,5,20211105,161500,12.614,12.624,12.594,12.614,7152,0
MPX.US,5,20211105,162500,12.614,12.614,12.604,12.612,972,0
MPX.US,5,20211105,163500,12.614,12.614,12.595,12.595,665,0
MPX.US,5,20211105,164000,12.613,12.613,12.613,12.613,101,0
MPX.US,5,20211105,165000,12.604,12.604,12.604,12.604,101,0
MPX.US,5,20211105,170500,12.599,12.599,12.599,12.599,101,0
MPX.US,5,20211105,171500,12.564,12.564,12.564,12.564,101,0
MPX.US,5,20211105,174000,12.614,12.614,12.614,12.614,505,0
MPX.US,5,20211105,174500,12.599,12.599,12.574,12.574,505,0
MPX.US,5,20211105,175000,12.614,12.614,12.614,12.614,303,0
MPX.US,5,20211105,175500,12.614,12.614,12.614,12.614,202,0
MPX.US,5,20211105,180000,12.609,12.614,12.609,12.614,404,0
MPX.US,5,20211105,180500,12.614,12.614,12.604,12.604,714,0
MPX.US,5,20211105,185500,12.525,12.584,12.485,12.584,1110,0
MPX.US,5,20211105,190000,12.594,12.604,12.579,12.579,404,0
MPX.US,5,20211105,190500,12.604,12.624,12.604,12.624,5530,0
MPX.US,5,20211105,191000,12.624,12.624,12.624,12.624,1211,0
MPX.US,5,20211105,191500,12.624,12.624,12.614,12.614,404,0
MPX.US,5,20211105,192500,12.614,12.624,12.614,12.624,2018,0
MPX.US,5,20211105,193000,12.624,12.624,12.624,12.624,606,0
MPX.US,5,20211105,194500,12.624,12.624,12.624,12.624,101,0
MPX.US,5,20211105,195000,12.603,12.603,12.603,12.603,202,0
MPX.US,5,20211105,195500,12.624,12.624,12.624,12.624,303,0
MPX.US,5,20211105,201000,12.624,12.624,12.624,12.624,111,0
MPX.US,5,20211105,201500,12.599,12.599,12.599,12.599,2321,0
MPX.US,5,20211105,202000,12.574,12.574,12.574,12.574,182,0
MPX.US,5,20211105,202500,12.624,12.624,12.624,12.624,101,0
MPX.US,5,20211105,204500,12.574,12.574,12.574,12.574,303,0
MPX.US,5,20211105,205000,12.594,12.624,12.594,12.624,3896,0
MPX.US,5,20211105,205500,12.624,12.624,12.599,12.599,2872,0
MPX.US,5,20211108,153000,12.753,12.753,12.683,12.743,4923,0
MPX.US,5,20211108,153500,12.743,12.782,12.743,12.782,2372,0
MPX.US,5,20211108,154000,12.842,12.852,12.842,12.852,606,0
MPX.US,5,20211108,154500,12.852,12.852,12.782,12.782,653,0
MPX.US,5,20211108,160500,12.852,12.852,12.782,12.782,606,0
MPX.US,5,20211108,161500,12.832,12.852,12.832,12.852,890,0
MPX.US,5,20211108,162000,12.852,12.852,12.842,12.842,303,0
MPX.US,5,20211108,163500,12.881,12.891,12.812,12.812,1349,0
MPX.US,5,20211108,164000,12.867,12.867,12.822,12.822,807,0
MPX.US,5,20211108,165500,12.822,12.822,12.822,12.822,101,0
MPX.US,5,20211108,171500,12.907,12.907,12.842,12.842,202,0
MPX.US,5,20211108,174000,12.871,12.871,12.871,12.871,369,0
MPX.US,5,20211108,174500,12.896,12.92,12.871,12.871,951,0
MPX.US,5,20211108,175000,12.881,12.881,12.881,12.881,101,0
MPX.US,5,20211108,175500,12.871,12.871,12.852,12.852,388,0
MPX.US,5,20211108,182000,12.784,12.784,12.784,12.784,101,0
MPX.US,5,20211108,182500,12.822,12.911,12.822,12.911,846,0
MPX.US,5,20211108,185000,12.832,12.832,12.822,12.822,202,0
MPX.US,5,20211108,192000,12.862,12.871,12.862,12.871,202,0
MPX.US,5,20211108,192500,12.871,12.871,12.871,12.871,101,0
MPX.US,5,20211108,193500,12.871,12.871,12.871,12.871,101,0
MPX.US,5,20211108,200000,12.921,12.921,12.901,12.921,3647,0
MPX.US,5,20211108,200500,12.921,13,12.901,12.98,7877,0
MPX.US,5,20211108,202000,12.98,12.98,12.98,12.98,202,0
MPX.US,5,20211108,203000,13.036,13.077,13.03,13.05,1439,0
MPX.US,5,20211108,204000,13,13.001,13,13.001,303,0
MPX.US,5,20211108,205500,13.035,13.035,13.01,13.01,303,0
MPX.US,5,20211108,211000,13.054,13.054,13.02,13.02,355,0
MPX.US,5,20211108,211500,13.02,13.02,13.02,13.02,243,0
MPX.US,5,20211108,213000,13.06,13.07,13.06,13.07,313,0
MPX.US,5,20211108,214500,13.099,13.099,13.089,13.089,202,0
MPX.US,5,20211108,215000,13.07,13.07,13.05,13.05,303,0
MPX.US,5,20211108,215500,13.02,13.05,13.02,13.03,4795,0
MPX.US,5,20211109,153000,13.03,13.09,13,13,2513,0
MPX.US,5,20211109,153500,13.08,13.08,13.08,13.08,100,0
MPX.US,5,20211109,154000,13.15,13.16,13.02,13.02,1600,0
MPX.US,5,20211109,154500,13.04,13.04,13.03,13.03,400,0
MPX.US,5,20211109,155000,12.986,13.02,12.986,13.02,400,0
MPX.US,5,20211109,160000,13,13,12.9,12.9,500,0
MPX.US,5,20211109,161000,12.98,13.02,12.98,13.02,200,0
MPX.US,5,20211109,161500,13.02,13.02,13.02,13.02,100,0
MPX.US,5,20211109,162000,13.06,13.06,13.06,13.06,100,0
MPX.US,5,20211109,164000,13,13,13,13,300,0
MPX.US,5,20211109,164500,12.96,12.96,12.95,12.95,200,0
MPX.US,5,20211109,170500,12.92,12.97,12.92,12.97,200,0
MPX.US,5,20211109,172000,12.92,12.92,12.87,12.87,480,0
MPX.US,5,20211109,172500,12.86,12.86,12.85,12.85,200,0
MPX.US,5,20211109,174000,12.7868,12.7868,12.71,12.71,1076,0
MPX.US,5,20211109,180000,12.71,12.745,12.68,12.745,3718,0
MPX.US,5,20211109,180500,12.74,12.75,12.715,12.715,399,0
MPX.US,5,20211109,181500,12.75,12.78,12.75,12.78,1300,0
MPX.US,5,20211109,182000,12.81,12.81,12.81,12.81,298,0
MPX.US,5,20211109,183000,12.81,12.81,12.81,12.81,100,0
MPX.US,5,20211109,183500,12.8,12.8,12.8,12.8,200,0
MPX.US,5,20211109,184000,12.74,12.74,12.74,12.74,100,0
MPX.US,5,20211109,184500,12.7,12.7,12.7,12.7,100,0
MPX.US,5,20211109,185000,12.735,12.735,12.735,12.735,500,0
MPX.US,5,20211109,195000,12.7677,12.7677,12.7677,12.7677,113,0
MPX.US,5,20211109,200000,12.75,12.75,12.75,12.75,400,0
MPX.US,5,20211109,200500,12.73,12.77,12.72,12.77,3074,0
MPX.US,5,20211109,201500,12.79,12.81,12.79,12.81,200,0
MPX.US,5,20211109,202000,12.82,12.82,12.82,12.82,100,0
MPX.US,5,20211109,202500,12.855,12.855,12.855,12.855,100,0
MPX.US,5,20211109,204000,12.84,12.84,12.83,12.83,304,0
MPX.US,5,20211109,205500,12.85,12.85,12.8,12.8,200,0
MPX.US,5,20211109,212000,12.79,12.805,12.75,12.8,3561,0
MPX.US,5,20211109,212500,12.78,12.78,12.775,12.775,300,0
MPX.US,5,20211109,213000,12.775,12.79,12.765,12.765,500,0
MPX.US,5,20211109,213500,12.78,12.785,12.77,12.785,700,0
MPX.US,5,20211109,214000,12.8,12.8,12.8,12.8,200,0
MPX.US,5,20211109,214500,12.815,12.815,12.815,12.815,200,0
MPX.US,5,20211109,215000,12.83,12.83,12.83,12.83,100,0
MPX.US,5,20211109,215500,12.805,12.88,12.79,12.87,6621,0
MPX.US,5,20211110,154000,12.875,12.875,12.875,12.875,400,0
MPX.US,5,20211110,154500,12.8957,12.8957,12.8957,12.8957,1000,0
MPX.US,5,20211110,161000,12.94,12.94,12.94,12.94,200,0
MPX.US,5,20211110,161500,12.965,12.97,12.965,12.97,200,0
MPX.US,5,20211110,164000,12.92,12.92,12.92,12.92,300,0
MPX.US,5,20211110,171000,12.865,12.865,12.865,12.865,200,0
MPX.US,5,20211110,171500,12.87,12.87,12.87,12.87,100,0
MPX.US,5,20211110,172000,12.92,12.92,12.85,12.86,4888,0
MPX.US,5,20211110,172500,12.8711,12.915,12.8711,12.915,252,0
MPX.US,5,20211110,173000,12.915,13,12.915,12.97,2000,0
MPX.US,5,20211110,173500,12.965,12.965,12.965,12.965,1000,0
MPX.US,5,20211110,174000,12.965,12.965,12.91,12.91,600,0
MPX.US,5,20211110,180000,13.02,13.02,13.02,13.02,100,0
MPX.US,5,20211110,181000,12.97,12.97,12.97,12.97,800,0
MPX.US,5,20211110,182000,12.94,12.975,12.94,12.975,600,0
MPX.US,5,20211110,182500,12.97,12.97,12.97,12.97,100,0
MPX.US,5,20211110,183000,12.97,13,12.97,13,900,0
MPX.US,5,20211110,184000,12.96,12.97,12.9,12.96,2100,0
MPX.US,5,20211110,185000,12.99,13,12.92,12.92,400,0
MPX.US,5,20211110,185500,13,13,12.93,13,707,0
MPX.US,5,20211110,191000,12.93,12.94,12.93,12.94,900,0
MPX.US,5,20211110,191500,12.95,12.96,12.95,12.96,500,0
MPX.US,5,20211110,192500,12.92,12.97,12.92,12.97,700,0
MPX.US,5,20211110,200000,12.94,12.98,12.93,12.98,635,0
MPX.US,5,20211110,200500,12.97,12.98,12.96,12.98,400,0
MPX.US,5,20211110,201000,12.96,13,12.96,13,200,0
MPX.US,5,20211110,201500,13,13,13,13,200,0
MPX.US,5,20211110,202000,13,13,13,13,200,0
MPX.US,5,20211110,204500,12.965,12.965,12.965,12.965,2000,0
MPX.US,5,20211110,205000,13.01,13.01,13,13,430,0
MPX.US,5,20211110,205500,13,13,13,13,600,0
MPX.US,5,20211110,210000,12.965,12.965,12.965,12.965,100,0
MPX.US,5,20211110,210500,12.965,12.965,12.965,12.965,100,0
MPX.US,5,20211110,212000,13.01,13.04,13.01,13.04,539,0
MPX.US,5,20211110,212500,12.99,12.99,12.99,12.99,200,0
MPX.US,5,20211110,213500,13,13,12.94,12.94,700,0
MPX.US,5,20211110,214500,13,13,12.975,12.975,200,0
MPX.US,5,20211110,215000,13.01,13.01,12.94,12.96,806,0
MPX.US,5,20211110,215500,13,13.02,12.93,13,7233,0
MPX.US,5,20211111,153000,13.04,13.04,13.04,13.04,115,0
MPX.US,5,20211111,153500,12.955,12.955,12.955,12.955,500,0
MPX.US,5,20211111,154000,12.98,12.98,12.98,12.98,300,0
MPX.US,5,20211111,154500,12.98,12.99,12.98,12.98,1100,0
MPX.US,5,20211111,155000,12.98,12.98,12.98,12.98,1500,0
MPX.US,5,20211111,155500,12.98,12.99,12.93,12.99,1400,0
MPX.US,5,20211111,160000,12.99,12.99,12.96,12.96,1800,0
MPX.US,5,20211111,160500,12.97,12.97,12.97,12.97,800,0
MPX.US,5,20211111,161000,12.97,12.98,12.96,12.98,1900,0
MPX.US,5,20211111,161500,12.98,13,12.975,13,4476,0
MPX.US,5,20211111,162000,13,13,12.9814,13,2000,0
MPX.US,5,20211111,162500,13,13,13,13,800,0
MPX.US,5,20211111,163000,13,13,13,13,100,0
MPX.US,5,20211111,163500,13,13.01,13,13.01,2799,0
MPX.US,5,20211111,164500,12.99,13,12.99,13,1400,0
MPX.US,5,20211111,165000,13.01,13.01,13,13,1092,0
MPX.US,5,20211111,165500,13,13,13,13,100,0
MPX.US,5,20211111,170000,12.99,13,12.99,13,500,0
MPX.US,5,20211111,170500,12.99,13,12.99,13,1400,0
MPX.US,5,20211111,171000,13.01,13.01,13.01,13.01,300,0
MPX.US,5,20211111,173000,12.985,12.985,12.985,12.985,100,0
MPX.US,5,20211111,174000,13.01,13.01,13.01,13.01,100,0
MPX.US,5,20211111,174500,12.96,12.96,12.96,12.96,100,0
MPX.US,5,20211111,175000,12.96,12.97,12.96,12.97,200,0
MPX.US,5,20211111,181000,13.01,13.01,13.01,13.01,758,0
MPX.US,5,20211111,181500,13.01,13.01,13.01,13.01,100,0
MPX.US,5,20211111,182000,13.01,13.01,13.01,13.01,900,0
MPX.US,5,20211111,182500,13.01,13.01,13.01,13.01,800,0
MPX.US,5,20211111,183500,13.01,13.01,13.01,13.01,100,0
MPX.US,5,20211111,184000,13.005,13.005,12.98,13,2113,0
MPX.US,5,20211111,184500,13,13.01,13,13.01,300,0
MPX.US,5,20211111,185000,13,13,13,13,100,0
MPX.US,5,20211111,185500,12.99,13,12.99,13,300,0
MPX.US,5,20211111,190000,13.02,13.02,13.02,13.02,100,0
MPX.US,5,20211111,192000,13.04,13.04,13.04,13.04,100,0
MPX.US,5,20211111,201000,13.01,13.01,12.99,12.99,300,0
MPX.US,5,20211111,204500,12.96,13.01,12.96,13.01,664,0
MPX.US,5,20211111,205000,12.98,12.98,12.98,12.98,100,0
MPX.US,5,20211111,205500,12.96,12.99,12.96,12.99,300,0
MPX.US,5,20211111,210000,13.01,13.02,13.0047,13.0047,867,0
MPX.US,5,20211111,211000,13.02,13.02,13.02,13.02,100,0
MPX.US,5,20211111,212000,13.02,13.02,13.02,13.02,595,0
MPX.US,5,20211111,213000,13.02,13.04,13.02,13.02,25554,0
MPX.US,5,20211111,214000,13.02,13.02,13.02,13.02,983,0
MPX.US,5,20211111,214500,13.02,13.02,13.02,13.02,1100,0
MPX.US,5,20211111,215000,13.02,13.02,13.01,13.01,200,0
MPX.US,5,20211111,215500,13.02,13.04,13.01,13.02,16192,0
MPX.US,5,20211112,153000,13.02,13.02,13,13,917,0
MPX.US,5,20211112,153500,13.01,13.01,12.925,12.925,500,0
MPX.US,5,20211112,154000,12.98,12.98,12.98,12.98,100,0
MPX.US,5,20211112,154500,13.01,13.01,13.01,13.01,200,0
MPX.US,5,20211112,160000,12.99,12.99,12.99,12.99,200,0
MPX.US,5,20211112,160500,13.01,13.01,13.01,13.01,100,0
MPX.US,5,20211112,161500,13.01,13.01,12.95,13,600,0
MPX.US,5,20211112,162000,13,13,12.99,13,1200,0
MPX.US,5,20211112,163000,12.96,12.99,12.96,12.99,400,0
MPX.US,5,20211112,163500,12.99,12.99,12.99,12.99,100,0
MPX.US,5,20211112,164000,12.97,13.01,12.97,13.01,500,0
MPX.US,5,20211112,164500,13.01,13.01,13.01,13.01,100,0
MPX.US,5,20211112,171000,13.01,13.01,13.01,13.01,1400,0
MPX.US,5,20211112,171500,13.01,13.01,13,13.01,800,0
MPX.US,5,20211112,172000,13.01,13.01,13,13,1600,0
MPX.US,5,20211112,172500,13.01,13.01,13.01,13.01,200,0
MPX.US,5,20211112,174000,12.9801,12.9801,12.9801,12.9801,500,0
MPX.US,5,20211112,174500,13.01,13.01,13.01,13.01,700,0
MPX.US,5,20211112,175500,12.99,12.99,12.99,12.99,100,0
MPX.US,5,20211112,180000,13.01,13.01,13,13,200,0
MPX.US,5,20211112,180500,13,13,12.98,12.98,603,0
MPX.US,5,20211112,181500,12.95,13.01,12.95,13.01,500,0
MPX.US,5,20211112,182500,13,13,13,13,2200,0
MPX.US,5,20211112,183000,13,13,12.99,13,1400,0
MPX.US,5,20211112,183500,13,13,13,13,500,0
MPX.US,5,20211112,184500,12.99,12.99,12.99,12.99,100,0
MPX.US,5,20211112,185000,13,13.37,13,13.3665,86685,0
MPX.US,5,20211112,185500,13.34,13.36,13.3387,13.35,1716,0
MPX.US,5,20211112,190000,13.37,13.55,13.37,13.48,1220,0
MPX.US,5,20211112,192500,13.51,13.55,13.505,13.55,1833,0
MPX.US,5,20211112,193500,13.6,13.6,13.6,13.6,300,0
MPX.US,5,20211112,194000,13.63,13.715,13.63,13.715,800,0
MPX.US,5,20211112,200000,13.6855,13.6855,13.6855,13.6855,189,0
MPX.US,5,20211112,200500,13.68,13.6944,13.68,13.6944,400,0
MPX.US,5,20211112,202500,13.79,13.79,13.78,13.78,400,0
MPX.US,5,20211112,204000,13.71,13.71,13.7,13.7,360,0
MPX.US,5,20211112,205000,13.7,13.7,13.675,13.675,300,0
MPX.US,5,20211112,205500,13.612,13.74,13.612,13.74,650,0
MPX.US,5,20211112,210000,13.61,13.61,13.61,13.61,100,0
MPX.US,5,20211112,211000,13.71,13.71,13.71,13.71,300,0
MPX.US,5,20211112,212000,13.61,13.61,13.61,13.61,100,0
MPX.US,5,20211112,213000,13.645,13.645,13.54,13.63,3160,0
MPX.US,5,20211112,213500,13.57,13.57,13.5,13.5,1021,0
MPX.US,5,20211112,214000,13.505,13.505,13.505,13.505,100,0
MPX.US,5,20211112,214500,13.4634,13.525,13.4634,13.51,1010,0
MPX.US,5,20211112,215000,13.5,13.61,13.5,13.59,3366,0
MPX.US,5,20211112,215500,13.59,13.63,13.51,13.63,3725,0
MPX.US,5,20211115,153000,13.6,13.6,13.53,13.53,1120,0
MPX.US,5,20211115,160000,13.56,13.56,13.56,13.56,100,0
MPX.US,5,20211115,160500,13.51,13.51,13.51,13.51,200,0
MPX.US,5,20211115,162500,13.43,13.43,13.31,13.4,500,0
MPX.US,5,20211115,163000,13.31,13.31,13.31,13.31,200,0
MPX.US,5,20211115,164500,13.31,13.33,13.16,13.17,2813,0
MPX.US,5,20211115,170500,13.21,13.21,13.21,13.21,100,0
MPX.US,5,20211115,171000,13.12,13.165,13.12,13.165,200,0
MPX.US,5,20211115,172000,13.17,13.17,13.17,13.17,100,0
MPX.US,5,20211115,172500,13.12,13.12,13.11,13.12,799,0
MPX.US,5,20211115,174000,13.05,13.05,13.05,13.05,100,0
MPX.US,5,20211115,175500,13.085,13.085,13.085,13.085,100,0
MPX.US,5,20211115,181000,13.04,13.04,13.04,13.04,401,0
MPX.US,5,20211115,183000,12.96,13.02,12.96,13.02,200,0
MPX.US,5,20211115,183500,12.96,12.96,12.96,12.96,100,0
MPX.US,5,20211115,184000,13.01,13.02,12.995,12.995,800,0
MPX.US,5,20211115,184500,12.97,12.99,12.97,12.99,800,0
MPX.US,5,20211115,185000,13.0305,13.0305,13.03,13.03,350,0
MPX.US,5,20211115,185500,12.93,12.94,12.92,12.92,2801,0
MPX.US,5,20211115,190000,12.915,12.98,12.91,12.98,1242,0
MPX.US,5,20211115,191500,12.98,12.98,12.93,12.94,500,0
MPX.US,5,20211115,192500,12.91,12.91,12.9,12.91,1100,0
MPX.US,5,20211115,193000,12.96,12.96,12.96,12.96,100,0
MPX.US,5,20211115,193500,13.0981,13.0981,13.0981,13.0981,1400,0
MPX.US,5,20211115,194500,13,13,12.93,12.93,200,0
MPX.US,5,20211115,195000,12.96,12.96,12.96,12.96,100,0
MPX.US,5,20211115,200000,12.96,12.96,12.96,12.96,100,0
MPX.US,5,20211115,200500,13,13,13,13,100,0
MPX.US,5,20211115,201000,12.98,12.98,12.96,12.96,300,0
MPX.US,5,20211115,201500,12.965,12.9771,12.96,12.9771,860,0
MPX.US,5,20211115,202000,12.96,12.96,12.96,12.96,100,0
MPX.US,5,20211115,202500,12.97,12.99,12.97,12.99,480,0
MPX.US,5,20211115,204000,13.0269,13.055,13.0269,13.055,500,0
MPX.US,5,20211115,205500,13.05,13.05,13.05,13.05,100,0
MPX.US,5,20211115,210000,12.96,12.96,12.96,12.96,3188,0
MPX.US,5,20211115,210500,12.95,13.06,12.95,13.06,1349,0
MPX.US,5,20211115,211000,13.06,13.06,13.06,13.06,100,0
MPX.US,5,20211115,212000,13.08,13.08,13.05,13.05,400,0
MPX.US,5,20211115,213000,13.04,13.04,13.04,13.04,100,0
MPX.US,5,20211115,214000,13,13,12.94,12.94,451,0
MPX.US,5,20211115,214500,12.97,13.005,12.94,12.97,603,0
MPX.US,5,20211115,215000,12.97,13,12.895,13,2420,0
MPX.US,5,20211115,215500,12.99,13.07,12.99,13,11806,0
MPX.US,5,20211116,155000,12.94,12.94,12.93,12.93,200,0
MPX.US,5,20211116,162500,12.78,12.78,12.78,12.78,100,0
MPX.US,5,20211116,173000,12.7496,12.7496,12.7496,12.7496,272,0
MPX.US,5,20211116,180000,12.7301,12.7301,12.7301,12.7301,301,0
MPX.US,5,20211116,184000,12.82,12.82,12.74,12.82,300,0
MPX.US,5,20211116,184500,12.78,12.83,12.78,12.83,200,0
MPX.US,5,20211116,191500,12.74,12.74,12.74,12.74,100,0
MPX.US,5,20211116,192000,12.7421,12.7421,12.7421,12.7421,115,0
MPX.US,5,20211116,193500,12.74,12.75,12.65,12.65,1397,0
MPX.US,5,20211116,195500,12.6,12.6,12.57,12.6,300,0
MPX.US,5,20211116,200000,12.61,12.61,12.61,12.61,1164,0
MPX.US,5,20211116,202000,12.61,12.6182,12.59,12.595,505,0
MPX.US,5,20211116,203000,12.565,12.6,12.54,12.54,304,0
MPX.US,5,20211116,203500,12.6,12.6,12.6,12.6,1224,0
MPX.US,5,20211116,204000,12.73,12.73,12.73,12.73,300,0
MPX.US,5,20211116,205000,12.68,12.68,12.68,12.68,100,0
MPX.US,5,20211116,210000,12.6602,12.67,12.6602,12.67,440,0
MPX.US,5,20211116,210500,12.75,12.75,12.75,12.75,100,0
MPX.US,5,20211116,211000,12.71,12.75,12.71,12.75,320,0
MPX.US,5,20211116,214500,12.76,12.81,12.76,12.81,436,0
MPX.US,5,20211116,215000,12.75,12.81,12.75,12.81,308,0
MPX.US,5,20211116,215500,12.81,12.86,12.8,12.82,12201,0
MPX.US,5,20211117,153000,12.81,12.81,12.81,12.81,106,0
MPX.US,5,20211117,155000,12.73,12.73,12.73,12.73,200,0
MPX.US,5,20211117,161000,12.67,12.67,12.67,12.67,100,0
MPX.US,5,20211117,162000,12.67,12.67,12.67,12.67,400,0
MPX.US,5,20211117,162500,12.62,12.62,12.62,12.62,100,0
MPX.US,5,20211117,164000,12.6179,12.6179,12.6179,12.6179,100,0
MPX.US,5,20211117,164500,12.66,12.66,12.66,12.66,200,0
MPX.US,5,20211117,165000,12.6028,12.62,12.6028,12.615,2055,0
MPX.US,5,20211117,172500,12.66,12.66,12.66,12.66,100,0
MPX.US,5,20211117,173000,12.67,12.67,12.67,12.67,199,0
MPX.US,5,20211117,175500,12.64,12.64,12.64,12.64,100,0
MPX.US,5,20211117,181000,12.6,12.62,12.59,12.62,6409,0
MPX.US,5,20211117,183000,12.64,12.64,12.64,12.64,1001,0
MPX.US,5,20211117,184000,12.6192,12.6192,12.58,12.61,1222,0
MPX.US,5,20211117,190000,12.59,12.59,12.59,12.59,300,0
MPX.US,5,20211117,191000,12.59,12.59,12.59,12.59,200,0
MPX.US,5,20211117,192000,12.58,12.58,12.58,12.58,300,0
MPX.US,5,20211117,195000,12.57,12.57,12.57,12.57,100,0
MPX.US,5,20211117,195500,12.57,12.57,12.57,12.57,100,0
MPX.US,5,20211117,201000,12.545,12.545,12.545,12.545,100,0
MPX.US,5,20211117,203500,12.52,12.52,12.52,12.52,200,0
MPX.US,5,20211117,204500,12.54,12.56,12.54,12.56,200,0
MPX.US,5,20211117,211000,12.58,12.58,12.52,12.56,800,0
MPX.US,5,20211117,211500,12.52,12.52,12.52,12.52,100,0
MPX.US,5,20211117,212500,12.5,12.5,12.4109,12.4109,2046,0
MPX.US,5,20211117,214000,12.39,12.39,12.39,12.39,100,0
MPX.US,5,20211117,214500,12.4,12.4,12.4,12.4,400,0
MPX.US,5,20211117,215000,12.38,12.38,12.28,12.31,3217,0
MPX.US,5,20211117,215500,12.35,12.38,12.33,12.34,9166,0
MPX.US,5,20211118,153000,12.32,12.46,12.32,12.46,309,0
MPX.US,5,20211118,154500,12.18,12.18,12.12,12.12,1189,0
MPX.US,5,20211118,160000,12.02,12.16,12.02,12.16,224,0
MPX.US,5,20211118,160500,12.13,12.13,12.13,12.13,100,0
MPX.US,5,20211118,161500,12,12,12,12,298,0
MPX.US,5,20211118,164000,11.975,11.975,11.975,11.975,100,0
MPX.US,5,20211118,164500,12,12.03,11.97,12.03,3602,0
MPX.US,5,20211118,165000,12.07,12.07,12.07,12.07,100,0
MPX.US,5,20211118,165500,12.07,12.15,12.07,12.15,563,0
MPX.US,5,20211118,171000,12.18,12.18,12.18,12.18,395,0
MPX.US,5,20211118,171500,12.18,12.25,12.18,12.25,900,0
MPX.US,5,20211118,172500,12.14,12.14,12.14,12.14,100,0
MPX.US,5,20211118,173500,12.195,12.195,12.195,12.195,100,0
MPX.US,5,20211118,174000,12.12,12.12,12.04,12.095,3680,0
MPX.US,5,20211118,175500,12.1099,12.1099,12.03,12.06,1000,0
MPX.US,5,20211118,181000,12.05,12.05,12.05,12.05,100,0
MPX.US,5,20211118,182000,12.01,12.06,12.01,12.06,521,0
MPX.US,5,20211118,182500,12,12,12,12,100,0
MPX.US,5,20211118,184000,11.99,11.99,11.99,11.99,100,0
MPX.US,5,20211118,184500,12.04,12.04,12.04,12.04,100,0
MPX.US,5,20211118,190500,12.02,12.02,12.02,12.02,100,0
MPX.US,5,20211118,191000,11.96,11.96,11.86,11.94,1617,0
MPX.US,5,20211118,192500,11.92,11.92,11.92,11.92,100,0
MPX.US,5,20211118,194000,11.86,11.86,11.86,11.86,200,0
MPX.US,5,20211118,200000,11.9098,11.91,11.89,11.89,2233,0
MPX.US,5,20211118,201000,11.98,11.98,11.98,11.98,200,0
MPX.US,5,20211118,201500,11.98,11.98,11.98,11.98,100,0
MPX.US,5,20211118,202500,11.95,11.95,11.95,11.95,100,0
MPX.US,5,20211118,203500,11.91,11.91,11.91,11.91,600,0
MPX.US,5,20211118,210500,11.99,11.99,11.9485,11.99,700,0
MPX.US,5,20211118,212500,11.98,11.99,11.98,11.99,600,0
MPX.US,5,20211118,213500,12,12,12,12,200,0
MPX.US,5,20211118,214000,11.9889,11.99,11.89,11.89,6012,0
MPX.US,5,20211118,214500,11.9221,11.95,11.92,11.95,1100,0
MPX.US,5,20211118,215000,11.89,11.95,11.81,11.875,5624,0
MPX.US,5,20211118,215500,11.91,11.96,11.88,11.89,19093,0
MPX.US,5,20211119,153000,11.69,11.94,11.69,11.94,2255,0
MPX.US,5,20211119,153500,11.76,11.76,11.76,11.76,100,0
MPX.US,5,20211119,160000,11.86,11.86,11.86,11.86,300,0
MPX.US,5,20211119,161500,11.85,11.85,11.85,11.85,100,0
MPX.US,5,20211119,162000,11.85,11.85,11.85,11.85,200,0
MPX.US,5,20211119,163000,11.9168,11.9168,11.9,11.91,504,0
MPX.US,5,20211119,164500,11.92,11.92,11.92,11.92,100,0
MPX.US,5,20211119,171000,11.75,11.75,11.75,11.75,100,0
MPX.US,5,20211119,172500,11.86,11.86,11.86,11.86,100,0
MPX.US,5,20211119,173000,11.88,11.92,11.88,11.92,1086,0
MPX.US,5,20211119,173500,11.92,11.97,11.92,11.97,500,0
MPX.US,5,20211119,174000,11.97,11.97,11.97,11.97,100,0
MPX.US,5,20211119,180000,11.91,11.91,11.91,11.91,100,0
MPX.US,5,20211119,180500,11.92,11.92,11.9,11.9,650,0
MPX.US,5,20211119,182000,11.81,11.81,11.81,11.81,100,0
MPX.US,5,20211119,184000,11.89,11.89,11.89,11.89,100,0
MPX.US,5,20211119,185000,11.84,11.85,11.84,11.84,700,0
MPX.US,5,20211119,185500,11.82,11.82,11.8,11.8,643,0
MPX.US,5,20211119,190500,11.78,11.78,11.77,11.77,200,0
MPX.US,5,20211119,191500,11.75,11.75,11.75,11.75,519,0
MPX.US,5,20211119,192000,11.69,11.69,11.69,11.69,100,0
MPX.US,5,20211119,193000,11.66,11.66,11.66,11.66,1001,0
MPX.US,5,20211119,193500,11.63,11.63,11.63,11.63,100,0
MPX.US,5,20211119,194000,11.63,11.63,11.6,11.6,1245,0
MPX.US,5,20211119,194500,11.6,11.6,11.58,11.6,2204,0
MPX.US,5,20211119,195000,11.6,11.63,11.6,11.63,250,0
MPX.US,5,20211119,200000,11.6,11.6,11.6,11.6,100,0
MPX.US,5,20211119,200500,11.62,11.62,11.62,11.62,900,0
MPX.US,5,20211119,201000,11.7114,11.7114,11.7114,11.7114,100,0
MPX.US,5,20211119,201500,11.67,11.67,11.67,11.67,100,0
MPX.US,5,20211119,202500,11.66,11.71,11.65,11.71,400,0
MPX.US,5,20211119,203000,11.7,11.7,11.7,11.7,100,0
MPX.US,5,20211119,203500,11.705,11.71,11.705,11.71,1178,0
MPX.US,5,20211119,204000,11.71,11.79,11.71,11.711,500,0
MPX.US,5,20211119,204500,11.74,11.78,11.73,11.78,400,0
MPX.US,5,20211119,205500,11.738,11.738,11.738,11.738,100,0
MPX.US,5,20211119,210000,11.74,11.74,11.74,11.74,400,0
MPX.US,5,20211119,213000,11.74,11.75,11.73,11.73,738,0
MPX.US,5,20211119,213500,11.73,11.75,11.62,11.715,6155,0
MPX.US,5,20211119,214000,11.61,11.66,11.61,11.61,1400,0
MPX.US,5,20211119,214500,11.615,11.615,11.58,11.61,1427,0
MPX.US,5,20211119,215000,11.59,11.6,11.25,11.43,13421,0
MPX.US,5,20211119,215500,11.54,11.555,11.46,11.46,32751,0
MPX.US,5,20211122,153000,11.61,11.65,11.61,11.65,492,0
MPX.US,5,20211122,154000,11.57,11.57,11.57,11.57,200,0
MPX.US,5,20211122,154500,11.57,11.57,11.57,11.57,200,0
MPX.US,5,20211122,160500,11.57,11.57,11.56,11.57,400,0
MPX.US,5,20211122,161000,11.6,11.67,11.6,11.67,496,0
MPX.US,5,20211122,162000,11.6699,11.67,11.6699,11.67,1300,0
MPX.US,5,20211122,163500,11.645,11.645,11.645,11.645,100,0
MPX.US,5,20211122,165000,11.6685,11.6685,11.6685,11.6685,100,0
MPX.US,5,20211122,170000,11.66,11.7,11.66,11.7,220,0
MPX.US,5,20211122,170500,11.69,11.69,11.69,11.69,100,0
MPX.US,5,20211122,171000,11.7,11.73,11.69,11.73,600,0
MPX.US,5,20211122,172000,11.74,11.74,11.74,11.74,100,0
MPX.US,5,20211122,174000,11.78,11.78,11.78,11.78,100,0
MPX.US,5,20211122,175000,11.77,11.77,11.68,11.74,3030,0
MPX.US,5,20211122,175500,11.685,11.72,11.685,11.72,1540,0
MPX.US,5,20211122,182500,11.59,11.59,11.59,11.59,200,0
MPX.US,5,20211122,183500,11.54,11.54,11.535,11.535,275,0
MPX.US,5,20211122,184000,11.59,11.59,11.59,11.59,173,0
MPX.US,5,20211122,185000,11.525,11.525,11.525,11.525,100,0
MPX.US,5,20211122,185500,11.58,11.58,11.58,11.58,373,0
MPX.US,5,20211122,190000,11.58,11.58,11.58,11.58,100,0
MPX.US,5,20211122,191500,11.72,11.735,11.72,11.735,200,0
MPX.US,5,20211122,192000,11.64,11.735,11.64,11.735,200,0
MPX.US,5,20211122,194000,11.73,11.73,11.73,11.73,100,0
MPX.US,5,20211122,194500,11.73,11.73,11.725,11.725,300,0
MPX.US,5,20211122,195500,11.77,11.77,11.77,11.77,100,0
MPX.US,5,20211122,200000,11.77,11.77,11.77,11.77,200,0
MPX.US,5,20211122,200500,11.77,11.77,11.77,11.77,101,0
MPX.US,5,20211122,203000,11.77,11.8,11.77,11.8,200,0
MPX.US,5,20211122,203500,11.802,11.83,11.79,11.83,719,0
MPX.US,5,20211122,204500,11.79,11.79,11.79,11.79,100,0
MPX.US,5,20211122,205000,11.8,11.8,11.78,11.78,1093,0
MPX.US,5,20211122,205500,11.76,11.76,11.76,11.76,105,0
MPX.US,5,20211122,210000,11.78,11.78,11.73,11.73,284,0
MPX.US,5,20211122,210500,11.73,11.73,11.73,11.73,100,0
MPX.US,5,20211122,211000,11.73,11.73,11.73,11.73,100,0
MPX.US,5,20211122,211500,11.73,11.73,11.72,11.73,713,0
MPX.US,5,20211122,212000,11.685,11.685,11.66,11.66,200,0
MPX.US,5,20211122,212500,11.74,11.74,11.705,11.705,400,0
MPX.US,5,20211122,213000,11.705,11.705,11.665,11.7,500,0
MPX.US,5,20211122,213500,11.65,11.65,11.65,11.65,100,0
MPX.US,5,20211122,214000,11.65,11.65,11.58,11.58,1083,0
MPX.US,5,20211122,214500,11.62,11.67,11.62,11.67,950,0
MPX.US,5,20211122,215000,11.67,11.67,11.605,11.61,943,0
MPX.US,5,20211122,215500,11.59,11.61,11.55,11.56,6161,0
MPX.US,5,20211123,153000,11.66,11.66,11.56,11.56,293,0
MPX.US,5,20211123,153500,11.57,11.62,11.56,11.61,1600,0
MPX.US,5,20211123,154000,11.7,11.7457,11.6,11.7457,1800,0
MPX.US,5,20211123,160500,11.78,11.78,11.78,11.78,100,0
MPX.US,5,20211123,163000,11.78,11.78,11.78,11.78,100,0
MPX.US,5,20211123,164000,11.71,11.73,11.71,11.72,1100,0
MPX.US,5,20211123,164500,11.71,11.76,11.685,11.76,1700,0
MPX.US,5,20211123,165000,11.785,11.785,11.785,11.785,100,0
MPX.US,5,20211123,165500,11.73,11.73,11.72,11.73,561,0
MPX.US,5,20211123,171500,11.52,11.72,11.52,11.68,1400,0
MPX.US,5,20211123,173000,11.76,11.76,11.76,11.76,100,0
MPX.US,5,20211123,174500,11.68,11.7,11.68,11.68,300,0
MPX.US,5,20211123,175000,11.73,11.76,11.73,11.76,300,0
MPX.US,5,20211123,200500,11.7,11.7,11.7,11.7,188,0
MPX.US,5,20211123,201000,11.68,11.68,11.68,11.68,100,0
MPX.US,5,20211123,201500,11.715,11.72,11.66,11.69,916,0
MPX.US,5,20211123,202000,11.73,11.74,11.73,11.74,200,0
MPX.US,5,20211123,204000,11.74,11.75,11.74,11.74,715,0
MPX.US,5,20211123,204500,11.75,11.76,11.75,11.76,300,0
MPX.US,5,20211123,210000,11.73,11.73,11.73,11.73,100,0
MPX.US,5,20211123,213000,11.78,11.78,11.78,11.78,100,0
MPX.US,5,20211123,214500,11.74,11.74,11.68,11.74,1549,0
MPX.US,5,20211123,215000,11.74,11.78,11.74,11.77,900,0
MPX.US,5,20211123,215500,11.7,11.75,11.7,11.72,6615,0
MPX.US,5,20211124,153000,11.73,11.73,11.73,11.73,100,0
MPX.US,5,20211124,165500,11.85,11.86,11.8106,11.86,2775,0
MPX.US,5,20211124,184500,11.93,11.94,11.93,11.9398,1598,0
MPX.US,5,20211124,185500,11.92,11.92,11.91,11.91,400,0
MPX.US,5,20211124,190500,11.9299,11.9299,11.9299,11.9299,500,0
MPX.US,5,20211124,193500,11.92,11.92,11.92,11.92,100,0
MPX.US,5,20211124,194000,11.93,11.93,11.93,11.93,400,0
MPX.US,5,20211124,201500,11.87,11.87,11.87,11.87,100,0
MPX.US,5,20211124,204500,11.91,11.93,11.9,11.92,2824,0
MPX.US,5,20211124,212000,12.0019,12.01,11.9798,11.9798,1567,0
MPX.US,5,20211124,212500,11.997,11.997,11.997,11.997,400,0
MPX.US,5,20211124,213000,12.06,12.11,12.05,12.11,400,0
MPX.US,5,20211124,215000,12.1,12.1,12.1,12.1,100,0
MPX.US,5,20211124,215500,12.06,12.07,12.01,12.02,4374,0
MPX.US,5,20211126,153000,11.75,11.75,11.75,11.75,560,0
MPX.US,5,20211126,153500,11.81,11.825,11.8,11.8,400,0
MPX.US,5,20211126,155000,11.75,11.77,11.75,11.77,608,0
MPX.US,5,20211126,160000,11.75,11.75,11.75,11.75,511,0
MPX.US,5,20211126,160500,11.69,11.71,11.6,11.71,5215,0
MPX.US,5,20211126,161000,11.71,11.71,11.71,11.71,200,0
MPX.US,5,20211126,162500,11.8,11.8,11.8,11.8,100,0
MPX.US,5,20211126,163000,11.84,11.84,11.84,11.84,100,0
MPX.US,5,20211126,165500,11.65,11.73,11.53,11.73,2724,0
MPX.US,5,20211126,170500,11.7,11.73,11.49,11.73,1200,0
MPX.US,5,20211126,171000,11.55,11.73,11.55,11.72,600,0
MPX.US,5,20211126,171500,11.72,11.73,11.71,11.73,600,0
MPX.US,5,20211126,172000,11.73,11.73,11.73,11.73,200,0
MPX.US,5,20211126,172500,11.73,11.73,11.64,11.64,300,0
MPX.US,5,20211126,173000,11.71,11.71,11.7,11.71,600,0
MPX.US,5,20211126,173500,11.8,11.8,11.8,11.8,100,0
MPX.US,5,20211126,175000,11.69,11.73,11.67,11.73,1680,0
MPX.US,5,20211126,180000,11.75,11.75,11.75,11.75,100,0
MPX.US,5,20211126,181000,11.79,11.79,11.79,11.79,100,0
MPX.US,5,20211126,181500,11.82,11.84,11.82,11.84,210564,0
MPX.US,5,20211126,182500,11.85,11.98,11.85,11.98,1500,0
MPX.US,5,20211126,183500,12.11,12.12,11.9931,11.9931,477,0
MPX.US,5,20211126,184500,12.12,12.12,12.12,12.12,100,0
MPX.US,5,20211126,185000,12.15,12.15,12.15,12.15,100,0
MPX.US,5,20211126,185500,12.14,12.15,12.05,12.05,1766,0
MPX.US,5,20211126,190000,12.05,12.13,12.05,12.13,7218,0
MPX.US,5,20211129,153000,12.15,12.25,12.15,12.25,1713,0
MPX.US,5,20211129,153500,12.14,12.14,12.14,12.14,100,0
MPX.US,5,20211129,160000,12.23,12.24,12.21,12.22,1042,0
MPX.US,5,20211129,160500,12.23,12.24,12.23,12.24,200,0
MPX.US,5,20211129,161000,12.2,12.2,12.2,12.2,200,0
MPX.US,5,20211129,161500,12.2,12.2,12.2,12.2,102,0
MPX.US,5,20211129,162500,12.185,12.21,12.185,12.21,610,0
MPX.US,5,20211129,163000,12.2,12.2,12.2,12.2,100,0
MPX.US,5,20211129,163500,12.19,12.19,12.15,12.17,443,0
MPX.US,5,20211129,164000,12.17,12.2,12.17,12.2,310,0
MPX.US,5,20211129,164500,12.2,12.2,12.2,12.2,180,0
MPX.US,5,20211129,165000,12.24,12.24,12.15,12.17,500,0
MPX.US,5,20211129,170500,12.25,12.25,12.17,12.17,300,0
MPX.US,5,20211129,172000,12.2,12.22,12.2,12.22,400,0
MPX.US,5,20211129,172500,12.23,12.23,12.23,12.23,100,0
MPX.US,5,20211129,190500,12.22,12.22,12.21,12.21,200,0
MPX.US,5,20211129,191000,12.22,12.22,12.22,12.22,100,0
MPX.US,5,20211129,191500,12.21,12.21,12.2,12.2,783,0
MPX.US,5,20211129,195500,12.18,12.2,12.18,12.2,597,0
MPX.US,5,20211129,200000,12.15,12.17,12.15,12.17,287,0
MPX.US,5,20211129,200500,12.22,12.22,12.22,12.22,100,0
MPX.US,5,20211129,202000,12.15,12.15,12.11,12.15,400,0
MPX.US,5,20211129,202500,12.16,12.16,12.15,12.16,600,0
MPX.US,5,20211129,203000,12.2,12.2,12.2,12.2,300,0
MPX.US,5,20211129,203500,12.2,12.2,12.2,12.2,100,0
MPX.US,5,20211129,211000,12.23,12.23,12.23,12.23,100,0
MPX.US,5,20211129,211500,12.235,12.235,12.235,12.235,100,0
MPX.US,5,20211129,212000,12.2,12.21,12.13,12.18,1256,0
MPX.US,5,20211129,212500,12.18,12.25,12.18,12.25,484,0
MPX.US,5,20211129,213000,12.24,12.24,12.24,12.24,100,0
MPX.US,5,20211129,213500,12.19,12.19,12.13,12.13,1901,0
MPX.US,5,20211129,214000,12.16,12.24,12.0948,12.24,2382,0
MPX.US,5,20211129,214500,12.17,12.2,12.105,12.105,500,0
MPX.US,5,20211129,215000,12.11,12.11,12.03,12.03,3805,0
MPX.US,5,20211129,215500,12.03,12.12,12.03,12.08,12898,0
MPX.US,5,20211130,153000,12,12,12,12,687,0
MPX.US,5,20211130,154000,11.9701,12.035,11.9701,12.035,580,0
MPX.US,5,20211130,155000,11.9,11.9,11.9,11.9,500,0
MPX.US,5,20211130,161500,11.98,11.985,11.7941,11.985,1233,0
MPX.US,5,20211130,163500,11.82,11.99,11.82,11.99,919,0
MPX.US,5,20211130,165000,11.83,11.86,11.75,11.76,826,0
MPX.US,5,20211130,165500,11.66,11.67,11.66,11.67,276,0
MPX.US,5,20211130,172500,11.62,11.775,11.62,11.775,342,0
MPX.US,5,20211130,175000,11.6199,11.6199,11.52,11.52,638,0
MPX.US,5,20211130,175500,11.5,11.5,11.5,11.5,100,0
MPX.US,5,20211130,182000,11.5293,11.57,11.5293,11.57,1100,0
MPX.US,5,20211130,182500,11.54,11.54,11.54,11.54,100,0
MPX.US,5,20211130,183500,11.6,11.6,11.6,11.6,200,0
MPX.US,5,20211130,184000,11.6,11.6,11.6,11.6,900,0
MPX.US,5,20211130,184500,11.65,11.68,11.64,11.68,300,0
MPX.US,5,20211130,185000,11.67,11.67,11.67,11.67,200,0
MPX.US,5,20211130,185500,11.68,11.68,11.65,11.65,200,0
MPX.US,5,20211130,190000,11.65,11.66,11.65,11.66,400,0
MPX.US,5,20211130,190500,11.66,11.66,11.66,11.66,300,0
MPX.US,5,20211130,191000,11.66,11.66,11.66,11.66,410,0
MPX.US,5,20211130,191500,11.8,11.8,11.78,11.7999,797,0
MPX.US,5,20211130,192000,11.8,11.8,11.77,11.77,300,0
MPX.US,5,20211130,192500,11.69,11.83,11.69,11.82,2500,0
MPX.US,5,20211130,193000,11.8,11.8,11.8,11.8,100,0
MPX.US,5,20211130,193500,11.85,11.85,11.84,11.84,400,0
MPX.US,5,20211130,194000,11.82,11.88,11.77,11.88,400,0
MPX.US,5,20211130,195000,11.809,11.809,11.809,11.809,100,0
MPX.US,5,20211130,200500,11.85,11.9,11.85,11.8852,500,0
MPX.US,5,20211130,201000,11.91,11.91,11.91,11.91,200,0
MPX.US,5,20211130,201500,11.8001,11.8001,11.8001,11.8001,200,0
MPX.US,5,20211130,202000,11.85,11.85,11.8064,11.8064,1100,0
MPX.US,5,20211130,202500,11.845,11.845,11.845,11.845,100,0
MPX.US,5,20211130,203500,11.88,11.88,11.845,11.845,200,0
MPX.US,5,20211130,205500,11.87,11.87,11.85,11.85,200,0
MPX.US,5,20211130,210000,11.85,11.85,11.85,11.85,1000,0
MPX.US,5,20211130,210500,11.845,11.845,11.845,11.845,100,0
MPX.US,5,20211130,212000,11.85,11.88,11.85,11.88,200,0
MPX.US,5,20211130,212500,11.85,11.85,11.85,11.85,100,0
MPX.US,5,20211130,213000,11.88,11.98,11.88,11.98,300,0
MPX.US,5,20211130,213500,11.97,11.97,11.97,11.97,470,0
MPX.US,5,20211130,214000,12.01,12.01,12.01,12.01,100,0
MPX.US,5,20211130,215000,11.95,11.97,11.88,11.88,900,0
MPX.US,5,20211130,215500,11.9,11.9,11.82,11.82,6678,0
MPX.US,5,20211201,153000,12,12,12,12,549,0
MPX.US,5,20211201,154000,12.03,12.03,12.03,12.03,100,0
MPX.US,5,20211201,161000,12.08,12.08,12.08,12.08,100,0
MPX.US,5,20211201,162500,12.07,12.07,12.07,12.07,200,0
MPX.US,5,20211201,163000,12.03,12.03,12.03,12.03,100,0
MPX.US,5,20211201,163500,12.03,12.03,12,12,200,0
MPX.US,5,20211201,164000,12,12,12,12,612,0
MPX.US,5,20211201,164500,12,12,12,12,100,0
MPX.US,5,20211201,165500,12.01,12.01,12,12,700,0
MPX.US,5,20211201,170000,12.03,12.09,12.03,12.09,400,0
MPX.US,5,20211201,170500,12.09,12.09,12.09,12.09,100,0
MPX.US,5,20211201,171500,12.12,12.12,12.12,12.12,600,0
MPX.US,5,20211201,172500,12.19,12.23,12.16,12.23,314,0
MPX.US,5,20211201,173000,12.14,12.19,12.12,12.12,500,0
MPX.US,5,20211201,173500,12.12,12.12,12.12,12.12,100,0
MPX.US,5,20211201,174000,12.12,12.12,12.1191,12.12,316,0
MPX.US,5,20211201,174500,12.12,12.12,12.11,12.11,200,0
MPX.US,5,20211201,175000,12.08,12.08,12.08,12.08,100,0
MPX.US,5,20211201,175500,12.15,12.15,12.08,12.08,400,0
MPX.US,5,20211201,180000,12.08,12.08,12.08,12.08,100,0
MPX.US,5,20211201,181000,12.075,12.075,12.075,12.075,200,0
MPX.US,5,20211201,181500,12.13,12.16,12.13,12.14,800,0
MPX.US,5,20211201,182500,12.17,12.17,12.17,12.17,200,0
MPX.US,5,20211201,183000,12.17,12.19,12.17,12.19,700,0
MPX.US,5,20211201,183500,12.155,12.155,12.155,12.155,100,0
MPX.US,5,20211201,184500,12.18,12.18,12.155,12.155,200,0
MPX.US,5,20211201,185500,12.16,12.16,12.16,12.16,100,0
MPX.US,5,20211201,190000,12.12,12.15,12.12,12.15,218,0
MPX.US,5,20211201,190500,12.055,12.055,12.035,12.035,200,0
MPX.US,5,20211201,191000,12.027,12.027,12.027,12.027,100,0
MPX.US,5,20211201,192000,12.025,12.025,12,12.025,592,0
MPX.US,5,20211201,192500,12.025,12.025,12.025,12.025,100,0
MPX.US,5,20211201,193000,12,12.02,12,12.02,400,0
MPX.US,5,20211201,193500,12.0322,12.0322,12.0322,12.0322,140,0
MPX.US,5,20211201,194000,12,12.025,11.98,11.98,800,0
MPX.US,5,20211201,194500,11.95,11.975,11.95,11.975,300,0
MPX.US,5,20211201,195000,11.97,11.97,11.91,11.91,1033,0
MPX.US,5,20211201,195500,11.96,12.015,11.96,12.015,1812,0
MPX.US,5,20211201,200000,12.0097,12.0097,12.0097,12.0097,165,0
MPX.US,5,20211201,200500,12.01,12.03,12,12.03,725,0
MPX.US,5,20211201,201500,12,12,12,12,312,0
MPX.US,5,20211201,202000,12,12.02,11.985,12.02,687,0
MPX.US,5,20211201,202500,12.085,12.085,12.085,12.085,200,0
MPX.US,5,20211201,203500,12.065,12.065,12.065,12.065,100,0
MPX.US,5,20211201,204000,12.04,12.045,12.04,12.045,400,0
MPX.US,5,20211201,204500,12.04,12.09,12.04,12.09,400,0
MPX.US,5,20211201,205000,12.085,12.085,12.085,12.085,200,0
MPX.US,5,20211201,205500,12.045,12.045,12,12,500,0
MPX.US,5,20211201,210000,12.015,12.04,12.015,12.04,370,0
MPX.US,5,20211201,210500,12.01,12.01,11.96,12,601,0
MPX.US,5,20211201,211000,12.009,12.015,12.009,12.015,235,0
MPX.US,5,20211201,211500,12.009,12.009,12,12,300,0
MPX.US,5,20211201,212000,12.015,12.015,11.96,11.96,800,0
MPX.US,5,20211201,212500,11.93,11.93,11.93,11.93,100,0
MPX.US,5,20211201,213000,12,12.01,11.97,12.01,2360,0
MPX.US,5,20211201,213500,12.03,12.11,12.025,12.025,821,0
MPX.US,5,20211201,214000,12.025,12.05,12.025,12.05,1422,0
MPX.US,5,20211201,214500,12.07,12.07,12.07,12.07,100,0
MPX.US,5,20211201,215000,12.03,12.08,12,12,1392,0
MPX.US,5,20211201,215500,12,12,11.91,11.93,4382,0
MPX.US,5,20211202,153000,12.05,12.05,12.05,12.05,207,0
MPX.US,5,20211202,153500,11.85,11.85,11.85,11.85,200,0
MPX.US,5,20211202,154000,12.01,12.08,12,12.08,400,0
MPX.US,5,20211202,154500,12.1363,12.28,12.1363,12.28,350,0
MPX.US,5,20211202,161500,11.96,11.96,11.96,11.96,100,0
MPX.US,5,20211202,162000,11.99,11.99,11.99,11.99,300,0
MPX.US,5,20211202,163500,12.005,12.005,12.005,12.005,100,0
MPX.US,5,20211202,164000,12.0025,12.0025,11.97,11.97,200,0
MPX.US,5,20211202,164500,11.96,11.99,11.9,11.99,1224,0
MPX.US,5,20211202,165000,11.99,12.02,11.99,12,800,0
MPX.US,5,20211202,170500,11.9401,12.06,11.9401,12.01,300,0
MPX.US,5,20211202,171000,11.95,11.95,11.95,11.95,100,0
MPX.US,5,20211202,172000,12.07,12.07,12.07,12.07,100,0
MPX.US,5,20211202,173000,12.04,12.04,12.04,12.04,101,0
MPX.US,5,20211202,183500,12.06,12.07,12.06,12.07,400,0
MPX.US,5,20211202,184500,12.0186,12.09,12.0186,12.09,291,0
MPX.US,5,20211202,185000,12.1525,12.21,12.12,12.21,391,0
MPX.US,5,20211202,190000,12.12,12.12,12.12,12.12,508,0
MPX.US,5,20211202,190500,12.08,12.13,12.08,12.11,600,0
MPX.US,5,20211202,192000,12.15,12.15,12.05,12.05,400,0
MPX.US,5,20211202,192500,12.06,12.06,12.06,12.06,100,0
MPX.US,5,20211202,193500,12.09,12.13,12.09,12.13,499,0
MPX.US,5,20211202,200000,12.22,12.24,12.22,12.24,200,0
MPX.US,5,20211202,201500,12.27,12.27,12.2,12.2,300,0
MPX.US,5,20211202,203000,12.2,12.21,12.18,12.19,400,0
MPX.US,5,20211202,203500,12.18,12.18,12.17,12.17,200,0
MPX.US,5,20211202,205000,12.11,12.15,12.11,12.15,200,0
MPX.US,5,20211202,211000,12.13,12.13,12.13,12.13,103,0
MPX.US,5,20211202,212500,12.12,12.16,12.12,12.16,643,0
MPX.US,5,20211202,213000,12.16,12.18,12.15,12.18,500,0
MPX.US,5,20211202,213500,12.155,12.155,12.155,12.155,100,0
MPX.US,5,20211202,214000,12.145,12.15,12.145,12.15,200,0
MPX.US,5,20211202,214500,12.15,12.18,12.15,12.15,1100,0
MPX.US,5,20211202,215000,12.12,12.12,12.12,12.12,100,0
MPX.US,5,20211202,215500,12.12,12.16,12.12,12.16,2875,0
MPX.US,5,20211203,153000,12.28,12.28,12.28,12.28,100,0
MPX.US,5,20211203,153500,12.2799,12.2799,12.2799,12.2799,147,0
MPX.US,5,20211203,154000,12.145,12.145,12.145,12.145,100,0
MPX.US,5,20211203,155500,12,12,12,12,100,0
MPX.US,5,20211203,160000,12.07,12.07,12.065,12.065,200,0
MPX.US,5,20211203,161000,12.115,12.21,12.115,12.21,300,0
MPX.US,5,20211203,162000,12.09,12.16,12.085,12.16,400,0
MPX.US,5,20211203,163000,12.115,12.115,12.115,12.115,200,0
MPX.US,5,20211203,163500,11.96,11.96,11.8301,11.8301,1108,0
MPX.US,5,20211203,164000,11.95,11.96,11.95,11.96,200,0
MPX.US,5,20211203,165000,12.03,12.03,12.02,12.02,200,0
MPX.US,5,20211203,165500,11.975,11.975,11.975,11.975,100,0
MPX.US,5,20211203,170500,11.97,11.97,11.97,11.97,100,0
MPX.US,5,20211203,171000,12.02,12.04,12.02,12.04,400,0
MPX.US,5,20211203,171500,12.11,12.11,12.11,12.11,100,0
MPX.US,5,20211203,172000,12.06,12.06,12.06,12.06,200,0
MPX.US,5,20211203,175500,12.04,12.07,12.04,12.07,200,0
MPX.US,5,20211203,181500,12.05,12.05,12.05,12.05,100,0
MPX.US,5,20211203,182500,12.11,12.11,12.01,12.08,528,0
MPX.US,5,20211203,190000,12.035,12.035,12.035,12.035,300,0
MPX.US,5,20211203,193000,12,12.035,12,12.03,602,0
MPX.US,5,20211203,193500,12.01,12.01,11.99,11.99,1600,0
MPX.US,5,20211203,194500,12,12,12,12,200,0
MPX.US,5,20211203,195000,12,12.04,12,12.03,1100,0
MPX.US,5,20211203,200000,12,12,11.98,11.98,300,0
MPX.US,5,20211203,202000,11.98,11.985,11.96,11.985,620,0
MPX.US,5,20211203,202500,12.01,12.01,12.01,12.01,100,0
MPX.US,5,20211203,203000,12.04,12.04,12.04,12.04,100,0
MPX.US,5,20211203,204000,12,12,12,12,500,0
MPX.US,5,20211203,204500,11.99,11.99,11.98,11.98,700,0
MPX.US,5,20211203,205000,11.99,11.99,11.99,11.99,100,0
MPX.US,5,20211203,210000,12,12,12,12,100,0
MPX.US,5,20211203,210500,12,12,12,12,100,0
MPX.US,5,20211203,211500,12,12,12,12,200,0
MPX.US,5,20211203,212000,12,12.02,12,12,500,0
MPX.US,5,20211203,213500,11.995,11.995,11.995,11.995,100,0
MPX.US,5,20211203,214000,11.995,12.02,11.99,12.02,1009,0
MPX.US,5,20211203,214500,12.0143,12.0143,12.0143,12.0143,200,0
MPX.US,5,20211203,215500,12.03,12.07,11.99,11.99,4573,0
MPX.US,5,20211206,153000,12.1,12.1,12.1,12.1,250,0
MPX.US,5,20211206,154000,12.15,12.15,12.15,12.15,100,0
MPX.US,5,20211206,155000,12.18,12.38,12.18,12.38,400,0
MPX.US,5,20211206,162000,12.21,12.21,12.21,12.21,100,0
MPX.US,5,20211206,163000,12.4,12.4,12.4,12.4,100,0
MPX.US,5,20211206,163500,12.18,12.18,12.18,12.18,100,0
MPX.US,5,20211206,173500,12.24,12.28,12.24,12.28,400,0
MPX.US,5,20211206,181000,12.255,12.255,12.255,12.255,100,0
MPX.US,5,20211206,182500,12.34,12.34,12.34,12.34,300,0
MPX.US,5,20211206,183000,12.35,12.42,12.35,12.355,657,0
MPX.US,5,20211206,184500,12.33,12.33,12.33,12.33,252,0
MPX.US,5,20211206,185000,12.4,12.41,12.4,12.41,200,0
MPX.US,5,20211206,190000,12.43,12.52,12.43,12.52,800,0
MPX.US,5,20211206,190500,12.42,12.43,12.42,12.42,595,0
MPX.US,5,20211206,193500,12.47,12.48,12.47,12.48,800,0
MPX.US,5,20211206,194000,12.47,12.47,12.47,12.47,640,0
MPX.US,5,20211206,201000,12.52,12.54,12.52,12.54,1706,0
MPX.US,5,20211206,202000,12.56,12.56,12.55,12.55,200,0
MPX.US,5,20211206,203000,12.59,12.59,12.59,12.59,100,0
MPX.US,5,20211206,203500,12.59,12.59,12.57,12.575,315,0
MPX.US,5,20211206,204500,12.53,12.53,12.53,12.53,100,0
MPX.US,5,20211206,205000,12.53,12.57,12.52,12.57,400,0
MPX.US,5,20211206,210500,12.53,12.6,12.53,12.6,400,0
MPX.US,5,20211206,212500,12.59,12.6,12.59,12.6,905,0
MPX.US,5,20211206,213500,12.54,12.54,12.48,12.48,1300,0
MPX.US,5,20211206,214000,12.48,12.48,12.44,12.44,300,0
MPX.US,5,20211206,214500,12.42,12.44,12.42,12.44,200,0
MPX.US,5,20211206,215500,12.45,12.52,12.44,12.46,7344,0
MPX.US,5,20211207,153000,12.62,12.62,12.62,12.62,100,0
MPX.US,5,20211207,154000,12.67,12.67,12.575,12.575,322,0
MPX.US,5,20211207,154500,12.645,12.645,12.645,12.645,500,0
MPX.US,5,20211207,155500,12.66,12.66,12.66,12.66,174,0
MPX.US,5,20211207,161000,12.75,12.83,12.75,12.83,362,0
MPX.US,5,20211207,162500,12.82,12.82,12.82,12.82,100,0
MPX.US,5,20211207,164500,12.82,12.82,12.76,12.76,526,0
MPX.US,5,20211207,165500,12.82,12.83,12.82,12.83,325,0
MPX.US,5,20211207,170000,12.89,12.95,12.89,12.95,400,0
MPX.US,5,20211207,172000,12.875,12.875,12.875,12.875,100,0
MPX.US,5,20211207,173500,12.8407,12.98,12.8407,12.98,3900,0
MPX.US,5,20211207,174000,12.925,12.97,12.925,12.97,432,0
MPX.US,5,20211207,174500,12.98,12.98,12.98,12.98,100,0
MPX.US,5,20211207,175000,12.945,12.945,12.92,12.945,400,0
MPX.US,5,20211207,175500,12.94,12.94,12.94,12.94,100,0
MPX.US,5,20211207,180500,12.98,12.98,12.98,12.98,100,0
MPX.US,5,20211207,181500,12.98,13,12.98,12.98,975,0
MPX.US,5,20211207,182000,13,13,12.97,13,900,0
MPX.US,5,20211207,182500,12.98,13.01,12.96,13.01,300,0
MPX.US,5,20211207,184500,13.0001,13.0001,13.0001,13.0001,150,0
MPX.US,5,20211207,190000,13,13.015,13,13.01,946,0
MPX.US,5,20211207,191000,13.01,13.01,13.01,13.01,200,0
MPX.US,5,20211207,191500,13.0042,13.04,13.0042,13.03,1058,0
MPX.US,5,20211207,192000,13.0114,13.0114,13.0114,13.0114,100,0
MPX.US,5,20211207,192500,13.02,13.02,12.97,12.985,1633,0
MPX.US,5,20211207,193000,12.985,12.985,12.985,12.985,227,0
MPX.US,5,20211207,193500,13.01,13.01,13.01,13.01,100,0
MPX.US,5,20211207,194000,13.04,13.06,13.03,13.06,300,0
MPX.US,5,20211207,195000,13.085,13.09,13.085,13.085,1200,0
MPX.US,5,20211207,200000,13.0946,13.0946,13.06,13.06,200,0
MPX.US,5,20211207,201000,12.885,12.91,12.885,12.91,1664,0
MPX.US,5,20211207,203000,12.925,13.01,12.925,13.01,827,0
MPX.US,5,20211207,203500,12.97,12.97,12.97,12.97,100,0
MPX.US,5,20211207,205500,13.01,13.01,13.01,13.01,260,0
MPX.US,5,20211207,210000,13.04,13.12,13.04,13.12,1467,0
MPX.US,5,20211207,211000,13.02,13.03,12.99,12.995,900,0
MPX.US,5,20211207,212000,12.96,12.98,12.96,12.96,1152,0
MPX.US,5,20211207,212500,12.93,13.045,12.92,13.045,1487,0
MPX.US,5,20211207,213000,13,13.055,13,13.055,400,0
MPX.US,5,20211207,213500,13.01,13.01,12.95,12.95,648,0
MPX.US,5,20211207,214000,12.94,12.975,12.87,12.925,3262,0
MPX.US,5,20211207,214500,12.89,12.915,12.845,12.845,672,0
MPX.US,5,20211207,215000,12.845,12.89,12.81,12.87,2398,0
MPX.US,5,20211207,215500,12.94,12.96,12.87,12.93,7244,0
MPX.US,5,20211208,153000,12.94,12.94,12.94,12.94,442,0
MPX.US,5,20211208,153500,12.67,12.95,12.67,12.95,300,0
MPX.US,5,20211208,154500,12.93,12.96,12.93,12.96,600,0
MPX.US,5,20211208,155500,12.985,12.985,12.985,12.985,100,0
MPX.US,5,20211208,160000,12.84,12.84,12.84,12.84,100,0
MPX.US,5,20211208,160500,12.93,12.93,12.87,12.88,300,0
MPX.US,5,20211208,161000,12.83,12.83,12.83,12.83,100,0
MPX.US,5,20211208,161500,12.86,12.87,12.86,12.87,200,0
MPX.US,5,20211208,162000,12.88,12.88,12.88,12.88,100,0
MPX.US,5,20211208,162500,12.9,12.92,12.9,12.92,300,0
MPX.US,5,20211208,164000,13,13.1,13,13.1,500,0
MPX.US,5,20211208,164500,13,13,12.91,12.91,200,0
MPX.US,5,20211208,165000,12.99,12.99,12.9825,12.9825,200,0
MPX.US,5,20211208,170500,13.015,13.015,13.015,13.015,100,0
MPX.US,5,20211208,171000,13.02,13.02,13.02,13.02,100,0
MPX.US,5,20211208,171500,13.08,13.17,13.06,13.17,798,0
MPX.US,5,20211208,172500,13.165,13.165,13.165,13.165,100,0
MPX.US,5,20211208,173500,13.155,13.155,13.155,13.155,100,0
MPX.US,5,20211208,175000,13.13,13.13,13.13,13.13,300,0
MPX.US,5,20211208,180500,13.17,13.17,13.17,13.17,497,0
MPX.US,5,20211208,181000,13.18,13.18,13.18,13.18,100,0
MPX.US,5,20211208,181500,13.24,13.24,13.24,13.24,100,0
MPX.US,5,20211208,182000,13.17,13.205,13.16,13.16,409,0
MPX.US,5,20211208,182500,13.15,13.15,13.15,13.15,100,0
MPX.US,5,20211208,183500,13.175,13.175,13.175,13.175,100,0
MPX.US,5,20211208,184500,13.14,13.21,13.14,13.21,690,0
MPX.US,5,20211208,190500,13.185,13.185,13.185,13.185,100,0
MPX.US,5,20211208,191000,13.185,13.185,13.16,13.16,300,0
MPX.US,5,20211208,192500,13.06,13.06,13.06,13.06,100,0
MPX.US,5,20211208,194000,13,13,12.99,12.99,700,0
MPX.US,5,20211208,194500,12.98,12.98,12.98,12.98,758,0
MPX.US,5,20211208,195500,13,13,13,13,100,0
MPX.US,5,20211208,200000,12.96,12.995,12.96,12.995,400,0
MPX.US,5,20211208,201000,12.995,12.995,12.995,12.995,100,0
MPX.US,5,20211208,201500,13.01,13.01,13,13,200,0
MPX.US,5,20211208,203000,13.02,13.02,13.01,13.01,430,0
MPX.US,5,20211208,204500,12.97,12.98,12.9,12.9,500,0
MPX.US,5,20211208,205000,12.95,12.95,12.915,12.915,200,0
MPX.US,5,20211208,210000,12.91,12.91,12.91,12.91,100,0
MPX.US,5,20211208,210500,12.9,12.92,12.9,12.91,300,0
MPX.US,5,20211208,211000,12.935,12.935,12.935,12.935,200,0
MPX.US,5,20211208,212500,12.95,12.95,12.92,12.92,200,0
MPX.US,5,20211208,213000,12.915,12.915,12.915,12.915,100,0
MPX.US,5,20211208,213500,13,13.01,12.96,12.98,400,0
MPX.US,5,20211208,214000,12.96,12.96,12.89,12.89,417,0
MPX.US,5,20211208,214500,12.9,12.94,12.9,12.94,565,0
MPX.US,5,20211208,215000,12.89,12.91,12.82,12.82,803,0
MPX.US,5,20211208,215500,12.8102,12.89,12.8102,12.87,4175,0
MPX.US,5,20211209,153000,12.71,12.71,12.71,12.71,161,0
MPX.US,5,20211209,154500,12.625,12.625,12.625,12.625,319,0
MPX.US,5,20211209,160500,12.62,12.67,12.62,12.67,267,0
MPX.US,5,20211209,161500,12.875,12.875,12.875,12.875,100,0
MPX.US,5,20211209,163000,12.745,12.745,12.745,12.745,300,0
MPX.US,5,20211209,164500,12.735,12.8,12.735,12.76,536,0
MPX.US,5,20211209,172000,12.73,12.74,12.73,12.74,200,0
MPX.US,5,20211209,172500,12.765,12.765,12.765,12.765,139,0
MPX.US,5,20211209,174500,12.75,12.75,12.75,12.75,100,0
MPX.US,5,20211209,175000,12.76,12.76,12.76,12.76,100,0
MPX.US,5,20211209,175500,12.7216,12.7216,12.7216,12.7216,108,0
MPX.US,5,20211209,180500,12.71,12.76,12.64,12.64,500,0
MPX.US,5,20211209,182500,12.605,12.605,12.605,12.605,100,0
MPX.US,5,20211209,183500,12.62,12.62,12.62,12.62,100,0
MPX.US,5,20211209,184000,12.6,12.7325,12.6,12.7325,498,0
MPX.US,5,20211209,185000,12.685,12.685,12.685,12.685,100,0
MPX.US,5,20211209,190500,12.58,12.59,12.46,12.53,1931,0
MPX.US,5,20211209,191000,12.5,12.5,12.5,12.5,100,0
MPX.US,5,20211209,193000,12.525,12.55,12.5049,12.5049,1017,0
MPX.US,5,20211209,193500,12.6,12.6,12.6,12.6,200,0
MPX.US,5,20211209,194000,12.57,12.59,12.555,12.555,809,0
MPX.US,5,20211209,195000,12.57,12.57,12.57,12.57,120,0
MPX.US,5,20211209,200000,12.54,12.54,12.54,12.54,100,0
MPX.US,5,20211209,201500,12.54,12.56,12.51,12.56,829,0
MPX.US,5,20211209,203000,12.56,12.56,12.56,12.56,100,0
MPX.US,5,20211209,203500,12.52,12.52,12.4603,12.4603,400,0
MPX.US,5,20211209,204000,12.49,12.49,12.49,12.49,200,0
MPX.US,5,20211209,205000,12.49,12.49,12.49,12.49,119,0
MPX.US,5,20211209,205500,12.49,12.49,12.49,12.49,100,0
MPX.US,5,20211209,210000,12.49,12.49,12.33,12.33,720,0
MPX.US,5,20211209,211000,12.3,12.3,12.3,12.3,305,0
MPX.US,5,20211209,212500,12.3,12.36,12.3,12.36,528,0
MPX.US,5,20211209,213500,12.425,12.425,12.395,12.4,600,0
MPX.US,5,20211209,214000,12.4,12.4,12.295,12.365,700,0
MPX.US,5,20211209,214500,12.31,12.31,12.265,12.265,300,0
MPX.US,5,20211209,215000,12.32,12.33,12.32,12.33,993,0
MPX.US,5,20211209,215500,12.31,12.335,12.23,12.25,10342,0
MPX.US,5,20211210,153000,12.28,12.28,12.28,12.28,308,0
MPX.US,5,20211210,153500,12.22,12.22,12.22,12.22,100,0
MPX.US,5,20211210,154000,12.4398,12.4398,12.4398,12.4398,1500,0
MPX.US,5,20211210,154500,12.31,12.31,12.31,12.31,151,0
MPX.US,5,20211210,161000,12.2,12.2,12.2,12.2,100,0
MPX.US,5,20211210,163000,12.2902,12.2902,12.29,12.29,780,0
MPX.US,5,20211210,163500,12.12,12.12,12.12,12.12,100,0
MPX.US,5,20211210,165500,12.3429,12.3429,12.3059,12.3059,1469,0
MPX.US,5,20211210,170000,12.23,12.23,12.23,12.23,100,0
MPX.US,5,20211210,170500,12.22,12.22,12.21,12.21,200,0
MPX.US,5,20211210,171000,12.275,12.275,12.275,12.275,144,0
MPX.US,5,20211210,171500,12.1,12.1,12.1,12.1,100,0
MPX.US,5,20211210,174000,12.1,12.1,12.1,12.1,100,0
MPX.US,5,20211210,180000,12.15,12.15,12.15,12.15,100,0
MPX.US,5,20211210,180500,12.12,12.14,12.11,12.14,700,0
MPX.US,5,20211210,181500,12.11,12.11,12.07,12.07,999,0
MPX.US,5,20211210,182000,12,12.04,11.97,12.04,1200,0
MPX.US,5,20211210,183000,12,12,11.972,11.972,400,0
MPX.US,5,20211210,185000,11.98,12.05,11.98,12.05,800,0
MPX.US,5,20211210,185500,12.1,12.1,12.0801,12.0801,1600,0
MPX.US,5,20211210,190000,12.1,12.1,12.1,12.1,100,0
MPX.US,5,20211210,190500,12.07,12.07,12.07,12.07,258,0
MPX.US,5,20211210,194000,12.12,12.12,12.05,12.0502,3027,0
MPX.US,5,20211210,201500,12.04,12.06,12.04,12.06,732,0
MPX.US,5,20211210,202000,12.16,12.41,12.16,12.23,4801,0
MPX.US,5,20211210,203000,12.28,12.28,12.28,12.28,100,0
MPX.US,5,20211210,205000,12.21,12.21,12.21,12.21,400,0
MPX.US,5,20211210,205500,12.1,12.2,12.1,12.2,300,0
MPX.US,5,20211210,210000,12.0637,12.0637,12.0637,12.0637,360,0
MPX.US,5,20211210,212500,12.105,12.16,12.105,12.16,1600,0
MPX.US,5,20211210,213000,12.105,12.105,12.105,12.105,200,0
MPX.US,5,20211210,213500,12.11,12.115,12.11,12.115,200,0
MPX.US,5,20211210,214000,12.17,12.3,12.17,12.23,500,0
MPX.US,5,20211210,214500,12.22,12.24,12.22,12.24,500,0
MPX.US,5,20211210,215000,12.225,12.225,12.225,12.225,100,0
MPX.US,5,20211210,215500,12.31,12.31,12.1563,12.19,7272,0
MPX.US,5,20211213,153000,12.06,12.26,12.06,12.26,229,0
MPX.US,5,20211213,153500,12.145,12.145,12.0501,12.0501,200,0
MPX.US,5,20211213,154000,12.06,12.06,12.05,12.05,953,0
MPX.US,5,20211213,154500,12.05,12.13,12.05,12.13,513,0
MPX.US,5,20211213,155500,12.05,12.05,12.05,12.05,183,0
MPX.US,5,20211213,160000,12.1082,12.12,11.98,12.055,1547,0
MPX.US,5,20211213,160500,11.99,12.05,11.99,12.05,400,0
MPX.US,5,20211213,161000,11.99,11.99,11.99,11.99,100,0
MPX.US,5,20211213,161500,11.96,11.96,11.94,11.96,614,0
MPX.US,5,20211213,162000,11.8,11.8,11.78,11.78,1100,0
MPX.US,5,20211213,163000,11.81,11.81,11.81,11.81,100,0
MPX.US,5,20211213,163500,11.9,12.025,11.81,12.025,1408,0
MPX.US,5,20211213,164000,12.02,12.02,12.02,12.02,100,0
MPX.US,5,20211213,164500,12.02,12.02,12.01,12.01,400,0
MPX.US,5,20211213,165000,12,12,11.99,11.99,986,0
MPX.US,5,20211213,165500,11.99,11.99,11.99,11.99,1582,0
MPX.US,5,20211213,170000,11.99,11.99,11.99,11.99,435,0
MPX.US,5,20211213,171000,11.99,11.99,11.98,11.98,200,0
MPX.US,5,20211213,180000,11.855,11.855,11.855,11.855,430,0
MPX.US,5,20211213,183000,11.85,11.85,11.85,11.85,130,0
MPX.US,5,20211213,185000,11.82,11.82,11.81,11.81,200,0
MPX.US,5,20211213,190000,11.89,11.89,11.89,11.89,100,0
MPX.US,5,20211213,191000,11.77,11.79,11.77,11.79,200,0
MPX.US,5,20211213,192500,11.79,11.79,11.79,11.79,100,0
MPX.US,5,20211213,194500,11.82,11.84,11.82,11.84,569,0
MPX.US,5,20211213,195000,11.95,11.95,11.95,11.95,120,0
MPX.US,5,20211213,201000,11.93,11.93,11.93,11.93,300,0
MPX.US,5,20211213,203000,11.945,11.945,11.945,11.945,100,0
MPX.US,5,20211213,205000,11.81,11.81,11.81,11.81,132,0
MPX.US,5,20211213,205500,11.93,11.95,11.93,11.95,200,0
MPX.US,5,20211213,212500,11.97,11.97,11.96,11.96,250,0
MPX.US,5,20211213,214000,11.9113,11.9113,11.91,11.91,1017,0
MPX.US,5,20211213,214500,11.92,11.92,11.92,11.92,200,0
MPX.US,5,20211213,215000,11.92,11.96,11.91,11.96,800,0
MPX.US,5,20211213,215500,11.96,11.99,11.95,11.95,5126,0
MPX.US,5,20211214,153000,11.87,11.87,11.87,11.87,226,0
MPX.US,5,20211214,155500,11.88,11.88,11.88,11.88,100,0
MPX.US,5,20211214,160000,12.045,12.06,12.03,12.045,413,0
MPX.US,5,20211214,161000,12.135,12.135,12.135,12.135,100,0
MPX.US,5,20211214,161500,12.02,12.02,12.02,12.02,100,0
MPX.US,5,20211214,162000,12.135,12.145,12.04,12.04,400,0
MPX.US,5,20211214,162500,12.145,12.145,12.145,12.145,100,0
MPX.US,5,20211214,163000,12.15,12.15,12.01,12.09,400,0
MPX.US,5,20211214,163500,12.16,12.16,12.16,12.16,100,0
MPX.US,5,20211214,164000,12.06,12.06,12.06,12.06,100,0
MPX.US,5,20211214,164500,12.06,12.06,12.06,12.06,100,0
MPX.US,5,20211214,180000,11.96,11.98,11.96,11.98,200,0
MPX.US,5,20211214,180500,11.98,11.98,11.98,11.98,185,0
MPX.US,5,20211214,185000,11.94,11.94,11.94,11.94,100,0
MPX.US,5,20211214,195000,11.85,11.85,11.85,11.85,100,0
MPX.US,5,20211214,195500,11.82,11.835,11.76,11.81,1073,0
MPX.US,5,20211214,200000,11.79,11.79,11.79,11.79,561,0
MPX.US,5,20211214,201500,11.83,11.83,11.83,11.83,100,0
MPX.US,5,20211214,202500,11.96,11.96,11.81,11.81,200,0
MPX.US,5,20211214,213500,11.83,11.91,11.8,11.91,878,0
MPX.US,5,20211214,214000,11.87,11.87,11.87,11.87,244,0
MPX.US,5,20211214,214500,11.8,11.8,11.8,11.8,200,0
MPX.US,5,20211214,215000,11.9,12,11.81,12,6177,0
MPX.US,5,20211214,215500,11.83,11.96,11.81,11.87,51894,0
MPX.US,5,20211215,153000,11.98,11.98,11.98,11.98,217,0
MPX.US,5,20211215,154000,11.76,11.79,11.75,11.79,985,0
MPX.US,5,20211215,154500,11.75,11.78,11.7001,11.7001,1425,0
MPX.US,5,20211215,160000,11.64,11.691,11.64,11.691,298,0
MPX.US,5,20211215,161000,11.67,11.68,11.67,11.68,200,0
MPX.US,5,20211215,161500,11.7,11.78,11.7,11.78,200,0
MPX.US,5,20211215,162000,11.73,11.73,11.73,11.73,100,0
MPX.US,5,20211215,163000,11.62,11.62,11.62,11.62,100,0
MPX.US,5,20211215,164000,11.6,11.61,11.6,11.61,200,0
MPX.US,5,20211215,171000,11.57,11.57,11.57,11.57,100,0
MPX.US,5,20211215,171500,11.54,11.54,11.54,11.54,200,0
MPX.US,5,20211215,172500,11.54,11.54,11.54,11.54,100,0
MPX.US,5,20211215,173500,11.51,11.51,11.51,11.51,300,0
MPX.US,5,20211215,175000,11.51,11.52,11.51,11.52,914,0
MPX.US,5,20211215,180000,11.52,11.52,11.52,11.52,100,0
MPX.US,5,20211215,180500,11.56,11.617,11.56,11.61,700,0
MPX.US,5,20211215,182000,11.6,11.6,11.6,11.6,100,0
MPX.US,5,20211215,183500,11.57,11.57,11.57,11.57,100,0
MPX.US,5,20211215,190000,11.55,11.6,11.55,11.6,200,0
MPX.US,5,20211215,191000,11.69,11.69,11.69,11.69,100,0
MPX.US,5,20211215,191500,11.55,11.55,11.55,11.55,100,0
MPX.US,5,20211215,192000,11.615,11.615,11.615,11.615,223,0
MPX.US,5,20211215,193500,11.55,11.55,11.55,11.55,100,0
MPX.US,5,20211215,200500,11.7,11.78,11.61,11.61,1000,0
MPX.US,5,20211215,202000,11.62,11.62,11.62,11.62,200,0
MPX.US,5,20211215,210000,11.725,11.725,11.725,11.725,100,0
MPX.US,5,20211215,211500,11.84,11.84,11.8,11.8,200,0
MPX.US,5,20211215,212000,11.85,11.88,11.84,11.86,622,0
MPX.US,5,20211215,213000,11.8677,11.91,11.8116,11.86,1431,0
MPX.US,5,20211215,214000,11.81,11.81,11.81,11.81,100,0
MPX.US,5,20211215,214500,11.8,11.82,11.79,11.79,300,0
MPX.US,5,20211215,215000,11.84,12.05,11.83,12.04,4963,0
MPX.US,5,20211215,215500,12.04,12.04,11.96,12.04,18168,0
MPX.US,5,20211216,153000,12.04,12.04,12.04,12.04,339,0
MPX.US,5,20211216,153500,11.82,12.03,11.82,12.03,200,0
MPX.US,5,20211216,160000,12.01,12.01,12.01,12.01,100,0
MPX.US,5,20211216,163000,11.84,11.84,11.84,11.84,200,0
MPX.US,5,20211216,170500,11.93,11.93,11.9,11.9,461,0
MPX.US,5,20211216,171500,11.92,11.92,11.92,11.92,101,0
MPX.US,5,20211216,172500,11.91,12.01,11.91,12.01,200,0
MPX.US,5,20211216,174000,11.97,12,11.96,11.96,500,0
MPX.US,5,20211216,175500,11.91,11.91,11.9,11.9,200,0
MPX.US,5,20211216,180500,11.9,11.9,11.9,11.9,100,0
MPX.US,5,20211216,181000,11.92,12,11.92,12,430,0
MPX.US,5,20211216,182000,11.99,11.99,11.99,11.99,233,0
MPX.US,5,20211216,182500,11.99,12.025,11.99,11.99,300,0
MPX.US,5,20211216,183000,11.99,11.99,11.99,11.99,200,0
MPX.US,5,20211216,183500,11.97,11.97,11.97,11.97,300,0
MPX.US,5,20211216,184500,11.94,11.94,11.94,11.94,200,0
MPX.US,5,20211216,190000,11.9,11.9,11.9,11.9,100,0
MPX.US,5,20211216,193000,11.9,11.97,11.9,11.97,297,0
MPX.US,5,20211216,200500,11.92,11.93,11.92,11.93,200,0
MPX.US,5,20211216,201000,11.91,11.91,11.88,11.88,467,0
MPX.US,5,20211216,202000,11.86,11.86,11.8101,11.8101,200,0
MPX.US,5,20211216,202500,11.835,11.835,11.835,11.835,100,0
MPX.US,5,20211216,203000,11.835,11.835,11.835,11.835,100,0
MPX.US,5,20211216,203500,11.87,11.89,11.87,11.88,2226,0
MPX.US,5,20211216,204000,11.84,11.84,11.84,11.84,300,0
MPX.US,5,20211216,204500,11.8,11.8,11.8,11.8,100,0
MPX.US,5,20211216,212000,11.85,11.86,11.85,11.85,352,0
MPX.US,5,20211216,212500,11.88,11.95,11.88,11.88,1534,0
MPX.US,5,20211216,213000,11.94,11.95,11.94,11.94,400,0
MPX.US,5,20211216,213500,11.9,11.93,11.9,11.91,601,0
MPX.US,5,20211216,214000,11.96,12.03,11.95,11.97,652,0
MPX.US,5,20211216,214500,11.985,12.01,11.92,11.92,1710,0
MPX.US,5,20211216,215000,11.92,12.09,11.92,11.98,2000,0
MPX.US,5,20211216,215500,11.84,12,11.83,11.99,3686,0
MPX.US,5,20211217,153000,12.08,12.08,12.08,12.08,6248,0
MPX.US,5,20211217,154000,11.92,11.92,11.92,11.92,100,0
MPX.US,5,20211217,155000,12.1,12.12,12.03,12.03,1641,0
MPX.US,5,20211217,160500,11.98,11.98,11.98,11.98,100,0
MPX.US,5,20211217,161000,11.99,11.99,11.8,11.8,430,0
MPX.US,5,20211217,161500,11.77,11.77,11.77,11.77,100,0
MPX.US,5,20211217,162500,11.9,11.9,11.9,11.9,200,0
MPX.US,5,20211217,163000,11.95,11.95,11.95,11.95,100,0
MPX.US,5,20211217,163500,11.95,11.995,11.95,11.97,500,0
MPX.US,5,20211217,165000,12,12.04,12,12.04,400,0
MPX.US,5,20211217,165500,12.06,12.06,11.97,11.97,300,0
MPX.US,5,20211217,171500,11.87,11.92,11.87,11.9,586,0
MPX.US,5,20211217,172000,11.94,11.94,11.94,11.94,100,0
MPX.US,5,20211217,173500,11.89,11.89,11.89,11.89,200,0
MPX.US,5,20211217,174000,11.86,11.92,11.85,11.92,500,0
MPX.US,5,20211217,182000,11.9,12.07,11.9,12.06,1421,0
MPX.US,5,20211217,183000,12.005,12.005,12.005,12.005,200,0
MPX.US,5,20211217,183500,11.95,11.96,11.95,11.96,200,0
MPX.US,5,20211217,184500,11.94,11.94,11.85,11.85,200,0
MPX.US,5,20211217,185500,11.94,11.94,11.94,11.94,209,0
MPX.US,5,20211217,194500,12.01,12.01,12.01,12.01,100,0
MPX.US,5,20211217,201000,11.98,11.98,11.98,11.98,100,0
MPX.US,5,20211217,202000,11.96,11.96,11.96,11.96,204,0
MPX.US,5,20211217,202500,11.96,11.96,11.96,11.96,300,0
MPX.US,5,20211217,204500,11.96,11.99,11.96,11.98,600,0
MPX.US,5,20211217,210000,11.97,11.97,11.97,11.97,100,0
MPX.US,5,20211217,210500,11.97,11.97,11.92,11.96,700,0
MPX.US,5,20211217,211000,11.92,11.92,11.92,11.92,415,0
MPX.US,5,20211217,211500,11.89,11.95,11.89,11.95,600,0
MPX.US,5,20211217,212000,11.92,11.92,11.92,11.92,100,0
MPX.US,5,20211217,212500,11.95,11.96,11.81,11.81,900,0
MPX.US,5,20211217,213000,11.87,11.88,11.87,11.88,300,0
MPX.US,5,20211217,213500,11.86,11.89,11.86,11.89,300,0
MPX.US,5,20211217,214000,11.84,11.84,11.84,11.84,100,0
MPX.US,5,20211217,214500,11.87,11.87,11.82,11.82,395,0
MPX.US,5,20211217,215000,11.8,11.83,11.72,11.77,3399,0
MPX.US,5,20211217,215500,11.72,11.84,11.57,11.62,49262,0
MPX.US,5,20211220,153000,11.49,11.49,11.49,11.49,123,0
MPX.US,5,20211220,161500,11.37,11.37,11.37,11.37,100,0
MPX.US,5,20211220,162000,11.4612,11.4612,11.29,11.29,1100,0
MPX.US,5,20211220,162500,11.46,11.46,11.29,11.4437,376,0
MPX.US,5,20211220,163000,11.4122,11.4122,11.4122,11.4122,100,0
MPX.US,5,20211220,163500,11.44,11.44,11.44,11.44,100,0
MPX.US,5,20211220,164000,11.41,11.41,11.41,11.41,100,0
MPX.US,5,20211220,164500,11.35,11.4,11.35,11.4,400,0
MPX.US,5,20211220,170000,11.38,11.38,11.38,11.38,100,0
MPX.US,5,20211220,170500,11.39,11.39,11.39,11.39,100,0
MPX.US,5,20211220,171000,11.28,11.28,11.28,11.28,100,0
MPX.US,5,20211220,171500,11.3859,11.3859,11.3859,11.3859,100,0
MPX.US,5,20211220,173500,11.31,11.31,11.31,11.31,100,0
MPX.US,5,20211220,174000,11.25,11.28,11.25,11.28,594,0
MPX.US,5,20211220,174500,11.25,11.25,11.24,11.24,200,0
MPX.US,5,20211220,180500,11.32,11.32,11.27,11.27,200,0
MPX.US,5,20211220,181000,11.33,11.33,11.33,11.33,100,0
MPX.US,5,20211220,183000,11.27,11.32,11.27,11.32,602,0
MPX.US,5,20211220,184500,11.27,11.27,11.27,11.27,100,0
MPX.US,5,20211220,185000,11.27,11.27,11.27,11.27,100,0
MPX.US,5,20211220,190000,11.25,11.255,11.25,11.255,914,0
MPX.US,5,20211220,190500,11.255,11.28,11.255,11.28,500,0
MPX.US,5,20211220,194000,11.41,11.41,11.41,11.41,100,0
MPX.US,5,20211220,195000,11.3,11.3,11.3,11.3,200,0
MPX.US,5,20211220,202500,11.4,11.4,11.36,11.36,336,0
MPX.US,5,20211220,204500,11.41,11.41,11.41,11.41,100,0
MPX.US,5,20211220,205000,11.36,11.36,11.36,11.36,129,0
MPX.US,5,20211220,210500,11.38,11.44,11.38,11.44,557,0
MPX.US,5,20211220,211000,11.47,11.47,11.45,11.45,299,0
MPX.US,5,20211220,212000,11.46,11.465,11.45,11.465,764,0
MPX.US,5,20211220,212500,11.5,11.5,11.5,11.5,100,0
MPX.US,5,20211220,213000,11.51,11.51,11.51,11.51,100,0
MPX.US,5,20211220,213500,11.45,11.45,11.42,11.42,1258,0
MPX.US,5,20211220,214000,11.425,11.425,11.425,11.425,100,0
MPX.US,5,20211220,215000,11.45,11.54,11.45,11.53,960,0
MPX.US,5,20211220,215500,11.54,11.55,11.48,11.54,12534,0
MPX.US,5,20211221,153000,11.7,11.7,11.7,11.7,100,0
MPX.US,5,20211221,154000,11.73,11.73,11.73,11.73,100,0
MPX.US,5,20211221,155000,11.64,11.64,11.64,11.64,100,0
MPX.US,5,20211221,161000,11.7,11.7,11.7,11.7,100,0
MPX.US,5,20211221,162000,11.77,11.77,11.77,11.77,100,0
MPX.US,5,20211221,162500,11.77,11.77,11.77,11.77,100,0
MPX.US,5,20211221,163500,11.68,11.68,11.68,11.68,108,0
MPX.US,5,20211221,164500,11.67,11.67,11.67,11.67,100,0
MPX.US,5,20211221,165000,11.7372,11.76,11.7372,11.76,453,0
MPX.US,5,20211221,165500,11.73,11.85,11.73,11.84,2535,0
MPX.US,5,20211221,171500,11.815,11.96,11.815,11.96,305,0
MPX.US,5,20211221,174500,11.88,11.88,11.88,11.88,100,0
MPX.US,5,20211221,175000,11.86,11.86,11.84,11.84,200,0
MPX.US,5,20211221,175500,11.9,11.96,11.9,11.96,207,0
MPX.US,5,20211221,180000,11.86,11.95,11.86,11.95,1025,0
MPX.US,5,20211221,180500,11.78,11.78,11.78,11.78,100,0
MPX.US,5,20211221,183000,11.78,11.78,11.78,11.78,100,0
MPX.US,5,20211221,183500,11.81,11.91,11.79,11.79,325,0
MPX.US,5,20211221,184500,11.78,11.78,11.78,11.78,100,0
MPX.US,5,20211221,185000,11.835,11.9,11.835,11.9,234,0
MPX.US,5,20211221,190500,11.75,11.82,11.75,11.82,1404,0
MPX.US,5,20211221,191000,11.75,11.75,11.75,11.75,100,0
MPX.US,5,20211221,192000,11.6901,11.75,11.69,11.7,1232,0
MPX.US,5,20211221,192500,11.71,11.72,11.71,11.72,408,0
MPX.US,5,20211221,193500,11.67,11.77,11.67,11.77,605,0
MPX.US,5,20211221,195000,11.77,11.79,11.77,11.79,312,0
MPX.US,5,20211221,195500,11.75,11.75,11.74,11.74,301,0
MPX.US,5,20211221,201000,11.69,11.69,11.69,11.69,100,0
MPX.US,5,20211221,202500,11.69,11.69,11.69,11.69,100,0
MPX.US,5,20211221,204000,11.68,11.71,11.61,11.61,1879,0
MPX.US,5,20211221,204500,11.66,11.71,11.66,11.7,868,0
MPX.US,5,20211221,205000,11.7,11.7,11.69,11.69,200,0
MPX.US,5,20211221,205500,11.8,11.8,11.7678,11.7678,243,0
MPX.US,5,20211221,210000,11.69,11.69,11.69,11.69,100,0
MPX.US,5,20211221,210500,11.7,11.7,11.7,11.7,100,0
MPX.US,5,20211221,211000,11.7,11.7,11.7,11.7,100,0
MPX.US,5,20211221,212000,11.75,11.75,11.71,11.71,300,0
MPX.US,5,20211221,214000,11.68,11.68,11.68,11.68,679,0
MPX.US,5,20211221,214500,11.69,11.79,11.69,11.79,688,0
MPX.US,5,20211221,215000,11.775,11.775,11.77,11.77,200,0
MPX.US,5,20211221,215500,11.76,11.81,11.72,11.76,4530,0
MPX.US,5,20211222,153000,11.75,11.75,11.75,11.75,100,0
MPX.US,5,20211222,155000,11.67,11.67,11.67,11.67,100,0
MPX.US,5,20211222,165500,11.77,11.77,11.77,11.77,114,0
MPX.US,5,20211222,170500,11.97,11.97,11.96,11.96,200,0
MPX.US,5,20211222,171000,11.96,11.98,11.96,11.98,711,0
MPX.US,5,20211222,175000,11.87,11.97,11.87,11.97,300,0
MPX.US,5,20211222,180500,11.88,11.88,11.84,11.84,200,0
MPX.US,5,20211222,185000,11.9524,11.9524,11.9524,11.9524,500,0
MPX.US,5,20211222,193000,11.89,11.89,11.89,11.89,100,0
MPX.US,5,20211222,193500,11.94,11.94,11.94,11.94,111,0
MPX.US,5,20211222,194500,11.99,11.99,11.96,11.96,200,0
MPX.US,5,20211222,195000,11.98,11.98,11.85,11.85,1355,0
MPX.US,5,20211222,202500,11.86,11.86,11.86,11.86,100,0
MPX.US,5,20211222,204500,11.78,11.99,11.78,11.99,200,0
MPX.US,5,20211222,215000,11.91,11.91,11.88,11.88,633,0
MPX.US,5,20211222,215500,11.86,11.97,11.86,11.94,5076,0
MPX.US,5,20211223,153000,12,12,12,12,100,0
MPX.US,5,20211223,155500,11.855,11.855,11.855,11.855,100,0
MPX.US,5,20211223,160000,11.84,11.84,11.84,11.84,100,0
MPX.US,5,20211223,160500,11.82,11.82,11.82,11.82,240,0
MPX.US,5,20211223,164000,11.84,11.84,11.84,11.84,100,0
MPX.US,5,20211223,170500,11.94,12.17,11.94,12.17,1893,0
MPX.US,5,20211223,171000,12.18,12.18,12.18,12.18,100,0
MPX.US,5,20211223,171500,12.23,12.23,11.89,11.89,3918,0
MPX.US,5,20211223,173000,12.13,12.13,12.13,12.13,100,0
MPX.US,5,20211223,173500,11.9454,11.9454,11.9454,11.9454,800,0
MPX.US,5,20211223,174000,12.1,12.1,12.1,12.1,100,0
MPX.US,5,20211223,174500,12.1,12.1,12.1,12.1,100,0
MPX.US,5,20211223,175500,12.01,12.01,12.01,12.01,113,0
MPX.US,5,20211223,180000,12,12.09,11.93,12.07,451,0
MPX.US,5,20211223,190000,11.95,12.06,11.95,12.06,200,0
MPX.US,5,20211223,190500,11.99,11.99,11.99,11.99,144,0
MPX.US,5,20211223,191000,12,12.02,12,12.02,600,0
MPX.US,5,20211223,194000,12.07,12.12,12.0509,12.095,2868,0
MPX.US,5,20211223,195000,12.13,12.13,12.13,12.13,318,0
MPX.US,5,20211223,202000,12.17,12.17,12.17,12.17,100,0
MPX.US,5,20211223,214500,12.1399,12.14,12.09,12.14,1100,0
MPX.US,5,20211223,215000,12.13,12.22,12.12,12.12,1718,0
MPX.US,5,20211223,215500,12.11,12.13,12.1,12.11,4424,0
