<TICKER>,<PER>,<DATE>,<TIME>,<OPEN>,<HIGH>,<LOW>,<CLOSE>,<VOL>,<OPENINT>
OACB.US,5,20211104,150500,9.8985,9.8985,9.89,9.89,4400,0
OACB.US,5,20211104,154500,9.89,9.8902,9.89,9.8902,8290,0
OACB.US,5,20211104,165500,9.8988,9.8988,9.8988,9.8988,500,0
OACB.US,5,20211104,170000,9.89,9.89,9.89,9.89,1269,0
OACB.US,5,20211104,181500,9.89,9.89,9.89,9.89,2445,0
OACB.US,5,20211104,184500,9.9,9.9,9.9,9.9,2231,0
OACB.US,5,20211104,204000,9.8918,9.8918,9.8918,9.8918,100,0
OACB.US,5,20211105,143000,9.89,9.89,9.89,9.89,100,0
OACB.US,5,20211105,165000,9.895,9.895,9.895,9.895,7600,0
OACB.US,5,20211105,165500,9.895,9.895,9.895,9.895,9300,0
OACB.US,5,20211105,170000,9.895,9.895,9.89,9.89,940,0
OACB.US,5,20211105,170500,9.89,9.89,9.89,9.89,674,0
OACB.US,5,20211105,171500,9.895,9.895,9.89,9.8941,700,0
OACB.US,5,20211105,172500,9.89,9.89,9.89,9.89,100,0
OACB.US,5,20211105,173000,9.89,9.89,9.89,9.89,200,0
OACB.US,5,20211105,192000,9.9,9.9,9.9,9.9,1926,0
OACB.US,5,20211105,195000,9.8963,9.8963,9.8963,9.8963,1000,0
OACB.US,5,20211108,153000,9.89,9.8917,9.89,9.8917,602,0
OACB.US,5,20211108,154000,9.89,9.89,9.89,9.89,300,0
OACB.US,5,20211108,155000,9.89,9.89,9.89,9.89,300,0
OACB.US,5,20211108,162000,9.89,9.89,9.89,9.89,1000,0
OACB.US,5,20211108,163500,9.895,9.895,9.895,9.895,300,0
OACB.US,5,20211108,164000,9.895,9.895,9.895,9.895,300,0
OACB.US,5,20211108,165500,9.895,9.895,9.89,9.89,438,0
OACB.US,5,20211108,192000,9.89,9.8933,9.89,9.8933,1662,0
OACB.US,5,20211108,212500,9.89,9.89,9.89,9.89,2500,0
OACB.US,5,20211108,214000,9.89,9.89,9.89,9.89,300,0
OACB.US,5,20211108,214500,9.8985,9.8985,9.8985,9.8985,100,0
OACB.US,5,20211109,153000,9.88,9.88,9.88,9.88,100,0
OACB.US,5,20211109,155500,9.88,9.88,9.88,9.88,3499,0
OACB.US,5,20211109,161500,9.8989,9.8989,9.8989,9.8989,400,0
OACB.US,5,20211109,170000,9.9,9.9,9.9,9.9,567,0
OACB.US,5,20211109,181000,9.89,9.9,9.89,9.89,6850,0
OACB.US,5,20211109,182000,9.885,9.885,9.885,9.885,200,0
OACB.US,5,20211109,184000,9.8898,9.89,9.8898,9.89,3994,0
OACB.US,5,20211109,200000,9.895,9.895,9.895,9.895,250,0
OACB.US,5,20211109,201500,9.89,9.89,9.89,9.89,1400,0
OACB.US,5,20211109,202500,9.89,9.8917,9.89,9.8917,2000,0
OACB.US,5,20211109,210000,9.8986,9.8986,9.8986,9.8986,100,0
OACB.US,5,20211109,210500,9.89,9.8902,9.89,9.8902,500,0
OACB.US,5,20211109,213000,9.895,9.8986,9.89,9.8986,2093,0
OACB.US,5,20211109,215500,9.9,9.9,9.9,9.9,1582,0
OACB.US,5,20211110,153000,9.89,9.89,9.89,9.89,100,0
OACB.US,5,20211110,154000,9.89,9.89,9.89,9.89,101,0
OACB.US,5,20211110,155000,9.8932,9.8932,9.8932,9.8932,100,0
OACB.US,5,20211110,160500,9.9,9.9,9.9,9.9,1000,0
OACB.US,5,20211110,161000,9.89,9.89,9.88,9.88,15700,0
OACB.US,5,20211110,172000,9.8799,9.88,9.8799,9.88,9770,0
OACB.US,5,20211110,172500,9.88,9.88,9.8798,9.8798,11725,0
OACB.US,5,20211110,173000,9.88,9.88,9.8798,9.8798,11212,0
OACB.US,5,20211110,175000,9.87,9.87,9.87,9.87,1899,0
OACB.US,5,20211110,180500,9.87,9.88,9.87,9.875,14332,0
OACB.US,5,20211110,181500,9.87,9.87,9.87,9.87,200,0
OACB.US,5,20211110,182000,9.88,9.89,9.88,9.89,11282,0
OACB.US,5,20211110,183500,9.88,9.88,9.8786,9.88,19580,0
OACB.US,5,20211110,184000,9.8701,9.8701,9.8701,9.8701,100,0
OACB.US,5,20211110,190000,9.88,9.88,9.88,9.88,108,0
OACB.US,5,20211110,190500,9.87,9.87,9.87,9.87,300,0
OACB.US,5,20211110,215500,9.88,9.9,9.88,9.89,1148,0
OACB.US,5,20211111,153000,9.87,9.87,9.87,9.87,100,0
OACB.US,5,20211111,161000,9.8713,9.8713,9.8713,9.8713,1500,0
OACB.US,5,20211111,184000,9.885,9.885,9.885,9.885,400,0
OACB.US,5,20211111,203000,9.9,9.9,9.9,9.9,298,0
OACB.US,5,20211112,162000,9.885,9.885,9.885,9.885,448,0
OACB.US,5,20211112,164000,9.8998,9.8998,9.8998,9.8998,2946,0
OACB.US,5,20211112,170000,9.87,9.87,9.87,9.87,320,0
OACB.US,5,20211112,180500,9.8701,9.8701,9.8701,9.8701,100,0
OACB.US,5,20211112,190000,9.8744,9.8744,9.8744,9.8744,500,0
OACB.US,5,20211112,202000,9.8752,9.8752,9.8752,9.8752,308,0
OACB.US,5,20211112,210000,9.9,9.9,9.9,9.9,1110,0
OACB.US,5,20211112,210500,9.9,9.9,9.9,9.9,813,0
OACB.US,5,20211112,211000,9.9,9.9,9.9,9.9,6731,0
OACB.US,5,20211112,212000,9.895,9.895,9.895,9.895,300,0
OACB.US,5,20211112,212500,9.9,9.9,9.9,9.9,2000,0
OACB.US,5,20211112,215000,9.9,9.9,9.9,9.9,3361,0
OACB.US,5,20211115,153000,9.9,9.9,9.86,9.86,10100,0
OACB.US,5,20211115,163000,9.9086,9.9086,9.9086,9.9086,100,0
OACB.US,5,20211115,163500,9.91,9.91,9.91,9.91,17000,0
OACB.US,5,20211115,170000,9.91,9.91,9.91,9.91,3390,0
OACB.US,5,20211115,171000,9.935,9.935,9.935,9.935,100,0
OACB.US,5,20211115,175000,9.91,9.915,9.91,9.915,500,0
OACB.US,5,20211115,192000,9.91,9.91,9.91,9.91,200,0
OACB.US,5,20211115,192500,9.91,9.91,9.91,9.91,100,0
OACB.US,5,20211115,193000,9.91,9.91,9.91,9.91,100,0
OACB.US,5,20211115,193500,9.91,9.91,9.91,9.91,100,0
OACB.US,5,20211115,194000,9.91,9.91,9.91,9.91,200,0
OACB.US,5,20211115,194500,9.91,9.91,9.91,9.91,100,0
OACB.US,5,20211115,195000,9.91,9.91,9.91,9.91,100,0
OACB.US,5,20211115,195500,9.91,9.91,9.91,9.91,200,0
OACB.US,5,20211115,200000,9.91,9.91,9.91,9.91,100,0
OACB.US,5,20211115,200500,9.91,9.91,9.91,9.91,100,0
OACB.US,5,20211115,201000,9.91,9.91,9.91,9.91,100,0
OACB.US,5,20211115,201500,9.91,9.91,9.91,9.91,200,0
OACB.US,5,20211115,202000,9.91,9.91,9.91,9.91,200,0
OACB.US,5,20211115,202500,9.91,9.91,9.91,9.91,200,0
OACB.US,5,20211115,203000,9.91,9.91,9.91,9.91,100,0
OACB.US,5,20211115,203500,9.91,9.91,9.91,9.91,200,0
OACB.US,5,20211115,204000,9.91,9.91,9.91,9.91,200,0
OACB.US,5,20211115,204500,9.91,9.91,9.91,9.91,200,0
OACB.US,5,20211115,205000,9.91,9.91,9.91,9.91,200,0
OACB.US,5,20211115,205500,9.91,9.91,9.91,9.91,200,0
OACB.US,5,20211115,210000,9.915,9.915,9.915,9.915,260,0
OACB.US,5,20211115,210500,9.91,9.91,9.91,9.91,100,0
OACB.US,5,20211115,211000,9.91,9.91,9.91,9.91,200,0
OACB.US,5,20211115,211500,9.92,9.92,9.92,9.92,200,0
OACB.US,5,20211115,212000,9.92,9.92,9.91,9.91,200,0
OACB.US,5,20211115,212500,9.91,9.91,9.91,9.91,300,0
OACB.US,5,20211115,213000,9.91,9.91,9.91,9.91,300,0
OACB.US,5,20211115,213500,9.91,9.91,9.91,9.91,300,0
OACB.US,5,20211115,214000,9.91,9.91,9.91,9.91,500,0
OACB.US,5,20211115,214500,9.91,9.91,9.91,9.91,500,0
OACB.US,5,20211115,215000,9.91,9.93,9.91,9.93,2625,0
OACB.US,5,20211115,215500,9.95,9.96,9.92,9.92,3788,0
OACB.US,5,20211116,153000,9.91,9.91,9.91,9.91,100,0
OACB.US,5,20211116,154500,9.9348,9.96,9.9348,9.96,1106,0
OACB.US,5,20211116,161000,9.97,9.97,9.97,9.97,2513,0
OACB.US,5,20211116,161500,9.97,9.97,9.96,9.96,1514,0
OACB.US,5,20211116,162000,9.96,9.96,9.96,9.96,410,0
OACB.US,5,20211116,171500,9.955,9.96,9.955,9.96,2925,0
OACB.US,5,20211116,172000,9.955,9.96,9.955,9.955,4584,0
OACB.US,5,20211116,173500,9.96,9.96,9.96,9.96,1775,0
OACB.US,5,20211116,174000,9.96,9.96,9.955,9.96,8990,0
OACB.US,5,20211116,204500,9.9201,9.9201,9.92,9.92,4101,0
OACB.US,5,20211116,205000,9.91,9.91,9.91,9.91,400,0
OACB.US,5,20211116,212500,9.92,9.92,9.92,9.92,500,0
OACB.US,5,20211116,214000,9.92,9.92,9.92,9.92,2000,0
OACB.US,5,20211116,214500,9.92,9.92,9.92,9.92,500,0
OACB.US,5,20211116,215500,9.92,9.96,9.92,9.96,7889,0
OACB.US,5,20211117,153000,9.94,9.94,9.94,9.94,100,0
OACB.US,5,20211117,163500,9.96,9.96,9.96,9.96,941,0
OACB.US,5,20211117,164000,9.96,9.96,9.96,9.96,945,0
OACB.US,5,20211117,164500,9.96,9.96,9.96,9.96,2655,0
OACB.US,5,20211117,171500,9.945,9.945,9.945,9.945,4500,0
OACB.US,5,20211117,180500,9.95,9.95,9.95,9.95,200000,0
OACB.US,5,20211117,183000,9.9459,9.9459,9.945,9.945,310,0
OACB.US,5,20211117,185500,9.94,9.94,9.94,9.94,100,0
OACB.US,5,20211117,193000,9.94,9.94,9.94,9.94,470,0
OACB.US,5,20211117,193500,9.95,9.95,9.95,9.95,100,0
OACB.US,5,20211117,194500,9.94,9.96,9.94,9.94,13992,0
OACB.US,5,20211117,200500,9.91,9.91,9.91,9.91,456,0
OACB.US,5,20211117,210000,9.9124,9.9124,9.9124,9.9124,303,0
OACB.US,5,20211117,215500,9.92,9.92,9.91,9.92,570,0
OACB.US,5,20211118,153000,9.91,9.91,9.91,9.91,100,0
OACB.US,5,20211118,154500,9.89,9.8904,9.89,9.8904,1000,0
OACB.US,5,20211118,155000,9.89,9.91,9.89,9.91,5800,0
OACB.US,5,20211118,155500,9.8999,9.8999,9.8999,9.8999,150,0
OACB.US,5,20211118,160000,9.9,9.91,9.9,9.91,5100,0
OACB.US,5,20211118,160500,9.91,9.91,9.91,9.91,200,0
OACB.US,5,20211118,161000,9.91,9.91,9.91,9.91,200,0
OACB.US,5,20211118,162000,9.91,9.91,9.91,9.91,300,0
OACB.US,5,20211118,163000,9.91,9.91,9.91,9.91,400,0
OACB.US,5,20211118,164000,9.91,9.91,9.895,9.91,2200,0
OACB.US,5,20211118,164500,9.91,9.91,9.91,9.91,100,0
OACB.US,5,20211118,165000,9.9,9.9,9.9,9.9,400,0
OACB.US,5,20211118,165500,9.9,9.9,9.9,9.9,600,0
OACB.US,5,20211118,170000,9.9,9.9,9.9,9.9,900,0
OACB.US,5,20211118,170500,9.9,9.91,9.88,9.91,4100,0
OACB.US,5,20211118,172000,9.9,9.9,9.9,9.9,100,0
OACB.US,5,20211118,172500,9.9,9.91,9.9,9.9,2900,0
OACB.US,5,20211118,173000,9.9,9.9,9.9,9.9,100,0
OACB.US,5,20211118,173500,9.9,9.905,9.9,9.9,2200,0
OACB.US,5,20211118,174000,9.895,9.9,9.895,9.9,400,0
OACB.US,5,20211118,174500,9.9,9.9,9.9,9.9,300,0
OACB.US,5,20211118,175000,9.9,9.9,9.9,9.9,400,0
OACB.US,5,20211118,175500,9.9,9.9,9.9,9.9,400,0
OACB.US,5,20211118,180000,9.9,9.9,9.9,9.9,600,0
OACB.US,5,20211118,180500,9.9,9.9,9.9,9.9,500,0
OACB.US,5,20211118,181000,9.9,9.9,9.9,9.9,500,0
OACB.US,5,20211118,181500,9.9,9.905,9.9,9.905,600,0
OACB.US,5,20211118,182000,9.905,9.905,9.905,9.905,600,0
OACB.US,5,20211118,182500,9.905,9.905,9.905,9.905,500,0
OACB.US,5,20211118,183000,9.905,9.905,9.905,9.905,400,0
OACB.US,5,20211118,183500,9.905,9.905,9.905,9.905,300,0
OACB.US,5,20211118,184000,9.905,9.905,9.905,9.905,400,0
OACB.US,5,20211118,184500,9.905,9.905,9.905,9.905,400,0
OACB.US,5,20211118,185000,9.905,9.905,9.905,9.905,400,0
OACB.US,5,20211118,185500,9.905,9.905,9.905,9.905,300,0
OACB.US,5,20211118,190000,9.905,9.905,9.905,9.905,400,0
OACB.US,5,20211118,190500,9.905,9.905,9.905,9.905,500,0
OACB.US,5,20211118,191000,9.905,9.905,9.905,9.905,500,0
OACB.US,5,20211118,191500,9.905,9.905,9.905,9.905,500,0
OACB.US,5,20211118,192000,9.905,9.905,9.89,9.905,767,0
OACB.US,5,20211118,192500,9.91,9.91,9.9,9.91,400,0
OACB.US,5,20211118,193000,9.91,9.91,9.9,9.91,400,0
OACB.US,5,20211118,193500,9.91,9.91,9.9,9.91,500,0
OACB.US,5,20211118,194000,9.91,9.91,9.9,9.91,600,0
OACB.US,5,20211118,194500,9.91,9.91,9.91,9.91,500,0
OACB.US,5,20211118,195000,9.91,9.91,9.91,9.91,400,0
OACB.US,5,20211118,195500,9.91,9.91,9.91,9.91,500,0
OACB.US,5,20211118,200000,9.91,9.91,9.91,9.91,300,0
OACB.US,5,20211118,200500,9.91,9.91,9.9,9.91,500,0
OACB.US,5,20211118,201000,9.9,9.91,9.9,9.91,500,0
OACB.US,5,20211118,201500,9.9,9.91,9.9,9.91,600,0
OACB.US,5,20211118,202000,9.91,9.91,9.91,9.91,500,0
OACB.US,5,20211118,202500,9.91,9.91,9.9,9.91,400,0
OACB.US,5,20211118,203000,9.91,9.91,9.9,9.91,500,0
OACB.US,5,20211118,203500,9.91,9.91,9.91,9.91,500,0
OACB.US,5,20211118,204000,9.9,9.91,9.9,9.91,900,0
OACB.US,5,20211118,204500,9.91,9.91,9.9,9.91,600,0
OACB.US,5,20211118,205000,9.91,9.91,9.9,9.9,400,0
OACB.US,5,20211118,205500,9.91,9.91,9.9,9.91,500,0
OACB.US,5,20211118,210000,9.91,9.91,9.9,9.91,500,0
OACB.US,5,20211118,210500,9.9,9.91,9.9,9.91,600,0
OACB.US,5,20211118,211000,9.91,9.91,9.9,9.91,500,0
OACB.US,5,20211118,211500,9.91,9.91,9.9,9.91,500,0
OACB.US,5,20211118,212000,9.91,9.91,9.9,9.91,600,0
OACB.US,5,20211118,212500,9.91,9.91,9.9,9.91,800,0
OACB.US,5,20211118,213000,9.91,9.91,9.9,9.91,900,0
OACB.US,5,20211118,213500,9.91,9.91,9.9,9.91,1300,0
OACB.US,5,20211118,214000,9.91,9.91,9.9,9.91,1500,0
OACB.US,5,20211118,214500,9.91,9.91,9.91,9.91,1500,0
OACB.US,5,20211118,215000,9.91,9.91,9.9,9.91,3000,0
OACB.US,5,20211118,215500,9.91,9.91,9.9,9.91,8646,0
OACB.US,5,20211119,153000,9.91,9.91,9.88,9.88,608,0
OACB.US,5,20211119,160500,9.9,9.9,9.9,9.9,300,0
OACB.US,5,20211119,161500,9.91,9.91,9.91,9.91,200,0
OACB.US,5,20211119,174500,9.9,9.91,9.89,9.89,7330,0
OACB.US,5,20211119,175000,9.895,9.91,9.88,9.91,13610,0
OACB.US,5,20211119,175500,9.91,9.91,9.91,9.91,1100,0
OACB.US,5,20211119,180000,9.91,9.91,9.91,9.91,500,0
OACB.US,5,20211119,180500,9.91,9.91,9.895,9.91,401,0
OACB.US,5,20211119,181000,9.91,9.91,9.91,9.91,490,0
OACB.US,5,20211119,181500,9.9,9.9,9.9,9.9,100,0
OACB.US,5,20211119,182000,9.9,9.9,9.9,9.9,100,0
OACB.US,5,20211119,183000,9.91,9.91,9.91,9.91,100,0
OACB.US,5,20211119,184000,9.91,9.91,9.91,9.91,100,0
OACB.US,5,20211119,211000,9.9112,9.9112,9.9112,9.9112,195,0
OACB.US,5,20211119,215500,9.92,9.92,9.92,9.92,275,0
OACB.US,5,20211122,153000,9.91,9.91,9.91,9.91,100,0
OACB.US,5,20211122,154500,9.9122,9.9122,9.9122,9.9122,100,0
OACB.US,5,20211122,163000,9.911,9.911,9.9101,9.9101,517,0
OACB.US,5,20211122,164500,9.915,9.9186,9.915,9.9186,262,0
OACB.US,5,20211122,180500,9.91,9.917,9.91,9.917,1200,0
OACB.US,5,20211122,181000,9.9113,9.9113,9.9113,9.9113,200,0
OACB.US,5,20211122,205000,9.92,9.92,9.92,9.92,100,0
OACB.US,5,20211122,215500,9.91,9.91,9.91,9.91,1961,0
OACB.US,5,20211123,153000,9.89,9.89,9.89,9.89,779,0
OACB.US,5,20211123,154000,9.8678,9.8678,9.8678,9.8678,107,0
OACB.US,5,20211123,161500,9.885,9.885,9.885,9.885,100,0
OACB.US,5,20211123,162000,9.885,9.885,9.885,9.885,100,0
OACB.US,5,20211123,162500,9.885,9.885,9.885,9.885,200,0
OACB.US,5,20211123,163500,9.885,9.885,9.885,9.885,200,0
OACB.US,5,20211123,164000,9.885,9.91,9.885,9.895,4900,0
OACB.US,5,20211123,165500,9.895,9.91,9.895,9.91,2600,0
OACB.US,5,20211123,172000,9.91,9.91,9.91,9.91,100,0
OACB.US,5,20211123,172500,9.8862,9.8862,9.8862,9.8862,200,0
OACB.US,5,20211123,173000,9.91,9.91,9.91,9.91,100,0
OACB.US,5,20211123,174000,9.91,9.91,9.91,9.91,100,0
OACB.US,5,20211123,175500,9.91,9.91,9.91,9.91,600,0
OACB.US,5,20211123,180000,9.895,9.91,9.895,9.91,446,0
OACB.US,5,20211123,180500,9.91,9.91,9.91,9.91,100,0
OACB.US,5,20211123,181000,9.91,9.91,9.91,9.91,200,0
OACB.US,5,20211123,181500,9.9041,9.91,9.9041,9.91,300,0
OACB.US,5,20211123,182000,9.91,9.91,9.91,9.91,100,0
OACB.US,5,20211123,183000,9.91,9.91,9.91,9.91,100,0
OACB.US,5,20211123,184000,9.91,9.91,9.91,9.91,100,0
OACB.US,5,20211123,191500,9.91,9.91,9.91,9.91,100,0
OACB.US,5,20211123,192500,9.8975,9.9,9.895,9.8975,700,0
OACB.US,5,20211123,193000,9.895,9.895,9.895,9.895,200,0
OACB.US,5,20211123,193500,9.895,9.895,9.895,9.895,600,0
OACB.US,5,20211123,194000,9.895,9.895,9.895,9.895,800,0
OACB.US,5,20211123,194500,9.895,9.91,9.895,9.91,800,0
OACB.US,5,20211123,195000,9.895,9.895,9.89,9.89,600,0
OACB.US,5,20211123,195500,9.89,9.89,9.88,9.88,800,0
OACB.US,5,20211123,200000,9.89,9.89,9.88,9.89,700,0
OACB.US,5,20211123,200500,9.89,9.89,9.88,9.89,600,0
OACB.US,5,20211123,201000,9.89,9.89,9.88,9.89,800,0
OACB.US,5,20211123,201500,9.89,9.895,9.88,9.89,600,0
OACB.US,5,20211123,202000,9.895,9.895,9.88,9.89,800,0
OACB.US,5,20211123,202500,9.89,9.91,9.88,9.89,700,0
OACB.US,5,20211123,203000,9.89,9.91,9.88,9.89,1000,0
OACB.US,5,20211123,203500,9.89,9.89,9.88,9.89,700,0
OACB.US,5,20211123,204000,9.89,9.89,9.88,9.89,900,0
OACB.US,5,20211123,204500,9.89,9.89,9.88,9.89,700,0
OACB.US,5,20211123,205000,9.89,9.89,9.88,9.89,900,0
OACB.US,5,20211123,205500,9.89,9.9,9.89,9.89,300,0
OACB.US,5,20211123,210000,9.89,9.89,9.89,9.89,800,0
OACB.US,5,20211123,210500,9.89,9.895,9.89,9.895,900,0
OACB.US,5,20211123,211000,9.89,9.89,9.89,9.89,200,0
OACB.US,5,20211123,211500,9.89,9.895,9.89,9.89,300,0
OACB.US,5,20211123,212000,9.89,9.89,9.89,9.89,1000,0
OACB.US,5,20211123,212500,9.89,9.89,9.89,9.89,1200,0
OACB.US,5,20211123,213000,9.89,9.89,9.89,9.89,1400,0
OACB.US,5,20211123,213500,9.89,9.89,9.89,9.89,1400,0
OACB.US,5,20211123,214000,9.89,9.89,9.89,9.89,1700,0
OACB.US,5,20211123,214500,9.89,9.9,9.88,9.89,5885,0
OACB.US,5,20211123,215000,9.89,9.895,9.89,9.89,1900,0
OACB.US,5,20211123,215500,9.89,9.89,9.89,9.89,11696,0
OACB.US,5,20211124,153000,9.89,9.89,9.89,9.89,403,0
OACB.US,5,20211124,154000,9.89,9.89,9.89,9.89,50000,0
OACB.US,5,20211124,160000,9.89,9.89,9.89,9.89,100,0
OACB.US,5,20211124,163500,9.9,9.9,9.9,9.9,3000,0
OACB.US,5,20211124,164000,9.9,9.9,9.9,9.9,100,0
OACB.US,5,20211124,164500,9.9,9.9,9.9,9.9,100,0
OACB.US,5,20211124,170000,9.9,9.9,9.9,9.9,1800,0
OACB.US,5,20211124,170500,9.9,9.9,9.9,9.9,505,0
OACB.US,5,20211124,171000,9.9,9.9,9.9,9.9,600,0
OACB.US,5,20211124,175000,9.89,9.89,9.89,9.89,387,0
OACB.US,5,20211124,184000,9.89,9.89,9.89,9.89,2620,0
OACB.US,5,20211124,193000,9.89,9.89,9.89,9.89,305,0
OACB.US,5,20211124,193500,9.89,9.89,9.89,9.89,430,0
OACB.US,5,20211124,194000,9.9,9.9,9.9,9.9,100,0
OACB.US,5,20211124,203500,9.895,9.895,9.895,9.895,200,0
OACB.US,5,20211124,205500,9.89,9.89,9.88,9.89,15663,0
OACB.US,5,20211124,215000,9.89,9.89,9.89,9.89,25000,0
OACB.US,5,20211124,215500,9.89,9.89,9.89,9.89,440,0
OACB.US,5,20211126,153000,9.88,9.88,9.88,9.88,1100,0
OACB.US,5,20211126,155000,9.8857,9.8857,9.8857,9.8857,500,0
OACB.US,5,20211126,162000,9.88,9.88,9.88,9.88,700,0
OACB.US,5,20211126,162500,9.8801,9.8801,9.8801,9.8801,200,0
OACB.US,5,20211126,163000,9.88,9.88,9.88,9.88,100,0
OACB.US,5,20211126,164000,9.88,9.88,9.88,9.88,100,0
OACB.US,5,20211126,164500,9.88,9.88,9.88,9.88,100,0
OACB.US,5,20211126,165500,9.88,9.88,9.88,9.88,100,0
OACB.US,5,20211126,170000,9.88,9.88,9.88,9.88,100,0
OACB.US,5,20211126,171000,9.88,9.89,9.88,9.89,910,0
OACB.US,5,20211126,173000,9.89,9.89,9.89,9.89,528,0
OACB.US,5,20211126,174500,9.89,9.89,9.89,9.89,100,0
OACB.US,5,20211126,175000,9.89,9.89,9.89,9.89,100,0
OACB.US,5,20211126,175500,9.89,9.89,9.89,9.89,200,0
OACB.US,5,20211126,180000,9.89,9.89,9.89,9.89,100,0
OACB.US,5,20211126,180500,9.89,9.89,9.89,9.89,100,0
OACB.US,5,20211126,181500,9.89,9.89,9.89,9.89,400,0
OACB.US,5,20211126,183500,9.89,9.89,9.89,9.89,100,0
OACB.US,5,20211126,184000,9.89,9.89,9.89,9.89,100,0
OACB.US,5,20211126,185000,9.89,9.89,9.89,9.89,1857,0
OACB.US,5,20211126,185500,9.89,9.89,9.89,9.89,462,0
OACB.US,5,20211129,153000,9.86,9.86,9.86,9.86,100,0
OACB.US,5,20211129,155500,9.9036,9.9036,9.9036,9.9036,125,0
OACB.US,5,20211129,160000,9.9076,9.91,9.9076,9.91,1400,0
OACB.US,5,20211129,160500,9.89,9.92,9.89,9.91,2400,0
OACB.US,5,20211129,175500,9.91,9.91,9.91,9.91,100,0
OACB.US,5,20211129,182000,9.91,9.91,9.91,9.91,100,0
OACB.US,5,20211129,190500,9.91,9.91,9.91,9.91,100,0
OACB.US,5,20211129,195500,9.89,9.89,9.89,9.89,3416,0
OACB.US,5,20211129,205500,9.91,9.91,9.91,9.91,100,0
OACB.US,5,20211129,212500,9.905,9.905,9.9,9.9,2500,0
OACB.US,5,20211129,214500,9.905,9.905,9.9,9.9,6199,0
OACB.US,5,20211129,215500,9.9,9.9,9.9,9.9,214,0
OACB.US,5,20211130,155000,9.89,9.89,9.89,9.89,101,0
OACB.US,5,20211130,174500,9.8901,9.8901,9.8901,9.8901,1000,0
OACB.US,5,20211130,180000,9.89,9.89,9.89,9.89,3000,0
OACB.US,5,20211130,180500,9.8911,9.8911,9.8911,9.8911,200,0
OACB.US,5,20211130,183000,9.89,9.89,9.89,9.89,12200,0
OACB.US,5,20211130,185500,9.89,9.89,9.89,9.89,1200,0
OACB.US,5,20211130,190500,9.89,9.8918,9.89,9.89,3200,0
OACB.US,5,20211130,191000,9.89,9.8922,9.89,9.8922,200,0
OACB.US,5,20211130,192000,9.89,9.89,9.89,9.89,788,0
OACB.US,5,20211130,200000,9.89,9.89,9.89,9.89,4900,0
OACB.US,5,20211130,203500,9.8917,9.8917,9.8917,9.8917,150,0
OACB.US,5,20211130,205000,9.895,9.895,9.89,9.89,3604,0
OACB.US,5,20211130,211500,9.9,9.9,9.9,9.9,100,0
OACB.US,5,20211130,212500,9.895,9.895,9.89,9.89,2600,0
OACB.US,5,20211130,214500,9.9,9.91,9.9,9.91,200,0
OACB.US,5,20211130,215000,9.8927,9.91,9.8927,9.91,201,0
OACB.US,5,20211130,215500,9.91,9.91,9.89,9.91,400,0
OACB.US,5,20211201,153000,9.92,9.92,9.9,9.905,717,0
OACB.US,5,20211201,161000,9.905,9.905,9.905,9.905,100,0
OACB.US,5,20211201,174500,9.8814,9.8814,9.8814,9.8814,100,0
OACB.US,5,20211201,200500,9.88,9.88,9.87,9.87,3666,0
OACB.US,5,20211201,213000,9.88,9.88,9.8732,9.8732,600,0
OACB.US,5,20211202,153000,9.86,9.86,9.86,9.86,110,0
OACB.US,5,20211202,153500,9.86,9.86,9.86,9.86,100,0
OACB.US,5,20211202,154500,9.87,9.87,9.87,9.87,200,0
OACB.US,5,20211202,164000,9.8784,9.88,9.876,9.876,1400,0
OACB.US,5,20211202,173000,9.87,9.87,9.87,9.87,3000,0
OACB.US,5,20211202,175000,9.87,9.87,9.87,9.87,5100,0
OACB.US,5,20211202,212500,9.86,9.86,9.86,9.86,249,0
OACB.US,5,20211203,153500,9.86,9.86,9.85,9.86,34248,0
OACB.US,5,20211203,155000,9.86,9.86,9.86,9.86,5000,0
OACB.US,5,20211203,160000,9.86,9.86,9.86,9.86,929,0
OACB.US,5,20211203,161000,9.86,9.8636,9.86,9.8636,400,0
OACB.US,5,20211203,161500,9.86,9.86,9.86,9.86,400,0
OACB.US,5,20211203,162500,9.86,9.863,9.86,9.863,800,0
OACB.US,5,20211203,163500,9.86,9.86,9.86,9.86,115,0
OACB.US,5,20211203,171000,9.86,9.8602,9.86,9.86,26826,0
OACB.US,5,20211203,180500,9.86,9.86,9.86,9.86,400,0
OACB.US,5,20211203,182500,9.86,9.86,9.86,9.86,600,0
OACB.US,5,20211203,191000,9.86,9.8617,9.86,9.8617,1000,0
OACB.US,5,20211203,213000,9.86,9.87,9.86,9.87,7648,0
OACB.US,5,20211203,213500,9.88,9.93,9.873,9.9111,38660,0
OACB.US,5,20211206,153000,10,10,9.87,9.87,1151,0
OACB.US,5,20211206,155000,9.87,9.87,9.87,9.87,500,0
OACB.US,5,20211206,155500,9.87,9.87,9.87,9.87,100,0
OACB.US,5,20211206,160500,9.8702,9.8702,9.87,9.87,500,0
OACB.US,5,20211206,161000,9.87,9.87,9.87,9.87,100,0
OACB.US,5,20211206,162500,9.87,9.87,9.87,9.87,100,0
OACB.US,5,20211206,163000,9.87,9.87,9.87,9.87,100,0
OACB.US,5,20211206,165000,9.87,9.87,9.87,9.87,100,0
OACB.US,5,20211206,171000,9.87,9.8712,9.87,9.87,2500,0
OACB.US,5,20211206,172000,9.87,9.87,9.87,9.87,2494,0
OACB.US,5,20211206,181500,9.875,9.88,9.875,9.88,14191,0
OACB.US,5,20211206,185500,9.88,9.88,9.88,9.88,170,0
OACB.US,5,20211206,195000,9.88,9.88,9.88,9.88,100,0
OACB.US,5,20211206,195500,9.88,9.88,9.88,9.88,100,0
OACB.US,5,20211206,201500,9.88,9.88,9.88,9.88,717,0
OACB.US,5,20211206,211000,9.88,9.88,9.88,9.88,35038,0
OACB.US,5,20211206,214000,9.87,9.87,9.87,9.87,486,0
OACB.US,5,20211206,215500,9.87,9.87,9.87,9.87,645,0
OACB.US,5,20211207,153000,9.92,9.92,9.91,9.91,129112,0
OACB.US,5,20211207,153500,9.92,9.92,9.915,9.92,2300,0
OACB.US,5,20211207,154000,9.91,9.92,9.9,9.9,620061,0
OACB.US,5,20211207,154500,9.9,9.91,9.9,9.91,1646,0
OACB.US,5,20211207,155000,9.91,9.91,9.91,9.91,2600,0
OACB.US,5,20211207,155500,9.91,9.91,9.9,9.905,36562,0
OACB.US,5,20211207,160000,9.905,9.91,9.9,9.905,22875,0
OACB.US,5,20211207,160500,9.91,9.91,9.905,9.91,24857,0
OACB.US,5,20211207,161000,9.91,9.91,9.9099,9.91,27977,0
OACB.US,5,20211207,161500,9.91,9.91,9.9,9.91,10684,0
OACB.US,5,20211207,162000,9.91,9.91,9.9,9.91,29693,0
OACB.US,5,20211207,162500,9.9098,9.91,9.9,9.9,2500,0
OACB.US,5,20211207,163000,9.91,9.91,9.9002,9.905,40196,0
OACB.US,5,20211207,163500,9.91,9.91,9.905,9.905,2900,0
OACB.US,5,20211207,164000,9.905,9.91,9.905,9.905,3800,0
OACB.US,5,20211207,164500,9.905,9.905,9.905,9.905,1400,0
OACB.US,5,20211207,165000,9.905,9.905,9.905,9.905,1300,0
OACB.US,5,20211207,165500,9.905,9.905,9.905,9.905,1300,0
OACB.US,5,20211207,170000,9.905,9.905,9.9,9.905,5364,0
OACB.US,5,20211207,170500,9.905,9.905,9.905,9.905,1700,0
OACB.US,5,20211207,171000,9.905,9.905,9.905,9.905,1400,0
OACB.US,5,20211207,171500,9.905,9.905,9.905,9.905,2400,0
OACB.US,5,20211207,172000,9.905,9.905,9.88,9.88,36281,0
OACB.US,5,20211207,173000,9.88,9.88,9.88,9.88,700,0
OACB.US,5,20211207,173500,9.89,9.89,9.88,9.88,80966,0
OACB.US,5,20211207,174000,9.89,9.89,9.8838,9.8838,1420,0
OACB.US,5,20211207,174500,9.88,9.89,9.88,9.89,5047,0
OACB.US,5,20211207,175000,9.89,9.89,9.885,9.89,9100,0
OACB.US,5,20211207,175500,9.89,9.89,9.885,9.89,4000,0
OACB.US,5,20211207,180000,9.89,9.9,9.89,9.9,900,0
OACB.US,5,20211207,180500,9.9,9.9,9.9,9.9,200,0
OACB.US,5,20211207,181000,9.89,9.89,9.89,9.89,476,0
OACB.US,5,20211207,181500,9.895,9.8995,9.89,9.89,30291,0
OACB.US,5,20211207,182000,9.89,9.89,9.89,9.89,100,0
OACB.US,5,20211207,182500,9.8985,9.8985,9.895,9.895,5080,0
OACB.US,5,20211207,183000,9.895,9.9,9.895,9.895,4100,0
OACB.US,5,20211207,183500,9.9,9.9,9.893,9.895,4143,0
OACB.US,5,20211207,184000,9.895,9.895,9.895,9.895,400,0
OACB.US,5,20211207,184500,9.895,9.9,9.895,9.9,6957,0
OACB.US,5,20211207,185000,9.9,9.9,9.895,9.9,6800,0
OACB.US,5,20211207,185500,9.9,9.9,9.895,9.895,3700,0
OACB.US,5,20211207,190000,9.895,9.9,9.89,9.895,4825,0
OACB.US,5,20211207,190500,9.895,9.895,9.895,9.895,1100,0
OACB.US,5,20211207,191000,9.895,9.9,9.895,9.895,5586,0
OACB.US,5,20211207,191500,9.895,9.895,9.892,9.895,12600,0
OACB.US,5,20211207,192000,9.895,9.895,9.89,9.89,215945,0
OACB.US,5,20211207,192500,9.89,9.89,9.89,9.89,10900,0
OACB.US,5,20211207,193000,9.9,9.9,9.89,9.89,26200,0
OACB.US,5,20211207,193500,9.89,9.89,9.88,9.88,8812,0
OACB.US,5,20211207,194000,9.88,9.88,9.88,9.88,2900,0
OACB.US,5,20211207,194500,9.88,9.8805,9.88,9.88,3400,0
OACB.US,5,20211207,195000,9.88,9.88,9.87,9.87,10881,0
OACB.US,5,20211207,195500,9.87,9.87,9.86,9.86,27082,0
OACB.US,5,20211207,200500,9.86,9.86,9.86,9.86,2890,0
OACB.US,5,20211207,201000,9.86,9.86,9.86,9.86,1500,0
OACB.US,5,20211207,201500,9.86,9.86,9.86,9.86,2300,0
OACB.US,5,20211207,202000,9.86,9.86,9.86,9.86,1567,0
OACB.US,5,20211207,202500,9.87,9.87,9.86,9.86,11515,0
OACB.US,5,20211207,203000,9.87,9.87,9.86,9.87,3800,0
OACB.US,5,20211207,203500,9.86,9.87,9.86,9.87,1160,0
OACB.US,5,20211207,204000,9.87,9.88,9.865,9.88,6998,0
OACB.US,5,20211207,204500,9.885,9.885,9.87,9.87,1295,0
OACB.US,5,20211207,205000,9.87,9.87,9.86,9.86,2800,0
OACB.US,5,20211207,205500,9.86,9.87,9.86,9.86,2200,0
OACB.US,5,20211207,210000,9.86,9.87,9.86,9.86,2900,0
OACB.US,5,20211207,210500,9.86,9.87,9.86,9.87,3922,0
OACB.US,5,20211207,211000,9.87,9.87,9.87,9.87,2900,0
OACB.US,5,20211207,211500,9.87,9.87,9.87,9.87,12800,0
OACB.US,5,20211207,212000,9.87,9.88,9.86,9.86,10629,0
OACB.US,5,20211207,212500,9.86,9.86,9.86,9.86,2530,0
OACB.US,5,20211207,213000,9.86,9.86,9.86,9.86,3700,0
OACB.US,5,20211207,213500,9.86,9.87,9.86,9.86,6200,0
OACB.US,5,20211207,214000,9.86,9.8689,9.86,9.86,4706,0
OACB.US,5,20211207,214500,9.86,9.86,9.86,9.86,4930,0
OACB.US,5,20211207,215000,9.862,9.862,9.86,9.86,5000,0
OACB.US,5,20211207,215500,9.86,9.87,9.86,9.86,16838,0
OACB.US,5,20211208,153000,9.86,9.9,9.86,9.9,182420,0
OACB.US,5,20211208,153500,9.88,9.88,9.875,9.875,1700,0
OACB.US,5,20211208,154000,9.9,9.9,9.9,9.9,251850,0
OACB.US,5,20211208,154500,9.9,9.9,9.89,9.89,143800,0
OACB.US,5,20211208,155000,9.8804,9.8804,9.87,9.87,886,0
OACB.US,5,20211208,155500,9.875,9.875,9.875,9.875,100,0
OACB.US,5,20211208,161000,9.89,9.89,9.86,9.862,6000,0
OACB.US,5,20211208,162500,9.8636,9.8636,9.86,9.86,287,0
OACB.US,5,20211208,163000,9.875,9.875,9.875,9.875,100,0
OACB.US,5,20211208,170500,9.8828,9.8828,9.8828,9.8828,200,0
OACB.US,5,20211208,174500,9.8655,9.8655,9.8655,9.8655,400,0
OACB.US,5,20211208,180500,9.8886,9.8886,9.8886,9.8886,100,0
OACB.US,5,20211208,182500,9.875,9.875,9.875,9.875,100,0
OACB.US,5,20211208,183500,9.88,9.88,9.88,9.88,562,0
OACB.US,5,20211208,184500,9.885,9.89,9.88,9.89,826,0
OACB.US,5,20211208,191000,9.875,9.875,9.875,9.875,300,0
OACB.US,5,20211208,192000,9.88,9.88,9.8777,9.88,590,0
OACB.US,5,20211208,193500,9.8819,9.8819,9.88,9.88,350,0
OACB.US,5,20211208,201000,9.89,9.89,9.89,9.89,329,0
OACB.US,5,20211208,202000,9.885,9.885,9.88,9.885,8250,0
OACB.US,5,20211208,202500,9.885,9.885,9.885,9.885,150,0
OACB.US,5,20211208,203000,9.8816,9.9,9.88,9.88,189725,0
OACB.US,5,20211208,204000,9.9,9.9,9.9,9.9,30017,0
OACB.US,5,20211208,204500,9.9,9.9,9.89,9.89,137990,0
OACB.US,5,20211208,205000,9.89,9.89,9.89,9.89,100,0
OACB.US,5,20211208,210000,9.9,9.9,9.9,9.9,100,0
OACB.US,5,20211208,210500,9.89,9.89,9.89,9.89,100,0
OACB.US,5,20211208,211000,9.9,9.9,9.9,9.9,100,0
OACB.US,5,20211208,211500,9.8999,9.8999,9.8999,9.8999,100,0
OACB.US,5,20211208,212500,9.9,9.9,9.9,9.9,652,0
OACB.US,5,20211208,214500,9.895,9.9,9.89,9.89,2000,0
OACB.US,5,20211209,153000,9.85,9.85,9.85,9.85,2855,0
OACB.US,5,20211209,153500,9.86,9.875,9.85,9.875,700,0
OACB.US,5,20211209,154500,9.8799,9.8799,9.8799,9.8799,2500,0
OACB.US,5,20211209,160500,9.87,9.87,9.87,9.87,408,0
OACB.US,5,20211209,162000,9.8635,9.8635,9.8635,9.8635,200,0
OACB.US,5,20211209,164500,9.87,9.87,9.86,9.8601,925,0
OACB.US,5,20211209,174000,9.87,9.87,9.8636,9.8636,1000,0
OACB.US,5,20211209,174500,9.87,9.87,9.8624,9.87,19930,0
OACB.US,5,20211209,175000,9.87,9.87,9.86,9.865,25900,0
OACB.US,5,20211209,180500,9.865,9.865,9.865,9.865,250,0
OACB.US,5,20211209,182000,9.87,9.87,9.87,9.87,2900,0
OACB.US,5,20211209,192000,9.87,9.87,9.87,9.87,1200,0
OACB.US,5,20211209,192500,9.8623,9.865,9.8623,9.865,1000,0
OACB.US,5,20211209,193000,9.865,9.865,9.865,9.865,300,0
OACB.US,5,20211209,195000,9.865,9.865,9.865,9.865,103,0
OACB.US,5,20211209,203000,9.865,9.865,9.86,9.86,1109,0
OACB.US,5,20211209,203500,9.865,9.865,9.865,9.865,5340,0
OACB.US,5,20211209,211500,9.865,9.865,9.86,9.865,8250,0
OACB.US,5,20211209,212500,9.865,9.875,9.865,9.875,9559,0
OACB.US,5,20211209,213000,9.875,9.875,9.875,9.875,100,0
OACB.US,5,20211209,214000,9.8636,9.87,9.8601,9.8601,2168,0
OACB.US,5,20211209,214500,9.87,9.87,9.87,9.87,160,0
OACB.US,5,20211209,215500,9.87,9.87,9.87,9.87,431,0
OACB.US,5,20211210,153000,9.9,9.9,9.9,9.9,100,0
OACB.US,5,20211210,160500,9.895,9.895,9.895,9.895,500,0
OACB.US,5,20211210,164000,9.88,9.88,9.88,9.88,300,0
OACB.US,5,20211210,171500,9.88,9.88,9.88,9.88,200,0
OACB.US,5,20211210,174000,9.875,9.88,9.875,9.875,7810,0
OACB.US,5,20211210,175000,9.875,9.875,9.875,9.875,250,0
OACB.US,5,20211210,185000,9.88,9.88,9.875,9.88,19557,0
OACB.US,5,20211210,185500,9.88,9.88,9.86,9.87,140679,0
OACB.US,5,20211210,190000,9.875,9.875,9.875,9.875,1150,0
OACB.US,5,20211210,192000,9.875,9.875,9.875,9.875,700,0
OACB.US,5,20211210,200500,9.87,9.87,9.87,9.87,180,0
OACB.US,5,20211210,201000,9.89,9.89,9.89,9.89,860,0
OACB.US,5,20211210,201500,9.89,9.89,9.89,9.89,180,0
OACB.US,5,20211210,202000,9.89,9.89,9.89,9.89,300,0
OACB.US,5,20211210,205000,9.9167,9.9167,9.89,9.9091,1245,0
OACB.US,5,20211210,205500,9.9,9.9,9.88,9.89,105370,0
OACB.US,5,20211210,210000,9.8699,9.89,9.8699,9.89,708,0
OACB.US,5,20211210,210500,9.89,9.89,9.86,9.87,21150,0
OACB.US,5,20211210,211000,9.87,9.87,9.8603,9.8603,2750,0
OACB.US,5,20211210,211500,9.86,9.8707,9.86,9.8707,3143,0
OACB.US,5,20211210,212000,9.86,9.86,9.86,9.86,340,0
OACB.US,5,20211210,212500,9.86,9.86,9.86,9.86,200,0
OACB.US,5,20211210,213500,9.86,9.86,9.86,9.86,100,0
OACB.US,5,20211210,214000,9.87,9.87,9.85,9.86,102474,0
OACB.US,5,20211210,214500,9.86,9.86,9.86,9.86,4700,0
OACB.US,5,20211210,215000,9.86,9.86,9.86,9.86,1000,0
OACB.US,5,20211210,215500,9.86,9.87,9.86,9.87,1300,0
OACB.US,5,20211213,153000,9.85,9.85,9.85,9.85,153,0
OACB.US,5,20211213,155500,9.87,9.87,9.87,9.87,1200,0
OACB.US,5,20211213,160500,9.865,9.865,9.865,9.865,800,0
OACB.US,5,20211213,161000,9.87,9.87,9.87,9.87,300,0
OACB.US,5,20211213,161500,9.88,9.88,9.88,9.88,100,0
OACB.US,5,20211213,170000,9.875,9.89,9.875,9.89,600,0
OACB.US,5,20211213,175500,9.8779,9.88,9.875,9.875,4704,0
OACB.US,5,20211213,180000,9.8643,9.875,9.8643,9.875,1130,0
OACB.US,5,20211213,182000,9.8739,9.875,9.8739,9.875,300,0
OACB.US,5,20211213,182500,9.8754,9.8754,9.875,9.875,1160,0
OACB.US,5,20211213,183500,9.861,9.875,9.861,9.875,2360,0
OACB.US,5,20211213,184000,9.875,9.88,9.87,9.875,3314,0
OACB.US,5,20211213,184500,9.875,9.875,9.875,9.875,210,0
OACB.US,5,20211213,185000,9.875,9.875,9.875,9.875,100,0
OACB.US,5,20211213,191500,9.875,9.875,9.86,9.875,11738,0
OACB.US,5,20211213,201500,9.86,9.87,9.86,9.87,360,0
OACB.US,5,20211213,202000,9.86,9.87,9.86,9.87,400,0
OACB.US,5,20211213,202500,9.87,9.87,9.87,9.87,200,0
OACB.US,5,20211214,153000,9.84,9.87,9.84,9.87,400,0
OACB.US,5,20211214,155000,9.87,9.87,9.87,9.87,600,0
OACB.US,5,20211214,155500,9.8626,9.8626,9.8626,9.8626,1000,0
OACB.US,5,20211214,161500,9.87,9.87,9.865,9.865,2566,0
OACB.US,5,20211214,162000,9.865,9.865,9.8625,9.865,6000,0
OACB.US,5,20211214,164000,9.865,9.865,9.865,9.865,1100,0
OACB.US,5,20211214,165500,9.865,9.865,9.865,9.865,400,0
OACB.US,5,20211214,172000,9.865,9.865,9.865,9.865,1200,0
OACB.US,5,20211214,172500,9.865,9.865,9.865,9.865,3500,0
OACB.US,5,20211214,173000,9.8601,9.8601,9.8601,9.8601,3000,0
OACB.US,5,20211214,173500,9.865,9.875,9.865,9.875,14871,0
OACB.US,5,20211214,174500,9.87,9.87,9.87,9.87,1690,0
OACB.US,5,20211214,175000,9.87,9.87,9.87,9.87,340,0
OACB.US,5,20211214,180500,9.8639,9.8639,9.8639,9.8639,250,0
OACB.US,5,20211214,182500,9.87,9.87,9.87,9.87,840,0
OACB.US,5,20211214,184000,9.87,9.87,9.87,9.87,1061,0
OACB.US,5,20211214,184500,9.87,9.87,9.87,9.87,220,0
OACB.US,5,20211214,190000,9.8601,9.87,9.8601,9.87,1230,0
OACB.US,5,20211214,202500,9.88,9.9,9.88,9.9,5254,0
OACB.US,5,20211214,203000,9.9,9.9,9.9,9.9,5000,0
OACB.US,5,20211214,204500,9.9,9.9,9.9,9.9,1000,0
OACB.US,5,20211214,205000,9.89,9.89,9.89,9.89,2190,0
OACB.US,5,20211214,214000,9.89,9.89,9.89,9.89,100,0
OACB.US,5,20211214,215000,9.885,9.885,9.885,9.885,100,0
OACB.US,5,20211214,215500,9.885,9.885,9.885,9.885,149,0
OACB.US,5,20211215,153000,9.84,9.89,9.84,9.88,11219,0
OACB.US,5,20211215,153500,9.895,9.895,9.895,9.895,200,0
OACB.US,5,20211215,160000,9.885,9.885,9.885,9.885,4025,0
OACB.US,5,20211215,160500,9.86,9.885,9.86,9.885,63240,0
OACB.US,5,20211215,161500,9.86,9.86,9.86,9.86,300,0
OACB.US,5,20211215,164500,9.875,9.875,9.875,9.875,100,0
OACB.US,5,20211215,170000,9.885,9.885,9.885,9.885,1100,0
OACB.US,5,20211215,171500,9.89,9.89,9.89,9.89,151631,0
OACB.US,5,20211215,172000,9.9,9.9,9.9,9.9,6962,0
OACB.US,5,20211215,174500,9.89,9.89,9.89,9.89,54000,0
OACB.US,5,20211215,175000,9.89,9.89,9.89,9.89,200,0
OACB.US,5,20211215,184000,9.89,9.89,9.885,9.89,31200,0
OACB.US,5,20211215,193000,9.89,9.89,9.89,9.89,100,0
OACB.US,5,20211215,195000,9.89,9.89,9.89,9.89,109609,0
OACB.US,5,20211215,195500,9.89,9.89,9.89,9.89,1300,0
OACB.US,5,20211215,201000,9.89,9.89,9.89,9.89,4200,0
OACB.US,5,20211215,201500,9.89,9.89,9.89,9.89,248,0
OACB.US,5,20211215,211500,9.89,9.89,9.89,9.89,1000,0
OACB.US,5,20211215,213000,9.9,9.9,9.9,9.9,3354,0
OACB.US,5,20211215,215500,9.9,9.9,9.88,9.88,9204,0
OACB.US,5,20211216,153000,9.85,9.9,9.85,9.9,20258,0
OACB.US,5,20211216,153500,9.9103,9.92,9.9103,9.92,3598,0
OACB.US,5,20211216,154000,9.93,9.95,9.93,9.95,2600,0
OACB.US,5,20211216,155000,9.93,9.95,9.93,9.95,10641,0
OACB.US,5,20211216,160500,9.9001,9.9001,9.9001,9.9001,2500,0
OACB.US,5,20211216,161000,9.915,9.915,9.915,9.915,1000,0
OACB.US,5,20211216,165500,9.9,9.905,9.9,9.905,6940,0
OACB.US,5,20211216,181000,9.905,9.905,9.905,9.905,400,0
OACB.US,5,20211216,182500,9.905,9.905,9.905,9.905,233,0
OACB.US,5,20211216,183500,9.9,9.9017,9.9,9.9,4000,0
OACB.US,5,20211216,184500,9.908,9.908,9.9,9.9,1040,0
OACB.US,5,20211216,185000,9.9,9.9,9.9,9.9,6082,0
OACB.US,5,20211216,185500,9.9,9.9,9.9,9.9,2916,0
OACB.US,5,20211216,195000,9.9,9.9,9.9,9.9,47127,0
OACB.US,5,20211216,195500,9.9,9.9,9.9,9.9,276,0
OACB.US,5,20211216,203000,9.905,9.905,9.905,9.905,200,0
OACB.US,5,20211216,213500,9.9,9.9,9.9,9.9,10071,0
OACB.US,5,20211216,214000,9.905,9.905,9.9,9.9,20830,0
OACB.US,5,20211216,215000,9.9,9.9001,9.9,9.9,11400,0
OACB.US,5,20211216,215500,9.9,9.9,9.9,9.9,627,0
OACB.US,5,20211217,153000,9.9,9.9,9.9,9.9,2143,0
OACB.US,5,20211217,154000,9.9,9.9,9.87,9.9,3275,0
OACB.US,5,20211217,154500,9.9,9.9,9.9,9.9,4000,0
OACB.US,5,20211217,162000,9.9366,9.9366,9.9366,9.9366,495,0
OACB.US,5,20211217,174500,9.9158,9.9158,9.9158,9.9158,100,0
OACB.US,5,20211217,180000,9.9201,9.9201,9.92,9.92,750,0
OACB.US,5,20211217,194000,9.93,9.93,9.93,9.93,100,0
OACB.US,5,20211217,202500,9.92,9.9201,9.92,9.9201,284,0
OACB.US,5,20211217,211500,9.93,9.93,9.92,9.92,1439,0
OACB.US,5,20211217,213500,9.9,9.9,9.9,9.9,2447,0
OACB.US,5,20211217,214000,9.895,9.895,9.895,9.895,200,0
OACB.US,5,20211217,215500,9.91,9.93,9.91,9.93,3756,0
OACB.US,5,20211220,153000,9.92,9.92,9.92,9.92,106,0
OACB.US,5,20211220,161500,9.885,9.885,9.885,9.885,4500,0
OACB.US,5,20211220,163000,9.885,9.885,9.885,9.885,105,0
OACB.US,5,20211220,173500,9.885,9.885,9.885,9.885,2000,0
OACB.US,5,20211220,174000,9.87,9.87,9.8638,9.8638,343,0
OACB.US,5,20211220,174500,9.865,9.865,9.865,9.865,147,0
OACB.US,5,20211220,180000,9.87,9.87,9.87,9.87,100,0
OACB.US,5,20211220,195000,9.865,9.865,9.865,9.865,243,0
OACB.US,5,20211220,205500,9.9,9.9,9.89,9.9,1300,0
OACB.US,5,20211220,210000,9.9,9.9,9.9,9.9,100,0
OACB.US,5,20211220,211000,9.9008,9.9008,9.9008,9.9008,500,0
OACB.US,5,20211220,212000,9.9,9.9,9.9,9.9,28171,0
OACB.US,5,20211220,212500,9.9,9.9,9.9,9.9,1300,0
OACB.US,5,20211220,213000,9.9,9.905,9.9,9.9,400,0
OACB.US,5,20211220,214000,9.91,9.91,9.91,9.91,155,0
OACB.US,5,20211220,214500,9.9,9.9,9.9,9.9,100,0
OACB.US,5,20211220,215500,9.9,9.9,9.9,9.9,901,0
OACB.US,5,20211221,153000,9.81,9.81,9.81,9.81,18350,0
OACB.US,5,20211221,153500,9.85,9.85,9.85,9.85,2000,0
OACB.US,5,20211221,154000,9.87,9.88,9.87,9.88,4580,0
OACB.US,5,20211221,154500,9.88,9.88,9.88,9.88,5000,0
OACB.US,5,20211221,155000,9.88,9.88,9.88,9.88,2500,0
OACB.US,5,20211221,162000,9.88,9.89,9.88,9.89,543,0
OACB.US,5,20211221,162500,9.88,9.89,9.88,9.89,1100,0
OACB.US,5,20211221,163500,9.89,9.89,9.874,9.874,3000,0
OACB.US,5,20211221,164500,9.88,9.88,9.88,9.88,500,0
OACB.US,5,20211221,173500,9.88,9.88,9.88,9.88,500,0
OACB.US,5,20211221,181000,9.87,9.87,9.87,9.87,50000,0
OACB.US,5,20211221,182500,9.87,9.87,9.87,9.87,50000,0
OACB.US,5,20211221,191000,9.88,9.88,9.88,9.88,1017,0
OACB.US,5,20211221,194500,9.9,9.91,9.89,9.91,4945,0
OACB.US,5,20211221,195000,9.91,9.91,9.91,9.91,100,0
OACB.US,5,20211221,215000,9.91,9.91,9.91,9.91,100,0
OACB.US,5,20211221,215500,9.9,9.9,9.9,9.9,300,0
OACB.US,5,20211222,153000,9.88,9.88,9.88,9.88,3982,0
OACB.US,5,20211222,172500,9.88,9.88,9.88,9.88,143,0
OACB.US,5,20211222,184500,9.87,9.87,9.87,9.87,300,0
OACB.US,5,20211222,203000,9.87,9.87,9.87,9.87,100,0
OACB.US,5,20211222,213000,9.87,9.87,9.87,9.87,200,0
OACB.US,5,20211222,215500,9.88,9.88,9.86,9.86,8612,0
OACB.US,5,20211223,153000,9.86,9.86,9.86,9.86,2000,0
OACB.US,5,20211223,160500,9.86,9.86,9.86,9.86,595,0
OACB.US,5,20211223,164000,9.865,9.865,9.865,9.865,100,0
OACB.US,5,20211223,174500,9.8616,9.8616,9.8616,9.8616,297,0
OACB.US,5,20211223,175000,9.865,9.865,9.86,9.86,285,0
OACB.US,5,20211223,180000,9.86,9.86,9.86,9.86,500,0
OACB.US,5,20211223,184500,9.8691,9.8691,9.8691,9.8691,100,0
OACB.US,5,20211223,185500,9.87,9.87,9.87,9.87,706,0
OACB.US,5,20211223,192000,9.8601,9.88,9.8601,9.88,2350,0
OACB.US,5,20211223,192500,9.87,9.87,9.87,9.87,380,0
