<TICKER>,<PER>,<DATE>,<TIME>,<OPEN>,<HIGH>,<LOW>,<CLOSE>,<VOL>,<OPENINT>
PL.US,5,20211209,153000,10.92,10.92,10.55,10.66,154326,0
PL.US,5,20211209,153500,10.68,10.9,10.66,10.865,53067,0
PL.US,5,20211209,154000,10.87,10.99,10.83,10.83,58546,0
PL.US,5,20211209,154500,10.83,11.05,10.77,11.0324,75917,0
PL.US,5,20211209,155000,11.04,11.05,10.9,10.98,80632,0
PL.US,5,20211209,155500,10.95,10.98,10.85,10.86,42639,0
PL.US,5,20211209,160000,10.875,10.9,10.811,10.9,28674,0
PL.US,5,20211209,160500,10.9436,10.95,10.85,10.85,24492,0
PL.US,5,20211209,161000,10.85,10.9,10.85,10.85,15886,0
PL.US,5,20211209,161500,10.855,11,10.85,10.9175,54264,0
PL.US,5,20211209,162000,10.89,10.9,10.8201,10.865,44887,0
PL.US,5,20211209,162500,10.865,10.8656,10.75,10.75,53005,0
PL.US,5,20211209,163000,10.75,10.75,10.56,10.565,68400,0
PL.US,5,20211209,163500,10.565,10.6,10.5,10.51,90935,0
PL.US,5,20211209,164000,10.51,10.53,10.33,10.3899,136556,0
PL.US,5,20211209,164500,10.385,10.53,10.385,10.435,54003,0
PL.US,5,20211209,165000,10.435,10.555,10.435,10.5425,73341,0
PL.US,5,20211209,165500,10.5211,10.55,10.45,10.47,17572,0
PL.US,5,20211209,170000,10.46,10.46,10.25,10.41,81825,0
PL.US,5,20211209,170500,10.41,10.41,10.3,10.3021,75056,0
PL.US,5,20211209,171000,10.31,10.4,10.25,10.3,75634,0
PL.US,5,20211209,171500,10.3484,10.3484,10.2533,10.2793,40619,0
PL.US,5,20211209,172000,10.2791,10.36,10.2745,10.36,44884,0
PL.US,5,20211209,172500,10.34,10.3401,10.2,10.2439,86457,0
PL.US,5,20211209,173000,10.2484,10.45,10.23,10.43,80303,0
PL.US,5,20211209,173500,10.3964,10.4399,10.325,10.34,27670,0
PL.US,5,20211209,174000,10.33,10.33,10.3,10.3,16982,0
PL.US,5,20211209,174500,10.27,10.335,10.24,10.335,11899,0
PL.US,5,20211209,175000,10.345,10.49,10.345,10.49,28735,0
PL.US,5,20211209,175500,10.485,10.57,10.485,10.55,44387,0
PL.US,5,20211209,180000,10.545,10.65,10.53,10.625,34770,0
PL.US,5,20211209,180500,10.6329,10.6329,10.5,10.535,50392,0
PL.US,5,20211209,181000,10.52,10.55,10.5,10.53,14659,0
PL.US,5,20211209,181500,10.5339,10.54,10.48,10.48,19662,0
PL.US,5,20211209,182000,10.48,10.53,10.48,10.53,19161,0
PL.US,5,20211209,182500,10.5472,10.56,10.5,10.52,17627,0
PL.US,5,20211209,183000,10.5,10.525,10.44,10.47,7814,0
PL.US,5,20211209,183500,10.4201,10.5,10.41,10.5,39558,0
PL.US,5,20211209,184000,10.51,10.6539,10.5,10.6539,25890,0
PL.US,5,20211209,184500,10.65,10.7866,10.63,10.7866,17858,0
PL.US,5,20211209,185000,10.7834,10.7899,10.7,10.715,10180,0
PL.US,5,20211209,185500,10.69,10.73,10.6,10.6,11243,0
PL.US,5,20211209,190000,10.6,10.61,10.54,10.55,18470,0
PL.US,5,20211209,190500,10.55,10.555,10.41,10.42,9868,0
PL.US,5,20211209,191000,10.45,10.58,10.42,10.56,18447,0
PL.US,5,20211209,191500,10.5754,10.5765,10.52,10.52,4691,0
PL.US,5,20211209,192000,10.5101,10.5137,10.45,10.45,5264,0
PL.US,5,20211209,192500,10.48,10.52,10.461,10.5,14145,0
PL.US,5,20211209,193000,10.491,10.63,10.491,10.63,13532,0
PL.US,5,20211209,193500,10.6295,10.64,10.55,10.5899,10597,0
PL.US,5,20211209,194000,10.56,10.59,10.5,10.5,7817,0
PL.US,5,20211209,194500,10.5,10.55,10.48,10.55,17272,0
PL.US,5,20211209,195000,10.54,10.5598,10.52,10.52,13864,0
PL.US,5,20211209,195500,10.5094,10.5594,10.45,10.475,8499,0
PL.US,5,20211209,200000,10.465,10.47,10.45,10.465,12590,0
PL.US,5,20211209,200500,10.46,10.4799,10.45,10.45,6931,0
PL.US,5,20211209,201000,10.45,10.4599,10.44,10.44,5892,0
PL.US,5,20211209,201500,10.4301,10.4308,10.305,10.3254,27453,0
PL.US,5,20211209,202000,10.3216,10.391,10.3,10.34,24089,0
PL.US,5,20211209,202500,10.325,10.35,10.3,10.3408,16991,0
PL.US,5,20211209,203000,10.3161,10.3499,10.3,10.3,39315,0
PL.US,5,20211209,203500,10.28,10.28,10.23,10.255,35891,0
PL.US,5,20211209,204000,10.26,10.3499,10.25,10.322,17534,0
PL.US,5,20211209,204500,10.35,10.35,10.28,10.28,6984,0
PL.US,5,20211209,205000,10.3,10.3199,10.28,10.3,11604,0
PL.US,5,20211209,205500,10.3,10.3045,10.26,10.26,14559,0
PL.US,5,20211209,210000,10.265,10.27,10.26,10.267,7934,0
PL.US,5,20211209,210500,10.26,10.27,10.24,10.24,43348,0
PL.US,5,20211209,211000,10.2441,10.25,10.23,10.2399,14576,0
PL.US,5,20211209,211500,10.23,10.24,10.15,10.1645,55824,0
PL.US,5,20211209,212000,10.165,10.2,10.16,10.19,24786,0
PL.US,5,20211209,212500,10.195,10.2,10.12,10.12,51744,0
PL.US,5,20211209,213000,10.1293,10.1299,10.02,10.02,93248,0
PL.US,5,20211209,213500,10.0299,10.12,10.02,10.05,42249,0
PL.US,5,20211209,214000,10.0706,10.0706,9.93,9.955,173589,0
PL.US,5,20211209,214500,9.96,10.02,9.95,9.975,83023,0
PL.US,5,20211209,215000,9.9799,9.98,9.8,9.8197,146320,0
PL.US,5,20211209,215500,9.8177,9.87,9.8,9.81,240449,0
PL.US,5,20211210,153000,10.23,10.3292,10.11,10.11,75438,0
PL.US,5,20211210,153500,10.1114,10.2897,10.1,10.245,62707,0
PL.US,5,20211210,154000,10.25,10.2801,10.1,10.16,43285,0
PL.US,5,20211210,154500,10.14,10.15,9.92,10,65393,0
PL.US,5,20211210,155000,10.03,10.09,9.99,10.09,14508,0
PL.US,5,20211210,155500,10.0979,10.1,9.9504,9.9504,24297,0
PL.US,5,20211210,160000,9.95,9.98,9.9398,9.95,14866,0
PL.US,5,20211210,160500,9.97,9.97,9.95,9.9591,6045,0
PL.US,5,20211210,161000,9.9501,9.9699,9.9001,9.9201,17930,0
PL.US,5,20211210,161500,9.92,9.96,9.85,9.85,42032,0
PL.US,5,20211210,162000,9.85,9.8799,9.62,9.7374,110576,0
PL.US,5,20211210,162500,9.7307,9.7589,9.6801,9.7101,29989,0
PL.US,5,20211210,163000,9.72,9.73,9.65,9.6582,14151,0
PL.US,5,20211210,163500,9.6635,9.6799,9.65,9.67,40696,0
PL.US,5,20211210,164000,9.68,9.79,9.68,9.735,46947,0
PL.US,5,20211210,164500,9.735,9.739,9.64,9.65,58340,0
PL.US,5,20211210,165000,9.67,9.73,9.64,9.695,40433,0
PL.US,5,20211210,165500,9.71,9.77,9.685,9.7585,31245,0
PL.US,5,20211210,170000,9.7501,9.8,9.75,9.7501,26624,0
PL.US,5,20211210,170500,9.7501,9.7898,9.71,9.72,19634,0
PL.US,5,20211210,171000,9.72,9.7968,9.72,9.7968,18507,0
PL.US,5,20211210,171500,9.79,9.79,9.71,9.72,15101,0
PL.US,5,20211210,172000,9.7299,9.74,9.71,9.74,15558,0
PL.US,5,20211210,172500,9.7472,9.7586,9.6601,9.6899,28370,0
PL.US,5,20211210,173000,9.665,9.7099,9.6501,9.7099,23209,0
PL.US,5,20211210,173500,9.7087,9.7092,9.7,9.7084,10576,0
PL.US,5,20211210,174000,9.7071,9.7199,9.7,9.7199,7185,0
PL.US,5,20211210,174500,9.71,9.73,9.71,9.73,4552,0
PL.US,5,20211210,175000,9.7282,9.77,9.7101,9.7681,22230,0
PL.US,5,20211210,175500,9.7648,9.77,9.75,9.765,16866,0
PL.US,5,20211210,180000,9.7666,9.7699,9.75,9.7591,11247,0
PL.US,5,20211210,180500,9.753,9.76,9.75,9.7599,3969,0
PL.US,5,20211210,181000,9.7501,9.7599,9.7201,9.7201,18044,0
PL.US,5,20211210,181500,9.73,9.7342,9.69,9.7279,24035,0
PL.US,5,20211210,182000,9.7123,9.7399,9.71,9.7379,8867,0
PL.US,5,20211210,182500,9.736,9.7979,9.735,9.7584,12573,0
PL.US,5,20211210,183000,9.7578,9.7578,9.68,9.71,24803,0
PL.US,5,20211210,183500,9.71,9.72,9.66,9.66,37921,0
PL.US,5,20211210,184000,9.66,9.665,9.59,9.6,48873,0
PL.US,5,20211210,184500,9.605,9.61,9.6,9.6,19785,0
PL.US,5,20211210,185000,9.609,9.61,9.59,9.6,28527,0
PL.US,5,20211210,185500,9.6,9.61,9.59,9.5928,27999,0
PL.US,5,20211210,190000,9.6,9.62,9.6,9.61,14942,0
PL.US,5,20211210,190500,9.615,9.63,9.6,9.6,43763,0
PL.US,5,20211210,191000,9.6186,9.6193,9.6,9.6,4880,0
PL.US,5,20211210,191500,9.6001,9.61,9.6,9.6,5499,0
PL.US,5,20211210,192000,9.6,9.62,9.6,9.62,27565,0
PL.US,5,20211210,192500,9.6199,9.62,9.6,9.605,13929,0
PL.US,5,20211210,193000,9.6,9.6052,9.59,9.6051,17478,0
PL.US,5,20211210,193500,9.6,9.65,9.6,9.62,46361,0
PL.US,5,20211210,194000,9.6,9.6197,9.6,9.6197,20661,0
PL.US,5,20211210,194500,9.61,9.62,9.61,9.61,13438,0
PL.US,5,20211210,195000,9.61,9.6199,9.61,9.615,8437,0
PL.US,5,20211210,195500,9.61,9.6109,9.6,9.6,9329,0
PL.US,5,20211210,200000,9.6,9.61,9.6,9.61,23268,0
PL.US,5,20211210,200500,9.605,9.61,9.59,9.6,13363,0
PL.US,5,20211210,201000,9.605,9.66,9.57,9.6001,70295,0
PL.US,5,20211210,201500,9.605,9.6099,9.6,9.6,6009,0
PL.US,5,20211210,202000,9.6,9.605,9.53,9.555,55306,0
PL.US,5,20211210,202500,9.55,9.56,9.51,9.5299,56306,0
PL.US,5,20211210,203000,9.5201,9.5293,9.23,9.24,96162,0
PL.US,5,20211210,203500,9.2387,9.35,9.2301,9.2927,40478,0
PL.US,5,20211210,204000,9.2769,9.49,9.2508,9.4601,103323,0
PL.US,5,20211210,204500,9.4699,9.5,9.415,9.485,22814,0
PL.US,5,20211210,205000,9.4899,9.5141,9.441,9.4548,27680,0
PL.US,5,20211210,205500,9.45,9.54,9.45,9.53,24256,0
PL.US,5,20211210,210000,9.53,9.5399,9.4507,9.4507,30051,0
PL.US,5,20211210,210500,9.45,9.455,9.3501,9.3501,14934,0
PL.US,5,20211210,211000,9.365,9.482,9.365,9.44,49308,0
PL.US,5,20211210,211500,9.425,9.49,9.42,9.49,16298,0
PL.US,5,20211210,212000,9.49,9.49,9.4538,9.465,17650,0
PL.US,5,20211210,212500,9.465,9.47,9.4601,9.465,20164,0
PL.US,5,20211210,213000,9.465,9.55,9.465,9.48,44465,0
PL.US,5,20211210,213500,9.4765,9.5,9.475,9.495,31342,0
PL.US,5,20211210,214000,9.5,9.5,9.39,9.4,67059,0
PL.US,5,20211210,214500,9.3901,9.4,9.39,9.4,53755,0
PL.US,5,20211210,215000,9.4,9.47,9.36,9.435,65190,0
PL.US,5,20211210,215500,9.435,9.47,9.43,9.47,56563,0
PL.US,5,20211213,153000,9.58,9.91,9.56,9.68,101356,0
PL.US,5,20211213,153500,9.631,9.78,9.63,9.7293,45897,0
PL.US,5,20211213,154000,9.78,9.78,9.53,9.5681,50574,0
PL.US,5,20211213,154500,9.56,9.57,9.48,9.4807,64077,0
PL.US,5,20211213,155000,9.499,9.5,9.47,9.499,23465,0
PL.US,5,20211213,155500,9.4997,9.5,9.45,9.47,32871,0
PL.US,5,20211213,160000,9.46,9.4844,9.41,9.43,24568,0
PL.US,5,20211213,160500,9.4479,9.4799,9.39,9.3936,36432,0
PL.US,5,20211213,161000,9.37,9.42,9.3,9.4181,30957,0
PL.US,5,20211213,161500,9.4179,9.44,9.38,9.397,22541,0
PL.US,5,20211213,162000,9.3978,9.3978,9.27,9.3,89165,0
PL.US,5,20211213,162500,9.28,9.31,9.195,9.2558,65416,0
PL.US,5,20211213,163000,9.255,9.255,9.12,9.205,103798,0
PL.US,5,20211213,163500,9.19,9.2599,9.16,9.2599,76095,0
PL.US,5,20211213,164000,9.254,9.27,9.22,9.2349,12218,0
PL.US,5,20211213,164500,9.25,9.28,9.2,9.21,21166,0
PL.US,5,20211213,165000,9.21,9.35,9.2,9.25,22194,0
PL.US,5,20211213,165500,9.26,9.35,9.25,9.3,26093,0
PL.US,5,20211213,170000,9.3001,9.325,9.2,9.2132,35184,0
PL.US,5,20211213,170500,9.2,9.34,9.2,9.34,7848,0
PL.US,5,20211213,171000,9.34,9.5,9.34,9.5,27057,0
PL.US,5,20211213,171500,9.495,9.51,9.47,9.51,21255,0
PL.US,5,20211213,172000,9.5,9.51,9.37,9.37,34937,0
PL.US,5,20211213,172500,9.3501,9.38,9.35,9.355,9189,0
PL.US,5,20211213,173000,9.355,9.36,9.29,9.35,21299,0
PL.US,5,20211213,173500,9.35,9.361,9.3044,9.3232,13098,0
PL.US,5,20211213,174000,9.315,9.33,9.29,9.295,4759,0
PL.US,5,20211213,174500,9.29,9.37,9.27,9.37,21100,0
PL.US,5,20211213,175000,9.37,9.39,9.34,9.3499,13746,0
PL.US,5,20211213,175500,9.3477,9.3499,9.26,9.27,11171,0
PL.US,5,20211213,180000,9.26,9.2699,9.25,9.252,5640,0
PL.US,5,20211213,180500,9.25,9.26,9.2,9.215,38404,0
PL.US,5,20211213,181000,9.22,9.33,9.22,9.26,23942,0
PL.US,5,20211213,181500,9.2798,9.2798,9.26,9.265,6863,0
PL.US,5,20211213,182000,9.265,9.4,9.26,9.3839,11920,0
PL.US,5,20211213,182500,9.38,9.385,9.3,9.31,15939,0
PL.US,5,20211213,183000,9.31,9.41,9.31,9.38,53215,0
PL.US,5,20211213,183500,9.37,9.39,9.35,9.36,16209,0
PL.US,5,20211213,184000,9.35,9.3694,9.3301,9.34,8850,0
PL.US,5,20211213,184500,9.3301,9.34,9.32,9.33,6197,0
PL.US,5,20211213,185000,9.32,9.3398,9.31,9.31,4548,0
PL.US,5,20211213,185500,9.315,9.35,9.315,9.335,8178,0
PL.US,5,20211213,190000,9.34,9.35,9.3363,9.35,8650,0
PL.US,5,20211213,190500,9.3409,9.35,9.34,9.345,20662,0
PL.US,5,20211213,191000,9.34,9.3499,9.33,9.34,6869,0
PL.US,5,20211213,191500,9.346,9.35,9.34,9.349,2669,0
PL.US,5,20211213,192000,9.34,9.35,9.32,9.35,26569,0
PL.US,5,20211213,192500,9.34,9.35,9.33,9.33,9850,0
PL.US,5,20211213,193000,9.32,9.33,9.3,9.3,4435,0
PL.US,5,20211213,193500,9.3,9.3,9.295,9.295,6024,0
PL.US,5,20211213,194000,9.29,9.3,9.25,9.28,25046,0
PL.US,5,20211213,194500,9.25,9.35,9.25,9.3,20935,0
PL.US,5,20211213,195000,9.295,9.3,9.29,9.3,18684,0
PL.US,5,20211213,195500,9.3,9.32,9.29,9.305,19785,0
PL.US,5,20211213,200000,9.3172,9.3172,9.2601,9.29,8151,0
PL.US,5,20211213,200500,9.29,9.3,9.27,9.27,7194,0
PL.US,5,20211213,201000,9.265,9.27,9.26,9.27,9358,0
PL.US,5,20211213,201500,9.27,9.27,9.265,9.2699,6224,0
PL.US,5,20211213,202000,9.265,9.29,9.25,9.2899,19716,0
PL.US,5,20211213,202500,9.2806,9.3,9.2806,9.29,14686,0
PL.US,5,20211213,203000,9.3,9.3,9.29,9.295,10616,0
PL.US,5,20211213,203500,9.295,9.3,9.25,9.26,11791,0
PL.US,5,20211213,204000,9.265,9.275,9.21,9.23,101986,0
PL.US,5,20211213,204500,9.22,9.23,9.21,9.21,10523,0
PL.US,5,20211213,205000,9.21,9.22,9.15,9.155,91132,0
PL.US,5,20211213,205500,9.15,9.15,9.0356,9.13,87204,0
PL.US,5,20211213,210000,9.135,9.135,9.1,9.105,26754,0
PL.US,5,20211213,210500,9.11,9.11,9.08,9.1,77627,0
PL.US,5,20211213,211000,9.1,9.11,9.08,9.09,83077,0
PL.US,5,20211213,211500,9.0899,9.17,9.0702,9.155,34242,0
PL.US,5,20211213,212000,9.16,9.16,9.085,9.085,48464,0
PL.US,5,20211213,212500,9.085,9.1,9.05,9.0699,39684,0
PL.US,5,20211213,213000,9.06,9.07,9.05,9.07,48639,0
PL.US,5,20211213,213500,9.065,9.07,9.02,9.035,133023,0
PL.US,5,20211213,214000,9.0334,9.0399,8.96,8.985,79918,0
PL.US,5,20211213,214500,8.9863,9,8.985,8.995,66468,0
PL.US,5,20211213,215000,8.99,9.005,8.91,9,94622,0
PL.US,5,20211213,215500,8.995,9,8.89,8.9,201513,0
PL.US,5,20211214,153000,7.33,7.58,7.23,7.42,272958,0
PL.US,5,20211214,153500,7.43,8.0472,7.43,7.78,297915,0
PL.US,5,20211214,154000,7.7815,7.81,7.5205,7.635,167122,0
PL.US,5,20211214,154500,7.647,7.647,7.24,7.265,164338,0
PL.US,5,20211214,155000,7.2819,7.3,7.12,7.15,326712,0
PL.US,5,20211214,155500,7.1549,7.18,6.88,6.95,558572,0
PL.US,5,20211214,160000,6.97,7.19,6.91,7.02,338275,0
PL.US,5,20211214,160500,7.0135,7.03,6.91,6.92,137229,0
PL.US,5,20211214,161000,6.915,7.04,6.87,6.98,409623,0
PL.US,5,20211214,161500,6.9879,7.09,6.91,7.085,177776,0
PL.US,5,20211214,162000,7.0801,7.34,7.05,7.33,133242,0
PL.US,5,20211214,162500,7.336,7.34,7.2,7.2629,105723,0
PL.US,5,20211214,163000,7.27,7.48,7.2501,7.42,103588,0
PL.US,5,20211214,163500,7.39,7.41,7.3,7.3,118950,0
PL.US,5,20211214,164000,7.3,7.48,7.2501,7.45,170743,0
PL.US,5,20211214,164500,7.4444,7.46,7.35,7.355,73364,0
PL.US,5,20211214,165000,7.35,7.36,7.2322,7.25,139388,0
PL.US,5,20211214,165500,7.2589,7.3,7.1901,7.3,105860,0
PL.US,5,20211214,170000,7.26,7.28,7.2,7.22,72887,0
PL.US,5,20211214,170500,7.22,7.25,7.2001,7.24,42242,0
PL.US,5,20211214,171000,7.25,7.25,7.21,7.23,30882,0
PL.US,5,20211214,171500,7.215,7.25,7.2,7.2125,27986,0
PL.US,5,20211214,172000,7.21,7.2282,7.205,7.215,47954,0
PL.US,5,20211214,172500,7.2101,7.2293,7.2,7.2293,37010,0
PL.US,5,20211214,173000,7.2277,7.25,7.22,7.235,26443,0
PL.US,5,20211214,173500,7.235,7.27,7.2307,7.26,43227,0
PL.US,5,20211214,174000,7.255,7.41,7.25,7.39,77289,0
PL.US,5,20211214,174500,7.37,7.37,7.276,7.2976,67268,0
PL.US,5,20211214,175000,7.29,7.31,7.2801,7.2997,37817,0
PL.US,5,20211214,175500,7.295,7.3,7.22,7.2375,34847,0
PL.US,5,20211214,180000,7.24,7.24,7.21,7.213,58699,0
PL.US,5,20211214,180500,7.22,7.25,7.21,7.25,35325,0
PL.US,5,20211214,181000,7.255,7.2591,7.16,7.17,58514,0
PL.US,5,20211214,181500,7.16,7.2,7.15,7.155,67875,0
PL.US,5,20211214,182000,7.1599,7.23,7.14,7.22,46665,0
PL.US,5,20211214,182500,7.23,7.23,7.21,7.2176,23811,0
PL.US,5,20211214,183000,7.215,7.23,7.17,7.23,47434,0
PL.US,5,20211214,183500,7.24,7.3292,7.24,7.31,53690,0
PL.US,5,20211214,184000,7.31,7.36,7.31,7.3422,40852,0
PL.US,5,20211214,184500,7.36,7.36,7.3203,7.34,38839,0
PL.US,5,20211214,185000,7.35,7.41,7.345,7.375,32743,0
PL.US,5,20211214,185500,7.37,7.37,7.3031,7.3031,30819,0
PL.US,5,20211214,190000,7.31,7.31,7.25,7.29,62918,0
PL.US,5,20211214,190500,7.29,7.3299,7.28,7.2897,36313,0
PL.US,5,20211214,191000,7.28,7.285,7.21,7.25,50307,0
PL.US,5,20211214,191500,7.25,7.27,7.23,7.23,41272,0
PL.US,5,20211214,192000,7.235,7.25,7.23,7.24,48339,0
PL.US,5,20211214,192500,7.235,7.24,7.23,7.23,17980,0
PL.US,5,20211214,193000,7.2395,7.24,7.2,7.2001,44126,0
PL.US,5,20211214,193500,7.205,7.21,7.15,7.15,45730,0
PL.US,5,20211214,194000,7.1599,7.1799,7.1,7.1252,47130,0
PL.US,5,20211214,194500,7.12,7.16,7.1,7.15,16061,0
PL.US,5,20211214,195000,7.1354,7.15,7.06,7.08,23932,0
PL.US,5,20211214,195500,7.0846,7.09,7,7.01,151472,0
PL.US,5,20211214,200000,7.015,7.02,6.92,6.9287,154568,0
PL.US,5,20211214,200500,6.925,7.03,6.9235,7.0299,55781,0
PL.US,5,20211214,201000,7.01,7.0199,6.96,6.9741,34322,0
PL.US,5,20211214,201500,6.97,6.97,6.94,6.97,34175,0
PL.US,5,20211214,202000,6.97,6.97,6.9,6.9299,111310,0
PL.US,5,20211214,202500,6.93,7.02,6.93,6.985,69472,0
PL.US,5,20211214,203000,6.9801,7,6.98,6.9846,53702,0
PL.US,5,20211214,203500,6.985,7.01,6.98,7,85970,0
PL.US,5,20211214,204000,7.01,7.01,6.95,6.96,43372,0
PL.US,5,20211214,204500,6.9589,7.005,6.95,7.005,64761,0
PL.US,5,20211214,205000,7.005,7.0659,7,7.065,63150,0
PL.US,5,20211214,205500,7.065,7.09,7.0609,7.085,53257,0
PL.US,5,20211214,210000,7.085,7.09,7.08,7.085,114759,0
PL.US,5,20211214,210500,7.0802,7.14,7.08,7.14,97633,0
PL.US,5,20211214,211000,7.15,7.23,7.1275,7.1562,95655,0
PL.US,5,20211214,211500,7.15,7.16,7.06,7.06,37227,0
PL.US,5,20211214,212000,7.0533,7.08,7.05,7.07,77956,0
PL.US,5,20211214,212500,7.07,7.07,7.05,7.055,52172,0
PL.US,5,20211214,213000,7.05,7.06,7.04,7.04,70246,0
PL.US,5,20211214,213500,7.0477,7.0477,6.985,6.9916,82623,0
PL.US,5,20211214,214000,7,7.09,6.995,7.03,75149,0
PL.US,5,20211214,214500,7.025,7.03,7,7.009,49556,0
PL.US,5,20211214,215000,7.005,7.0081,6.92,6.9236,135173,0
PL.US,5,20211214,215500,6.925,7,6.92,6.93,319643,0
PL.US,5,20211215,153000,7.06,7.08,6.81,6.81,81948,0
PL.US,5,20211215,153500,6.82,6.96,6.63,6.7152,95858,0
PL.US,5,20211215,154000,6.72,6.81,6.6,6.73,102913,0
PL.US,5,20211215,154500,6.74,6.76,6.51,6.545,82547,0
PL.US,5,20211215,155000,6.545,6.5549,6.3,6.4876,331731,0
PL.US,5,20211215,155500,6.46,6.67,6.45,6.48,170725,0
PL.US,5,20211215,160000,6.485,6.515,6.43,6.45,83401,0
PL.US,5,20211215,160500,6.45,6.48,6.445,6.455,56425,0
PL.US,5,20211215,161000,6.4501,6.51,6.4,6.435,87503,0
PL.US,5,20211215,161500,6.43,6.44,6.32,6.365,122409,0
PL.US,5,20211215,162000,6.3817,6.41,6.315,6.3262,60867,0
PL.US,5,20211215,162500,6.3289,6.33,6.2,6.245,241924,0
PL.US,5,20211215,163000,6.245,6.26,6.1,6.235,273962,0
PL.US,5,20211215,163500,6.24,6.34,6.235,6.305,139278,0
PL.US,5,20211215,164000,6.31,6.375,6.3058,6.37,65956,0
PL.US,5,20211215,164500,6.375,6.375,6.2302,6.275,79485,0
PL.US,5,20211215,165000,6.27,6.31,6.25,6.265,54494,0
PL.US,5,20211215,165500,6.2689,6.27,6.04,6.04,232141,0
PL.US,5,20211215,170000,6.0599,6.2199,6.03,6.219,89978,0
PL.US,5,20211215,170500,6.22,6.25,6.11,6.12,51090,0
PL.US,5,20211215,171000,6.11,6.135,6.06,6.13,102899,0
PL.US,5,20211215,171500,6.14,6.1658,6.1,6.155,78599,0
PL.US,5,20211215,172000,6.155,6.26,6.15,6.255,71375,0
PL.US,5,20211215,172500,6.2599,6.3,6.2,6.2199,58838,0
PL.US,5,20211215,173000,6.22,6.22,6.13,6.15,61274,0
PL.US,5,20211215,173500,6.153,6.16,6.13,6.13,32801,0
PL.US,5,20211215,174000,6.13,6.13,6.01,6.0289,227811,0
PL.US,5,20211215,174500,6.02,6.11,6,6.06,114142,0
PL.US,5,20211215,175000,6.055,6.08,6.02,6.0547,70361,0
PL.US,5,20211215,175500,6.06,6.19,6.05,6.19,70946,0
PL.US,5,20211215,180000,6.19,6.19,6.1,6.18,102964,0
PL.US,5,20211215,180500,6.19,6.2699,6.175,6.2521,58328,0
PL.US,5,20211215,181000,6.25,6.25,6.18,6.1901,50279,0
PL.US,5,20211215,181500,6.1901,6.28,6.185,6.2608,21898,0
PL.US,5,20211215,182000,6.27,6.34,6.265,6.2914,41449,0
PL.US,5,20211215,182500,6.3081,6.36,6.26,6.345,52614,0
PL.US,5,20211215,183000,6.3561,6.42,6.335,6.41,42802,0
PL.US,5,20211215,183500,6.405,6.45,6.4,6.41,66192,0
PL.US,5,20211215,184000,6.41,6.5,6.41,6.4142,74314,0
PL.US,5,20211215,184500,6.42,6.4268,6.37,6.4091,35514,0
PL.US,5,20211215,185000,6.405,6.4096,6.365,6.365,18523,0
PL.US,5,20211215,185500,6.38,6.55,6.37,6.4009,87513,0
PL.US,5,20211215,190000,6.405,6.41,6.3342,6.35,36463,0
PL.US,5,20211215,190500,6.355,6.355,6.31,6.325,17724,0
PL.US,5,20211215,191000,6.3293,6.36,6.325,6.35,35081,0
PL.US,5,20211215,191500,6.355,6.39,6.35,6.36,27169,0
PL.US,5,20211215,192000,6.365,6.37,6.345,6.355,12688,0
PL.US,5,20211215,192500,6.355,6.36,6.31,6.315,32378,0
PL.US,5,20211215,193000,6.315,6.3399,6.25,6.335,79698,0
PL.US,5,20211215,193500,6.335,6.355,6.335,6.345,14363,0
PL.US,5,20211215,194000,6.345,6.378,6.345,6.36,24615,0
PL.US,5,20211215,194500,6.35,6.4,6.3418,6.3946,13150,0
PL.US,5,20211215,195000,6.3999,6.4199,6.3999,6.41,8531,0
PL.US,5,20211215,195500,6.4,6.41,6.385,6.395,13204,0
PL.US,5,20211215,200000,6.39,6.46,6.32,6.46,42316,0
PL.US,5,20211215,200500,6.44,6.55,6.42,6.5201,50950,0
PL.US,5,20211215,201000,6.535,6.64,6.51,6.56,103393,0
PL.US,5,20211215,201500,6.5534,6.74,6.54,6.74,73337,0
PL.US,5,20211215,202000,6.74,6.79,6.71,6.72,153464,0
PL.US,5,20211215,202500,6.735,6.79,6.71,6.766,144265,0
PL.US,5,20211215,203000,6.7882,6.8,6.76,6.78,50595,0
PL.US,5,20211215,203500,6.775,6.84,6.77,6.825,38864,0
PL.US,5,20211215,204000,6.83,6.93,6.825,6.87,166760,0
PL.US,5,20211215,204500,6.87,6.98,6.86,6.9505,95292,0
PL.US,5,20211215,205000,6.96,6.96,6.91,6.955,102833,0
PL.US,5,20211215,205500,6.955,7.03,6.954,6.965,192834,0
PL.US,5,20211215,210000,6.965,6.97,6.92,6.9258,286147,0
PL.US,5,20211215,210500,6.93,6.93,6.92,6.93,154232,0
PL.US,5,20211215,211000,6.93,6.9395,6.86,6.905,98276,0
PL.US,5,20211215,211500,6.905,6.905,6.8501,6.865,36585,0
PL.US,5,20211215,212000,6.87,6.87,6.77,6.83,124018,0
PL.US,5,20211215,212500,6.825,6.85,6.7901,6.795,237767,0
PL.US,5,20211215,213000,6.7954,6.8,6.74,6.75,70686,0
PL.US,5,20211215,213500,6.755,6.755,6.69,6.695,91400,0
PL.US,5,20211215,214000,6.6951,6.7,6.5742,6.585,128736,0
PL.US,5,20211215,214500,6.58,6.64,6.52,6.5205,109135,0
PL.US,5,20211215,215000,6.53,6.66,6.525,6.6,194156,0
PL.US,5,20211215,215500,6.6,6.69,6.59,6.69,202925,0
PL.US,5,20211216,153000,6.88,7.15,6.87,7.08,201803,0
PL.US,5,20211216,153500,7.0724,7.1,6.86,6.9196,53959,0
PL.US,5,20211216,154000,6.92,7.075,6.9001,6.969,175858,0
PL.US,5,20211216,154500,6.965,7.0383,6.85,6.85,77611,0
PL.US,5,20211216,155000,6.855,6.9,6.75,6.9,85456,0
PL.US,5,20211216,155500,6.885,6.94,6.885,6.93,31057,0
PL.US,5,20211216,160000,6.925,6.93,6.805,6.8199,41015,0
PL.US,5,20211216,160500,6.8193,6.82,6.78,6.7899,34257,0
PL.US,5,20211216,161000,6.7801,6.7828,6.76,6.76,13346,0
PL.US,5,20211216,161500,6.7687,6.77,6.75,6.7508,23705,0
PL.US,5,20211216,162000,6.75,6.83,6.65,6.8185,92353,0
PL.US,5,20211216,162500,6.811,6.85,6.78,6.81,29024,0
PL.US,5,20211216,163000,6.815,6.815,6.76,6.8,28377,0
PL.US,5,20211216,163500,6.79,6.85,6.7814,6.84,36134,0
PL.US,5,20211216,164000,6.84,6.9196,6.84,6.895,40593,0
PL.US,5,20211216,164500,6.895,6.98,6.895,6.955,37727,0
PL.US,5,20211216,165000,6.97,6.99,6.955,6.99,18278,0
PL.US,5,20211216,165500,6.9908,7.09,6.9902,7.085,77903,0
PL.US,5,20211216,170000,7.085,7.2,7.04,7.0467,123831,0
PL.US,5,20211216,170500,7.05,7.066,6.93,6.93,58591,0
PL.US,5,20211216,171000,6.92,6.97,6.86,6.9099,44951,0
PL.US,5,20211216,171500,6.905,6.95,6.9,6.945,21640,0
PL.US,5,20211216,172000,6.945,6.95,6.94,6.945,23711,0
PL.US,5,20211216,172500,6.945,7,6.9201,6.925,48029,0
PL.US,5,20211216,173000,6.925,6.99,6.925,6.9884,69330,0
PL.US,5,20211216,173500,6.985,7.04,6.985,7.005,27423,0
PL.US,5,20211216,174000,7,7.01,6.96,6.96,24685,0
PL.US,5,20211216,174500,6.9693,6.9785,6.94,6.97,13348,0
PL.US,5,20211216,175000,6.9723,6.975,6.93,6.9389,5757,0
PL.US,5,20211216,175500,6.93,6.94,6.93,6.935,8293,0
PL.US,5,20211216,180000,6.9301,6.94,6.9,6.922,78292,0
PL.US,5,20211216,180500,6.93,6.97,6.92,6.9416,63847,0
PL.US,5,20211216,181000,6.945,6.948,6.93,6.93,36340,0
PL.US,5,20211216,181500,6.935,6.97,6.93,6.9301,35421,0
PL.US,5,20211216,182000,6.94,6.94,6.93,6.94,4175,0
PL.US,5,20211216,182500,6.935,6.94,6.93,6.94,18998,0
PL.US,5,20211216,183000,6.93,6.94,6.93,6.935,8067,0
PL.US,5,20211216,183500,6.93,6.9399,6.93,6.9399,44385,0
PL.US,5,20211216,184000,6.935,6.94,6.921,6.9291,39847,0
PL.US,5,20211216,184500,6.92,6.92,6.9,6.905,50458,0
PL.US,5,20211216,185000,6.905,6.905,6.81,6.83,42583,0
PL.US,5,20211216,185500,6.82,6.85,6.775,6.775,37408,0
PL.US,5,20211216,190000,6.77,6.77,6.65,6.6699,80642,0
PL.US,5,20211216,190500,6.6699,6.67,6.6,6.67,51419,0
PL.US,5,20211216,191000,6.6799,6.7,6.65,6.65,31127,0
PL.US,5,20211216,191500,6.655,6.659,6.6,6.645,333615,0
PL.US,5,20211216,192000,6.645,6.69,6.645,6.68,16852,0
PL.US,5,20211216,192500,6.67,6.67,6.62,6.6292,23979,0
PL.US,5,20211216,193000,6.6299,6.6299,6.545,6.5548,31340,0
PL.US,5,20211216,193500,6.555,6.555,6.46,6.52,69032,0
PL.US,5,20211216,194000,6.515,6.55,6.515,6.525,19130,0
PL.US,5,20211216,194500,6.525,6.53,6.49,6.525,31725,0
PL.US,5,20211216,195000,6.52,6.53,6.47,6.53,34037,0
PL.US,5,20211216,195500,6.53,6.53,6.475,6.4808,295243,0
PL.US,5,20211216,200000,6.485,6.49,6.41,6.42,25429,0
PL.US,5,20211216,200500,6.41,6.45,6.41,6.45,28998,0
PL.US,5,20211216,201000,6.46,6.47,6.43,6.465,42094,0
PL.US,5,20211216,201500,6.46,6.46,6.36,6.43,39456,0
PL.US,5,20211216,202000,6.45,6.45,6.39,6.3906,26244,0
PL.US,5,20211216,202500,6.385,6.45,6.38,6.43,30298,0
PL.US,5,20211216,203000,6.43,6.44,6.415,6.435,17944,0
PL.US,5,20211216,203500,6.435,6.4396,6.42,6.42,18300,0
PL.US,5,20211216,204000,6.42,6.4997,6.375,6.485,1865332,0
PL.US,5,20211216,204500,6.485,6.58,6.48,6.57,50351,0
PL.US,5,20211216,205000,6.57,6.6,6.51,6.585,279870,0
PL.US,5,20211216,205500,6.5801,6.65,6.54,6.555,231688,0
PL.US,5,20211216,210000,6.555,6.6182,6.52,6.61,21609,0
PL.US,5,20211216,210500,6.63,6.7,6.62,6.6942,31777,0
PL.US,5,20211216,211000,6.695,6.78,6.69,6.765,59799,0
PL.US,5,20211216,211500,6.765,6.78,6.7006,6.73,31178,0
PL.US,5,20211216,212000,6.725,6.76,6.69,6.735,39541,0
PL.US,5,20211216,212500,6.73,6.73,6.66,6.665,29541,0
PL.US,5,20211216,213000,6.66,6.67,6.61,6.65,57967,0
PL.US,5,20211216,213500,6.645,6.65,6.6,6.605,32551,0
PL.US,5,20211216,214000,6.61,6.62,6.5602,6.58,40772,0
PL.US,5,20211216,214500,6.5888,6.5888,6.51,6.515,74052,0
PL.US,5,20211216,215000,6.51,6.54,6.51,6.5399,49290,0
PL.US,5,20211216,215500,6.535,6.55,6.5,6.52,645020,0
PL.US,5,20211217,153000,6.43,6.45,6.28,6.29,90156,0
PL.US,5,20211217,153500,6.3096,6.47,6.1,6.21,106267,0
PL.US,5,20211217,154000,6.1943,6.33,6.19,6.285,115591,0
PL.US,5,20211217,154500,6.25,6.2641,6.18,6.25,61864,0
PL.US,5,20211217,155000,6.2345,6.37,6.225,6.25,74213,0
PL.US,5,20211217,155500,6.255,6.3281,6.2,6.2,99321,0
PL.US,5,20211217,160000,6.22,6.35,6.16,6.31,29923,0
PL.US,5,20211217,160500,6.3,6.4,6.3,6.31,48126,0
PL.US,5,20211217,161000,6.33,6.335,6.17,6.23,94436,0
PL.US,5,20211217,161500,6.24,6.24,6.07,6.07,142734,0
PL.US,5,20211217,162000,6.0899,6.2499,6.075,6.2,25223,0
PL.US,5,20211217,162500,6.22,6.29,6.205,6.28,33031,0
PL.US,5,20211217,163000,6.25,6.3,6.2301,6.2799,36909,0
PL.US,5,20211217,163500,6.2773,6.2773,6.21,6.2343,110667,0
PL.US,5,20211217,164000,6.2452,6.26,6.23,6.25,27891,0
PL.US,5,20211217,164500,6.26,6.26,6.15,6.2399,97236,0
PL.US,5,20211217,165000,6.22,6.3,6.2,6.28,33136,0
PL.US,5,20211217,165500,6.2699,6.3,6.24,6.25,53428,0
PL.US,5,20211217,170000,6.251,6.32,6.23,6.3095,66192,0
PL.US,5,20211217,170500,6.3,6.305,6.235,6.235,59264,0
PL.US,5,20211217,171000,6.235,6.235,6.19,6.22,70072,0
PL.US,5,20211217,171500,6.215,6.24,6.19,6.19,74212,0
PL.US,5,20211217,172000,6.2001,6.22,6.18,6.2196,38061,0
PL.US,5,20211217,172500,6.215,6.22,6.15,6.1575,28271,0
PL.US,5,20211217,173000,6.155,6.2,6.13,6.1671,46168,0
PL.US,5,20211217,173500,6.17,6.1885,6.12,6.1526,50491,0
PL.US,5,20211217,174000,6.15,6.17,6.08,6.14,144591,0
PL.US,5,20211217,174500,6.1434,6.1899,6.12,6.155,38095,0
PL.US,5,20211217,175000,6.15,6.15,6.1101,6.1289,23472,0
PL.US,5,20211217,175500,6.12,6.19,6.11,6.19,33075,0
PL.US,5,20211217,180000,6.19,6.2899,6.18,6.2182,65315,0
PL.US,5,20211217,180500,6.2001,6.2099,6.14,6.15,24250,0
PL.US,5,20211217,181000,6.16,6.26,6.15,6.2585,27121,0
PL.US,5,20211217,181500,6.26,6.32,6.23,6.23,15361,0
PL.US,5,20211217,182000,6.23,6.2369,6.19,6.195,13650,0
PL.US,5,20211217,182500,6.19,6.21,6.18,6.21,12980,0
PL.US,5,20211217,183000,6.21,6.215,6.2,6.2,21486,0
PL.US,5,20211217,183500,6.21,6.22,6.2,6.215,12098,0
PL.US,5,20211217,184000,6.215,6.22,6.21,6.215,35415,0
PL.US,5,20211217,184500,6.215,6.2993,6.21,6.235,56582,0
PL.US,5,20211217,185000,6.24,6.29,6.23,6.26,23058,0
PL.US,5,20211217,185500,6.26,6.28,6.255,6.26,16857,0
PL.US,5,20211217,190000,6.27,6.27,6.25,6.255,12987,0
PL.US,5,20211217,190500,6.25,6.33,6.25,6.33,33467,0
PL.US,5,20211217,191000,6.355,6.38,6.26,6.27,23183,0
PL.US,5,20211217,191500,6.27,6.3,6.25,6.26,27070,0
PL.US,5,20211217,192000,6.2618,6.27,6.24,6.25,14226,0
PL.US,5,20211217,192500,6.24,6.255,6.22,6.25,21018,0
PL.US,5,20211217,193000,6.24,6.26,6.23,6.23,6689,0
PL.US,5,20211217,193500,6.23,6.325,6.22,6.3001,44218,0
PL.US,5,20211217,194000,6.3022,6.34,6.27,6.29,37984,0
PL.US,5,20211217,194500,6.275,6.275,6.25,6.26,15121,0
PL.US,5,20211217,195000,6.26,6.29,6.26,6.28,17612,0
PL.US,5,20211217,195500,6.28,6.285,6.26,6.26,15480,0
PL.US,5,20211217,200000,6.25,6.26,6.23,6.23,39850,0
PL.US,5,20211217,200500,6.23,6.23,6.2,6.21,51379,0
PL.US,5,20211217,201000,6.215,6.23,6.215,6.23,8822,0
PL.US,5,20211217,201500,6.23,6.23,6.195,6.2,14208,0
PL.US,5,20211217,202000,6.2,6.209,6.19,6.2,15703,0
PL.US,5,20211217,202500,6.2096,6.2096,6.18,6.1999,19722,0
PL.US,5,20211217,203000,6.195,6.205,6.16,6.2,28053,0
PL.US,5,20211217,203500,6.2,6.21,6.2,6.21,12116,0
PL.US,5,20211217,204000,6.2011,6.2199,6.2,6.2199,22016,0
PL.US,5,20211217,204500,6.21,6.21,6.18,6.19,24604,0
PL.US,5,20211217,205000,6.199,6.2198,6.19,6.195,29942,0
PL.US,5,20211217,205500,6.19,6.2,6.15,6.19,47078,0
PL.US,5,20211217,210000,6.2,6.24,6.1913,6.22,8121,0
PL.US,5,20211217,210500,6.21,6.22,6.17,6.17,40193,0
PL.US,5,20211217,211000,6.185,6.21,6.18,6.205,12984,0
PL.US,5,20211217,211500,6.205,6.22,6.19,6.1984,54522,0
PL.US,5,20211217,212000,6.19,6.2,6.19,6.195,6553,0
PL.US,5,20211217,212500,6.19,6.2,6.17,6.18,32272,0
PL.US,5,20211217,213000,6.185,6.1962,6.18,6.185,25879,0
PL.US,5,20211217,213500,6.1808,6.21,6.1808,6.205,30836,0
PL.US,5,20211217,214000,6.205,6.21,6.2,6.2099,8806,0
PL.US,5,20211217,214500,6.205,6.209,6.15,6.155,83054,0
PL.US,5,20211217,215000,6.15,6.155,6.14,6.145,85196,0
PL.US,5,20211217,215500,6.15,6.29,6.14,6.29,703878,0
PL.US,5,20211220,160000,6.17,6.17,6.13,6.1599,14058,0
PL.US,5,20211220,160500,6.14,6.1699,6.11,6.155,22766,0
PL.US,5,20211220,161000,6.14,6.24,6.12,6.19,78318,0
PL.US,5,20211220,161500,6.215,6.25,6.18,6.2,43069,0
PL.US,5,20211220,162000,6.2,6.2,6.16,6.18,23992,0
PL.US,5,20211220,162500,6.18,6.18,6.07,6.08,76490,0
PL.US,5,20211220,163000,6.075,6.08,6.03,6.06,28513,0
PL.US,5,20211220,163500,6.06,6.08,6.05,6.05,32551,0
PL.US,5,20211220,164000,6.0584,6.08,6.04,6.065,34278,0
PL.US,5,20211220,164500,6.06,6.08,5.98,5.98,103551,0
PL.US,5,20211220,165000,5.9963,6,5.95,5.975,118473,0
PL.US,5,20211220,165500,5.9899,5.99,5.94,5.97,39790,0
PL.US,5,20211220,170000,5.98,6,5.97,5.9851,47727,0
PL.US,5,20211220,170500,5.9777,6,5.9701,6,41992,0
PL.US,5,20211220,171000,6,6.005,5.99,6,29615,0
PL.US,5,20211220,171500,5.995,6,5.99,6,10646,0
PL.US,5,20211220,172000,5.995,6.005,5.99,5.995,54341,0
PL.US,5,20211220,172500,6,6,5.98,5.985,20684,0
PL.US,5,20211220,173000,5.99,5.99,5.92,5.94,53613,0
PL.US,5,20211220,173500,5.9418,5.98,5.93,5.98,28323,0
PL.US,5,20211220,174000,5.97,5.98,5.95,5.96,34900,0
PL.US,5,20211220,174500,5.97,5.99,5.96,5.98,43723,0
PL.US,5,20211220,175000,5.975,6,5.97,6,63291,0
PL.US,5,20211220,175500,6,6.01,5.99,6.01,53378,0
PL.US,5,20211220,180000,6.01,6.07,6,6.06,40088,0
PL.US,5,20211220,180500,6.06,6.06,6.03,6.04,38256,0
PL.US,5,20211220,181000,6.045,6.045,6,6.02,18093,0
PL.US,5,20211220,181500,6.02,6.05,6,6.045,66960,0
PL.US,5,20211220,182000,6.045,6.045,5.9597,5.975,28113,0
PL.US,5,20211220,182500,5.975,5.98,5.9,5.96,25125,0
PL.US,5,20211220,183000,5.97,5.99,5.96,5.97,9786,0
PL.US,5,20211220,183500,5.99,6.02,5.98,6.02,23767,0
PL.US,5,20211220,184000,6.004,6.05,6.004,6.03,14021,0
PL.US,5,20211220,184500,6.05,6.05,6.03,6.0435,22327,0
PL.US,5,20211220,185000,6.04,6.05,6.01,6.0369,6107,0
PL.US,5,20211220,185500,6.02,6.04,6.02,6.04,11940,0
PL.US,5,20211220,190000,6.0399,6.07,6.02,6.037,11341,0
PL.US,5,20211220,190500,6.0378,6.05,6.02,6.04,9935,0
PL.US,5,20211220,191000,6.04,6.05,6.02,6.035,7985,0
PL.US,5,20211220,191500,6.039,6.05,6.03,6.05,10487,0
PL.US,5,20211220,192000,6.045,6.05,6.04,6.04,6748,0
PL.US,5,20211220,192500,6.04,6.0484,5.99,6,100942,0
PL.US,5,20211220,193000,5.99,6,5.99,5.99,13100,0
PL.US,5,20211220,193500,5.99,6,5.989,5.9901,16584,0
PL.US,5,20211220,194000,6,6.03,5.9999,6.03,24242,0
PL.US,5,20211220,194500,6.025,6.07,6.02,6.0529,14066,0
PL.US,5,20211220,195000,6.07,6.08,6.05,6.08,4400,0
PL.US,5,20211220,195500,6.06,6.08,6.06,6.075,7663,0
PL.US,5,20211220,200000,6.07,6.12,6.04,6.07,17493,0
PL.US,5,20211220,200500,6.07,6.09,6.045,6.05,14946,0
PL.US,5,20211220,201000,6.04,6.05,6.04,6.04,8298,0
PL.US,5,20211220,201500,6.05,6.05,6,6,32138,0
PL.US,5,20211220,202000,6,6.02,5.99,6,38568,0
PL.US,5,20211220,202500,6.01,6.02,5.99,6,30496,0
PL.US,5,20211220,203000,6.01,6.02,5.9909,6.01,28443,0
PL.US,5,20211220,203500,6,6.02,5.97,6,68204,0
PL.US,5,20211220,204000,6.01,6.03,5.99,6,27198,0
PL.US,5,20211220,204500,6,6.01,5.99,6,6226,0
PL.US,5,20211220,205000,6,6.03,5.9977,6.007,26270,0
PL.US,5,20211220,205500,6,6.01,5.99,6,9370,0
PL.US,5,20211220,210000,6,6.03,6,6.03,20553,0
PL.US,5,20211220,210500,6,6.02,5.99,5.9921,21600,0
PL.US,5,20211220,211000,5.9901,6.02,5.95,6,60261,0
PL.US,5,20211220,211500,6,6.02,5.99,6,35434,0
PL.US,5,20211220,212000,6,6.02,5.9909,6,42394,0
PL.US,5,20211220,212500,6,6.05,5.99,6.05,59393,0
PL.US,5,20211220,213000,6.045,6.05,6.04,6.05,106922,0
PL.US,5,20211220,213500,6.05,6.05,6.02,6.05,61798,0
PL.US,5,20211220,214000,6.05,6.05,5.9823,6,51763,0
PL.US,5,20211220,214500,5.9901,6.02,5.99,6,41423,0
PL.US,5,20211220,215000,6,6.005,5.9,5.9,174866,0
PL.US,5,20211220,215500,5.89,5.93,5.88,5.9,245136,0
PL.US,5,20211221,153000,6.14,6.445,6.11,6.42,104710,0
PL.US,5,20211221,153500,6.4152,6.4199,6.22,6.2579,49095,0
PL.US,5,20211221,154000,6.255,6.4,6.21,6.38,81149,0
PL.US,5,20211221,154500,6.399,6.45,6.34,6.35,75593,0
PL.US,5,20211221,155000,6.4094,6.42,6.34,6.42,39641,0
PL.US,5,20211221,155500,6.429,6.45,6.4,6.43,80617,0
PL.US,5,20211221,160000,6.4219,6.5599,6.41,6.4765,78478,0
PL.US,5,20211221,160500,6.46,6.55,6.44,6.52,61869,0
PL.US,5,20211221,161000,6.525,6.67,6.5,6.6493,100054,0
PL.US,5,20211221,161500,6.65,6.8103,6.64,6.8001,179447,0
PL.US,5,20211221,162000,6.8099,6.82,6.73,6.74,118551,0
PL.US,5,20211221,162500,6.7408,6.7408,6.48,6.545,164304,0
PL.US,5,20211221,163000,6.545,6.565,6.46,6.49,72945,0
PL.US,5,20211221,163500,6.4852,6.4884,6.35,6.4199,100163,0
PL.US,5,20211221,164000,6.42,6.45,6.38,6.385,55220,0
PL.US,5,20211221,164500,6.385,6.51,6.38,6.45,46308,0
PL.US,5,20211221,165000,6.45,6.48,6.44,6.44,25459,0
PL.US,5,20211221,165500,6.445,6.46,6.4,6.455,43452,0
PL.US,5,20211221,170000,6.455,6.4599,6.37,6.41,47620,0
PL.US,5,20211221,170500,6.4099,6.44,6.395,6.44,25620,0
PL.US,5,20211221,171000,6.43,6.45,6.43,6.44,26200,0
PL.US,5,20211221,171500,6.44,6.445,6.42,6.42,26935,0
PL.US,5,20211221,172000,6.4293,6.44,6.39,6.39,29804,0
PL.US,5,20211221,172500,6.4,6.4,6.37,6.3848,24030,0
PL.US,5,20211221,173000,6.385,6.42,6.36,6.37,30520,0
PL.US,5,20211221,173500,6.3614,6.39,6.34,6.34,71468,0
PL.US,5,20211221,174000,6.34,6.37,6.3,6.35,63575,0
PL.US,5,20211221,174500,6.345,6.35,6.33,6.34,60433,0
PL.US,5,20211221,175000,6.33,6.3481,6.32,6.33,23742,0
PL.US,5,20211221,175500,6.33,6.39,6.315,6.39,36198,0
PL.US,5,20211221,180000,6.39,6.42,6,6.42,1296592,0
PL.US,5,20211221,180500,6.44,6.575,6.44,6.575,169182,0
PL.US,5,20211221,181000,6.56,6.62,6.54,6.61,83116,0
PL.US,5,20211221,181500,6.61,6.78,6.6,6.71,111683,0
PL.US,5,20211221,182000,6.7179,6.75,6.66,6.6665,69087,0
PL.US,5,20211221,182500,6.6782,6.68,6.53,6.6035,62066,0
PL.US,5,20211221,183000,6.6,6.76,6.6,6.74,32643,0
PL.US,5,20211221,183500,6.74,6.75,6.68,6.69,50169,0
PL.US,5,20211221,184000,6.6991,6.7362,6.69,6.71,31500,0
PL.US,5,20211221,184500,6.73,6.755,6.71,6.74,22582,0
PL.US,5,20211221,185000,6.74,6.78,6.73,6.7499,40883,0
PL.US,5,20211221,185500,6.7458,6.759,6.69,6.74,24157,0
PL.US,5,20211221,190000,6.7347,6.7594,6.73,6.7594,25904,0
PL.US,5,20211221,190500,6.75,6.77,6.74,6.7571,20445,0
PL.US,5,20211221,191000,6.76,6.81,6.76,6.8,154722,0
PL.US,5,20211221,191500,6.8,6.8,6.79,6.8,46061,0
PL.US,5,20211221,192000,6.8,6.87,6.79,6.87,104466,0
PL.US,5,20211221,192500,6.87,6.87,6.72,6.83,133452,0
PL.US,5,20211221,193000,6.83,6.86,6.8032,6.85,20779,0
PL.US,5,20211221,193500,6.85,6.85,6.8,6.81,14601,0
PL.US,5,20211221,194000,6.82,6.87,6.81,6.845,53011,0
PL.US,5,20211221,194500,6.8495,6.85,6.82,6.83,34047,0
PL.US,5,20211221,195000,6.825,6.83,6.8,6.83,31102,0
PL.US,5,20211221,195500,6.8331,6.84,6.82,6.82,20299,0
PL.US,5,20211221,200000,6.82,6.85,6.81,6.83,25978,0
PL.US,5,20211221,200500,6.83,6.84,6.7909,6.8,29530,0
PL.US,5,20211221,201000,6.8,6.8,6.79,6.8,10553,0
PL.US,5,20211221,201500,6.795,6.8,6.78,6.7801,23396,0
PL.US,5,20211221,202000,6.7835,6.79,6.78,6.79,20012,0
PL.US,5,20211221,202500,6.785,6.7899,6.78,6.788,9250,0
PL.US,5,20211221,203000,6.78,6.785,6.68,6.7,64354,0
PL.US,5,20211221,203500,6.7,6.7065,6.68,6.69,38763,0
PL.US,5,20211221,204000,6.69,6.71,6.665,6.665,25081,0
PL.US,5,20211221,204500,6.6686,6.67,6.63,6.65,29504,0
PL.US,5,20211221,205000,6.66,6.705,6.66,6.7,21998,0
PL.US,5,20211221,205500,6.7,6.7061,6.68,6.69,11512,0
PL.US,5,20211221,210000,6.6892,6.75,6.685,6.74,44028,0
PL.US,5,20211221,210500,6.739,6.75,6.739,6.75,76019,0
PL.US,5,20211221,211000,6.75,6.7985,6.73,6.7466,17116,0
PL.US,5,20211221,211500,6.75,6.75,6.74,6.74,9082,0
PL.US,5,20211221,212000,6.7412,6.79,6.73,6.79,18935,0
PL.US,5,20211221,212500,6.7999,6.8,6.75,6.77,66154,0
PL.US,5,20211221,213000,6.76,6.8,6.76,6.8,37653,0
PL.US,5,20211221,213500,6.8,6.8,6.78,6.795,65042,0
PL.US,5,20211221,214000,6.795,6.86,6.78,6.84,143058,0
PL.US,5,20211221,214500,6.85,6.85,6.8,6.805,79887,0
PL.US,5,20211221,215000,6.805,6.86,6.8,6.845,109038,0
PL.US,5,20211221,215500,6.845,6.85,6.79,6.84,246172,0
PL.US,5,20211222,153000,6.83,6.8666,6.63,6.6968,113572,0
PL.US,5,20211222,153500,6.6934,6.8,6.63,6.76,53357,0
PL.US,5,20211222,154000,6.74,6.7594,6.67,6.67,22767,0
PL.US,5,20211222,154500,6.68,6.72,6.66,6.6657,66507,0
PL.US,5,20211222,155000,6.66,6.71,6.64,6.6834,79217,0
PL.US,5,20211222,155500,6.6729,6.68,6.52,6.59,85397,0
PL.US,5,20211222,160000,6.59,6.66,6.55,6.56,23082,0
PL.US,5,20211222,160500,6.535,6.6,6.535,6.55,32720,0
PL.US,5,20211222,161000,6.5492,6.59,6.5199,6.5899,35951,0
PL.US,5,20211222,161500,6.585,6.65,6.58,6.6484,31228,0
PL.US,5,20211222,162000,6.6495,6.6495,6.62,6.6373,21569,0
PL.US,5,20211222,162500,6.63,6.64,6.56,6.56,22753,0
PL.US,5,20211222,163000,6.57,6.61,6.56,6.58,8523,0
PL.US,5,20211222,163500,6.5994,6.61,6.58,6.61,15405,0
PL.US,5,20211222,164000,6.605,6.69,6.6,6.645,19837,0
PL.US,5,20211222,164500,6.645,6.7195,6.63,6.7195,14500,0
PL.US,5,20211222,165000,6.7113,6.75,6.71,6.75,33533,0
PL.US,5,20211222,165500,6.74,6.74,6.65,6.66,64237,0
PL.US,5,20211222,170000,6.6692,6.71,6.66,6.7034,19345,0
PL.US,5,20211222,170500,6.705,6.71,6.6501,6.66,8463,0
PL.US,5,20211222,171000,6.67,6.7299,6.6699,6.72,24759,0
PL.US,5,20211222,171500,6.725,6.735,6.7,6.7,10318,0
PL.US,5,20211222,172000,6.7,6.7,6.67,6.675,44875,0
PL.US,5,20211222,172500,6.675,6.68,6.6,6.615,46294,0
PL.US,5,20211222,173000,6.627,6.63,6.61,6.6285,25056,0
PL.US,5,20211222,173500,6.6299,6.65,6.62,6.645,28144,0
PL.US,5,20211222,174000,6.6499,6.65,6.64,6.64,5740,0
PL.US,5,20211222,174500,6.6301,6.65,6.63,6.635,5032,0
PL.US,5,20211222,175000,6.6311,6.64,6.57,6.58,32482,0
PL.US,5,20211222,175500,6.57,6.59,6.56,6.58,34098,0
PL.US,5,20211222,180000,6.58,6.58,6.56,6.58,48992,0
PL.US,5,20211222,180500,6.58,6.6,6.571,6.6,31104,0
PL.US,5,20211222,181000,6.6,6.6,6.56,6.56,20840,0
PL.US,5,20211222,181500,6.56,6.56,6.53,6.54,19682,0
PL.US,5,20211222,182000,6.54,6.54,6.52,6.52,24466,0
PL.US,5,20211222,182500,6.51,6.519,6.45,6.48,44130,0
PL.US,5,20211222,183000,6.48,6.48,6.475,6.48,7386,0
PL.US,5,20211222,183500,6.48,6.49,6.47,6.47,24271,0
PL.US,5,20211222,184000,6.4699,6.47,6.4327,6.46,35107,0
PL.US,5,20211222,184500,6.46,6.47,6.4539,6.46,12906,0
PL.US,5,20211222,185000,6.459,6.4799,6.45,6.46,24758,0
PL.US,5,20211222,185500,6.46,6.51,6.46,6.5,17406,0
PL.US,5,20211222,190000,6.5099,6.5099,6.48,6.4918,33120,0
PL.US,5,20211222,190500,6.4901,6.55,6.49,6.545,64697,0
PL.US,5,20211222,191000,6.55,6.55,6.5299,6.535,11467,0
PL.US,5,20211222,191500,6.54,6.56,6.5272,6.54,25771,0
PL.US,5,20211222,192000,6.5316,6.5399,6.48,6.48,26504,0
PL.US,5,20211222,192500,6.5,6.5,6.48,6.4999,9230,0
PL.US,5,20211222,193000,6.495,6.5,6.41,6.4479,42237,0
PL.US,5,20211222,193500,6.43,6.46,6.42,6.42,34748,0
PL.US,5,20211222,194000,6.43,6.5,6.4201,6.5,83909,0
PL.US,5,20211222,194500,6.5,6.5,6.43,6.43,46259,0
PL.US,5,20211222,195000,6.44,6.46,6.43,6.46,32839,0
PL.US,5,20211222,195500,6.46,6.49,6.4501,6.49,18642,0
PL.US,5,20211222,200000,6.49,6.515,6.49,6.51,14992,0
PL.US,5,20211222,200500,6.51,6.58,6.51,6.5772,73918,0
PL.US,5,20211222,201000,6.575,6.58,6.57,6.575,10649,0
PL.US,5,20211222,201500,6.575,6.575,6.54,6.5467,11180,0
PL.US,5,20211222,202000,6.55,6.55,6.545,6.55,7315,0
PL.US,5,20211222,202500,6.55,6.55,6.5299,6.5299,5320,0
PL.US,5,20211222,203000,6.52,6.52,6.47,6.48,48320,0
PL.US,5,20211222,203500,6.48,6.5,6.47,6.49,18003,0
PL.US,5,20211222,204000,6.485,6.51,6.48,6.505,17957,0
PL.US,5,20211222,204500,6.5,6.53,6.5,6.53,22551,0
PL.US,5,20211222,205000,6.525,6.53,6.51,6.51,9075,0
PL.US,5,20211222,205500,6.52,6.53,6.49,6.49,11093,0
PL.US,5,20211222,210000,6.4971,6.5,6.47,6.49,27304,0
PL.US,5,20211222,210500,6.485,6.53,6.485,6.5299,19094,0
PL.US,5,20211222,211000,6.525,6.53,6.48,6.5,33526,0
PL.US,5,20211222,211500,6.5,6.5,6.42,6.45,45942,0
PL.US,5,20211222,212000,6.445,6.45,6.41,6.425,61175,0
PL.US,5,20211222,212500,6.425,6.44,6.42,6.425,25438,0
PL.US,5,20211222,213000,6.425,6.44,6.31,6.36,111859,0
PL.US,5,20211222,213500,6.37,6.398,6.36,6.39,59019,0
PL.US,5,20211222,214000,6.39,6.4,6.365,6.365,41145,0
PL.US,5,20211222,214500,6.36,6.38,6.35,6.375,55773,0
PL.US,5,20211222,215000,6.375,6.39,6.37,6.39,52439,0
PL.US,5,20211222,215500,6.385,6.39,6.33,6.35,225160,0
PL.US,5,20211223,153000,6.48,6.79,6.48,6.7,312543,0
PL.US,5,20211223,153500,6.6955,6.7441,6.64,6.71,71311,0
PL.US,5,20211223,154000,6.72,6.74,6.65,6.65,24052,0
PL.US,5,20211223,154500,6.65,6.6653,6.6,6.62,20769,0
PL.US,5,20211223,155000,6.62,6.81,6.62,6.7579,131420,0
PL.US,5,20211223,155500,6.76,6.82,6.75,6.76,75432,0
PL.US,5,20211223,160000,6.75,6.7699,6.54,6.56,93083,0
PL.US,5,20211223,160500,6.6,6.68,6.6,6.6765,24113,0
PL.US,5,20211223,161000,6.675,6.76,6.6706,6.72,60825,0
PL.US,5,20211223,161500,6.717,6.77,6.7001,6.77,41836,0
PL.US,5,20211223,162000,6.7795,6.8,6.76,6.77,47082,0
PL.US,5,20211223,162500,6.78,6.7899,6.73,6.77,46327,0
PL.US,5,20211223,163000,6.77,6.94,6.77,6.93,118957,0
PL.US,5,20211223,163500,6.935,7.07,6.91,7.03,130369,0
PL.US,5,20211223,164000,7.04,7.048,7,7.0399,43862,0
PL.US,5,20211223,164500,7.03,7.1,7.02,7.075,125445,0
PL.US,5,20211223,165000,7.075,7.21,6.99,7.18,164667,0
PL.US,5,20211223,165500,7.1971,7.2,7.07,7.11,106276,0
PL.US,5,20211223,170000,7.11,7.11,7.02,7.02,55481,0
PL.US,5,20211223,170500,7.02,7.1,7.02,7.02,62839,0
PL.US,5,20211223,171000,7.0223,7.09,7.02,7.09,39135,0
PL.US,5,20211223,171500,7.09,7.09,7.055,7.08,61841,0
PL.US,5,20211223,172000,7.09,7.16,7.08,7.14,53741,0
PL.US,5,20211223,172500,7.1201,7.15,7.11,7.15,30377,0
PL.US,5,20211223,173000,7.16,7.16,7.07,7.1,126599,0
PL.US,5,20211223,173500,7.13,7.14,7.11,7.135,8700,0
PL.US,5,20211223,174000,7.135,7.135,7.1,7.11,18279,0
PL.US,5,20211223,174500,7.1017,7.1699,7.1017,7.16,35119,0
PL.US,5,20211223,175000,7.16,7.24,7.15,7.24,46091,0
PL.US,5,20211223,175500,7.2201,7.23,7.17,7.2,41338,0
PL.US,5,20211223,180000,7.22,7.2261,7.1,7.1,60748,0
PL.US,5,20211223,180500,7.08,7.1007,7.04,7.04,56211,0
PL.US,5,20211223,181000,7.06,7.06,6.98,7.01,61969,0
PL.US,5,20211223,181500,7,7.01,6.99,6.995,32420,0
PL.US,5,20211223,182000,6.995,7.01,6.99,7,44703,0
PL.US,5,20211223,182500,7,7.04,7,7.02,58135,0
PL.US,5,20211223,183000,7.02,7.04,7.01,7.02,32998,0
PL.US,5,20211223,183500,7.015,7.04,6.99,7,57558,0
PL.US,5,20211223,184000,7,7.01,6.99,6.9901,30739,0
PL.US,5,20211223,184500,6.995,7.01,6.99,7,37943,0
PL.US,5,20211223,185000,6.99,7.08,6.98,7.0599,69942,0
PL.US,5,20211223,185500,7.055,7.08,7.05,7.075,14636,0
PL.US,5,20211223,190000,7.075,7.1499,7.075,7.14,19859,0
PL.US,5,20211223,190500,7.13,7.16,7.07,7.11,46376,0
PL.US,5,20211223,191000,7.11,7.13,7.11,7.12,6067,0
PL.US,5,20211223,191500,7.1215,7.125,7.11,7.115,3463,0
PL.US,5,20211223,192000,7.11,7.12,7.08,7.0988,13071,0
PL.US,5,20211223,192500,7.09,7.095,7.02,7.0319,45081,0
PL.US,5,20211223,193000,7.0301,7.11,6.65,7.1099,973077,0
PL.US,5,20211223,193500,7.09,7.13,7.07,7.1,61322,0
PL.US,5,20211223,194000,7.1099,7.175,7.07,7.1502,30642,0
PL.US,5,20211223,194500,7.17,7.21,7.13,7.14,50779,0
PL.US,5,20211223,195000,7.1482,7.27,7.13,7.23,96658,0
PL.US,5,20211223,195500,7.2499,7.3,7.23,7.27,56769,0
PL.US,5,20211223,200000,7.2929,7.3,7.27,7.285,22355,0
PL.US,5,20211223,200500,7.28,7.28,7.2,7.215,23801,0
PL.US,5,20211223,201000,7.2271,7.23,7.206,7.22,7618,0
PL.US,5,20211223,201500,7.225,7.24,7.2,7.2,25596,0
PL.US,5,20211223,202000,7.21,7.21,7.11,7.11,19186,0
PL.US,5,20211223,202500,7.1,7.16,7.1,7.16,19566,0
PL.US,5,20211223,203000,7.16,7.16,7.13,7.13,11152,0
PL.US,5,20211223,203500,7.13,7.15,7.1,7.15,30301,0
PL.US,5,20211223,204000,7.16,7.17,7.15,7.17,13755,0
PL.US,5,20211223,204500,7.16,7.16,7.12,7.12,14321,0
PL.US,5,20211223,205000,7.12,7.1399,7.1,7.1,14259,0
PL.US,5,20211223,205500,7.101,7.11,7.05,7.1,24256,0
PL.US,5,20211223,210000,7.09,7.13,7.06,7.13,20983,0
PL.US,5,20211223,210500,7.1204,7.1236,7.04,7.1,33740,0
PL.US,5,20211223,211000,7.0901,7.11,7.07,7.075,12292,0
PL.US,5,20211223,211500,7.0799,7.1082,7.07,7.07,15177,0
PL.US,5,20211223,212000,7.07,7.08,7.07,7.08,3313,0
PL.US,5,20211223,212500,7.085,7.11,7.08,7.1,23149,0
PL.US,5,20211223,213000,7.09,7.11,7.08,7.1,20718,0
PL.US,5,20211223,213500,7.0967,7.17,7.09,7.1599,54567,0
PL.US,5,20211223,214000,7.148,7.21,7.14,7.1713,22511,0
PL.US,5,20211223,214500,7.1796,7.19,7.13,7.15,30301,0
PL.US,5,20211223,215000,7.14,7.17,7.135,7.17,62286,0
PL.US,5,20211223,215500,7.16,7.165,7.09,7.11,181270,0
