<TICKER>,<PER>,<DATE>,<TIME>,<OPEN>,<HIGH>,<LOW>,<CLOSE>,<VOL>,<OPENINT>
RNR_F.US,5,20211104,143000,27.08,27.08,27.08,27.08,469,0
RNR_F.US,5,20211104,145000,27.1,27.1,27.09,27.09,300,0
RNR_F.US,5,20211104,151000,27.125,27.125,27.125,27.125,185,0
RNR_F.US,5,20211104,151500,27.09,27.09,27.09,27.09,400,0
RNR_F.US,5,20211104,152000,27.1,27.1,27.09,27.09,773,0
RNR_F.US,5,20211104,152500,27.09,27.09,27.09,27.09,100,0
RNR_F.US,5,20211104,155500,27.13,27.13,27.13,27.13,100,0
RNR_F.US,5,20211104,160000,27.13,27.13,27.13,27.13,100,0
RNR_F.US,5,20211104,165500,27.0568,27.0568,27.0568,27.0568,870,0
RNR_F.US,5,20211104,170000,27.0201,27.115,27.02,27.115,3767,0
RNR_F.US,5,20211104,182000,27.12,27.12,27.12,27.12,100,0
RNR_F.US,5,20211104,185500,27.142,27.142,27.12,27.12,896,0
RNR_F.US,5,20211104,190000,27.1928,27.1928,27.1928,27.1928,198,0
RNR_F.US,5,20211104,190500,27.21,27.21,27.21,27.21,200,0
RNR_F.US,5,20211104,193000,27.125,27.125,27.125,27.125,100,0
RNR_F.US,5,20211104,193500,27.08,27.11,27.08,27.08,4850,0
RNR_F.US,5,20211104,195000,27.08,27.08,27.08,27.08,1481,0
RNR_F.US,5,20211104,200000,27.079,27.08,27.079,27.08,2372,0
RNR_F.US,5,20211104,200500,27.14,27.14,27.08,27.08,900,0
RNR_F.US,5,20211104,201000,27.08,27.08,27.08,27.08,100,0
RNR_F.US,5,20211104,202500,27.07,27.07,27.03,27.03,1575,0
RNR_F.US,5,20211104,203000,27.08,27.08,27.07,27.07,500,0
RNR_F.US,5,20211104,205500,27.01,27.01,26.95,26.95,2541,0
RNR_F.US,5,20211105,143000,26.97,26.97,26.97,26.97,266,0
RNR_F.US,5,20211105,144500,27.1,27.1,27.1,27.1,500,0
RNR_F.US,5,20211105,145500,27.12,27.12,27.12,27.12,165,0
RNR_F.US,5,20211105,150500,27.1716,27.1716,27.1716,27.1716,148,0
RNR_F.US,5,20211105,151500,27.18,27.18,27.18,27.18,100,0
RNR_F.US,5,20211105,153500,27.19,27.19,27.19,27.19,379,0
RNR_F.US,5,20211105,173500,27.16,27.16,27.16,27.16,100,0
RNR_F.US,5,20211105,181000,27.12,27.12,27.12,27.12,300,0
RNR_F.US,5,20211105,182500,27.11,27.11,27.11,27.11,100,0
RNR_F.US,5,20211105,183000,27.11,27.11,27.11,27.11,105,0
RNR_F.US,5,20211105,184000,27.15,27.15,27.15,27.15,100,0
RNR_F.US,5,20211105,191000,27.1641,27.1641,27.16,27.16,705,0
RNR_F.US,5,20211105,195000,27.16,27.16,27.16,27.16,102,0
RNR_F.US,5,20211105,195500,27.14,27.143,27.01,27.143,3894,0
RNR_F.US,5,20211105,205000,27.1,27.12,27.05,27.05,1037,0
RNR_F.US,5,20211108,170000,27.1447,27.1447,27.1447,27.1447,152,0
RNR_F.US,5,20211108,173000,27.15,27.15,27.15,27.15,200,0
RNR_F.US,5,20211108,173500,27.11,27.118,27.0312,27.0312,2820,0
RNR_F.US,5,20211108,190500,27.095,27.095,27.095,27.095,111,0
RNR_F.US,5,20211108,192000,27.09,27.09,27.09,27.09,239,0
RNR_F.US,5,20211108,193500,27.16,27.16,27.16,27.16,100,0
RNR_F.US,5,20211108,200000,27.1,27.1,27.1,27.1,116,0
RNR_F.US,5,20211108,201000,27.105,27.105,26.9386,26.94,18861,0
RNR_F.US,5,20211108,203500,27.03,27.03,27.03,27.03,200,0
RNR_F.US,5,20211108,212000,26.96,26.96,26.95,26.95,1300,0
RNR_F.US,5,20211108,212500,27.1084,27.1084,27.1084,27.1084,222,0
RNR_F.US,5,20211108,213500,27.03,27.03,27.03,27.03,921,0
RNR_F.US,5,20211108,214500,26.95,26.97,26.95,26.95,1100,0
RNR_F.US,5,20211108,215500,27.03,27.03,27.03,27.03,110,0
RNR_F.US,5,20211109,153000,26.98,26.98,26.98,26.98,2091,0
RNR_F.US,5,20211109,154000,26.97,26.97,26.97,26.97,109,0
RNR_F.US,5,20211109,155000,26.96,26.96,26.95,26.95,1055,0
RNR_F.US,5,20211109,160000,26.97,26.97,26.97,26.97,100,0
RNR_F.US,5,20211109,164000,26.88,26.89,26.87,26.87,723,0
RNR_F.US,5,20211109,172000,26.89,26.89,26.89,26.89,100,0
RNR_F.US,5,20211109,180500,26.96,26.96,26.96,26.96,100,0
RNR_F.US,5,20211109,182500,26.97,26.97,26.97,26.97,267,0
RNR_F.US,5,20211109,184000,26.96,26.97,26.94,26.97,4400,0
RNR_F.US,5,20211109,192000,26.938,26.938,26.938,26.938,183,0
RNR_F.US,5,20211109,194500,26.91,26.94,26.89,26.905,3736,0
RNR_F.US,5,20211109,200500,26.94,26.94,26.94,26.94,146,0
RNR_F.US,5,20211109,201000,26.89,26.89,26.89,26.89,100,0
RNR_F.US,5,20211109,203000,26.89,26.8958,26.88,26.89,1680,0
RNR_F.US,5,20211109,204500,26.89,26.89,26.89,26.89,300,0
RNR_F.US,5,20211109,205500,26.86,26.86,26.86,26.86,100,0
RNR_F.US,5,20211109,214500,26.86,26.86,26.86,26.86,100,0
RNR_F.US,5,20211109,215000,26.91,26.91,26.91,26.91,190,0
RNR_F.US,5,20211109,215500,26.86,26.86,26.85,26.85,446,0
RNR_F.US,5,20211110,154500,26.84,26.84,26.84,26.84,100,0
RNR_F.US,5,20211110,162000,26.9,26.9,26.9,26.9,113,0
RNR_F.US,5,20211110,164500,26.85,26.85,26.85,26.85,188,0
RNR_F.US,5,20211110,173500,26.89,26.89,26.89,26.89,100,0
RNR_F.US,5,20211110,182000,26.85,26.87,26.85,26.85,585,0
RNR_F.US,5,20211110,185000,26.8,26.85,26.75,26.8,3064,0
RNR_F.US,5,20211110,191000,26.61,26.61,26.54,26.54,7530,0
RNR_F.US,5,20211110,191500,26.55,26.62,26.55,26.62,300,0
RNR_F.US,5,20211110,193000,26.62,26.62,26.62,26.62,100,0
RNR_F.US,5,20211110,195500,26.565,26.6,26.565,26.6,2002,0
RNR_F.US,5,20211110,200000,26.6,26.6,26.6,26.6,100,0
RNR_F.US,5,20211110,204000,26.625,26.625,26.5711,26.5711,903,0
RNR_F.US,5,20211110,212000,26.54,26.62,26.54,26.62,2147,0
RNR_F.US,5,20211110,214500,26.625,26.625,26.625,26.625,117,0
RNR_F.US,5,20211110,215500,26.565,26.57,26.55,26.55,1220,0
RNR_F.US,5,20211111,153000,26.63,26.63,26.63,26.63,100,0
RNR_F.US,5,20211111,155500,26.65,26.65,26.65,26.65,100,0
RNR_F.US,5,20211111,160000,26.651,26.67,26.65,26.661,1100,0
RNR_F.US,5,20211111,171000,26.7,26.7,26.61,26.61,800,0
RNR_F.US,5,20211111,173500,26.6024,26.6024,26.6024,26.6024,132,0
RNR_F.US,5,20211111,175000,26.7599,26.7599,26.7599,26.7599,163,0
RNR_F.US,5,20211111,175500,26.74,26.76,26.71,26.7598,900,0
RNR_F.US,5,20211111,191000,26.6378,26.6378,26.6378,26.6378,198,0
RNR_F.US,5,20211111,191500,26.6,26.6,26.6,26.6,100,0
RNR_F.US,5,20211111,192000,26.6198,26.6198,26.6198,26.6198,178,0
RNR_F.US,5,20211111,202000,26.65,26.65,26.5708,26.5708,761,0
RNR_F.US,5,20211111,203000,26.65,26.65,26.65,26.65,173,0
RNR_F.US,5,20211111,204000,26.612,26.612,26.612,26.612,167,0
RNR_F.US,5,20211111,212500,26.52,26.52,26.517,26.517,200,0
RNR_F.US,5,20211111,213000,26.52,26.52,26.52,26.52,100,0
RNR_F.US,5,20211111,215000,26.54,26.605,26.51,26.55,600,0
RNR_F.US,5,20211111,215500,26.65,26.65,26.65,26.65,870,0
RNR_F.US,5,20211112,160500,26.64,26.64,26.63,26.64,400,0
RNR_F.US,5,20211112,170000,26.65,26.65,26.63,26.65,400,0
RNR_F.US,5,20211112,170500,26.68,26.78,26.68,26.78,3200,0
RNR_F.US,5,20211112,171000,26.69,26.6928,26.69,26.69,600,0
RNR_F.US,5,20211112,171500,26.66,26.66,26.66,26.66,100,0
RNR_F.US,5,20211112,172000,26.66,26.66,26.66,26.66,200,0
RNR_F.US,5,20211112,173500,26.6189,26.6189,26.6189,26.6189,183,0
RNR_F.US,5,20211112,175000,26.661,26.68,26.661,26.68,355,0
RNR_F.US,5,20211112,182000,26.66,26.66,26.66,26.66,100,0
RNR_F.US,5,20211112,183000,26.6621,26.67,26.6621,26.67,255,0
RNR_F.US,5,20211112,184000,26.6,26.6,26.6,26.6,265,0
RNR_F.US,5,20211112,201500,26.61,26.61,26.61,26.61,200,0
RNR_F.US,5,20211112,213000,26.6,26.6,26.6,26.6,100,0
RNR_F.US,5,20211112,214500,26.6089,26.64,26.6089,26.64,1598,0
RNR_F.US,5,20211112,215000,26.6599,26.6599,26.6599,26.6599,2000,0
RNR_F.US,5,20211112,215500,26.63,26.64,26.605,26.64,1237,0
RNR_F.US,5,20211115,153000,26.66,26.66,26.66,26.66,122,0
RNR_F.US,5,20211115,154000,26.65,26.65,26.65,26.65,100,0
RNR_F.US,5,20211115,155500,26.67,26.67,26.67,26.67,146,0
RNR_F.US,5,20211115,161500,26.61,26.61,26.61,26.61,100,0
RNR_F.US,5,20211115,165000,26.61,26.63,26.61,26.62,1400,0
RNR_F.US,5,20211115,172500,26.68,26.68,26.68,26.68,200,0
RNR_F.US,5,20211115,185500,26.64,26.64,26.62,26.62,251,0
RNR_F.US,5,20211115,190500,26.62,26.62,26.62,26.62,100,0
RNR_F.US,5,20211115,192000,26.63,26.63,26.63,26.63,200,0
RNR_F.US,5,20211115,203000,26.63,26.63,26.63,26.63,100,0
RNR_F.US,5,20211115,213500,26.62,26.66,26.62,26.66,2915,0
RNR_F.US,5,20211115,214000,26.6635,26.6635,26.6635,26.6635,103,0
RNR_F.US,5,20211115,215000,26.65,26.68,26.65,26.68,400,0
RNR_F.US,5,20211115,215500,26.69,26.69,26.69,26.69,871,0
RNR_F.US,5,20211116,153000,26.69,26.69,26.69,26.69,201,0
RNR_F.US,5,20211116,153500,26.6,26.6,26.6,26.6,350,0
RNR_F.US,5,20211116,155000,26.61,26.67,26.605,26.67,1900,0
RNR_F.US,5,20211116,162000,26.63,26.64,26.63,26.63,300,0
RNR_F.US,5,20211116,163000,26.63,26.64,26.63,26.63,300,0
RNR_F.US,5,20211116,165000,26.64,26.64,26.61,26.64,500,0
RNR_F.US,5,20211116,172000,26.64,26.64,26.64,26.64,300,0
RNR_F.US,5,20211116,173000,26.69,26.7,26.69,26.7,899,0
RNR_F.US,5,20211116,173500,26.6532,26.7,26.6532,26.7,311,0
RNR_F.US,5,20211116,180500,26.66,26.7204,26.66,26.7204,674,0
RNR_F.US,5,20211116,182000,26.7203,26.7203,26.7203,26.7203,214,0
RNR_F.US,5,20211116,183500,26.697,26.697,26.697,26.697,306,0
RNR_F.US,5,20211116,184500,26.6662,26.6662,26.6662,26.6662,238,0
RNR_F.US,5,20211116,190000,26.63,26.63,26.62,26.6277,400,0
RNR_F.US,5,20211116,191000,26.69,26.69,26.69,26.69,100,0
RNR_F.US,5,20211116,195500,26.6242,26.6242,26.6242,26.6242,231,0
RNR_F.US,5,20211116,200500,26.62,26.62,26.61,26.615,300,0
RNR_F.US,5,20211116,201000,26.67,26.67,26.67,26.67,100,0
RNR_F.US,5,20211116,203500,26.611,26.64,26.6,26.6,2810,0
RNR_F.US,5,20211116,204000,26.5512,26.5512,26.5512,26.5512,194,0
RNR_F.US,5,20211116,210500,26.52,26.52,26.52,26.52,100,0
RNR_F.US,5,20211116,212000,26.52,26.52,26.48,26.4863,432,0
RNR_F.US,5,20211116,212500,26.48,26.54,26.45,26.51,5478,0
RNR_F.US,5,20211116,213500,26.49,26.5,26.49,26.5,300,0
RNR_F.US,5,20211116,214500,26.499,26.5,26.499,26.5,5600,0
RNR_F.US,5,20211116,215500,26.56,26.56,26.56,26.56,580,0
RNR_F.US,5,20211117,153000,26.44,26.44,26.44,26.44,329,0
RNR_F.US,5,20211117,155000,26.41,26.41,26.41,26.41,162,0
RNR_F.US,5,20211117,155500,26.43,26.43,26.43,26.43,100,0
RNR_F.US,5,20211117,160000,26.34,26.35,26.33,26.33,573,0
RNR_F.US,5,20211117,160500,26.33,26.42,26.33,26.38,805,0
RNR_F.US,5,20211117,161000,26.44,26.47,26.44,26.46,1106,0
RNR_F.US,5,20211117,163500,26.48,26.48,26.48,26.48,100,0
RNR_F.US,5,20211117,164000,26.41,26.41,26.41,26.41,100,0
RNR_F.US,5,20211117,164500,26.42,26.42,26.415,26.4191,300,0
RNR_F.US,5,20211117,165500,26.4184,26.43,26.411,26.43,300,0
RNR_F.US,5,20211117,170000,26.41,26.41,26.41,26.41,100,0
RNR_F.US,5,20211117,171000,26.44,26.44,26.41,26.41,206,0
RNR_F.US,5,20211117,173500,26.46,26.46,26.46,26.46,100,0
RNR_F.US,5,20211117,174000,26.43,26.46,26.41,26.46,825,0
RNR_F.US,5,20211117,174500,26.42,26.48,26.42,26.48,1000,0
RNR_F.US,5,20211117,180000,26.48,26.491,26.48,26.491,500,0
RNR_F.US,5,20211117,182000,26.457,26.457,26.457,26.457,500,0
RNR_F.US,5,20211117,183500,26.495,26.495,26.46,26.46,522,0
RNR_F.US,5,20211117,185000,26.45,26.45,26.45,26.45,200,0
RNR_F.US,5,20211117,193500,26.41,26.41,26.41,26.41,100,0
RNR_F.US,5,20211117,194500,26.4441,26.4441,26.41,26.41,486,0
RNR_F.US,5,20211117,195500,26.4673,26.47,26.45,26.46,1500,0
RNR_F.US,5,20211117,200000,26.4301,26.4301,26.4301,26.4301,700,0
RNR_F.US,5,20211117,200500,26.4301,26.475,26.42,26.465,1544,0
RNR_F.US,5,20211117,201500,26.42,26.42,26.42,26.42,200,0
RNR_F.US,5,20211117,203500,26.38,26.38,26.37,26.37,200,0
RNR_F.US,5,20211117,204000,26.37,26.37,26.37,26.37,200,0
RNR_F.US,5,20211117,204500,26.42,26.42,26.42,26.42,100,0
RNR_F.US,5,20211117,205000,26.42,26.42,26.42,26.42,300,0
RNR_F.US,5,20211117,205500,26.43,26.43,26.42,26.43,900,0
RNR_F.US,5,20211117,210000,26.37,26.37,26.365,26.365,200,0
RNR_F.US,5,20211117,211000,26.37,26.37,26.37,26.37,200,0
RNR_F.US,5,20211117,212000,26.45,26.45,26.37,26.44,300,0
RNR_F.US,5,20211117,213000,26.38,26.38,26.38,26.38,100,0
RNR_F.US,5,20211117,213500,26.43,26.44,26.42,26.42,1212,0
RNR_F.US,5,20211117,214500,26.4301,26.44,26.4301,26.44,245,0
RNR_F.US,5,20211117,215000,26.44,26.44,26.44,26.44,200,0
RNR_F.US,5,20211117,215500,26.441,26.61,26.44,26.61,3098,0
RNR_F.US,5,20211118,153000,26.49,26.49,26.49,26.49,432,0
RNR_F.US,5,20211118,153500,26.55,26.56,26.55,26.56,300,0
RNR_F.US,5,20211118,154500,26.53,26.53,26.5,26.525,1300,0
RNR_F.US,5,20211118,155500,26.5,26.5,26.5,26.5,200,0
RNR_F.US,5,20211118,160000,26.51,26.51,26.47,26.49,1741,0
RNR_F.US,5,20211118,160500,26.51,26.51,26.51,26.51,100,0
RNR_F.US,5,20211118,163000,26.47,26.47,26.47,26.47,100,0
RNR_F.US,5,20211118,163500,26.43,26.43,26.42,26.42,200,0
RNR_F.US,5,20211118,164000,26.44,26.44,26.43,26.43,200,0
RNR_F.US,5,20211118,164500,26.535,26.535,26.435,26.435,200,0
RNR_F.US,5,20211118,165000,26.46,26.46,26.46,26.46,100,0
RNR_F.US,5,20211118,170500,26.46,26.46,26.45,26.45,200,0
RNR_F.US,5,20211118,171000,26.45,26.45,26.45,26.45,100,0
RNR_F.US,5,20211118,171500,26.53,26.53,26.53,26.53,100,0
RNR_F.US,5,20211118,172000,26.45,26.45,26.45,26.45,100,0
RNR_F.US,5,20211118,172500,26.45,26.45,26.45,26.45,200,0
RNR_F.US,5,20211118,173500,26.46,26.46,26.46,26.46,100,0
RNR_F.US,5,20211118,174000,26.46,26.46,26.46,26.46,100,0
RNR_F.US,5,20211118,175000,26.44,26.45,26.44,26.45,200,0
RNR_F.US,5,20211118,175500,26.46,26.46,26.46,26.46,100,0
RNR_F.US,5,20211118,180000,26.45,26.45,26.45,26.45,100,0
RNR_F.US,5,20211118,182500,26.47,26.47,26.47,26.47,200,0
RNR_F.US,5,20211118,185000,26.485,26.485,26.485,26.485,100,0
RNR_F.US,5,20211118,192000,26.5202,26.5202,26.5202,26.5202,125,0
RNR_F.US,5,20211118,195500,26.4309,26.4309,26.4309,26.4309,893,0
RNR_F.US,5,20211118,201000,26.41,26.42,26.41,26.42,200,0
RNR_F.US,5,20211118,201500,26.46,26.46,26.43,26.4301,2700,0
RNR_F.US,5,20211118,202500,26.5,26.5,26.5,26.5,100,0
RNR_F.US,5,20211118,203500,26.43,26.43,26.43,26.43,100,0
RNR_F.US,5,20211118,210000,26.43,26.498,26.43,26.498,1900,0
RNR_F.US,5,20211118,212000,26.49,26.5,26.48,26.5,1870,0
RNR_F.US,5,20211118,213500,26.4645,26.4645,26.4645,26.4645,376,0
RNR_F.US,5,20211118,214000,26.4955,26.4955,26.4955,26.4955,376,0
RNR_F.US,5,20211118,214500,26.43,26.43,26.43,26.43,100,0
RNR_F.US,5,20211118,215500,26.44,26.48,26.44,26.48,874,0
RNR_F.US,5,20211119,153000,26.52,26.52,26.52,26.52,448,0
RNR_F.US,5,20211119,160000,26.4962,26.51,26.4842,26.4842,618,0
RNR_F.US,5,20211119,164500,26.455,26.455,26.451,26.451,200,0
RNR_F.US,5,20211119,170000,26.52,26.52,26.46,26.461,500,0
RNR_F.US,5,20211119,172500,26.51,26.51,26.51,26.51,113,0
RNR_F.US,5,20211119,174500,26.5,26.5,26.5,26.5,100,0
RNR_F.US,5,20211119,175500,26.495,26.495,26.495,26.495,119,0
RNR_F.US,5,20211119,181000,26.48,26.48,26.47,26.47,606,0
RNR_F.US,5,20211119,182000,26.475,26.475,26.475,26.475,811,0
RNR_F.US,5,20211119,184000,26.48,26.48,26.48,26.48,421,0
RNR_F.US,5,20211119,184500,26.48,26.48,26.48,26.48,357,0
RNR_F.US,5,20211119,194000,26.478,26.478,26.478,26.478,439,0
RNR_F.US,5,20211119,195500,26.4621,26.489,26.46,26.489,634,0
RNR_F.US,5,20211119,200500,26.4621,26.4621,26.461,26.461,200,0
RNR_F.US,5,20211119,201000,26.49,26.49,26.49,26.49,100,0
RNR_F.US,5,20211119,205000,26.491,26.505,26.4749,26.4749,626,0
RNR_F.US,5,20211119,215000,26.55,26.55,26.53,26.53,200,0
RNR_F.US,5,20211119,215500,26.53,26.53,26.53,26.53,100,0
RNR_F.US,5,20211122,153000,26.53,26.53,26.53,26.53,203,0
RNR_F.US,5,20211122,153500,26.53,26.53,26.53,26.53,121,0
RNR_F.US,5,20211122,155500,26.435,26.45,26.421,26.45,700,0
RNR_F.US,5,20211122,163000,26.52,26.52,26.52,26.52,100,0
RNR_F.US,5,20211122,163500,26.51,26.52,26.51,26.52,300,0
RNR_F.US,5,20211122,165000,26.51,26.51,26.51,26.51,156,0
RNR_F.US,5,20211122,173000,26.54,26.54,26.54,26.54,245,0
RNR_F.US,5,20211122,175000,26.47,26.5,26.47,26.49,400,0
RNR_F.US,5,20211122,175500,26.47,26.47,26.46,26.47,300,0
RNR_F.US,5,20211122,184500,26.47,26.47,26.47,26.47,100,0
RNR_F.US,5,20211122,190000,26.47,26.47,26.46,26.46,749,0
RNR_F.US,5,20211122,192500,26.45,26.47,26.45,26.47,300,0
RNR_F.US,5,20211122,193000,26.461,26.47,26.461,26.47,289,0
RNR_F.US,5,20211122,194500,26.45,26.45,26.45,26.45,700,0
RNR_F.US,5,20211122,195000,26.45,26.45,26.42,26.42,425,0
RNR_F.US,5,20211122,203000,26.445,26.445,26.445,26.445,235,0
RNR_F.US,5,20211122,205500,26.42,26.42,26.42,26.42,100,0
RNR_F.US,5,20211122,210000,26.42,26.42,26.42,26.42,100,0
RNR_F.US,5,20211122,211000,26.42,26.42,26.42,26.42,100,0
RNR_F.US,5,20211122,211500,26.42,26.42,26.42,26.42,100,0
RNR_F.US,5,20211122,212500,26.42,26.42,26.42,26.42,100,0
RNR_F.US,5,20211122,213000,26.43,26.43,26.43,26.43,100,0
RNR_F.US,5,20211122,213500,26.42,26.42,26.42,26.42,100,0
RNR_F.US,5,20211122,214000,26.42,26.42,26.42,26.42,100,0
RNR_F.US,5,20211122,214500,26.42,26.42,26.42,26.42,100,0
RNR_F.US,5,20211122,215000,26.44,26.44,26.44,26.44,100,0
RNR_F.US,5,20211122,215500,26.42,26.48,26.42,26.48,521,0
RNR_F.US,5,20211123,153000,26.41,26.41,26.4,26.4,417,0
RNR_F.US,5,20211123,153500,26.4,26.4,26.4,26.4,2722,0
RNR_F.US,5,20211123,154000,26.4,26.44,26.4,26.4,503,0
RNR_F.US,5,20211123,154500,26.4,26.4,26.4,26.4,239,0
RNR_F.US,5,20211123,161000,26.4,26.4,26.4,26.4,100,0
RNR_F.US,5,20211123,161500,26.4,26.4,26.4,26.4,700,0
RNR_F.US,5,20211123,162500,26.31,26.31,26.31,26.31,100,0
RNR_F.US,5,20211123,163500,26.3,26.3,26.3,26.3,100,0
RNR_F.US,5,20211123,165000,26.31,26.31,26.31,26.31,100,0
RNR_F.US,5,20211123,170000,26.31,26.31,26.31,26.31,100,0
RNR_F.US,5,20211123,171500,26.31,26.31,26.31,26.31,100,0
RNR_F.US,5,20211123,172000,26.31,26.31,26.31,26.31,302,0
RNR_F.US,5,20211123,173000,26.3001,26.3001,26.3001,26.3001,500,0
RNR_F.US,5,20211123,174500,26.3,26.3,26.3,26.3,100,0
RNR_F.US,5,20211123,180500,26.31,26.31,26.31,26.31,100,0
RNR_F.US,5,20211123,182000,26.31,26.31,26.31,26.31,100,0
RNR_F.US,5,20211123,184000,26.31,26.31,26.31,26.31,100,0
RNR_F.US,5,20211123,190000,26.31,26.31,26.31,26.31,100,0
RNR_F.US,5,20211123,190500,26.344,26.344,26.344,26.344,225,0
RNR_F.US,5,20211123,191500,26.31,26.31,26.31,26.31,100,0
RNR_F.US,5,20211123,192000,26.31,26.3568,26.31,26.3568,800,0
RNR_F.US,5,20211123,193500,26.3,26.3,26.3,26.3,100,0
RNR_F.US,5,20211123,194500,26.3279,26.33,26.315,26.315,1772,0
RNR_F.US,5,20211123,201000,26.36,26.36,26.36,26.36,100,0
RNR_F.US,5,20211123,201500,26.37,26.4,26.37,26.4,200,0
RNR_F.US,5,20211123,204000,26.33,26.33,26.33,26.33,100,0
RNR_F.US,5,20211123,210000,26.35,26.35,26.3452,26.3452,507,0
RNR_F.US,5,20211123,211000,26.32,26.32,26.32,26.32,100,0
RNR_F.US,5,20211123,212000,26.32,26.32,26.32,26.32,200,0
RNR_F.US,5,20211123,213000,26.32,26.32,26.32,26.32,100,0
RNR_F.US,5,20211123,213500,26.32,26.32,26.32,26.32,585,0
RNR_F.US,5,20211123,214000,26.32,26.32,26.32,26.32,1662,0
RNR_F.US,5,20211123,214500,26.29,26.29,26.28,26.28,459,0
RNR_F.US,5,20211123,215000,26.24,26.395,26.24,26.27,1107,0
RNR_F.US,5,20211123,215500,26.27,26.4,26.27,26.4,821,0
RNR_F.US,5,20211124,153000,26.34,26.34,26.32,26.32,632,0
RNR_F.US,5,20211124,153500,26.34,26.34,26.26,26.27,300,0
RNR_F.US,5,20211124,154000,26.27,26.27,26.27,26.27,200,0
RNR_F.US,5,20211124,154500,26.26,26.26,26.26,26.26,100,0
RNR_F.US,5,20211124,155000,26.22,26.33,26.22,26.33,200,0
RNR_F.US,5,20211124,155500,26.3003,26.3003,26.27,26.27,200,0
RNR_F.US,5,20211124,160000,26.26,26.26,26.26,26.26,100,0
RNR_F.US,5,20211124,160500,26.26,26.26,26.26,26.26,100,0
RNR_F.US,5,20211124,161000,26.26,26.26,26.26,26.26,100,0
RNR_F.US,5,20211124,161500,26.26,26.26,26.26,26.26,200,0
RNR_F.US,5,20211124,162000,26.28,26.28,26.28,26.28,100,0
RNR_F.US,5,20211124,162500,26.29,26.29,26.29,26.29,100,0
RNR_F.US,5,20211124,163000,26.29,26.29,26.29,26.29,100,0
RNR_F.US,5,20211124,163500,26.34,26.34,26.34,26.34,100,0
RNR_F.US,5,20211124,165000,26.338,26.338,26.338,26.338,189,0
RNR_F.US,5,20211124,171000,26.369,26.39,26.369,26.39,900,0
RNR_F.US,5,20211124,171500,26.43,26.43,26.42,26.42,493,0
RNR_F.US,5,20211124,174500,26.41,26.41,26.41,26.41,200,0
RNR_F.US,5,20211124,181000,26.41,26.41,26.41,26.41,100,0
RNR_F.US,5,20211124,182000,26.34,26.34,26.34,26.34,100,0
RNR_F.US,5,20211124,183000,26.36,26.36,26.36,26.36,100,0
RNR_F.US,5,20211124,183500,26.37,26.38,26.37,26.38,300,0
RNR_F.US,5,20211124,185500,26.405,26.405,26.405,26.405,114,0
RNR_F.US,5,20211124,195500,26.34,26.34,26.34,26.34,100,0
RNR_F.US,5,20211124,204500,26.35,26.35,26.35,26.35,538,0
RNR_F.US,5,20211124,205500,26.356,26.356,26.356,26.356,192,0
RNR_F.US,5,20211124,210000,26.38,26.38,26.38,26.38,100,0
RNR_F.US,5,20211124,212500,26.43,26.43,26.43,26.43,125,0
RNR_F.US,5,20211124,214500,26.37,26.37,26.37,26.37,152,0
RNR_F.US,5,20211124,215000,26.37,26.37,26.37,26.37,497,0
RNR_F.US,5,20211124,215500,26.36,26.36,26.36,26.36,364,0
RNR_F.US,5,20211126,153000,26.23,26.23,26.19,26.19,324,0
RNR_F.US,5,20211126,153500,26.19,26.19,26.19,26.19,231,0
RNR_F.US,5,20211126,154000,26.22,26.22,26.11,26.13,4200,0
RNR_F.US,5,20211126,154500,26.32,26.3299,26.2,26.2,4900,0
RNR_F.US,5,20211126,155000,26.2,26.2,26.1,26.1,2400,0
RNR_F.US,5,20211126,155500,26.12,26.12,26.12,26.12,100,0
RNR_F.US,5,20211126,160000,26.12,26.12,26.12,26.12,200,0
RNR_F.US,5,20211126,160500,26.11,26.11,26.11,26.11,100,0
RNR_F.US,5,20211126,161000,26.1,26.1,26.1,26.1,100,0
RNR_F.US,5,20211126,161500,26.11,26.11,26.03,26.065,700,0
RNR_F.US,5,20211126,162500,26.08,26.1688,26.04,26.1688,999,0
RNR_F.US,5,20211126,164500,26.1091,26.1091,26.1091,26.1091,102,0
RNR_F.US,5,20211126,172500,26.11,26.11,26.0606,26.0606,405,0
RNR_F.US,5,20211126,174000,26.07,26.07,26.05,26.05,663,0
RNR_F.US,5,20211126,181000,26.05,26.05,26.05,26.05,166,0
RNR_F.US,5,20211126,181500,26.09,26.119,26.085,26.119,600,0
RNR_F.US,5,20211126,182000,26.099,26.12,26.09,26.12,906,0
RNR_F.US,5,20211126,182500,26.15,26.15,26.15,26.15,100,0
RNR_F.US,5,20211126,185000,26.17,26.17,26.17,26.17,142,0
RNR_F.US,5,20211126,185500,26.18,26.18,26.17,26.17,577,0
RNR_F.US,5,20211126,190000,26.17,26.17,26.17,26.17,100,0
RNR_F.US,5,20211129,153000,25.94,25.94,25.89,25.89,783,0
RNR_F.US,5,20211129,153500,25.9,25.9,25.9,25.9,300,0
RNR_F.US,5,20211129,154000,25.9,25.92,25.9,25.91,800,0
RNR_F.US,5,20211129,154500,25.91,25.93,25.9,25.93,300,0
RNR_F.US,5,20211129,155000,25.89,25.89,25.89,25.89,200,0
RNR_F.US,5,20211129,155500,25.89,25.89,25.89,25.89,300,0
RNR_F.US,5,20211129,160000,25.9,25.9,25.89,25.89,200,0
RNR_F.US,5,20211129,160500,25.9,25.9,25.9,25.9,200,0
RNR_F.US,5,20211129,161000,25.89,25.89,25.89,25.89,200,0
RNR_F.US,5,20211129,161500,25.85,25.85,25.85,25.85,200,0
RNR_F.US,5,20211129,162000,25.86,25.86,25.86,25.86,100,0
RNR_F.US,5,20211129,162500,25.86,25.86,25.86,25.86,100,0
RNR_F.US,5,20211129,163000,25.86,25.86,25.86,25.86,200,0
RNR_F.US,5,20211129,163500,25.85,25.85,25.85,25.85,100,0
RNR_F.US,5,20211129,164000,25.85,25.85,25.85,25.85,600,0
RNR_F.US,5,20211129,164500,25.85,25.85,25.85,25.85,390,0
RNR_F.US,5,20211129,165000,25.85,25.85,25.85,25.85,100,0
RNR_F.US,5,20211129,165500,25.9332,25.9332,25.9332,25.9332,134,0
RNR_F.US,5,20211129,170000,25.85,25.86,25.85,25.86,200,0
RNR_F.US,5,20211129,170500,25.85,25.85,25.85,25.85,200,0
RNR_F.US,5,20211129,171000,25.85,25.86,25.85,25.85,300,0
RNR_F.US,5,20211129,171500,25.85,25.86,25.85,25.86,200,0
RNR_F.US,5,20211129,172000,25.86,25.86,25.86,25.86,100,0
RNR_F.US,5,20211129,172500,25.86,25.86,25.86,25.86,100,0
RNR_F.US,5,20211129,173000,25.86,25.86,25.86,25.86,100,0
RNR_F.US,5,20211129,174500,25.86,25.86,25.8501,25.8501,315,0
RNR_F.US,5,20211129,180000,25.86,25.86,25.86,25.86,100,0
RNR_F.US,5,20211129,180500,25.9,25.91,25.88,25.91,1686,0
RNR_F.US,5,20211129,181000,25.9,25.9,25.9,25.9,100,0
RNR_F.US,5,20211129,181500,25.91,25.92,25.91,25.915,510,0
RNR_F.US,5,20211129,183500,25.87,25.87,25.87,25.87,100,0
RNR_F.US,5,20211129,184500,25.92,25.92,25.88,25.892,6597,0
RNR_F.US,5,20211129,185500,25.9,25.9,25.9,25.9,100,0
RNR_F.US,5,20211129,190000,25.94,25.96,25.93,25.94,2425,0
RNR_F.US,5,20211129,191000,25.95,25.95,25.95,25.95,400,0
RNR_F.US,5,20211129,191500,25.939,25.939,25.939,25.939,201,0
RNR_F.US,5,20211129,194500,25.91,25.91,25.91,25.91,100,0
RNR_F.US,5,20211129,200000,25.9599,25.9599,25.9599,25.9599,400,0
RNR_F.US,5,20211129,200500,25.95,25.95,25.95,25.95,313,0
RNR_F.US,5,20211129,201000,25.9599,25.9599,25.9599,25.9599,400,0
RNR_F.US,5,20211129,202000,25.91,25.91,25.91,25.91,100,0
RNR_F.US,5,20211129,202500,25.95,25.96,25.95,25.96,246,0
RNR_F.US,5,20211129,203000,25.93,25.93,25.93,25.93,100,0
RNR_F.US,5,20211129,203500,25.97,25.97,25.9306,25.9306,5645,0
RNR_F.US,5,20211129,204500,25.945,25.945,25.945,25.945,100,0
RNR_F.US,5,20211129,205500,25.95,25.95,25.95,25.95,100,0
RNR_F.US,5,20211129,210000,25.94,25.94,25.94,25.94,100,0
RNR_F.US,5,20211129,211000,25.95,25.95,25.95,25.95,100,0
RNR_F.US,5,20211129,212000,25.95,25.95,25.95,25.95,100,0
RNR_F.US,5,20211129,213000,25.97,25.97,25.95,25.97,400,0
RNR_F.US,5,20211129,213500,25.97,25.97,25.96,25.97,2302,0
RNR_F.US,5,20211129,214000,25.97,25.97,25.955,25.97,3100,0
RNR_F.US,5,20211129,214500,25.97,25.97,25.97,25.97,1100,0
RNR_F.US,5,20211129,215000,25.955,25.97,25.955,25.97,1000,0
RNR_F.US,5,20211129,215500,25.99,26,25.975,25.98,1100,0
RNR_F.US,5,20211130,153000,25.9,25.94,25.9,25.94,2943,0
RNR_F.US,5,20211130,153500,25.9,25.98,25.9,25.91,379,0
RNR_F.US,5,20211130,154000,25.91,25.96,25.91,25.91,400,0
RNR_F.US,5,20211130,154500,25.91,25.96,25.91,25.96,200,0
RNR_F.US,5,20211130,155000,25.91,25.982,25.91,25.92,700,0
RNR_F.US,5,20211130,155500,25.96,25.96,25.93,25.93,200,0
RNR_F.US,5,20211130,160000,25.93,25.945,25.93,25.945,200,0
RNR_F.US,5,20211130,160500,25.92,25.92,25.92,25.92,100,0
RNR_F.US,5,20211130,161000,25.92,25.945,25.92,25.945,200,0
RNR_F.US,5,20211130,161500,25.94,25.96,25.94,25.96,200,0
RNR_F.US,5,20211130,162000,25.92,25.92,25.92,25.92,200,0
RNR_F.US,5,20211130,162500,25.92,25.92,25.92,25.92,100,0
RNR_F.US,5,20211130,163000,25.92,25.92,25.92,25.92,200,0
RNR_F.US,5,20211130,163500,25.92,25.92,25.92,25.92,100,0
RNR_F.US,5,20211130,164000,25.92,25.93,25.915,25.915,500,0
RNR_F.US,5,20211130,164500,25.91,25.92,25.91,25.92,1300,0
RNR_F.US,5,20211130,165000,25.94,25.94,25.92,25.92,500,0
RNR_F.US,5,20211130,165500,25.92,25.92,25.91,25.91,700,0
RNR_F.US,5,20211130,170000,25.92,25.92,25.865,25.92,2358,0
RNR_F.US,5,20211130,170500,25.92,25.92,25.81,25.81,242,0
RNR_F.US,5,20211130,171000,25.92,25.92,25.92,25.92,200,0
RNR_F.US,5,20211130,171500,25.9075,25.9075,25.9075,25.9075,100,0
RNR_F.US,5,20211130,172000,25.9075,25.9075,25.9,25.9,300,0
RNR_F.US,5,20211130,172500,25.92,25.92,25.91,25.91,700,0
RNR_F.US,5,20211130,173000,25.92,25.92,25.92,25.92,100,0
RNR_F.US,5,20211130,175500,25.895,25.895,25.895,25.895,100,0
RNR_F.US,5,20211130,180500,25.895,25.895,25.895,25.895,117,0
RNR_F.US,5,20211130,182000,25.92,25.92,25.92,25.92,2600,0
RNR_F.US,5,20211130,184000,25.92,25.92,25.92,25.92,100,0
RNR_F.US,5,20211130,190000,25.92,25.92,25.92,25.92,100,0
RNR_F.US,5,20211130,192000,25.92,25.92,25.92,25.92,100,0
RNR_F.US,5,20211130,193500,25.92,25.92,25.92,25.92,100,0
RNR_F.US,5,20211130,195000,25.92,25.92,25.92,25.92,100,0
RNR_F.US,5,20211130,200500,25.92,25.92,25.92,25.92,100,0
RNR_F.US,5,20211130,201500,25.92,25.92,25.92,25.92,100,0
RNR_F.US,5,20211130,202500,25.92,25.92,25.92,25.92,100,0
RNR_F.US,5,20211130,203000,25.92,25.92,25.92,25.92,217,0
RNR_F.US,5,20211130,203500,25.93,25.95,25.88,25.95,3600,0
RNR_F.US,5,20211130,204000,25.95,25.95,25.92,25.95,1800,0
RNR_F.US,5,20211130,204500,25.94,25.95,25.94,25.95,700,0
RNR_F.US,5,20211130,205000,25.9565,25.9565,25.9565,25.9565,108,0
RNR_F.US,5,20211130,205500,25.96,25.96,25.96,25.96,108,0
RNR_F.US,5,20211130,212000,25.95,25.97,25.95,25.97,200,0
RNR_F.US,5,20211130,213500,25.9626,25.97,25.9626,25.97,436,0
RNR_F.US,5,20211130,214000,25.99,25.99,25.98,25.99,601,0
RNR_F.US,5,20211130,214500,25.99,25.99,25.98,25.98,989,0
RNR_F.US,5,20211130,215000,25.96,25.96,25.96,25.96,100,0
RNR_F.US,5,20211130,215500,25.95,25.95,25.95,25.95,2729,0
RNR_F.US,5,20211201,153000,26.05,26.05,26.05,26.05,838,0
RNR_F.US,5,20211201,153500,26.02,26.02,26.02,26.02,279,0
RNR_F.US,5,20211201,154500,25.99,26,25.99,26,200,0
RNR_F.US,5,20211201,155500,26.07,26.07,26.02,26.02,300,0
RNR_F.US,5,20211201,160000,26.07,26.07,26.02,26.02,500,0
RNR_F.US,5,20211201,160500,26.07,26.15,26.04,26.15,889,0
RNR_F.US,5,20211201,162000,26.14,26.14,26.14,26.14,794,0
RNR_F.US,5,20211201,162500,26.14,26.14,26.14,26.14,500,0
RNR_F.US,5,20211201,164000,26.15,26.15,26.14,26.15,600,0
RNR_F.US,5,20211201,172000,26.15,26.15,26.15,26.15,200,0
RNR_F.US,5,20211201,172500,26.17,26.17,26.16,26.17,400,0
RNR_F.US,5,20211201,182500,26.21,26.21,26.21,26.21,100,0
RNR_F.US,5,20211201,184500,26.2542,26.2542,26.2542,26.2542,389,0
RNR_F.US,5,20211201,190000,26.14,26.14,26.14,26.14,100,0
RNR_F.US,5,20211201,191500,26.14,26.14,26.14,26.14,100,0
RNR_F.US,5,20211201,193500,26.2463,26.2463,26.2463,26.2463,777,0
RNR_F.US,5,20211201,194500,26.1616,26.1616,26.14,26.14,835,0
RNR_F.US,5,20211201,201500,26.14,26.14,26.14,26.14,660,0
RNR_F.US,5,20211201,203000,26.14,26.14,26.14,26.14,100,0
RNR_F.US,5,20211201,203500,26.14,26.14,26.14,26.14,183,0
RNR_F.US,5,20211201,204000,26.18,26.18,26.17,26.18,446,0
RNR_F.US,5,20211201,204500,26.15,26.15,26.15,26.15,100,0
RNR_F.US,5,20211201,205000,26.1401,26.1401,26.1401,26.1401,101,0
RNR_F.US,5,20211201,210000,26.14,26.14,26.14,26.14,300,0
RNR_F.US,5,20211201,210500,26.14,26.14,26.14,26.14,321,0
RNR_F.US,5,20211201,211000,26.14,26.14,26.12,26.14,1976,0
RNR_F.US,5,20211201,212000,26.14,26.14,26.14,26.14,900,0
RNR_F.US,5,20211201,212500,26.14,26.15,26.14,26.15,1200,0
RNR_F.US,5,20211201,213000,26.15,26.15,26.15,26.15,100,0
RNR_F.US,5,20211201,215500,26.14,26.18,26.14,26.14,3545,0
RNR_F.US,5,20211202,153000,26.04,26.04,26.04,26.04,735,0
RNR_F.US,5,20211202,153500,25.99,25.99,25.99,25.99,100,0
RNR_F.US,5,20211202,154500,26.09,26.09,26.09,26.09,200,0
RNR_F.US,5,20211202,155000,26.11,26.11,26.11,26.11,100,0
RNR_F.US,5,20211202,155500,26.13,26.188,26.13,26.14,528,0
RNR_F.US,5,20211202,160000,26.19,26.21,26.14,26.14,600,0
RNR_F.US,5,20211202,160500,26.13,26.13,26.13,26.13,100,0
RNR_F.US,5,20211202,161000,26.14,26.14,26.14,26.14,100,0
RNR_F.US,5,20211202,162000,26.09,26.09,26.09,26.09,255,0
RNR_F.US,5,20211202,163500,26.11,26.11,26.09,26.1,600,0
RNR_F.US,5,20211202,164500,26.135,26.135,26.08,26.08,229,0
RNR_F.US,5,20211202,165000,26.115,26.115,26.08,26.08,200,0
RNR_F.US,5,20211202,170000,26.08,26.08,26.08,26.08,100,0
RNR_F.US,5,20211202,170500,26.08,26.08,26.08,26.08,100,0
RNR_F.US,5,20211202,172000,26.09,26.09,26.09,26.09,100,0
RNR_F.US,5,20211202,172500,26.1,26.1,26.1,26.1,100,0
RNR_F.US,5,20211202,173500,26.08,26.08,26.08,26.08,100,0
RNR_F.US,5,20211202,174000,26.08,26.0893,26.08,26.0893,439,0
RNR_F.US,5,20211202,175000,26.08,26.08,26.08,26.08,100,0
RNR_F.US,5,20211202,180000,26.09,26.09,26.09,26.09,100,0
RNR_F.US,5,20211202,181000,26.1,26.1,26.1,26.1,100,0
RNR_F.US,5,20211202,183000,26.11,26.12,26.11,26.12,200,0
RNR_F.US,5,20211202,185500,26.14,26.14,26.1394,26.1394,344,0
RNR_F.US,5,20211202,191000,26.12,26.12,26.12,26.12,100,0
RNR_F.US,5,20211202,192000,26.14,26.14,26.1,26.1,812,0
RNR_F.US,5,20211202,193000,26.1,26.1,26.1,26.1,100,0
RNR_F.US,5,20211202,195500,26.09,26.09,26.09,26.09,100,0
RNR_F.US,5,20211202,201000,26.1,26.1,26.1,26.1,100,0
RNR_F.US,5,20211202,201500,26.09,26.09,26.09,26.09,109,0
RNR_F.US,5,20211202,202000,26.11,26.139,26.11,26.13,500,0
RNR_F.US,5,20211202,202500,26.14,26.14,26.14,26.14,100,0
RNR_F.US,5,20211202,204000,26.15,26.15,26.15,26.15,100,0
RNR_F.US,5,20211202,204500,26.145,26.145,26.14,26.14,200,0
RNR_F.US,5,20211202,205000,26.14,26.14,26.14,26.14,300,0
RNR_F.US,5,20211202,211000,26.13,26.15,26.13,26.15,1951,0
RNR_F.US,5,20211202,211500,26.17,26.17,26.17,26.17,202,0
RNR_F.US,5,20211202,212000,26.2,26.2,26.16,26.16,3100,0
RNR_F.US,5,20211202,213000,26.12,26.12,26.12,26.12,100,0
RNR_F.US,5,20211202,213500,26.2074,26.2074,26.2074,26.2074,120,0
RNR_F.US,5,20211202,214000,26.13,26.21,26.13,26.21,200,0
RNR_F.US,5,20211202,214500,26.14,26.14,26.14,26.14,100,0
RNR_F.US,5,20211202,215000,26.14,26.14,26.13,26.13,200,0
RNR_F.US,5,20211202,215500,26.11,26.16,26.1,26.1,400,0
RNR_F.US,5,20211203,153000,26.19,26.19,26.19,26.19,237,0
RNR_F.US,5,20211203,153500,26.1,26.1,26.1,26.1,179,0
RNR_F.US,5,20211203,154000,26.12,26.12,26.12,26.12,100,0
RNR_F.US,5,20211203,154500,26.1,26.1,26.1,26.1,100,0
RNR_F.US,5,20211203,155500,26.14,26.14,26.14,26.14,100,0
RNR_F.US,5,20211203,160000,26.14,26.14,26.14,26.14,301,0
RNR_F.US,5,20211203,160500,26.14,26.14,26.14,26.14,100,0
RNR_F.US,5,20211203,161000,26.14,26.14,26.14,26.14,317,0
RNR_F.US,5,20211203,161500,26.14,26.14,26.14,26.14,300,0
RNR_F.US,5,20211203,163500,26.14,26.14,26.14,26.14,100,0
RNR_F.US,5,20211203,164500,26.18,26.19,26.18,26.1897,819,0
RNR_F.US,5,20211203,171000,26.1435,26.1435,26.1435,26.1435,200,0
RNR_F.US,5,20211203,171500,26.14,26.14,26.14,26.14,100,0
RNR_F.US,5,20211203,173000,26.14,26.14,26.14,26.14,200,0
RNR_F.US,5,20211203,173500,26.14,26.14,26.14,26.14,100,0
RNR_F.US,5,20211203,174000,26.14,26.14,26.14,26.14,100,0
RNR_F.US,5,20211203,174500,26.14,26.14,26.14,26.14,100,0
RNR_F.US,5,20211203,175000,26.14,26.1401,26.14,26.14,300,0
RNR_F.US,5,20211203,175500,26.14,26.14,26.14,26.14,300,0
RNR_F.US,5,20211203,180500,26.14,26.14,26.14,26.14,642,0
RNR_F.US,5,20211203,201000,26.14,26.14,26.14,26.14,100,0
RNR_F.US,5,20211203,204500,26.14,26.14,26.14,26.14,100,0
RNR_F.US,5,20211203,210500,26.14,26.14,26.14,26.14,100,0
RNR_F.US,5,20211203,212000,26.1433,26.1433,26.1433,26.1433,162,0
RNR_F.US,5,20211203,212500,26.14,26.18,26.14,26.18,512,0
RNR_F.US,5,20211203,213000,26.1648,26.1648,26.1648,26.1648,192,0
RNR_F.US,5,20211203,215000,26.14,26.14,26.14,26.14,100,0
RNR_F.US,5,20211203,215500,26.14,26.17,26.14,26.17,2119,0
RNR_F.US,5,20211206,153000,26.17,26.17,26.17,26.17,100,0
RNR_F.US,5,20211206,161500,26.19,26.19,26.19,26.19,400,0
RNR_F.US,5,20211206,190000,26.19,26.19,26.19,26.19,400,0
RNR_F.US,5,20211206,190500,26.19,26.19,26.19,26.19,127,0
RNR_F.US,5,20211206,194000,26.185,26.185,26.185,26.185,869,0
RNR_F.US,5,20211206,200000,26.1966,26.1966,26.1966,26.1966,129,0
RNR_F.US,5,20211206,202000,26.2,26.2,26.2,26.2,100,0
RNR_F.US,5,20211206,202500,26.2,26.2,26.2,26.2,100,0
RNR_F.US,5,20211206,204500,26.2,26.25,26.2,26.25,1599,0
RNR_F.US,5,20211206,210000,26.2076,26.2076,26.2076,26.2076,100,0
RNR_F.US,5,20211206,212000,26.24,26.25,26.24,26.25,825,0
RNR_F.US,5,20211206,214000,26.245,26.245,26.245,26.245,267,0
RNR_F.US,5,20211206,215500,26.26,26.26,26.26,26.26,121,0
RNR_F.US,5,20211207,153000,26.28,26.28,26.28,26.28,144,0
RNR_F.US,5,20211207,154000,26.37,26.37,26.37,26.37,100,0
RNR_F.US,5,20211207,155000,26.37,26.37,26.37,26.37,100,0
RNR_F.US,5,20211207,160500,26.37,26.37,26.37,26.37,500,0
RNR_F.US,5,20211207,161500,26.46,26.46,26.38,26.43,1348,0
RNR_F.US,5,20211207,162000,26.45,26.46,26.45,26.46,300,0
RNR_F.US,5,20211207,162500,26.45,26.46,26.45,26.46,653,0
RNR_F.US,5,20211207,163000,26.45,26.45,26.44,26.44,200,0
RNR_F.US,5,20211207,163500,26.46,26.46,26.38,26.44,1772,0
RNR_F.US,5,20211207,164000,26.45,26.45,26.45,26.45,800,0
RNR_F.US,5,20211207,164500,26.45,26.45,26.45,26.45,400,0
RNR_F.US,5,20211207,165000,26.45,26.46,26.45,26.46,429,0
RNR_F.US,5,20211207,165500,26.43,26.43,26.43,26.43,200,0
RNR_F.US,5,20211207,170000,26.39,26.46,26.39,26.39,2088,0
RNR_F.US,5,20211207,170500,26.38,26.45,26.38,26.45,1389,0
RNR_F.US,5,20211207,171000,26.47,26.48,26.47,26.47,1468,0
RNR_F.US,5,20211207,171500,26.47,26.47,26.47,26.47,249,0
RNR_F.US,5,20211207,180500,26.38,26.38,26.38,26.38,461,0
RNR_F.US,5,20211207,185000,26.38,26.41,26.38,26.41,1781,0
RNR_F.US,5,20211207,194000,26.42,26.42,26.42,26.42,104,0
RNR_F.US,5,20211207,195000,26.43,26.44,26.42,26.44,1767,0
RNR_F.US,5,20211207,195500,26.3801,26.3801,26.3801,26.3801,277,0
RNR_F.US,5,20211207,202500,26.41,26.41,26.41,26.41,130,0
RNR_F.US,5,20211207,205500,26.398,26.398,26.398,26.398,100,0
RNR_F.US,5,20211207,213000,26.38,26.38,26.38,26.38,200,0
RNR_F.US,5,20211207,215500,26.38,26.38,26.38,26.38,1040,0
RNR_F.US,5,20211208,153000,26.41,26.41,26.41,26.41,1000,0
RNR_F.US,5,20211208,153500,26.31,26.31,26.31,26.31,792,0
RNR_F.US,5,20211208,160000,26.39,26.39,26.39,26.39,100,0
RNR_F.US,5,20211208,160500,26.38,26.38,26.38,26.38,767,0
RNR_F.US,5,20211208,161000,26.38,26.38,26.365,26.365,927,0
RNR_F.US,5,20211208,161500,26.3884,26.3884,26.37,26.38,1153,0
RNR_F.US,5,20211208,162000,26.375,26.38,26.37,26.38,675,0
RNR_F.US,5,20211208,162500,26.38,26.38,26.38,26.38,200,0
RNR_F.US,5,20211208,163000,26.375,26.375,26.32,26.32,205,0
RNR_F.US,5,20211208,163500,26.38,26.38,26.254,26.254,316,0
RNR_F.US,5,20211208,164000,26.37,26.37,26.37,26.37,200,0
RNR_F.US,5,20211208,164500,26.365,26.365,26.285,26.325,321,0
RNR_F.US,5,20211208,165000,26.33,26.33,26.3,26.3,200,0
RNR_F.US,5,20211208,165500,26.3,26.3,26.3,26.3,100,0
RNR_F.US,5,20211208,170000,26.355,26.355,26.355,26.355,100,0
RNR_F.US,5,20211208,170500,26.35,26.35,26.35,26.35,100,0
RNR_F.US,5,20211208,171000,26.335,26.335,26.335,26.335,100,0
RNR_F.US,5,20211208,171500,26.34,26.34,26.34,26.34,100,0
RNR_F.US,5,20211208,172000,26.335,26.335,26.335,26.335,100,0
RNR_F.US,5,20211208,172500,26.335,26.335,26.275,26.275,200,0
RNR_F.US,5,20211208,173500,26.33,26.33,26.33,26.33,100,0
RNR_F.US,5,20211208,174000,26.33,26.33,26.33,26.33,100,0
RNR_F.US,5,20211208,181000,26.33,26.34,26.33,26.34,200,0
RNR_F.US,5,20211208,182000,26.35,26.35,26.35,26.35,100,0
RNR_F.US,5,20211208,183000,26.2759,26.2759,26.2759,26.2759,200,0
RNR_F.US,5,20211208,183500,26.35,26.35,26.35,26.35,100,0
RNR_F.US,5,20211208,185500,26.35,26.35,26.35,26.35,100,0
RNR_F.US,5,20211208,190500,26.32,26.32,26.32,26.32,200,0
RNR_F.US,5,20211208,192000,26.29,26.29,26.289,26.289,200,0
RNR_F.US,5,20211208,192500,26.29,26.29,26.29,26.29,100,0
RNR_F.US,5,20211208,193000,26.29,26.29,26.29,26.29,100,0
RNR_F.US,5,20211208,193500,26.29,26.29,26.29,26.29,200,0
RNR_F.US,5,20211208,194500,26.29,26.29,26.29,26.29,100,0
RNR_F.US,5,20211208,195500,26.29,26.29,26.29,26.29,100,0
RNR_F.US,5,20211208,200000,26.29,26.29,26.29,26.29,200,0
RNR_F.US,5,20211208,200500,26.29,26.29,26.29,26.29,100,0
RNR_F.US,5,20211208,201000,26.29,26.3055,26.24,26.24,400,0
RNR_F.US,5,20211208,201500,26.2238,26.2238,26.22,26.22,210,0
RNR_F.US,5,20211208,202000,26.22,26.22,26.22,26.22,100,0
RNR_F.US,5,20211208,202500,26.21,26.22,26.21,26.22,200,0
RNR_F.US,5,20211208,203000,26.21,26.21,26.21,26.21,100,0
RNR_F.US,5,20211208,203500,26.22,26.22,26.22,26.22,100,0
RNR_F.US,5,20211208,204000,26.22,26.22,26.22,26.22,200,0
RNR_F.US,5,20211208,204500,26.21,26.21,26.21,26.21,100,0
RNR_F.US,5,20211208,205000,26.21,26.21,26.21,26.21,100,0
RNR_F.US,5,20211208,205500,26.21,26.22,26.21,26.22,300,0
RNR_F.US,5,20211208,215500,26.22,26.22,26.22,26.22,132,0
RNR_F.US,5,20211209,153000,26.25,26.25,26.25,26.25,100,0
RNR_F.US,5,20211209,161500,26.25,26.25,26.25,26.25,100,0
RNR_F.US,5,20211209,170000,26.24,26.24,26.2,26.2,335,0
RNR_F.US,5,20211209,180500,26.21,26.21,26.201,26.201,600,0
RNR_F.US,5,20211209,184000,26.21,26.21,26.21,26.21,243,0
RNR_F.US,5,20211209,191000,26.21,26.21,26.21,26.21,100,0
RNR_F.US,5,20211209,191500,26.23,26.23,26.23,26.23,100,0
RNR_F.US,5,20211209,205000,26.2,26.2,26.2,26.2,100,0
RNR_F.US,5,20211209,205500,26.2,26.2,26.2,26.2,100,0
RNR_F.US,5,20211209,210500,26.2,26.2,26.2,26.2,100,0
RNR_F.US,5,20211209,211500,26.2,26.2,26.2,26.2,100,0
RNR_F.US,5,20211209,213500,26.2,26.21,26.2,26.21,200,0
RNR_F.US,5,20211209,214000,26.11,26.11,26.11,26.11,100,0
RNR_F.US,5,20211209,214500,26.16,26.16,26.16,26.16,100,0
RNR_F.US,5,20211209,215000,26.15,26.2173,26.15,26.15,301,0
RNR_F.US,5,20211209,215500,26.15,26.15,26.11,26.11,735,0
RNR_F.US,5,20211210,153000,26.12,26.12,26.12,26.12,113,0
RNR_F.US,5,20211210,161500,26.1363,26.1363,26.1363,26.1363,240,0
RNR_F.US,5,20211210,163000,26.11,26.1101,26.11,26.1101,505,0
RNR_F.US,5,20211210,164000,26.11,26.11,26.11,26.11,139,0
RNR_F.US,5,20211210,164500,26.138,26.138,26.138,26.138,125,0
RNR_F.US,5,20211210,172000,26.11,26.1101,26.09,26.09,694,0
RNR_F.US,5,20211210,173000,26.1236,26.1236,26.1236,26.1236,260,0
RNR_F.US,5,20211210,174000,26.09,26.0901,26.09,26.0901,716,0
RNR_F.US,5,20211210,192000,26.12,26.12,26.09,26.09,219,0
RNR_F.US,5,20211210,193500,26.1,26.1,26.1,26.1,427,0
RNR_F.US,5,20211210,194500,26.14,26.14,26.14,26.14,310,0
RNR_F.US,5,20211210,200000,26.1,26.1,26.1,26.1,113,0
RNR_F.US,5,20211210,201500,26.1194,26.1194,26.1194,26.1194,139,0
RNR_F.US,5,20211210,202000,26.09,26.09,26.09,26.09,107,0
RNR_F.US,5,20211210,203000,26.09,26.09,26.09,26.09,201,0
RNR_F.US,5,20211210,205500,26.085,26.085,26.085,26.085,166,0
RNR_F.US,5,20211210,210000,26.11,26.11,26.11,26.11,385,0
RNR_F.US,5,20211210,212000,26.1065,26.1065,26.1065,26.1065,500,0
RNR_F.US,5,20211210,215500,26.11,26.11,26.11,26.11,338,0
RNR_F.US,5,20211213,153000,26.07,26.07,26.07,26.07,236,0
RNR_F.US,5,20211213,155000,26.07,26.07,26.07,26.07,100,0
RNR_F.US,5,20211213,160500,26.175,26.175,26.175,26.175,382,0
RNR_F.US,5,20211213,163000,26.16,26.17,26.16,26.17,282,0
RNR_F.US,5,20211213,164500,26.1001,26.1001,26.1001,26.1001,153,0
RNR_F.US,5,20211213,170500,26.185,26.185,26.185,26.185,126,0
RNR_F.US,5,20211213,172000,26.07,26.07,26.07,26.07,100,0
RNR_F.US,5,20211213,174500,26.1,26.1,26.1,26.1,100,0
RNR_F.US,5,20211213,175000,26.09,26.09,26.09,26.09,100,0
RNR_F.US,5,20211213,180500,26.16,26.16,26.16,26.16,100,0
RNR_F.US,5,20211213,182000,26.16,26.16,26.16,26.16,862,0
RNR_F.US,5,20211213,183000,26.1739,26.1739,26.1739,26.1739,108,0
RNR_F.US,5,20211213,190000,26.16,26.1982,26.16,26.1982,2000,0
RNR_F.US,5,20211213,190500,26.1715,26.1715,26.1715,26.1715,100,0
RNR_F.US,5,20211213,193000,26.16,26.201,26.16,26.1994,1607,0
RNR_F.US,5,20211213,194000,26.16,26.1928,26.16,26.1928,635,0
RNR_F.US,5,20211213,194500,26.2499,26.2499,26.2499,26.2499,2000,0
RNR_F.US,5,20211213,195000,26.16,26.1604,26.1358,26.1358,1360,0
RNR_F.US,5,20211213,200500,26.18,26.18,26.18,26.18,191,0
RNR_F.US,5,20211213,201000,26.09,26.16,26.09,26.16,1025,0
RNR_F.US,5,20211213,203000,26.1572,26.1572,26.1572,26.1572,261,0
RNR_F.US,5,20211213,204500,26.1135,26.1135,26.1135,26.1135,235,0
RNR_F.US,5,20211213,205000,26.207,26.207,26.207,26.207,246,0
RNR_F.US,5,20211213,213500,26.23,26.2496,26.23,26.24,1494,0
RNR_F.US,5,20211213,215500,26.23,26.23,26.23,26.23,114,0
RNR_F.US,5,20211214,153000,26.1,26.1,26.1,26.1,345,0
RNR_F.US,5,20211214,155000,26.1588,26.1588,26.1588,26.1588,107,0
RNR_F.US,5,20211214,160500,26.1148,26.1148,26.1148,26.1148,113,0
RNR_F.US,5,20211214,161500,26.165,26.165,26.165,26.165,255,0
RNR_F.US,5,20211214,170500,26.09,26.09,26.05,26.05,959,0
RNR_F.US,5,20211214,173500,26.06,26.06,26.06,26.06,100,0
RNR_F.US,5,20211214,174000,26.1044,26.1044,26.1044,26.1044,127,0
RNR_F.US,5,20211214,175000,26.2,26.2,26.2,26.2,200,0
RNR_F.US,5,20211214,175500,26.07,26.07,26.07,26.07,100,0
RNR_F.US,5,20211214,181500,26.13,26.13,26.13,26.13,200,0
RNR_F.US,5,20211214,182500,26.0649,26.0649,26.0649,26.0649,1000,0
RNR_F.US,5,20211214,183000,26.0716,26.0716,26.0716,26.0716,400,0
RNR_F.US,5,20211214,194000,26.1358,26.14,26.13,26.14,800,0
RNR_F.US,5,20211214,201500,26.1465,26.1465,26.1365,26.1365,758,0
RNR_F.US,5,20211214,210000,26.15,26.15,26.15,26.15,825,0
RNR_F.US,5,20211214,210500,26.165,26.165,26.165,26.165,136,0
RNR_F.US,5,20211214,212000,26.149,26.149,26.149,26.149,100,0
RNR_F.US,5,20211214,215000,26.1465,26.1465,26.1465,26.1465,100,0
RNR_F.US,5,20211215,153000,26.2,26.2,26.1067,26.1067,254,0
RNR_F.US,5,20211215,153500,26.23,26.23,26.23,26.23,100,0
RNR_F.US,5,20211215,154000,26.21,26.21,26.21,26.21,100,0
RNR_F.US,5,20211215,154500,26.22,26.22,26.22,26.22,100,0
RNR_F.US,5,20211215,155000,26.2,26.2,26.19,26.19,200,0
RNR_F.US,5,20211215,155500,26.19,26.19,26.19,26.19,100,0
RNR_F.US,5,20211215,160000,26.19,26.19,26.19,26.19,200,0
RNR_F.US,5,20211215,160500,26.19,26.19,26.19,26.19,100,0
RNR_F.US,5,20211215,161000,26.2,26.2,26.19,26.19,200,0
RNR_F.US,5,20211215,161500,26.19,26.19,26.19,26.19,200,0
RNR_F.US,5,20211215,162000,26.2,26.2,26.2,26.2,100,0
RNR_F.US,5,20211215,162500,26.2,26.2,26.2,26.2,200,0
RNR_F.US,5,20211215,163000,26.2,26.2,26.142,26.2,2353,0
RNR_F.US,5,20211215,163500,26.2,26.2,26.2,26.2,985,0
RNR_F.US,5,20211215,164000,26.2,26.22,26.2,26.22,300,0
RNR_F.US,5,20211215,164500,26.23,26.23,26.23,26.23,1200,0
RNR_F.US,5,20211215,165000,26.23,26.29,26.23,26.29,2100,0
RNR_F.US,5,20211215,165500,26.29,26.29,26.28,26.28,200,0
RNR_F.US,5,20211215,170000,26.28,26.28,26.28,26.28,200,0
RNR_F.US,5,20211215,170500,26.28,26.28,26.28,26.28,200,0
RNR_F.US,5,20211215,171000,26.28,26.3,26.28,26.3,200,0
RNR_F.US,5,20211215,171500,26.29,26.29,26.29,26.29,100,0
RNR_F.US,5,20211215,172000,26.3,26.3,26.3,26.3,200,0
RNR_F.US,5,20211215,172500,26.3,26.3,26.3,26.3,200,0
RNR_F.US,5,20211215,173000,26.29,26.29,26.29,26.29,200,0
RNR_F.US,5,20211215,173500,26.258,26.258,26.258,26.258,127,0
RNR_F.US,5,20211215,174000,26.29,26.3,26.29,26.3,468,0
RNR_F.US,5,20211215,174500,26.3,26.3,26.3,26.3,100,0
RNR_F.US,5,20211215,175500,26.29,26.29,26.29,26.29,200,0
RNR_F.US,5,20211215,182500,26.2,26.26,26.2,26.26,483,0
RNR_F.US,5,20211215,195500,26.21,26.21,26.21,26.21,100,0
RNR_F.US,5,20211215,200000,26.2,26.2,26.2,26.2,200,0
RNR_F.US,5,20211215,202000,26.3,26.3,26.3,26.3,100,0
RNR_F.US,5,20211215,203500,26.27,26.27,26.27,26.27,431,0
RNR_F.US,5,20211215,214500,26.21,26.21,26.21,26.21,300,0
RNR_F.US,5,20211215,215500,26.24,26.24,26.24,26.24,555,0
RNR_F.US,5,20211216,153000,26.2,26.2,26.2,26.2,157,0
RNR_F.US,5,20211216,155000,26.17,26.2,26.15,26.18,2653,0
RNR_F.US,5,20211216,155500,26.22,26.22,26.22,26.22,222,0
RNR_F.US,5,20211216,161000,26.19,26.19,26.19,26.19,300,0
RNR_F.US,5,20211216,162500,26.24,26.24,26.22,26.23,1017,0
RNR_F.US,5,20211216,163500,26.2588,26.2588,26.2588,26.2588,159,0
RNR_F.US,5,20211216,164500,26.23,26.23,26.23,26.23,500,0
RNR_F.US,5,20211216,171000,26.2,26.2,26.19,26.19,273,0
RNR_F.US,5,20211216,171500,26.2458,26.2458,26.2458,26.2458,100,0
RNR_F.US,5,20211216,172500,26.19,26.19,26.19,26.19,200,0
RNR_F.US,5,20211216,173500,26.2258,26.2258,26.2258,26.2258,100,0
RNR_F.US,5,20211216,193500,26.28,26.28,26.27,26.27,310,0
RNR_F.US,5,20211216,195000,26.2241,26.2241,26.2241,26.2241,406,0
RNR_F.US,5,20211216,201000,26.275,26.275,26.275,26.275,122,0
RNR_F.US,5,20211216,202000,26.2301,26.2301,26.2301,26.2301,178,0
RNR_F.US,5,20211216,213500,26.244,26.244,26.244,26.244,300,0
RNR_F.US,5,20211216,214500,26.27,26.27,26.27,26.27,324,0
RNR_F.US,5,20211217,153000,26.2,26.2,26.2,26.2,170,0
RNR_F.US,5,20211217,155000,26.265,26.265,26.265,26.265,100,0
RNR_F.US,5,20211217,155500,26.28,26.28,26.28,26.28,100,0
RNR_F.US,5,20211217,163000,26.235,26.235,26.235,26.235,100,0
RNR_F.US,5,20211217,163500,26.235,26.235,26.235,26.235,196,0
RNR_F.US,5,20211217,165500,26.27,26.32,26.27,26.32,1326,0
RNR_F.US,5,20211217,170500,26.33,26.33,26.33,26.33,100,0
RNR_F.US,5,20211217,171000,26.335,26.335,26.335,26.335,109,0
RNR_F.US,5,20211217,172500,26.35,26.36,26.35,26.35,382,0
RNR_F.US,5,20211217,174000,26.31,26.31,26.31,26.31,109,0
RNR_F.US,5,20211217,183500,26.2,26.2,26.2,26.2,500,0
RNR_F.US,5,20211217,190000,26.2385,26.2385,26.2385,26.2385,183,0
RNR_F.US,5,20211217,191500,26.17,26.17,26.1684,26.1684,240,0
RNR_F.US,5,20211217,193000,26.17,26.17,26.17,26.17,200,0
RNR_F.US,5,20211217,194000,26.17,26.17,26.17,26.17,1750,0
RNR_F.US,5,20211217,195000,26.17,26.17,26.17,26.17,200,0
RNR_F.US,5,20211217,195500,26.17,26.1779,26.17,26.1779,830,0
RNR_F.US,5,20211217,200500,26.16,26.16,26.16,26.16,200,0
RNR_F.US,5,20211217,203000,26.18,26.18,26.18,26.18,300,0
RNR_F.US,5,20211217,203500,26.1798,26.1798,26.1798,26.1798,200,0
RNR_F.US,5,20211217,204500,26.169,26.18,26.169,26.18,400,0
RNR_F.US,5,20211217,205500,26.17,26.17,26.17,26.17,156,0
RNR_F.US,5,20211217,212000,26.17,26.17,26.17,26.17,1032,0
RNR_F.US,5,20211217,212500,26.1728,26.1728,26.17,26.17,710,0
RNR_F.US,5,20211217,213000,26.17,26.17,26.17,26.17,200,0
RNR_F.US,5,20211217,214000,26.1601,26.1601,26.16,26.16,228,0
RNR_F.US,5,20211217,214500,26.16,26.165,26.16,26.165,211,0
RNR_F.US,5,20211217,215000,26.17,26.17,26.16,26.16,294,0
RNR_F.US,5,20211220,153000,26.08,26.08,26.08,26.08,792,0
RNR_F.US,5,20211220,160500,26.21,26.21,26.21,26.21,100,0
RNR_F.US,5,20211220,165000,26.2,26.2,26.2,26.2,100,0
RNR_F.US,5,20211220,171000,26.14,26.14,26.14,26.14,458,0
RNR_F.US,5,20211220,175500,26.129,26.129,26.129,26.129,100,0
RNR_F.US,5,20211220,192000,26.1252,26.1252,26.1252,26.1252,110,0
RNR_F.US,5,20211220,194500,26.1618,26.1618,26.1618,26.1618,223,0
RNR_F.US,5,20211220,201000,26.12,26.1763,26.12,26.1763,600,0
RNR_F.US,5,20211220,205500,26.1558,26.1558,26.1558,26.1558,200,0
RNR_F.US,5,20211220,210000,26.13,26.13,26.13,26.13,182,0
RNR_F.US,5,20211220,211000,26.1582,26.1582,26.1582,26.1582,307,0
RNR_F.US,5,20211220,211500,26.1599,26.1599,26.1599,26.1599,936,0
RNR_F.US,5,20211220,212500,26.1594,26.1594,26.1594,26.1594,100,0
RNR_F.US,5,20211220,214500,26.1644,26.1644,26.1644,26.1644,350,0
RNR_F.US,5,20211220,215500,26.11,26.11,26.09,26.09,1222,0
RNR_F.US,5,20211221,153000,26.1,26.1,26.1,26.1,100,0
RNR_F.US,5,20211221,154500,26.19,26.19,26.19,26.19,100,0
RNR_F.US,5,20211221,160000,26.19,26.29,26.19,26.29,800,0
RNR_F.US,5,20211221,162000,26.227,26.227,26.227,26.227,164,0
RNR_F.US,5,20211221,163000,26.2751,26.2751,26.2751,26.2751,465,0
RNR_F.US,5,20211221,170000,26.2469,26.2469,26.2469,26.2469,925,0
RNR_F.US,5,20211221,170500,26.1707,26.1707,26.1707,26.1707,445,0
RNR_F.US,5,20211221,173000,26.205,26.205,26.205,26.205,1000,0
RNR_F.US,5,20211221,174000,26.21,26.21,26.1988,26.1988,358,0
RNR_F.US,5,20211221,175500,26.2492,26.2492,26.2492,26.2492,400,0
RNR_F.US,5,20211221,185000,26.2299,26.2299,26.2299,26.2299,174,0
RNR_F.US,5,20211221,190500,26.2,26.2,26.2,26.2,823,0
RNR_F.US,5,20211221,200500,26.25,26.25,26.2427,26.2455,1042,0
RNR_F.US,5,20211221,201500,26.1978,26.1978,26.1978,26.1978,127,0
RNR_F.US,5,20211221,203500,26.22,26.22,26.22,26.22,128,0
RNR_F.US,5,20211221,205000,26.2,26.22,26.2,26.22,431,0
RNR_F.US,5,20211221,210500,26.2,26.2,26.2,26.2,100,0
RNR_F.US,5,20211221,213000,26.2,26.2,26.2,26.2,100,0
RNR_F.US,5,20211221,213500,26.2199,26.2199,26.2194,26.2194,400,0
RNR_F.US,5,20211221,215000,26.2,26.2,26.2,26.2,200,0
RNR_F.US,5,20211221,215500,26.18,26.18,26.18,26.18,100,0
RNR_F.US,5,20211222,153000,26.12,26.12,26.12,26.12,648,0
RNR_F.US,5,20211222,154000,26.24,26.24,26.24,26.24,100,0
RNR_F.US,5,20211222,155000,26.29,26.29,26.29,26.29,105,0
RNR_F.US,5,20211222,160000,26.25,26.25,26.25,26.25,300,0
RNR_F.US,5,20211222,160500,26.24,26.24,26.24,26.24,100,0
RNR_F.US,5,20211222,161000,26.3236,26.3236,26.3236,26.3236,112,0
RNR_F.US,5,20211222,172000,26.21,26.21,26.21,26.21,150,0
RNR_F.US,5,20211222,174000,26.2111,26.243,26.2111,26.243,258,0
RNR_F.US,5,20211222,181500,26.275,26.275,26.24,26.24,625,0
RNR_F.US,5,20211222,184000,26.25,26.2506,26.25,26.2506,300,0
RNR_F.US,5,20211222,184500,26.25,26.25,26.24,26.24,371,0
RNR_F.US,5,20211222,190000,26.22,26.22,26.22,26.22,218,0
RNR_F.US,5,20211222,194500,26.24,26.24,26.24,26.24,100,0
RNR_F.US,5,20211222,203500,26.28,26.29,26.28,26.29,300,0
RNR_F.US,5,20211222,212500,26.28,26.28,26.28,26.28,191,0
RNR_F.US,5,20211222,213000,26.265,26.265,26.265,26.265,100,0
RNR_F.US,5,20211222,213500,26.265,26.265,26.265,26.265,100,0
RNR_F.US,5,20211222,214000,26.265,26.265,26.265,26.265,100,0
RNR_F.US,5,20211222,214500,26.26,26.26,26.26,26.26,200,0
RNR_F.US,5,20211222,215000,26.29,26.39,26.26,26.33,1253,0
RNR_F.US,5,20211222,215500,26.33,26.39,26.26,26.39,4057,0
RNR_F.US,5,20211223,153000,26.4,26.4,26.4,26.4,781,0
RNR_F.US,5,20211223,162000,26.34,26.37,26.34,26.37,343,0
RNR_F.US,5,20211223,195500,26.33,26.33,26.33,26.33,104,0
RNR_F.US,5,20211223,210500,26.32,26.32,26.32,26.32,100,0
RNR_F.US,5,20211223,211000,26.32,26.32,26.32,26.32,100,0
RNR_F.US,5,20211223,213000,26.32,26.32,26.32,26.32,100,0
RNR_F.US,5,20211223,214500,26.32,26.32,26.32,26.32,100,0
RNR_F.US,5,20211223,215000,26.35,26.36,26.3451,26.3451,1738,0
RNR_F.US,5,20211223,215500,26.32,26.32,26.32,26.32,100,0
