<TICKER>,<PER>,<DATE>,<TIME>,<OPEN>,<HIGH>,<LOW>,<CLOSE>,<VOL>,<OPENINT>
ATH_A.US,5,20211104,143000,30.01,30.01,30.01,30.01,399,0
ATH_A.US,5,20211104,144500,29.93,29.9369,29.91,29.9369,1223,0
ATH_A.US,5,20211104,152500,30.04,30.1,30.04,30.05,1184,0
ATH_A.US,5,20211104,153000,30.1,30.1,30.1,30.1,4844,0
ATH_A.US,5,20211104,153500,30.17,30.19,30.17,30.19,1617,0
ATH_A.US,5,20211104,155500,30.15,30.15,30.0119,30.0119,702,0
ATH_A.US,5,20211104,162500,30.0997,30.1981,30.0997,30.1981,309,0
ATH_A.US,5,20211104,165500,30.03,30.03,30.03,30.03,221,0
ATH_A.US,5,20211104,171000,30.11,30.11,30.11,30.11,100,0
ATH_A.US,5,20211104,171500,30.03,30.13,30.03,30.062,6638,0
ATH_A.US,5,20211104,172000,30.02,30.05,30.02,30.05,200,0
ATH_A.US,5,20211104,173500,30.085,30.085,30.085,30.085,100,0
ATH_A.US,5,20211104,181500,30.07,30.09,30.06,30.09,1440,0
ATH_A.US,5,20211104,182000,30.06,30.06,30.06,30.06,1206,0
ATH_A.US,5,20211104,182500,30.06,30.06,30.03,30.06,3888,0
ATH_A.US,5,20211104,183000,30.075,30.075,30.075,30.075,300,0
ATH_A.US,5,20211104,183500,30.12,30.12,30.075,30.075,405,0
ATH_A.US,5,20211104,184000,30.11,30.11,30.1084,30.1084,290,0
ATH_A.US,5,20211104,184500,30.12,30.12,30.12,30.12,200,0
ATH_A.US,5,20211104,185000,30.0507,30.1853,30.0506,30.0506,1368,0
ATH_A.US,5,20211104,190000,30.115,30.115,30.115,30.115,100,0
ATH_A.US,5,20211104,190500,30.18,30.18,30.18,30.18,100,0
ATH_A.US,5,20211104,193500,30.2,30.2,30.2,30.2,300,0
ATH_A.US,5,20211104,195000,30.13,30.13,30.13,30.13,570,0
ATH_A.US,5,20211104,195500,30.13,30.13,30.13,30.13,600,0
ATH_A.US,5,20211104,201500,30.08,30.08,30.08,30.08,500,0
ATH_A.US,5,20211104,203000,30.115,30.115,30.115,30.115,100,0
ATH_A.US,5,20211104,204500,30.15,30.15,30.14,30.14,316,0
ATH_A.US,5,20211104,205000,30.15,30.15,30.15,30.15,700,0
ATH_A.US,5,20211104,205500,30.141,30.15,30.1,30.12,1823,0
ATH_A.US,5,20211105,143000,30.17,30.17,30.17,30.17,434,0
ATH_A.US,5,20211105,144000,30.2335,30.2335,30.185,30.185,904,0
ATH_A.US,5,20211105,150500,30.198,30.215,30.18,30.215,1165,0
ATH_A.US,5,20211105,155000,30.205,30.205,30.205,30.205,100,0
ATH_A.US,5,20211105,160000,30.14,30.175,30.14,30.175,1656,0
ATH_A.US,5,20211105,160500,30.16,30.16,30.15,30.15,600,0
ATH_A.US,5,20211105,161000,30.16,30.16,30.16,30.16,799,0
ATH_A.US,5,20211105,162500,30.195,30.195,30.17,30.18,1614,0
ATH_A.US,5,20211105,163000,30.18,30.18,30.135,30.165,1223,0
ATH_A.US,5,20211105,164500,30.165,30.165,30.165,30.165,101,0
ATH_A.US,5,20211105,170500,30.18,30.18,30.15,30.18,3239,0
ATH_A.US,5,20211105,171500,30.19,30.19,30.19,30.19,100,0
ATH_A.US,5,20211105,174500,30.18,30.18,30.18,30.18,100,0
ATH_A.US,5,20211105,175000,30.18,30.18,30.15,30.15,365,0
ATH_A.US,5,20211105,182500,30.15,30.2,30.15,30.15,1291,0
ATH_A.US,5,20211105,184000,30.15,30.2,30.15,30.2,470,0
ATH_A.US,5,20211105,185000,30.18,30.18,30.18,30.18,100,0
ATH_A.US,5,20211105,190000,30.21,30.21,30.1878,30.1878,324,0
ATH_A.US,5,20211105,192500,30.19,30.2,30.19,30.2,313,0
ATH_A.US,5,20211105,194000,30.17,30.19,30.17,30.19,2163,0
ATH_A.US,5,20211105,195000,30.2,30.2,30.2,30.2,100,0
ATH_A.US,5,20211105,195500,30.21,30.21,30.21,30.21,263,0
ATH_A.US,5,20211105,200500,30.2047,30.25,30.1999,30.25,1344,0
ATH_A.US,5,20211105,201500,30.24,30.24,30.24,30.24,257,0
ATH_A.US,5,20211105,202500,30.21,30.23,30.21,30.23,908,0
ATH_A.US,5,20211105,203000,30.23,30.23,30.225,30.225,386,0
ATH_A.US,5,20211105,203500,30.23,30.23,30.23,30.23,300,0
ATH_A.US,5,20211105,204500,30.2375,30.2375,30.23,30.23,417,0
ATH_A.US,5,20211105,205000,30.25,30.31,30.25,30.3,2383,0
ATH_A.US,5,20211105,205500,30.29,30.29,30.25,30.25,758,0
ATH_A.US,5,20211108,153000,30.3,30.3,30.3,30.3,240,0
ATH_A.US,5,20211108,154000,30.3089,30.35,30.3089,30.35,2913,0
ATH_A.US,5,20211108,155000,30.32,30.32,30.3,30.3,500,0
ATH_A.US,5,20211108,155500,30.2842,30.2842,30.21,30.21,400,0
ATH_A.US,5,20211108,162500,30.3142,30.3142,30.3142,30.3142,165,0
ATH_A.US,5,20211108,163000,30.22,30.22,30.22,30.22,100,0
ATH_A.US,5,20211108,164500,30.23,30.23,30.23,30.23,100,0
ATH_A.US,5,20211108,171000,30.2,30.2,30.2,30.2,2044,0
ATH_A.US,5,20211108,172000,30.2,30.2,30.199,30.2,3270,0
ATH_A.US,5,20211108,174500,30.195,30.2,30.195,30.2,5236,0
ATH_A.US,5,20211108,180000,30.2495,30.2495,30.19,30.2,2430,0
ATH_A.US,5,20211108,180500,30.2,30.2,30.2,30.2,100,0
ATH_A.US,5,20211108,181000,30.23,30.23,30.23,30.23,100,0
ATH_A.US,5,20211108,181500,30.25,30.25,30.25,30.25,100,0
ATH_A.US,5,20211108,182000,30.2,30.2,30.2,30.2,1200,0
ATH_A.US,5,20211108,182500,30.2,30.2,30.2,30.2,205,0
ATH_A.US,5,20211108,192000,30.2,30.21,30.2,30.2,2069,0
ATH_A.US,5,20211108,193000,30.2,30.212,30.17,30.17,550,0
ATH_A.US,5,20211108,200000,30.18,30.2,30.18,30.18,300,0
ATH_A.US,5,20211108,202000,30.15,30.15,30.15,30.15,100,0
ATH_A.US,5,20211108,203500,30.15,30.22,30.15,30.22,8437,0
ATH_A.US,5,20211108,210000,30.1984,30.1984,30.1984,30.1984,124,0
ATH_A.US,5,20211108,211500,30.195,30.195,30.195,30.195,100,0
ATH_A.US,5,20211108,212000,30.195,30.2,30.18,30.18,700,0
ATH_A.US,5,20211108,215000,30.22,30.22,30.22,30.22,100,0
ATH_A.US,5,20211108,215500,30.205,30.22,30.19,30.22,1798,0
ATH_A.US,5,20211109,153000,30.31,30.31,30.25,30.25,634,0
ATH_A.US,5,20211109,163000,30.16,30.16,29.95,29.95,196439,0
ATH_A.US,5,20211109,163500,30,30,30,30,200000,0
ATH_A.US,5,20211109,164000,30.174,30.195,30.174,30.195,1400,0
ATH_A.US,5,20211109,171500,30.2,30.2,30.2,30.2,1100,0
ATH_A.US,5,20211109,172000,30.2,30.215,30.16,30.16,5351,0
ATH_A.US,5,20211109,172500,30.16,30.16,30.16,30.16,1745,0
ATH_A.US,5,20211109,174500,30.1375,30.1375,30.12,30.135,2316,0
ATH_A.US,5,20211109,175500,30.135,30.135,30.135,30.135,100,0
ATH_A.US,5,20211109,180500,30.14,30.14,30.06,30.06,6800,0
ATH_A.US,5,20211109,181000,30.06,30.06,30.01,30.035,1655,0
ATH_A.US,5,20211109,181500,30.0375,30.0375,30.0375,30.0375,500,0
ATH_A.US,5,20211109,182000,30.035,30.035,30.03,30.03,600,0
ATH_A.US,5,20211109,183000,30.03,30.04,30.02,30.02,700,0
ATH_A.US,5,20211109,183500,30.025,30.03,30,30,600,0
ATH_A.US,5,20211109,184000,30,30,30,30,700,0
ATH_A.US,5,20211109,184500,30,30,30,30,200,0
ATH_A.US,5,20211109,185000,30,30,30,30,36715,0
ATH_A.US,5,20211109,185500,30.01,30.03,30.01,30.015,5312,0
ATH_A.US,5,20211109,190000,30.015,30.015,30.015,30.015,100,0
ATH_A.US,5,20211109,190500,30.0175,30.03,30.015,30.0275,6878,0
ATH_A.US,5,20211109,191000,30.02,30.02,30,30,300,0
ATH_A.US,5,20211109,191500,30,30,29.95,29.95,5700,0
ATH_A.US,5,20211109,192000,29.969,29.99,29.945,29.9475,2700,0
ATH_A.US,5,20211109,192500,29.945,29.945,29.945,29.945,400,0
ATH_A.US,5,20211109,193500,29.945,29.95,29.945,29.95,1500,0
ATH_A.US,5,20211109,194500,29.945,29.945,29.945,29.945,138,0
ATH_A.US,5,20211109,195000,29.945,29.945,29.945,29.945,500,0
ATH_A.US,5,20211109,201000,29.9612,29.9612,29.96,29.96,852,0
ATH_A.US,5,20211109,202000,29.9475,29.9475,29.9475,29.9475,100,0
ATH_A.US,5,20211109,203500,29.945,29.945,29.945,29.945,200,0
ATH_A.US,5,20211109,204000,29.97,29.97,29.97,29.97,253,0
ATH_A.US,5,20211109,204500,29.95,29.965,29.915,29.915,1124,0
ATH_A.US,5,20211109,205000,29.915,29.9496,29.915,29.9496,1007,0
ATH_A.US,5,20211109,210000,29.92,29.92,29.92,29.92,500,0
ATH_A.US,5,20211109,212000,29.9265,29.9265,29.9265,29.9265,160,0
ATH_A.US,5,20211109,212500,29.895,29.96,29.895,29.895,1600,0
ATH_A.US,5,20211109,213000,29.895,29.96,29.895,29.895,2007,0
ATH_A.US,5,20211109,213500,29.895,29.895,29.89,29.89,348,0
ATH_A.US,5,20211109,214000,29.89,29.9,29.89,29.9,200,0
ATH_A.US,5,20211109,215000,29.89,29.9,29.89,29.89,400,0
ATH_A.US,5,20211109,215500,29.88,29.9,29.88,29.9,900,0
ATH_A.US,5,20211110,153000,29.85,29.85,29.81,29.81,888,0
ATH_A.US,5,20211110,153500,29.81,29.86,29.81,29.81,400,0
ATH_A.US,5,20211110,161000,29.81,29.84,29.81,29.84,1240,0
ATH_A.US,5,20211110,162000,29.839,29.839,29.839,29.839,100,0
ATH_A.US,5,20211110,162500,29.81,29.84,29.81,29.84,1024,0
ATH_A.US,5,20211110,163500,29.81,29.81,29.79,29.79,300,0
ATH_A.US,5,20211110,164000,29.8,29.8,29.73,29.73,3000,0
ATH_A.US,5,20211110,165000,29.7472,29.75,29.7101,29.7101,1477,0
ATH_A.US,5,20211110,165500,29.7525,29.7525,29.72,29.72,790,0
ATH_A.US,5,20211110,170000,29.71,29.71,29.71,29.71,100,0
ATH_A.US,5,20211110,170500,29.71,29.71,29.68,29.68,400,0
ATH_A.US,5,20211110,171000,29.6972,29.73,29.67,29.7258,700,0
ATH_A.US,5,20211110,172000,29.7,29.7,29.7,29.7,1000,0
ATH_A.US,5,20211110,172500,29.68,29.6962,29.68,29.6962,3742,0
ATH_A.US,5,20211110,174000,29.65,29.65,29.65,29.65,500,0
ATH_A.US,5,20211110,174500,29.72,29.72,29.6632,29.6632,798,0
ATH_A.US,5,20211110,180500,29.62,29.62,29.62,29.62,192,0
ATH_A.US,5,20211110,183500,29.65,29.65,29.6479,29.65,4328,0
ATH_A.US,5,20211110,190000,29.5769,29.5769,29.5769,29.5769,186,0
ATH_A.US,5,20211110,191000,29.545,29.59,29.545,29.59,1248,0
ATH_A.US,5,20211110,192000,29.49,29.58,29.48,29.57,700,0
ATH_A.US,5,20211110,194000,29.54,29.54,29.54,29.54,176,0
ATH_A.US,5,20211110,194500,29.5,29.5,29.5,29.5,1000,0
ATH_A.US,5,20211110,195000,29.54,29.54,29.54,29.54,502,0
ATH_A.US,5,20211110,195500,29.54,29.59,29.54,29.59,333,0
ATH_A.US,5,20211110,200000,29.65,29.651,29.65,29.65,1300,0
ATH_A.US,5,20211110,203500,29.54,29.54,29.54,29.54,100,0
ATH_A.US,5,20211110,205000,29.5485,29.5485,29.5485,29.5485,195,0
ATH_A.US,5,20211110,210000,29.565,29.565,29.565,29.565,400,0
ATH_A.US,5,20211110,212000,29.49,29.49,29.49,29.49,125,0
ATH_A.US,5,20211110,212500,29.48,29.48,29.48,29.48,132,0
ATH_A.US,5,20211110,215000,29.6099,29.6099,29.6099,29.6099,190,0
ATH_A.US,5,20211110,215500,29.49,29.5,29.49,29.49,2900,0
ATH_A.US,5,20211111,153000,29.6,29.6,29.6,29.6,369,0
ATH_A.US,5,20211111,155000,29.5512,29.6,29.5477,29.5477,600,0
ATH_A.US,5,20211111,155500,29.5688,29.5688,29.5688,29.5688,500,0
ATH_A.US,5,20211111,161500,29.59,29.64,29.59,29.601,631,0
ATH_A.US,5,20211111,163500,29.55,29.55,29.55,29.55,100,0
ATH_A.US,5,20211111,170500,29.49,29.49,29.4,29.4,5681,0
ATH_A.US,5,20211111,171500,29.41,29.41,29.38,29.38,1283,0
ATH_A.US,5,20211111,172000,29.4,29.42,29.4,29.42,700,0
ATH_A.US,5,20211111,172500,29.44,29.44,29.44,29.44,200,0
ATH_A.US,5,20211111,173500,29.45,29.46,29.45,29.46,600,0
ATH_A.US,5,20211111,174500,29.4815,29.4815,29.4815,29.4815,130,0
ATH_A.US,5,20211111,180000,29.4656,29.4656,29.4656,29.4656,249,0
ATH_A.US,5,20211111,180500,29.405,29.405,29.405,29.405,100,0
ATH_A.US,5,20211111,182500,29.52,29.52,29.52,29.52,108,0
ATH_A.US,5,20211111,183500,29.475,29.475,29.47,29.47,431,0
ATH_A.US,5,20211111,190000,29.425,29.425,29.425,29.425,100,0
ATH_A.US,5,20211111,195500,29.45,29.45,29.45,29.45,100,0
ATH_A.US,5,20211111,201000,29.53,29.53,29.44,29.44,1033,0
ATH_A.US,5,20211111,202500,29.5199,29.5199,29.5199,29.5199,752,0
ATH_A.US,5,20211111,203000,29.52,29.52,29.52,29.52,522,0
ATH_A.US,5,20211111,204000,29.468,29.468,29.468,29.468,108,0
ATH_A.US,5,20211111,205000,29.445,29.445,29.445,29.445,100,0
ATH_A.US,5,20211111,205500,29.5,29.5,29.5,29.5,600,0
ATH_A.US,5,20211111,211500,29.447,29.45,29.447,29.45,365,0
ATH_A.US,5,20211111,212000,29.45,29.45,29.45,29.45,101,0
ATH_A.US,5,20211111,215000,29.47,29.47,29.47,29.47,416,0
ATH_A.US,5,20211111,215500,29.44,29.44,29.44,29.44,200,0
ATH_A.US,5,20211112,155000,29.3634,29.3634,29.3634,29.3634,169,0
ATH_A.US,5,20211112,163500,29.42,29.42,29.42,29.42,121,0
ATH_A.US,5,20211112,170500,29.44,29.44,29.44,29.44,100,0
ATH_A.US,5,20211112,173000,29.5199,29.5199,29.45,29.5018,815,0
ATH_A.US,5,20211112,181000,29.459,29.459,29.44,29.459,400,0
ATH_A.US,5,20211112,183000,29.4451,29.4451,29.4451,29.4451,200,0
ATH_A.US,5,20211112,185000,29.4127,29.4127,29.4127,29.4127,189,0
ATH_A.US,5,20211112,192500,29.445,29.445,29.445,29.445,100,0
ATH_A.US,5,20211112,201000,29.49,29.49,29.49,29.49,100,0
ATH_A.US,5,20211112,202500,29.44,29.44,29.44,29.44,203,0
ATH_A.US,5,20211112,210000,29.4493,29.4493,29.425,29.425,324,0
ATH_A.US,5,20211112,211000,29.4162,29.4162,29.4,29.4,324,0
ATH_A.US,5,20211112,213500,29.3994,29.3994,29.37,29.37,300,0
ATH_A.US,5,20211112,215000,29.36,29.43,29.36,29.405,2963,0
ATH_A.US,5,20211115,153000,29.53,29.54,29.53,29.54,297,0
ATH_A.US,5,20211115,154000,29.43,29.43,29.3,29.3,200,0
ATH_A.US,5,20211115,155500,29.31,29.31,29.31,29.31,100,0
ATH_A.US,5,20211115,160500,29.3425,29.3425,29.3425,29.3425,100,0
ATH_A.US,5,20211115,161000,29.345,29.345,29.345,29.345,400,0
ATH_A.US,5,20211115,161500,29.3059,29.43,29.3059,29.43,1058,0
ATH_A.US,5,20211115,162000,29.345,29.41,29.32,29.41,800,0
ATH_A.US,5,20211115,163000,29.345,29.345,29.34,29.34,200,0
ATH_A.US,5,20211115,164500,29.34,29.34,29.34,29.34,500,0
ATH_A.US,5,20211115,165000,29.3799,29.3799,29.3799,29.3799,163,0
ATH_A.US,5,20211115,171000,29.32,29.32,29.32,29.32,100,0
ATH_A.US,5,20211115,173000,29.3117,29.39,29.3117,29.39,550,0
ATH_A.US,5,20211115,174000,29.38,29.43,29.38,29.4,1501,0
ATH_A.US,5,20211115,174500,29.325,29.39,29.325,29.39,365,0
ATH_A.US,5,20211115,175000,29.325,29.39,29.2607,29.39,1171,0
ATH_A.US,5,20211115,181000,29.325,29.3626,29.325,29.3626,359,0
ATH_A.US,5,20211115,183000,29.3646,29.38,29.3646,29.38,300,0
ATH_A.US,5,20211115,183500,29.3799,29.38,29.325,29.3371,590,0
ATH_A.US,5,20211115,190000,29.315,29.315,29.315,29.315,100,0
ATH_A.US,5,20211115,190500,29.27,29.27,29.27,29.27,100,0
ATH_A.US,5,20211115,191000,29.32,29.32,29.315,29.315,200,0
ATH_A.US,5,20211115,191500,29.33,29.33,29.33,29.33,100,0
ATH_A.US,5,20211115,193000,29.3205,29.3205,29.3,29.3,600,0
ATH_A.US,5,20211115,194000,29.28,29.28,29.28,29.28,119,0
ATH_A.US,5,20211115,195000,29.27,29.36,29.25,29.3004,26316,0
ATH_A.US,5,20211115,200000,29.29,29.29,29.25,29.25,247,0
ATH_A.US,5,20211115,203500,29.26,29.26,29.26,29.26,508,0
ATH_A.US,5,20211115,204500,29.26,29.26,29.26,29.26,500,0
ATH_A.US,5,20211115,213500,29.27,29.27,29.27,29.27,100,0
ATH_A.US,5,20211115,214500,29.271,29.271,29.271,29.271,104,0
ATH_A.US,5,20211115,215500,29.28,29.28,29.28,29.28,319,0
ATH_A.US,5,20211116,153000,29.21,29.2434,29.21,29.21,1919,0
ATH_A.US,5,20211116,153500,29.226,29.226,29.226,29.226,500,0
ATH_A.US,5,20211116,154500,29.24,29.2805,29.24,29.2805,2500,0
ATH_A.US,5,20211116,155500,29.28,29.28,29.28,29.28,100,0
ATH_A.US,5,20211116,161000,29.2644,29.2644,29.2644,29.2644,1000,0
ATH_A.US,5,20211116,163000,29.2001,29.2001,29.2001,29.2001,659,0
ATH_A.US,5,20211116,164500,29.27,29.27,29.2406,29.2406,200,0
ATH_A.US,5,20211116,165500,29.27,29.27,29.27,29.27,300,0
ATH_A.US,5,20211116,171000,29.285,29.31,29.285,29.3,500,0
ATH_A.US,5,20211116,171500,29.285,29.31,29.285,29.2952,700,0
ATH_A.US,5,20211116,172000,29.285,29.37,29.285,29.37,1100,0
ATH_A.US,5,20211116,172500,29.39,29.39,29.36,29.3872,2141,0
ATH_A.US,5,20211116,173000,29.2798,29.2798,29.2798,29.2798,102,0
ATH_A.US,5,20211116,173500,29.44,29.44,29.44,29.44,100,0
ATH_A.US,5,20211116,174000,29.44,29.44,29.41,29.41,200,0
ATH_A.US,5,20211116,180000,29.2948,29.2948,29.2948,29.2948,179,0
ATH_A.US,5,20211116,181000,29.363,29.363,29.363,29.363,200,0
ATH_A.US,5,20211116,182000,29.2826,29.2826,29.2826,29.2826,2299,0
ATH_A.US,5,20211116,182500,29.27,29.27,29.27,29.27,100,0
ATH_A.US,5,20211116,183500,29.27,29.289,29.25,29.289,800,0
ATH_A.US,5,20211116,184000,29.27,29.27,29.27,29.27,100,0
ATH_A.US,5,20211116,185500,29.27,29.27,29.27,29.27,100,0
ATH_A.US,5,20211116,191000,29.27,29.27,29.27,29.27,100,0
ATH_A.US,5,20211116,192000,29.25,29.25,29.25,29.25,749,0
ATH_A.US,5,20211116,193500,29.25,29.25,29.25,29.25,100,0
ATH_A.US,5,20211116,195500,29.27,29.27,29.27,29.27,100,0
ATH_A.US,5,20211116,202500,29.25,29.25,29.25,29.25,100,0
ATH_A.US,5,20211116,205000,29.26,29.26,29.26,29.26,100,0
ATH_A.US,5,20211116,210500,29.2509,29.27,29.2509,29.27,497,0
ATH_A.US,5,20211116,211000,29.25,29.25,29.25,29.25,100,0
ATH_A.US,5,20211116,212000,29.2528,29.2528,29.2528,29.2528,500,0
ATH_A.US,5,20211116,213500,29.23,29.26,29.23,29.24,607,0
ATH_A.US,5,20211116,214000,29.2,29.214,29.2,29.2,1275,0
ATH_A.US,5,20211116,214500,29.2,29.2,29.2,29.2,200,0
ATH_A.US,5,20211116,215000,29.2,29.24,29.2,29.24,803,0
ATH_A.US,5,20211116,215500,29.2,29.2,29.2,29.2,268,0
ATH_A.US,5,20211117,153000,29.15,29.15,29.15,29.15,851,0
ATH_A.US,5,20211117,153500,29.1837,29.1837,29.1837,29.1837,2000,0
ATH_A.US,5,20211117,154000,29.1837,29.1837,29.1837,29.1837,2000,0
ATH_A.US,5,20211117,160500,29.21,29.21,29.1751,29.1751,1249,0
ATH_A.US,5,20211117,161500,29.19,29.19,29.19,29.19,100,0
ATH_A.US,5,20211117,162000,29.17,29.17,29.17,29.17,100,0
ATH_A.US,5,20211117,163000,29.19,29.19,29.19,29.19,100,0
ATH_A.US,5,20211117,164000,29.23,29.23,29.23,29.23,100,0
ATH_A.US,5,20211117,165500,29.21,29.2402,29.2001,29.2001,891,0
ATH_A.US,5,20211117,170000,29.2,29.201,29.2,29.201,200,0
ATH_A.US,5,20211117,172000,29.23,29.23,29.23,29.23,100,0
ATH_A.US,5,20211117,173500,29.24,29.24,29.225,29.24,2191,0
ATH_A.US,5,20211117,175000,29.2822,29.2822,29.2822,29.2822,334,0
ATH_A.US,5,20211117,182000,29.25,29.25,29.2206,29.25,700,0
ATH_A.US,5,20211117,182500,29.25,29.25,29.25,29.25,400,0
ATH_A.US,5,20211117,184000,29.245,29.245,29.245,29.245,150,0
ATH_A.US,5,20211117,184500,29.22,29.27,29.22,29.27,2968,0
ATH_A.US,5,20211117,192000,29.2121,29.2121,29.2121,29.2121,320,0
ATH_A.US,5,20211117,192500,29.25,29.25,29.25,29.25,105,0
ATH_A.US,5,20211117,194000,29.25,29.25,29.21,29.25,468,0
ATH_A.US,5,20211117,195500,29.25,29.25,29.22,29.22,300,0
ATH_A.US,5,20211117,200500,29.22,29.22,29.22,29.22,100,0
ATH_A.US,5,20211117,202000,29.21,29.21,29.21,29.21,2860,0
ATH_A.US,5,20211117,202500,29.21,29.21,29.21,29.21,3617,0
ATH_A.US,5,20211117,203000,29.21,29.21,29.21,29.21,1144,0
ATH_A.US,5,20211117,204500,29.2105,29.23,29.21,29.21,2343,0
ATH_A.US,5,20211117,210500,29.2,29.2,29.2,29.2,700,0
ATH_A.US,5,20211117,211000,29.21,29.21,29.21,29.21,286,0
ATH_A.US,5,20211117,212500,29.21,29.21,29.12,29.19,9257,0
ATH_A.US,5,20211117,214500,29.12,29.14,29.12,29.14,500,0
ATH_A.US,5,20211117,215000,29.15,29.15,29.15,29.15,2400,0
ATH_A.US,5,20211117,215500,29.19,29.19,29.15,29.15,617,0
ATH_A.US,5,20211118,153000,29.22,29.22,29.22,29.22,1759,0
ATH_A.US,5,20211118,153500,29.27,29.29,29.27,29.29,400,0
ATH_A.US,5,20211118,154000,29.28,29.28,29.28,29.28,300,0
ATH_A.US,5,20211118,160000,29.22,29.22,29.22,29.22,100,0
ATH_A.US,5,20211118,160500,29.181,29.181,29.16,29.16,400,0
ATH_A.US,5,20211118,162000,29.13,29.13,29.13,29.13,100,0
ATH_A.US,5,20211118,163000,29.13,29.17,29.08,29.08,1195,0
ATH_A.US,5,20211118,171500,29.13,29.13,29.13,29.13,193,0
ATH_A.US,5,20211118,175000,29.1112,29.1112,29.1112,29.1112,179,0
ATH_A.US,5,20211118,175500,29.1215,29.1215,29.1215,29.1215,288,0
ATH_A.US,5,20211118,180000,29.12,29.12,29.12,29.12,500,0
ATH_A.US,5,20211118,180500,29.12,29.12,29.12,29.12,346,0
ATH_A.US,5,20211118,185500,29.15,29.17,29.125,29.15,1400,0
ATH_A.US,5,20211118,190000,29.09,29.09,29.08,29.08,1700,0
ATH_A.US,5,20211118,192000,29.15,29.15,29.15,29.15,100,0
ATH_A.US,5,20211118,193000,29.0948,29.1096,29.0948,29.1096,459,0
ATH_A.US,5,20211118,193500,29.12,29.1472,29.12,29.1472,275,0
ATH_A.US,5,20211118,201000,29.07,29.07,29.07,29.07,300,0
ATH_A.US,5,20211118,202500,29.07,29.07,29.07,29.07,886,0
ATH_A.US,5,20211118,203000,29.07,29.07,29.03,29.03,558,0
ATH_A.US,5,20211118,210000,29.03,29.03,29.03,29.03,100,0
ATH_A.US,5,20211118,211500,29.05,29.07,29.05,29.07,1254,0
ATH_A.US,5,20211118,212000,29.0375,29.0375,29.0375,29.0375,464,0
ATH_A.US,5,20211118,212500,29.075,29.075,29.075,29.075,160,0
ATH_A.US,5,20211118,214000,29.075,29.075,29.065,29.065,1403,0
ATH_A.US,5,20211118,214500,29.075,29.075,29.075,29.075,295,0
ATH_A.US,5,20211118,215000,29.11,29.11,29.11,29.11,185,0
ATH_A.US,5,20211118,215500,29.14,29.14,29.14,29.14,377,0
ATH_A.US,5,20211119,153000,29.21,29.21,29.21,29.21,371,0
ATH_A.US,5,20211119,161000,29.0914,29.0914,29.0914,29.0914,300,0
ATH_A.US,5,20211119,164500,29.09,29.09,29.09,29.09,200,0
ATH_A.US,5,20211119,172000,29.13,29.13,29.13,29.13,100,0
ATH_A.US,5,20211119,172500,29.1239,29.1239,29.1239,29.1239,620,0
ATH_A.US,5,20211119,173500,29.06,29.06,29.06,29.06,1010,0
ATH_A.US,5,20211119,174500,29.1122,29.1122,29.1122,29.1122,274,0
ATH_A.US,5,20211119,175000,29.0888,29.0888,29.0888,29.0888,1695,0
ATH_A.US,5,20211119,175500,29.105,29.105,29.105,29.105,100,0
ATH_A.US,5,20211119,181000,29.13,29.13,29.06,29.07,500,0
ATH_A.US,5,20211119,181500,29.07,29.07,29.07,29.07,300,0
ATH_A.US,5,20211119,182000,29.04,29.04,29.04,29.04,225,0
ATH_A.US,5,20211119,183000,29.1051,29.1051,29.1051,29.1051,100,0
ATH_A.US,5,20211119,183500,29.0665,29.07,29.0665,29.07,3059,0
ATH_A.US,5,20211119,184500,29.03,29.03,29.03,29.03,300,0
ATH_A.US,5,20211119,191000,29.02,29.02,29.02,29.02,200,0
ATH_A.US,5,20211119,192000,29,29,28.98,28.985,2894,0
ATH_A.US,5,20211119,194000,28.992,28.992,28.992,28.992,176,0
ATH_A.US,5,20211119,194500,28.9989,28.9989,28.995,28.995,217,0
ATH_A.US,5,20211119,195500,29.01,29.02,28.9901,28.9901,2778,0
ATH_A.US,5,20211119,201500,29.06,29.06,29.06,29.06,100,0
ATH_A.US,5,20211119,205000,29.0804,29.0804,29.0804,29.0804,404,0
ATH_A.US,5,20211119,205500,29.1199,29.1199,29.065,29.1189,760,0
ATH_A.US,5,20211119,210000,29.065,29.065,29.065,29.065,323,0
ATH_A.US,5,20211119,212000,29.05,29.0501,29.05,29.05,1308,0
ATH_A.US,5,20211119,213500,29.12,29.12,29.12,29.12,200,0
ATH_A.US,5,20211119,214500,29.07,29.07,29.07,29.07,100,0
ATH_A.US,5,20211119,215000,29.07,29.07,29.07,29.07,139,0
ATH_A.US,5,20211119,215500,29.07,29.11,29.07,29.11,200,0
ATH_A.US,5,20211122,153500,29.1,29.1,29.1,29.1,524,0
ATH_A.US,5,20211122,155000,29.12,29.23,29.12,29.21,4443,0
ATH_A.US,5,20211122,161000,29.1463,29.1463,29.1463,29.1463,500,0
ATH_A.US,5,20211122,161500,29.1724,29.18,29.1724,29.18,1100,0
ATH_A.US,5,20211122,162000,29.14,29.18,29.14,29.1477,850,0
ATH_A.US,5,20211122,164000,29.14,29.14,29.14,29.14,200,0
ATH_A.US,5,20211122,171000,29.227,29.227,29.14,29.1945,1750,0
ATH_A.US,5,20211122,172500,29.162,29.162,29.162,29.162,250,0
ATH_A.US,5,20211122,173000,29.14,29.14,29.12,29.12,900,0
ATH_A.US,5,20211122,174000,29.12,29.12,29.12,29.12,100,0
ATH_A.US,5,20211122,174500,29.12,29.12,29.12,29.12,338,0
ATH_A.US,5,20211122,175000,29.09,29.09,29.09,29.09,200,0
ATH_A.US,5,20211122,175500,29.07,29.07,29.07,29.07,100,0
ATH_A.US,5,20211122,180500,29.0665,29.0758,29.0665,29.0758,300,0
ATH_A.US,5,20211122,182000,29.02,29.04,29.01,29.01,1500,0
ATH_A.US,5,20211122,183500,28.9756,28.9756,28.9756,28.9756,1050,0
ATH_A.US,5,20211122,185500,28.97,28.97,28.96,28.96,300,0
ATH_A.US,5,20211122,190500,29,29,29,29,1100,0
ATH_A.US,5,20211122,191000,28.96,28.96,28.96,28.96,100,0
ATH_A.US,5,20211122,194000,28.96,28.9783,28.96,28.9783,513,0
ATH_A.US,5,20211122,194500,28.93,28.93,28.93,28.93,486,0
ATH_A.US,5,20211122,195000,28.91,28.91,28.85,28.85,3064,0
ATH_A.US,5,20211122,195500,28.82,28.835,28.82,28.835,510,0
ATH_A.US,5,20211122,201000,28.849,28.85,28.84,28.85,517,0
ATH_A.US,5,20211122,201500,28.92,28.92,28.92,28.92,152,0
ATH_A.US,5,20211122,203000,28.885,28.885,28.885,28.885,130,0
ATH_A.US,5,20211122,203500,28.89,28.89,28.89,28.89,100,0
ATH_A.US,5,20211122,211000,28.8779,28.8797,28.85,28.85,486,0
ATH_A.US,5,20211122,212000,28.89,28.89,28.87,28.89,1159,0
ATH_A.US,5,20211122,213500,28.9,28.9,28.9,28.9,158,0
ATH_A.US,5,20211122,215500,28.84,28.84,28.84,28.84,413,0
ATH_A.US,5,20211123,153000,28.84,28.84,28.72,28.72,2396,0
ATH_A.US,5,20211123,153500,28.68,28.7715,28.68,28.71,715,0
ATH_A.US,5,20211123,154500,28.72,28.72,28.72,28.72,243,0
ATH_A.US,5,20211123,155000,28.77,28.82,28.77,28.82,600,0
ATH_A.US,5,20211123,160500,28.831,28.831,28.819,28.819,300,0
ATH_A.US,5,20211123,161000,28.81,28.82,28.79,28.8,1163,0
ATH_A.US,5,20211123,162000,28.79,28.79,28.79,28.79,181,0
ATH_A.US,5,20211123,171000,28.79,28.79,28.79,28.79,100,0
ATH_A.US,5,20211123,171500,28.79,28.79,28.79,28.79,100,0
ATH_A.US,5,20211123,174500,28.79,28.79,28.79,28.79,200,0
ATH_A.US,5,20211123,181000,28.8,28.8,28.785,28.8,1500,0
ATH_A.US,5,20211123,181500,28.79,28.8,28.79,28.8,300,0
ATH_A.US,5,20211123,182000,28.76,28.765,28.76,28.765,200,0
ATH_A.US,5,20211123,182500,28.76,28.76,28.76,28.76,100,0
ATH_A.US,5,20211123,183500,28.74,28.74,28.74,28.74,2459,0
ATH_A.US,5,20211123,192000,28.745,28.745,28.74,28.74,300,0
ATH_A.US,5,20211123,193500,28.74,28.7495,28.74,28.7495,216,0
ATH_A.US,5,20211123,195000,28.75,28.77,28.75,28.77,502,0
ATH_A.US,5,20211123,195500,28.74,28.7622,28.74,28.74,1657,0
ATH_A.US,5,20211123,201000,28.765,28.7912,28.765,28.7912,366,0
ATH_A.US,5,20211123,210000,28.73,28.73,28.73,28.73,191,0
ATH_A.US,5,20211123,211500,28.71,28.71,28.71,28.71,147,0
ATH_A.US,5,20211123,213000,28.739,28.74,28.72,28.72,600,0
ATH_A.US,5,20211123,215500,28.8,28.8,28.8,28.8,400,0
ATH_A.US,5,20211124,153000,28.81,28.81,28.78,28.78,491,0
ATH_A.US,5,20211124,153500,28.7999,28.7999,28.7999,28.7999,100,0
ATH_A.US,5,20211124,155000,28.75,28.76,28.75,28.76,200,0
ATH_A.US,5,20211124,155500,28.74,28.74,28.68,28.68,1200,0
ATH_A.US,5,20211124,160500,28.71,28.71,28.71,28.71,400,0
ATH_A.US,5,20211124,161000,28.71,28.71,28.63,28.68,1759,0
ATH_A.US,5,20211124,163000,28.72,28.72,28.72,28.72,100,0
ATH_A.US,5,20211124,164000,28.75,28.75,28.74,28.75,300,0
ATH_A.US,5,20211124,164500,28.75,28.76,28.63,28.64,12224,0
ATH_A.US,5,20211124,165000,28.68,28.68,28.67,28.68,368,0
ATH_A.US,5,20211124,165500,28.64,28.64,28.64,28.64,129,0
ATH_A.US,5,20211124,171000,28.73,28.73,28.73,28.73,1000,0
ATH_A.US,5,20211124,173000,28.74,28.74,28.74,28.74,300,0
ATH_A.US,5,20211124,173500,28.74,28.74,28.74,28.74,200,0
ATH_A.US,5,20211124,174000,28.74,28.74,28.74,28.74,755,0
ATH_A.US,5,20211124,175000,28.7,28.7,28.7,28.7,100,0
ATH_A.US,5,20211124,180000,28.71,28.71,28.71,28.71,100,0
ATH_A.US,5,20211124,181500,28.69,28.69,28.68,28.68,400,0
ATH_A.US,5,20211124,184500,28.68,28.68,28.68,28.68,100,0
ATH_A.US,5,20211124,185000,28.68,28.68,28.68,28.68,106,0
ATH_A.US,5,20211124,185500,28.68,28.68,28.68,28.68,100,0
ATH_A.US,5,20211124,191000,28.68,28.68,28.68,28.68,100,0
ATH_A.US,5,20211124,192000,28.68,28.68,28.68,28.68,900,0
ATH_A.US,5,20211124,192500,28.69,28.69,28.69,28.69,100,0
ATH_A.US,5,20211124,193000,28.68,28.68,28.68,28.68,564,0
ATH_A.US,5,20211124,193500,28.68,28.69,28.66,28.69,1200,0
ATH_A.US,5,20211124,200000,28.6534,28.6534,28.6534,28.6534,104,0
ATH_A.US,5,20211124,200500,28.65,28.65,28.65,28.65,100,0
ATH_A.US,5,20211124,201500,28.65,28.65,28.65,28.65,100,0
ATH_A.US,5,20211124,202000,28.714,28.714,28.714,28.714,142,0
ATH_A.US,5,20211124,202500,28.65,28.65,28.65,28.65,100,0
ATH_A.US,5,20211124,203500,28.71,28.71,28.71,28.71,100,0
ATH_A.US,5,20211124,204500,28.65,28.65,28.65,28.65,100,0
ATH_A.US,5,20211124,205500,28.66,28.66,28.66,28.66,100,0
ATH_A.US,5,20211124,210500,28.67,28.67,28.67,28.67,100,0
ATH_A.US,5,20211124,211000,28.67,28.67,28.67,28.67,100,0
ATH_A.US,5,20211124,212500,28.66,28.66,28.66,28.66,100,0
ATH_A.US,5,20211124,213500,28.66,28.7597,28.6501,28.6868,4210,0
ATH_A.US,5,20211124,214000,28.7,28.703,28.7,28.703,621,0
ATH_A.US,5,20211124,214500,28.66,28.66,28.66,28.66,200,0
ATH_A.US,5,20211124,215000,28.66,28.66,28.66,28.66,400,0
ATH_A.US,5,20211124,215500,28.66,28.66,28.66,28.66,511,0
ATH_A.US,5,20211126,153000,28.6,28.6,28.6,28.6,277,0
ATH_A.US,5,20211126,155000,28.56,28.56,28.56,28.56,122,0
ATH_A.US,5,20211126,160000,28.45,28.45,28.37,28.37,3466,0
ATH_A.US,5,20211126,160500,28.33,28.33,28.21,28.27,3100,0
ATH_A.US,5,20211126,161000,28.26,28.26,28.18,28.18,1800,0
ATH_A.US,5,20211126,161500,28.21,28.21,28.2,28.2,200,0
ATH_A.US,5,20211126,162000,28.19,28.25,28.19,28.25,600,0
ATH_A.US,5,20211126,162500,28.36,28.36,28.36,28.36,100,0
ATH_A.US,5,20211126,163000,28.26,28.27,28.26,28.26,300,0
ATH_A.US,5,20211126,163500,28.25,28.25,28.25,28.25,200,0
ATH_A.US,5,20211126,164000,28.3,28.3,28.26,28.3,300,0
ATH_A.US,5,20211126,164500,28.26,28.359,28.26,28.26,983,0
ATH_A.US,5,20211126,165000,28.28,28.28,28.28,28.28,200,0
ATH_A.US,5,20211126,165500,28.27,28.27,28.27,28.27,100,0
ATH_A.US,5,20211126,170500,28.26,28.31,28.26,28.26,302,0
ATH_A.US,5,20211126,171000,28.26,28.26,28.26,28.26,200,0
ATH_A.US,5,20211126,171500,28.26,28.26,28.26,28.26,200,0
ATH_A.US,5,20211126,172000,28.267,28.267,28.26,28.267,500,0
ATH_A.US,5,20211126,172500,28.267,28.267,28.2,28.2,1300,0
ATH_A.US,5,20211126,173000,28.21,28.21,28.21,28.21,100,0
ATH_A.US,5,20211126,173500,28.2,28.2,28.15,28.15,200,0
ATH_A.US,5,20211126,174000,28.15,28.15,28.15,28.15,300,0
ATH_A.US,5,20211126,175000,28.14,28.14,28.14,28.14,100,0
ATH_A.US,5,20211126,175500,28.12,28.15,28.12,28.15,300,0
ATH_A.US,5,20211126,180000,28.15,28.15,28.15,28.15,200,0
ATH_A.US,5,20211126,180500,28.17,28.17,28.15,28.15,300,0
ATH_A.US,5,20211126,181000,28.22,28.22,28.18,28.18,200,0
ATH_A.US,5,20211126,181500,28.19,28.19,28.19,28.19,200,0
ATH_A.US,5,20211126,182000,28.19,28.19,28.19,28.19,200,0
ATH_A.US,5,20211126,182500,28.2104,28.2194,28.1664,28.18,644,0
ATH_A.US,5,20211126,183000,28.19,28.19,28.19,28.19,300,0
ATH_A.US,5,20211126,183500,28.17,28.17,28.17,28.17,200,0
ATH_A.US,5,20211126,184000,28.2351,28.24,28.19,28.2336,1117,0
ATH_A.US,5,20211126,184500,28.18,28.2,28.18,28.2,300,0
ATH_A.US,5,20211126,185000,28.17,28.18,28.17,28.1765,300,0
ATH_A.US,5,20211126,185500,28.17,28.17,28.17,28.17,1334,0
ATH_A.US,5,20211129,153000,28.38,28.38,28.38,28.38,1412,0
ATH_A.US,5,20211129,154000,28.4,28.41,28.4,28.4,843,0
ATH_A.US,5,20211129,154500,28.35,28.35,28.35,28.35,300,0
ATH_A.US,5,20211129,155000,28.3,28.3,28.3,28.3,100,0
ATH_A.US,5,20211129,155500,28.3,28.37,28.3,28.37,400,0
ATH_A.US,5,20211129,161000,28.37,28.37,28.37,28.37,1960,0
ATH_A.US,5,20211129,161500,28.3,28.42,28.3,28.42,200,0
ATH_A.US,5,20211129,162000,28.36,28.36,28.36,28.36,400,0
ATH_A.US,5,20211129,163000,28.3617,28.3617,28.3617,28.3617,800,0
ATH_A.US,5,20211129,163500,28.3,28.3,28.3,28.3,100,0
ATH_A.US,5,20211129,164000,28.3,28.3,28.3,28.3,100,0
ATH_A.US,5,20211129,164500,28.3,28.36,28.3,28.36,200,0
ATH_A.US,5,20211129,165000,28.3,28.3,28.3,28.3,100,0
ATH_A.US,5,20211129,165500,28.36,28.36,28.36,28.36,100,0
ATH_A.US,5,20211129,170000,28.3,28.3,28.3,28.3,200,0
ATH_A.US,5,20211129,170500,28.33,28.33,28.33,28.33,100,0
ATH_A.US,5,20211129,171000,28.3,28.37,28.3,28.37,200,0
ATH_A.US,5,20211129,171500,28.3,28.3,28.3,28.3,100,0
ATH_A.US,5,20211129,172000,28.3647,28.3647,28.3,28.3,200,0
ATH_A.US,5,20211129,172500,28.3,28.3,28.3,28.3,100,0
ATH_A.US,5,20211129,173000,28.3,28.3,28.3,28.3,100,0
ATH_A.US,5,20211129,173500,28.3,28.3,28.3,28.3,100,0
ATH_A.US,5,20211129,174000,28.3,28.3,28.3,28.3,100,0
ATH_A.US,5,20211129,174500,28.3,28.3,28.3,28.3,100,0
ATH_A.US,5,20211129,175000,28.3,28.3,28.3,28.3,100,0
ATH_A.US,5,20211129,175500,28.3,28.3,28.3,28.3,100,0
ATH_A.US,5,20211129,180500,28.28,28.3,28.28,28.3,417,0
ATH_A.US,5,20211129,181500,28.3,28.3,28.3,28.3,100,0
ATH_A.US,5,20211129,182000,28.3,28.3,28.3,28.3,100,0
ATH_A.US,5,20211129,183000,28.31,28.31,28.31,28.31,100,0
ATH_A.US,5,20211129,183500,28.31,28.31,28.31,28.31,100,0
ATH_A.US,5,20211129,184000,28.2906,28.31,28.2906,28.31,595,0
ATH_A.US,5,20211129,184500,28.31,28.31,28.31,28.31,100,0
ATH_A.US,5,20211129,185000,28.31,28.31,28.31,28.31,100,0
ATH_A.US,5,20211129,190000,28.32,28.32,28.32,28.32,100,0
ATH_A.US,5,20211129,190500,28.31,28.31,28.31,28.31,100,0
ATH_A.US,5,20211129,191000,28.3,28.3,28.3,28.3,100,0
ATH_A.US,5,20211129,192500,28.3,28.3,28.3,28.3,300,0
ATH_A.US,5,20211129,193000,28.3,28.3,28.3,28.3,100,0
ATH_A.US,5,20211129,193500,28.3,28.3,28.3,28.3,100,0
ATH_A.US,5,20211129,194000,28.3341,28.3341,28.3,28.3,1288,0
ATH_A.US,5,20211129,194500,28.3453,28.3453,28.325,28.325,224,0
ATH_A.US,5,20211129,195500,28.3,28.3,28.3,28.3,100,0
ATH_A.US,5,20211129,200000,28.3,28.3,28.3,28.3,100,0
ATH_A.US,5,20211129,200500,28.3,28.3,28.3,28.3,100,0
ATH_A.US,5,20211129,201000,28.3,28.3,28.3,28.3,100,0
ATH_A.US,5,20211129,201500,28.3,28.3,28.3,28.3,100,0
ATH_A.US,5,20211129,202000,28.3,28.3,28.3,28.3,100,0
ATH_A.US,5,20211129,202500,28.33,28.33,28.3,28.3,300,0
ATH_A.US,5,20211129,203000,28.3,28.3,28.3,28.3,100,0
ATH_A.US,5,20211129,204000,28.3,28.3,28.3,28.3,200,0
ATH_A.US,5,20211129,205000,28.3,28.3,28.3,28.3,100,0
ATH_A.US,5,20211129,205500,28.3,28.31,28.3,28.31,249,0
ATH_A.US,5,20211129,213000,28.32,28.3596,28.32,28.34,450,0
ATH_A.US,5,20211129,213500,28.32,28.32,28.32,28.32,390,0
ATH_A.US,5,20211129,214000,28.32,28.32,28.31,28.31,300,0
ATH_A.US,5,20211129,214500,28.32,28.32,28.32,28.32,200,0
ATH_A.US,5,20211129,215500,28.34,28.48,28.34,28.48,1468,0
ATH_A.US,5,20211130,153000,28.44,28.44,28.44,28.44,582,0
ATH_A.US,5,20211130,153500,28.24,28.33,28.24,28.33,300,0
ATH_A.US,5,20211130,154000,28.32,28.33,28.32,28.33,200,0
ATH_A.US,5,20211130,155000,28.4,28.4,28.39,28.39,200,0
ATH_A.US,5,20211130,155500,28.41,28.42,28.41,28.42,200,0
ATH_A.US,5,20211130,161000,28.4,28.4,28.4,28.4,100,0
ATH_A.US,5,20211130,161500,28.4,28.49,28.4,28.44,7392,0
ATH_A.US,5,20211130,162500,28.49,28.49,28.49,28.49,100,0
ATH_A.US,5,20211130,163000,28.49,28.49,28.49,28.49,100,0
ATH_A.US,5,20211130,163500,28.49,28.49,28.49,28.49,1400,0
ATH_A.US,5,20211130,164000,28.49,28.49,28.49,28.49,200,0
ATH_A.US,5,20211130,164500,28.49,28.49,28.49,28.49,1151,0
ATH_A.US,5,20211130,165000,28.49,28.49,28.45,28.45,5200,0
ATH_A.US,5,20211130,170500,28.43,28.43,28.4,28.4,600,0
ATH_A.US,5,20211130,171000,28.37,28.4,28.37,28.4,400,0
ATH_A.US,5,20211130,171500,28.4,28.4,28.3994,28.3994,449,0
ATH_A.US,5,20211130,172000,28.4,28.4,28.4,28.4,100,0
ATH_A.US,5,20211130,172500,28.38,28.38,28.38,28.38,100,0
ATH_A.US,5,20211130,173000,28.38,28.38,28.38,28.38,200,0
ATH_A.US,5,20211130,175000,28.38,28.415,28.38,28.415,35200,0
ATH_A.US,5,20211130,175500,28.38,28.38,28.37,28.37,200,0
ATH_A.US,5,20211130,180000,28.37,28.37,28.37,28.37,100,0
ATH_A.US,5,20211130,180500,28.37,28.37,28.37,28.37,100,0
ATH_A.US,5,20211130,181000,28.37,28.37,28.37,28.37,100,0
ATH_A.US,5,20211130,181500,28.36,28.36,28.36,28.36,100,0
ATH_A.US,5,20211130,183500,28.35,28.35,28.35,28.35,100,0
ATH_A.US,5,20211130,184000,28.35,28.35,28.35,28.35,100,0
ATH_A.US,5,20211130,184500,28.35,28.36,28.35,28.36,200,0
ATH_A.US,5,20211130,185000,28.405,28.405,28.405,28.405,100,0
ATH_A.US,5,20211130,191000,28.35,28.35,28.35,28.35,100,0
ATH_A.US,5,20211130,191500,28.35,28.35,28.35,28.35,100,0
ATH_A.US,5,20211130,192000,28.35,28.369,28.35,28.369,300,0
ATH_A.US,5,20211130,192500,28.35,28.4,28.35,28.4,400,0
ATH_A.US,5,20211130,193000,28.35,28.4,28.35,28.4,700,0
ATH_A.US,5,20211130,194000,28.4,28.4,28.39,28.39,200,0
ATH_A.US,5,20211130,194500,28.4,28.4,28.4,28.4,200,0
ATH_A.US,5,20211130,195000,28.4,28.4,28.4,28.4,300,0
ATH_A.US,5,20211130,200000,28.4,28.4,28.4,28.4,435,0
ATH_A.US,5,20211130,201000,28.41,28.46,28.41,28.41,692,0
ATH_A.US,5,20211130,202000,28.41,28.41,28.41,28.41,300,0
ATH_A.US,5,20211130,203000,28.38,28.415,28.35,28.39,1336,0
ATH_A.US,5,20211130,203500,28.35,28.35,28.35,28.35,100,0
ATH_A.US,5,20211130,204000,28.34,28.34,28.33,28.33,200,0
ATH_A.US,5,20211130,205000,28.33,28.33,28.33,28.33,100,0
ATH_A.US,5,20211130,205500,28.33,28.33,28.33,28.33,100,0
ATH_A.US,5,20211130,210000,28.33,28.33,28.33,28.33,100,0
ATH_A.US,5,20211130,210500,28.33,28.33,28.33,28.33,100,0
ATH_A.US,5,20211130,211000,28.33,28.33,28.33,28.33,100,0
ATH_A.US,5,20211130,211500,28.33,28.33,28.31,28.31,1235,0
ATH_A.US,5,20211130,212000,28.3,28.3,28.3,28.3,100,0
ATH_A.US,5,20211130,212500,28.3,28.3,28.3,28.3,100,0
ATH_A.US,5,20211130,213500,28.339,28.34,28.32,28.3326,1210,0
ATH_A.US,5,20211130,214000,28.32,28.32,28.32,28.32,100,0
ATH_A.US,5,20211130,214500,28.32,28.32,28.32,28.32,300,0
ATH_A.US,5,20211130,215000,28.35,28.46,28.33,28.33,1068,0
ATH_A.US,5,20211130,215500,28.32,28.49,28.32,28.49,37764,0
ATH_A.US,5,20211201,153000,28.63,28.63,28.63,28.63,611,0
ATH_A.US,5,20211201,154500,28.62,28.62,28.62,28.62,100,0
ATH_A.US,5,20211201,155500,28.6567,28.69,28.6567,28.69,5150,0
ATH_A.US,5,20211201,160000,28.66,28.66,28.66,28.66,100,0
ATH_A.US,5,20211201,161500,28.7,28.7,28.65,28.65,566,0
ATH_A.US,5,20211201,164000,28.7586,28.7586,28.63,28.7418,640,0
ATH_A.US,5,20211201,165500,28.6862,28.6862,28.6862,28.6862,144,0
ATH_A.US,5,20211201,170500,28.6559,28.6559,28.6559,28.6559,134,0
ATH_A.US,5,20211201,172500,28.65,28.65,28.65,28.65,100,0
ATH_A.US,5,20211201,174500,28.72,28.73,28.71,28.71,1702,0
ATH_A.US,5,20211201,175000,28.73,28.73,28.73,28.73,250,0
ATH_A.US,5,20211201,180000,28.74,28.74,28.74,28.74,400,0
ATH_A.US,5,20211201,183500,28.72,28.72,28.7,28.7,939,0
ATH_A.US,5,20211201,184500,28.69,28.69,28.69,28.69,194,0
ATH_A.US,5,20211201,185000,28.68,28.68,28.6607,28.6607,279,0
ATH_A.US,5,20211201,193500,28.6578,28.67,28.6578,28.67,581,0
ATH_A.US,5,20211201,194500,28.665,28.665,28.665,28.665,318,0
ATH_A.US,5,20211201,195000,28.6959,28.6959,28.6959,28.6959,113,0
ATH_A.US,5,20211201,195500,28.6201,28.6836,28.6201,28.6836,319,0
ATH_A.US,5,20211201,201000,28.62,28.62,28.62,28.62,300,0
ATH_A.US,5,20211201,204000,28.54,28.54,28.54,28.54,111,0
ATH_A.US,5,20211201,205500,28.54,28.54,28.5,28.5,242,0
ATH_A.US,5,20211201,210000,28.55,28.56,28.55,28.56,2500,0
ATH_A.US,5,20211201,212000,28.56,28.56,28.56,28.56,100,0
ATH_A.US,5,20211201,212500,28.525,28.55,28.525,28.55,200,0
ATH_A.US,5,20211201,213000,28.54,28.54,28.54,28.54,100,0
ATH_A.US,5,20211201,213500,28.51,28.51,28.45,28.5,5041,0
ATH_A.US,5,20211201,214500,28.5499,28.55,28.5499,28.55,627,0
ATH_A.US,5,20211201,215000,28.54,28.54,28.54,28.54,100,0
ATH_A.US,5,20211201,215500,28.54,28.55,28.53,28.55,689,0
ATH_A.US,5,20211202,153000,28.52,28.52,28.52,28.52,748,0
ATH_A.US,5,20211202,160500,28.6,28.6,28.599,28.6,400,0
ATH_A.US,5,20211202,162000,28.565,28.565,28.565,28.565,100,0
ATH_A.US,5,20211202,163500,28.565,28.565,28.565,28.565,100,0
ATH_A.US,5,20211202,164500,28.4739,28.4739,28.4739,28.4739,400,0
ATH_A.US,5,20211202,165000,28.565,28.565,28.565,28.565,100,0
ATH_A.US,5,20211202,171000,28.61,28.61,28.61,28.61,211,0
ATH_A.US,5,20211202,171500,28.5649,28.5649,28.5649,28.5649,210,0
ATH_A.US,5,20211202,173500,28.6172,28.6172,28.6172,28.6172,485,0
ATH_A.US,5,20211202,174500,28.622,28.622,28.5958,28.5958,261,0
ATH_A.US,5,20211202,180000,28.615,28.615,28.615,28.615,100,0
ATH_A.US,5,20211202,181500,28.67,28.67,28.67,28.67,100,0
ATH_A.US,5,20211202,184000,28.636,28.68,28.636,28.68,1100,0
ATH_A.US,5,20211202,184500,28.68,28.68,28.64,28.64,400,0
ATH_A.US,5,20211202,190500,28.68,28.68,28.68,28.68,100,0
ATH_A.US,5,20211202,191000,28.652,28.652,28.6404,28.6404,1000,0
ATH_A.US,5,20211202,192000,28.64,28.64,28.64,28.64,2295,0
ATH_A.US,5,20211202,192500,28.625,28.625,28.625,28.625,350,0
ATH_A.US,5,20211202,193500,28.67,28.67,28.67,28.67,100,0
ATH_A.US,5,20211202,194500,28.64,28.64,28.605,28.605,300,0
ATH_A.US,5,20211202,195000,28.605,28.605,28.605,28.605,100,0
ATH_A.US,5,20211202,195500,28.615,28.71,28.59,28.66,5963,0
ATH_A.US,5,20211202,200000,28.65,28.65,28.65,28.65,600,0
ATH_A.US,5,20211202,200500,28.6775,28.6775,28.65,28.65,233,0
ATH_A.US,5,20211202,203000,28.7,28.7,28.7,28.7,389,0
ATH_A.US,5,20211202,203500,28.66,28.73,28.66,28.73,200,0
ATH_A.US,5,20211202,204000,28.68,28.68,28.66,28.67,920,0
ATH_A.US,5,20211202,204500,28.7391,28.7391,28.7391,28.7391,790,0
ATH_A.US,5,20211202,205500,28.69,28.74,28.69,28.74,812,0
ATH_A.US,5,20211202,211500,28.77,28.77,28.77,28.77,100,0
ATH_A.US,5,20211202,212000,28.7828,28.7828,28.7828,28.7828,165,0
ATH_A.US,5,20211202,213000,28.75,28.75,28.75,28.75,201,0
ATH_A.US,5,20211202,214000,28.67,28.735,28.67,28.735,300,0
ATH_A.US,5,20211202,215000,28.685,28.71,28.685,28.685,600,0
ATH_A.US,5,20211202,215500,28.75,28.75,28.66,28.73,1176,0
ATH_A.US,5,20211203,153000,28.82,28.82,28.82,28.82,455,0
ATH_A.US,5,20211203,153500,28.73,28.73,28.73,28.73,100,0
ATH_A.US,5,20211203,161000,28.72,28.72,28.72,28.72,397,0
ATH_A.US,5,20211203,161500,28.7,28.7,28.61,28.61,236,0
ATH_A.US,5,20211203,171000,28.7,28.7,28.65,28.65,3010,0
ATH_A.US,5,20211203,171500,28.7,28.7,28.65,28.65,852,0
ATH_A.US,5,20211203,173500,28.65,28.74,28.6128,28.6128,911,0
ATH_A.US,5,20211203,182000,28.74,28.74,28.74,28.74,100,0
ATH_A.US,5,20211203,182500,28.74,28.74,28.74,28.74,100,0
ATH_A.US,5,20211203,183500,28.73,28.73,28.73,28.73,100,0
ATH_A.US,5,20211203,184500,28.72,28.73,28.72,28.73,200,0
ATH_A.US,5,20211203,185000,28.74,28.74,28.74,28.74,300,0
ATH_A.US,5,20211203,190500,28.74,28.74,28.73,28.73,300,0
ATH_A.US,5,20211203,192000,28.6616,28.74,28.6616,28.74,1450,0
ATH_A.US,5,20211203,195000,28.72,28.72,28.6954,28.72,990,0
ATH_A.US,5,20211203,195500,28.7,28.7,28.7,28.7,278,0
ATH_A.US,5,20211203,202500,28.67,28.67,28.6564,28.6564,1908,0
ATH_A.US,5,20211203,203000,28.71,28.71,28.71,28.71,100,0
ATH_A.US,5,20211203,204000,28.66,28.66,28.66,28.66,100,0
ATH_A.US,5,20211203,205500,28.66,28.66,28.66,28.66,200,0
ATH_A.US,5,20211203,210500,28.6531,28.6531,28.6531,28.6531,532,0
ATH_A.US,5,20211203,212500,28.72,28.72,28.72,28.72,200,0
ATH_A.US,5,20211203,213000,28.73,28.75,28.7,28.7,1100,0
ATH_A.US,5,20211203,213500,28.73,28.77,28.73,28.77,1100,0
ATH_A.US,5,20211203,214500,28.7542,28.7542,28.7542,28.7542,100,0
ATH_A.US,5,20211203,215000,28.7,28.76,28.7,28.76,500,0
ATH_A.US,5,20211203,215500,28.76,28.76,28.72,28.72,898,0
ATH_A.US,5,20211206,153000,28.84,28.84,28.84,28.84,492,0
ATH_A.US,5,20211206,154000,28.71,28.71,28.71,28.71,100,0
ATH_A.US,5,20211206,160000,28.73,28.73,28.72,28.72,200,0
ATH_A.US,5,20211206,162000,28.71,28.71,28.71,28.71,100,0
ATH_A.US,5,20211206,162500,28.71,28.71,28.71,28.71,100,0
ATH_A.US,5,20211206,164500,28.7634,28.7634,28.7634,28.7634,205,0
ATH_A.US,5,20211206,170500,28.77,28.77,28.77,28.77,100,0
ATH_A.US,5,20211206,173000,28.75,28.75,28.75,28.75,100,0
ATH_A.US,5,20211206,175500,28.705,28.705,28.705,28.705,165,0
ATH_A.US,5,20211206,180000,28.705,28.705,28.705,28.705,500,0
ATH_A.US,5,20211206,180500,28.74,28.74,28.74,28.74,100,0
ATH_A.US,5,20211206,183000,28.72,28.8,28.72,28.8,1458,0
ATH_A.US,5,20211206,185000,28.8,28.8,28.77,28.8,500,0
ATH_A.US,5,20211206,185500,28.81,28.81,28.81,28.81,100,0
ATH_A.US,5,20211206,190000,28.782,28.782,28.782,28.782,300,0
ATH_A.US,5,20211206,190500,28.81,28.81,28.785,28.785,300,0
ATH_A.US,5,20211206,191000,28.79,28.79,28.79,28.79,100,0
ATH_A.US,5,20211206,192000,28.78,28.82,28.78,28.82,1872,0
ATH_A.US,5,20211206,192500,28.82,28.82,28.82,28.82,200,0
ATH_A.US,5,20211206,194000,28.784,28.82,28.784,28.82,493,0
ATH_A.US,5,20211206,200000,28.82,28.82,28.82,28.82,795,0
ATH_A.US,5,20211206,200500,28.82,28.82,28.82,28.82,300,0
ATH_A.US,5,20211206,201000,28.7984,28.7984,28.76,28.76,3882,0
ATH_A.US,5,20211206,203500,28.78,28.78,28.76,28.76,242,0
ATH_A.US,5,20211206,204000,28.76,28.76,28.76,28.76,400,0
ATH_A.US,5,20211206,210000,28.7954,28.7954,28.76,28.76,600,0
ATH_A.US,5,20211206,210500,28.8,28.8,28.8,28.8,200,0
ATH_A.US,5,20211206,211000,28.78,28.79,28.76,28.76,700,0
ATH_A.US,5,20211206,212000,28.78,28.78,28.76,28.76,600,0
ATH_A.US,5,20211206,212500,28.78,28.8,28.76,28.76,300,0
ATH_A.US,5,20211206,213000,28.76,28.76,28.76,28.76,100,0
ATH_A.US,5,20211206,214000,28.78,28.78,28.78,28.78,200,0
ATH_A.US,5,20211206,215000,28.785,28.785,28.785,28.785,100,0
ATH_A.US,5,20211206,215500,28.81,28.81,28.81,28.81,100,0
ATH_A.US,5,20211207,153000,28.91,28.91,28.91,28.91,411,0
ATH_A.US,5,20211207,154000,28.9,28.9,28.9,28.9,100,0
ATH_A.US,5,20211207,154500,28.92,29.03,28.92,29.03,3452,0
ATH_A.US,5,20211207,155500,29.01,29.01,29.01,29.01,100,0
ATH_A.US,5,20211207,160000,28.98,28.98,28.98,28.98,250,0
ATH_A.US,5,20211207,160500,29.025,29.025,29.025,29.025,100,0
ATH_A.US,5,20211207,161500,29.06,29.06,29.05,29.05,374,0
ATH_A.US,5,20211207,162000,29.0109,29.055,29.0109,29.055,301,0
ATH_A.US,5,20211207,162500,29.04,29.04,29.04,29.04,100,0
ATH_A.US,5,20211207,163500,29.02,29.0444,29.02,29.0444,600,0
ATH_A.US,5,20211207,164500,29.08,29.08,29.08,29.08,300,0
ATH_A.US,5,20211207,170500,29.05,29.05,29.03,29.03,2791,0
ATH_A.US,5,20211207,171000,29.08,29.08,29.08,29.08,200,0
ATH_A.US,5,20211207,172500,29.03,29.03,29.02,29.03,894,0
ATH_A.US,5,20211207,173000,29.02,29.02,29.02,29.02,400,0
ATH_A.US,5,20211207,174000,29.055,29.0645,29.055,29.0645,612,0
ATH_A.US,5,20211207,175000,29.04,29.04,29.04,29.04,100,0
ATH_A.US,5,20211207,180000,29.04,29.09,29.04,29.09,642,0
ATH_A.US,5,20211207,180500,29.07,29.07,29.02,29.07,491,0
ATH_A.US,5,20211207,181000,29.0822,29.0822,29.0822,29.0822,370,0
ATH_A.US,5,20211207,181500,29.03,29.08,29.03,29.08,200,0
ATH_A.US,5,20211207,183500,29.0827,29.0827,29.0827,29.0827,300,0
ATH_A.US,5,20211207,185000,29.0386,29.0386,29.0386,29.0386,160,0
ATH_A.US,5,20211207,190000,29.02,29.02,29.02,29.02,100,0
ATH_A.US,5,20211207,190500,29.04,29.04,29.04,29.04,200,0
ATH_A.US,5,20211207,191000,29.02,29.02,29.02,29.02,100,0
ATH_A.US,5,20211207,192000,29.02,29.02,29.02,29.02,100,0
ATH_A.US,5,20211207,192500,29.02,29.02,29.015,29.015,1891,0
ATH_A.US,5,20211207,193000,29.015,29.015,29.015,29.015,100,0
ATH_A.US,5,20211207,194000,29.01,29.05,29.01,29.05,1771,0
ATH_A.US,5,20211207,194500,29.02,29.02,29.02,29.02,100,0
ATH_A.US,5,20211207,195000,29.01,29.0384,29.01,29.0384,515,0
ATH_A.US,5,20211207,195500,29.01,29.04,29.01,29.04,978,0
ATH_A.US,5,20211207,200000,29.04,29.04,29,29,464,0
ATH_A.US,5,20211207,201000,29.005,29.005,29.005,29.005,173,0
ATH_A.US,5,20211207,202000,29.0148,29.0148,29.0148,29.0148,100,0
ATH_A.US,5,20211207,202500,29.01,29.01,29.01,29.01,100,0
ATH_A.US,5,20211207,203500,28.99,29.04,28.98,29.01,1600,0
ATH_A.US,5,20211207,204500,28.98,28.98,28.98,28.98,100,0
ATH_A.US,5,20211207,205500,29.04,29.04,29.04,29.04,105,0
ATH_A.US,5,20211207,210000,29,29.04,29,29.04,332,0
ATH_A.US,5,20211207,211500,29.01,29.0347,29.01,29.01,418,0
ATH_A.US,5,20211207,213000,29.022,29.04,28.99,28.99,4372,0
ATH_A.US,5,20211207,214000,29.0399,29.0399,29.0085,29.0085,3800,0
ATH_A.US,5,20211207,215000,29.01,29.01,29.0003,29.0003,260,0
ATH_A.US,5,20211207,215500,29.01,29.02,29,29.02,718,0
ATH_A.US,5,20211208,153000,29.04,29.04,29.04,29.04,463,0
ATH_A.US,5,20211208,155500,29.0312,29.0312,29.03,29.03,1000,0
ATH_A.US,5,20211208,160500,29.03,29.03,29.03,29.03,100,0
ATH_A.US,5,20211208,161000,29.03,29.04,29.03,29.04,2506,0
ATH_A.US,5,20211208,161500,29.04,29.04,29.04,29.04,200,0
ATH_A.US,5,20211208,162000,29.04,29.04,29.04,29.04,500,0
ATH_A.US,5,20211208,164000,29.0138,29.0138,29.0138,29.0138,535,0
ATH_A.US,5,20211208,164500,28.99,28.99,28.99,28.99,100,0
ATH_A.US,5,20211208,165000,28.98,28.98,28.98,28.98,100,0
ATH_A.US,5,20211208,165500,28.97,28.97,28.97,28.97,300,0
ATH_A.US,5,20211208,171000,28.97,28.97,28.97,28.97,1585,0
ATH_A.US,5,20211208,171500,28.97,28.97,28.97,28.97,100,0
ATH_A.US,5,20211208,172000,28.97,28.97,28.97,28.97,300,0
ATH_A.US,5,20211208,181500,28.97,28.97,28.97,28.97,100,0
ATH_A.US,5,20211208,182000,28.97,29.02,28.97,29.02,2170,0
ATH_A.US,5,20211208,182500,29.03,29.03,29.03,29.03,100,0
ATH_A.US,5,20211208,183000,29.03,29.04,29.03,29.04,561,0
ATH_A.US,5,20211208,183500,28.99,28.99,28.99,28.99,100,0
ATH_A.US,5,20211208,184000,28.99,28.99,28.99,28.99,325,0
ATH_A.US,5,20211208,184500,29.04,29.04,29.04,29.04,260,0
ATH_A.US,5,20211208,190500,29.04,29.04,29.04,29.04,100,0
ATH_A.US,5,20211208,193500,29.03,29.03,29.03,29.03,100,0
ATH_A.US,5,20211208,194000,29.05,29.0597,29.035,29.0575,558,0
ATH_A.US,5,20211208,194500,29.06,29.06,29.06,29.06,100,0
ATH_A.US,5,20211208,195500,29.0554,29.0554,29.0554,29.0554,244,0
ATH_A.US,5,20211208,200000,29.035,29.06,29.035,29.06,506,0
ATH_A.US,5,20211208,200500,29.045,29.045,29.045,29.045,132,0
ATH_A.US,5,20211208,201500,29.045,29.06,29.03,29.06,1067,0
ATH_A.US,5,20211208,202000,29.045,29.045,29,29.03,8079,0
ATH_A.US,5,20211208,202500,28.99,28.99,28.94,28.94,500,0
ATH_A.US,5,20211208,203500,29.0044,29.0044,29.0044,29.0044,345,0
ATH_A.US,5,20211208,204000,29.04,29.04,29.04,29.04,100,0
ATH_A.US,5,20211208,204500,28.99,28.99,28.99,28.99,105,0
ATH_A.US,5,20211208,205500,29.04,29.04,29.04,29.04,100,0
ATH_A.US,5,20211208,211000,29.035,29.035,29.01,29.01,349,0
ATH_A.US,5,20211208,213500,29.02,29.02,29.02,29.02,533,0
ATH_A.US,5,20211208,215500,29.02,29.02,29.02,29.02,820,0
ATH_A.US,5,20211209,153000,29.01,29.01,29.01,29.01,236,0
ATH_A.US,5,20211209,155000,29.01,29.01,29.01,29.01,200,0
ATH_A.US,5,20211209,160000,29.02,29.02,29.02,29.02,1100,0
ATH_A.US,5,20211209,161500,29.02,29.02,29.02,29.02,413,0
ATH_A.US,5,20211209,163500,28.981,28.981,28.981,28.981,209,0
ATH_A.US,5,20211209,164000,28.995,28.995,28.995,28.995,112,0
ATH_A.US,5,20211209,165000,29.0137,29.02,29.0137,29.02,370,0
ATH_A.US,5,20211209,165500,28.9794,28.9794,28.9794,28.9794,100,0
ATH_A.US,5,20211209,170000,29.0065,29.0065,29.0065,29.0065,119,0
ATH_A.US,5,20211209,171000,29.02,29.08,29.01,29.08,3737,0
ATH_A.US,5,20211209,171500,29.07,29.07,29.07,29.07,100,0
ATH_A.US,5,20211209,172500,29.03,29.03,29.03,29.03,200,0
ATH_A.US,5,20211209,173000,29.11,29.124,29.11,29.124,1000,0
ATH_A.US,5,20211209,173500,29.11,29.11,29.11,29.11,300,0
ATH_A.US,5,20211209,174000,29.15,29.15,29.15,29.15,100,0
ATH_A.US,5,20211209,174500,29.11,29.11,29.11,29.11,200,0
ATH_A.US,5,20211209,175000,29.13,29.136,29.13,29.136,230,0
ATH_A.US,5,20211209,175500,29.13,29.13,29.13,29.13,259,0
ATH_A.US,5,20211209,180000,29.11,29.11,29.11,29.11,100,0
ATH_A.US,5,20211209,182500,29.135,29.135,29.135,29.135,100,0
ATH_A.US,5,20211209,183000,29.135,29.16,29.135,29.16,400,0
ATH_A.US,5,20211209,183500,29.15,29.15,29.15,29.15,100,0
ATH_A.US,5,20211209,184000,29.15,29.15,29.15,29.15,100,0
ATH_A.US,5,20211209,184500,29.16,29.16,29.16,29.16,100,0
ATH_A.US,5,20211209,185000,29.16,29.16,29.16,29.16,100,0
ATH_A.US,5,20211209,185500,29.16,29.16,29.16,29.16,100,0
ATH_A.US,5,20211209,190000,29.135,29.135,29.135,29.135,100,0
ATH_A.US,5,20211209,190500,29.16,29.16,29.16,29.16,100,0
ATH_A.US,5,20211209,191000,29.16,29.16,29.16,29.16,100,0
ATH_A.US,5,20211209,191500,29.16,29.16,29.16,29.16,100,0
ATH_A.US,5,20211209,192000,29.16,29.16,29.16,29.16,100,0
ATH_A.US,5,20211209,192500,29.16,29.16,29.16,29.16,100,0
ATH_A.US,5,20211209,193000,29.16,29.16,29.16,29.16,100,0
ATH_A.US,5,20211209,193500,29.16,29.16,29.16,29.16,100,0
ATH_A.US,5,20211209,194000,29.16,29.16,29.16,29.16,600,0
ATH_A.US,5,20211209,194500,29.16,29.16,29.16,29.16,100,0
ATH_A.US,5,20211209,195000,29.16,29.16,29.16,29.16,100,0
ATH_A.US,5,20211209,195500,29.16,29.16,29.16,29.16,100,0
ATH_A.US,5,20211209,200000,29.16,29.16,29.16,29.16,100,0
ATH_A.US,5,20211209,200500,29.16,29.16,29.16,29.16,100,0
ATH_A.US,5,20211209,201000,29.16,29.16,29.16,29.16,200,0
ATH_A.US,5,20211209,201500,29.1415,29.16,29.1415,29.16,206,0
ATH_A.US,5,20211209,202000,29.16,29.16,29.16,29.16,100,0
ATH_A.US,5,20211209,203000,29.16,29.16,29.129,29.129,460,0
ATH_A.US,5,20211209,203500,29.16,29.16,29.135,29.135,378,0
ATH_A.US,5,20211209,204000,29.16,29.16,29.16,29.16,100,0
ATH_A.US,5,20211209,204500,29.16,29.16,29.11,29.11,1100,0
ATH_A.US,5,20211209,205000,29.16,29.16,29.16,29.16,100,0
ATH_A.US,5,20211209,205500,29.135,29.16,29.135,29.16,227,0
ATH_A.US,5,20211209,210000,29.16,29.16,29.16,29.16,200,0
ATH_A.US,5,20211209,211000,29.16,29.16,29.16,29.16,100,0
ATH_A.US,5,20211209,211500,29.16,29.16,29.14,29.14,200,0
ATH_A.US,5,20211209,212000,29.16,29.16,29.16,29.16,100,0
ATH_A.US,5,20211209,212500,29.16,29.16,29.16,29.16,100,0
ATH_A.US,5,20211209,213000,29.17,29.17,29.12,29.16,2892,0
ATH_A.US,5,20211209,214000,29.125,29.125,29.125,29.125,100,0
ATH_A.US,5,20211209,214500,29.125,29.125,29.125,29.125,100,0
ATH_A.US,5,20211209,215000,29.125,29.125,29.125,29.125,100,0
ATH_A.US,5,20211209,215500,29.16,29.16,29.15,29.15,300,0
ATH_A.US,5,20211210,153000,29.22,29.22,29.21,29.21,300,0
ATH_A.US,5,20211210,153500,29.175,29.175,29.15,29.15,300,0
ATH_A.US,5,20211210,154000,29.167,29.167,29.167,29.167,900,0
ATH_A.US,5,20211210,154500,29.18,29.18,29.18,29.18,100,0
ATH_A.US,5,20211210,155000,29.16,29.16,29.16,29.16,100,0
ATH_A.US,5,20211210,160500,29.145,29.145,29.115,29.115,200,0
ATH_A.US,5,20211210,161000,29.08,29.115,29.07,29.07,600,0
ATH_A.US,5,20211210,162000,29.03,29.03,29.03,29.03,100,0
ATH_A.US,5,20211210,162500,29.13,29.13,29.13,29.13,100,0
ATH_A.US,5,20211210,163000,29.03,29.03,29.03,29.03,100,0
ATH_A.US,5,20211210,164000,29.04,29.055,29.04,29.055,200,0
ATH_A.US,5,20211210,164500,29.1,29.1,29.1,29.1,100,0
ATH_A.US,5,20211210,165000,29.125,29.125,29.125,29.125,100,0
ATH_A.US,5,20211210,165500,28.99,28.99,28.99,28.99,102,0
ATH_A.US,5,20211210,170500,29.13,29.13,29.09,29.12,700,0
ATH_A.US,5,20211210,171500,29.105,29.105,29.105,29.105,100,0
ATH_A.US,5,20211210,172000,29.09,29.09,29.09,29.09,100,0
ATH_A.US,5,20211210,172500,29.09,29.09,29.09,29.09,100,0
ATH_A.US,5,20211210,173500,29.08,29.08,29.08,29.08,100,0
ATH_A.US,5,20211210,174500,29.055,29.115,29.055,29.115,200,0
ATH_A.US,5,20211210,175500,29.05,29.0542,29.05,29.0542,650,0
ATH_A.US,5,20211210,180500,28.9901,29.09,28.9901,29.09,1200,0
ATH_A.US,5,20211210,182000,29.105,29.105,29.05,29.06,300,0
ATH_A.US,5,20211210,182500,29.01,29.0485,29,29.0485,2349,0
ATH_A.US,5,20211210,183000,29.0144,29.09,29.0144,29.09,300,0
ATH_A.US,5,20211210,183500,29.09,29.09,29.09,29.09,100,0
ATH_A.US,5,20211210,184000,29.05,29.05,29.05,29.05,100,0
ATH_A.US,5,20211210,185000,29.05,29.095,29.05,29.095,200,0
ATH_A.US,5,20211210,191500,29.05,29.05,29.05,29.05,100,0
ATH_A.US,5,20211210,192000,29.09,29.09,29.09,29.09,100,0
ATH_A.US,5,20211210,192500,29.09,29.095,29.09,29.095,200,0
ATH_A.US,5,20211210,193500,29.09,29.09,29.09,29.09,100,0
ATH_A.US,5,20211210,194000,29.09,29.09,29.09,29.09,100,0
ATH_A.US,5,20211210,195000,29.09,29.09,29.09,29.09,100,0
ATH_A.US,5,20211210,195500,29.1,29.1,29.1,29.1,100,0
ATH_A.US,5,20211210,200000,29.08,29.08,29.08,29.08,100,0
ATH_A.US,5,20211210,200500,29,29,29,29,120,0
ATH_A.US,5,20211210,201000,29.09,29.1,29.09,29.1,200,0
ATH_A.US,5,20211210,201500,29.1,29.1,29.1,29.1,200,0
ATH_A.US,5,20211210,202000,29.09,29.09,29.09,29.09,100,0
ATH_A.US,5,20211210,202500,29.09,29.09,29.09,29.09,100,0
ATH_A.US,5,20211210,203000,29.09,29.09,29.09,29.09,100,0
ATH_A.US,5,20211210,203500,29.09,29.09,29.09,29.09,100,0
ATH_A.US,5,20211210,204500,29.09,29.09,29.09,29.09,156,0
ATH_A.US,5,20211210,205500,29.045,29.09,29.045,29.09,200,0
ATH_A.US,5,20211210,210000,29.09,29.09,29.09,29.09,192,0
ATH_A.US,5,20211210,211000,29.0012,29.045,29.0012,29.045,437,0
ATH_A.US,5,20211210,212000,29.09,29.09,29.0007,29.0899,2471,0
ATH_A.US,5,20211210,212500,29.0378,29.0378,29.0378,29.0378,190,0
ATH_A.US,5,20211210,213500,29.09,29.09,29.09,29.09,100,0
ATH_A.US,5,20211210,214000,29.045,29.045,29.045,29.045,100,0
ATH_A.US,5,20211210,214500,29.045,29.045,29.045,29.045,100,0
ATH_A.US,5,20211210,215000,29.09,29.09,29.09,29.09,100,0
ATH_A.US,5,20211210,215500,29.08,29.08,29.07,29.07,400,0
ATH_A.US,5,20211213,153000,29.09,29.09,29.09,29.09,430,0
ATH_A.US,5,20211213,153500,29.05,29.05,29.05,29.05,100,0
ATH_A.US,5,20211213,160000,28.99,28.99,28.99,28.99,100,0
ATH_A.US,5,20211213,161500,29.07,29.08,29.07,29.08,200,0
ATH_A.US,5,20211213,162500,29.01,29.09,29.01,29.09,509,0
ATH_A.US,5,20211213,164000,29.08,29.09,29.08,29.09,200,0
ATH_A.US,5,20211213,164500,29.09,29.09,29.09,29.09,100,0
ATH_A.US,5,20211213,165000,28.9201,29.08,28.9201,29.02,400,0
ATH_A.US,5,20211213,170500,29.08,29.09,28.95,28.95,347,0
ATH_A.US,5,20211213,171500,29.09,29.09,29.09,29.09,200,0
ATH_A.US,5,20211213,173000,29.09,29.09,29.09,29.09,400,0
ATH_A.US,5,20211213,174000,29.09,29.09,29.09,29.09,200,0
ATH_A.US,5,20211213,175500,29.09,29.09,29.09,29.09,200,0
ATH_A.US,5,20211213,180500,29.09,29.09,29.09,29.09,122,0
ATH_A.US,5,20211213,181000,29.0379,29.09,29.0379,29.09,511,0
ATH_A.US,5,20211213,181500,29.1,29.1,29.1,29.1,300,0
ATH_A.US,5,20211213,182000,29.1,29.1,29.09,29.09,200,0
ATH_A.US,5,20211213,183000,29.1,29.1,29.1,29.1,300,0
ATH_A.US,5,20211213,183500,29.1,29.1,29.1,29.1,500,0
ATH_A.US,5,20211213,184000,29.1,29.1,29.1,29.1,100,0
ATH_A.US,5,20211213,184500,29.1,29.16,29.1,29.15,4799,0
ATH_A.US,5,20211213,185500,29.13,29.15,29.09,29.13,805,0
ATH_A.US,5,20211213,190500,29.12,29.19,29.105,29.13,2629,0
ATH_A.US,5,20211213,191000,29.14,29.15,29.08,29.13,1222,0
ATH_A.US,5,20211213,191500,29.12,29.18,29.12,29.14,400,0
ATH_A.US,5,20211213,192500,29.155,29.17,29.155,29.17,300,0
ATH_A.US,5,20211213,194000,29.15,29.17,29.15,29.15,400,0
ATH_A.US,5,20211213,195000,29.155,29.16,29.155,29.16,200,0
ATH_A.US,5,20211213,195500,29.15,29.17,29.15,29.16,400,0
ATH_A.US,5,20211213,200000,29.155,29.19,29.09,29.123,2571,0
ATH_A.US,5,20211213,201500,29.08,29.08,29.08,29.08,200,0
ATH_A.US,5,20211213,202500,29.07,29.08,29.07,29.08,1135,0
ATH_A.US,5,20211213,203000,29.08,29.08,29.08,29.08,720,0
ATH_A.US,5,20211213,203500,29.08,29.08,29.08,29.08,600,0
ATH_A.US,5,20211213,204000,29.08,29.12,29.08,29.1,2800,0
ATH_A.US,5,20211213,205000,29.108,29.14,29.108,29.14,300,0
ATH_A.US,5,20211213,210500,29.13,29.13,29.13,29.13,100,0
ATH_A.US,5,20211213,211000,29.12,29.12,29.12,29.12,100,0
ATH_A.US,5,20211213,211500,29.12,29.125,29.12,29.125,400,0
ATH_A.US,5,20211213,212000,29.13,29.1382,29.12,29.12,642,0
ATH_A.US,5,20211213,212500,29.13,29.13,29.1,29.1,950,0
ATH_A.US,5,20211213,213000,29.1,29.115,29.1,29.115,400,0
ATH_A.US,5,20211213,213500,29.12,29.12,29.1,29.1,600,0
ATH_A.US,5,20211213,214000,29.12,29.12,29.12,29.12,200,0
ATH_A.US,5,20211213,214500,29.12,29.12,29.12,29.12,200,0
ATH_A.US,5,20211213,215000,29.12,29.12,29.11,29.11,200,0
ATH_A.US,5,20211213,215500,29.1,29.15,29.09,29.14,1882,0
ATH_A.US,5,20211214,153000,28.82,28.82,28.82,28.82,717,0
ATH_A.US,5,20211214,155000,28.78,28.82,28.63,28.64,669,0
ATH_A.US,5,20211214,161000,28.83,28.83,28.83,28.83,100,0
ATH_A.US,5,20211214,161500,28.82,28.82,28.82,28.82,100,0
ATH_A.US,5,20211214,162500,28.82,28.82,28.82,28.82,100,0
ATH_A.US,5,20211214,164000,28.78,28.78,28.78,28.78,100,0
ATH_A.US,5,20211214,165000,28.77,28.77,28.77,28.77,200,0
ATH_A.US,5,20211214,165500,28.7035,28.725,28.701,28.725,400,0
ATH_A.US,5,20211214,170000,28.73,28.73,28.73,28.73,179,0
ATH_A.US,5,20211214,170500,28.78,28.78,28.78,28.78,100,0
ATH_A.US,5,20211214,171000,28.8,28.8,28.8,28.8,100,0
ATH_A.US,5,20211214,171500,28.745,28.745,28.745,28.745,100,0
ATH_A.US,5,20211214,172000,28.8,28.8,28.64,28.79,2554,0
ATH_A.US,5,20211214,173000,28.77,28.77,28.77,28.77,100,0
ATH_A.US,5,20211214,173500,28.77,28.77,28.77,28.77,100,0
ATH_A.US,5,20211214,174500,28.77,28.77,28.77,28.77,100,0
ATH_A.US,5,20211214,175500,28.77,28.77,28.77,28.77,200,0
ATH_A.US,5,20211214,180000,28.7,28.7,28.7,28.7,100,0
ATH_A.US,5,20211214,181500,28.6832,28.75,28.6832,28.75,476,0
ATH_A.US,5,20211214,182500,28.75,28.75,28.75,28.75,100,0
ATH_A.US,5,20211214,183500,28.75,28.75,28.75,28.75,200,0
ATH_A.US,5,20211214,184000,28.74,28.74,28.74,28.74,100,0
ATH_A.US,5,20211214,185000,28.695,28.695,28.6579,28.6579,240,0
ATH_A.US,5,20211214,190000,28.74,28.74,28.73,28.73,205,0
ATH_A.US,5,20211214,190500,28.74,28.74,28.74,28.74,100,0
ATH_A.US,5,20211214,191500,28.74,28.74,28.74,28.74,100,0
ATH_A.US,5,20211214,192000,28.73,28.73,28.73,28.73,200,0
ATH_A.US,5,20211214,193000,28.72,28.72,28.685,28.72,445,0
ATH_A.US,5,20211214,193500,28.72,28.73,28.69,28.69,300,0
ATH_A.US,5,20211214,194000,28.73,28.73,28.73,28.73,100,0
ATH_A.US,5,20211214,194500,28.72,28.72,28.72,28.72,100,0
ATH_A.US,5,20211214,200000,28.66,28.66,28.66,28.66,200,0
ATH_A.US,5,20211214,200500,28.6782,28.6816,28.628,28.66,568,0
ATH_A.US,5,20211214,201000,28.66,28.67,28.66,28.67,300,0
ATH_A.US,5,20211214,201500,28.67,28.67,28.67,28.67,275,0
ATH_A.US,5,20211214,202500,28.67,28.67,28.66,28.66,200,0
ATH_A.US,5,20211214,203500,28.66,28.66,28.64,28.64,634,0
ATH_A.US,5,20211214,205500,28.64,28.6899,28.64,28.6899,900,0
ATH_A.US,5,20211214,210500,28.646,28.646,28.646,28.646,200,0
ATH_A.US,5,20211214,212000,28.646,28.646,28.646,28.646,100,0
ATH_A.US,5,20211214,212500,28.646,28.646,28.646,28.646,100,0
ATH_A.US,5,20211214,213500,28.647,28.71,28.647,28.71,200,0
ATH_A.US,5,20211214,214000,28.647,28.647,28.647,28.647,100,0
ATH_A.US,5,20211214,214500,28.647,28.647,28.647,28.647,100,0
ATH_A.US,5,20211214,215000,28.64,28.6401,28.64,28.6401,400,0
ATH_A.US,5,20211214,215500,28.66,28.7,28.64,28.7,1245,0
ATH_A.US,5,20211215,153000,28.77,28.77,28.77,28.77,284,0
ATH_A.US,5,20211215,153500,28.64,28.682,28.64,28.682,600,0
ATH_A.US,5,20211215,154500,28.64,28.64,28.64,28.64,100,0
ATH_A.US,5,20211215,160500,28.68,28.68,28.68,28.68,100,0
ATH_A.US,5,20211215,161000,28.64,28.64,28.64,28.64,135,0
ATH_A.US,5,20211215,164500,28.64,28.64,28.64,28.64,334,0
ATH_A.US,5,20211215,165500,28.68,28.69,28.68,28.69,828,0
ATH_A.US,5,20211215,170000,28.69,28.69,28.69,28.69,200,0
ATH_A.US,5,20211215,171500,28.69,28.69,28.6799,28.6799,1170,0
ATH_A.US,5,20211215,172500,28.69,28.69,28.69,28.69,104,0
ATH_A.US,5,20211215,173000,28.71,28.71,28.71,28.71,100,0
ATH_A.US,5,20211215,173500,28.69,28.69,28.69,28.69,100,0
ATH_A.US,5,20211215,174500,28.66,28.66,28.66,28.66,1929,0
ATH_A.US,5,20211215,180500,28.72,28.72,28.72,28.72,100,0
ATH_A.US,5,20211215,182500,28.69,28.69,28.69,28.69,178,0
ATH_A.US,5,20211215,183000,28.7005,28.7005,28.7005,28.7005,202,0
ATH_A.US,5,20211215,184500,28.6701,28.6701,28.6701,28.6701,900,0
ATH_A.US,5,20211215,185500,28.71,28.73,28.71,28.73,1729,0
ATH_A.US,5,20211215,190500,28.77,28.77,28.77,28.77,100,0
ATH_A.US,5,20211215,191000,28.7149,28.7149,28.71,28.71,400,0
ATH_A.US,5,20211215,200000,28.722,28.722,28.6933,28.6933,4360,0
ATH_A.US,5,20211215,200500,28.7,28.72,28.7,28.71,400,0
ATH_A.US,5,20211215,201000,28.73,28.83,28.72,28.83,2233,0
ATH_A.US,5,20211215,201500,28.7367,28.7367,28.7367,28.7367,157,0
ATH_A.US,5,20211215,203000,28.79,28.79,28.79,28.79,100,0
ATH_A.US,5,20211215,203500,28.8499,28.8499,28.8499,28.8499,350,0
ATH_A.US,5,20211215,205000,28.81,28.8356,28.81,28.8356,350,0
ATH_A.US,5,20211215,210000,28.83,28.85,28.83,28.8498,1452,0
ATH_A.US,5,20211215,210500,28.83,28.85,28.83,28.85,450,0
ATH_A.US,5,20211215,211000,28.88,28.88,28.88,28.88,100,0
ATH_A.US,5,20211215,212500,28.88,28.88,28.88,28.88,200,0
ATH_A.US,5,20211215,213000,28.88,28.88,28.88,28.88,100,0
ATH_A.US,5,20211215,214000,28.8799,28.88,28.8799,28.88,648,0
ATH_A.US,5,20211215,214500,28.88,28.88,28.88,28.88,300,0
ATH_A.US,5,20211215,215000,28.82,28.88,28.79,28.88,900,0
ATH_A.US,5,20211215,215500,28.89,28.91,28.86,28.86,1049,0
ATH_A.US,5,20211216,153000,28.78,28.79,28.78,28.79,329,0
ATH_A.US,5,20211216,155000,28.81,28.91,28.81,28.84,500,0
ATH_A.US,5,20211216,160000,28.865,28.865,28.865,28.865,100,0
ATH_A.US,5,20211216,160500,28.91,28.91,28.88,28.88,200,0
ATH_A.US,5,20211216,161500,28.8846,28.8846,28.8846,28.8846,413,0
ATH_A.US,5,20211216,162000,28.94,28.97,28.94,28.97,1700,0
ATH_A.US,5,20211216,162500,28.97,28.98,28.97,28.98,848,0
ATH_A.US,5,20211216,163500,28.939,28.98,28.939,28.98,1850,0
ATH_A.US,5,20211216,164000,28.9648,28.9648,28.9648,28.9648,375,0
ATH_A.US,5,20211216,164500,28.98,28.98,28.98,28.98,106,0
ATH_A.US,5,20211216,165000,28.98,29.06,28.98,29.02,1900,0
ATH_A.US,5,20211216,165500,29.06,29.06,29.06,29.06,116,0
ATH_A.US,5,20211216,170000,29.025,29.025,29.025,29.025,130,0
ATH_A.US,5,20211216,170500,29.09,29.09,29.09,29.09,100,0
ATH_A.US,5,20211216,171000,28.99,28.99,28.99,28.99,200,0
ATH_A.US,5,20211216,172000,29.09,29.09,29.09,29.09,200,0
ATH_A.US,5,20211216,173000,29.08,29.08,29.08,29.08,100,0
ATH_A.US,5,20211216,173500,29.08,29.09,29.08,29.09,1000,0
ATH_A.US,5,20211216,175000,29.06,29.11,29.06,29.11,300,0
ATH_A.US,5,20211216,175500,29.11,29.11,29.11,29.11,100,0
ATH_A.US,5,20211216,180500,29,29,29,29,25000,0
ATH_A.US,5,20211216,181500,29.13,29.13,29.11,29.12,3032,0
ATH_A.US,5,20211216,182000,29.1101,29.1101,28.99,29.01,3387,0
ATH_A.US,5,20211216,182500,29.085,29.085,29.085,29.085,100,0
ATH_A.US,5,20211216,184500,29.1186,29.1186,29.1186,29.1186,205,0
ATH_A.US,5,20211216,185500,29.03,29.03,29.03,29.03,265,0
ATH_A.US,5,20211216,192000,29.04,29.1,29.031,29.075,700,0
ATH_A.US,5,20211216,192500,29.12,29.12,29.12,29.12,273,0
ATH_A.US,5,20211216,193500,29.1,29.1,29.1,29.1,155,0
ATH_A.US,5,20211216,194500,29.142,29.142,29.142,29.142,112,0
ATH_A.US,5,20211216,195000,29.135,29.16,29.135,29.16,775,0
ATH_A.US,5,20211216,200000,29.12,29.1524,29.12,29.1524,252,0
ATH_A.US,5,20211216,200500,29.135,29.135,29.135,29.135,100,0
ATH_A.US,5,20211216,201000,29.135,29.135,29.135,29.135,200,0
ATH_A.US,5,20211216,201500,29.15,29.17,28.94,28.94,1143,0
ATH_A.US,5,20211216,202500,29.1597,29.1597,29.1597,29.1597,170,0
ATH_A.US,5,20211216,203000,29.12,29.12,29.12,29.12,100,0
ATH_A.US,5,20211216,204500,29.055,29.055,29.055,29.055,156,0
ATH_A.US,5,20211216,205000,28.98,29.005,28.98,29.005,658,0
ATH_A.US,5,20211216,205500,29.01,29.05,29.005,29.05,437,0
ATH_A.US,5,20211216,210500,29.05,29.05,29.05,29.05,467,0
ATH_A.US,5,20211216,211500,29.14,29.14,29.14,29.14,100,0
ATH_A.US,5,20211216,212000,29.1795,29.1795,29.12,29.12,1255,0
ATH_A.US,5,20211216,213500,29.14,29.14,29.14,29.14,100,0
ATH_A.US,5,20211216,214000,29.13,29.13,29.13,29.13,100,0
ATH_A.US,5,20211216,214500,29.1042,29.1042,29.1042,29.1042,100,0
ATH_A.US,5,20211216,215000,29.04,29.17,29.04,29.17,855,0
ATH_A.US,5,20211216,215500,29.19,29.28,29.19,29.24,4593,0
ATH_A.US,5,20211217,153000,29.19,29.25,29.19,29.23,668,0
ATH_A.US,5,20211217,153500,29.185,29.185,29.185,29.185,500,0
ATH_A.US,5,20211217,160500,29.25,29.25,29.19,29.21,700,0
ATH_A.US,5,20211217,161000,29.21,29.21,29.21,29.21,100,0
ATH_A.US,5,20211217,161500,29.16,29.16,29.1,29.1,1677,0
ATH_A.US,5,20211217,163000,29.16,29.16,29.16,29.16,100,0
ATH_A.US,5,20211217,164000,29.155,29.16,29.15,29.15,300,0
ATH_A.US,5,20211217,165000,29.165,29.24,29.165,29.19,700,0
ATH_A.US,5,20211217,170000,29.21,29.21,29.21,29.21,100,0
ATH_A.US,5,20211217,170500,29.23,29.23,29.01,29.189,10570,0
ATH_A.US,5,20211217,171000,29.18,29.18,29.15,29.15,500,0
ATH_A.US,5,20211217,171500,29.1689,29.1689,29.1689,29.1689,275,0
ATH_A.US,5,20211217,172000,29.18,29.18,29.18,29.18,100,0
ATH_A.US,5,20211217,172500,29.18,29.3,29.18,29.3,870,0
ATH_A.US,5,20211217,173000,29.18,29.18,29.18,29.18,100,0
ATH_A.US,5,20211217,173500,29.23,29.2938,29.15,29.15,795,0
ATH_A.US,5,20211217,174000,29.18,29.23,29.18,29.225,300,0
ATH_A.US,5,20211217,175500,29.19,29.19,29.19,29.19,100,0
ATH_A.US,5,20211217,182000,29.17,29.19,29.17,29.19,526,0
ATH_A.US,5,20211217,182500,29.19,29.19,29.19,29.19,200,0
ATH_A.US,5,20211217,183000,29.19,29.19,29.18,29.18,800,0
ATH_A.US,5,20211217,184500,29.14,29.14,29.02,29.02,200,0
ATH_A.US,5,20211217,185000,29.01,29.01,29.01,29.01,100,0
ATH_A.US,5,20211217,185500,29.0705,29.14,29.0705,29.14,2697,0
ATH_A.US,5,20211217,190000,29.038,29.038,29.01,29.01,204,0
ATH_A.US,5,20211217,190500,29.045,29.045,29.04,29.04,300,0
ATH_A.US,5,20211217,191000,29.02,29.04,29.02,29.02,760,0
ATH_A.US,5,20211217,191500,29.03,29.03,29.03,29.03,100,0
ATH_A.US,5,20211217,192000,29.03,29.03,29.03,29.03,500,0
ATH_A.US,5,20211217,192500,29.03,29.03,29.03,29.03,1300,0
ATH_A.US,5,20211217,193000,29.03,29.03,29.02,29.02,917,0
ATH_A.US,5,20211217,193500,29.03,29.03,29.02,29.02,400,0
ATH_A.US,5,20211217,194000,29.02,29.02,29.02,29.02,200,0
ATH_A.US,5,20211217,195000,29.0221,29.0221,29.02,29.02,1137,0
ATH_A.US,5,20211217,200500,29.02,29.02,29.01,29.01,572,0
ATH_A.US,5,20211217,201000,29.01,29.01,29.01,29.01,100,0
ATH_A.US,5,20211217,201500,29.01,29.01,29.01,29.01,1180,0
ATH_A.US,5,20211217,202000,29.01,29.0101,29.01,29.0101,246,0
ATH_A.US,5,20211217,202500,29.02,29.02,29.02,29.02,100,0
ATH_A.US,5,20211217,203000,29.04,29.04,29.04,29.04,241,0
ATH_A.US,5,20211217,203500,29.0353,29.0353,29.025,29.025,769,0
ATH_A.US,5,20211217,204000,29.03,29.03,29.03,29.03,200,0
ATH_A.US,5,20211217,204500,29.01,29.01,29.01,29.01,491,0
ATH_A.US,5,20211217,205500,29.0132,29.03,29.0132,29.03,300,0
ATH_A.US,5,20211217,210000,29.025,29.025,29.025,29.025,100,0
ATH_A.US,5,20211217,212000,29.01,29.01,29.01,29.01,300,0
ATH_A.US,5,20211217,212500,29.01,29.01,29.01,29.01,200,0
ATH_A.US,5,20211217,213000,29.01,29.01,29.01,29.01,400,0
ATH_A.US,5,20211217,213500,29.01,29.02,29,29.0007,1336,0
ATH_A.US,5,20211217,214000,29.0111,29.0153,29,29.0153,3133,0
ATH_A.US,5,20211217,214500,28.93,28.93,28.93,28.93,500,0
ATH_A.US,5,20211217,215000,28.93,28.95,28.92,28.95,3224,0
ATH_A.US,5,20211217,215500,28.92,28.95,28.899,28.92,2324,0
ATH_A.US,5,20211220,153000,28.81,28.81,28.81,28.81,172,0
ATH_A.US,5,20211220,161000,29.0319,29.0319,29.0319,29.0319,500,0
ATH_A.US,5,20211220,161500,28.98,28.98,28.96,28.96,635,0
ATH_A.US,5,20211220,162000,29.07,29.07,29.07,29.07,120,0
ATH_A.US,5,20211220,163000,29,29,28.999,29,2200,0
ATH_A.US,5,20211220,163500,28.98,28.98,28.93,28.93,841,0
ATH_A.US,5,20211220,164000,28.9,28.9,28.9,28.9,100,0
ATH_A.US,5,20211220,165500,28.85,28.8501,28.85,28.8501,3989,0
ATH_A.US,5,20211220,170500,28.875,28.875,28.875,28.875,200,0
ATH_A.US,5,20211220,171500,28.85,28.85,28.85,28.85,500,0
ATH_A.US,5,20211220,172500,28.75,28.75,28.75,28.75,214,0
ATH_A.US,5,20211220,174500,28.78,28.825,28.78,28.825,385,0
ATH_A.US,5,20211220,175000,28.83,28.83,28.83,28.83,200,0
ATH_A.US,5,20211220,175500,28.835,28.835,28.835,28.835,200,0
ATH_A.US,5,20211220,180500,28.84,28.84,28.84,28.84,100,0
ATH_A.US,5,20211220,181000,28.84,28.84,28.84,28.84,400,0
ATH_A.US,5,20211220,182500,28.83,28.83,28.83,28.83,100,0
ATH_A.US,5,20211220,184000,28.84,28.84,28.84,28.84,300,0
ATH_A.US,5,20211220,185500,28.88,28.88,28.88,28.88,100,0
ATH_A.US,5,20211220,190000,28.84,28.84,28.84,28.84,133,0
ATH_A.US,5,20211220,191000,28.84,28.856,28.8,28.84,2004,0
ATH_A.US,5,20211220,191500,28.82,28.84,28.82,28.84,300,0
ATH_A.US,5,20211220,192000,28.84,28.84,28.84,28.84,200,0
ATH_A.US,5,20211220,192500,28.835,28.8699,28.835,28.849,396,0
ATH_A.US,5,20211220,193000,28.835,28.835,28.835,28.835,410,0
ATH_A.US,5,20211220,194000,28.835,28.835,28.835,28.835,100,0
ATH_A.US,5,20211220,194500,28.835,28.835,28.835,28.835,200,0
ATH_A.US,5,20211220,195500,28.835,28.835,28.835,28.835,200,0
ATH_A.US,5,20211220,200000,28.8595,28.8595,28.8591,28.8591,242,0
ATH_A.US,5,20211220,201000,28.835,28.99,28.835,28.99,1064,0
ATH_A.US,5,20211220,201500,28.9163,28.9163,28.91,28.91,218,0
ATH_A.US,5,20211220,202000,28.94,28.94,28.94,28.94,100,0
ATH_A.US,5,20211220,202500,28.91,28.91,28.91,28.91,100,0
ATH_A.US,5,20211220,203000,28.91,28.94,28.91,28.91,300,0
ATH_A.US,5,20211220,203500,28.91,28.91,28.91,28.91,100,0
ATH_A.US,5,20211220,204000,28.99,28.99,28.8395,28.91,1992,0
ATH_A.US,5,20211220,205000,28.91,28.91,28.91,28.91,200,0
ATH_A.US,5,20211220,205500,28.91,28.91,28.91,28.91,200,0
ATH_A.US,5,20211220,210000,28.91,28.91,28.91,28.91,100,0
ATH_A.US,5,20211220,210500,28.91,28.9316,28.91,28.92,365,0
ATH_A.US,5,20211220,211000,28.92,28.92,28.92,28.92,769,0
ATH_A.US,5,20211220,211500,28.92,28.92,28.92,28.92,715,0
ATH_A.US,5,20211220,212000,28.915,28.915,28.8917,28.915,600,0
ATH_A.US,5,20211220,212500,28.915,28.915,28.915,28.915,100,0
ATH_A.US,5,20211220,213000,28.915,28.915,28.915,28.915,100,0
ATH_A.US,5,20211220,213500,28.905,28.925,28.905,28.92,400,0
ATH_A.US,5,20211220,214000,28.92,28.92,28.92,28.92,468,0
ATH_A.US,5,20211220,215000,28.86,28.909,28.86,28.909,318,0
ATH_A.US,5,20211220,215500,28.82,28.84,28.82,28.82,1111,0
ATH_A.US,5,20211221,153000,28.87,28.87,28.87,28.87,207,0
ATH_A.US,5,20211221,153500,28.88,28.88,28.88,28.88,337,0
ATH_A.US,5,20211221,160000,29,29.07,28.9,29.06,1062,0
ATH_A.US,5,20211221,160500,29.05,29.05,29.01,29.01,300,0
ATH_A.US,5,20211221,161000,29.05,29.06,29.05,29.06,900,0
ATH_A.US,5,20211221,162000,29.025,29.11,29.025,29.11,2227,0
ATH_A.US,5,20211221,162500,29.05,29.09,29.05,29.09,200,0
ATH_A.US,5,20211221,163000,29.0592,29.08,29.0592,29.08,1525,0
ATH_A.US,5,20211221,163500,29.055,29.08,29.055,29.08,276,0
ATH_A.US,5,20211221,165000,29.07,29.0893,29.07,29.08,300,0
ATH_A.US,5,20211221,170500,29.1,29.11,29.09,29.11,300,0
ATH_A.US,5,20211221,173000,29.06,29.06,29.06,29.06,3000,0
ATH_A.US,5,20211221,173500,29.04,29.09,29.04,29.09,300,0
ATH_A.US,5,20211221,175500,29.1,29.1,29.1,29.1,200,0
ATH_A.US,5,20211221,180500,29.0776,29.11,29.0776,29.11,857,0
ATH_A.US,5,20211221,181000,29.11,29.11,29.1,29.11,1490,0
ATH_A.US,5,20211221,182500,29.092,29.12,29.092,29.12,318,0
ATH_A.US,5,20211221,183500,29.12,29.12,29.12,29.12,100,0
ATH_A.US,5,20211221,185500,29.1193,29.13,29.1193,29.13,345,0
ATH_A.US,5,20211221,190500,29.1199,29.12,29.1199,29.12,561,0
ATH_A.US,5,20211221,191000,29.1144,29.12,29.1144,29.12,3648,0
ATH_A.US,5,20211221,191500,29.04,29.04,29.04,29.04,100,0
ATH_A.US,5,20211221,192000,29.04,29.04,29.005,29.005,248,0
ATH_A.US,5,20211221,194500,29.06,29.09,29.02,29.09,823,0
ATH_A.US,5,20211221,195000,29.1,29.11,29.05,29.11,921,0
ATH_A.US,5,20211221,201000,29.0054,29.1,29.0054,29.1,341,0
ATH_A.US,5,20211221,202000,29.1,29.12,29.0989,29.12,1127,0
ATH_A.US,5,20211221,203500,29.11,29.11,29.07,29.095,10400,0
ATH_A.US,5,20211221,204500,29.095,29.095,29.095,29.095,100,0
ATH_A.US,5,20211221,205500,29.095,29.095,29.095,29.095,100,0
ATH_A.US,5,20211221,210500,29.095,29.095,29.095,29.095,100,0
ATH_A.US,5,20211221,211500,29.0727,29.0727,29.0727,29.0727,200,0
ATH_A.US,5,20211221,212000,29.12,29.12,29.12,29.12,70300,0
ATH_A.US,5,20211221,213000,29.0871,29.11,29.0871,29.11,446,0
ATH_A.US,5,20211221,213500,29.0864,29.09,29.0864,29.09,267,0
ATH_A.US,5,20211221,214000,29.105,29.105,29.105,29.105,300,0
ATH_A.US,5,20211221,215500,29.12,29.12,29.12,29.12,1869,0
ATH_A.US,5,20211222,153000,29.12,29.12,29.12,29.12,638,0
ATH_A.US,5,20211222,153500,29.15,29.19,29.15,29.19,3700,0
ATH_A.US,5,20211222,154000,29.17,29.17,29.17,29.17,100,0
ATH_A.US,5,20211222,155000,29.19,29.19,29.165,29.19,1105,0
ATH_A.US,5,20211222,155500,29.25,29.25,29.25,29.25,165,0
ATH_A.US,5,20211222,162000,29.2404,29.2404,29.2404,29.2404,100,0
ATH_A.US,5,20211222,163500,29.19,29.19,29.19,29.19,700,0
ATH_A.US,5,20211222,165000,29.25,29.26,29.241,29.26,462,0
ATH_A.US,5,20211222,170000,29.22,29.24,29.22,29.24,600,0
ATH_A.US,5,20211222,170500,29.25,29.25,29.25,29.25,400,0
ATH_A.US,5,20211222,171000,29.28,29.28,29.28,29.28,400,0
ATH_A.US,5,20211222,172500,29.2948,29.2948,29.2948,29.2948,500,0
ATH_A.US,5,20211222,174000,29.3096,29.3096,29.3096,29.3096,134,0
ATH_A.US,5,20211222,180500,29.3316,29.3316,29.3316,29.3316,170,0
ATH_A.US,5,20211222,181000,29.34,29.34,29.3398,29.34,1516,0
ATH_A.US,5,20211222,181500,29.3459,29.3459,29.3459,29.3459,731,0
ATH_A.US,5,20211222,182500,29.37,29.37,29.37,29.37,1395,0
ATH_A.US,5,20211222,183000,29.3505,29.3505,29.3505,29.3505,290,0
ATH_A.US,5,20211222,183500,29.3601,29.37,29.3601,29.365,802,0
ATH_A.US,5,20211222,184500,29.37,29.37,29.37,29.37,100,0
ATH_A.US,5,20211222,185500,29.36,29.36,29.32,29.32,819,0
ATH_A.US,5,20211222,191500,29.32,29.32,29.32,29.32,300,0
ATH_A.US,5,20211222,193500,29.2948,29.2948,29.2948,29.2948,151,0
ATH_A.US,5,20211222,195000,29.28,29.32,29.28,29.32,4558,0
ATH_A.US,5,20211222,195500,29.3125,29.32,29.305,29.32,3215,0
ATH_A.US,5,20211222,200000,29.319,29.32,29.31,29.31,1578,0
ATH_A.US,5,20211222,200500,29.31,29.319,29.28,29.28,3042,0
ATH_A.US,5,20211222,202000,29.2997,29.2997,29.2997,29.2997,200,0
ATH_A.US,5,20211222,202500,29.285,29.285,29.285,29.285,863,0
ATH_A.US,5,20211222,203000,29.29,29.29,29.29,29.29,500,0
ATH_A.US,5,20211222,204000,29.3,29.37,29.3,29.3,1029,0
ATH_A.US,5,20211222,205000,29.25,29.3,29.25,29.275,1092,0
ATH_A.US,5,20211222,210000,29.2563,29.3,29.2563,29.3,1381,0
ATH_A.US,5,20211222,211000,29.3,29.3,29.2995,29.3,638,0
ATH_A.US,5,20211222,211500,29.3,29.3,29.3,29.3,391,0
ATH_A.US,5,20211222,212000,29.28,29.3,29.28,29.3,200,0
ATH_A.US,5,20211222,212500,29.3,29.3,29.3,29.3,2149,0
ATH_A.US,5,20211222,213000,29.3,29.3,29.3,29.3,100,0
ATH_A.US,5,20211222,213500,29.2964,29.3,29.2964,29.3,1929,0
ATH_A.US,5,20211222,214500,29.29,29.29,29.27,29.27,200,0
ATH_A.US,5,20211222,215000,29.3,29.3,29.28,29.3,1708,0
ATH_A.US,5,20211222,215500,29.3,29.32,29.3,29.32,4041,0
ATH_A.US,5,20211223,153000,29.42,29.42,29.42,29.42,277,0
ATH_A.US,5,20211223,154500,29.42,29.42,29.42,29.42,100,0
ATH_A.US,5,20211223,155500,29.35,29.39,29.35,29.39,8300,0
ATH_A.US,5,20211223,160000,29.39,29.395,29.385,29.39,5700,0
ATH_A.US,5,20211223,160500,29.4,29.41,29.3501,29.4,14707,0
ATH_A.US,5,20211223,161500,29.4,29.4,29.35,29.38,5400,0
ATH_A.US,5,20211223,162000,29.375,29.375,29.375,29.375,17000,0
ATH_A.US,5,20211223,162500,29.375,29.38,29.375,29.38,13255,0
ATH_A.US,5,20211223,163000,29.4,29.45,29.4,29.45,19945,0
ATH_A.US,5,20211223,163500,29.45,29.46,29.3501,29.46,3095,0
ATH_A.US,5,20211223,164000,29.3612,29.48,29.3612,29.48,708,0
ATH_A.US,5,20211223,164500,29.48,29.53,29.48,29.53,600,0
ATH_A.US,5,20211223,165000,29.53,29.55,29.53,29.55,829,0
ATH_A.US,5,20211223,165500,29.55,29.55,29.55,29.55,500,0
ATH_A.US,5,20211223,170000,29.55,29.55,29.55,29.55,600,0
ATH_A.US,5,20211223,170500,29.55,29.55,29.35,29.55,68600,0
ATH_A.US,5,20211223,171000,29.55,29.55,29.55,29.55,849,0
ATH_A.US,5,20211223,171500,29.45,29.46,29.36,29.36,789,0
ATH_A.US,5,20211223,173000,29.5325,29.58,29.5287,29.57,1859,0
ATH_A.US,5,20211223,173500,29.6,29.6,29.51,29.545,2300,0
ATH_A.US,5,20211223,174500,29.545,29.545,29.545,29.545,122,0
ATH_A.US,5,20211223,182000,29.58,29.58,29.57,29.57,300,0
ATH_A.US,5,20211223,182500,29.545,29.55,29.51,29.55,1941,0
ATH_A.US,5,20211223,185500,29.545,29.545,29.4404,29.4404,4566,0
ATH_A.US,5,20211223,192500,29.495,29.495,29.4865,29.4865,233,0
ATH_A.US,5,20211223,202500,29.52,29.52,29.52,29.52,124,0
ATH_A.US,5,20211223,203000,29.54,29.55,29.5392,29.5392,1157,0
ATH_A.US,5,20211223,204500,29.53,29.53,29.53,29.53,100,0
ATH_A.US,5,20211223,214500,29.525,29.525,29.5,29.5112,3480,0
ATH_A.US,5,20211223,215000,29.5125,29.5125,29.5125,29.5125,3000,0
ATH_A.US,5,20211223,215500,29.5,29.5,29.5,29.5,113,0
