<TICKER>,<PER>,<DATE>,<TIME>,<OPEN>,<HIGH>,<LOW>,<CLOSE>,<VOL>,<OPENINT>
BOAC-WS.US,5,20211104,161000,1.03,1.05,1.03,1.0499,11871,0
BOAC-WS.US,5,20211104,170500,0.9911,0.9911,0.9911,0.9911,218,0
BOAC-WS.US,5,20211104,182000,1.01,1.01,0.9408,0.98,163092,0
BOAC-WS.US,5,20211104,202000,0.98,0.98,0.98,0.98,1430,0
BOAC-WS.US,5,20211104,203500,0.98,0.98,0.9701,0.9701,2331,0
BOAC-WS.US,5,20211105,145000,1,1,1,1,2100,0
BOAC-WS.US,5,20211105,173500,1,1,1,1,20237,0
BOAC-WS.US,5,20211105,174000,1,1,1,1,27500,0
BOAC-WS.US,5,20211105,180000,0.99,0.99,0.99,0.99,500,0
BOAC-WS.US,5,20211105,180500,0.99,0.99,0.9712,0.9712,350,0
BOAC-WS.US,5,20211105,182500,0.9712,0.9712,0.9712,0.9712,200,0
BOAC-WS.US,5,20211105,183000,0.9711,0.9711,0.9711,0.9711,250,0
BOAC-WS.US,5,20211105,183500,0.9712,0.984501,0.97,0.97,5206,0
BOAC-WS.US,5,20211105,190500,0.9895,0.999,0.9895,0.99,2786,0
BOAC-WS.US,5,20211105,194500,0.9999,0.9999,0.9999,0.9999,100,0
BOAC-WS.US,5,20211105,195000,0.99,0.99,0.99,0.99,100,0
BOAC-WS.US,5,20211105,203500,0.9999,1,0.9999,0.9999,1872,0
BOAC-WS.US,5,20211105,204000,1,1,1,1,1526,0
BOAC-WS.US,5,20211105,204500,0.99,1,0.99,0.999,2850,0
BOAC-WS.US,5,20211105,205000,0.99,1,0.99,0.99,22314,0
BOAC-WS.US,5,20211105,205500,1,1,1,1,6012,0
BOAC-WS.US,5,20211108,163500,0.971,0.971,0.97,0.97,1000,0
BOAC-WS.US,5,20211108,182000,0.98,0.98,0.98,0.98,1000,0
BOAC-WS.US,5,20211108,184500,1,1,1,1,200,0
BOAC-WS.US,5,20211108,194000,0.98,0.98,0.98,0.98,1793,0
BOAC-WS.US,5,20211108,201000,0.98,0.98,0.98,0.98,219,0
BOAC-WS.US,5,20211108,202000,0.98,0.98,0.98,0.98,250,0
BOAC-WS.US,5,20211108,202500,0.98,0.98,0.98,0.98,100,0
BOAC-WS.US,5,20211108,203500,0.98,0.98,0.98,0.98,100,0
BOAC-WS.US,5,20211108,205000,0.98,0.98,0.98,0.98,100,0
BOAC-WS.US,5,20211108,210500,0.98,0.98,0.98,0.98,100,0
BOAC-WS.US,5,20211108,212000,0.98,0.98,0.98,0.98,250,0
BOAC-WS.US,5,20211108,212500,0.98,1,0.98,1,11253,0
BOAC-WS.US,5,20211109,162500,0.97,0.97,0.97,0.97,877,0
BOAC-WS.US,5,20211109,165000,0.9701,0.9701,0.97,0.97,400,0
BOAC-WS.US,5,20211109,173500,0.98,0.98,0.98,0.98,950,0
BOAC-WS.US,5,20211109,174500,0.97,0.985,0.97,0.985,2200,0
BOAC-WS.US,5,20211109,183000,1,1,1,1,500,0
BOAC-WS.US,5,20211109,184000,1,1,1,1,600,0
BOAC-WS.US,5,20211109,184500,1,1,1,1,127800,0
BOAC-WS.US,5,20211109,185000,1,1,1,1,28923,0
BOAC-WS.US,5,20211109,201000,1.01,1.01,1.01,1.01,710,0
BOAC-WS.US,5,20211109,201500,1.02,1.03,1.02,1.03,2475,0
BOAC-WS.US,5,20211109,211500,1.02,1.02,1.02,1.02,470,0
BOAC-WS.US,5,20211109,212000,1.02,1.02,1.02,1.02,130,0
BOAC-WS.US,5,20211110,154000,1.0299,1.03,1.0298,1.0298,5900,0
BOAC-WS.US,5,20211110,161000,1.02,1.02,1.02,1.02,970,0
BOAC-WS.US,5,20211110,161500,1.03,1.03,1.03,1.03,1200,0
BOAC-WS.US,5,20211110,162500,1.04,1.05,1.01,1.01,14549,0
BOAC-WS.US,5,20211110,163000,1.01,1.01,1.01,1.01,3650,0
BOAC-WS.US,5,20211110,163500,1.01,1.01,1.01,1.01,3000,0
BOAC-WS.US,5,20211110,164000,1.01,1.01,1.01,1.01,3326,0
BOAC-WS.US,5,20211110,164500,1.01,1.01,1.01,1.01,100,0
BOAC-WS.US,5,20211110,171500,1.03,1.04,1.03,1.04,700,0
BOAC-WS.US,5,20211110,182500,1.04,1.04,1.04,1.04,1050,0
BOAC-WS.US,5,20211110,202000,1.05,1.05,1.05,1.05,200,0
BOAC-WS.US,5,20211110,210000,1.05,1.05,1.05,1.05,600,0
BOAC-WS.US,5,20211110,214500,1.06,1.07,1.06,1.06,4119,0
BOAC-WS.US,5,20211110,215000,1.06,1.07,1.06,1.06,900,0
BOAC-WS.US,5,20211110,215500,1.06,1.06,1.05,1.06,17250,0
BOAC-WS.US,5,20211111,155000,1.04,1.04,1.04,1.04,500,0
BOAC-WS.US,5,20211111,164000,1.05,1.05,1,1,128500,0
BOAC-WS.US,5,20211111,165000,0.9999,0.9999,0.9999,0.9999,900,0
BOAC-WS.US,5,20211111,165500,0.9999,0.9999,0.9999,0.9999,500,0
BOAC-WS.US,5,20211111,171000,1,1.01,1,1.01,107440,0
BOAC-WS.US,5,20211111,172000,1.01,1.01,1.01,1.01,300,0
BOAC-WS.US,5,20211111,174000,1.025,1.025,1.025,1.025,350,0
BOAC-WS.US,5,20211111,184000,1.0244,1.0244,1.0244,1.0244,200,0
BOAC-WS.US,5,20211111,190500,1.03,1.03,1.0274,1.03,2000,0
BOAC-WS.US,5,20211111,202500,1.04,1.04,1.04,1.04,100,0
BOAC-WS.US,5,20211111,210000,1.03,1.03,1.03,1.03,450,0
BOAC-WS.US,5,20211111,210500,1.03,1.03,1.02,1.02,700,0
BOAC-WS.US,5,20211111,212000,1.01,1.01,1.01,1.01,750,0
BOAC-WS.US,5,20211111,213000,1.02,1.02,1.02,1.02,2100,0
BOAC-WS.US,5,20211111,215000,1.02,1.02,1.02,1.02,175,0
BOAC-WS.US,5,20211111,215500,1.02,1.02,1.02,1.02,600,0
BOAC-WS.US,5,20211112,160000,1.01,1.01,1.01,1.01,167,0
BOAC-WS.US,5,20211112,165500,1,1.03,1,1.03,4380,0
BOAC-WS.US,5,20211112,170000,1,1.01,0.9812,1,20506,0
BOAC-WS.US,5,20211112,170500,1,1,1,1,300,0
BOAC-WS.US,5,20211112,171500,1.03,1.03,1.03,1.03,143,0
BOAC-WS.US,5,20211112,172000,1.03,1.03,1.03,1.03,271,0
BOAC-WS.US,5,20211112,172500,1.03,1.03,1.03,1.03,123,0
BOAC-WS.US,5,20211112,173500,1.03,1.05,1.03,1.05,4525,0
BOAC-WS.US,5,20211112,174000,1.04,1.04,1.04,1.04,131,0
BOAC-WS.US,5,20211112,175500,1.04,1.04,1.04,1.04,141,0
BOAC-WS.US,5,20211112,182000,1,1.025,1,1.025,1650,0
BOAC-WS.US,5,20211112,193500,1,1,1,1,100,0
BOAC-WS.US,5,20211112,202500,1.01,1.01,1.01,1.01,200,0
BOAC-WS.US,5,20211112,210500,1.03,1.05,1,1,13100,0
BOAC-WS.US,5,20211112,211000,0.9901,0.9901,0.9901,0.9901,200,0
BOAC-WS.US,5,20211112,211500,0.9901,1,0.9901,1,450,0
BOAC-WS.US,5,20211112,212000,1.01,1.01,1.01,1.01,500,0
BOAC-WS.US,5,20211112,213000,1.0199,1.0199,1.0199,1.0199,600,0
BOAC-WS.US,5,20211115,154500,1.05,1.05,1.05,1.05,5300,0
BOAC-WS.US,5,20211115,162000,1.07,1.08,1.07,1.08,4845,0
BOAC-WS.US,5,20211115,162500,1.05,1.05,1.05,1.05,1325,0
BOAC-WS.US,5,20211115,163000,1.06,1.09,1.06,1.09,922,0
BOAC-WS.US,5,20211115,170500,1.07,1.07,1.07,1.07,500,0
BOAC-WS.US,5,20211115,173000,1.08,1.11,1.08,1.11,3325,0
BOAC-WS.US,5,20211115,174000,1.085,1.085,1.085,1.085,1830,0
BOAC-WS.US,5,20211115,184500,1.08,1.08,1.08,1.08,1000,0
BOAC-WS.US,5,20211115,190500,1.09,1.09,1.09,1.09,3000,0
BOAC-WS.US,5,20211115,191000,1.1,1.11,1.1,1.11,4997,0
BOAC-WS.US,5,20211115,192000,1.1,1.12,1.1,1.12,3891,0
BOAC-WS.US,5,20211115,203000,1.105,1.105,1.105,1.105,1000,0
BOAC-WS.US,5,20211115,205000,1.09,1.09,1.09,1.09,456,0
BOAC-WS.US,5,20211115,205500,1.09,1.09,1.09,1.09,1100,0
BOAC-WS.US,5,20211116,153000,1.05,1.07,1.05,1.07,3150,0
BOAC-WS.US,5,20211116,153500,1.05,1.05,1.05,1.05,349,0
BOAC-WS.US,5,20211116,154000,1.05,1.05,1.05,1.05,100,0
BOAC-WS.US,5,20211116,154500,1.05,1.05,1.05,1.05,100,0
BOAC-WS.US,5,20211116,155000,1.06,1.06,1.06,1.06,100,0
BOAC-WS.US,5,20211116,155500,1.06,1.06,1.06,1.06,200,0
BOAC-WS.US,5,20211116,160000,1.06,1.06,1.06,1.06,300,0
BOAC-WS.US,5,20211116,161000,1.06,1.06,1.06,1.06,100,0
BOAC-WS.US,5,20211116,162000,1.06,1.06,1.06,1.06,200,0
BOAC-WS.US,5,20211116,162500,1.06,1.06,1.06,1.06,100,0
BOAC-WS.US,5,20211116,163000,1.06,1.06,1.06,1.06,200,0
BOAC-WS.US,5,20211116,163500,1.06,1.06,1.06,1.06,300,0
BOAC-WS.US,5,20211116,164000,1.06,1.06,1.06,1.06,200,0
BOAC-WS.US,5,20211116,170500,1.08,1.08,1.08,1.08,1843,0
BOAC-WS.US,5,20211116,192500,1.05,1.05,1.05,1.05,2571,0
BOAC-WS.US,5,20211116,204500,1.05,1.05,1.05,1.05,3315,0
BOAC-WS.US,5,20211116,215500,1.0799,1.0799,1.0799,1.0799,200,0
BOAC-WS.US,5,20211117,153500,1.065,1.065,1.065,1.065,1209,0
BOAC-WS.US,5,20211117,155500,1.075,1.075,1.075,1.075,300,0
BOAC-WS.US,5,20211117,161500,1.09,1.09,1.09,1.09,600,0
BOAC-WS.US,5,20211117,163500,1.05,1.05,1.05,1.05,138,0
BOAC-WS.US,5,20211117,165500,1.085,1.085,1.085,1.085,400,0
BOAC-WS.US,5,20211117,203000,1.06,1.06,1.06,1.06,1000,0
BOAC-WS.US,5,20211118,153000,1.07,1.07,1.07,1.07,300,0
BOAC-WS.US,5,20211118,161000,1.06,1.06,1.06,1.06,1000,0
BOAC-WS.US,5,20211118,170000,1.06,1.06,1.06,1.06,1400,0
BOAC-WS.US,5,20211118,173500,1.1,1.1,1.1,1.1,608,0
BOAC-WS.US,5,20211118,183000,1.0801,1.0807,1.08,1.08,1500,0
BOAC-WS.US,5,20211118,185500,1.07,1.07,1.07,1.07,1200,0
BOAC-WS.US,5,20211118,195000,1.0648,1.0648,1.0648,1.0648,457,0
BOAC-WS.US,5,20211118,205000,1.06,1.06,1.06,1.06,100,0
BOAC-WS.US,5,20211118,211000,1.05,1.05,1.05,1.05,100,0
BOAC-WS.US,5,20211119,161000,1.08,1.08,1.08,1.08,950,0
BOAC-WS.US,5,20211119,163500,1.0973,1.0973,1.0973,1.0973,125,0
BOAC-WS.US,5,20211119,164000,1.1,1.1,1.05,1.05,225,0
BOAC-WS.US,5,20211119,171500,1.05,1.05,1.05,1.05,300,0
BOAC-WS.US,5,20211119,212500,1.05,1.05,1.04,1.0433,1300,0
BOAC-WS.US,5,20211119,215500,1.03,1.03,1.0003,1.0003,6500,0
BOAC-WS.US,5,20211122,153000,1.03,1.03,1.03,1.03,1300,0
BOAC-WS.US,5,20211122,160000,1.03,1.03,1.03,1.03,3000,0
BOAC-WS.US,5,20211122,160500,1.0301,1.0312,1.03,1.03,1300,0
BOAC-WS.US,5,20211122,171000,1.0799,1.08,1.03,1.08,14531,0
BOAC-WS.US,5,20211122,171500,1.08,1.095,1.08,1.095,5070,0
BOAC-WS.US,5,20211122,172000,1.08,1.12,1.08,1.1,4864,0
BOAC-WS.US,5,20211122,192000,1.07,1.07,1.04,1.04,4752,0
BOAC-WS.US,5,20211123,153000,1.09,1.09,1.09,1.09,200,0
BOAC-WS.US,5,20211123,153500,1.07,1.07,1.04,1.04,1000,0
BOAC-WS.US,5,20211123,155500,1.05,1.085,1.05,1.085,819,0
BOAC-WS.US,5,20211123,160000,1.085,1.085,1.085,1.085,350,0
BOAC-WS.US,5,20211123,162000,1.09,1.09,1.09,1.09,100,0
BOAC-WS.US,5,20211123,164000,1.0601,1.0601,1.0601,1.0601,375,0
BOAC-WS.US,5,20211123,165000,1.06,1.06,1.06,1.06,1343,0
BOAC-WS.US,5,20211123,171000,1.06,1.06,1.06,1.06,2000,0
BOAC-WS.US,5,20211123,191500,1.05,1.05,1.05,1.05,3206,0
BOAC-WS.US,5,20211123,210000,1.09,1.09,1.09,1.09,300,0
BOAC-WS.US,5,20211123,210500,1.09,1.09,1.09,1.09,500,0
BOAC-WS.US,5,20211123,211000,1.09,1.09,1.09,1.09,400,0
BOAC-WS.US,5,20211123,211500,1.09,1.1,1.09,1.1,600,0
BOAC-WS.US,5,20211123,212000,1.1,1.1,1.1,1.1,400,0
BOAC-WS.US,5,20211123,212500,1.09,1.09,1.09,1.09,600,0
BOAC-WS.US,5,20211123,213000,1.09,1.09,1.09,1.09,600,0
BOAC-WS.US,5,20211123,213500,1.09,1.09,1.09,1.09,300,0
BOAC-WS.US,5,20211123,214000,1.09,1.09,1.09,1.09,886,0
BOAC-WS.US,5,20211123,214500,1.09,1.09,1.09,1.09,800,0
BOAC-WS.US,5,20211123,215000,1.09,1.1,1.09,1.1,519,0
BOAC-WS.US,5,20211123,215500,1.1,1.1,1.1,1.1,820,0
BOAC-WS.US,5,20211124,155500,1.0799,1.0799,1.0799,1.0799,100,0
BOAC-WS.US,5,20211124,162500,1.05,1.05,1.05,1.05,8530,0
BOAC-WS.US,5,20211124,163000,1.05,1.05,1.05,1.05,100,0
BOAC-WS.US,5,20211124,163500,1.05,1.05,1.05,1.05,100,0
BOAC-WS.US,5,20211124,165000,1.05,1.05,1.05,1.05,100,0
BOAC-WS.US,5,20211124,165500,1.05,1.05,1.05,1.05,100,0
BOAC-WS.US,5,20211124,170000,1.0502,1.0502,1.05,1.05,1477,0
BOAC-WS.US,5,20211124,170500,1.05,1.05,1.05,1.05,100,0
BOAC-WS.US,5,20211124,171000,1.05,1.05,1.05,1.05,100,0
BOAC-WS.US,5,20211124,171500,1.05,1.05,1.05,1.05,100,0
BOAC-WS.US,5,20211124,172000,1.05,1.05,1.05,1.05,100,0
BOAC-WS.US,5,20211124,172500,1.05,1.05,1.05,1.05,100,0
BOAC-WS.US,5,20211124,173000,1.05,1.05,1.05,1.05,300,0
BOAC-WS.US,5,20211124,173500,1.05,1.05,1.05,1.05,100,0
BOAC-WS.US,5,20211124,174000,1.05,1.05,1.05,1.05,300,0
BOAC-WS.US,5,20211124,174500,1.05,1.05,1.05,1.05,500,0
BOAC-WS.US,5,20211124,192500,1.05,1.05,1.03,1.03,4352,0
BOAC-WS.US,5,20211124,193500,1.03,1.03,1.03,1.03,438,0
BOAC-WS.US,5,20211124,213000,1.0301,1.05,1.03,1.03,3050,0
BOAC-WS.US,5,20211126,153000,1,1.01,0.996,1.01,2106,0
BOAC-WS.US,5,20211126,153500,1.01,1.01,1.01,1.01,154,0
BOAC-WS.US,5,20211126,154000,1.01,1.02,1.01,1.02,2991,0
BOAC-WS.US,5,20211126,175500,1.03,1.03,1.03,1.03,150,0
BOAC-WS.US,5,20211129,153000,1.0103,1.0103,1.0103,1.0103,1903,0
BOAC-WS.US,5,20211129,155000,1.01,1.01,1.01,1.01,1000,0
BOAC-WS.US,5,20211129,174000,1.02,1.02,1.01,1.01,893,0
BOAC-WS.US,5,20211129,181500,1.0186,1.0186,1.0186,1.0186,500,0
BOAC-WS.US,5,20211129,205000,1.01,1.01,1.01,1.01,200,0
BOAC-WS.US,5,20211129,205500,1.01,1.01,1.01,1.01,200,0
BOAC-WS.US,5,20211129,210000,1.01,1.01,1.01,1.01,300,0
BOAC-WS.US,5,20211129,210500,1.01,1.01,1.01,1.01,200,0
BOAC-WS.US,5,20211129,211000,1.01,1.01,1.01,1.01,5200,0
BOAC-WS.US,5,20211129,211500,1.01,1.01,1.01,1.01,200,0
BOAC-WS.US,5,20211129,212000,1.01,1.01,1.01,1.01,300,0
BOAC-WS.US,5,20211129,212500,1.01,1.01,1.01,1.01,400,0
BOAC-WS.US,5,20211129,213000,1.01,1.01,1.01,1.01,200,0
BOAC-WS.US,5,20211129,213500,1.01,1.01,1.01,1.01,400,0
BOAC-WS.US,5,20211129,214000,1.01,1.02,1.01,1.02,600,0
BOAC-WS.US,5,20211129,214500,1.02,1.03,1.02,1.02,1300,0
BOAC-WS.US,5,20211129,215000,1.02,1.025,1.02,1.02,800,0
BOAC-WS.US,5,20211129,215500,1.02,1.02,1.02,1.02,862,0
BOAC-WS.US,5,20211130,161500,1.03,1.03,1.03,1.03,400,0
BOAC-WS.US,5,20211130,173000,1.01,1.01,1.01,1.01,476,0
BOAC-WS.US,5,20211130,180500,1.01,1.0101,1.01,1.01,12500,0
BOAC-WS.US,5,20211130,202500,1.0285,1.0285,1.0285,1.0285,100,0
BOAC-WS.US,5,20211130,205500,1.0126,1.0126,1.01,1.01,489,0
BOAC-WS.US,5,20211130,210000,1.01,1.01,1.01,1.01,298,0
BOAC-WS.US,5,20211130,210500,1.01,1.01,1.01,1.01,343,0
BOAC-WS.US,5,20211130,211000,1.01,1.01,1.01,1.01,203,0
BOAC-WS.US,5,20211130,211500,1.01,1.01,1.01,1.01,498,0
BOAC-WS.US,5,20211130,212000,1.02,1.02,1.02,1.02,716,0
BOAC-WS.US,5,20211130,213000,1.02,1.02,1.02,1.02,1820,0
BOAC-WS.US,5,20211201,160500,1.01,1.01,1.01,1.01,826,0
BOAC-WS.US,5,20211201,182500,1.0199,1.0199,1.0199,1.0199,3700,0
BOAC-WS.US,5,20211201,210000,1.01,1.01,1.01,1.01,297,0
BOAC-WS.US,5,20211201,213000,1.01,1.01,1.01,1.01,41976,0
BOAC-WS.US,5,20211202,153000,1.03,1.03,1.03,1.03,150,0
BOAC-WS.US,5,20211202,153500,1.02,1.02,1,1,300,0
BOAC-WS.US,5,20211202,155000,1,1,1,1,10400,0
BOAC-WS.US,5,20211202,155500,1.01,1.01,1.01,1.01,30300,0
BOAC-WS.US,5,20211202,184000,1.01,1.01,1.01,1.01,100,0
BOAC-WS.US,5,20211202,191500,1.01,1.01,1,1,28500,0
BOAC-WS.US,5,20211202,195500,0.9951,0.9951,0.9951,0.9951,750,0
BOAC-WS.US,5,20211203,153000,0.95,0.95,0.95,0.95,200,0
BOAC-WS.US,5,20211203,160000,0.9902,0.9902,0.9902,0.9902,700,0
BOAC-WS.US,5,20211203,162000,0.9902,0.9902,0.9901,0.9901,1200,0
BOAC-WS.US,5,20211203,162500,0.9901,0.9901,0.9901,0.9901,100,0
BOAC-WS.US,5,20211203,163000,0.99,0.99,0.99,0.99,700,0
BOAC-WS.US,5,20211203,164500,0.9901,0.9901,0.95,0.95,26007,0
BOAC-WS.US,5,20211203,165000,0.9401,0.9401,0.91,0.91,8049,0
BOAC-WS.US,5,20211203,165500,0.91,0.95,0.9001,0.93495,24425,0
BOAC-WS.US,5,20211203,170000,0.92005,0.9201,0.92005,0.9201,7300,0
BOAC-WS.US,5,20211203,171000,0.9201,0.935,0.9201,0.9201,600,0
BOAC-WS.US,5,20211203,171500,0.9201,0.9201,0.9201,0.9201,490,0
BOAC-WS.US,5,20211203,174000,0.92005,0.92005,0.92005,0.92005,1200,0
BOAC-WS.US,5,20211203,174500,0.9201,0.93,0.9201,0.93,3000,0
BOAC-WS.US,5,20211203,175500,0.9399,0.9399,0.9301,0.9301,2300,0
BOAC-WS.US,5,20211203,182500,0.9498,0.9498,0.9498,0.9498,6651,0
BOAC-WS.US,5,20211203,183000,0.9349,0.95,0.9349,0.94,2784,0
BOAC-WS.US,5,20211203,183500,0.9498,0.9498,0.9461,0.9461,200,0
BOAC-WS.US,5,20211203,190000,0.9599,0.9599,0.9599,0.9599,800,0
BOAC-WS.US,5,20211203,191000,0.97,0.97,0.97,0.97,300,0
BOAC-WS.US,5,20211203,191500,0.97,0.97,0.97,0.97,300,0
BOAC-WS.US,5,20211203,192500,0.96,0.96,0.96,0.96,8767,0
BOAC-WS.US,5,20211203,193000,0.96,0.96,0.96,0.96,2591,0
BOAC-WS.US,5,20211203,193500,0.96,0.96,0.96,0.96,2575,0
BOAC-WS.US,5,20211203,195000,0.96,0.96,0.96,0.96,2500,0
BOAC-WS.US,5,20211203,195500,0.96,0.96,0.96,0.96,200,0
BOAC-WS.US,5,20211203,200500,0.93,0.96,0.9168,0.9399,35042,0
BOAC-WS.US,5,20211203,201000,0.9399,0.96,0.9399,0.94,11053,0
BOAC-WS.US,5,20211203,204000,0.95,0.95,0.95,0.95,2000,0
BOAC-WS.US,5,20211203,204500,0.96,0.9625,0.94,0.9464,31200,0
BOAC-WS.US,5,20211203,211500,0.9401,0.9401,0.9401,0.9401,150,0
BOAC-WS.US,5,20211203,214000,0.945,0.95,0.94,0.95,15866,0
BOAC-WS.US,5,20211203,214500,0.95,0.95,0.94,0.95,7150,0
BOAC-WS.US,5,20211203,215000,0.95,0.95,0.94,0.95,14050,0
BOAC-WS.US,5,20211203,215500,0.95,1.09,0.95,1.05,94334,0
BOAC-WS.US,5,20211206,153000,0.9519,0.9519,0.9519,0.9519,100,0
BOAC-WS.US,5,20211206,154500,1,1.01005,1,1.01005,200,0
BOAC-WS.US,5,20211206,155500,0.97,0.97,0.96,0.96,11800,0
BOAC-WS.US,5,20211206,160000,0.9701,0.9702,0.97,0.97,22120,0
BOAC-WS.US,5,20211206,160500,0.97,0.97,0.97,0.97,24007,0
BOAC-WS.US,5,20211206,165000,0.9604,0.9604,0.9604,0.9604,1500,0
BOAC-WS.US,5,20211206,170000,0.9603,1,0.96,1,54286,0
BOAC-WS.US,5,20211206,171000,0.96,0.96,0.96,0.96,800,0
BOAC-WS.US,5,20211206,173500,0.96,0.96,0.96,0.96,623,0
BOAC-WS.US,5,20211206,182000,1,1,1,1,300,0
BOAC-WS.US,5,20211206,185500,0.9855,0.9855,0.9855,0.9855,500,0
BOAC-WS.US,5,20211206,192000,0.9805,0.9805,0.9805,0.9805,250,0
BOAC-WS.US,5,20211206,201500,0.9999,1,0.9999,1,4200,0
BOAC-WS.US,5,20211206,211000,0.9572,0.961,0.95,0.9501,77333,0
BOAC-WS.US,5,20211206,211500,0.95,0.9799,0.91,0.9799,81580,0
BOAC-WS.US,5,20211206,212000,0.96495,0.98,0.9301,0.98,89151,0
BOAC-WS.US,5,20211206,214500,0.940001,0.96495,0.94,0.96495,4033,0
BOAC-WS.US,5,20211206,215500,0.94,0.96,0.9301,0.939899,1700,0
BOAC-WS.US,5,20211207,160000,0.94,0.94,0.94,0.94,100,0
BOAC-WS.US,5,20211207,164500,0.95,0.95,0.95,0.95,1000,0
BOAC-WS.US,5,20211207,183500,0.96,0.96,0.95,0.955,500,0
BOAC-WS.US,5,20211207,191000,0.965,0.965,0.965,0.965,760,0
BOAC-WS.US,5,20211207,200000,0.97,0.97,0.97,0.97,6380,0
BOAC-WS.US,5,20211207,205500,0.97,0.97,0.97,0.97,400,0
BOAC-WS.US,5,20211207,210000,0.97,0.97,0.97,0.97,1320,0
BOAC-WS.US,5,20211207,210500,0.97,0.97,0.97,0.97,1680,0
BOAC-WS.US,5,20211207,211000,0.97,0.97,0.97,0.97,480,0
BOAC-WS.US,5,20211207,214000,0.96,0.97,0.96,0.97,6200,0
BOAC-WS.US,5,20211207,215000,0.97,0.97,0.97,0.97,2567,0
BOAC-WS.US,5,20211207,215500,0.965,0.97,0.96005,0.9601,9580,0
BOAC-WS.US,5,20211208,161500,0.95,0.96,0.95,0.96,1950,0
BOAC-WS.US,5,20211208,193000,0.96495,0.96495,0.95,0.95,16969,0
BOAC-WS.US,5,20211208,193500,0.9501,0.9649,0.9501,0.9649,3500,0
BOAC-WS.US,5,20211208,202500,0.96,0.96,0.96,0.96,200,0
BOAC-WS.US,5,20211208,213000,0.9571,0.96,0.957029,0.96,1700,0
BOAC-WS.US,5,20211208,214500,0.96,0.96,0.96,0.96,615,0
BOAC-WS.US,5,20211209,180500,0.959951,0.959951,0.95,0.95,875,0
BOAC-WS.US,5,20211209,212500,0.96,0.96,0.96,0.96,1910,0
BOAC-WS.US,5,20211209,214500,0.96495,0.965,0.96495,0.965,200,0
BOAC-WS.US,5,20211210,163000,0.9699,0.97,0.9699,0.97,5000,0
BOAC-WS.US,5,20211210,181000,0.969999,0.969999,0.96567,0.96567,2000,0
BOAC-WS.US,5,20211210,184500,0.960101,0.960101,0.960101,0.960101,2239,0
BOAC-WS.US,5,20211210,202500,0.960101,0.960101,0.960101,0.960101,1000,0
BOAC-WS.US,5,20211213,162500,0.9725,0.9725,0.97,0.97,3500,0
BOAC-WS.US,5,20211213,170500,0.97,0.97,0.97,0.97,100,0
BOAC-WS.US,5,20211213,171000,0.97,0.97,0.97,0.97,200,0
BOAC-WS.US,5,20211213,174500,0.97,0.97,0.97,0.97,9201,0
BOAC-WS.US,5,20211213,175000,0.97,0.97,0.97,0.97,7643,0
BOAC-WS.US,5,20211213,175500,0.97,0.97,0.97,0.97,550,0
BOAC-WS.US,5,20211213,180000,0.97,0.97,0.97,0.97,300,0
BOAC-WS.US,5,20211213,180500,0.97,0.97,0.97,0.97,400,0
BOAC-WS.US,5,20211213,181000,0.97,0.97,0.97,0.97,10913,0
BOAC-WS.US,5,20211213,181500,0.97,0.97,0.97,0.97,250,0
BOAC-WS.US,5,20211213,183000,0.97,0.97,0.97,0.97,11473,0
BOAC-WS.US,5,20211213,191500,0.95,0.95,0.95,0.95,1000,0
BOAC-WS.US,5,20211213,194000,0.97,0.97,0.97,0.97,3000,0
BOAC-WS.US,5,20211213,200500,0.96,0.96,0.96,0.96,200,0
BOAC-WS.US,5,20211214,153000,0.96,0.96,0.9,0.915,3450,0
BOAC-WS.US,5,20211214,153500,0.94,0.94,0.94,0.94,3550,0
BOAC-WS.US,5,20211214,154000,0.94,0.94,0.94,0.94,500,0
BOAC-WS.US,5,20211214,155000,0.94,0.94,0.94,0.94,200,0
BOAC-WS.US,5,20211214,163000,0.94,0.94,0.94,0.94,100,0
BOAC-WS.US,5,20211214,165000,0.94,0.94,0.94,0.94,100,0
BOAC-WS.US,5,20211214,180500,0.94,0.94,0.94,0.94,800,0
BOAC-WS.US,5,20211214,182000,0.94,0.94,0.94,0.94,615,0
BOAC-WS.US,5,20211214,185000,0.9575,0.9606,0.9501,0.9606,1100,0
BOAC-WS.US,5,20211214,191500,0.96,0.9606,0.94,0.94,19050,0
BOAC-WS.US,5,20211214,192000,0.94,0.94,0.94,0.94,400,0
BOAC-WS.US,5,20211214,192500,0.94,0.94,0.94,0.94,900,0
BOAC-WS.US,5,20211214,193000,0.94,0.94,0.94,0.94,1492,0
BOAC-WS.US,5,20211214,193500,0.94,0.94,0.94,0.94,1715,0
BOAC-WS.US,5,20211214,194000,0.94,0.94,0.94,0.94,1050,0
BOAC-WS.US,5,20211214,194500,0.9497,0.9497,0.94,0.945,700,0
BOAC-WS.US,5,20211214,195000,0.94,0.94,0.94,0.94,786,0
BOAC-WS.US,5,20211214,195500,0.94,0.94,0.94,0.94,400,0
BOAC-WS.US,5,20211214,202500,0.95,0.95,0.95,0.95,100,0
BOAC-WS.US,5,20211214,204500,0.94,0.945,0.94,0.9413,6053,0
BOAC-WS.US,5,20211214,215500,0.94,0.96,0.912,0.95,17312,0
BOAC-WS.US,5,20211215,161000,0.98,0.99,0.98,0.99,1100,0
BOAC-WS.US,5,20211215,180000,0.9401,0.95995,0.94,0.95995,900,0
BOAC-WS.US,5,20211215,194000,0.94,0.955,0.94,0.955,9605,0
BOAC-WS.US,5,20211216,164000,0.9551,0.9551,0.9551,0.9551,500,0
BOAC-WS.US,5,20211216,204500,0.9202,0.9202,0.9202,0.9202,2500,0
BOAC-WS.US,5,20211217,163000,0.9201,0.9201,0.9201,0.9201,100,0
BOAC-WS.US,5,20211217,182000,0.9201,0.9201,0.9201,0.9201,100,0
BOAC-WS.US,5,20211217,183500,0.92,0.9201,0.9101,0.9101,4000,0
BOAC-WS.US,5,20211217,185000,0.91,0.91,0.91,0.91,200,0
BOAC-WS.US,5,20211217,185500,0.91,0.91,0.91,0.91,200,0
BOAC-WS.US,5,20211217,195000,0.91,0.91,0.91,0.91,200,0
BOAC-WS.US,5,20211217,204500,0.91,0.91,0.91,0.91,1000,0
BOAC-WS.US,5,20211217,205000,0.91,0.91,0.91,0.91,200,0
BOAC-WS.US,5,20211217,211500,0.91,0.91,0.91,0.91,2100,0
BOAC-WS.US,5,20211217,215000,0.91,0.91,0.91,0.91,200,0
BOAC-WS.US,5,20211217,215500,0.91,0.91,0.91,0.91,250,0
BOAC-WS.US,5,20211220,153000,0.9,0.9,0.9,0.9,900,0
BOAC-WS.US,5,20211220,161500,0.91,0.91,0.91,0.91,3150,0
BOAC-WS.US,5,20211220,164500,0.9,0.9,0.9,0.9,1000,0
BOAC-WS.US,5,20211220,165500,0.9,0.9,0.9,0.9,1500,0
BOAC-WS.US,5,20211220,171500,0.9,0.9,0.9,0.9,1500,0
BOAC-WS.US,5,20211220,205500,0.910001,0.910001,0.910001,0.910001,207,0
BOAC-WS.US,5,20211221,153000,0.92,0.92,0.92,0.92,207,0
BOAC-WS.US,5,20211221,171000,0.92995,0.92995,0.9,0.901498,6620,0
BOAC-WS.US,5,20211221,181500,0.9,0.9,0.9,0.9,100,0
BOAC-WS.US,5,20211221,202000,0.9,0.9,0.9,0.9,1800,0
BOAC-WS.US,5,20211221,202500,0.9,0.9,0.9,0.9,1380,0
BOAC-WS.US,5,20211221,203000,0.9,0.9,0.9,0.9,6000,0
BOAC-WS.US,5,20211221,203500,0.9,0.9,0.9,0.9,2700,0
BOAC-WS.US,5,20211221,204000,0.9,0.9,0.9,0.9,4500,0
BOAC-WS.US,5,20211221,204500,0.9,0.9,0.9,0.9,4140,0
BOAC-WS.US,5,20211221,205000,0.9,0.9,0.9,0.9,5900,0
BOAC-WS.US,5,20211221,205500,0.9,0.9,0.9,0.9,14240,0
BOAC-WS.US,5,20211221,210000,0.9,0.9,0.9,0.9,5400,0
BOAC-WS.US,5,20211221,210500,0.9,0.9,0.9,0.9,5600,0
BOAC-WS.US,5,20211221,211000,0.9,0.9,0.9,0.9,6700,0
BOAC-WS.US,5,20211221,211500,0.9,0.9,0.89,0.89,1640,0
BOAC-WS.US,5,20211221,213500,0.89,0.919799,0.89,0.919799,900,0
BOAC-WS.US,5,20211221,214500,0.8899,0.8899,0.87,0.87,777,0
BOAC-WS.US,5,20211222,153500,0.88,0.88,0.88,0.88,100,0
BOAC-WS.US,5,20211222,155000,0.899899,0.899899,0.899899,0.899899,100,0
BOAC-WS.US,5,20211222,160000,0.880101,0.880101,0.880101,0.880101,250,0
BOAC-WS.US,5,20211222,171000,0.8801,0.8801,0.88,0.88,2000,0
BOAC-WS.US,5,20211222,173000,0.88,0.88,0.88,0.88,250,0
BOAC-WS.US,5,20211222,173500,0.88,0.88,0.88,0.88,100,0
BOAC-WS.US,5,20211222,174000,0.88,0.88,0.88,0.88,24000,0
BOAC-WS.US,5,20211222,174500,0.88,0.896559,0.88,0.88,1100,0
BOAC-WS.US,5,20211222,175000,0.88,0.88,0.88,0.88,59822,0
BOAC-WS.US,5,20211222,175500,0.88,0.88,0.88,0.88,650,0
BOAC-WS.US,5,20211222,180500,0.88,0.88,0.88,0.88,10000,0
BOAC-WS.US,5,20211222,185000,0.88,0.89,0.88,0.88,22139,0
BOAC-WS.US,5,20211222,190500,0.88,0.88,0.88,0.88,100,0
BOAC-WS.US,5,20211222,191000,0.88,0.88,0.88,0.88,700,0
BOAC-WS.US,5,20211222,191500,0.88,0.88,0.88,0.88,800,0
BOAC-WS.US,5,20211222,192000,0.88,0.88,0.88,0.88,600,0
BOAC-WS.US,5,20211222,192500,0.88,0.88,0.88,0.88,33900,0
BOAC-WS.US,5,20211222,193000,0.9,0.9125,0.88,0.895,19340,0
BOAC-WS.US,5,20211222,193500,0.895,0.895,0.895,0.895,100,0
BOAC-WS.US,5,20211222,194500,0.881,0.9025,0.88,0.8989,10400,0
BOAC-WS.US,5,20211222,195000,0.8923,0.8983,0.8923,0.8983,500,0
BOAC-WS.US,5,20211222,211500,0.8911,0.8912,0.89,0.8912,860,0
BOAC-WS.US,5,20211222,213500,0.87,0.87,0.87,0.87,600,0
BOAC-WS.US,5,20211222,214000,0.87,0.87,0.87,0.87,200,0
BOAC-WS.US,5,20211223,153500,0.89,0.8921,0.89,0.8921,1570,0
BOAC-WS.US,5,20211223,154000,0.9,0.9,0.9,0.9,200,0
BOAC-WS.US,5,20211223,162500,0.9093,0.9093,0.9,0.9,5000,0
BOAC-WS.US,5,20211223,170000,0.9087,0.9087,0.9,0.9,3530,0
BOAC-WS.US,5,20211223,171000,0.909799,0.909799,0.909799,0.909799,100,0
BOAC-WS.US,5,20211223,175500,0.890101,0.890101,0.890101,0.890101,300,0
BOAC-WS.US,5,20211223,182000,0.9098,0.9099,0.9098,0.9099,200,0
BOAC-WS.US,5,20211223,193000,0.89,0.89,0.89,0.89,100,0
BOAC-WS.US,5,20211223,202000,0.89,0.9,0.89,0.9,5200,0
BOAC-WS.US,5,20211223,202500,0.89,0.9075,0.89,0.89,20000,0
BOAC-WS.US,5,20211223,203000,0.9,0.9,0.89,0.895,9800,0
BOAC-WS.US,5,20211223,203500,0.9032,0.9032,0.89,0.89,5070,0
BOAC-WS.US,5,20211223,210000,0.9,0.9,0.89,0.8974,6952,0
BOAC-WS.US,5,20211223,214000,0.89,0.89,0.89,0.89,467,0
