<TICKER>,<PER>,<DATE>,<TIME>,<OPEN>,<HIGH>,<LOW>,<CLOSE>,<VOL>,<OPENINT>
BTO.US,5,20211104,143000,46,46,46,46,989,0
BTO.US,5,20211104,143500,45.7557,45.78,45.7402,45.7402,1865,0
BTO.US,5,20211104,144000,45.77,45.8885,45.77,45.77,450,0
BTO.US,5,20211104,144500,45.87,45.87,45.87,45.87,200,0
BTO.US,5,20211104,145000,45.4501,45.7,45.4501,45.7,720,0
BTO.US,5,20211104,145500,45.7155,45.7155,45.7155,45.7155,210,0
BTO.US,5,20211104,151500,45.7079,45.7079,45.7079,45.7079,153,0
BTO.US,5,20211104,153000,45.3015,45.6956,45.3015,45.6956,353,0
BTO.US,5,20211104,153500,45.6471,45.6483,45.6471,45.6483,306,0
BTO.US,5,20211104,154000,45.32,45.32,45.32,45.32,100,0
BTO.US,5,20211104,155000,45.365,45.365,45.1245,45.1245,656,0
BTO.US,5,20211104,155500,45.1241,45.1241,45.1241,45.1241,283,0
BTO.US,5,20211104,160000,45.0614,45.0614,45.0614,45.0614,180,0
BTO.US,5,20211104,161000,45.02,45.05,45,45.05,300,0
BTO.US,5,20211104,161500,44.9356,44.9356,44.9356,44.9356,200,0
BTO.US,5,20211104,162500,44.9128,44.9128,44.86,44.89,706,0
BTO.US,5,20211104,163500,44.78,44.78,44.78,44.78,100,0
BTO.US,5,20211104,164000,44.81,44.81,44.81,44.81,100,0
BTO.US,5,20211104,164500,44.8,44.8,44.8,44.8,100,0
BTO.US,5,20211104,165000,44.73,44.73,44.73,44.73,100,0
BTO.US,5,20211104,165500,44.82,44.83,44.79,44.81,500,0
BTO.US,5,20211104,170500,44.8595,44.8595,44.82,44.82,317,0
BTO.US,5,20211104,171000,44.82,44.82,44.82,44.82,308,0
BTO.US,5,20211104,171500,44.82,44.82,44.8,44.8,400,0
BTO.US,5,20211104,172000,44.74,44.74,44.74,44.74,200,0
BTO.US,5,20211104,172500,44.66,44.66,44.66,44.66,100,0
BTO.US,5,20211104,174500,44.66,44.66,44.66,44.66,100,0
BTO.US,5,20211104,175000,44.7,44.7633,44.68,44.7633,900,0
BTO.US,5,20211104,175500,44.66,44.66,44.66,44.66,100,0
BTO.US,5,20211104,180000,44.7566,44.7566,44.7566,44.7566,110,0
BTO.US,5,20211104,181500,44.67,44.67,44.65,44.65,300,0
BTO.US,5,20211104,182000,44.65,44.7225,44.65,44.71,669,0
BTO.US,5,20211104,182500,44.7,44.7,44.7,44.7,100,0
BTO.US,5,20211104,183000,44.7,44.7,44.7,44.7,200,0
BTO.US,5,20211104,183500,44.68,44.68,44.68,44.68,100,0
BTO.US,5,20211104,184000,44.7,44.78,44.7,44.78,800,0
BTO.US,5,20211104,184500,44.69,44.69,44.69,44.69,200,0
BTO.US,5,20211104,185000,44.6703,44.6703,44.6703,44.6703,125,0
BTO.US,5,20211104,190500,44.64,44.64,44.64,44.64,200,0
BTO.US,5,20211104,191500,44.658,44.658,44.658,44.658,101,0
BTO.US,5,20211104,192500,44.63,44.63,44.54,44.5412,477,0
BTO.US,5,20211104,193000,44.53,44.53,44.47,44.5,1400,0
BTO.US,5,20211104,193500,44.4906,44.56,44.4906,44.535,476,0
BTO.US,5,20211104,194000,44.6898,44.6898,44.535,44.535,650,0
BTO.US,5,20211104,194500,44.5787,44.5787,44.535,44.535,300,0
BTO.US,5,20211104,195000,44.5269,44.535,44.5269,44.535,263,0
BTO.US,5,20211104,195500,44.5414,44.6797,44.5414,44.6797,326,0
BTO.US,5,20211104,200000,44.56,44.56,44.56,44.56,100,0
BTO.US,5,20211104,200500,44.56,44.56,44.5559,44.5559,241,0
BTO.US,5,20211104,201000,44.54,44.5701,44.54,44.57,441,0
BTO.US,5,20211104,201500,44.58,44.6298,44.56,44.56,800,0
BTO.US,5,20211104,202000,44.67,44.8817,44.67,44.8817,700,0
BTO.US,5,20211104,202500,44.71,44.8167,44.7,44.8167,423,0
BTO.US,5,20211104,203000,44.72,44.72,44.71,44.71,200,0
BTO.US,5,20211104,203500,44.8311,44.8311,44.8289,44.8289,341,0
BTO.US,5,20211104,204000,44.74,44.74,44.74,44.74,200,0
BTO.US,5,20211104,204500,44.8262,44.8899,44.78,44.79,763,0
BTO.US,5,20211104,205000,44.79,44.835,44.74,44.75,1283,0
BTO.US,5,20211104,205500,44.78,44.87,44.78,44.83,3102,0
BTO.US,5,20211105,143000,44.97,45.34,44.97,45.25,965,0
BTO.US,5,20211105,143500,45.34,45.5207,45.23,45.23,825,0
BTO.US,5,20211105,144500,45.5,45.61,45.5,45.61,500,0
BTO.US,5,20211105,145000,45.47,45.62,45.47,45.62,270,0
BTO.US,5,20211105,145500,45.5525,45.5525,45.52,45.53,500,0
BTO.US,5,20211105,150000,45.61,45.61,45.53,45.53,400,0
BTO.US,5,20211105,150500,45.57,45.5946,45.44,45.44,1570,0
BTO.US,5,20211105,151000,45.565,45.65,45.565,45.585,1500,0
BTO.US,5,20211105,152000,45.535,45.535,45.43,45.4468,2000,0
BTO.US,5,20211105,152500,45.525,45.525,45.525,45.525,1000,0
BTO.US,5,20211105,153000,45.525,45.525,45.525,45.525,100,0
BTO.US,5,20211105,153500,45.51,45.515,45.51,45.515,300,0
BTO.US,5,20211105,154000,45.52,45.52,45.42,45.42,297,0
BTO.US,5,20211105,155000,45.525,45.525,45.5108,45.5108,200,0
BTO.US,5,20211105,155500,45.47,45.47,45.47,45.47,100,0
BTO.US,5,20211105,160000,45.49,45.49,45.49,45.49,100,0
BTO.US,5,20211105,160500,45.52,45.52,45.52,45.52,100,0
BTO.US,5,20211105,161000,45.56,45.58,45.56,45.56,300,0
BTO.US,5,20211105,161500,45.63,45.63,45.55,45.55,500,0
BTO.US,5,20211105,162000,45.545,45.61,45.545,45.61,200,0
BTO.US,5,20211105,163500,45.6,45.6,45.6,45.6,100,0
BTO.US,5,20211105,164000,45.57,45.645,45.57,45.645,200,0
BTO.US,5,20211105,165000,45.44,45.44,45.44,45.44,100,0
BTO.US,5,20211105,165500,45.4,45.4,45.4,45.4,100,0
BTO.US,5,20211105,170000,45.4,45.4,45.4,45.4,100,0
BTO.US,5,20211105,170500,45.4,45.4,45.4,45.4,100,0
BTO.US,5,20211105,171000,45.55,45.55,45.5,45.5,300,0
BTO.US,5,20211105,171500,45.45,45.45,45.45,45.45,300,0
BTO.US,5,20211105,172500,45.46,45.46,45.37,45.37,1765,0
BTO.US,5,20211105,173000,45.365,45.365,45.365,45.365,100,0
BTO.US,5,20211105,174000,45.36,45.36,45.36,45.36,100,0
BTO.US,5,20211105,174500,45.34,45.34,45.24,45.24,523,0
BTO.US,5,20211105,175500,45.34,45.4253,45.34,45.4253,290,0
BTO.US,5,20211105,180500,45.3556,45.3556,45.3556,45.3556,150,0
BTO.US,5,20211105,181000,45.21,45.21,45.21,45.21,100,0
BTO.US,5,20211105,181500,45.1529,45.1529,45.1529,45.1529,100,0
BTO.US,5,20211105,182500,45.16,45.16,45.1312,45.1312,350,0
BTO.US,5,20211105,183500,45.275,45.275,45.1235,45.25,3132,0
BTO.US,5,20211105,185000,45.17,45.17,45.17,45.17,205,0
BTO.US,5,20211105,185500,45.095,45.1802,45.095,45.1802,225,0
BTO.US,5,20211105,190000,45.08,45.08,45.08,45.08,100,0
BTO.US,5,20211105,191000,45.2,45.23,45.165,45.23,500,0
BTO.US,5,20211105,192000,45.19,45.19,45.19,45.19,100,0
BTO.US,5,20211105,192500,45.17,45.17,45.17,45.17,200,0
BTO.US,5,20211105,193000,45.18,45.2408,45.0689,45.0689,3300,0
BTO.US,5,20211105,193500,45.0714,45.0714,44.853,44.995,3007,0
BTO.US,5,20211105,195000,44.91,44.91,44.91,44.91,100,0
BTO.US,5,20211105,195500,44.87,44.87,44.87,44.87,100,0
BTO.US,5,20211105,200000,44.8936,44.8936,44.8936,44.8936,230,0
BTO.US,5,20211105,201000,44.8638,44.8638,44.85,44.85,275,0
BTO.US,5,20211105,202000,44.915,44.915,44.915,44.915,400,0
BTO.US,5,20211105,203000,44.85,44.85,44.85,44.85,200,0
BTO.US,5,20211105,203500,44.9922,44.9922,44.9,44.9,525,0
BTO.US,5,20211105,204000,44.87,44.87,44.87,44.87,101,0
BTO.US,5,20211105,204500,44.915,44.925,44.915,44.925,600,0
BTO.US,5,20211105,205000,44.8701,45.055,44.8701,45.055,310,0
BTO.US,5,20211105,205500,45.36,45.36,45.01,45.145,700,0
BTO.US,5,20211108,153000,45.51,45.51,45.51,45.51,760,0
BTO.US,5,20211108,154000,45.3877,45.3877,45.3877,45.3877,100,0
BTO.US,5,20211108,154500,45.7499,45.7499,45.7499,45.7499,100,0
BTO.US,5,20211108,155500,45.7164,45.7164,45.7164,45.7164,138,0
BTO.US,5,20211108,160000,45.6991,45.6991,45.6991,45.6991,110,0
BTO.US,5,20211108,164000,45.5242,45.5242,45.5242,45.5242,513,0
BTO.US,5,20211108,164500,45.6706,45.6706,45.6706,45.6706,129,0
BTO.US,5,20211108,170500,45.6,45.6,45.6,45.6,308,0
BTO.US,5,20211108,171000,45.502,45.502,45.502,45.502,350,0
BTO.US,5,20211108,171500,45.67,45.67,45.67,45.67,812,0
BTO.US,5,20211108,172500,45.6,45.73,45.6,45.73,1896,0
BTO.US,5,20211108,173000,45.86,45.86,45.86,45.86,200,0
BTO.US,5,20211108,173500,45.662,45.73,45.64,45.64,792,0
BTO.US,5,20211108,174000,45.53,45.53,45.5,45.5,889,0
BTO.US,5,20211108,180000,45.55,45.55,45.55,45.55,200,0
BTO.US,5,20211108,182500,45.545,45.631,45.545,45.631,254,0
BTO.US,5,20211108,183000,45.5763,45.5763,45.5763,45.5763,109,0
BTO.US,5,20211108,184500,45.56,45.56,45.56,45.56,100,0
BTO.US,5,20211108,185500,45.515,45.515,45.515,45.515,100,0
BTO.US,5,20211108,190000,45.54,45.55,45.505,45.55,438,0
BTO.US,5,20211108,191500,45.45,45.52,45.45,45.52,600,0
BTO.US,5,20211108,192000,45.5,45.58,45.5,45.5725,1160,0
BTO.US,5,20211108,192500,45.53,45.55,45.53,45.55,300,0
BTO.US,5,20211108,193000,45.5198,45.55,45.5198,45.5444,750,0
BTO.US,5,20211108,194000,45.53,45.55,45.525,45.525,700,0
BTO.US,5,20211108,195000,45.505,45.58,45.505,45.58,800,0
BTO.US,5,20211108,200500,45.5396,45.5396,45.5396,45.5396,154,0
BTO.US,5,20211108,201000,45.53,45.54,45.53,45.54,1100,0
BTO.US,5,20211108,201500,45.51,45.51,45.42,45.42,1664,0
BTO.US,5,20211108,202500,45.31,45.31,45.31,45.31,120,0
BTO.US,5,20211108,203000,45.25,45.33,45.225,45.33,1800,0
BTO.US,5,20211108,204000,45.36,45.36,45.36,45.36,200,0
BTO.US,5,20211108,210500,45.4,45.4,45.4,45.4,100,0
BTO.US,5,20211108,212000,45.4559,45.4559,45.4559,45.4559,1102,0
BTO.US,5,20211108,212500,45.45,45.45,45.45,45.45,100,0
BTO.US,5,20211108,213000,45.48,45.5,45.47,45.49,600,0
BTO.US,5,20211108,213500,45.48,45.5,45.47,45.49,700,0
BTO.US,5,20211108,214000,45.48,45.49,45.46,45.47,1401,0
BTO.US,5,20211108,215000,45.49,45.53,45.47,45.53,1025,0
BTO.US,5,20211108,215500,45.52,45.53,45.5,45.51,1329,0
BTO.US,5,20211109,153000,45.45,45.45,45.0001,45.1965,1712,0
BTO.US,5,20211109,154000,45.29,45.29,45.155,45.155,400,0
BTO.US,5,20211109,154500,45.13,45.13,45.08,45.11,300,0
BTO.US,5,20211109,155000,45.018,45.1901,45.018,45.1901,430,0
BTO.US,5,20211109,155500,45.11,45.11,45.08,45.08,200,0
BTO.US,5,20211109,160000,45.2,45.2,45.2,45.2,761,0
BTO.US,5,20211109,160500,45.1413,45.1413,45.1413,45.1413,100,0
BTO.US,5,20211109,161000,45,45,45,45,350,0
BTO.US,5,20211109,162000,45.2213,45.2213,45.2213,45.2213,100,0
BTO.US,5,20211109,162500,45.29,45.29,45.29,45.29,100,0
BTO.US,5,20211109,164000,45.1801,45.1801,45.1801,45.1801,1575,0
BTO.US,5,20211109,164500,45.255,45.255,45.255,45.255,100,0
BTO.US,5,20211109,170500,45.109,45.2749,45.109,45.2749,875,0
BTO.US,5,20211109,171000,45.13,45.13,45.13,45.13,200,0
BTO.US,5,20211109,171500,45.2208,45.2208,45.2208,45.2208,225,0
BTO.US,5,20211109,172500,45.17,45.17,45.17,45.17,100,0
BTO.US,5,20211109,173000,45.0871,45.1204,45.0871,45.1204,900,0
BTO.US,5,20211109,173500,45.11,45.12,45.0921,45.0921,500,0
BTO.US,5,20211109,174000,45.09,45.11,45.08,45.0801,1698,0
BTO.US,5,20211109,174500,45.08,45.08,45.08,45.08,100,0
BTO.US,5,20211109,180000,45.06,45.0602,45.04,45.0602,600,0
BTO.US,5,20211109,182500,45.11,45.11,45.11,45.11,100,0
BTO.US,5,20211109,184000,45.12,45.12,45.12,45.12,100,0
BTO.US,5,20211109,185000,45.14,45.15,45.14,45.15,355,0
BTO.US,5,20211109,190500,45.23,45.23,45.23,45.23,375,0
BTO.US,5,20211109,191500,45.23,45.25,45.23,45.25,200,0
BTO.US,5,20211109,193500,45.25,45.25,45.25,45.25,500,0
BTO.US,5,20211109,194000,45.2121,45.2121,45.2121,45.2121,177,0
BTO.US,5,20211109,195000,45.185,45.185,45.185,45.185,150,0
BTO.US,5,20211109,200000,45.2068,45.2068,45.166,45.166,425,0
BTO.US,5,20211109,200500,45.15,45.15,45.15,45.15,104,0
BTO.US,5,20211109,201500,45.13,45.2833,45.13,45.2833,1306,0
BTO.US,5,20211109,202500,45.26,45.3728,45.26,45.3728,340,0
BTO.US,5,20211109,203000,45.3752,45.4,45.3287,45.4,2493,0
BTO.US,5,20211109,203500,45.355,45.37,45.35,45.37,340,0
BTO.US,5,20211109,204000,45.38,45.38,45.38,45.38,450,0
BTO.US,5,20211109,210000,45.4,45.52,45.4,45.44,725,0
BTO.US,5,20211109,210500,45.41,45.41,45.41,45.41,100,0
BTO.US,5,20211109,211500,45.41,45.41,45.41,45.41,400,0
BTO.US,5,20211109,212000,45.415,45.415,45.41,45.41,238,0
BTO.US,5,20211109,212500,45.43,45.44,45.39,45.44,700,0
BTO.US,5,20211109,213000,45.405,45.52,45.405,45.45,900,0
BTO.US,5,20211109,214000,45.42,45.45,45.41,45.45,800,0
BTO.US,5,20211109,214500,45.45,45.45,45.45,45.45,100,0
BTO.US,5,20211109,215000,45.38,45.4,45.38,45.4,400,0
BTO.US,5,20211109,215500,45.39,45.4,45.36,45.4,1579,0
BTO.US,5,20211110,153000,45.53,45.88,45.48,45.51,2094,0
BTO.US,5,20211110,153500,45.59,45.59,45.46,45.49,600,0
BTO.US,5,20211110,154000,45.63,45.63,45.4791,45.4791,350,0
BTO.US,5,20211110,154500,45.62,45.62,45.62,45.62,100,0
BTO.US,5,20211110,155000,45.62,45.63,45.61,45.63,300,0
BTO.US,5,20211110,155500,45.5893,45.63,45.5893,45.63,426,0
BTO.US,5,20211110,160500,45.7,45.7,45.7,45.7,109,0
BTO.US,5,20211110,161000,45.63,45.63,45.63,45.63,100,0
BTO.US,5,20211110,161500,45.49,45.49,45.49,45.49,100,0
BTO.US,5,20211110,162000,45.4067,45.4067,45.4067,45.4067,390,0
BTO.US,5,20211110,163000,45.46,45.46,45.46,45.46,100,0
BTO.US,5,20211110,163500,45.63,45.63,45.63,45.63,100,0
BTO.US,5,20211110,164000,45.5002,45.5002,45.5002,45.5002,705,0
BTO.US,5,20211110,164500,45.5159,45.65,45.5159,45.61,523,0
BTO.US,5,20211110,165000,45.6411,45.6411,45.6411,45.6411,200,0
BTO.US,5,20211110,171000,45.6317,45.6317,45.6317,45.6317,154,0
BTO.US,5,20211110,171500,45.53,45.6485,45.53,45.6485,408,0
BTO.US,5,20211110,173000,45.565,45.565,45.546,45.546,511,0
BTO.US,5,20211110,173500,45.52,45.52,45.47,45.47,440,0
BTO.US,5,20211110,174000,45.42,45.42,45.41,45.41,234,0
BTO.US,5,20211110,175500,45.52,45.564,45.52,45.564,600,0
BTO.US,5,20211110,180500,45.48,45.48,45.48,45.48,100,0
BTO.US,5,20211110,181500,45.41,45.41,45.41,45.41,100,0
BTO.US,5,20211110,183500,45.415,45.4606,45.415,45.4606,220,0
BTO.US,5,20211110,184000,45.43,45.4597,45.42,45.4597,400,0
BTO.US,5,20211110,185500,45.38,45.38,45.36,45.36,200,0
BTO.US,5,20211110,190500,45.34,45.34,45.33,45.33,200,0
BTO.US,5,20211110,191000,45.36,45.3801,45.34,45.3801,800,0
BTO.US,5,20211110,200000,45.22,45.22,45.22,45.22,200,0
BTO.US,5,20211110,200500,45.23,45.23,45.23,45.23,115,0
BTO.US,5,20211110,201000,45.19,45.19,45.19,45.19,100,0
BTO.US,5,20211110,202500,45.21,45.2497,45.21,45.2497,200,0
BTO.US,5,20211110,203500,45.13,45.15,45.13,45.15,400,0
BTO.US,5,20211110,204500,45.17,45.17,45.17,45.17,100,0
BTO.US,5,20211110,205000,45.21,45.22,45.17,45.17,600,0
BTO.US,5,20211110,205500,45.19,45.19,45.12,45.12,400,0
BTO.US,5,20211110,210500,45.2099,45.2099,45.2099,45.2099,600,0
BTO.US,5,20211110,211500,45.13,45.15,45.13,45.15,200,0
BTO.US,5,20211110,212000,45.15,45.15,45.15,45.15,100,0
BTO.US,5,20211110,212500,45.17,45.17,45.17,45.17,300,0
BTO.US,5,20211110,213000,45.21,45.21,45.21,45.21,300,0
BTO.US,5,20211110,213500,45.21,45.21,45.21,45.21,100,0
BTO.US,5,20211110,214000,45.19,45.19,45.17,45.17,300,0
BTO.US,5,20211110,215000,45.14,45.19,45.14,45.19,300,0
BTO.US,5,20211110,215500,45.23,45.23,45.23,45.23,100,0
BTO.US,5,20211111,153000,45.35,45.35,45.35,45.35,291,0
BTO.US,5,20211111,154000,45.23,45.23,45.23,45.23,949,0
BTO.US,5,20211111,155500,45.32,45.32,45.32,45.32,100,0
BTO.US,5,20211111,160500,45.39,45.41,45.39,45.41,1327,0
BTO.US,5,20211111,161000,45.3255,45.3255,45.3255,45.3255,585,0
BTO.US,5,20211111,161500,45.43,45.4429,45.43,45.4429,200,0
BTO.US,5,20211111,163000,45.426,45.426,45.424,45.424,200,0
BTO.US,5,20211111,163500,45.4386,45.47,45.4386,45.4699,664,0
BTO.US,5,20211111,164000,45.4599,45.46,45.45,45.46,534,0
BTO.US,5,20211111,164500,45.49,45.49,45.49,45.49,100,0
BTO.US,5,20211111,173500,45.49,45.49,45.49,45.49,100,0
BTO.US,5,20211111,174000,45.5676,45.5676,45.5676,45.5676,250,0
BTO.US,5,20211111,174500,45.57,45.57,45.57,45.57,100,0
BTO.US,5,20211111,175000,45.58,45.58,45.58,45.58,100,0
BTO.US,5,20211111,181500,45.51,45.51,45.51,45.51,250,0
BTO.US,5,20211111,182000,45.57,45.57,45.57,45.57,160,0
BTO.US,5,20211111,182500,45.5267,45.6,45.5267,45.6,362,0
BTO.US,5,20211111,183000,45.6287,45.6287,45.6287,45.6287,150,0
BTO.US,5,20211111,183500,45.69,45.73,45.665,45.665,999,0
BTO.US,5,20211111,184000,45.6079,45.6079,45.6079,45.6079,100,0
BTO.US,5,20211111,184500,45.68,45.68,45.68,45.68,100,0
BTO.US,5,20211111,185500,45.5818,45.64,45.5818,45.64,431,0
BTO.US,5,20211111,190000,45.7135,45.7135,45.7135,45.7135,1080,0
BTO.US,5,20211111,191000,45.6524,45.6524,45.6524,45.6524,154,0
BTO.US,5,20211111,192000,45.68,45.68,45.68,45.68,100,0
BTO.US,5,20211111,192500,45.59,45.66,45.57,45.57,909,0
BTO.US,5,20211111,194000,45.5387,45.5387,45.5387,45.5387,225,0
BTO.US,5,20211111,200000,45.55,45.55,45.55,45.55,100,0
BTO.US,5,20211111,200500,45.5,45.505,45.4345,45.4345,1200,0
BTO.US,5,20211111,201500,45.42,45.43,45.42,45.43,200,0
BTO.US,5,20211111,202000,45.49,45.49,45.49,45.49,100,0
BTO.US,5,20211111,202500,45.5,45.5,45.5,45.5,160,0
BTO.US,5,20211111,203500,45.47,45.47,45.42,45.464,3509,0
BTO.US,5,20211111,204500,45.39,45.39,45.38,45.38,200,0
BTO.US,5,20211111,205000,45.37,45.38,45.36,45.38,517,0
BTO.US,5,20211111,205500,45.39,45.39,45.39,45.39,100,0
BTO.US,5,20211111,210000,45.45,45.45,45.45,45.45,140,0
BTO.US,5,20211111,210500,45.48,45.54,45.48,45.54,300,0
BTO.US,5,20211111,211000,45.43,45.43,45.43,45.43,100,0
BTO.US,5,20211111,212000,45.44,45.53,45.44,45.53,1000,0
BTO.US,5,20211111,212500,45.47,45.47,45.47,45.47,100,0
BTO.US,5,20211111,213500,45.42,45.43,45.42,45.43,300,0
BTO.US,5,20211111,214000,45.4,45.464,45.4,45.464,1120,0
BTO.US,5,20211111,214500,45.45,45.45,45.43,45.45,500,0
BTO.US,5,20211111,215000,45.435,45.44,45.435,45.44,200,0
BTO.US,5,20211111,215500,45.43,45.55,45.43,45.47,1800,0
BTO.US,5,20211112,153000,45.4,45.4,45.4,45.4,408,0
BTO.US,5,20211112,153500,45.51,45.51,45.2301,45.2301,250,0
BTO.US,5,20211112,154500,45.53,45.53,45.53,45.53,100,0
BTO.US,5,20211112,155500,45.45,45.45,45.45,45.45,100,0
BTO.US,5,20211112,160000,45.495,45.495,45.495,45.495,200,0
BTO.US,5,20211112,160500,45.39,45.39,45.39,45.39,200,0
BTO.US,5,20211112,161000,45.23,45.23,45.23,45.23,100,0
BTO.US,5,20211112,161500,45.04,45.04,45.04,45.04,110,0
BTO.US,5,20211112,162000,45.1385,45.1385,45.1385,45.1385,150,0
BTO.US,5,20211112,163000,45.3519,45.3519,45.3519,45.3519,400,0
BTO.US,5,20211112,164500,45.175,45.33,45.175,45.326,1200,0
BTO.US,5,20211112,165500,45.1675,45.1675,45.1675,45.1675,100,0
BTO.US,5,20211112,170500,45.0497,45.0497,45.0497,45.0497,222,0
BTO.US,5,20211112,173500,45.0329,45.0329,45.0329,45.0329,490,0
BTO.US,5,20211112,174500,45.0604,45.0604,45.0604,45.0604,145,0
BTO.US,5,20211112,181000,45.0705,45.0705,45.0705,45.0705,1299,0
BTO.US,5,20211112,185500,45.09,45.09,45.09,45.09,355,0
BTO.US,5,20211112,190000,45.3569,45.3569,45.3569,45.3569,372,0
BTO.US,5,20211112,190500,45.235,45.235,45.1314,45.1314,320,0
BTO.US,5,20211112,191000,45.235,45.235,45.235,45.235,221,0
BTO.US,5,20211112,192500,45.3692,45.3692,45.3692,45.3692,176,0
BTO.US,5,20211112,193500,45.294,45.294,45.294,45.294,330,0
BTO.US,5,20211112,194000,45.1301,45.1301,45.1301,45.1301,500,0
BTO.US,5,20211112,194500,45.1534,45.1534,45.1534,45.1534,134,0
BTO.US,5,20211112,195000,45.26,45.26,45.26,45.26,100,0
BTO.US,5,20211112,202500,45.2,45.2,45.07,45.07,600,0
BTO.US,5,20211112,203000,45.08,45.08,45.08,45.08,100,0
BTO.US,5,20211112,203500,45.075,45.075,45.075,45.075,431,0
BTO.US,5,20211112,205500,45.1525,45.1525,45.1525,45.1525,100,0
BTO.US,5,20211112,210500,45.1674,45.1674,45.1674,45.1674,110,0
BTO.US,5,20211112,211500,45.05,45.05,45,45.0402,1268,0
BTO.US,5,20211112,212000,45,45.0001,45,45.0001,752,0
BTO.US,5,20211112,212500,45,45,45,45,350,0
BTO.US,5,20211112,213000,45.03,45.0898,45.03,45.07,800,0
BTO.US,5,20211112,213500,45.11,45.11,45.07,45.07,200,0
BTO.US,5,20211112,214000,45.06,45.06,45.06,45.06,200,0
BTO.US,5,20211112,214500,45.05,45.05,45.02,45.0201,500,0
BTO.US,5,20211112,215000,45.02,45.06,45.02,45.035,686,0
BTO.US,5,20211112,215500,45.02,45.1,45.02,45.09,922,0
BTO.US,5,20211115,153000,45.13,45.13,45.13,45.13,476,0
BTO.US,5,20211115,153500,45.11,45.2698,45.08,45.175,1826,0
BTO.US,5,20211115,154000,45.22,45.22,45.22,45.22,110,0
BTO.US,5,20211115,154500,45.22,45.22,45.12,45.12,400,0
BTO.US,5,20211115,155000,45.0489,45.05,45.03,45.0301,1587,0
BTO.US,5,20211115,155500,45.01,45.13,45.01,45.13,200,0
BTO.US,5,20211115,160000,45.14,45.14,45.14,45.14,105,0
BTO.US,5,20211115,161000,45.1,45.1,45.1,45.1,120,0
BTO.US,5,20211115,161500,45.2199,45.22,45.195,45.22,304,0
BTO.US,5,20211115,162000,45.21,45.21,45.14,45.14,1100,0
BTO.US,5,20211115,165500,45.11,45.11,45.11,45.11,300,0
BTO.US,5,20211115,170000,45.3005,45.3005,45.3005,45.3005,225,0
BTO.US,5,20211115,170500,45.21,45.21,45.21,45.21,122,0
BTO.US,5,20211115,171500,45.07,45.07,45.06,45.06,400,0
BTO.US,5,20211115,172000,45.144,45.144,45.144,45.144,296,0
BTO.US,5,20211115,172500,45.1685,45.1685,45.1685,45.1685,450,0
BTO.US,5,20211115,173000,45.1526,45.1526,45.0725,45.0725,475,0
BTO.US,5,20211115,173500,45.082,45.082,45.082,45.082,250,0
BTO.US,5,20211115,174000,45.01,45.01,45.01,45.01,200,0
BTO.US,5,20211115,174500,45.1,45.1,45.1,45.1,200,0
BTO.US,5,20211115,175000,44.98,44.98,44.97,44.97,548,0
BTO.US,5,20211115,180000,44.9,44.91,44.79,44.84,1986,0
BTO.US,5,20211115,180500,44.88,44.88,44.88,44.88,100,0
BTO.US,5,20211115,181000,44.86,44.86,44.86,44.86,136,0
BTO.US,5,20211115,182500,44.92,44.93,44.92,44.93,200,0
BTO.US,5,20211115,183000,45.04,45.11,45.04,45.11,400,0
BTO.US,5,20211115,184500,44.99,45.01,44.99,45.01,200,0
BTO.US,5,20211115,192500,45.1,45.1,45.1,45.1,100,0
BTO.US,5,20211115,193000,45.06,45.06,45.06,45.06,100,0
BTO.US,5,20211115,194000,45.09,45.09,45.08,45.08,200,0
BTO.US,5,20211115,194500,45.055,45.055,45.02,45.024,697,0
BTO.US,5,20211115,195500,45.079,45.079,45.07,45.07,325,0
BTO.US,5,20211115,200000,45.0506,45.0506,45.0506,45.0506,494,0
BTO.US,5,20211115,200500,45.06,45.06,45.06,45.06,100,0
BTO.US,5,20211115,201000,45.0199,45.0199,45.0199,45.0199,125,0
BTO.US,5,20211115,202500,45.07,45.09,45.07,45.09,200,0
BTO.US,5,20211115,203000,45.1,45.1477,45.1,45.105,477,0
BTO.US,5,20211115,204000,45.13,45.13,45.13,45.13,200,0
BTO.US,5,20211115,204500,45.11,45.1599,45.11,45.1592,805,0
BTO.US,5,20211115,205500,45.06,45.06,44.87,44.87,5189,0
BTO.US,5,20211115,210000,44.89,44.89,44.86,44.875,300,0
BTO.US,5,20211115,210500,44.86,44.87,44.83,44.86,500,0
BTO.US,5,20211115,211000,44.84,44.84,44.84,44.84,100,0
BTO.US,5,20211115,211500,44.85,44.86,44.85,44.85,300,0
BTO.US,5,20211115,212000,44.87,44.88,44.87,44.88,400,0
BTO.US,5,20211115,212500,44.9,44.9,44.9,44.9,100,0
BTO.US,5,20211115,213000,44.86,44.86,44.78,44.78,400,0
BTO.US,5,20211115,213500,44.77,44.77,44.77,44.77,100,0
BTO.US,5,20211115,214000,44.78,44.82,44.78,44.82,700,0
BTO.US,5,20211115,214500,44.77,44.77,44.77,44.77,100,0
BTO.US,5,20211115,215000,44.75,44.76,44.71,44.755,1000,0
BTO.US,5,20211115,215500,44.77,44.86,44.76,44.8,1126,0
BTO.US,5,20211116,153000,44.87,44.87,44.87,44.87,380,0
BTO.US,5,20211116,153500,44.7254,44.776,44.64,44.64,667,0
BTO.US,5,20211116,154000,44.62,44.6524,44.6,44.6524,658,0
BTO.US,5,20211116,154500,44.7287,44.7287,44.62,44.65,637,0
BTO.US,5,20211116,155000,44.6881,44.6881,44.6881,44.6881,350,0
BTO.US,5,20211116,155500,44.6,44.6,44.6,44.6,100,0
BTO.US,5,20211116,160000,44.61,44.61,44.61,44.61,100,0
BTO.US,5,20211116,161000,44.5403,44.555,44.48,44.555,752,0
BTO.US,5,20211116,161500,44.61,44.61,44.46,44.46,2022,0
BTO.US,5,20211116,162500,44.64,44.64,44.64,44.64,100,0
BTO.US,5,20211116,163000,44.615,44.615,44.615,44.615,100,0
BTO.US,5,20211116,164500,44.6256,44.6256,44.6256,44.6256,100,0
BTO.US,5,20211116,165000,44.64,44.64,44.63,44.63,285,0
BTO.US,5,20211116,165500,44.615,44.615,44.615,44.615,300,0
BTO.US,5,20211116,170500,44.6015,44.6015,44.6015,44.6015,1700,0
BTO.US,5,20211116,172000,44.67,44.67,44.645,44.645,200,0
BTO.US,5,20211116,173500,44.68,44.68,44.68,44.68,100,0
BTO.US,5,20211116,174000,44.71,44.75,44.71,44.75,500,0
BTO.US,5,20211116,175000,44.66,44.66,44.6202,44.6202,200,0
BTO.US,5,20211116,180500,44.6645,44.6645,44.6645,44.6645,351,0
BTO.US,5,20211116,181000,44.66,44.69,44.65,44.69,1095,0
BTO.US,5,20211116,181500,44.72,44.73,44.69,44.69,500,0
BTO.US,5,20211116,182000,44.68,44.68,44.68,44.68,100,0
BTO.US,5,20211116,183000,44.73,44.73,44.73,44.73,100,0
BTO.US,5,20211116,184000,44.76,44.8,44.76,44.8,556,0
BTO.US,5,20211116,184500,44.88,44.88,44.88,44.88,100,0
BTO.US,5,20211116,190500,44.85,44.88,44.77,44.865,3600,0
BTO.US,5,20211116,191000,44.82,44.8788,44.82,44.84,600,0
BTO.US,5,20211116,191500,44.86,44.86,44.86,44.86,100,0
BTO.US,5,20211116,193000,44.815,44.815,44.815,44.815,100,0
BTO.US,5,20211116,194000,44.7513,44.7513,44.7513,44.7513,112,0
BTO.US,5,20211116,194500,44.81,44.81,44.795,44.795,300,0
BTO.US,5,20211116,195000,44.85,44.85,44.7979,44.7979,230,0
BTO.US,5,20211116,200500,44.74,44.78,44.74,44.78,200,0
BTO.US,5,20211116,201000,44.788,44.788,44.788,44.788,147,0
BTO.US,5,20211116,201500,44.79,44.8,44.79,44.8,719,0
BTO.US,5,20211116,202000,44.83,44.83,44.8008,44.8008,546,0
BTO.US,5,20211116,202500,44.7056,44.7056,44.7056,44.7056,478,0
BTO.US,5,20211116,204000,44.8,44.8,44.8,44.8,100,0
BTO.US,5,20211116,205000,44.73,44.73,44.7,44.73,500,0
BTO.US,5,20211116,210000,44.7,44.7,44.7,44.7,100,0
BTO.US,5,20211116,211000,44.7,44.7,44.69,44.69,200,0
BTO.US,5,20211116,211500,44.7755,44.7755,44.7,44.7244,825,0
BTO.US,5,20211116,212500,44.68,44.69,44.64,44.6532,870,0
BTO.US,5,20211116,213000,44.67,44.67,44.6695,44.6698,1011,0
BTO.US,5,20211116,213500,44.68,44.68,44.68,44.68,100,0
BTO.US,5,20211116,214000,44.67,44.6799,44.64,44.64,500,0
BTO.US,5,20211116,214500,44.63,44.67,44.63,44.67,200,0
BTO.US,5,20211116,215000,44.62,44.6299,44.59,44.5902,1240,0
BTO.US,5,20211116,215500,44.58,44.62,44.58,44.62,1500,0
BTO.US,5,20211117,153000,44.11,44.11,44.11,44.11,4439,0
BTO.US,5,20211117,153500,44.12,44.12,44.11,44.12,1000,0
BTO.US,5,20211117,154000,44.12,44.12,44.09,44.09,300,0
BTO.US,5,20211117,154500,44.07,44.07,43.9751,43.9751,245,0
BTO.US,5,20211117,155000,44.0931,44.0931,44.0931,44.0931,100,0
BTO.US,5,20211117,155500,43.915,43.98,43.915,43.915,400,0
BTO.US,5,20211117,160500,43.98,43.98,43.98,43.98,100,0
BTO.US,5,20211117,161000,43.95,43.99,43.95,43.9843,520,0
BTO.US,5,20211117,161500,43.985,43.985,43.985,43.985,100,0
BTO.US,5,20211117,162000,44.0281,44.0281,43.965,43.965,295,0
BTO.US,5,20211117,163000,44.12,44.12,44.1,44.1037,850,0
BTO.US,5,20211117,163500,44.1035,44.1035,44.1035,44.1035,607,0
BTO.US,5,20211117,164500,44.52,44.6,44.41,44.41,5335,0
BTO.US,5,20211117,170500,44.39,44.4298,44.39,44.4298,200,0
BTO.US,5,20211117,171500,44.38,44.38,44.38,44.38,100,0
BTO.US,5,20211117,172000,44.28,44.28,44.1222,44.1222,400,0
BTO.US,5,20211117,173000,44.23,44.25,44.23,44.2497,400,0
BTO.US,5,20211117,173500,44.3099,44.3099,44.3099,44.3099,100,0
BTO.US,5,20211117,174500,44.2679,44.2679,44.2679,44.2679,100,0
BTO.US,5,20211117,175000,44.2565,44.2565,44.2565,44.2565,1129,0
BTO.US,5,20211117,175500,44.3,44.3,44.3,44.3,500,0
BTO.US,5,20211117,182500,44.2,44.2,44.17,44.1867,859,0
BTO.US,5,20211117,183000,44.24,44.2599,44.24,44.2599,700,0
BTO.US,5,20211117,184500,44.1663,44.1663,44.1663,44.1663,126,0
BTO.US,5,20211117,190500,44.28,44.28,44.26,44.26,200,0
BTO.US,5,20211117,194500,44.1813,44.1813,44.1813,44.1813,650,0
BTO.US,5,20211117,195500,44.1869,44.1869,44.1869,44.1869,228,0
BTO.US,5,20211117,202500,44.16,44.16,44.16,44.16,1000,0
BTO.US,5,20211117,203500,44.31,44.31,44.31,44.31,100,0
BTO.US,5,20211117,204000,44.3499,44.3499,44.3499,44.3499,220,0
BTO.US,5,20211117,210000,44.2936,44.328,44.2936,44.328,375,0
BTO.US,5,20211117,211000,44.25,44.25,44.25,44.25,100,0
BTO.US,5,20211117,211500,44.22,44.25,44.16,44.16,800,0
BTO.US,5,20211117,212000,44.08,44.165,44.02,44.02,1600,0
BTO.US,5,20211117,212500,44.02,44.105,44.02,44.04,1130,0
BTO.US,5,20211117,213000,44.04,44.04,44.01,44.03,800,0
BTO.US,5,20211117,213500,44.04,44.1596,44.04,44.09,1299,0
BTO.US,5,20211117,214000,44.09,44.09,44.03,44.0679,1150,0
BTO.US,5,20211117,214500,44,44,44,44,200,0
BTO.US,5,20211117,215000,44,44,43.94,43.95,1035,0
BTO.US,5,20211117,215500,43.97,43.99,43.87,43.87,1790,0
BTO.US,5,20211118,153000,43.75,44.04,43.7,44.04,4233,0
BTO.US,5,20211118,153500,44.15,44.15,43.878,44.01,5700,0
BTO.US,5,20211118,154000,44.05,44.1645,43.955,44.1645,1826,0
BTO.US,5,20211118,160500,43.95,44.02,43.95,44,400,0
BTO.US,5,20211118,162000,43.65,43.65,43.65,43.65,100,0
BTO.US,5,20211118,163000,43.6859,43.6859,43.66,43.66,1100,0
BTO.US,5,20211118,164500,43.63,43.63,43.63,43.63,100,0
BTO.US,5,20211118,165000,43.61,43.61,43.61,43.61,100,0
BTO.US,5,20211118,170500,43.63,43.63,43.63,43.63,100,0
BTO.US,5,20211118,171000,43.72,43.72,43.65,43.67,2359,0
BTO.US,5,20211118,174000,43.75,43.75,43.73,43.73,300,0
BTO.US,5,20211118,175500,43.6805,43.6805,43.6805,43.6805,100,0
BTO.US,5,20211118,180000,43.7,43.7,43.7,43.7,100,0
BTO.US,5,20211118,181000,43.7,43.7101,43.642,43.642,2003,0
BTO.US,5,20211118,181500,43.71,43.71,43.71,43.71,100,0
BTO.US,5,20211118,182000,43.7,43.7,43.7,43.7,100,0
BTO.US,5,20211118,182500,43.71,43.78,43.71,43.726,898,0
BTO.US,5,20211118,183000,43.79,43.79,43.79,43.79,100,0
BTO.US,5,20211118,183500,43.785,43.785,43.785,43.785,200,0
BTO.US,5,20211118,184500,43.72,43.72,43.72,43.72,100,0
BTO.US,5,20211118,185000,43.7788,43.7788,43.7788,43.7788,112,0
BTO.US,5,20211118,185500,43.76,43.7799,43.76,43.7799,262,0
BTO.US,5,20211118,190000,43.75,43.75,43.49,43.585,10676,0
BTO.US,5,20211118,190500,43.52,43.52,43.52,43.52,100,0
BTO.US,5,20211118,191000,43.5703,43.5703,43.5703,43.5703,300,0
BTO.US,5,20211118,191500,43.565,43.6,43.565,43.6,500,0
BTO.US,5,20211118,192000,43.6,43.6,43.5,43.57,1005,0
BTO.US,5,20211118,192500,43.5,43.56,43.5,43.56,207,0
BTO.US,5,20211118,193000,43.4813,43.4813,43.4813,43.4813,100,0
BTO.US,5,20211118,193500,43.55,43.56,43.49,43.49,640,0
BTO.US,5,20211118,194500,43.56,43.56,43.5425,43.5425,300,0
BTO.US,5,20211118,201000,43.545,43.545,43.5375,43.5375,200,0
BTO.US,5,20211118,201500,43.5695,43.5695,43.53,43.54,1937,0
BTO.US,5,20211118,202000,43.54,43.54,43.4786,43.4786,1300,0
BTO.US,5,20211118,202500,43.48,43.51,43.45,43.45,600,0
BTO.US,5,20211118,203000,43.4,43.4,43.4,43.4,100,0
BTO.US,5,20211118,203500,43.44,43.56,43.44,43.56,900,0
BTO.US,5,20211118,204500,43.4702,43.4702,43.4702,43.4702,527,0
BTO.US,5,20211118,205000,43.515,43.53,43.48,43.49,600,0
BTO.US,5,20211118,205500,43.565,43.565,43.565,43.565,450,0
BTO.US,5,20211118,210000,43.51,43.52,43.5,43.5,300,0
BTO.US,5,20211118,210500,43.52,43.52,43.52,43.52,100,0
BTO.US,5,20211118,211000,43.58,43.65,43.57,43.65,1570,0
BTO.US,5,20211118,212000,43.56,43.65,43.56,43.65,400,0
BTO.US,5,20211118,212500,43.6,43.66,43.6,43.66,700,0
BTO.US,5,20211118,213500,43.55,43.55,43.54,43.54,200,0
BTO.US,5,20211118,214000,43.53,43.53,43.51,43.51,400,0
BTO.US,5,20211118,214500,43.49,43.49,43.49,43.49,200,0
BTO.US,5,20211118,215000,43.49,43.65,43.49,43.65,2555,0
BTO.US,5,20211118,215500,43.57,43.65,43.5411,43.65,2208,0
BTO.US,5,20211119,153000,43.07,43.27,42.8313,42.8313,2546,0
BTO.US,5,20211119,153500,42.93,42.93,42.87,42.87,300,0
BTO.US,5,20211119,154000,42.89,42.91,42.6134,42.6134,2098,0
BTO.US,5,20211119,154500,42.59,42.67,42.56,42.65,1855,0
BTO.US,5,20211119,155000,42.65,42.65,42.58,42.58,1027,0
BTO.US,5,20211119,155500,42.49,42.55,42.4,42.4,1900,0
BTO.US,5,20211119,160000,42.465,42.465,42.4472,42.4472,600,0
BTO.US,5,20211119,160500,42.35,42.45,42.35,42.45,500,0
BTO.US,5,20211119,161000,42.465,42.465,42.465,42.465,341,0
BTO.US,5,20211119,161500,42.53,42.65,42.505,42.65,900,0
BTO.US,5,20211119,162000,42.65,42.65,42.65,42.65,300,0
BTO.US,5,20211119,162500,42.65,42.66,42.65,42.66,300,0
BTO.US,5,20211119,163000,42.6389,42.6389,42.6389,42.6389,489,0
BTO.US,5,20211119,163500,42.64,42.78,42.64,42.69,940,0
BTO.US,5,20211119,164000,42.73,42.745,42.7,42.7,300,0
BTO.US,5,20211119,165000,42.79,42.79,42.7792,42.7792,300,0
BTO.US,5,20211119,165500,42.79,42.79,42.79,42.79,461,0
BTO.US,5,20211119,170000,42.74,42.74,42.74,42.74,100,0
BTO.US,5,20211119,171500,42.77,42.835,42.7601,42.82,1235,0
BTO.US,5,20211119,172000,42.84,42.84,42.8,42.8002,840,0
BTO.US,5,20211119,172500,42.8,42.8,42.8,42.8,100,0
BTO.US,5,20211119,173000,42.747,42.747,42.747,42.747,486,0
BTO.US,5,20211119,174000,42.76,42.76,42.74,42.74,600,0
BTO.US,5,20211119,174500,42.73,42.7301,42.711,42.711,1350,0
BTO.US,5,20211119,175000,42.73,42.73,42.65,42.65,756,0
BTO.US,5,20211119,175500,42.71,42.7801,42.71,42.7801,201,0
BTO.US,5,20211119,180000,42.734,42.8292,42.734,42.8292,810,0
BTO.US,5,20211119,181500,42.89,42.89,42.84,42.84,200,0
BTO.US,5,20211119,182500,42.9,42.9,42.89,42.89,415,0
BTO.US,5,20211119,183000,42.945,42.97,42.945,42.97,200,0
BTO.US,5,20211119,183500,43.03,43.03,43.03,43.03,100,0
BTO.US,5,20211119,184000,43.08,43.08,43.08,43.08,177,0
BTO.US,5,20211119,185000,43.01,43.01,42.95,43,1094,0
BTO.US,5,20211119,185500,43.01,43.01,43.01,43.01,300,0
BTO.US,5,20211119,190000,43,43,43,43,100,0
BTO.US,5,20211119,191000,42.9,42.9,42.9,42.9,400,0
BTO.US,5,20211119,191500,42.95,42.95,42.93,42.93,200,0
BTO.US,5,20211119,192500,42.9815,42.9815,42.86,42.89,500,0
BTO.US,5,20211119,194000,42.82,42.82,42.82,42.82,250,0
BTO.US,5,20211119,194500,42.71,42.71,42.71,42.71,298,0
BTO.US,5,20211119,195000,42.67,42.67,42.66,42.6604,665,0
BTO.US,5,20211119,195500,42.7,42.74,42.7,42.74,479,0
BTO.US,5,20211119,200000,42.7194,42.75,42.7194,42.74,1244,0
BTO.US,5,20211119,203000,42.72,42.72,42.67,42.69,1507,0
BTO.US,5,20211119,203500,42.7985,42.7985,42.7985,42.7985,500,0
BTO.US,5,20211119,204000,42.73,42.73,42.67,42.67,200,0
BTO.US,5,20211119,205000,42.7,42.7,42.7,42.7,100,0
BTO.US,5,20211119,210000,42.69,42.69,42.69,42.69,100,0
BTO.US,5,20211119,211000,42.7985,42.7985,42.7846,42.7846,1000,0
BTO.US,5,20211119,211500,42.7753,42.7753,42.57,42.675,2932,0
BTO.US,5,20211119,212000,42.69,42.72,42.6515,42.6515,334,0
BTO.US,5,20211119,212500,42.64,42.64,42.64,42.64,111,0
BTO.US,5,20211119,213000,42.64,42.6401,42.63,42.6401,1300,0
BTO.US,5,20211119,213500,42.68,42.68,42.68,42.68,126,0
BTO.US,5,20211119,214000,42.69,42.7018,42.68,42.6825,1866,0
BTO.US,5,20211119,214500,42.685,42.73,42.685,42.73,400,0
BTO.US,5,20211119,215000,42.73,42.74,42.73,42.74,800,0
BTO.US,5,20211119,215500,42.83,42.83,42.74,42.74,300,0
BTO.US,5,20211122,153000,43.06,43.06,43.05,43.05,4339,0
BTO.US,5,20211122,154000,43.15,43.15,43.04,43.08,2416,0
BTO.US,5,20211122,154500,43.11,43.1771,43.11,43.1771,600,0
BTO.US,5,20211122,155000,43.19,43.2502,43.145,43.2502,740,0
BTO.US,5,20211122,155500,43.2666,43.3,43.23,43.3,600,0
BTO.US,5,20211122,160000,43.37,43.46,43.37,43.41,2500,0
BTO.US,5,20211122,160500,43.47,43.55,43.47,43.55,563,0
BTO.US,5,20211122,161000,43.57,43.6,43.57,43.6,860,0
BTO.US,5,20211122,162500,43.62,43.62,43.48,43.49,690,0
BTO.US,5,20211122,163000,43.53,43.53,43.53,43.53,500,0
BTO.US,5,20211122,163500,43.6222,43.6222,43.6222,43.6222,1000,0
BTO.US,5,20211122,164000,43.59,43.59,43.57,43.57,200,0
BTO.US,5,20211122,164500,43.51,43.51,43.4018,43.4018,1075,0
BTO.US,5,20211122,165000,43.443,43.443,43.443,43.443,250,0
BTO.US,5,20211122,165500,43.5178,43.5178,43.49,43.49,463,0
BTO.US,5,20211122,170000,43.6009,43.6009,43.47,43.47,774,0
BTO.US,5,20211122,172000,43.61,43.61,43.61,43.61,100,0
BTO.US,5,20211122,173500,43.65,43.675,43.65,43.675,647,0
BTO.US,5,20211122,174000,43.69,43.69,43.69,43.69,200,0
BTO.US,5,20211122,175000,43.645,43.645,43.609,43.609,619,0
BTO.US,5,20211122,175500,43.37,43.37,43.37,43.37,303,0
BTO.US,5,20211122,180000,43.3788,43.3788,43.3788,43.3788,500,0
BTO.US,5,20211122,180500,43.385,43.385,43.33,43.33,500,0
BTO.US,5,20211122,181500,43.358,43.358,43.358,43.358,100,0
BTO.US,5,20211122,182000,43.4267,43.4267,43.4016,43.4016,308,0
BTO.US,5,20211122,183000,43.44,43.44,43.4,43.4,450,0
BTO.US,5,20211122,184500,43.5699,43.5699,43.5699,43.5699,100,0
BTO.US,5,20211122,185000,43.53,43.53,43.53,43.53,100,0
BTO.US,5,20211122,190000,43.525,43.525,43.525,43.525,162,0
BTO.US,5,20211122,190500,43.62,43.65,43.614,43.63,800,0
BTO.US,5,20211122,191000,43.63,43.63,43.51,43.51,200,0
BTO.US,5,20211122,191500,43.57,43.57,43.55,43.566,300,0
BTO.US,5,20211122,192500,43.43,43.43,43.43,43.43,141,0
BTO.US,5,20211122,193000,43.47,43.475,43.47,43.475,400,0
BTO.US,5,20211122,193500,43.48,43.5288,43.42,43.5288,2600,0
BTO.US,5,20211122,195000,43.51,43.53,43.51,43.529,900,0
BTO.US,5,20211122,195500,43.57,43.57,43.57,43.57,100,0
BTO.US,5,20211122,200500,43.4757,43.4757,43.4757,43.4757,100,0
BTO.US,5,20211122,201000,43.47,43.47,43.47,43.47,200,0
BTO.US,5,20211122,202500,43.49,43.588,43.456,43.588,1600,0
BTO.US,5,20211122,204000,43.6014,43.6014,43.6014,43.6014,100,0
BTO.US,5,20211122,204500,43.5041,43.5041,43.5041,43.5041,350,0
BTO.US,5,20211122,205500,43.54,43.54,43.54,43.54,200,0
BTO.US,5,20211122,210000,43.53,43.53,43.53,43.53,100,0
BTO.US,5,20211122,210500,43.5628,43.59,43.5628,43.5752,514,0
BTO.US,5,20211122,211000,43.575,43.5995,43.575,43.575,300,0
BTO.US,5,20211122,211500,43.56,43.56,43.39,43.4,907,0
BTO.US,5,20211122,213000,43.3748,43.39,43.3748,43.39,600,0
BTO.US,5,20211122,213500,43.42,43.4593,43.42,43.4593,1130,0
BTO.US,5,20211122,215000,43.35,43.35,43.26,43.26,400,0
BTO.US,5,20211122,215500,43.21,43.27,43.15,43.27,700,0
BTO.US,5,20211123,153000,43.61,43.61,43.31,43.41,2968,0
BTO.US,5,20211123,155500,43.39,43.42,43.39,43.42,425,0
BTO.US,5,20211123,160000,43.4087,43.42,43.4087,43.42,600,0
BTO.US,5,20211123,160500,43.37,43.43,43.37,43.43,451,0
BTO.US,5,20211123,161000,43.465,43.465,43.465,43.465,100,0
BTO.US,5,20211123,161500,43.52,43.69,43.52,43.66,1200,0
BTO.US,5,20211123,162000,43.67,43.886,43.67,43.886,1657,0
BTO.US,5,20211123,162500,43.79,43.79,43.79,43.79,100,0
BTO.US,5,20211123,163000,43.76,43.76,43.76,43.76,100,0
BTO.US,5,20211123,164000,43.7103,43.72,43.7103,43.72,700,0
BTO.US,5,20211123,164500,43.78,43.78,43.78,43.78,100,0
BTO.US,5,20211123,165000,43.81,43.8655,43.795,43.795,450,0
BTO.US,5,20211123,165500,43.79,43.79,43.7213,43.7213,310,0
BTO.US,5,20211123,170000,43.7,43.7699,43.7,43.7699,600,0
BTO.US,5,20211123,170500,43.69,43.69,43.69,43.69,100,0
BTO.US,5,20211123,171500,43.66,43.79,43.66,43.79,750,0
BTO.US,5,20211123,173000,43.68,43.68,43.68,43.68,100,0
BTO.US,5,20211123,174000,43.7484,43.76,43.7484,43.76,344,0
BTO.US,5,20211123,174500,43.76,43.76,43.76,43.76,639,0
BTO.US,5,20211123,175000,43.76,43.76,43.76,43.76,100,0
BTO.US,5,20211123,175500,43.77,43.77,43.77,43.77,100,0
BTO.US,5,20211123,181000,43.65,43.65,43.63,43.63,200,0
BTO.US,5,20211123,181500,43.65,43.65,43.65,43.65,200,0
BTO.US,5,20211123,183000,43.6403,43.6961,43.6403,43.6961,464,0
BTO.US,5,20211123,185000,43.7,43.7,43.7,43.7,100,0
BTO.US,5,20211123,185500,43.67,43.67,43.6346,43.6346,400,0
BTO.US,5,20211123,190000,43.765,43.765,43.63,43.63,400,0
BTO.US,5,20211123,191500,43.5326,43.5326,43.5326,43.5326,200,0
BTO.US,5,20211123,192000,43.63,43.63,43.63,43.63,500,0
BTO.US,5,20211123,193000,43.6517,43.7,43.62,43.7,915,0
BTO.US,5,20211123,193500,43.5589,43.5589,43.5589,43.5589,600,0
BTO.US,5,20211123,194500,43.7407,43.7407,43.7407,43.7407,100,0
BTO.US,5,20211123,195500,43.6167,43.6167,43.6167,43.6167,182,0
BTO.US,5,20211123,200000,43.65,43.65,43.65,43.65,100,0
BTO.US,5,20211123,201000,43.74,43.74,43.74,43.74,100,0
BTO.US,5,20211123,202000,43.655,43.655,43.655,43.655,100,0
BTO.US,5,20211123,203000,43.66,43.66,43.66,43.66,100,0
BTO.US,5,20211123,204500,43.77,43.77,43.75,43.75,200,0
BTO.US,5,20211123,205500,43.88,43.88,43.88,43.88,300,0
BTO.US,5,20211123,210000,43.921,43.921,43.8602,43.8602,1364,0
BTO.US,5,20211123,210500,43.8998,43.9001,43.8998,43.9,650,0
BTO.US,5,20211123,211000,43.86,43.87,43.86,43.8602,1457,0
BTO.US,5,20211123,211500,43.8637,43.8637,43.82,43.82,200,0
BTO.US,5,20211123,212000,43.8152,43.8152,43.6391,43.7499,1823,0
BTO.US,5,20211123,212500,43.685,43.7016,43.685,43.7016,823,0
BTO.US,5,20211123,213000,43.73,43.79,43.68,43.68,622,0
BTO.US,5,20211123,214000,43.74,43.74,43.74,43.74,100,0
BTO.US,5,20211123,214500,43.7,43.7,43.66,43.66,1200,0
BTO.US,5,20211123,215000,43.83,43.83,43.69,43.69,406,0
BTO.US,5,20211123,215500,43.8899,43.8899,43.65,43.69,1623,0
BTO.US,5,20211124,153000,43.57,43.58,43.57,43.58,1786,0
BTO.US,5,20211124,153500,43.62,43.62,43.6,43.6,200,0
BTO.US,5,20211124,155500,43.6001,43.6001,43.6001,43.6001,100,0
BTO.US,5,20211124,160500,43.8191,43.8273,43.8191,43.8273,1100,0
BTO.US,5,20211124,161000,43.83,43.87,43.83,43.87,300,0
BTO.US,5,20211124,161500,43.95,43.9836,43.95,43.9836,261,0
BTO.US,5,20211124,162500,43.9699,43.9699,43.9699,43.9699,100,0
BTO.US,5,20211124,163500,43.9511,43.9511,43.934,43.934,200,0
BTO.US,5,20211124,164000,43.94,43.95,43.864,43.92,500,0
BTO.US,5,20211124,164500,43.93,43.97,43.93,43.97,300,0
BTO.US,5,20211124,165500,43.95,43.95,43.95,43.95,100,0
BTO.US,5,20211124,170000,43.97,44.002,43.9386,43.9386,952,0
BTO.US,5,20211124,170500,43.97,43.97,43.97,43.97,188,0
BTO.US,5,20211124,171000,44.01,44.01,43.9912,43.9912,330,0
BTO.US,5,20211124,171500,44.0099,44.02,44.0099,44.01,400,0
BTO.US,5,20211124,172000,43.93,43.93,43.93,43.93,200,0
BTO.US,5,20211124,172500,43.75,43.8458,43.75,43.8458,400,0
BTO.US,5,20211124,173000,43.83,43.83,43.828,43.828,300,0
BTO.US,5,20211124,173500,43.75,43.75,43.73,43.73,200,0
BTO.US,5,20211124,174500,43.6801,43.7,43.68,43.68,760,0
BTO.US,5,20211124,175500,43.69,43.69,43.68,43.6801,1170,0
BTO.US,5,20211124,180000,43.73,43.73,43.68,43.68,200,0
BTO.US,5,20211124,181500,43.763,43.763,43.763,43.763,231,0
BTO.US,5,20211124,182000,43.741,43.741,43.741,43.741,252,0
BTO.US,5,20211124,183500,43.8,43.86,43.8,43.86,200,0
BTO.US,5,20211124,185000,43.9,43.9197,43.9,43.908,300,0
BTO.US,5,20211124,190000,43.958,43.97,43.958,43.96,1100,0
BTO.US,5,20211124,190500,43.96,43.96,43.96,43.96,100,0
BTO.US,5,20211124,191000,43.92,43.92,43.92,43.92,100,0
BTO.US,5,20211124,191500,43.92,43.92,43.92,43.92,100,0
BTO.US,5,20211124,192500,43.87,43.87,43.83,43.83,353,0
BTO.US,5,20211124,193000,43.85,43.85,43.83,43.83,300,0
BTO.US,5,20211124,195500,43.975,43.975,43.975,43.975,100,0
BTO.US,5,20211124,200500,43.96,43.96,43.96,43.96,365,0
BTO.US,5,20211124,202000,43.88,43.89,43.88,43.89,200,0
BTO.US,5,20211124,203500,43.8899,43.8899,43.7503,43.7503,996,0
BTO.US,5,20211124,205500,43.89,43.89,43.89,43.89,200,0
BTO.US,5,20211124,210000,43.87,43.87,43.87,43.87,100,0
BTO.US,5,20211124,210500,43.9,43.915,43.85,43.915,341,0
BTO.US,5,20211124,211000,43.9391,43.9559,43.9391,43.9559,200,0
BTO.US,5,20211124,212500,43.96,44,43.96,43.98,300,0
BTO.US,5,20211124,213000,43.9732,43.9732,43.95,43.95,428,0
BTO.US,5,20211124,213500,43.95,43.95,43.95,43.95,100,0
BTO.US,5,20211124,214000,43.95,43.95,43.95,43.95,100,0
BTO.US,5,20211124,214500,43.93,43.93,43.9,43.9,219,0
BTO.US,5,20211124,215500,43.88,43.91,43.88,43.91,539,0
BTO.US,5,20211126,153000,42.68,43.8999,41.2162,41.43,7009,0
BTO.US,5,20211126,153500,41.49,41.59,41.44,41.59,1200,0
BTO.US,5,20211126,154000,41.5585,41.6,41.46,41.6,1000,0
BTO.US,5,20211126,154500,41.5,41.766,41.348,41.39,6426,0
BTO.US,5,20211126,155000,41.67,41.67,41.31,41.5198,4300,0
BTO.US,5,20211126,155500,41.4197,41.4881,41.36,41.4498,6592,0
BTO.US,5,20211126,160000,41.47,41.52,41.27,41.5198,8833,0
BTO.US,5,20211126,160500,41.414,41.66,41.26,41.2843,5200,0
BTO.US,5,20211126,161000,41.6798,41.7,41.4,41.5182,4551,0
BTO.US,5,20211126,161500,41.423,41.57,41.378,41.462,2822,0
BTO.US,5,20211126,162000,41.55,41.69,41.5063,41.69,2479,0
BTO.US,5,20211126,162500,41.686,41.74,41.6,41.6,2580,0
BTO.US,5,20211126,163000,41.69,41.7,41.61,41.61,984,0
BTO.US,5,20211126,163500,41.5828,41.695,41.5828,41.695,400,0
BTO.US,5,20211126,164000,41.68,41.75,41.68,41.75,350,0
BTO.US,5,20211126,164500,41.642,41.75,41.64,41.7202,2254,0
BTO.US,5,20211126,165000,41.72,41.72,41.6571,41.6571,3746,0
BTO.US,5,20211126,165500,41.69,41.69,41.69,41.69,300,0
BTO.US,5,20211126,170000,41.63,41.63,41.5006,41.5014,3027,0
BTO.US,5,20211126,170500,41.59,41.59,41.58,41.58,300,0
BTO.US,5,20211126,171000,41.6125,41.7775,41.56,41.57,2999,0
BTO.US,5,20211126,171500,41.525,41.55,41.41,41.46,1453,0
BTO.US,5,20211126,172000,41.47,41.59,41.47,41.4945,3239,0
BTO.US,5,20211126,172500,41.5,41.53,41.36,41.42,1800,0
BTO.US,5,20211126,173000,41.51,41.51,41.41,41.4832,750,0
BTO.US,5,20211126,173500,41.52,41.6088,41.52,41.6088,1800,0
BTO.US,5,20211126,174000,41.7299,41.7299,41.7299,41.7299,160,0
BTO.US,5,20211126,174500,41.59,41.59,41.55,41.55,200,0
BTO.US,5,20211126,175000,41.62,41.64,41.55,41.57,1500,0
BTO.US,5,20211126,175500,41.58,41.698,41.55,41.6,2518,0
BTO.US,5,20211126,180000,41.66,41.66,41.61,41.61,329,0
BTO.US,5,20211126,180500,41.68,41.8,41.68,41.8,600,0
BTO.US,5,20211126,181000,41.795,42,41.795,42,1600,0
BTO.US,5,20211126,181500,41.96,42.02,41.94,41.96,1450,0
BTO.US,5,20211126,182000,41.94,41.96,41.72,41.96,2320,0
BTO.US,5,20211126,182500,41.835,41.895,41.7894,41.895,1908,0
BTO.US,5,20211126,183000,41.918,42.13,41.918,42.13,736,0
BTO.US,5,20211126,183500,42.17,42.34,42.17,42.33,1350,0
BTO.US,5,20211126,184000,42.34,42.41,42.34,42.41,1111,0
BTO.US,5,20211126,184500,42.47,42.5,42.3845,42.49,2400,0
BTO.US,5,20211126,185000,42.4,42.415,42.29,42.295,1700,0
BTO.US,5,20211126,185500,42.28,42.53,42.28,42.36,3070,0
BTO.US,5,20211126,190000,42.27,42.27,42.27,42.27,300,0
BTO.US,5,20211129,153000,42.73,42.89,42.69,42.71,2201,0
BTO.US,5,20211129,153500,42.77,42.77,42.69,42.69,410,0
BTO.US,5,20211129,154000,42.72,42.72,42.69,42.69,200,0
BTO.US,5,20211129,154500,42.655,42.655,42.655,42.655,1171,0
BTO.US,5,20211129,155000,42.6,42.6,42.6,42.6,100,0
BTO.US,5,20211129,155500,42.61,42.61,42.61,42.61,100,0
BTO.US,5,20211129,160000,42.6998,42.6998,42.6998,42.6998,500,0
BTO.US,5,20211129,160500,42.684,42.75,42.684,42.75,200,0
BTO.US,5,20211129,161000,42.78,42.78,42.78,42.78,100,0
BTO.US,5,20211129,161500,42.76,42.82,42.76,42.82,1200,0
BTO.US,5,20211129,162000,42.77,42.77,42.77,42.77,100,0
BTO.US,5,20211129,162500,42.76,42.76,42.72,42.72,500,0
BTO.US,5,20211129,163000,42.65,42.65,42.65,42.65,100,0
BTO.US,5,20211129,163500,42.67,42.67,42.67,42.67,100,0
BTO.US,5,20211129,164000,42.66,42.66,42.655,42.655,652,0
BTO.US,5,20211129,164500,42.655,42.655,42.655,42.655,100,0
BTO.US,5,20211129,172500,42.7569,42.7569,42.546,42.546,217,0
BTO.US,5,20211129,173000,42.64,42.64,42.64,42.64,100,0
BTO.US,5,20211129,174500,42.58,42.58,42.52,42.52,533,0
BTO.US,5,20211129,175000,42.526,42.615,42.4897,42.55,2046,0
BTO.US,5,20211129,175500,42.545,42.545,42.545,42.545,100,0
BTO.US,5,20211129,180000,42.52,42.52,42.52,42.52,100,0
BTO.US,5,20211129,180500,42.4,42.524,42.4,42.465,1516,0
BTO.US,5,20211129,181500,42.49,42.49,42.45,42.45,235,0
BTO.US,5,20211129,182000,42.351,42.55,42.351,42.55,200,0
BTO.US,5,20211129,182500,42.45,42.45,42.45,42.45,1000,0
BTO.US,5,20211129,183000,42.4826,42.4826,42.3565,42.455,810,0
BTO.US,5,20211129,183500,42.33,42.33,42.33,42.33,142,0
BTO.US,5,20211129,184000,42.3686,42.3686,42.3686,42.3686,250,0
BTO.US,5,20211129,185000,42.455,42.455,42.455,42.455,122,0
BTO.US,5,20211129,185500,42.51,42.6115,42.4798,42.6115,827,0
BTO.US,5,20211129,190000,42.52,42.52,42.52,42.52,100,0
BTO.US,5,20211129,190500,42.64,42.64,42.6292,42.6292,1350,0
BTO.US,5,20211129,191000,42.58,42.58,42.58,42.58,122,0
BTO.US,5,20211129,191500,42.5,42.5,42.5,42.5,100,0
BTO.US,5,20211129,193000,42.65,42.805,42.65,42.805,2428,0
BTO.US,5,20211129,193500,42.73,42.815,42.73,42.815,200,0
BTO.US,5,20211129,194500,42.7,42.7,42.7,42.7,250,0
BTO.US,5,20211129,195500,42.69,42.69,42.69,42.69,100,0
BTO.US,5,20211129,200000,42.69,42.69,42.69,42.69,100,0
BTO.US,5,20211129,201000,42.68,42.76,42.68,42.76,490,0
BTO.US,5,20211129,201500,42.6992,42.6992,42.6992,42.6992,225,0
BTO.US,5,20211129,204000,42.71,42.71,42.71,42.71,350,0
BTO.US,5,20211129,204500,42.78,42.89,42.69,42.89,700,0
BTO.US,5,20211129,205000,42.87,42.87,42.8,42.8,200,0
BTO.US,5,20211129,205500,42.72,42.72,42.67,42.67,500,0
BTO.US,5,20211129,210000,42.69,42.7,42.6562,42.67,3642,0
BTO.US,5,20211129,210500,42.66,42.68,42.64,42.64,400,0
BTO.US,5,20211129,211000,42.6885,42.7,42.6885,42.7,500,0
BTO.US,5,20211129,211500,42.7,42.75,42.7,42.75,300,0
BTO.US,5,20211129,212000,42.75,42.78,42.75,42.78,810,0
BTO.US,5,20211129,212500,42.78,42.78,42.78,42.78,300,0
BTO.US,5,20211129,213000,42.78,42.78,42.78,42.78,100,0
BTO.US,5,20211129,213500,42.79,42.79,42.79,42.79,100,0
BTO.US,5,20211129,214500,42.78,42.78,42.77,42.77,200,0
BTO.US,5,20211129,215000,42.77,42.77,42.7385,42.7385,429,0
BTO.US,5,20211129,215500,42.78,42.97,42.78,42.8,2376,0
BTO.US,5,20211130,153000,42.29,42.44,42.27,42.4264,1825,0
BTO.US,5,20211130,153500,42.28,42.28,42.24,42.27,945,0
BTO.US,5,20211130,154000,42.01,42.01,42.01,42.01,100,0
BTO.US,5,20211130,154500,42.2374,42.2374,42.2374,42.2374,178,0
BTO.US,5,20211130,155000,42.2436,42.2436,42.1623,42.1623,450,0
BTO.US,5,20211130,155500,42.1803,42.25,42.09,42.09,500,0
BTO.US,5,20211130,160000,42.01,42.238,42.01,42.175,3555,0
BTO.US,5,20211130,160500,42.14,42.14,42.14,42.14,100,0
BTO.US,5,20211130,161000,42.0917,42.0917,42.0917,42.0917,125,0
BTO.US,5,20211130,162000,42.0997,42.26,42.0997,42.26,1017,0
BTO.US,5,20211130,163000,42.2094,42.26,42.2094,42.26,400,0
BTO.US,5,20211130,163500,42.37,42.37,42.37,42.37,100,0
BTO.US,5,20211130,164000,42.2941,42.2941,42.2941,42.2941,2000,0
BTO.US,5,20211130,165000,42.43,42.43,42.43,42.43,100,0
BTO.US,5,20211130,165500,42.24,42.24,42.15,42.15,400,0
BTO.US,5,20211130,170000,42.0067,42.0067,41.96,41.96,722,0
BTO.US,5,20211130,170500,41.87,41.9097,41.87,41.904,1069,0
BTO.US,5,20211130,171000,41.8356,41.91,41.8356,41.91,325,0
BTO.US,5,20211130,171500,41.82,41.9116,41.82,41.9116,275,0
BTO.US,5,20211130,172000,42.03,42.0598,42.03,42.053,1117,0
BTO.US,5,20211130,172500,41.9357,41.9357,41.9357,41.9357,348,0
BTO.US,5,20211130,173000,41.71,41.8052,41.71,41.8052,342,0
BTO.US,5,20211130,174000,41.9331,41.9331,41.9331,41.9331,200,0
BTO.US,5,20211130,174500,41.93,41.93,41.8,41.8,200,0
BTO.US,5,20211130,175000,41.77,41.77,41.77,41.77,100,0
BTO.US,5,20211130,175500,41.6401,41.6401,41.6401,41.6401,153,0
BTO.US,5,20211130,180000,41.7409,41.7409,41.7409,41.7409,250,0
BTO.US,5,20211130,180500,41.7416,41.7416,41.7416,41.7416,300,0
BTO.US,5,20211130,181000,41.8,41.84,41.8,41.8,700,0
BTO.US,5,20211130,181500,41.9187,41.9187,41.9187,41.9187,825,0
BTO.US,5,20211130,184000,41.8785,41.8785,41.8785,41.8785,500,0
BTO.US,5,20211130,185000,41.918,41.94,41.8301,41.8301,4929,0
BTO.US,5,20211130,185500,41.8422,41.8422,41.8422,41.8422,803,0
BTO.US,5,20211130,190000,41.95,42.02,41.85,41.85,819,0
BTO.US,5,20211130,190500,41.85,41.85,41.82,41.82,205,0
BTO.US,5,20211130,191000,41.82,41.82,41.6862,41.7314,3580,0
BTO.US,5,20211130,192000,41.67,41.8379,41.6,41.8379,1005,0
BTO.US,5,20211130,193000,41.6654,41.6654,41.6654,41.6654,100,0
BTO.US,5,20211130,193500,41.5872,41.5872,41.5872,41.5872,700,0
BTO.US,5,20211130,194000,41.6326,41.6326,41.6326,41.6326,123,0
BTO.US,5,20211130,194500,41.7,41.7,41.7,41.7,100,0
BTO.US,5,20211130,195000,41.68,41.68,41.5,41.585,320,0
BTO.US,5,20211130,195500,41.6023,41.68,41.585,41.585,850,0
BTO.US,5,20211130,200000,41.585,41.7,41.5,41.6184,1850,0
BTO.US,5,20211130,200500,41.68,41.75,41.68,41.75,650,0
BTO.US,5,20211130,202500,41.7572,41.7572,41.7572,41.7572,125,0
BTO.US,5,20211130,203500,41.7501,41.785,41.7501,41.785,350,0
BTO.US,5,20211130,204000,41.82,41.82,41.82,41.82,300,0
BTO.US,5,20211130,204500,41.83,41.83,41.83,41.83,100,0
BTO.US,5,20211130,205000,41.76,41.76,41.76,41.76,100,0
BTO.US,5,20211130,210000,41.7787,41.7787,41.7787,41.7787,1500,0
BTO.US,5,20211130,210500,41.78,41.78,41.775,41.775,200,0
BTO.US,5,20211130,211500,41.7777,41.7777,41.7777,41.7777,100,0
BTO.US,5,20211130,212000,41.8131,41.8131,41.7501,41.751,1545,0
BTO.US,5,20211130,212500,41.78,41.78,41.752,41.752,350,0
BTO.US,5,20211130,213000,41.7449,41.7449,41.7449,41.7449,300,0
BTO.US,5,20211130,213500,41.83,41.84,41.83,41.84,300,0
BTO.US,5,20211130,214000,41.8499,41.8499,41.78,41.8341,800,0
BTO.US,5,20211130,214500,41.9081,41.9081,41.82,41.83,400,0
BTO.US,5,20211130,215000,41.7516,41.7927,41.7516,41.7927,400,0
BTO.US,5,20211130,215500,41.8799,41.8799,41.71,41.82,723,0
BTO.US,5,20211201,153000,42.36,42.36,41.92,42.3436,2429,0
BTO.US,5,20211201,153500,42.3288,42.3288,42.3288,42.3288,190,0
BTO.US,5,20211201,155500,41.92,42.24,41.92,42.24,200,0
BTO.US,5,20211201,160000,42.31,42.4,42.31,42.4,500,0
BTO.US,5,20211201,160500,42.33,42.34,42.29,42.32,1000,0
BTO.US,5,20211201,161000,42.4,42.4,42.4,42.4,710,0
BTO.US,5,20211201,162000,42.525,42.525,42.525,42.525,270,0
BTO.US,5,20211201,163500,42.51,42.51,42.45,42.45,500,0
BTO.US,5,20211201,164000,42.5278,42.5278,42.5278,42.5278,160,0
BTO.US,5,20211201,164500,42.42,42.5,42.42,42.5,300,0
BTO.US,5,20211201,165000,42.5,42.5,42.5,42.5,574,0
BTO.US,5,20211201,170500,42.41,42.41,42.41,42.41,100,0
BTO.US,5,20211201,171000,42.55,42.65,42.55,42.65,1300,0
BTO.US,5,20211201,172000,42.78,42.798,42.7721,42.7721,500,0
BTO.US,5,20211201,172500,42.775,42.775,42.775,42.775,237,0
BTO.US,5,20211201,173000,42.76,42.76,42.76,42.76,100,0
BTO.US,5,20211201,174000,42.775,42.775,42.775,42.775,200,0
BTO.US,5,20211201,174500,42.64,42.7064,42.51,42.51,2400,0
BTO.US,5,20211201,175000,42.54,42.54,42.54,42.54,100,0
BTO.US,5,20211201,175500,42.6198,42.6198,42.6198,42.6198,500,0
BTO.US,5,20211201,182500,42.44,42.603,42.44,42.603,215,0
BTO.US,5,20211201,183500,42.53,42.53,42.46,42.512,729,0
BTO.US,5,20211201,184000,42.4547,42.4547,42.4547,42.4547,235,0
BTO.US,5,20211201,184500,42.46,42.51,42.44,42.44,500,0
BTO.US,5,20211201,185500,42.4725,42.4725,42.4716,42.4716,490,0
BTO.US,5,20211201,190000,42.4,42.4,42.35,42.35,359,0
BTO.US,5,20211201,190500,42.25,42.25,42.25,42.25,420,0
BTO.US,5,20211201,191000,42.11,42.2102,42.11,42.2102,245,0
BTO.US,5,20211201,192500,42.29,42.2996,42.13,42.13,1280,0
BTO.US,5,20211201,193000,42.14,42.14,42.13,42.13,200,0
BTO.US,5,20211201,193500,42.14,42.2596,42.1328,42.1328,2309,0
BTO.US,5,20211201,194000,42.0812,42.0812,42,42,800,0
BTO.US,5,20211201,194500,41.99,42.035,41.99,42.035,600,0
BTO.US,5,20211201,195000,41.9,41.97,41.9,41.97,1400,0
BTO.US,5,20211201,195500,41.9517,41.9517,41.9517,41.9517,200,0
BTO.US,5,20211201,200000,41.93,41.95,41.93,41.95,400,0
BTO.US,5,20211201,200500,41.9,41.9,41.87,41.87,524,0
BTO.US,5,20211201,201000,41.82,41.8598,41.73,41.73,600,0
BTO.US,5,20211201,201500,41.75,41.75,41.75,41.75,200,0
BTO.US,5,20211201,202500,41.795,41.795,41.795,41.795,100,0
BTO.US,5,20211201,203000,41.86,41.93,41.8111,41.93,1100,0
BTO.US,5,20211201,204000,41.8104,41.8104,41.81,41.81,663,0
BTO.US,5,20211201,204500,41.81,41.81,41.81,41.81,100,0
BTO.US,5,20211201,205000,41.86,41.9,41.79,41.9,400,0
BTO.US,5,20211201,205500,41.835,41.835,41.835,41.835,900,0
BTO.US,5,20211201,210000,41.76,41.8488,41.76,41.8488,1040,0
BTO.US,5,20211201,210500,41.8262,41.8262,41.8262,41.8262,125,0
BTO.US,5,20211201,211000,41.7,41.7,41.7,41.7,100,0
BTO.US,5,20211201,211500,41.68,41.68,41.68,41.68,100,0
BTO.US,5,20211201,212500,41.55,41.6,41.55,41.6,200,0
BTO.US,5,20211201,213000,41.59,41.59,41.59,41.59,150,0
BTO.US,5,20211201,213500,41.556,41.6,41.556,41.59,425,0
BTO.US,5,20211201,214000,41.57,41.64,41.57,41.61,700,0
BTO.US,5,20211201,215000,41.53,41.53,41.53,41.53,360,0
BTO.US,5,20211201,215500,41.55,41.57,41.39,41.47,4091,0
BTO.US,5,20211202,153000,41.58,41.58,41.58,41.58,1716,0
BTO.US,5,20211202,153500,41.4601,41.4601,41.4601,41.4601,500,0
BTO.US,5,20211202,155000,41.9661,41.9661,41.9661,41.9661,100,0
BTO.US,5,20211202,161000,41.88,41.88,41.88,41.88,1000,0
BTO.US,5,20211202,161500,41.885,41.885,41.885,41.885,200,0
BTO.US,5,20211202,162000,41.98,41.98,41.98,41.98,100,0
BTO.US,5,20211202,162500,42.1328,42.1329,42.1328,42.1329,200,0
BTO.US,5,20211202,163500,41.93,41.93,41.7317,41.7317,2003,0
BTO.US,5,20211202,164000,41.7,41.7,41.7,41.7,400,0
BTO.US,5,20211202,164500,41.915,41.915,41.915,41.915,1750,0
BTO.US,5,20211202,170000,42.103,42.103,42.103,42.103,300,0
BTO.US,5,20211202,172500,42,42.14,42,42.14,235,0
BTO.US,5,20211202,173000,42.1,42.1,42.1,42.1,100,0
BTO.US,5,20211202,173500,42.0994,42.0994,42.0994,42.0994,100,0
BTO.US,5,20211202,174500,42.1032,42.1032,42.0633,42.0633,285,0
BTO.US,5,20211202,175000,41.99,41.99,41.99,41.99,101,0
BTO.US,5,20211202,180500,41.938,41.938,41.938,41.938,500,0
BTO.US,5,20211202,181500,41.98,41.98,41.98,41.98,225,0
BTO.US,5,20211202,183500,42.1102,42.1102,42.1102,42.1102,120,0
BTO.US,5,20211202,184500,42.11,42.13,42.05,42.05,1950,0
BTO.US,5,20211202,185000,42.178,42.189,42.178,42.189,200,0
BTO.US,5,20211202,191000,42.1046,42.1046,42.1046,42.1046,165,0
BTO.US,5,20211202,200500,42.34,42.34,42.34,42.34,100,0
BTO.US,5,20211202,202000,42.058,42.058,42.058,42.058,197,0
BTO.US,5,20211202,202500,42.3222,42.3222,42.3222,42.3222,100,0
BTO.US,5,20211202,211000,42.33,42.33,42.225,42.316,1720,0
BTO.US,5,20211202,211500,42.235,42.235,42.235,42.235,100,0
BTO.US,5,20211202,213000,42.32,42.33,42.32,42.33,200,0
BTO.US,5,20211202,214000,42.2681,42.2681,42.2681,42.2681,530,0
BTO.US,5,20211202,214500,42.36,42.37,42.36,42.37,200,0
BTO.US,5,20211202,215500,42.32,42.38,42.31,42.31,1300,0
BTO.US,5,20211203,153000,42.55,42.55,42.55,42.55,1630,0
BTO.US,5,20211203,153500,42.9917,42.9917,42.59,42.59,860,0
BTO.US,5,20211203,154500,42.47,42.47,42.39,42.39,200,0
BTO.US,5,20211203,155500,42.32,42.32,42.32,42.32,100,0
BTO.US,5,20211203,160000,42.33,42.33,42.33,42.33,100,0
BTO.US,5,20211203,160500,42.485,42.485,42.485,42.485,300,0
BTO.US,5,20211203,161000,41.6401,42.26,41.6401,42.26,500,0
BTO.US,5,20211203,161500,42.23,42.23,42.23,42.23,100,0
BTO.US,5,20211203,162000,42.41,42.41,42.06,42.2,1000,0
BTO.US,5,20211203,162500,42.16,42.25,42.16,42.23,600,0
BTO.US,5,20211203,163000,42.23,42.29,42.23,42.26,400,0
BTO.US,5,20211203,164000,42.02,42.02,41.64,41.82,921,0
BTO.US,5,20211203,164500,42.3191,42.3191,41.9459,41.9459,600,0
BTO.US,5,20211203,165000,41.86,42.04,41.86,42.04,1100,0
BTO.US,5,20211203,165500,41.9854,42.43,41.9854,42.4098,1860,0
BTO.US,5,20211203,170000,42.55,42.85,42.53,42.84,1313,0
BTO.US,5,20211203,170500,42.7441,42.7441,42.7441,42.7441,200,0
BTO.US,5,20211203,171000,42.6,42.6,42.6,42.6,100,0
BTO.US,5,20211203,171500,42.59,42.59,42.27,42.27,903,0
BTO.US,5,20211203,173500,42.2524,42.2524,42.17,42.17,230,0
BTO.US,5,20211203,174000,42.17,42.17,42.17,42.17,1200,0
BTO.US,5,20211203,175000,42.1772,42.1772,42.05,42.05,555,0
BTO.US,5,20211203,175500,41.984,41.984,41.984,41.984,400,0
BTO.US,5,20211203,181000,42.035,42.066,42.035,42.066,745,0
BTO.US,5,20211203,182500,42.02,42.02,42.02,42.02,100,0
BTO.US,5,20211203,183000,42.01,42.01,42,42,200,0
BTO.US,5,20211203,183500,42.0519,42.0519,42.0519,42.0519,475,0
BTO.US,5,20211203,185500,42.1175,42.1175,42.1175,42.1175,100,0
BTO.US,5,20211203,192000,42.047,42.047,42.0282,42.0282,243,0
BTO.US,5,20211203,193000,42.01,42.01,42,42,200,0
BTO.US,5,20211203,203500,41.9,41.928,41.9,41.928,500,0
BTO.US,5,20211203,204000,41.86,41.86,41.775,41.775,400,0
BTO.US,5,20211203,205000,41.77,41.88,41.68,41.88,519,0
BTO.US,5,20211203,210000,41.3213,41.3213,41.3213,41.3213,405,0
BTO.US,5,20211203,211500,41.7852,41.7852,41.7852,41.7852,100,0
BTO.US,5,20211203,213500,41.506,41.585,41.4362,41.585,712,0
BTO.US,5,20211203,214500,41.56,41.56,41.5208,41.5208,1040,0
BTO.US,5,20211203,215000,41.56,41.66,41.52,41.66,1150,0
BTO.US,5,20211203,215500,41.665,41.76,41.52,41.59,1182,0
BTO.US,5,20211206,153000,41.97,41.99,41.795,41.795,2482,0
BTO.US,5,20211206,153500,41.795,41.795,41.795,41.795,100,0
BTO.US,5,20211206,154500,41.73,41.98,41.73,41.98,200,0
BTO.US,5,20211206,155000,42,42.02,41.99,42.02,1100,0
BTO.US,5,20211206,160000,42.08,42.12,42.0493,42.0493,800,0
BTO.US,5,20211206,160500,42.17,42.17,42.17,42.17,121,0
BTO.US,5,20211206,161000,42.35,42.35,42.2456,42.2456,1010,0
BTO.US,5,20211206,161500,42.07,42.07,42.07,42.07,125,0
BTO.US,5,20211206,162500,42.38,42.38,42.23,42.23,722,0
BTO.US,5,20211206,163000,42.38,42.38,42.38,42.38,300,0
BTO.US,5,20211206,163500,42.536,42.55,42.536,42.5498,500,0
BTO.US,5,20211206,165000,42.5025,42.5025,42.5025,42.5025,250,0
BTO.US,5,20211206,170000,42.6224,42.6224,42.6224,42.6224,250,0
BTO.US,5,20211206,171500,42.65,42.68,42.65,42.66,600,0
BTO.US,5,20211206,173000,42.5684,42.6597,42.5684,42.6597,420,0
BTO.US,5,20211206,173500,42.4605,42.8921,42.4605,42.8318,1300,0
BTO.US,5,20211206,174000,42.72,42.72,42.72,42.72,100,0
BTO.US,5,20211206,174500,42.77,42.77,42.65,42.6548,400,0
BTO.US,5,20211206,175500,42.64,42.64,42.64,42.64,400,0
BTO.US,5,20211206,181000,42.63,42.64,42.63,42.64,200,0
BTO.US,5,20211206,181500,42.5157,42.5157,42.5157,42.5157,800,0
BTO.US,5,20211206,182000,42.6476,42.65,42.548,42.63,400,0
BTO.US,5,20211206,182500,42.72,42.81,42.72,42.8099,800,0
BTO.US,5,20211206,183000,42.8463,42.8463,42.8463,42.8463,180,0
BTO.US,5,20211206,185500,42.73,42.73,42.73,42.73,454,0
BTO.US,5,20211206,191500,42.7527,42.846,42.7527,42.846,411,0
BTO.US,5,20211206,192000,42.745,42.745,42.745,42.745,202,0
BTO.US,5,20211206,193000,42.906,42.906,42.84,42.84,200,0
BTO.US,5,20211206,194000,42.7711,42.8825,42.7711,42.8825,200,0
BTO.US,5,20211206,194500,42.87,42.87,42.87,42.87,200,0
BTO.US,5,20211206,195500,42.952,42.952,42.952,42.952,300,0
BTO.US,5,20211206,200000,42.6221,42.6221,42.6221,42.6221,1075,0
BTO.US,5,20211206,200500,42.95,42.99,42.95,42.986,1400,0
BTO.US,5,20211206,201000,42.973,42.973,42.973,42.973,220,0
BTO.US,5,20211206,202000,42.99,42.99,42.99,42.99,400,0
BTO.US,5,20211206,204000,42.6037,42.6037,42.6037,42.6037,474,0
BTO.US,5,20211206,204500,42.65,42.82,42.65,42.82,200,0
BTO.US,5,20211206,210000,42.94,42.94,42.93,42.93,200,0
BTO.US,5,20211206,210500,42.93,42.93,42.93,42.93,100,0
BTO.US,5,20211206,213000,42.77,42.77,42.77,42.77,300,0
BTO.US,5,20211206,214000,42.8171,42.8171,42.8171,42.8171,290,0
BTO.US,5,20211206,214500,42.93,42.93,42.93,42.93,117,0
BTO.US,5,20211206,215000,42.79,42.91,42.7314,42.7314,1545,0
BTO.US,5,20211206,215500,42.88,42.94,42.66,42.72,2607,0
BTO.US,5,20211207,153000,43.19,43.19,42.89,42.89,1189,0
BTO.US,5,20211207,153500,43.2261,43.2261,42.82,42.82,606,0
BTO.US,5,20211207,154000,43.21,43.21,43.21,43.21,250,0
BTO.US,5,20211207,155000,42.9184,42.9184,42.9184,42.9184,341,0
BTO.US,5,20211207,155500,43.1648,43.1648,43.1648,43.1648,300,0
BTO.US,5,20211207,160000,43.24,43.24,43.21,43.21,366,0
BTO.US,5,20211207,161000,43.3143,43.3143,43.2254,43.2254,231,0
BTO.US,5,20211207,161500,43.21,43.21,43.21,43.21,100,0
BTO.US,5,20211207,163000,43.35,43.37,43.34,43.37,400,0
BTO.US,5,20211207,164500,43.3146,43.38,43.3146,43.38,600,0
BTO.US,5,20211207,165500,43.32,43.47,43.32,43.47,300,0
BTO.US,5,20211207,171500,43.4,43.4,43.4,43.4,350,0
BTO.US,5,20211207,173000,43.24,43.24,43.17,43.17,400,0
BTO.US,5,20211207,174000,43.081,43.081,43.081,43.081,100,0
BTO.US,5,20211207,174500,43.1239,43.1239,43.1239,43.1239,580,0
BTO.US,5,20211207,180000,43.195,43.195,43.195,43.195,400,0
BTO.US,5,20211207,182500,43.19,43.19,43.19,43.19,100,0
BTO.US,5,20211207,183000,43.19,43.31,43.19,43.31,300,0
BTO.US,5,20211207,184500,43.1634,43.1634,43.1634,43.1634,300,0
BTO.US,5,20211207,185500,43.26,43.3,43.26,43.3,400,0
BTO.US,5,20211207,191500,43.25,43.31,43.19,43.2382,2098,0
BTO.US,5,20211207,194000,43.2355,43.2355,43.2355,43.2355,198,0
BTO.US,5,20211207,200000,43.1956,43.1956,43.1956,43.1956,650,0
BTO.US,5,20211207,200500,43.175,43.175,43.175,43.175,100,0
BTO.US,5,20211207,201000,43.1156,43.3,43.1156,43.3,800,0
BTO.US,5,20211207,201500,43.29,43.31,43.29,43.3099,600,0
BTO.US,5,20211207,202000,43.175,43.31,43.175,43.31,600,0
BTO.US,5,20211207,203000,43.32,43.32,43.32,43.32,484,0
BTO.US,5,20211207,204500,43.1457,43.1457,43.1457,43.1457,275,0
BTO.US,5,20211207,205000,43.27,43.3175,43.27,43.3175,500,0
BTO.US,5,20211207,210000,43.0964,43.305,43.0964,43.305,676,0
BTO.US,5,20211207,213000,43.16,43.2,42.99,43.065,7578,0
BTO.US,5,20211207,213500,42.92,42.92,42.92,42.92,1020,0
BTO.US,5,20211207,214000,42.92,42.945,42.92,42.945,681,0
BTO.US,5,20211207,215000,42.86,42.92,42.79,42.79,1139,0
BTO.US,5,20211207,215500,42.96,43.16,42.96,43.16,800,0
BTO.US,5,20211208,153000,43.16,43.28,43.16,43.28,377,0
BTO.US,5,20211208,154000,43.28,43.28,43.28,43.28,100,0
BTO.US,5,20211208,154500,43.3,43.3,43.3,43.3,500,0
BTO.US,5,20211208,160500,43.3,43.3,43.3,43.3,100,0
BTO.US,5,20211208,161000,43.39,43.39,43.2001,43.3,2050,0
BTO.US,5,20211208,161500,43.3586,43.3586,43.3,43.3,1200,0
BTO.US,5,20211208,162500,43.2,43.2,43.2,43.2,300,0
BTO.US,5,20211208,163000,43.1562,43.1562,43.1562,43.1562,100,0
BTO.US,5,20211208,163500,43.115,43.115,43.115,43.115,100,0
BTO.US,5,20211208,165500,43.2616,43.2616,43.2616,43.2616,250,0
BTO.US,5,20211208,171500,43.29,43.29,43.17,43.2722,1488,0
BTO.US,5,20211208,172000,43.2635,43.2635,43.2635,43.2635,120,0
BTO.US,5,20211208,172500,43.17,43.29,43.17,43.2898,1006,0
BTO.US,5,20211208,173000,43.28,43.28,43.28,43.28,100,0
BTO.US,5,20211208,173500,43.36,43.36,43.36,43.36,100,0
BTO.US,5,20211208,174000,43.3559,43.37,43.3559,43.37,268,0
BTO.US,5,20211208,174500,43.1092,43.1092,43.1092,43.1092,200,0
BTO.US,5,20211208,175000,43.17,43.23,43.17,43.23,1021,0
BTO.US,5,20211208,180000,43.23,43.3659,43.23,43.3659,566,0
BTO.US,5,20211208,181000,43.35,43.38,43.35,43.38,348,0
BTO.US,5,20211208,181500,43.2936,43.2936,43.2936,43.2936,276,0
BTO.US,5,20211208,182000,43.33,43.33,43.33,43.33,100,0
BTO.US,5,20211208,183000,43.38,43.4,43.2345,43.2345,1816,0
BTO.US,5,20211208,183500,43.3999,43.3999,43.3999,43.3999,100,0
BTO.US,5,20211208,184500,43.39,43.39,43.21,43.21,431,0
BTO.US,5,20211208,185500,43.2,43.2,43.2,43.2,2300,0
BTO.US,5,20211208,190500,43.38,43.38,43.38,43.38,100,0
BTO.US,5,20211208,191000,43.38,43.38,43.38,43.38,100,0
BTO.US,5,20211208,195000,43.38,43.38,43.38,43.38,100,0
BTO.US,5,20211208,195500,43.295,43.295,43.295,43.295,305,0
BTO.US,5,20211208,202000,43.3881,43.3881,43.295,43.295,1254,0
BTO.US,5,20211208,202500,43.295,43.39,43.295,43.39,200,0
BTO.US,5,20211208,204000,43.305,43.305,43.305,43.305,100,0
BTO.US,5,20211208,204500,43.2293,43.4,43.2293,43.3999,712,0
BTO.US,5,20211208,211500,43.4,43.4,43.4,43.4,180,0
BTO.US,5,20211208,213500,43.3172,43.3172,43.3172,43.3172,150,0
BTO.US,5,20211208,214000,43.3073,43.35,43.3,43.3,1129,0
BTO.US,5,20211208,214500,43.3564,43.3564,43.3564,43.3564,102,0
BTO.US,5,20211208,215000,43.4,43.4,43.3999,43.4,1027,0
BTO.US,5,20211208,215500,43.36,43.4,43.36,43.4,873,0
BTO.US,5,20211209,153000,43.47,43.7,43.47,43.7,807,0
BTO.US,5,20211209,155000,43.72,43.72,43.6728,43.6728,400,0
BTO.US,5,20211209,160000,43.5325,43.535,43.5325,43.535,200,0
BTO.US,5,20211209,161500,43.88,43.91,43.88,43.91,300,0
BTO.US,5,20211209,162500,44.3579,44.3579,44.3579,44.3579,136,0
BTO.US,5,20211209,163000,44.38,44.59,44.38,44.59,600,0
BTO.US,5,20211209,163500,44.69,44.72,44.58,44.62,2961,0
BTO.US,5,20211209,164000,44.62,44.79,44.62,44.79,400,0
BTO.US,5,20211209,164500,44.8404,45.2072,44.8404,45.2072,587,0
BTO.US,5,20211209,165000,45.1006,45.4337,45.1006,45.19,901,0
BTO.US,5,20211209,170500,45.14,45.298,44.96,45.298,700,0
BTO.US,5,20211209,173000,45.176,45.19,45.17,45.19,500,0
BTO.US,5,20211209,173500,45.2,45.25,45.188,45.2079,8457,0
BTO.US,5,20211209,175000,45.095,45.095,45.02,45.02,1047,0
BTO.US,5,20211209,175500,45.1395,45.1395,45,45.0335,1963,0
BTO.US,5,20211209,180500,44.8556,45,44.8556,45,5800,0
BTO.US,5,20211209,182000,44.865,45,44.865,45,650,0
BTO.US,5,20211209,183000,45.0477,45.0477,45.0477,45.0477,200,0
BTO.US,5,20211209,184000,45.0421,45.0421,45.0421,45.0421,135,0
BTO.US,5,20211209,184500,45.09,45.1,45.09,45.1,1000,0
BTO.US,5,20211209,190000,44.87,44.87,44.85,44.85,327,0
BTO.US,5,20211209,190500,45.0551,45.0551,45.0551,45.0551,200,0
BTO.US,5,20211209,191000,45.1,45.1,44.925,44.925,815,0
BTO.US,5,20211209,192500,44.87,44.97,44.87,44.97,200,0
BTO.US,5,20211209,193500,44.8997,44.8997,44.8997,44.8997,100,0
BTO.US,5,20211209,194000,44.98,44.98,44.9492,44.9492,650,0
BTO.US,5,20211209,194500,44.8088,44.8088,44.76,44.76,200,0
BTO.US,5,20211209,200000,44.9,44.9,44.8319,44.8319,963,0
BTO.US,5,20211209,202500,44.7848,44.875,44.7848,44.875,379,0
BTO.US,5,20211209,210000,44.7701,44.97,44.7701,44.9049,1675,0
BTO.US,5,20211209,210500,44.98,44.99,44.95,44.99,1037,0
BTO.US,5,20211209,211000,44.99,44.99,44.9899,44.9899,660,0
BTO.US,5,20211209,211500,45.1,45.1,45.1,45.1,606,0
BTO.US,5,20211209,212000,45.0982,45.1,45.0982,45.1,210,0
BTO.US,5,20211209,212500,45.1,45.1,45.1,45.1,100,0
BTO.US,5,20211209,213000,45.085,45.09,45.07,45.09,1095,0
BTO.US,5,20211209,214500,45.05,45.055,45,45.055,1200,0
BTO.US,5,20211209,215000,45.01,45.01,44.96,44.96,1102,0
BTO.US,5,20211209,215500,44.9,45.07,44.9,44.92,1370,0
BTO.US,5,20211210,153000,44.3,44.3,44.3,44.3,2127,0
BTO.US,5,20211210,153500,44.36,44.36,44.36,44.36,100,0
BTO.US,5,20211210,154000,43.1185,43.1185,43.1185,43.1185,150,0
BTO.US,5,20211210,155500,44.32,44.32,43.235,43.235,900,0
BTO.US,5,20211210,160000,43.1997,43.1997,43.1101,43.1101,375,0
BTO.US,5,20211210,160500,43.1201,43.1201,43.1201,43.1201,150,0
BTO.US,5,20211210,161500,43.7096,43.9208,43.7096,43.9208,517,0
BTO.US,5,20211210,162000,43.9568,43.9568,43.9568,43.9568,150,0
BTO.US,5,20211210,163000,43.8,43.8,43.6125,43.6125,205,0
BTO.US,5,20211210,164500,43.5944,43.65,43.56,43.56,2600,0
BTO.US,5,20211210,165000,43.375,43.45,43.36,43.38,850,0
BTO.US,5,20211210,165500,43.37,43.45,43.37,43.45,1668,0
BTO.US,5,20211210,170500,43.56,43.56,43.41,43.41,710,0
BTO.US,5,20211210,171000,43.505,43.505,43.33,43.33,1873,0
BTO.US,5,20211210,171500,43.4,43.6322,43.4,43.4,2500,0
BTO.US,5,20211210,172000,43.525,43.525,43.5175,43.5175,200,0
BTO.US,5,20211210,172500,43.66,43.66,43.45,43.45,430,0
BTO.US,5,20211210,173000,43.95,43.95,43.47,43.48,465,0
BTO.US,5,20211210,174500,43.7688,43.7688,43.7688,43.7688,100,0
BTO.US,5,20211210,180000,43.8066,43.8066,43.8066,43.8066,105,0
BTO.US,5,20211210,180500,43.95,43.95,43.72,43.72,700,0
BTO.US,5,20211210,181000,43.8993,43.8993,43.8993,43.8993,196,0
BTO.US,5,20211210,181500,43.905,43.905,43.53,43.53,468,0
BTO.US,5,20211210,182500,43.845,43.845,43.845,43.845,100,0
BTO.US,5,20211210,183000,43.74,43.74,43.74,43.74,342,0
BTO.US,5,20211210,183500,43.56,43.56,43.56,43.56,100,0
BTO.US,5,20211210,184000,43.9,43.9,43.5956,43.5956,300,0
BTO.US,5,20211210,185000,43.74,43.74,43.74,43.74,447,0
BTO.US,5,20211210,190500,43.91,43.91,43.91,43.91,100,0
BTO.US,5,20211210,191500,43.9199,43.9199,43.74,43.74,750,0
BTO.US,5,20211210,192500,43.9117,43.9117,43.8588,43.8588,275,0
BTO.US,5,20211210,193000,43.925,43.925,43.9119,43.9119,254,0
BTO.US,5,20211210,194000,43.7113,43.7113,43.7113,43.7113,100,0
BTO.US,5,20211210,202000,43.8371,43.91,43.76,43.91,658,0
BTO.US,5,20211210,202500,43.785,43.785,43.785,43.785,100,0
BTO.US,5,20211210,205500,43.72,43.79,43.71,43.79,400,0
BTO.US,5,20211210,210000,43.68,43.68,43.68,43.68,200,0
BTO.US,5,20211210,210500,43.67,43.67,43.67,43.67,100,0
BTO.US,5,20211210,212500,43.6,43.865,43.6,43.865,400,0
BTO.US,5,20211210,213000,43.83,43.895,43.74,43.895,800,0
BTO.US,5,20211210,214000,43.91,43.95,43.775,43.95,1532,0
BTO.US,5,20211210,214500,43.9465,43.9465,43.9465,43.9465,200,0
BTO.US,5,20211210,215000,43.775,43.95,43.775,43.95,373,0
BTO.US,5,20211210,215500,43.93,44,43.86,43.86,778,0
BTO.US,5,20211213,153000,43.57,43.57,43.57,43.57,820,0
BTO.US,5,20211213,155500,43.475,43.475,43.475,43.475,450,0
BTO.US,5,20211213,160000,43.25,43.25,43.08,43.206,1100,0
BTO.US,5,20211213,162500,43.1041,43.1041,43.1041,43.1041,200,0
BTO.US,5,20211213,163000,43.1075,43.1075,43.1075,43.1075,106,0
BTO.US,5,20211213,164500,43.1079,43.1079,43.1079,43.1079,125,0
BTO.US,5,20211213,165000,43.28,43.29,43.25,43.25,500,0
BTO.US,5,20211213,173000,43.076,43.076,43.076,43.076,210,0
BTO.US,5,20211213,182000,43.1,43.1,42.7501,42.935,661,0
BTO.US,5,20211213,182500,42.9,42.9,42.7537,42.81,875,0
BTO.US,5,20211213,183500,43.0347,43.0347,43.0347,43.0347,200,0
BTO.US,5,20211213,184000,42.83,43.125,42.7802,43.125,915,0
BTO.US,5,20211213,184500,43.1346,43.1346,43.1296,43.1296,403,0
BTO.US,5,20211213,185500,42.9256,43.155,42.9256,43.155,557,0
BTO.US,5,20211213,191000,43.1598,43.265,43.025,43.265,750,0
BTO.US,5,20211213,194500,43.275,43.3,43.25,43.3,600,0
BTO.US,5,20211213,195000,42.8446,43.28,42.8446,43.28,1325,0
BTO.US,5,20211213,195500,43.2596,43.2596,43.2596,43.2596,221,0
BTO.US,5,20211213,202000,43.02,43.02,43.02,43.02,155,0
BTO.US,5,20211213,204500,43.04,43.04,43.04,43.04,300,0
BTO.US,5,20211213,205000,42.9184,43.26,42.9184,43.26,818,0
BTO.US,5,20211213,210000,43,43,42.7648,42.7648,5600,0
BTO.US,5,20211213,210500,43.0498,43.0498,43.0498,43.0498,230,0
BTO.US,5,20211213,212000,42.8085,43.22,42.8085,43.22,220,0
BTO.US,5,20211213,214500,42.98,43.025,42.98,43.025,225,0
BTO.US,5,20211213,215500,42.795,43.285,42.795,43.03,942,0
BTO.US,5,20211214,153000,42.75,43.1692,42.75,43.1692,1164,0
BTO.US,5,20211214,154500,43.45,43.45,43.45,43.45,100,0
BTO.US,5,20211214,155000,43.4597,43.4597,42.98,42.98,600,0
BTO.US,5,20211214,161000,43.4253,43.4253,43.4253,43.4253,100,0
BTO.US,5,20211214,162000,43.24,43.24,42.87,43.1843,623,0
BTO.US,5,20211214,163000,43,43,43,43,200,0
BTO.US,5,20211214,163500,42.9844,42.9844,42.9685,42.9685,461,0
BTO.US,5,20211214,164000,42.9685,42.9685,42.9685,42.9685,100,0
BTO.US,5,20211214,165500,42.85,42.85,42.85,42.85,100,0
BTO.US,5,20211214,170000,42.75,42.75,42.68,42.68,234,0
BTO.US,5,20211214,170500,42.65,42.65,42.49,42.49,315,0
BTO.US,5,20211214,172000,42.5959,42.5959,42.5959,42.5959,141,0
BTO.US,5,20211214,173000,42.41,42.64,42.41,42.41,470,0
BTO.US,5,20211214,180500,42.55,42.566,42.5144,42.5144,517,0
BTO.US,5,20211214,181000,42.49,42.49,42.49,42.49,100,0
BTO.US,5,20211214,183500,42.4907,42.4907,42.4907,42.4907,300,0
BTO.US,5,20211214,184500,42.65,42.8162,42.65,42.8162,537,0
BTO.US,5,20211214,185000,42.8207,42.8207,42.8207,42.8207,467,0
BTO.US,5,20211214,192500,42.4838,42.4838,42.4501,42.4501,640,0
BTO.US,5,20211214,193000,42.4501,42.4501,42.4501,42.4501,300,0
BTO.US,5,20211214,194500,42.4501,42.53,42.4501,42.525,1261,0
BTO.US,5,20211214,195000,42.525,42.525,42.4501,42.4501,684,0
BTO.US,5,20211214,195500,42.5761,42.5761,42.5761,42.5761,100,0
BTO.US,5,20211214,200500,42.525,42.525,42.525,42.525,150,0
BTO.US,5,20211214,201000,42.5307,42.5307,42.5307,42.5307,100,0
BTO.US,5,20211214,201500,42.5996,42.5996,42.5996,42.5996,150,0
BTO.US,5,20211214,202000,42.525,42.65,42.525,42.62,1641,0
BTO.US,5,20211214,202500,42.8086,42.8086,42.8086,42.8086,200,0
BTO.US,5,20211214,205000,42.49,42.625,42.49,42.625,237,0
BTO.US,5,20211214,210000,42.625,42.625,42.625,42.625,100,0
BTO.US,5,20211214,210500,42.6,42.6,42.6,42.6,100,0
BTO.US,5,20211214,211000,42.7942,42.7942,42.6,42.6,600,0
BTO.US,5,20211214,211500,42.0201,42.7922,42.0201,42.7922,1129,0
BTO.US,5,20211214,212000,42.39,42.39,42.39,42.39,141,0
BTO.US,5,20211214,213500,42.3,42.3,42.29,42.29,2310,0
BTO.US,5,20211214,214000,42.08,42.08,42.08,42.08,159,0
BTO.US,5,20211214,214500,42,42.46,42,42.19,2000,0
BTO.US,5,20211214,215000,42.405,42.405,42.405,42.405,763,0
BTO.US,5,20211214,215500,42.39,42.84,42.38,42.38,1030,0
BTO.US,5,20211215,153000,42.14,42.39,42.14,42.39,699,0
BTO.US,5,20211215,153500,42.28,42.28,42.28,42.28,100,0
BTO.US,5,20211215,160000,43.29,43.29,43.29,43.29,100,0
BTO.US,5,20211215,161000,42.2203,42.2203,42.2203,42.2203,137,0
BTO.US,5,20211215,162000,42.5904,42.5904,42.5904,42.5904,198,0
BTO.US,5,20211215,163500,42.2427,42.2427,42.2427,42.2427,280,0
BTO.US,5,20211215,164500,42.753,42.753,42.753,42.753,200,0
BTO.US,5,20211215,170000,42.2596,42.5,42.2596,42.5,200,0
BTO.US,5,20211215,170500,42.4,42.4,42.4,42.4,547,0
BTO.US,5,20211215,172000,42.68,43.175,42.56,43.175,2400,0
BTO.US,5,20211215,174500,42.4887,42.51,42.43,42.43,735,0
BTO.US,5,20211215,175000,42.79,42.79,42.79,42.79,250,0
BTO.US,5,20211215,175500,42.79,43.0701,42.79,42.795,550,0
BTO.US,5,20211215,180500,42.47,42.47,42.47,42.47,200,0
BTO.US,5,20211215,181500,42.8979,42.8979,42.8979,42.8979,300,0
BTO.US,5,20211215,182000,43.0868,43.0868,42.8,42.8,570,0
BTO.US,5,20211215,191000,43.01,43.05,42.62,42.62,850,0
BTO.US,5,20211215,191500,42.835,42.84,42.8064,42.8064,1680,0
BTO.US,5,20211215,193000,43.03,43.03,43.01,43.026,300,0
BTO.US,5,20211215,193500,42.6301,42.6301,42.6301,42.6301,300,0
BTO.US,5,20211215,194000,42.9949,42.9949,42.9949,42.9949,164,0
BTO.US,5,20211215,194500,42.8625,42.9067,42.8625,42.9067,333,0
BTO.US,5,20211215,200500,42.96,42.96,42.96,42.96,100,0
BTO.US,5,20211215,202000,42.88,42.88,42.81,42.81,200,0
BTO.US,5,20211215,203000,43,43,43,43,100,0
BTO.US,5,20211215,203500,43.2,43.6804,43.2,43.6804,1250,0
BTO.US,5,20211215,204000,43.505,43.946,43.01,43.01,1198,0
BTO.US,5,20211215,204500,43.01,43.32,43.01,43.32,400,0
BTO.US,5,20211215,205000,43.28,43.28,43.28,43.28,100,0
BTO.US,5,20211215,205500,43.9208,43.9208,43.9208,43.9208,175,0
BTO.US,5,20211215,210000,43.12,43.38,43,43,800,0
BTO.US,5,20211215,210500,43.395,43.395,43.395,43.395,100,0
BTO.US,5,20211215,212000,43.68,43.68,43.68,43.68,115,0
BTO.US,5,20211215,212500,43.545,43.545,43.545,43.545,100,0
BTO.US,5,20211215,213000,43.605,43.605,43.605,43.605,326,0
BTO.US,5,20211215,214500,43.279,43.279,43.279,43.279,257,0
BTO.US,5,20211215,215500,43.49,43.49,43.43,43.48,629,0
BTO.US,5,20211216,153000,43.62,43.9179,43.62,43.9179,733,0
BTO.US,5,20211216,153500,43.1536,43.1536,43.1536,43.1536,300,0
BTO.US,5,20211216,160500,43.9543,43.9543,43.9543,43.9543,100,0
BTO.US,5,20211216,161000,43.93,43.96,43.93,43.96,842,0
BTO.US,5,20211216,161500,43.7924,43.9,43.7924,43.87,900,0
BTO.US,5,20211216,162500,43.8234,43.8234,43.75,43.75,2224,0
BTO.US,5,20211216,163500,43.9,43.92,43.88,43.92,700,0
BTO.US,5,20211216,164000,43.76,43.76,43.73,43.75,300,0
BTO.US,5,20211216,165500,43.7574,43.7574,43.69,43.69,1500,0
BTO.US,5,20211216,171000,43.82,43.9194,43.65,43.9194,700,0
BTO.US,5,20211216,171500,43.1315,43.1315,43.1315,43.1315,500,0
BTO.US,5,20211216,172500,43.7419,43.7419,43.7419,43.7419,300,0
BTO.US,5,20211216,173000,43.675,43.685,43.675,43.685,1275,0
BTO.US,5,20211216,173500,43.45,43.45,43.45,43.45,577,0
BTO.US,5,20211216,174000,43.89,43.914,43.7326,43.914,705,0
BTO.US,5,20211216,174500,43.6992,43.6992,43.6992,43.6992,100,0
BTO.US,5,20211216,180000,43.645,43.645,43.645,43.645,100,0
BTO.US,5,20211216,181500,43.65,43.65,43.65,43.65,200,0
BTO.US,5,20211216,183000,43.6716,43.6716,43.6716,43.6716,1150,0
BTO.US,5,20211216,184500,43.6,43.61,43.4377,43.4377,1540,0
BTO.US,5,20211216,185000,43.62,43.62,43.33,43.33,802,0
BTO.US,5,20211216,190000,43.335,43.335,43.335,43.335,100,0
BTO.US,5,20211216,191000,43.51,43.51,43.51,43.51,100,0
BTO.US,5,20211216,191500,43.325,43.325,43.325,43.325,100,0
BTO.US,5,20211216,194500,43.325,43.325,43.3167,43.3167,1663,0
BTO.US,5,20211216,195000,43.48,43.48,43.48,43.48,100,0
BTO.US,5,20211216,200500,43.35,43.4998,43.34,43.494,1809,0
BTO.US,5,20211216,201000,43.384,43.384,43.384,43.384,116,0
BTO.US,5,20211216,201500,43.475,43.7996,43.475,43.68,1822,0
BTO.US,5,20211216,202000,43.7321,43.7321,43.3701,43.3701,466,0
BTO.US,5,20211216,202500,43.5,43.7744,43.5,43.7744,900,0
BTO.US,5,20211216,203000,43.51,43.7272,43.2301,43.7272,791,0
BTO.US,5,20211216,203500,43.508,43.7501,43.508,43.51,300,0
BTO.US,5,20211216,204000,43.525,43.525,43.525,43.525,100,0
BTO.US,5,20211216,205000,43.525,43.7384,43.525,43.7384,200,0
BTO.US,5,20211216,211000,43.56,43.79,43.56,43.784,1300,0
BTO.US,5,20211216,211500,43.7953,43.7953,43.7953,43.7953,154,0
BTO.US,5,20211216,214500,43.4532,43.65,43.4532,43.65,362,0
BTO.US,5,20211216,215500,43.63,43.97,43.6,43.75,3128,0
BTO.US,5,20211217,153000,43.74,43.74,43.625,43.6557,1381,0
BTO.US,5,20211217,154000,43.69,43.73,43.69,43.73,200,0
BTO.US,5,20211217,154500,43.5753,43.5753,43.395,43.395,890,0
BTO.US,5,20211217,160500,43.26,43.26,43.26,43.26,600,0
BTO.US,5,20211217,161500,43.1329,43.1415,43.1329,43.1415,350,0
BTO.US,5,20211217,163000,43.09,43.09,43.09,43.09,110,0
BTO.US,5,20211217,164000,43.4611,43.56,43.4611,43.56,300,0
BTO.US,5,20211217,164500,43.3574,43.404,43.1579,43.404,1467,0
BTO.US,5,20211217,170000,43.5324,43.5324,43.4254,43.4254,200,0
BTO.US,5,20211217,171000,43.6,43.6,43.365,43.365,450,0
BTO.US,5,20211217,171500,43.365,43.365,43.365,43.365,100,0
BTO.US,5,20211217,172500,43.1496,43.435,43.1496,43.435,3525,0
BTO.US,5,20211217,174500,43.7242,43.7242,43.7242,43.7242,200,0
BTO.US,5,20211217,175000,43.445,43.445,43.445,43.445,600,0
BTO.US,5,20211217,175500,43.6623,43.6623,43.6623,43.6623,300,0
BTO.US,5,20211217,180000,43.465,43.465,43.465,43.465,300,0
BTO.US,5,20211217,180500,43.1901,43.47,43.1901,43.47,314,0
BTO.US,5,20211217,182000,43.6939,43.6939,43.6939,43.6939,200,0
BTO.US,5,20211217,183000,43.7023,43.7023,43.7023,43.7023,465,0
BTO.US,5,20211217,184000,43.7028,43.7028,43.7028,43.7028,300,0
BTO.US,5,20211217,185000,43.5749,43.5749,43.5749,43.5749,183,0
BTO.US,5,20211217,185500,43.562,43.657,43.562,43.657,449,0
BTO.US,5,20211217,190000,43.575,43.575,43.575,43.575,100,0
BTO.US,5,20211217,193000,43.585,43.75,43.4541,43.74,1871,0
BTO.US,5,20211217,194000,43.44,43.44,43.44,43.44,200,0
BTO.US,5,20211217,194500,43.8219,43.8219,43.8219,43.8219,230,0
BTO.US,5,20211217,195500,43.982,43.982,43.982,43.982,100,0
BTO.US,5,20211217,202500,43.735,43.735,43.735,43.735,400,0
BTO.US,5,20211217,203500,43.8123,43.8123,43.8123,43.8123,250,0
BTO.US,5,20211217,204000,43.8135,43.8135,43.8135,43.8135,120,0
BTO.US,5,20211217,205000,43.6193,43.6486,43.6193,43.6486,400,0
BTO.US,5,20211217,210500,43.8145,43.8145,43.8145,43.8145,350,0
BTO.US,5,20211217,212500,43.835,43.835,43.835,43.835,200,0
BTO.US,5,20211217,215500,43.84,44,43.83,43.83,534,0
BTO.US,5,20211220,153000,43.25,43.25,43.25,43.25,939,0
BTO.US,5,20211220,160500,43.034,43.034,43.0124,43.0124,800,0
BTO.US,5,20211220,161500,43.22,43.25,43.22,43.25,500,0
BTO.US,5,20211220,162000,43.0338,43.13,43.0338,43.13,309,0
BTO.US,5,20211220,163000,43.0967,43.1423,43.0967,43.1423,564,0
BTO.US,5,20211220,163500,43.102,43.102,43.102,43.102,120,0
BTO.US,5,20211220,164000,43.05,43.05,43.05,43.05,100,0
BTO.US,5,20211220,164500,43.02,43.1367,43.02,43.1367,400,0
BTO.US,5,20211220,165000,43.08,43.08,42.8,42.8,1000,0
BTO.US,5,20211220,165500,42.6,42.67,42.6,42.65,400,0
BTO.US,5,20211220,170000,42.59,42.59,42.5,42.5,300,0
BTO.US,5,20211220,172000,42.32,42.32,42.32,42.32,100,0
BTO.US,5,20211220,172500,42.4028,42.4028,42.4028,42.4028,700,0
BTO.US,5,20211220,174000,42.49,42.5,42.49,42.5,460,0
BTO.US,5,20211220,174500,42.49,42.49,42.49,42.49,100,0
BTO.US,5,20211220,180000,42.41,42.41,42.291,42.291,800,0
BTO.US,5,20211220,180500,42.311,42.311,42.28,42.28,300,0
BTO.US,5,20211220,181000,42.5,42.5,42.2702,42.2702,785,0
BTO.US,5,20211220,181500,42.27,42.27,42.27,42.27,200,0
BTO.US,5,20211220,182000,42.2321,42.4,42.23,42.23,1285,0
BTO.US,5,20211220,182500,42.141,42.2092,42.141,42.2092,200,0
BTO.US,5,20211220,183000,42.165,42.166,42.1,42.1,700,0
BTO.US,5,20211220,183500,42.1016,42.1016,42.1016,42.1016,300,0
BTO.US,5,20211220,184000,42.174,42.174,41.9677,41.9677,2727,0
BTO.US,5,20211220,185500,41.9803,41.9803,41.9803,41.9803,350,0
BTO.US,5,20211220,190500,42.0318,42.0318,42.0318,42.0318,100,0
BTO.US,5,20211220,191000,42.05,42.05,42.05,42.05,200,0
BTO.US,5,20211220,192000,42.21,42.23,42.0913,42.0913,1300,0
BTO.US,5,20211220,192500,42.1037,42.12,42.1037,42.12,400,0
BTO.US,5,20211220,193500,42.2118,42.2118,42.2,42.2,600,0
BTO.US,5,20211220,194000,42.12,42.12,42.12,42.12,100,0
BTO.US,5,20211220,194500,42.12,42.12,42.12,42.12,500,0
BTO.US,5,20211220,200000,42.19,42.19,42.19,42.19,100,0
BTO.US,5,20211220,200500,42.1625,42.1625,42.1625,42.1625,100,0
BTO.US,5,20211220,201000,42.2,42.2,42.2,42.2,100,0
BTO.US,5,20211220,202000,42.23,42.45,42.23,42.29,1853,0
BTO.US,5,20211220,202500,42.315,42.315,42.315,42.315,100,0
BTO.US,5,20211220,203000,42.315,42.315,42.315,42.315,100,0
BTO.US,5,20211220,204000,42.3823,42.3823,42.3823,42.3823,675,0
BTO.US,5,20211220,204500,42.44,42.45,42.35,42.35,400,0
BTO.US,5,20211220,205000,42.32,42.32,42.32,42.32,100,0
BTO.US,5,20211220,205500,42.3,42.3,42.3,42.3,722,0
BTO.US,5,20211220,210000,42.3,42.3,42.3,42.3,300,0
BTO.US,5,20211220,210500,42.215,42.215,42.215,42.215,116,0
BTO.US,5,20211220,211000,42.3,42.3,42.215,42.215,300,0
BTO.US,5,20211220,211500,42.2741,42.2741,42.2741,42.2741,150,0
BTO.US,5,20211220,212500,42.24,42.24,42.24,42.24,100,0
BTO.US,5,20211220,213000,42.2354,42.2354,42.2354,42.2354,100,0
BTO.US,5,20211220,213500,42.21,42.21,42.21,42.21,100,0
BTO.US,5,20211220,214000,42.185,42.25,42.1709,42.1982,3214,0
BTO.US,5,20211220,214500,42.25,42.4,42.25,42.3525,474,0
BTO.US,5,20211220,215000,42.63,42.63,42.63,42.63,100,0
BTO.US,5,20211220,215500,42.64,42.73,42.64,42.73,650,0
BTO.US,5,20211221,153000,42.81,42.85,42.53,42.53,1773,0
BTO.US,5,20211221,153500,42.71,42.98,42.71,42.745,700,0
BTO.US,5,20211221,160000,43.5868,43.5868,42.778,43.2844,600,0
BTO.US,5,20211221,160500,42.8614,42.8614,42.8614,42.8614,200,0
BTO.US,5,20211221,161000,43.47,43.47,43.47,43.47,150,0
BTO.US,5,20211221,163000,43.2787,43.2787,43.2787,43.2787,200,0
BTO.US,5,20211221,163500,43.205,43.205,43.205,43.205,237,0
BTO.US,5,20211221,165000,43.18,43.18,42.7044,43.1,1300,0
BTO.US,5,20211221,170000,43.08,43.21,43.08,43.21,500,0
BTO.US,5,20211221,173000,43.0637,43.0637,43.0637,43.0637,120,0
BTO.US,5,20211221,174500,43.085,43.085,43.085,43.085,194,0
BTO.US,5,20211221,175000,43.03,43.05,43.002,43.002,300,0
BTO.US,5,20211221,180000,43.045,43.045,42.99,42.99,500,0
BTO.US,5,20211221,180500,43.045,43.13,43.045,43.13,400,0
BTO.US,5,20211221,181500,43.2,43.2,43.2,43.2,250,0
BTO.US,5,20211221,184000,43.19,43.38,43.19,43.38,392,0
BTO.US,5,20211221,184500,43.2228,43.2228,43.2082,43.2082,688,0
BTO.US,5,20211221,190000,43.26,43.286,43.26,43.286,200,0
BTO.US,5,20211221,190500,43.28,43.434,43.28,43.434,1585,0
BTO.US,5,20211221,191500,43.315,43.315,43.3,43.3,200,0
BTO.US,5,20211221,192500,43.29,43.48,43.2714,43.2714,2157,0
BTO.US,5,20211221,194000,43.5,43.5,43.5,43.5,100,0
BTO.US,5,20211221,195500,43.26,43.26,43.26,43.26,200,0
BTO.US,5,20211221,200500,43.37,43.37,43.37,43.37,100,0
BTO.US,5,20211221,202000,43.2101,43.2101,43.2101,43.2101,427,0
BTO.US,5,20211221,205500,43.2633,43.2633,43.2633,43.2633,300,0
BTO.US,5,20211221,210000,43.21,43.215,43.14,43.14,900,0
BTO.US,5,20211221,210500,43.1,43.1,43.02,43.02,400,0
BTO.US,5,20211221,213500,43.22,43.22,43.22,43.22,100,0
BTO.US,5,20211221,214500,43.07,43.07,43.07,43.07,100,0
BTO.US,5,20211221,215000,43.07,43.07,42.95,42.95,1100,0
BTO.US,5,20211221,215500,42.94,43.27,42.94,43.13,801,0
BTO.US,5,20211222,153000,43.14,43.14,43.08,43.08,760,0
BTO.US,5,20211222,153500,43.3,43.3,43.24,43.24,200,0
BTO.US,5,20211222,160000,42.7033,42.7033,42.7033,42.7033,952,0
BTO.US,5,20211222,160500,43.238,43.238,43.238,43.238,100,0
BTO.US,5,20211222,161000,42.8999,42.8999,42.8999,42.8999,100,0
BTO.US,5,20211222,162000,43.27,43.3,43.27,43.3,630,0
BTO.US,5,20211222,162500,43.4,43.4,43.4,43.4,100,0
BTO.US,5,20211222,165000,43.9,43.9,43.9,43.9,276,0
BTO.US,5,20211222,165500,43.8523,43.8523,43.8523,43.8523,350,0
BTO.US,5,20211222,170000,43.69,43.69,43.69,43.69,175,0
BTO.US,5,20211222,170500,43.75,43.75,43.6323,43.6323,360,0
BTO.US,5,20211222,171500,43.8999,43.8999,43.73,43.73,500,0
BTO.US,5,20211222,172500,43.88,43.9,43.796,43.89,2550,0
BTO.US,5,20211222,173000,43.87,43.87,43.87,43.87,100,0
BTO.US,5,20211222,175500,43.9,43.9,43.9,43.9,100,0
BTO.US,5,20211222,180000,43.755,43.755,43.7378,43.7378,450,0
BTO.US,5,20211222,181000,43.83,43.83,43.57,43.57,1767,0
BTO.US,5,20211222,181500,43.7786,43.7786,43.7786,43.7786,229,0
BTO.US,5,20211222,182000,43.78,43.78,43.78,43.78,100,0
BTO.US,5,20211222,182500,43.87,43.87,43.87,43.87,100,0
BTO.US,5,20211222,183000,43.85,43.85,43.85,43.85,100,0
BTO.US,5,20211222,183500,43.89,43.89,43.89,43.89,100,0
BTO.US,5,20211222,184500,43.9,43.9,43.8964,43.8964,1520,0
BTO.US,5,20211222,191000,43.9075,43.9075,43.9075,43.9075,140,0
BTO.US,5,20211222,191500,43.5401,43.9463,43.5401,43.566,1782,0
BTO.US,5,20211222,192500,43.9497,43.9497,43.9497,43.9497,454,0
BTO.US,5,20211222,194000,43.9475,43.9475,43.9475,43.9475,337,0
BTO.US,5,20211222,194500,43.748,43.9698,43.6722,43.6722,877,0
BTO.US,5,20211222,200500,43.7346,43.7346,43.7346,43.7346,150,0
BTO.US,5,20211222,201000,43.765,43.765,43.765,43.765,230,0
BTO.US,5,20211222,201500,43.97,43.97,43.97,43.97,125,0
BTO.US,5,20211222,202000,43.8333,43.8333,43.65,43.65,417,0
BTO.US,5,20211222,203500,43.56,43.564,43.56,43.564,300,0
BTO.US,5,20211222,204500,43.59,43.61,43.59,43.61,1625,0
BTO.US,5,20211222,205000,43.64,43.65,43.62,43.6499,834,0
BTO.US,5,20211222,211000,43.65,43.82,43.32,43.32,6017,0
BTO.US,5,20211222,211500,43.54,43.54,43.32,43.335,1137,0
BTO.US,5,20211222,212000,43.32,43.344,43.228,43.228,2035,0
BTO.US,5,20211222,212500,43.3407,43.5899,43.2002,43.39,3215,0
BTO.US,5,20211222,213000,43.25,43.5055,43.0399,43.0399,3330,0
BTO.US,5,20211222,213500,43.29,43.5186,43.29,43.5186,654,0
BTO.US,5,20211222,214000,43.0006,43.2304,43.0006,43.0012,1843,0
BTO.US,5,20211222,215000,43.4633,43.4633,43.4633,43.4633,450,0
BTO.US,5,20211222,215500,43,43.03,43,43.01,553,0
BTO.US,5,20211223,153000,43.3,43.3,43.25,43.25,1676,0
BTO.US,5,20211223,153500,43.28,43.8595,43.28,43.7835,1000,0
BTO.US,5,20211223,154000,43.9,43.9,43.9,43.9,1000,0
BTO.US,5,20211223,160500,43.8,43.8,43.8,43.8,100,0
BTO.US,5,20211223,161500,43.9,43.9,43.9,43.9,304,0
BTO.US,5,20211223,162000,43.9,43.9,43.6455,43.6455,853,0
BTO.US,5,20211223,163000,44,44,43.71,43.71,1505,0
BTO.US,5,20211223,165000,43.9542,43.9542,43.9542,43.9542,160,0
BTO.US,5,20211223,170500,43.4852,43.4852,43.4852,43.4852,400,0
BTO.US,5,20211223,171500,43.6267,43.6267,43.6267,43.6267,1000,0
BTO.US,5,20211223,172000,43.95,43.95,43.95,43.95,100,0
BTO.US,5,20211223,172500,43.9537,43.9537,43.7016,43.7016,384,0
BTO.US,5,20211223,173500,43.5351,43.5351,43.5351,43.5351,102,0
BTO.US,5,20211223,174000,43.956,43.956,43.9497,43.9497,300,0
BTO.US,5,20211223,180000,43.75,43.75,43.75,43.75,358,0
BTO.US,5,20211223,184000,43.9423,43.9799,43.9423,43.9799,770,0
BTO.US,5,20211223,184500,43.95,43.95,43.95,43.95,100,0
BTO.US,5,20211223,185500,43.69,43.69,43.5705,43.604,662,0
BTO.US,5,20211223,192000,43.8226,43.8226,43,43,2800,0
BTO.US,5,20211223,192500,43.0386,43.0386,43.0386,43.0386,544,0
BTO.US,5,20211223,193000,43.1113,43.1113,43.1113,43.1113,283,0
BTO.US,5,20211223,194000,43.455,43.455,43.455,43.455,500,0
BTO.US,5,20211223,195000,43.7705,43.7705,43.7705,43.7705,100,0
BTO.US,5,20211223,201000,43.6943,43.7683,43.1401,43.1401,758,0
BTO.US,5,20211223,203000,43.7564,43.7564,43.7564,43.7564,465,0
BTO.US,5,20211223,203500,43.6204,43.6204,43.6204,43.6204,750,0
BTO.US,5,20211223,204500,43.61,43.655,43.61,43.655,220,0
BTO.US,5,20211223,205000,43.7754,43.7754,43.7754,43.7754,124,0
BTO.US,5,20211223,210000,43.66,43.66,43.65,43.65,500,0
BTO.US,5,20211223,210500,43.5298,43.71,43.5298,43.71,237,0
BTO.US,5,20211223,211500,43.63,43.63,43.5016,43.5016,525,0
BTO.US,5,20211223,212000,43.75,43.75,43.63,43.63,450,0
BTO.US,5,20211223,214000,43.6496,43.6496,43.6496,43.6496,200,0
BTO.US,5,20211223,214500,43.528,43.528,43.528,43.528,100,0
BTO.US,5,20211223,215000,43.6476,43.72,43.6476,43.72,408,0
BTO.US,5,20211223,215500,43.8021,43.81,43.69,43.79,849,0
