<TICKER>,<PER>,<DATE>,<TIME>,<OPEN>,<HIGH>,<LOW>,<CLOSE>,<VOL>,<OPENINT>
CCAC.US,5,20211104,143000,10.03,10.03,10.03,10.03,145,0
CCAC.US,5,20211104,144000,10.04,10.04,10.04,10.04,2300,0
CCAC.US,5,20211104,144500,10.03,10.03,10.03,10.03,800,0
CCAC.US,5,20211104,145000,10.0326,10.04,10.0326,10.04,9290,0
CCAC.US,5,20211104,151000,10.04,10.04,10.03,10.03,14194,0
CCAC.US,5,20211104,151500,10.03,10.03,10.03,10.03,3000,0
CCAC.US,5,20211104,152000,10.04,10.04,10.035,10.04,4870,0
CCAC.US,5,20211104,152500,10.035,10.04,10.035,10.04,25841,0
CCAC.US,5,20211104,160000,10.04,10.04,10.04,10.04,300,0
CCAC.US,5,20211104,165500,10.04,10.04,10.03,10.04,23663,0
CCAC.US,5,20211104,170000,10.04,10.0401,10.04,10.0401,800,0
CCAC.US,5,20211104,172500,10.05,10.05,10.05,10.05,400,0
CCAC.US,5,20211104,174500,10.045,10.045,10.045,10.045,100,0
CCAC.US,5,20211104,175000,10.045,10.045,10.045,10.045,100,0
CCAC.US,5,20211104,180500,10.05,10.05,10.05,10.05,300,0
CCAC.US,5,20211104,182500,10.045,10.05,10.045,10.05,300,0
CCAC.US,5,20211104,184500,10.045,10.045,10.04,10.0406,3124,0
CCAC.US,5,20211104,185500,10.045,10.045,10.045,10.045,100,0
CCAC.US,5,20211104,190000,10.05,10.05,10.05,10.05,100,0
CCAC.US,5,20211104,191500,10.05,10.05,10.045,10.045,200,0
CCAC.US,5,20211104,192500,10.045,10.045,10.045,10.045,100,0
CCAC.US,5,20211104,193000,10.05,10.05,10.05,10.05,100,0
CCAC.US,5,20211104,200000,10.05,10.05,10.05,10.05,100,0
CCAC.US,5,20211104,202500,10.05,10.05,10.05,10.05,400,0
CCAC.US,5,20211104,203500,10.0409,10.0409,10.0409,10.0409,1000,0
CCAC.US,5,20211104,204000,10.045,10.045,10.04,10.04,476,0
CCAC.US,5,20211104,204500,10.04,10.05,10.04,10.05,5826,0
CCAC.US,5,20211104,205500,10.035,10.05,10.03,10.05,2265,0
CCAC.US,5,20211105,143000,10.04,10.045,10.04,10.04,4706,0
CCAC.US,5,20211105,145000,10.04,10.04,10.04,10.04,28207,0
CCAC.US,5,20211105,151000,10.0399,10.04,10.035,10.04,21928,0
CCAC.US,5,20211105,152000,10.05,10.05,10.04,10.04,3200,0
CCAC.US,5,20211105,153500,10.05,10.05,10.045,10.045,400,0
CCAC.US,5,20211105,163000,10.0415,10.0415,10.04,10.04,600,0
CCAC.US,5,20211105,165500,10.0419,10.0419,10.0419,10.0419,300,0
CCAC.US,5,20211105,171000,10.04,10.04,10.04,10.04,250,0
CCAC.US,5,20211105,174500,10.04,10.04,10.04,10.04,1929,0
CCAC.US,5,20211105,175000,10.0407,10.0407,10.0407,10.0407,2000,0
CCAC.US,5,20211105,180500,10.04,10.04,10.04,10.04,500,0
CCAC.US,5,20211105,183000,10.04,10.04,10.04,10.04,1400,0
CCAC.US,5,20211105,184500,10.04,10.04,10.04,10.04,1000,0
CCAC.US,5,20211105,193000,10.05,10.05,10.05,10.05,100,0
CCAC.US,5,20211105,194000,10.04,10.04,10.04,10.04,1000,0
CCAC.US,5,20211105,202000,10.04,10.04,10.04,10.04,500,0
CCAC.US,5,20211105,202500,10.045,10.045,10.045,10.045,700,0
CCAC.US,5,20211105,203000,10.045,10.05,10.04,10.05,900,0
CCAC.US,5,20211105,205500,10.05,10.05,10.04,10.05,7802,0
CCAC.US,5,20211108,153000,10.05,10.05,10.05,10.05,1100,0
CCAC.US,5,20211108,154000,10.05,10.05,10.05,10.05,225400,0
CCAC.US,5,20211108,155000,10.0414,10.0414,10.0414,10.0414,100,0
CCAC.US,5,20211108,161500,10.05,10.05,10.05,10.05,1000,0
CCAC.US,5,20211108,162500,10.04,10.04,10.03,10.04,2667,0
CCAC.US,5,20211108,163000,10.04,10.04,10.035,10.0375,800,0
CCAC.US,5,20211108,165000,10.035,10.04,10.035,10.04,14190,0
CCAC.US,5,20211108,165500,10.04,10.04,10.035,10.035,282177,0
CCAC.US,5,20211108,170500,10.03,10.03,10.03,10.03,200,0
CCAC.US,5,20211108,171000,10.04,10.04,10.04,10.04,4789,0
CCAC.US,5,20211108,171500,10.045,10.045,10.0401,10.045,1800,0
CCAC.US,5,20211108,172000,10.045,10.045,10.045,10.045,100,0
CCAC.US,5,20211108,173500,10.05,10.05,10.035,10.035,3500,0
CCAC.US,5,20211108,180000,10.0307,10.0307,10.0307,10.0307,200,0
CCAC.US,5,20211108,180500,10.035,10.035,10.035,10.035,200,0
CCAC.US,5,20211108,190500,10.04,10.04,10.04,10.04,200,0
CCAC.US,5,20211108,191500,10.035,10.035,10.035,10.035,750,0
CCAC.US,5,20211108,192000,10.035,10.04,10.035,10.04,31825,0
CCAC.US,5,20211108,192500,10.04,10.045,10.04,10.045,350,0
CCAC.US,5,20211108,193500,10.045,10.045,10.04,10.04,1000,0
CCAC.US,5,20211108,194500,10.04,10.04,10.04,10.04,1500,0
CCAC.US,5,20211108,202000,10.04,10.04,10.04,10.04,100000,0
CCAC.US,5,20211108,202500,10.04,10.04,10.035,10.035,31280,0
CCAC.US,5,20211108,203000,10.035,10.035,10.035,10.035,400,0
CCAC.US,5,20211108,203500,10.0356,10.0356,10.0356,10.0356,500,0
CCAC.US,5,20211108,205000,10.04,10.04,10.04,10.04,1467,0
CCAC.US,5,20211108,212000,10.05,10.05,10.05,10.05,200,0
CCAC.US,5,20211108,215500,10.045,10.05,10.04,10.05,3561,0
CCAC.US,5,20211109,154000,10.03,10.04,10.03,10.04,20254,0
CCAC.US,5,20211109,155500,10.04,10.04,10.04,10.04,1000,0
CCAC.US,5,20211109,161500,10.04,10.04,10.04,10.04,6085,0
CCAC.US,5,20211109,162500,10.04,10.04,10.04,10.04,471,0
CCAC.US,5,20211109,163500,10.04,10.045,10.04,10.04,7271,0
CCAC.US,5,20211109,170000,10.04,10.04,10.04,10.04,300,0
CCAC.US,5,20211109,171000,10.04,10.045,10.04,10.04,23480,0
CCAC.US,5,20211109,172500,10.04,10.04,10.04,10.04,9239,0
CCAC.US,5,20211109,174500,10.035,10.035,10.035,10.035,500,0
CCAC.US,5,20211109,175500,10.04,10.04,10.04,10.04,500,0
CCAC.US,5,20211109,180000,10.04,10.04,10.035,10.04,26416,0
CCAC.US,5,20211109,182000,10.04,10.04,10.04,10.04,498,0
CCAC.US,5,20211109,183000,10.04,10.0401,10.04,10.0401,1252,0
CCAC.US,5,20211109,191000,10.045,10.045,10.045,10.045,100,0
CCAC.US,5,20211109,202500,10.04,10.04,10.04,10.04,100000,0
CCAC.US,5,20211109,210500,10.04,10.04,10.04,10.04,500,0
CCAC.US,5,20211109,213000,10.045,10.045,10.045,10.045,100,0
CCAC.US,5,20211109,213500,10.0499,10.0499,10.04,10.04,2872,0
CCAC.US,5,20211109,214500,10.04,10.045,10.04,10.045,2900,0
CCAC.US,5,20211109,215500,10.0482,10.05,10.04,10.05,10721,0
CCAC.US,5,20211110,153000,10.03,10.03,10.03,10.03,5459,0
CCAC.US,5,20211110,160500,10.04,10.04,10.04,10.04,100,0
CCAC.US,5,20211110,161000,10.03,10.035,10.03,10.03,39600,0
CCAC.US,5,20211110,161500,10.03,10.035,10.03,10.035,3609,0
CCAC.US,5,20211110,174000,10.035,10.04,10.03,10.03,4100,0
CCAC.US,5,20211110,175000,10.04,10.04,10.04,10.04,1738,0
CCAC.US,5,20211110,181000,10.05,10.05,10.05,10.05,150,0
CCAC.US,5,20211110,190000,10.04,10.04,10.04,10.04,10500,0
CCAC.US,5,20211110,190500,10.04,10.04,10.04,10.04,359,0
CCAC.US,5,20211110,191500,10.0413,10.0413,10.0413,10.0413,500,0
CCAC.US,5,20211110,192500,10.04,10.04,10.03,10.03,20691,0
CCAC.US,5,20211110,194500,10.0436,10.0436,10.0436,10.0436,500,0
CCAC.US,5,20211110,201000,10.043,10.043,10.043,10.043,500,0
CCAC.US,5,20211110,203000,10.04,10.04,10.04,10.04,200,0
CCAC.US,5,20211110,203500,10.045,10.045,10.04,10.045,9688,0
CCAC.US,5,20211110,204000,10.04,10.045,10.04,10.045,2600,0
CCAC.US,5,20211110,205000,10.045,10.045,10.045,10.045,600,0
CCAC.US,5,20211110,210000,10.04,10.04,10.04,10.04,1500,0
CCAC.US,5,20211110,210500,10.04,10.04,10.04,10.04,24453,0
CCAC.US,5,20211110,211500,10.045,10.045,10.045,10.045,2396,0
CCAC.US,5,20211110,213000,10.045,10.045,10.04,10.045,2200,0
CCAC.US,5,20211110,213500,10.045,10.045,10.04,10.04,200,0
CCAC.US,5,20211110,214000,10.04,10.04,10.04,10.04,197,0
CCAC.US,5,20211110,215000,10.045,10.045,10.04,10.04,961,0
CCAC.US,5,20211110,215500,10.0401,10.05,10.04,10.05,5060,0
CCAC.US,5,20211111,153000,10.05,10.05,10.04,10.04,1570,0
CCAC.US,5,20211111,153500,10.04,10.04,10.04,10.04,850,0
CCAC.US,5,20211111,155500,10.04,10.045,10.04,10.04,21448,0
CCAC.US,5,20211111,162000,10.045,10.05,10.04,10.05,3152,0
CCAC.US,5,20211111,163000,10.04,10.045,10.03,10.03,21847,0
CCAC.US,5,20211111,163500,10.035,10.04,10.03,10.04,3651,0
CCAC.US,5,20211111,165000,10.04,10.04,10.04,10.04,701,0
CCAC.US,5,20211111,165500,10.04,10.04,10.04,10.04,200,0
CCAC.US,5,20211111,171000,10.035,10.04,10.03,10.03,13520,0
CCAC.US,5,20211111,171500,10.04,10.04,10.03,10.035,1300,0
CCAC.US,5,20211111,172000,10.035,10.035,10.03,10.03,200,0
CCAC.US,5,20211111,174500,10.035,10.035,10.03,10.03,1100,0
CCAC.US,5,20211111,175000,10.035,10.04,10.035,10.04,401,0
CCAC.US,5,20211111,175500,10.035,10.035,10.035,10.035,100,0
CCAC.US,5,20211111,183000,10.035,10.035,10.035,10.035,200,0
CCAC.US,5,20211111,191500,10.0348,10.0348,10.0348,10.0348,1000,0
CCAC.US,5,20211111,192000,10.035,10.035,10.035,10.035,300,0
CCAC.US,5,20211111,192500,10.03,10.035,10.03,10.035,400,0
CCAC.US,5,20211111,194500,10.03,10.035,10.03,10.035,7500,0
CCAC.US,5,20211111,195000,10.03,10.04,10.03,10.04,4014,0
CCAC.US,5,20211111,195500,10.045,10.045,10.04,10.04,2800,0
CCAC.US,5,20211111,200000,10.04,10.04,10.04,10.04,100,0
CCAC.US,5,20211111,200500,10.04,10.04,10.04,10.04,100,0
CCAC.US,5,20211111,202000,10.05,10.05,10.05,10.05,200,0
CCAC.US,5,20211111,204000,10.041,10.041,10.04,10.04,1100,0
CCAC.US,5,20211111,204500,10.04,10.04,10.04,10.04,100,0
CCAC.US,5,20211111,210000,10.04,10.045,10.04,10.04,2060,0
CCAC.US,5,20211111,210500,10.04,10.04,10.04,10.04,100,0
CCAC.US,5,20211111,211000,10.05,10.05,10.04,10.04,850,0
CCAC.US,5,20211111,211500,10.04,10.04,10.03,10.04,4302,0
CCAC.US,5,20211111,213000,10.035,10.035,10.035,10.035,100,0
CCAC.US,5,20211111,214500,10.035,10.04,10.035,10.04,3571,0
CCAC.US,5,20211111,215000,10.0481,10.0481,10.035,10.04,9813,0
CCAC.US,5,20211111,215500,10.0399,10.04,10.03,10.03,2148,0
CCAC.US,5,20211112,153000,10.03,10.04,10.03,10.04,1500,0
CCAC.US,5,20211112,153500,10.04,10.04,10.04,10.04,1300,0
CCAC.US,5,20211112,154000,10.04,10.04,10.04,10.04,2000,0
CCAC.US,5,20211112,154500,10.04,10.04,10.04,10.04,20000,0
CCAC.US,5,20211112,155000,10.04,10.04,10.0395,10.04,68230,0
CCAC.US,5,20211112,155500,10.04,10.04,10.04,10.04,400,0
CCAC.US,5,20211112,160500,10.035,10.035,10.035,10.035,4500,0
CCAC.US,5,20211112,161500,10.04,10.04,10.04,10.04,9200,0
CCAC.US,5,20211112,162000,10.04,10.04,10.04,10.04,14914,0
CCAC.US,5,20211112,163000,10.04,10.04,10.04,10.04,4700,0
CCAC.US,5,20211112,163500,10.04,10.045,10.038,10.038,13320,0
CCAC.US,5,20211112,164500,10.035,10.035,10.035,10.035,1000,0
CCAC.US,5,20211112,165000,10.03,10.035,10.03,10.035,1200,0
CCAC.US,5,20211112,165500,10.03,10.035,10.03,10.03,40300,0
CCAC.US,5,20211112,170000,10.03,10.03,10.03,10.03,800,0
CCAC.US,5,20211112,170500,10.03,10.03,10.025,10.025,200,0
CCAC.US,5,20211112,171000,10.02,10.02,10.02,10.02,20100,0
CCAC.US,5,20211112,172000,10.03,10.03,10.03,10.03,3000,0
CCAC.US,5,20211112,172500,10.02,10.02,10.02,10.02,150,0
CCAC.US,5,20211112,174500,10.03,10.03,10.02,10.02,1200,0
CCAC.US,5,20211112,175000,10.03,10.03,10.03,10.03,100,0
CCAC.US,5,20211112,175500,10.03,10.03,10.025,10.03,1300,0
CCAC.US,5,20211112,180000,10.03,10.03,10.025,10.03,800,0
CCAC.US,5,20211112,181000,10.03,10.03,10.025,10.025,1365,0
CCAC.US,5,20211112,182000,10.03,10.03,10.025,10.025,1295,0
CCAC.US,5,20211112,183000,10.02,10.03,10.02,10.02,12300,0
CCAC.US,5,20211112,183500,10.02,10.0269,10.02,10.0269,16856,0
CCAC.US,5,20211112,184000,10.02,10.03,10.02,10.02,3681,0
CCAC.US,5,20211112,184500,10.02,10.03,10.02,10.02,2600,0
CCAC.US,5,20211112,190000,10.025,10.0265,10.025,10.0265,5000,0
CCAC.US,5,20211112,191500,10.02,10.02,10.02,10.02,200,0
CCAC.US,5,20211112,193000,10.02,10.025,10.02,10.025,19566,0
CCAC.US,5,20211112,193500,10.025,10.025,10.025,10.025,200,0
CCAC.US,5,20211112,194000,10.02,10.02,10.02,10.02,5088,0
CCAC.US,5,20211112,194500,10.02,10.02,10.02,10.02,100,0
CCAC.US,5,20211112,195500,10.02,10.02,10.02,10.02,100,0
CCAC.US,5,20211112,200000,10.02,10.02,10.02,10.02,1100,0
CCAC.US,5,20211112,200500,10.02,10.02,10.02,10.02,247,0
CCAC.US,5,20211112,201000,10.02,10.02,10.02,10.02,300,0
CCAC.US,5,20211112,201500,10.02,10.02,10.02,10.02,100,0
CCAC.US,5,20211112,202000,10.015,10.02,10.015,10.02,26717,0
CCAC.US,5,20211112,202500,10.02,10.02,10.02,10.02,117,0
CCAC.US,5,20211112,203000,10.02,10.02,10.02,10.02,354,0
CCAC.US,5,20211112,203500,10.02,10.02,10.02,10.02,471,0
CCAC.US,5,20211112,204000,10.02,10.02,10.02,10.02,352,0
CCAC.US,5,20211112,204500,10.02,10.02,10.02,10.02,470,0
CCAC.US,5,20211112,205000,10.02,10.025,10.02,10.02,452,0
CCAC.US,5,20211112,205500,10.02,10.02,10.02,10.02,104,0
CCAC.US,5,20211112,213000,10.02,10.02,10.02,10.02,600,0
CCAC.US,5,20211112,213500,10.03,10.03,10.03,10.03,1300,0
CCAC.US,5,20211112,214000,10.035,10.035,10.03,10.03,300,0
CCAC.US,5,20211112,214500,10.035,10.04,10.035,10.04,1400,0
CCAC.US,5,20211112,215000,10.0387,10.04,10.0387,10.04,1289,0
CCAC.US,5,20211112,215500,10.0313,10.04,10.03,10.04,1853,0
CCAC.US,5,20211115,153000,10,10,10,10,1000,0
CCAC.US,5,20211115,153500,10.02,10.02,10.01,10.01,1595,0
CCAC.US,5,20211115,154000,10.015,10.015,10.015,10.015,100,0
CCAC.US,5,20211115,154500,10.01,10.015,10.01,10.01,2099,0
CCAC.US,5,20211115,155500,10.015,10.02,10.005,10.005,11800,0
CCAC.US,5,20211115,160000,10,10,9.98,9.99,67666,0
CCAC.US,5,20211115,160500,9.9893,9.99,9.98,9.985,18200,0
CCAC.US,5,20211115,161000,9.99,9.99,9.98,9.985,33663,0
CCAC.US,5,20211115,161500,9.985,9.99,9.985,9.99,5566,0
CCAC.US,5,20211115,162000,9.985,9.99,9.98,9.99,7200,0
CCAC.US,5,20211115,162500,9.985,9.99,9.985,9.99,1300,0
CCAC.US,5,20211115,163000,9.9814,9.985,9.9814,9.985,1133,0
CCAC.US,5,20211115,164000,9.985,9.985,9.985,9.985,100,0
CCAC.US,5,20211115,165000,9.9884,9.9884,9.9884,9.9884,300,0
CCAC.US,5,20211115,165500,9.985,9.985,9.985,9.985,100,0
CCAC.US,5,20211115,170000,9.985,9.985,9.985,9.985,400,0
CCAC.US,5,20211115,170500,9.985,9.985,9.98,9.98,41572,0
CCAC.US,5,20211115,171000,9.98,9.9885,9.98,9.985,57809,0
CCAC.US,5,20211115,171500,9.98,9.99,9.98,9.98,69656,0
CCAC.US,5,20211115,172000,9.99,9.99,9.99,9.99,400,0
CCAC.US,5,20211115,172500,9.98,9.98,9.98,9.98,144495,0
CCAC.US,5,20211115,173000,9.99,9.99,9.99,9.99,300,0
CCAC.US,5,20211115,174500,9.985,9.99,9.985,9.985,2500,0
CCAC.US,5,20211115,175500,9.99,9.99,9.99,9.99,50000,0
CCAC.US,5,20211115,180000,9.98,9.985,9.98,9.985,50100,0
CCAC.US,5,20211115,181000,9.99,9.99,9.9893,9.9899,6364,0
CCAC.US,5,20211115,181500,10.01,10.01,10.01,10.01,200,0
CCAC.US,5,20211115,182500,10.005,10.005,10.005,10.005,100,0
CCAC.US,5,20211115,183000,10,10.0012,10,10.0012,1200,0
CCAC.US,5,20211115,183500,10,10,10,10,700,0
CCAC.US,5,20211115,184000,10,10,10,10,400,0
CCAC.US,5,20211115,185000,9.995,10,9.995,10,27994,0
CCAC.US,5,20211115,190500,9.9912,9.9912,9.9912,9.9912,601,0
CCAC.US,5,20211115,192500,9.9913,9.9913,9.9913,9.9913,500,0
CCAC.US,5,20211115,193000,10,10,10,10,400,0
CCAC.US,5,20211115,193500,10,10,10,10,1000,0
CCAC.US,5,20211115,195000,9.99,9.9918,9.99,9.99,6500,0
CCAC.US,5,20211115,200000,9.99,9.995,9.99,9.99,19009,0
CCAC.US,5,20211115,200500,9.99,9.99,9.99,9.99,100,0
CCAC.US,5,20211115,201000,9.9999,9.9999,9.9999,9.9999,2000,0
CCAC.US,5,20211115,201500,9.99,9.99,9.985,9.985,800,0
CCAC.US,5,20211115,202500,9.985,9.985,9.985,9.985,100,0
CCAC.US,5,20211115,203500,9.985,9.985,9.98,9.98,200,0
CCAC.US,5,20211115,210000,9.98,9.98,9.98,9.98,29015,0
CCAC.US,5,20211115,210500,9.9817,9.9817,9.9817,9.9817,369,0
CCAC.US,5,20211115,212500,9.985,9.99,9.98,9.99,900,0
CCAC.US,5,20211115,214500,9.9818,9.985,9.98,9.98,493,0
CCAC.US,5,20211115,215000,9.99,9.99,9.9888,9.99,1049,0
CCAC.US,5,20211115,215500,9.985,10,9.98,10,5048,0
CCAC.US,5,20211116,153000,9.98,9.99,9.98,9.99,5800,0
CCAC.US,5,20211116,155000,9.99,9.99,9.98,9.98,2700,0
CCAC.US,5,20211116,155500,9.9817,9.9817,9.9817,9.9817,1000,0
CCAC.US,5,20211116,160000,9.985,9.985,9.985,9.985,100,0
CCAC.US,5,20211116,160500,9.985,9.985,9.98,9.98,3019,0
CCAC.US,5,20211116,162500,9.99,9.99,9.985,9.985,653,0
CCAC.US,5,20211116,165000,9.98,9.98,9.98,9.98,300,0
CCAC.US,5,20211116,170500,9.985,9.99,9.985,9.99,400,0
CCAC.US,5,20211116,172000,9.98,9.98,9.98,9.98,200,0
CCAC.US,5,20211116,172500,9.98,9.98,9.98,9.98,200,0
CCAC.US,5,20211116,173000,9.98,9.98,9.98,9.98,200,0
CCAC.US,5,20211116,173500,9.98,9.98,9.98,9.98,200,0
CCAC.US,5,20211116,174000,9.98,9.98,9.98,9.98,200,0
CCAC.US,5,20211116,174500,9.99,9.99,9.985,9.985,2700,0
CCAC.US,5,20211116,175500,9.985,9.985,9.985,9.985,600,0
CCAC.US,5,20211116,180000,9.985,9.985,9.985,9.985,100,0
CCAC.US,5,20211116,180500,9.99,9.99,9.985,9.985,200,0
CCAC.US,5,20211116,181000,9.985,9.985,9.985,9.985,500,0
CCAC.US,5,20211116,182500,9.985,9.995,9.985,9.995,3109,0
CCAC.US,5,20211116,183000,9.99,9.99,9.99,9.99,2500,0
CCAC.US,5,20211116,183500,9.99,9.99,9.99,9.99,300,0
CCAC.US,5,20211116,184500,9.99,9.99,9.99,9.99,400,0
CCAC.US,5,20211116,185000,9.99,9.99,9.985,9.985,1400,0
CCAC.US,5,20211116,190000,9.985,9.985,9.985,9.985,700,0
CCAC.US,5,20211116,191500,9.985,9.99,9.985,9.985,700,0
CCAC.US,5,20211116,193000,9.98,9.98,9.98,9.98,2600,0
CCAC.US,5,20211116,193500,9.9823,9.9823,9.9823,9.9823,300,0
CCAC.US,5,20211116,194000,9.99,9.99,9.985,9.985,2300,0
CCAC.US,5,20211116,195500,9.99,9.99,9.99,9.99,400,0
CCAC.US,5,20211116,200000,9.99,9.99,9.99,9.99,500,0
CCAC.US,5,20211116,200500,9.99,9.99,9.99,9.99,900,0
CCAC.US,5,20211116,201000,9.99,9.99,9.99,9.99,800,0
CCAC.US,5,20211116,201500,9.99,9.99,9.99,9.99,1200,0
CCAC.US,5,20211116,202000,9.99,9.99,9.99,9.99,3850,0
CCAC.US,5,20211116,202500,9.99,9.99,9.99,9.99,500,0
CCAC.US,5,20211116,203000,9.99,9.99,9.99,9.99,600,0
CCAC.US,5,20211116,203500,9.99,9.99,9.99,9.99,600,0
CCAC.US,5,20211116,204000,9.99,9.99,9.99,9.99,800,0
CCAC.US,5,20211116,204500,9.99,9.995,9.99,9.99,1300,0
CCAC.US,5,20211116,205000,9.99,9.99,9.99,9.99,3900,0
CCAC.US,5,20211116,205500,9.99,9.995,9.99,9.995,1200,0
CCAC.US,5,20211116,210000,9.995,9.995,9.995,9.995,100,0
CCAC.US,5,20211116,210500,9.995,9.995,9.995,9.995,200,0
CCAC.US,5,20211116,211000,9.995,9.995,9.995,9.995,200,0
CCAC.US,5,20211116,211500,9.995,9.995,9.995,9.995,200,0
CCAC.US,5,20211116,212000,9.995,9.995,9.995,9.995,300,0
CCAC.US,5,20211116,212500,9.995,9.995,9.995,9.995,300,0
CCAC.US,5,20211116,213000,9.995,9.995,9.995,9.995,600,0
CCAC.US,5,20211116,213500,9.995,9.995,9.995,9.995,1900,0
CCAC.US,5,20211116,214000,9.995,9.995,9.995,9.995,2500,0
CCAC.US,5,20211116,214500,9.995,9.995,9.995,9.995,3100,0
CCAC.US,5,20211116,215000,9.995,9.995,9.995,9.995,3600,0
CCAC.US,5,20211116,215500,9.995,10,9.98,10,11603,0
CCAC.US,5,20211117,153000,10.01,10.01,10.01,10.01,100,0
CCAC.US,5,20211117,160000,10.01,10.01,10.01,10.01,24780,0
CCAC.US,5,20211117,160500,10.01,10.01,10.01,10.01,14500,0
CCAC.US,5,20211117,161000,10.01,10.01,10.01,10.01,200,0
CCAC.US,5,20211117,161500,10.005,10.005,10.005,10.005,500,0
CCAC.US,5,20211117,162000,10.01,10.01,10,10,700,0
CCAC.US,5,20211117,162500,10.01,10.01,10.01,10.01,100,0
CCAC.US,5,20211117,163000,10.01,10.01,10.01,10.01,100,0
CCAC.US,5,20211117,165000,10.01,10.01,10.01,10.01,300,0
CCAC.US,5,20211117,165500,10.0013,10.0013,10.0013,10.0013,190,0
CCAC.US,5,20211117,170000,10,10,10,10,3000,0
CCAC.US,5,20211117,170500,10.01,10.01,10.01,10.01,100,0
CCAC.US,5,20211117,171000,10.01,10.01,10.01,10.01,200,0
CCAC.US,5,20211117,171500,10.01,10.01,10.01,10.01,294,0
CCAC.US,5,20211117,174000,10.01,10.01,10.005,10.005,21200,0
CCAC.US,5,20211117,175000,10.0088,10.0088,10.0088,10.0088,250,0
CCAC.US,5,20211117,180000,10.01,10.01,10.01,10.01,500,0
CCAC.US,5,20211117,180500,10.005,10.005,10.005,10.005,100,0
CCAC.US,5,20211117,181000,10.01,10.01,10.01,10.01,384,0
CCAC.US,5,20211117,181500,10.0199,10.0199,10.0199,10.0199,200,0
CCAC.US,5,20211117,184500,10.015,10.02,10.015,10.02,1600,0
CCAC.US,5,20211117,185500,10.01,10.02,10.01,10.02,500,0
CCAC.US,5,20211117,190500,10.015,10.015,10.015,10.015,100,0
CCAC.US,5,20211117,191000,10.02,10.02,10.02,10.02,5100,0
CCAC.US,5,20211117,191500,10.02,10.02,10.02,10.02,100,0
CCAC.US,5,20211117,192000,10.02,10.02,10.02,10.02,100,0
CCAC.US,5,20211117,193000,10.015,10.02,10.015,10.02,400,0
CCAC.US,5,20211117,194000,10.02,10.02,10.02,10.02,1500,0
CCAC.US,5,20211117,195500,10.015,10.015,10.015,10.015,100,0
CCAC.US,5,20211117,200000,10.0199,10.0199,10.0199,10.0199,100,0
CCAC.US,5,20211117,201500,10.0115,10.0115,10.0115,10.0115,100,0
CCAC.US,5,20211117,202000,10.015,10.015,10.015,10.015,100,0
CCAC.US,5,20211117,203000,10.015,10.015,10.01,10.01,700,0
CCAC.US,5,20211117,203500,10.01,10.015,10.01,10.015,600,0
CCAC.US,5,20211117,205000,10.015,10.015,10.015,10.015,100,0
CCAC.US,5,20211117,210000,10.015,10.02,10.015,10.0158,3400,0
CCAC.US,5,20211117,210500,10.0189,10.0189,10.0189,10.0189,962,0
CCAC.US,5,20211117,211000,10.02,10.02,10.0198,10.02,2620,0
CCAC.US,5,20211117,212500,10.015,10.02,10.015,10.0158,1300,0
CCAC.US,5,20211117,213500,10.015,10.02,10.015,10.02,1700,0
CCAC.US,5,20211117,214000,10.015,10.015,10.015,10.015,700,0
CCAC.US,5,20211117,215000,10.01,10.02,10.01,10.02,600,0
CCAC.US,5,20211117,215500,10.018,10.02,10.015,10.02,2214,0
CCAC.US,5,20211118,153000,10,10.03,10,10.01,2012,0
CCAC.US,5,20211118,154500,10.017,10.017,10.017,10.017,1250,0
CCAC.US,5,20211118,155000,10.02,10.02,10.02,10.02,1000,0
CCAC.US,5,20211118,160000,10.02,10.02,10.0118,10.0118,1100,0
CCAC.US,5,20211118,160500,10.02,10.02,10.01,10.02,1299,0
CCAC.US,5,20211118,161000,10.015,10.015,10.0115,10.0115,300,0
CCAC.US,5,20211118,170000,10.015,10.02,10.01,10.02,9150,0
CCAC.US,5,20211118,171500,10.0143,10.0143,10.0143,10.0143,500,0
CCAC.US,5,20211118,174500,10.0101,10.02,10.0101,10.02,3306,0
CCAC.US,5,20211118,175000,10.02,10.02,10.02,10.02,700,0
CCAC.US,5,20211118,175500,10.025,10.025,10.02,10.02,2353,0
CCAC.US,5,20211118,185000,10.03,10.03,10.03,10.03,200,0
CCAC.US,5,20211118,185500,10.03,10.03,10.02,10.02,6966,0
CCAC.US,5,20211118,192000,10.02,10.02,10.02,10.02,800,0
CCAC.US,5,20211118,193000,10.01,10.01,10.01,10.01,200,0
CCAC.US,5,20211118,193500,10.0199,10.02,10.0199,10.02,2500,0
CCAC.US,5,20211118,202000,10.02,10.02,10.015,10.015,500,0
CCAC.US,5,20211118,205000,10.02,10.02,10.015,10.015,962,0
CCAC.US,5,20211118,211500,10.015,10.015,10.01,10.015,1238,0
CCAC.US,5,20211118,212000,10.015,10.015,10.015,10.015,100,0
CCAC.US,5,20211118,212500,10.015,10.015,10.015,10.015,200,0
CCAC.US,5,20211118,213000,10.015,10.0195,10.01,10.01,500,0
CCAC.US,5,20211118,213500,10.01,10.01,10.01,10.01,200,0
CCAC.US,5,20211118,214000,10.01,10.01,10.01,10.01,200,0
CCAC.US,5,20211118,214500,10.01,10.01,10.01,10.01,300,0
CCAC.US,5,20211118,215000,10.01,10.01,10.01,10.01,783,0
CCAC.US,5,20211118,215500,10.0113,10.02,10.01,10.01,2906,0
CCAC.US,5,20211119,153000,10.01,10.01,10.01,10.01,100,0
CCAC.US,5,20211119,154000,10.04,10.04,10.04,10.04,100,0
CCAC.US,5,20211119,155000,10.03,10.03,10.03,10.03,500,0
CCAC.US,5,20211119,160000,10.03,10.03,10.03,10.03,1000,0
CCAC.US,5,20211119,161500,10.0299,10.0299,10.0299,10.0299,100,0
CCAC.US,5,20211119,162000,10.02,10.02,10.02,10.02,200,0
CCAC.US,5,20211119,162500,10.02,10.02,10.02,10.02,200,0
CCAC.US,5,20211119,163000,10.03,10.03,10.03,10.03,1000,0
CCAC.US,5,20211119,163500,10.02,10.02,10.0121,10.0121,900,0
CCAC.US,5,20211119,171500,10.02,10.02,10.02,10.02,100,0
CCAC.US,5,20211119,174000,10.01,10.01,10.01,10.01,183899,0
CCAC.US,5,20211119,174500,10.01,10.01,10.01,10.01,15500,0
CCAC.US,5,20211119,175500,10.02,10.02,10.01,10.01,4800,0
CCAC.US,5,20211119,180500,10.01,10.02,10.01,10.01,5875,0
CCAC.US,5,20211119,181000,10.02,10.02,10.01,10.01,281260,0
CCAC.US,5,20211119,181500,10.01,10.01,10.01,10.01,100000,0
CCAC.US,5,20211119,182000,10.01,10.02,10.01,10.02,500100,0
CCAC.US,5,20211119,182500,10.02,10.02,10.005,10.01,180625,0
CCAC.US,5,20211119,183000,10.01,10.01,10.01,10.01,135280,0
CCAC.US,5,20211119,184000,10.01,10.01,10.01,10.01,250000,0
CCAC.US,5,20211119,190000,10.01,10.01,10.01,10.01,2200,0
CCAC.US,5,20211119,191500,10.0077,10.01,10.006,10.007,2850,0
CCAC.US,5,20211119,192000,10.005,10.005,10.005,10.005,1000,0
CCAC.US,5,20211119,201000,10.005,10.01,9.995,10.01,276459,0
CCAC.US,5,20211119,201500,10,10,10,10,100,0
CCAC.US,5,20211119,202000,10,10,10,10,100,0
CCAC.US,5,20211119,202500,10.005,10.005,10.005,10.005,500,0
CCAC.US,5,20211119,203000,10.01,10.01,10.005,10.005,5100,0
CCAC.US,5,20211119,212000,10.005,10.005,10.005,10.005,100,0
CCAC.US,5,20211119,213500,10,10,10,10,100,0
CCAC.US,5,20211119,214500,10.0091,10.0091,10.0091,10.0091,1000,0
CCAC.US,5,20211119,215000,10.005,10.005,10.005,10.005,100,0
CCAC.US,5,20211119,215500,10.005,10.01,10,10.005,1363,0
CCAC.US,5,20211122,153000,9.99,10,9.99,10,65537,0
CCAC.US,5,20211122,153500,10.01,10.02,10.01,10.015,5440,0
CCAC.US,5,20211122,154000,10.01,10.01,10.01,10.01,173,0
CCAC.US,5,20211122,154500,10.0111,10.015,10.01,10.0103,3363,0
CCAC.US,5,20211122,155000,10.015,10.015,10.01,10.01,17700,0
CCAC.US,5,20211122,155500,10.01,10.01,10.01,10.01,2000,0
CCAC.US,5,20211122,160000,10.01,10.0102,10.01,10.0102,5400,0
CCAC.US,5,20211122,160500,10.01,10.01,10.01,10.01,500,0
CCAC.US,5,20211122,161000,10.01,10.01,10.01,10.01,5400,0
CCAC.US,5,20211122,163000,10.01,10.01,10.01,10.01,22311,0
CCAC.US,5,20211122,165000,10.01,10.01,10.01,10.01,25000,0
CCAC.US,5,20211122,171000,10,10.005,10,10.005,1000,0
CCAC.US,5,20211122,172000,10,10,10,10,500,0
CCAC.US,5,20211122,175000,10.0002,10.0002,10.0002,10.0002,2000,0
CCAC.US,5,20211122,175500,10.005,10.005,10.0022,10.0022,400,0
CCAC.US,5,20211122,180000,10,10.005,10,10.005,33900,0
CCAC.US,5,20211122,180500,10.01,10.01,10.005,10.01,42773,0
CCAC.US,5,20211122,182500,10,10,10,10,200,0
CCAC.US,5,20211122,184500,10,10,10,10,100,0
CCAC.US,5,20211122,192500,10.0078,10.0078,10.0078,10.0078,100,0
CCAC.US,5,20211122,201500,10.01,10.02,10.005,10.02,3301,0
CCAC.US,5,20211122,204500,10.01,10.01,10.01,10.01,73094,0
CCAC.US,5,20211122,205000,10.01,10.01,10.01,10.01,8900,0
CCAC.US,5,20211122,212500,10.0001,10.0001,10.0001,10.0001,100,0
CCAC.US,5,20211122,213500,10.0001,10.0001,10.0001,10.0001,100,0
CCAC.US,5,20211122,215000,10,10,10,10,100,0
CCAC.US,5,20211122,215500,10,10.01,9.99,9.99,29132,0
CCAC.US,5,20211123,153000,10,10.01,10,10.0035,1498,0
CCAC.US,5,20211123,153500,10,10,10,10,200,0
CCAC.US,5,20211123,154000,10,10.005,10,10,1166,0
CCAC.US,5,20211123,154500,10.005,10.005,9.99,9.99,174800,0
CCAC.US,5,20211123,155000,9.995,10,9.995,10,12200,0
CCAC.US,5,20211123,161500,10.0011,10.0011,10,10,1500,0
CCAC.US,5,20211123,162500,10,10,10,10,100,0
CCAC.US,5,20211123,163000,10.0001,10.0001,10.0001,10.0001,100,0
CCAC.US,5,20211123,163500,10,10,10,10,5000,0
CCAC.US,5,20211123,164000,10,10,10,10,206,0
CCAC.US,5,20211123,174000,10.0001,10.0001,10.0001,10.0001,159,0
CCAC.US,5,20211123,174500,10.005,10.005,10.005,10.005,886,0
CCAC.US,5,20211123,184000,10.0001,10.0001,10.0001,10.0001,100,0
CCAC.US,5,20211123,192000,10.0005,10.0005,10.0005,10.0005,1305,0
CCAC.US,5,20211123,194000,10.0011,10.0011,10.0011,10.0011,400,0
CCAC.US,5,20211123,201000,10.01,10.01,10.01,10.01,200,0
CCAC.US,5,20211123,202000,10,10,9.99,9.99,451,0
CCAC.US,5,20211123,202500,9.99,9.99,9.99,9.99,1536,0
CCAC.US,5,20211123,204000,9.99,9.99,9.99,9.99,500,0
CCAC.US,5,20211123,205000,9.99,9.9901,9.99,9.9901,3300,0
CCAC.US,5,20211123,211500,9.995,9.995,9.99,9.995,57400,0
CCAC.US,5,20211123,212000,9.995,9.995,9.995,9.995,8800,0
CCAC.US,5,20211123,212500,9.997,9.997,9.995,9.995,1200,0
CCAC.US,5,20211123,213500,9.9953,9.9953,9.9953,9.9953,500,0
CCAC.US,5,20211123,214000,9.995,9.995,9.995,9.995,100,0
CCAC.US,5,20211123,214500,9.995,10,9.995,10,1100,0
CCAC.US,5,20211123,215000,9.9988,9.9988,9.99,9.9901,412,0
CCAC.US,5,20211123,215500,9.9987,10,9.99,9.99,29989,0
CCAC.US,5,20211124,153000,10,10,10,10,587,0
CCAC.US,5,20211124,154500,10,10,10,10,100,0
CCAC.US,5,20211124,155500,10.005,10.005,10.005,10.005,500,0
CCAC.US,5,20211124,162000,10,10,10,10,3400,0
CCAC.US,5,20211124,165500,10,10,10,10,400,0
CCAC.US,5,20211124,173000,10.005,10.005,9.98,9.98,182132,0
CCAC.US,5,20211124,173500,9.985,9.995,9.985,9.995,1000,0
CCAC.US,5,20211124,174000,9.995,9.995,9.995,9.995,900,0
CCAC.US,5,20211124,174500,9.995,9.995,9.995,9.995,300,0
CCAC.US,5,20211124,191500,9.99,9.99,9.99,9.99,250,0
CCAC.US,5,20211124,204000,9.995,9.995,9.995,9.995,100,0
CCAC.US,5,20211124,212000,10,10,10,10,100,0
CCAC.US,5,20211124,213500,9.99,9.99,9.99,9.99,1801,0
CCAC.US,5,20211124,215500,9.99,10,9.99,10,2301,0
CCAC.US,5,20211126,153000,9.99,9.99,9.99,9.99,376,0
CCAC.US,5,20211126,153500,9.9967,9.9967,9.9967,9.9967,2000,0
CCAC.US,5,20211126,154500,9.9989,9.9989,9.99,9.99,2200,0
CCAC.US,5,20211126,161000,9.9914,9.9914,9.9914,9.9914,100,0
CCAC.US,5,20211126,161500,10,10.005,9.995,10.005,20044,0
CCAC.US,5,20211126,163000,10.0094,10.01,10.0034,10.0034,9900,0
CCAC.US,5,20211126,172000,10,10,10,10,995,0
CCAC.US,5,20211126,172500,10.005,10.005,10,10,4989,0
CCAC.US,5,20211126,173000,10.005,10.005,10.005,10.005,300,0
CCAC.US,5,20211126,174000,10,10,10,10,106,0
CCAC.US,5,20211126,174500,10,10,10,10,10535,0
CCAC.US,5,20211126,180000,10.005,10.005,10.005,10.005,200,0
CCAC.US,5,20211126,180500,10,10,10,10,800,0
CCAC.US,5,20211126,181500,10,10,10,10,100,0
CCAC.US,5,20211126,184500,10,10.005,10,10.0001,12406,0
CCAC.US,5,20211126,185500,10.01,10.01,10.01,10.01,852,0
CCAC.US,5,20211126,190000,10.005,10.005,10.005,10.005,100,0
CCAC.US,5,20211129,153000,10.04,10.04,10.0027,10.0027,11541,0
CCAC.US,5,20211129,161500,10.02,10.02,10.02,10.02,100,0
CCAC.US,5,20211129,163000,10.0112,10.0112,10.0112,10.0112,155,0
CCAC.US,5,20211129,165500,10.0115,10.0115,10.01,10.01,1000,0
CCAC.US,5,20211129,173500,10.0101,10.0102,10.01,10.01,1214,0
CCAC.US,5,20211129,175000,10,10,10,10,620,0
CCAC.US,5,20211129,184000,10.01,10.01,10.01,10.01,700,0
CCAC.US,5,20211129,190500,10.01,10.01,10.01,10.01,200000,0
CCAC.US,5,20211129,193500,10.0113,10.0113,10.0113,10.0113,180,0
CCAC.US,5,20211129,201000,10.01,10.01,10.01,10.01,200,0
CCAC.US,5,20211129,212000,10.01,10.01,10.01,10.01,100,0
CCAC.US,5,20211129,215000,10.0111,10.0111,10.0111,10.0111,500,0
CCAC.US,5,20211129,215500,10.02,10.02,10,10,11553,0
CCAC.US,5,20211130,153000,10,10,10,10,109,0
CCAC.US,5,20211130,160000,10.01,10.01,10,10.01,1319,0
CCAC.US,5,20211130,161500,10.01,10.01,10,10.01,109391,0
CCAC.US,5,20211130,162500,10,10.01,10,10,130500,0
CCAC.US,5,20211130,165500,9.995,9.995,9.995,9.995,15000,0
CCAC.US,5,20211130,170500,10,10,9.99,10,5277,0
CCAC.US,5,20211130,172500,10,10,10,10,10400,0
CCAC.US,5,20211130,174500,9.99,9.99,9.99,9.99,1600,0
CCAC.US,5,20211130,175000,9.995,9.995,9.995,9.995,100,0
CCAC.US,5,20211130,182000,9.995,9.995,9.995,9.995,100,0
CCAC.US,5,20211130,183500,9.99,9.99,9.99,9.99,200,0
CCAC.US,5,20211130,184000,9.995,9.995,9.995,9.995,100,0
CCAC.US,5,20211130,190500,9.9918,9.9918,9.9918,9.9918,300,0
CCAC.US,5,20211130,191000,9.995,9.995,9.995,9.995,100,0
CCAC.US,5,20211130,192500,9.99,9.99,9.99,9.99,500,0
CCAC.US,5,20211130,200500,9.995,9.995,9.995,9.995,100,0
CCAC.US,5,20211130,201000,9.9901,9.995,9.9901,9.995,250,0
CCAC.US,5,20211130,203000,10,10,10,10,6145,0
CCAC.US,5,20211130,205000,10,10,10,10,900,0
CCAC.US,5,20211130,210000,10,10,10,10,50100,0
CCAC.US,5,20211130,210500,10,10,10,10,100,0
CCAC.US,5,20211130,211000,9.99,9.995,9.99,9.995,43349,0
CCAC.US,5,20211130,211500,10,10,10,10,162,0
CCAC.US,5,20211130,212000,9.995,9.995,9.995,9.995,600,0
CCAC.US,5,20211130,213000,10,10,10,10,100,0
CCAC.US,5,20211130,213500,9.9901,10,9.9901,10,200,0
CCAC.US,5,20211130,214000,10,10,10,10,100,0
CCAC.US,5,20211130,214500,10,10,10,10,100,0
CCAC.US,5,20211130,215000,9.995,10,9.995,10,400,0
CCAC.US,5,20211130,215500,10,10,9.99,9.99,1698,0
CCAC.US,5,20211201,155500,9.99,9.99,9.99,9.99,299,0
CCAC.US,5,20211201,162500,9.9985,9.9985,9.9985,9.9985,100,0
CCAC.US,5,20211201,164500,10,10,10,10,19375,0
CCAC.US,5,20211201,165000,10,10,10,10,200,0
CCAC.US,5,20211201,165500,10,10,10,10,100,0
CCAC.US,5,20211201,170000,10,10,10,10,100,0
CCAC.US,5,20211201,170500,10,10,10,10,100,0
CCAC.US,5,20211201,171000,10,10,10,10,100,0
CCAC.US,5,20211201,172000,10,10,10,10,6685,0
CCAC.US,5,20211201,172500,10.005,10.01,10.005,10.01,1400,0
CCAC.US,5,20211201,173500,10.005,10.005,10,10,126915,0
CCAC.US,5,20211201,174500,9.99,9.99,9.99,9.99,100,0
CCAC.US,5,20211201,175000,9.99,9.99,9.99,9.99,100,0
CCAC.US,5,20211201,181500,9.995,9.995,9.99,9.99,1082,0
CCAC.US,5,20211201,182500,9.993,9.9978,9.993,9.9978,2000,0
CCAC.US,5,20211201,184000,9.997,9.9999,9.9958,9.9958,4500,0
CCAC.US,5,20211201,184500,9.995,10,9.99,10,7200,0
CCAC.US,5,20211201,192000,9.999,9.999,9.9989,9.9989,2000,0
CCAC.US,5,20211201,202000,9.9919,9.9919,9.9919,9.9919,235,0
CCAC.US,5,20211201,203500,10,10,9.9999,10,1524,0
CCAC.US,5,20211201,204000,10,10,10,10,100,0
CCAC.US,5,20211201,205500,10,10,10,10,100,0
CCAC.US,5,20211201,210000,9.995,9.995,9.995,9.995,140,0
CCAC.US,5,20211201,210500,9.995,10,9.995,10,2300,0
CCAC.US,5,20211201,211000,9.995,10,9.995,10,48000,0
CCAC.US,5,20211201,211500,9.995,10,9.995,10,3900,0
CCAC.US,5,20211201,212000,10,10,10,10,300,0
CCAC.US,5,20211201,212500,10,10,10,10,200,0
CCAC.US,5,20211201,213000,10,10,10,10,200,0
CCAC.US,5,20211201,213500,10,10,9.995,9.995,200,0
CCAC.US,5,20211201,214000,10,10,9.995,9.995,1550,0
CCAC.US,5,20211201,214500,9.995,9.995,9.995,9.995,2500,0
CCAC.US,5,20211201,215000,9.995,10,9.995,10,300,0
CCAC.US,5,20211201,215500,9.995,10.01,9.995,10,2752,0
CCAC.US,5,20211202,153000,9.99,10,9.99,9.995,300,0
CCAC.US,5,20211202,153500,9.99,10,9.99,10,1100,0
CCAC.US,5,20211202,154000,9.995,9.995,9.995,9.995,300,0
CCAC.US,5,20211202,161500,9.9916,9.995,9.9916,9.994,1500,0
CCAC.US,5,20211202,162000,9.99,10,9.99,10,589,0
CCAC.US,5,20211202,163000,9.995,10,9.995,10,1400,0
CCAC.US,5,20211202,163500,9.9901,10,9.98,10,106617,0
CCAC.US,5,20211202,164000,9.99,9.995,9.99,9.995,804,0
CCAC.US,5,20211202,165500,10,10,10,10,6200,0
CCAC.US,5,20211202,170000,10,10,10,10,2500,0
CCAC.US,5,20211202,170500,10,10,10,10,2647,0
CCAC.US,5,20211202,171500,10,10,10,10,200,0
CCAC.US,5,20211202,173000,10,10,10,10,248,0
CCAC.US,5,20211202,174000,10,10,10,10,10864,0
CCAC.US,5,20211202,174500,10.01,10.01,10.01,10.01,12402,0
CCAC.US,5,20211202,175000,10.01,10.01,10.01,10.01,22700,0
CCAC.US,5,20211202,175500,10.01,10.01,10.01,10.01,19800,0
CCAC.US,5,20211202,180000,10.01,10.01,10.005,10.01,27613,0
CCAC.US,5,20211202,180500,10.01,10.02,10.01,10.02,19007,0
CCAC.US,5,20211202,181000,10.02,10.03,10.02,10.03,13443,0
CCAC.US,5,20211202,181500,10.03,10.04,10.03,10.04,26800,0
CCAC.US,5,20211202,182000,10.04,10.04,10.04,10.04,23000,0
CCAC.US,5,20211202,182500,10.04,10.05,10.04,10.045,23300,0
CCAC.US,5,20211202,183000,10.045,10.045,10.04,10.045,12165,0
CCAC.US,5,20211202,183500,10.045,10.045,10.04,10.04,25200,0
CCAC.US,5,20211202,184000,10.0401,10.0425,10.04,10.0401,42190,0
CCAC.US,5,20211202,184500,10.04,10.04,10.04,10.04,7800,0
CCAC.US,5,20211202,185000,10.04,10.04,10.04,10.04,11200,0
CCAC.US,5,20211202,185500,10.04,10.04,10.04,10.04,11100,0
CCAC.US,5,20211202,190000,10.04,10.04,10.04,10.04,10700,0
CCAC.US,5,20211202,190500,10.04,10.04,10.035,10.04,11900,0
CCAC.US,5,20211202,191000,10.04,10.05,10.04,10.05,20105,0
CCAC.US,5,20211202,191500,10.04,10.05,10.04,10.0402,36000,0
CCAC.US,5,20211202,192000,10.04,10.04,10.04,10.04,400,0
CCAC.US,5,20211202,192500,10.04,10.04,10.035,10.04,24382,0
CCAC.US,5,20211202,193000,10.04,10.04,10.03,10.03,18100,0
CCAC.US,5,20211202,193500,10.04,10.04,10.04,10.04,9659,0
CCAC.US,5,20211202,194000,10.04,10.04,10.035,10.04,20559,0
CCAC.US,5,20211202,194500,10.04,10.04,10.03,10.04,17794,0
CCAC.US,5,20211202,195000,10.04,10.05,10.035,10.04,48628,0
CCAC.US,5,20211202,195500,10.04,10.045,10.035,10.04,15814,0
CCAC.US,5,20211202,200500,10.05,10.05,10.05,10.05,7500,0
CCAC.US,5,20211202,201000,10.05,10.05,10.035,10.0401,51180,0
CCAC.US,5,20211202,201500,10.04,10.04,10.035,10.035,300,0
CCAC.US,5,20211202,202000,10.04,10.05,10.035,10.05,14700,0
CCAC.US,5,20211202,202500,10.05,10.05,10.05,10.05,14200,0
CCAC.US,5,20211202,203000,10.05,10.05,10.045,10.05,17200,0
CCAC.US,5,20211202,203500,10.05,10.05,10.045,10.045,34843,0
CCAC.US,5,20211202,204000,10.05,10.055,10.045,10.05,47543,0
CCAC.US,5,20211202,204500,10.05,10.05,10.05,10.05,14000,0
CCAC.US,5,20211202,205000,10.045,10.05,10.045,10.05,15700,0
CCAC.US,5,20211202,205500,10.05,10.05,10.045,10.05,25443,0
CCAC.US,5,20211202,210000,10.05,10.06,10.05,10.0501,73446,0
CCAC.US,5,20211202,211000,10.05,10.05,10.04,10.05,8284,0
CCAC.US,5,20211202,211500,10.05,10.05,10.04,10.05,16668,0
CCAC.US,5,20211202,212000,10.05,10.05,10.03,10.03,30095,0
CCAC.US,5,20211202,212500,10.03,10.03,10.03,10.03,10800,0
CCAC.US,5,20211202,213000,10.025,10.04,10.025,10.04,2900,0
CCAC.US,5,20211202,213500,10.04,10.04,10.035,10.035,28200,0
CCAC.US,5,20211202,214000,10.035,10.04,10.03,10.035,16700,0
CCAC.US,5,20211202,214500,10.03,10.035,10.03,10.03,38300,0
CCAC.US,5,20211202,215000,10.025,10.025,10.015,10.015,20443,0
CCAC.US,5,20211202,215500,10.015,10.03,10.01,10.02,40878,0
CCAC.US,5,20211203,153000,10.01,10.01,10.01,10.01,200,0
CCAC.US,5,20211203,153500,10.01,10.01,10.01,10.01,400,0
CCAC.US,5,20211203,154000,10.01,10.015,10.01,10.015,405,0
CCAC.US,5,20211203,154500,10.01,10.01,10.01,10.01,300,0
CCAC.US,5,20211203,155000,10.015,10.015,10.01,10.01,300,0
CCAC.US,5,20211203,155500,10.01,10.015,10.01,10.01,14828,0
CCAC.US,5,20211203,160000,10,10,10,10,403,0
CCAC.US,5,20211203,160500,10.01,10.01,9.99,9.99,16119,0
CCAC.US,5,20211203,161000,9.99,9.99,9.99,9.99,74688,0
CCAC.US,5,20211203,161500,9.99,9.99,9.99,9.99,200,0
CCAC.US,5,20211203,162000,9.99,9.99,9.99,9.99,200,0
CCAC.US,5,20211203,162500,9.99,9.9901,9.99,9.99,1200,0
CCAC.US,5,20211203,163000,9.99,9.99,9.99,9.99,200,0
CCAC.US,5,20211203,163500,9.99,9.99,9.99,9.99,100,0
CCAC.US,5,20211203,164000,9.99,9.99,9.99,9.99,200,0
CCAC.US,5,20211203,164500,9.99,9.99,9.99,9.99,100,0
CCAC.US,5,20211203,165000,9.99,9.9919,9.99,9.9919,425,0
CCAC.US,5,20211203,165500,9.99,9.99,9.99,9.99,200,0
CCAC.US,5,20211203,170000,9.99,9.9906,9.99,9.99,400,0
CCAC.US,5,20211203,170500,9.99,9.99,9.99,9.99,200,0
CCAC.US,5,20211203,171000,9.99,9.99,9.99,9.99,200,0
CCAC.US,5,20211203,171500,9.9916,9.9916,9.99,9.99,600,0
CCAC.US,5,20211203,172000,9.99,9.99,9.99,9.99,200,0
CCAC.US,5,20211203,172500,9.99,9.99,9.99,9.99,100,0
CCAC.US,5,20211203,173000,9.99,9.99,9.99,9.99,200,0
CCAC.US,5,20211203,173500,9.99,9.99,9.99,9.99,100,0
CCAC.US,5,20211203,174000,9.99,9.99,9.99,9.99,400,0
CCAC.US,5,20211203,174500,9.99,9.99,9.99,9.99,200,0
CCAC.US,5,20211203,175000,9.99,9.99,9.99,9.99,100,0
CCAC.US,5,20211203,175500,9.99,9.99,9.99,9.99,100,0
CCAC.US,5,20211203,180000,9.99,9.99,9.99,9.99,200,0
CCAC.US,5,20211203,180500,9.99,9.99,9.99,9.99,100,0
CCAC.US,5,20211203,181000,9.99,9.99,9.99,9.99,100,0
CCAC.US,5,20211203,181500,9.99,9.9901,9.99,9.99,5903,0
CCAC.US,5,20211203,182000,9.99,9.99,9.99,9.99,400,0
CCAC.US,5,20211203,182500,9.99,9.99,9.99,9.99,100,0
CCAC.US,5,20211203,183000,9.99,9.99,9.99,9.99,100,0
CCAC.US,5,20211203,183500,9.99,9.99,9.99,9.99,200,0
CCAC.US,5,20211203,184000,9.99,9.99,9.99,9.99,100,0
CCAC.US,5,20211203,184500,9.99,9.99,9.99,9.99,100,0
CCAC.US,5,20211203,185000,9.99,9.99,9.99,9.99,200,0
CCAC.US,5,20211203,185500,9.99,9.99,9.99,9.99,100,0
CCAC.US,5,20211203,190000,9.99,9.99,9.99,9.99,100,0
CCAC.US,5,20211203,190500,9.99,9.99,9.99,9.99,100,0
CCAC.US,5,20211203,191000,9.99,9.99,9.99,9.99,100,0
CCAC.US,5,20211203,191500,9.99,9.99,9.99,9.99,200,0
CCAC.US,5,20211203,192000,9.99,9.99,9.99,9.99,100,0
CCAC.US,5,20211203,192500,9.99,9.99,9.99,9.99,100,0
CCAC.US,5,20211203,193000,9.99,9.99,9.99,9.99,100,0
CCAC.US,5,20211203,193500,9.99,9.99,9.99,9.99,100,0
CCAC.US,5,20211203,194000,9.99,9.99,9.99,9.99,100,0
CCAC.US,5,20211203,194500,9.99,9.99,9.99,9.99,100,0
CCAC.US,5,20211203,195000,9.99,9.99,9.99,9.99,100,0
CCAC.US,5,20211203,195500,9.99,9.9902,9.99,9.99,700,0
CCAC.US,5,20211203,200000,9.99,9.9917,9.99,9.9902,1800,0
CCAC.US,5,20211203,200500,9.99,9.99,9.99,9.99,200,0
CCAC.US,5,20211203,201000,9.99,9.99,9.99,9.99,100,0
CCAC.US,5,20211203,201500,9.99,9.99,9.99,9.99,100,0
CCAC.US,5,20211203,202000,9.99,9.99,9.99,9.99,100,0
CCAC.US,5,20211203,211000,9.995,10,9.9922,9.9922,2190,0
CCAC.US,5,20211203,212000,9.99,9.995,9.99,9.99,1042,0
CCAC.US,5,20211203,212500,9.99,9.99,9.99,9.99,200,0
CCAC.US,5,20211203,213000,9.99,9.99,9.99,9.99,200,0
CCAC.US,5,20211203,213500,9.99,9.99,9.99,9.99,200,0
CCAC.US,5,20211203,214000,9.99,10,9.99,10,6004,0
CCAC.US,5,20211203,214500,9.99,9.9987,9.99,9.9987,1548,0
CCAC.US,5,20211203,215000,9.99,9.99,9.99,9.99,900,0
CCAC.US,5,20211203,215500,9.99,10,9.99,9.99,16694,0
CCAC.US,5,20211206,153000,9.99,9.99,9.99,9.99,120,0
CCAC.US,5,20211206,153500,9.9922,9.9922,9.9922,9.9922,284,0
CCAC.US,5,20211206,154000,9.9911,9.995,9.99,9.99,21819,0
CCAC.US,5,20211206,154500,9.9917,9.9917,9.9917,9.9917,220,0
CCAC.US,5,20211206,165000,9.9901,9.9901,9.9901,9.9901,150,0
CCAC.US,5,20211206,174500,9.99,9.99,9.99,9.99,100,0
CCAC.US,5,20211206,181000,9.9926,9.9926,9.9926,9.9926,100,0
CCAC.US,5,20211206,181500,9.9923,9.9923,9.9923,9.9923,250,0
CCAC.US,5,20211206,192000,10,10,9.99,9.995,1305,0
CCAC.US,5,20211206,194000,9.99,9.99,9.99,9.99,100,0
CCAC.US,5,20211206,201000,9.99,9.99,9.99,9.99,70100,0
CCAC.US,5,20211206,202000,9.99,9.99,9.99,9.99,200,0
CCAC.US,5,20211206,211000,9.995,10,9.995,10,2385,0
CCAC.US,5,20211206,211500,9.995,9.995,9.995,9.995,100,0
CCAC.US,5,20211206,215500,9.995,10,9.99,9.995,969,0
CCAC.US,5,20211207,153000,9.99,9.995,9.99,9.9902,402,0
CCAC.US,5,20211207,155000,9.9916,9.9916,9.9916,9.9916,1000,0
CCAC.US,5,20211207,160000,9.995,10,9.99,10,4541,0
CCAC.US,5,20211207,162000,9.992,10,9.992,10,4020,0
CCAC.US,5,20211207,162500,9.995,10,9.995,10,800,0
CCAC.US,5,20211207,164500,10,10,10,10,1200,0
CCAC.US,5,20211207,165000,10,10,10,10,400,0
CCAC.US,5,20211207,165500,10,10,10,10,200,0
CCAC.US,5,20211207,171500,10,10,10,10,100,0
CCAC.US,5,20211207,172000,9.995,10,9.9937,10,1900,0
CCAC.US,5,20211207,173500,10,10,10,10,10000,0
CCAC.US,5,20211207,175500,9.9926,9.9926,9.9926,9.9926,118,0
CCAC.US,5,20211207,181000,10,10,10,10,9225,0
CCAC.US,5,20211207,181500,10,10,10,10,200,0
CCAC.US,5,20211207,200500,10,10,10,10,1600,0
CCAC.US,5,20211207,211000,10.005,10.005,10.005,10.005,299,0
CCAC.US,5,20211207,214000,10.0021,10.0021,10.0021,10.0021,187,0
CCAC.US,5,20211207,214500,10.01,10.01,10.01,10.01,1000,0
CCAC.US,5,20211207,215500,10.01,10.01,10.01,10.01,1495,0
CCAC.US,5,20211208,153000,10.002,10.002,10.002,10.002,100,0
CCAC.US,5,20211208,153500,10,10,9.99,9.99,500,0
CCAC.US,5,20211208,155500,9.992,9.992,9.992,9.992,200,0
CCAC.US,5,20211208,160000,9.992,9.992,9.992,9.992,200,0
CCAC.US,5,20211208,160500,9.992,9.992,9.992,9.992,200,0
CCAC.US,5,20211208,161000,9.99,9.99,9.99,9.99,400,0
CCAC.US,5,20211208,161500,9.99,9.995,9.99,9.995,700,0
CCAC.US,5,20211208,162000,9.9917,9.995,9.9917,9.995,1400,0
CCAC.US,5,20211208,162500,10,10,10,10,200,0
CCAC.US,5,20211208,163000,10,10,10,10,200,0
CCAC.US,5,20211208,163500,10,10,10,10,200,0
CCAC.US,5,20211208,164000,9.992,9.992,9.992,9.992,500,0
CCAC.US,5,20211208,164500,10,10,10,10,100,0
CCAC.US,5,20211208,165000,10,10,10,10,300,0
CCAC.US,5,20211208,165500,10,10,10,10,200,0
CCAC.US,5,20211208,170000,9.991,9.991,9.991,9.991,200,0
CCAC.US,5,20211208,170500,9.991,9.991,9.991,9.991,200,0
CCAC.US,5,20211208,171000,9.991,9.991,9.991,9.991,200,0
CCAC.US,5,20211208,171500,9.991,10,9.991,10,400,0
CCAC.US,5,20211208,172500,9.991,9.991,9.991,9.991,200,0
CCAC.US,5,20211208,173000,10,10,9.991,9.991,600,0
CCAC.US,5,20211208,173500,9.991,9.991,9.991,9.991,600,0
CCAC.US,5,20211208,174000,9.991,9.991,9.991,9.991,400,0
CCAC.US,5,20211208,174500,9.991,9.991,9.991,9.991,200,0
CCAC.US,5,20211208,175000,9.991,9.991,9.991,9.991,200,0
CCAC.US,5,20211208,175500,9.991,9.991,9.991,9.991,200,0
CCAC.US,5,20211208,180000,9.991,9.991,9.991,9.991,400,0
CCAC.US,5,20211208,180500,9.991,9.991,9.991,9.991,200,0
CCAC.US,5,20211208,182500,9.991,10,9.991,10,300,0
CCAC.US,5,20211208,183500,9.991,9.991,9.991,9.991,200,0
CCAC.US,5,20211208,184000,9.991,9.991,9.991,9.991,200,0
CCAC.US,5,20211208,184500,9.991,9.991,9.991,9.991,200,0
CCAC.US,5,20211208,190500,9.995,9.995,9.99,9.99,1060,0
CCAC.US,5,20211208,192500,9.99,9.99,9.99,9.99,700,0
CCAC.US,5,20211208,200500,9.99,9.99,9.99,9.99,700,0
CCAC.US,5,20211208,201000,9.9961,9.9961,9.9961,9.9961,100,0
CCAC.US,5,20211208,202500,9.99,9.99,9.99,9.99,600,0
CCAC.US,5,20211208,203000,9.99,9.99,9.99,9.99,600,0
CCAC.US,5,20211208,204500,9.99,9.99,9.99,9.99,500,0
CCAC.US,5,20211208,205000,9.991,9.991,9.991,9.991,200,0
CCAC.US,5,20211208,210000,9.991,9.991,9.991,9.991,200,0
CCAC.US,5,20211208,210500,9.991,9.991,9.991,9.991,300,0
CCAC.US,5,20211208,211000,9.991,9.991,9.991,9.991,300,0
CCAC.US,5,20211208,211500,9.991,9.991,9.991,9.991,200,0
CCAC.US,5,20211208,212000,9.991,9.991,9.991,9.991,200,0
CCAC.US,5,20211208,212500,9.991,9.991,9.991,9.991,100,0
CCAC.US,5,20211208,213000,9.995,9.995,9.995,9.995,100,0
CCAC.US,5,20211208,213500,10,10,9.991,10,1200,0
CCAC.US,5,20211208,214000,9.991,9.995,9.991,9.991,360,0
CCAC.US,5,20211208,214500,9.991,9.991,9.991,9.991,200,0
CCAC.US,5,20211208,215000,9.991,9.991,9.991,9.991,400,0
CCAC.US,5,20211208,215500,9.9919,9.995,9.99,9.99,5516,0
CCAC.US,5,20211209,153000,9.99,9.99,9.99,9.99,4000,0
CCAC.US,5,20211209,163500,9.995,9.995,9.995,9.995,153,0
CCAC.US,5,20211209,164500,9.99,9.995,9.99,9.99,2000,0
CCAC.US,5,20211209,182500,9.99,9.99,9.99,9.99,2207,0
CCAC.US,5,20211209,184000,9.995,9.995,9.995,9.995,200,0
CCAC.US,5,20211209,191500,9.99,9.9901,9.99,9.9901,2400,0
CCAC.US,5,20211209,201000,9.9957,9.9957,9.9957,9.9957,100,0
CCAC.US,5,20211209,212500,9.99,9.99,9.99,9.99,2180,0
CCAC.US,5,20211209,214000,9.99,9.99,9.99,9.99,100,0
CCAC.US,5,20211209,214500,9.99,9.99,9.99,9.99,300,0
CCAC.US,5,20211209,215500,9.995,9.995,9.99,9.99,2232,0
CCAC.US,5,20211210,155000,9.995,9.995,9.995,9.995,1000,0
CCAC.US,5,20211210,163500,9.9901,9.9901,9.9901,9.9901,100,0
CCAC.US,5,20211210,171500,9.9901,9.9901,9.9901,9.9901,399,0
CCAC.US,5,20211210,180500,9.995,9.995,9.995,9.995,100,0
CCAC.US,5,20211210,181000,9.99,9.99,9.99,9.99,100,0
CCAC.US,5,20211210,183500,9.995,9.995,9.99,9.99,2252,0
CCAC.US,5,20211210,191500,9.995,9.995,9.995,9.995,100,0
CCAC.US,5,20211210,193500,10,10,9.995,10,2800,0
CCAC.US,5,20211210,194000,10,10,10,10,200,0
CCAC.US,5,20211210,195500,10,10,10,10,100,0
CCAC.US,5,20211210,202500,9.995,10,9.99,10,1900,0
CCAC.US,5,20211210,204500,9.9985,9.9985,9.9985,9.9985,100,0
CCAC.US,5,20211210,212000,10,10,10,10,1900,0
CCAC.US,5,20211210,214500,10,10.005,9.99,9.995,88468,0
CCAC.US,5,20211210,215000,9.995,9.9993,9.99,9.99,10224,0
CCAC.US,5,20211210,215500,9.9993,9.9993,9.99,9.99,20696,0
CCAC.US,5,20211213,153000,9.99,9.995,9.99,9.99,22374,0
CCAC.US,5,20211213,160000,9.993,9.993,9.993,9.993,3000,0
CCAC.US,5,20211213,161000,10,10,10,10,200,0
CCAC.US,5,20211213,172000,9.9926,9.9926,9.9926,9.9926,100,0
CCAC.US,5,20211213,173000,10,10.0005,10,10,24865,0
CCAC.US,5,20211213,174500,10,10,10,10,100,0
CCAC.US,5,20211213,181000,10.005,10.005,10.005,10.005,450,0
CCAC.US,5,20211213,182000,10.005,10.005,10.005,10.005,341,0
CCAC.US,5,20211213,183500,10,10,10,10,401,0
CCAC.US,5,20211213,185000,10.0016,10.0016,10.0016,10.0016,500,0
CCAC.US,5,20211213,192500,10.0099,10.0099,10.0099,10.0099,160,0
CCAC.US,5,20211213,194000,10,10,10,10,300,0
CCAC.US,5,20211213,204000,10,10,10,10,400,0
CCAC.US,5,20211213,211000,10,10,10,10,290,0
CCAC.US,5,20211213,211500,10.005,10.005,10,10,200,0
CCAC.US,5,20211213,215000,10.005,10.005,10,10,200,0
CCAC.US,5,20211213,215500,10,10.01,9.99,9.99,18648,0
CCAC.US,5,20211214,154500,10,10,10,10,240,0
CCAC.US,5,20211214,155000,10,10.0022,10,10.0022,3600,0
CCAC.US,5,20211214,160000,10.005,10.005,10.0006,10.0006,1000,0
CCAC.US,5,20211214,171500,10.0011,10.0011,10.0011,10.0011,1000,0
CCAC.US,5,20211214,172500,10,10,10,10,100,0
CCAC.US,5,20211214,173500,10.0016,10.0016,10.0016,10.0016,170,0
CCAC.US,5,20211214,175000,10,10,10,10,1000,0
CCAC.US,5,20211214,180500,10.005,10.005,10.005,10.005,200,0
CCAC.US,5,20211214,182000,10,10,10,10,700,0
CCAC.US,5,20211214,191500,10.0013,10.0013,10.0013,10.0013,500,0
CCAC.US,5,20211214,194500,10.0099,10.0099,10.0099,10.0099,100,0
CCAC.US,5,20211214,201500,10.0016,10.0016,10,10,200,0
CCAC.US,5,20211214,204500,10.0016,10.0016,10.0016,10.0016,100,0
CCAC.US,5,20211214,214500,10,10,10,10,500,0
CCAC.US,5,20211214,215500,10,10.01,10,10.01,4224,0
CCAC.US,5,20211215,153000,10.01,10.01,10.01,10.01,100,0
CCAC.US,5,20211215,153500,10.005,10.005,10,10.0001,2600,0
CCAC.US,5,20211215,160500,10,10.005,10,10.005,400,0
CCAC.US,5,20211215,161000,10.005,10.005,10.0003,10.0003,1000,0
CCAC.US,5,20211215,161500,10,10,10,10,200,0
CCAC.US,5,20211215,162000,10,10,10,10,100,0
CCAC.US,5,20211215,165000,10.005,10.005,10.005,10.005,1214,0
CCAC.US,5,20211215,172000,10.005,10.005,10.005,10.005,180,0
CCAC.US,5,20211215,182500,10.005,10.005,10.005,10.005,380,0
CCAC.US,5,20211215,183500,10,10,10,10,20000,0
CCAC.US,5,20211215,184000,10,10,10,10,15165,0
CCAC.US,5,20211215,200000,10,10,10,10,200,0
CCAC.US,5,20211215,203500,10,10,10,10,100,0
CCAC.US,5,20211215,215000,10.0001,10.0001,10.0001,10.0001,116,0
CCAC.US,5,20211215,215500,10.0001,10.005,10,10,2354,0
CCAC.US,5,20211216,153500,10,10,10,10,300,0
CCAC.US,5,20211216,161000,10.005,10.005,10.0018,10.0018,718,0
CCAC.US,5,20211216,161500,10.0018,10.0018,10.0018,10.0018,500,0
CCAC.US,5,20211216,162500,10,10,10,10,19555,0
CCAC.US,5,20211216,172000,10,10,10,10,300,0
CCAC.US,5,20211216,180000,10.005,10.005,10.005,10.005,900,0
CCAC.US,5,20211216,201000,10.005,10.01,10.005,10.005,400,0
CCAC.US,5,20211216,211500,10.005,10.01,10.005,10.01,1625,0
CCAC.US,5,20211216,214500,10.0001,10.01,10,10,132899,0
CCAC.US,5,20211216,215000,10,10.005,10,10.005,15330,0
CCAC.US,5,20211216,215500,10.005,10.01,10,10,18895,0
CCAC.US,5,20211217,153000,10,10,10,10,1131,0
CCAC.US,5,20211217,160500,10.005,10.005,10.005,10.005,1000,0
CCAC.US,5,20211217,170000,10.005,10.005,10.005,10.005,488,0
CCAC.US,5,20211217,174000,10.005,10.005,10.005,10.005,18300,0
CCAC.US,5,20211217,174500,10.005,10.005,10,10,1600,0
CCAC.US,5,20211217,175000,10,10,10,10,300,0
CCAC.US,5,20211217,175500,10,10,10,10,400,0
CCAC.US,5,20211217,180000,10,10,10,10,300,0
CCAC.US,5,20211217,180500,10,10,10,10,400,0
CCAC.US,5,20211217,181000,10,10,10,10,400,0
CCAC.US,5,20211217,181500,10,10,10,10,300,0
CCAC.US,5,20211217,182000,10,10,10,10,400,0
CCAC.US,5,20211217,182500,10,10,10,10,200,0
CCAC.US,5,20211217,183000,10,10,10,10,400,0
CCAC.US,5,20211217,183500,10,10,10,10,300,0
CCAC.US,5,20211217,184000,10,10,10,10,400,0
CCAC.US,5,20211217,184500,10,10,10,10,300,0
CCAC.US,5,20211217,185000,10,10,10,10,300,0
CCAC.US,5,20211217,185500,10,10,10,10,400,0
CCAC.US,5,20211217,190000,10,10,10,10,400,0
CCAC.US,5,20211217,190500,10,10,10,10,200,0
CCAC.US,5,20211217,191000,10,10,10,10,400,0
CCAC.US,5,20211217,191500,10,10,10,10,300,0
CCAC.US,5,20211217,192000,10,10,10,10,300,0
CCAC.US,5,20211217,192500,10,10,10,10,400,0
CCAC.US,5,20211217,193000,10,10,10,10,300,0
CCAC.US,5,20211217,193500,10,10,10,10,300,0
CCAC.US,5,20211217,194000,10,10.01,10,10,4403,0
CCAC.US,5,20211217,194500,10,10.01,10,10.005,1700,0
CCAC.US,5,20211217,195000,10.005,10.005,10.005,10.005,900,0
CCAC.US,5,20211217,200000,10,10,10,10,300,0
CCAC.US,5,20211217,200500,10.005,10.005,10,10,700,0
CCAC.US,5,20211217,201000,10,10,10,10,400,0
CCAC.US,5,20211217,201500,10,10,10,10,500,0
CCAC.US,5,20211217,202000,10,10.005,10,10.005,1500,0
CCAC.US,5,20211217,202500,10,10,10,10,400,0
CCAC.US,5,20211217,203000,10,10,10,10,400,0
CCAC.US,5,20211217,203500,10,10,10,10,400,0
CCAC.US,5,20211217,204000,10,10,10,10,500,0
CCAC.US,5,20211217,204500,10,10,10,10,400,0
CCAC.US,5,20211217,205000,10,10,10,10,607,0
CCAC.US,5,20211217,205500,10,10,10,10,893,0
CCAC.US,5,20211217,210000,10,10,10,10,800,0
CCAC.US,5,20211217,210500,10,10.005,10,10.005,2093,0
CCAC.US,5,20211217,211000,10,10,10,10,882,0
CCAC.US,5,20211217,211500,10,10,10,10,925,0
CCAC.US,5,20211217,212000,10,10,10,10,1075,0
CCAC.US,5,20211217,212500,10,10,10,10,1100,0
CCAC.US,5,20211217,213000,10,10,10,10,500,0
CCAC.US,5,20211217,213500,10,10,10,10,600,0
CCAC.US,5,20211217,214000,10,10,10,10,800,0
CCAC.US,5,20211217,214500,10,10,10,10,1300,0
CCAC.US,5,20211217,215000,10,10.005,10,10,1775,0
CCAC.US,5,20211217,215500,10,10.01,10,10,18256,0
CCAC.US,5,20211220,153000,10,10,10,10,3594,0
CCAC.US,5,20211220,160000,10.005,10.005,10,10,3394,0
CCAC.US,5,20211220,161500,10,10.01,10,10.01,18000,0
CCAC.US,5,20211220,165000,10,10,10,10,3100,0
CCAC.US,5,20211220,172000,10.005,10.005,10.005,10.005,100,0
CCAC.US,5,20211220,172500,10.005,10.005,10.005,10.005,200,0
CCAC.US,5,20211220,173000,10.005,10.005,10.005,10.005,200,0
CCAC.US,5,20211220,173500,10.005,10.005,10,10,3986,0
CCAC.US,5,20211220,174000,10.005,10.005,10.005,10.005,400,0
CCAC.US,5,20211220,174500,10.005,10.005,10.005,10.005,400,0
CCAC.US,5,20211220,175000,10.005,10.005,10.005,10.005,1100,0
CCAC.US,5,20211220,175500,10.005,10.005,10.005,10.005,400,0
CCAC.US,5,20211220,180000,10.01,10.01,10.01,10.01,600,0
CCAC.US,5,20211220,180500,10.01,10.01,10.01,10.01,300,0
CCAC.US,5,20211220,181000,10.01,10.01,10.01,10.01,400,0
CCAC.US,5,20211220,181500,10.01,10.01,10.01,10.01,200,0
CCAC.US,5,20211220,182000,10.01,10.01,10.005,10.005,3900,0
CCAC.US,5,20211220,182500,10.005,10.01,10,10.01,400,0
CCAC.US,5,20211220,183000,10.01,10.01,10.01,10.01,400,0
CCAC.US,5,20211220,183500,10.005,10.01,10.005,10.01,8400,0
CCAC.US,5,20211220,184000,10.01,10.01,10.01,10.01,310,0
CCAC.US,5,20211220,184500,10.01,10.01,10.01,10.01,300,0
CCAC.US,5,20211220,185000,10.01,10.01,10.01,10.01,200,0
CCAC.US,5,20211220,185500,10.01,10.01,10.01,10.01,400,0
CCAC.US,5,20211220,190000,10.01,10.01,10.01,10.01,129,0
CCAC.US,5,20211220,190500,10.01,10.01,10.01,10.01,400,0
CCAC.US,5,20211220,191000,10.01,10.01,10.01,10.01,200,0
CCAC.US,5,20211220,191500,10.01,10.01,10.01,10.01,400,0
CCAC.US,5,20211220,192000,10.01,10.01,10.01,10.01,152,0
CCAC.US,5,20211220,192500,10.01,10.01,10.005,10.01,2480,0
CCAC.US,5,20211220,193000,10.01,10.01,10.01,10.01,200,0
CCAC.US,5,20211220,193500,10.01,10.01,10.01,10.01,500,0
CCAC.US,5,20211220,194000,10.01,10.01,10.01,10.01,400,0
CCAC.US,5,20211220,194500,10.01,10.01,10.01,10.01,600,0
CCAC.US,5,20211220,195000,10.01,10.01,10.01,10.01,400,0
CCAC.US,5,20211220,195500,10.01,10.01,10.01,10.01,400,0
CCAC.US,5,20211220,200000,10.01,10.01,10.01,10.01,300,0
CCAC.US,5,20211220,200500,10.01,10.01,10.01,10.01,400,0
CCAC.US,5,20211220,201000,10.01,10.01,10.01,10.01,200,0
CCAC.US,5,20211220,201500,10.01,10.015,10.01,10.01,32079,0
CCAC.US,5,20211220,214500,10.0101,10.02,10.0101,10.02,200,0
CCAC.US,5,20211220,215500,10.01,10.02,10,10,21309,0
CCAC.US,5,20211221,153000,10,10,10,10,600,0
CCAC.US,5,20211221,155000,10.0041,10.0041,10.0041,10.0041,200,0
CCAC.US,5,20211221,162000,10.01,10.01,10.01,10.01,100,0
CCAC.US,5,20211221,171000,10.02,10.02,10.02,10.02,100,0
CCAC.US,5,20211221,180500,10.0193,10.0193,10.0193,10.0193,5000,0
CCAC.US,5,20211221,181500,10.01,10.01,10.01,10.01,300,0
CCAC.US,5,20211221,190500,10.015,10.015,10.01,10.01,8782,0
CCAC.US,5,20211221,191000,10.01,10.0102,10,10.01,24883,0
CCAC.US,5,20211221,192000,10.01,10.01,10.01,10.01,5669,0
CCAC.US,5,20211221,194500,10.01,10.01,10.01,10.01,200,0
CCAC.US,5,20211221,195500,10,10.005,10,10.005,300,0
CCAC.US,5,20211221,200000,10.01,10.01,10.005,10.01,78900,0
CCAC.US,5,20211221,200500,10.01,10.01,10.005,10.01,1000,0
CCAC.US,5,20211221,201000,10.01,10.01,10.01,10.01,300,0
CCAC.US,5,20211221,202000,10,10.01,10,10.005,5700,0
CCAC.US,5,20211221,202500,10.01,10.01,10,10,200,0
CCAC.US,5,20211221,204000,10.01,10.01,10.005,10.005,200,0
CCAC.US,5,20211221,205000,10.01,10.01,10.005,10.01,1100,0
CCAC.US,5,20211221,210000,10.01,10.01,10.01,10.01,100,0
CCAC.US,5,20211221,210500,10,10.01,10,10.01,400,0
CCAC.US,5,20211221,211000,10,10.01,10,10.005,700,0
CCAC.US,5,20211221,211500,10.01,10.01,10,10.01,800,0
CCAC.US,5,20211221,212000,10.01,10.01,10,10.01,1662,0
CCAC.US,5,20211221,212500,10.01,10.015,10.01,10.01,137737,0
CCAC.US,5,20211221,214500,10.015,10.015,10.01,10.015,1520,0
CCAC.US,5,20211221,215000,10.01,10.01,10.01,10.01,100,0
CCAC.US,5,20211221,215500,10.01,10.02,10.01,10.01,11386,0
CCAC.US,5,20211222,153000,10.01,10.01,10.01,10.01,100,0
CCAC.US,5,20211222,153500,10.01,10.012,10.01,10.012,8050,0
CCAC.US,5,20211222,155500,10.015,10.015,10.015,10.015,3600,0
CCAC.US,5,20211222,164000,10.01,10.01,10.01,10.01,100,0
CCAC.US,5,20211222,164500,10.0101,10.0101,10.0101,10.0101,500,0
CCAC.US,5,20211222,165000,10.02,10.02,10.02,10.02,700,0
CCAC.US,5,20211222,170000,10.0141,10.0141,10.0141,10.0141,400,0
CCAC.US,5,20211222,170500,10.015,10.015,10.011,10.015,800,0
CCAC.US,5,20211222,171000,10.0136,10.0136,10.0136,10.0136,200,0
CCAC.US,5,20211222,182000,10.0194,10.0194,10.015,10.015,10100,0
CCAC.US,5,20211222,184500,10.0198,10.02,10.01,10.01,60548,0
CCAC.US,5,20211222,185000,10.01,10.015,10.01,10.01,134568,0
CCAC.US,5,20211222,185500,10.011,10.011,10.01,10.0101,43400,0
CCAC.US,5,20211222,190500,10.02,10.02,10.02,10.02,500,0
CCAC.US,5,20211222,192000,10.02,10.02,10.02,10.02,100,0
CCAC.US,5,20211222,194500,10.015,10.015,10.015,10.015,493,0
CCAC.US,5,20211222,200500,10.0182,10.0182,10.0182,10.0182,5000,0
CCAC.US,5,20211222,201500,10.02,10.02,10.02,10.02,100,0
CCAC.US,5,20211222,204500,10.0195,10.0195,10.0195,10.0195,5000,0
CCAC.US,5,20211222,215500,10.02,10.02,10.01,10.01,15963,0
CCAC.US,5,20211223,153000,10.01,10.01,10.01,10.01,226,0
CCAC.US,5,20211223,153500,10.015,10.015,10.015,10.015,1000,0
CCAC.US,5,20211223,160000,10.02,10.02,10.02,10.02,200,0
CCAC.US,5,20211223,162500,10.02,10.02,10.02,10.02,200,0
CCAC.US,5,20211223,181000,10.0215,10.0215,10.0215,10.0215,100,0
CCAC.US,5,20211223,181500,10.0212,10.0212,10.0212,10.0212,500,0
CCAC.US,5,20211223,191000,10.02,10.02,10.02,10.02,200,0
CCAC.US,5,20211223,192000,10.0215,10.0215,10.0215,10.0215,100,0
CCAC.US,5,20211223,200500,10.025,10.025,10.025,10.025,200,0
CCAC.US,5,20211223,201000,10.025,10.025,10.025,10.025,100,0
CCAC.US,5,20211223,202000,10.025,10.025,10.025,10.025,200,0
CCAC.US,5,20211223,203000,10.025,10.025,10.025,10.025,100,0
CCAC.US,5,20211223,211500,10.025,10.025,10.025,10.025,200,0
CCAC.US,5,20211223,215500,10.025,10.03,10.01,10.01,15700,0
