<TICKER>,<PER>,<DATE>,<TIME>,<OPEN>,<HIGH>,<LOW>,<CLOSE>,<VOL>,<OPENINT>
CODI_C.US,5,20211104,154500,26.7,26.7,26.7,26.7,152,0
CODI_C.US,5,20211104,162000,26.725,26.75,26.725,26.7387,1200,0
CODI_C.US,5,20211104,203000,26.86,26.86,26.86,26.86,100,0
CODI_C.US,5,20211104,204000,26.86,26.86,26.84,26.86,428,0
CODI_C.US,5,20211104,205500,26.835,26.835,26.835,26.835,400,0
CODI_C.US,5,20211105,154500,26.69,26.69,26.69,26.69,1000,0
CODI_C.US,5,20211105,162500,26.65,26.7,26.63,26.6999,1200,0
CODI_C.US,5,20211108,153000,26.7,26.7,26.7,26.7,100,0
CODI_C.US,5,20211108,164500,26.785,26.785,26.785,26.785,2000,0
CODI_C.US,5,20211108,185500,26.78,26.781,26.78,26.781,400,0
CODI_C.US,5,20211109,171000,26.75,26.75,26.75,26.75,100,0
CODI_C.US,5,20211109,171500,26.8,26.8,26.8,26.8,100,0
CODI_C.US,5,20211109,172000,26.8,26.8,26.8,26.8,100,0
CODI_C.US,5,20211109,172500,26.8,26.8,26.8,26.8,100,0
CODI_C.US,5,20211109,173500,26.85,26.85,26.85,26.85,100,0
CODI_C.US,5,20211109,175000,26.86,26.86,26.86,26.86,100,0
CODI_C.US,5,20211109,180000,26.86,26.86,26.86,26.86,100,0
CODI_C.US,5,20211109,180500,26.86,26.86,26.71,26.72,500,0
CODI_C.US,5,20211109,181000,26.88,26.88,26.88,26.88,100,0
CODI_C.US,5,20211109,182000,26.87,26.87,26.87,26.87,100,0
CODI_C.US,5,20211109,185000,26.88,26.88,26.88,26.88,100,0
CODI_C.US,5,20211109,185500,26.88,26.88,26.88,26.88,100,0
CODI_C.US,5,20211109,190500,26.88,26.88,26.88,26.88,100,0
CODI_C.US,5,20211109,192000,26.94,26.94,26.94,26.94,100,0
CODI_C.US,5,20211109,192500,26.94,26.94,26.94,26.94,100,0
CODI_C.US,5,20211109,194500,26.94,26.94,26.94,26.94,100,0
CODI_C.US,5,20211109,195000,26.94,26.94,26.94,26.94,100,0
CODI_C.US,5,20211109,195500,26.94,26.94,26.94,26.94,100,0
CODI_C.US,5,20211109,200500,26.94,26.94,26.94,26.94,200,0
CODI_C.US,5,20211109,201000,26.94,26.94,26.94,26.94,100,0
CODI_C.US,5,20211109,202000,26.94,26.94,26.94,26.94,100,0
CODI_C.US,5,20211109,203000,26.94,26.94,26.94,26.94,100,0
CODI_C.US,5,20211109,203500,26.94,26.94,26.94,26.94,100,0
CODI_C.US,5,20211109,204500,26.94,26.94,26.94,26.94,100,0
CODI_C.US,5,20211109,205000,26.92,26.92,26.92,26.92,100,0
CODI_C.US,5,20211109,210000,26.94,26.94,26.94,26.94,100,0
CODI_C.US,5,20211109,210500,26.94,26.94,26.94,26.94,100,0
CODI_C.US,5,20211109,211000,26.94,26.94,26.94,26.94,100,0
CODI_C.US,5,20211109,212000,26.89,26.89,26.89,26.89,100,0
CODI_C.US,5,20211109,212500,26.92,26.92,26.92,26.92,748,0
CODI_C.US,5,20211109,213500,26.945,26.95,26.945,26.95,400,0
CODI_C.US,5,20211109,214000,26.925,26.925,26.925,26.925,100,0
CODI_C.US,5,20211109,215000,26.95,26.95,26.95,26.95,100,0
CODI_C.US,5,20211109,215500,26.95,26.95,26.95,26.95,100,0
CODI_C.US,5,20211110,160000,26.7176,26.7176,26.7176,26.7176,113,0
CODI_C.US,5,20211110,163000,26.79,26.79,26.79,26.79,100,0
CODI_C.US,5,20211110,165000,26.87,26.87,26.87,26.87,100,0
CODI_C.US,5,20211110,170500,26.7001,26.7001,26.7001,26.7001,600,0
CODI_C.US,5,20211110,172000,26.87,26.87,26.87,26.87,100,0
CODI_C.US,5,20211110,184000,26.8,26.8,26.8,26.8,600,0
CODI_C.US,5,20211110,200500,26.8,26.8,26.8,26.8,693,0
CODI_C.US,5,20211110,201000,26.8,26.8,26.8,26.8,250,0
CODI_C.US,5,20211110,212500,26.8558,26.8558,26.8558,26.8558,300,0
CODI_C.US,5,20211110,213000,26.8465,26.8465,26.8465,26.8465,100,0
CODI_C.US,5,20211110,213500,26.8465,26.8465,26.825,26.825,300,0
CODI_C.US,5,20211110,214000,26.825,26.85,26.825,26.8387,400,0
CODI_C.US,5,20211111,174500,26.71,26.71,26.71,26.71,418,0
CODI_C.US,5,20211111,175000,26.73,26.73,26.73,26.73,100,0
CODI_C.US,5,20211111,180000,26.795,26.795,26.795,26.795,300,0
CODI_C.US,5,20211111,195000,26.89,26.89,26.89,26.89,302,0
CODI_C.US,5,20211111,203500,26.7871,26.7871,26.7871,26.7871,1101,0
CODI_C.US,5,20211111,214000,26.8857,26.8857,26.8857,26.8857,100,0
CODI_C.US,5,20211111,214500,26.91,26.91,26.91,26.91,200,0
CODI_C.US,5,20211112,161500,26.7797,26.8,26.7797,26.8,200,0
CODI_C.US,5,20211112,171500,26.7231,26.7231,26.7231,26.7231,400,0
CODI_C.US,5,20211112,173000,26.73,26.73,26.73,26.73,100,0
CODI_C.US,5,20211112,195500,26.72,26.72,26.72,26.72,200,0
CODI_C.US,5,20211112,204500,26.85,26.85,26.85,26.85,100,0
CODI_C.US,5,20211112,212000,26.7175,26.7175,26.7175,26.7175,100,0
CODI_C.US,5,20211112,212500,26.7168,26.7168,26.7168,26.7168,200,0
CODI_C.US,5,20211112,213000,26.7168,26.7168,26.7168,26.7168,100,0
CODI_C.US,5,20211112,213500,26.7,26.7,26.7,26.7,100,0
CODI_C.US,5,20211112,214000,26.7,26.7,26.7,26.7,100,0
CODI_C.US,5,20211112,214500,26.7154,26.7154,26.7154,26.7154,300,0
CODI_C.US,5,20211112,215000,26.7154,26.72,26.7154,26.72,500,0
CODI_C.US,5,20211115,154000,26.7,26.7,26.69,26.69,835,0
CODI_C.US,5,20211115,154500,26.68,26.68,26.68,26.68,455,0
CODI_C.US,5,20211115,164000,26.704,26.704,26.704,26.704,100,0
CODI_C.US,5,20211115,165500,26.68,26.68,26.68,26.68,200,0
CODI_C.US,5,20211115,171500,26.55,26.67,26.4,26.48,3440,0
CODI_C.US,5,20211115,172000,26.65,26.676,26.64,26.64,400,0
CODI_C.US,5,20211115,172500,26.68,26.68,26.68,26.68,200,0
CODI_C.US,5,20211115,181000,26.6,26.6,26.6,26.6,200,0
CODI_C.US,5,20211115,183000,26.58,26.58,26.58,26.58,200,0
CODI_C.US,5,20211115,192500,26.563,26.563,26.563,26.563,2000,0
CODI_C.US,5,20211115,193000,26.58,26.58,26.55,26.55,2029,0
CODI_C.US,5,20211115,193500,26.55,26.56,26.55,26.56,852,0
CODI_C.US,5,20211115,194000,26.63,26.63,26.63,26.63,100,0
CODI_C.US,5,20211115,204500,26.5501,26.5501,26.5501,26.5501,100,0
CODI_C.US,5,20211115,211000,26.55,26.55,26.55,26.55,300,0
CODI_C.US,5,20211116,164500,26.6,26.94,26.6,26.9334,1205,0
CODI_C.US,5,20211117,162500,26.87,26.87,26.87,26.87,100,0
CODI_C.US,5,20211117,183000,26.5223,26.5223,26.5223,26.5223,1100,0
CODI_C.US,5,20211117,192500,26.5993,26.62,26.571,26.6042,500,0
CODI_C.US,5,20211117,194500,26.64,26.64,26.64,26.64,165,0
CODI_C.US,5,20211117,200500,26.6049,26.6049,26.6049,26.6049,100,0
CODI_C.US,5,20211118,153000,26.49,26.49,26.49,26.49,200,0
CODI_C.US,5,20211118,154500,26.5027,26.5027,26.5027,26.5027,400,0
CODI_C.US,5,20211118,164500,26.53,26.53,26.53,26.53,100,0
CODI_C.US,5,20211118,191500,26.5964,26.5964,26.5964,26.5964,602,0
CODI_C.US,5,20211118,203500,26.5385,26.5385,26.5,26.5385,800,0
CODI_C.US,5,20211119,153000,26.7,26.7,26.7,26.7,470,0
CODI_C.US,5,20211119,170000,26.55,26.55,26.55,26.55,100,0
CODI_C.US,5,20211119,191000,26.55,26.55,26.29,26.33,672,0
CODI_C.US,5,20211119,195000,26.34,26.4,26.34,26.4,200,0
CODI_C.US,5,20211122,164500,26.47,26.47,26.47,26.47,810,0
CODI_C.US,5,20211122,165500,26.66,26.66,26.32,26.32,450,0
CODI_C.US,5,20211122,171500,26.4891,26.6486,26.4891,26.6486,500,0
CODI_C.US,5,20211122,180000,26.61,26.631,26.56,26.63,1590,0
CODI_C.US,5,20211122,203500,26.455,26.455,26.455,26.455,2000,0
CODI_C.US,5,20211122,212500,26.45,26.5485,26.45,26.5485,1600,0
CODI_C.US,5,20211122,215500,26.4811,26.4811,26.45,26.45,400,0
CODI_C.US,5,20211123,153500,26.501,26.501,26.5,26.5,200,0
CODI_C.US,5,20211123,154500,26.5,26.5,26.5,26.5,115,0
CODI_C.US,5,20211123,155000,26.5,26.5,26.5,26.5,600,0
CODI_C.US,5,20211123,160500,26.5,26.5,26.47,26.47,400,0
CODI_C.US,5,20211123,165000,26.44,26.44,26.44,26.44,165,0
CODI_C.US,5,20211123,170500,26.4492,26.4492,26.4492,26.4492,400,0
CODI_C.US,5,20211123,172000,26.45,26.45,26.45,26.45,400,0
CODI_C.US,5,20211123,180000,26.45,26.45,26.45,26.45,400,0
CODI_C.US,5,20211123,180500,26.44,26.44,26.44,26.44,100,0
CODI_C.US,5,20211123,181500,26.44,26.44,26.44,26.44,678,0
CODI_C.US,5,20211123,183000,26.4,26.4087,26.4,26.4087,200,0
CODI_C.US,5,20211123,184500,26.425,26.425,26.4125,26.42,500,0
CODI_C.US,5,20211123,192500,26.415,26.415,26.412,26.415,500,0
CODI_C.US,5,20211123,193000,26.426,26.4297,26.412,26.412,300,0
CODI_C.US,5,20211123,194500,26.4,26.4,26.3555,26.3555,300,0
CODI_C.US,5,20211123,201000,26.3,26.3,26.3,26.3,919,0
CODI_C.US,5,20211123,202500,26.355,26.355,26.355,26.355,150,0
CODI_C.US,5,20211123,212500,26.28,26.28,26.28,26.28,300,0
CODI_C.US,5,20211123,214000,26.28,26.28,26.28,26.28,600,0
CODI_C.US,5,20211123,214500,26.2937,26.35,26.285,26.35,700,0
CODI_C.US,5,20211124,155500,26.3315,26.4,26.3315,26.4,1894,0
CODI_C.US,5,20211124,162000,26.3,26.39,26.3,26.39,437,0
CODI_C.US,5,20211124,164500,26.33,26.39,26.33,26.39,447,0
CODI_C.US,5,20211124,165000,26.36,26.36,26.35,26.35,400,0
CODI_C.US,5,20211124,170500,26.36,26.36,26.3563,26.3563,800,0
CODI_C.US,5,20211124,171000,26.36,26.36,26.3563,26.3563,270,0
CODI_C.US,5,20211124,171500,26.39,26.4,26.39,26.4,539,0
CODI_C.US,5,20211124,172000,26.4,26.4,26.4,26.4,1061,0
CODI_C.US,5,20211124,172500,26.46,26.46,26.46,26.46,200,0
CODI_C.US,5,20211124,173500,26.3526,26.3526,26.3526,26.3526,150,0
CODI_C.US,5,20211124,174500,26.4,26.4,26.4,26.4,411,0
CODI_C.US,5,20211124,184500,26.35,26.35,26.35,26.35,300,0
CODI_C.US,5,20211124,192000,26.34,26.34,26.34,26.34,388,0
CODI_C.US,5,20211124,192500,26.399,26.6,26.399,26.6,200,0
CODI_C.US,5,20211124,193500,26.42,26.4905,26.28,26.4905,4336,0
CODI_C.US,5,20211124,203000,26.48,26.48,26.48,26.48,100,0
CODI_C.US,5,20211124,210000,26.7,26.7,26.7,26.7,100,0
CODI_C.US,5,20211124,214000,26.63,26.63,26.63,26.63,400,0
CODI_C.US,5,20211126,153000,26.4,26.4,26.4,26.4,200,0
CODI_C.US,5,20211126,165000,26.57,26.655,26.57,26.655,400,0
CODI_C.US,5,20211126,170000,26.41,26.41,26.41,26.41,100,0
CODI_C.US,5,20211126,185500,26.5,26.59,26.45,26.4802,600,0
CODI_C.US,5,20211129,153000,26.54,26.6886,26.54,26.6886,300,0
CODI_C.US,5,20211129,155000,26.7355,26.7355,26.7355,26.7355,100,0
CODI_C.US,5,20211129,162000,26.6705,26.6705,26.6705,26.6705,425,0
CODI_C.US,5,20211129,213500,26.6,26.6,26.6,26.6,100,0
CODI_C.US,5,20211129,214000,26.6,26.6,26.6,26.6,100,0
CODI_C.US,5,20211129,215000,26.6,26.6,26.56,26.56,200,0
CODI_C.US,5,20211129,215500,26.5,26.509,26.35,26.509,1300,0
CODI_C.US,5,20211130,153000,26.62,26.62,26.62,26.62,100,0
CODI_C.US,5,20211130,155500,26.7,26.7,26.7,26.7,252,0
CODI_C.US,5,20211130,160000,26.93,26.93,26.93,26.93,100,0
CODI_C.US,5,20211130,161000,26.8557,26.8557,26.8557,26.8557,267,0
CODI_C.US,5,20211130,161500,26.735,26.735,26.735,26.735,100,0
CODI_C.US,5,20211130,163000,26.84,26.84,26.84,26.84,100,0
CODI_C.US,5,20211130,164500,26.81,26.81,26.81,26.81,100,0
CODI_C.US,5,20211130,171500,26.82,26.82,26.82,26.82,100,0
CODI_C.US,5,20211130,173000,26.79,26.79,26.79,26.79,100,0
CODI_C.US,5,20211130,174500,26.78,26.78,26.78,26.78,100,0
CODI_C.US,5,20211130,175500,26.78,26.78,26.6646,26.6646,400,0
CODI_C.US,5,20211130,181000,26.76,26.76,26.76,26.76,100,0
CODI_C.US,5,20211130,184000,26.935,26.935,26.935,26.935,100,0
CODI_C.US,5,20211130,185500,26.93,26.93,26.93,26.93,100,0
CODI_C.US,5,20211130,190000,26.82,26.82,26.82,26.82,100,0
CODI_C.US,5,20211130,190500,26.81,26.81,26.81,26.81,100,0
CODI_C.US,5,20211130,191000,26.81,26.81,26.81,26.81,100,0
CODI_C.US,5,20211130,191500,26.81,26.81,26.81,26.81,100,0
CODI_C.US,5,20211130,192000,26.81,26.81,26.81,26.81,100,0
CODI_C.US,5,20211130,192500,26.65,26.73,26.65,26.7164,1221,0
CODI_C.US,5,20211130,193000,26.809,26.809,26.809,26.809,200,0
CODI_C.US,5,20211130,193500,26.809,26.81,26.809,26.81,200,0
CODI_C.US,5,20211130,194000,26.81,26.81,26.81,26.81,200,0
CODI_C.US,5,20211130,195000,26.82,26.82,26.82,26.82,100,0
CODI_C.US,5,20211130,200500,26.82,26.82,26.82,26.82,100,0
CODI_C.US,5,20211130,202000,26.82,26.82,26.82,26.82,100,0
CODI_C.US,5,20211130,203000,26.82,26.82,26.82,26.82,100,0
CODI_C.US,5,20211130,204000,26.82,26.82,26.82,26.82,467,0
CODI_C.US,5,20211130,205000,26.79,26.79,26.79,26.79,100,0
CODI_C.US,5,20211130,210000,26.82,26.85,26.82,26.82,700,0
CODI_C.US,5,20211130,211500,26.82,26.82,26.82,26.82,100,0
CODI_C.US,5,20211130,213000,26.82,26.82,26.82,26.82,100,0
CODI_C.US,5,20211130,213500,26.72,26.7226,26.72,26.7226,200,0
CODI_C.US,5,20211130,215500,26.83,26.83,26.8,26.8,226,0
CODI_C.US,5,20211201,153000,26.92,26.92,26.92,26.92,300,0
CODI_C.US,5,20211201,153500,26.83,26.83,26.83,26.83,100,0
CODI_C.US,5,20211201,154000,26.83,26.83,26.83,26.83,200,0
CODI_C.US,5,20211201,155000,26.9337,26.98,26.9337,26.98,800,0
CODI_C.US,5,20211201,163000,26.92,26.925,26.86,26.8947,2800,0
CODI_C.US,5,20211201,182500,26.9723,26.9723,26.9723,26.9723,200,0
CODI_C.US,5,20211201,183000,26.9723,26.9723,26.9723,26.9723,100,0
CODI_C.US,5,20211201,183500,26.9723,26.9723,26.9723,26.9723,100,0
CODI_C.US,5,20211201,184000,26.9723,26.9723,26.9723,26.9723,100,0
CODI_C.US,5,20211201,184500,26.9723,26.979,26.9723,26.979,200,0
CODI_C.US,5,20211201,190500,26.9723,26.9723,26.9723,26.9723,100,0
CODI_C.US,5,20211201,193000,26.9001,26.9744,26.9,26.9744,655,0
CODI_C.US,5,20211201,194000,26.9744,26.9744,26.9744,26.9744,200,0
CODI_C.US,5,20211201,194500,26.94,26.94,26.94,26.94,500,0
CODI_C.US,5,20211201,195000,26.9458,26.9458,26.9458,26.9458,100,0
CODI_C.US,5,20211201,195500,26.935,26.9737,26.935,26.9737,300,0
CODI_C.US,5,20211201,202500,26.9,26.9,26.9,26.9,100,0
CODI_C.US,5,20211201,204000,26.89,26.8915,26.84,26.84,1200,0
CODI_C.US,5,20211201,211500,26.81,26.81,26.81,26.81,100,0
CODI_C.US,5,20211201,215500,26.62,26.62,26.62,26.62,100,0
CODI_C.US,5,20211202,160000,26.93,26.93,26.93,26.93,130,0
CODI_C.US,5,20211202,161000,26.98,26.98,26.98,26.98,175,0
CODI_C.US,5,20211202,164500,26.95,26.95,26.892,26.892,1000,0
CODI_C.US,5,20211202,193000,26.75,26.75,26.75,26.75,100,0
CODI_C.US,5,20211202,193500,26.65,26.65,26.64,26.64,464,0
CODI_C.US,5,20211202,211500,26.93,26.93,26.93,26.93,152,0
CODI_C.US,5,20211202,212500,26.958,26.97,26.719,26.9699,940,0
CODI_C.US,5,20211202,214000,26.88,26.9,26.87,26.9,864,0
CODI_C.US,5,20211202,215000,26.6,26.62,26.6,26.62,300,0
CODI_C.US,5,20211202,215500,26.62,26.62,26.62,26.62,300,0
CODI_C.US,5,20211203,160000,26.8485,26.8485,26.8485,26.8485,200,0
CODI_C.US,5,20211203,172500,26.7,26.7,26.7,26.7,200,0
CODI_C.US,5,20211203,184000,26.62,26.62,26.62,26.62,100,0
CODI_C.US,5,20211203,214500,26.42,26.42,26.42,26.42,200,0
CODI_C.US,5,20211203,215500,26.5384,26.5384,26.4,26.4,300,0
CODI_C.US,5,20211206,153000,26.8,26.8,26.8,26.8,500,0
CODI_C.US,5,20211206,154000,26.48,26.48,26.48,26.48,100,0
CODI_C.US,5,20211206,155000,26.51,26.51,26.51,26.51,200,0
CODI_C.US,5,20211206,160000,26.5,26.5,26.5,26.5,179,0
CODI_C.US,5,20211206,174000,26.36,26.36,26.36,26.36,100,0
CODI_C.US,5,20211206,183000,26.73,26.73,26.58,26.58,400,0
CODI_C.US,5,20211206,183500,26.6,26.6,26.6,26.6,292,0
CODI_C.US,5,20211206,191000,26.7124,26.7124,26.71,26.71,300,0
CODI_C.US,5,20211206,194500,26.76,26.7601,26.76,26.7601,200,0
CODI_C.US,5,20211206,195000,26.8199,26.8199,26.8178,26.8178,300,0
CODI_C.US,5,20211206,205000,26.65,26.65,26.57,26.57,500,0
CODI_C.US,5,20211206,215000,26.6,26.6,26.6,26.6,400,0
CODI_C.US,5,20211207,153000,26.77,26.77,26.77,26.77,200,0
CODI_C.US,5,20211207,184000,26.78,26.78,26.78,26.78,100,0
CODI_C.US,5,20211207,184500,26.804,26.804,26.804,26.804,100,0
CODI_C.US,5,20211207,194000,26.805,26.805,26.76,26.76,400,0
CODI_C.US,5,20211207,194500,26.76,26.76,26.5,26.75,1442,0
CODI_C.US,5,20211207,211500,26.58,26.58,26.5525,26.5525,200,0
CODI_C.US,5,20211207,212500,26.5196,26.5196,26.5196,26.5196,200,0
CODI_C.US,5,20211207,214000,26.52,26.58,26.47,26.58,2392,0
CODI_C.US,5,20211207,214500,26.46,26.64,26.45,26.45,2608,0
CODI_C.US,5,20211208,153000,26.41,26.41,26.41,26.41,200,0
CODI_C.US,5,20211208,155000,26.57,26.57,26.57,26.57,100,0
CODI_C.US,5,20211208,160500,26.51,26.51,26.51,26.51,200,0
CODI_C.US,5,20211208,161000,26.43,26.5709,26.43,26.5709,200,0
CODI_C.US,5,20211208,171000,26.7103,26.7103,26.6,26.6,611,0
CODI_C.US,5,20211208,171500,26.58,26.58,26.58,26.58,400,0
CODI_C.US,5,20211208,182000,26.5,26.55,26.5,26.55,1984,0
CODI_C.US,5,20211208,182500,26.6,26.6,26.6,26.6,364,0
CODI_C.US,5,20211208,185500,26.6455,26.6455,26.6455,26.6455,680,0
CODI_C.US,5,20211208,192500,26.6455,26.6455,26.6455,26.6455,950,0
CODI_C.US,5,20211208,195000,26.6175,26.6175,26.6175,26.6175,925,0
CODI_C.US,5,20211208,200000,26.626,26.626,26.6072,26.6072,3735,0
CODI_C.US,5,20211208,200500,26.51,26.6,26.5,26.6,1398,0
CODI_C.US,5,20211209,155000,26.62,26.62,26.62,26.62,100,0
CODI_C.US,5,20211209,160500,26.62,26.62,26.62,26.62,288,0
CODI_C.US,5,20211209,163000,26.655,26.655,26.655,26.655,600,0
CODI_C.US,5,20211209,174500,26.56,26.66,26.56,26.63,358,0
CODI_C.US,5,20211209,181000,26.56,26.56,26.56,26.56,265,0
CODI_C.US,5,20211209,182500,26.56,26.56,26.56,26.56,500,0
CODI_C.US,5,20211209,190000,26.55,26.56,26.441,26.5217,700,0
CODI_C.US,5,20211209,200500,26.53,26.53,26.5299,26.53,420,0
CODI_C.US,5,20211209,202500,26.41,26.41,26.3811,26.4,1117,0
CODI_C.US,5,20211209,212500,26.46,26.46,26.4505,26.4505,200,0
CODI_C.US,5,20211209,213500,26.46,26.46,26.46,26.46,700,0
CODI_C.US,5,20211210,155500,26.4836,26.52,26.3916,26.3916,1600,0
CODI_C.US,5,20211210,160000,26.446,26.446,26.3901,26.3901,1802,0
CODI_C.US,5,20211210,160500,26.41,26.41,26.41,26.41,100,0
CODI_C.US,5,20211210,171000,26.462,26.462,26.462,26.462,100,0
CODI_C.US,5,20211210,171500,26.41,26.424,26.41,26.424,200,0
CODI_C.US,5,20211210,173000,26.385,26.4389,26.385,26.4,400,0
CODI_C.US,5,20211210,175500,26.36,26.36,26.36,26.36,700,0
CODI_C.US,5,20211210,180000,26.43,26.457,26.43,26.457,400,0
CODI_C.US,5,20211210,184500,26.4389,26.4389,26.4252,26.43,500,0
CODI_C.US,5,20211210,192500,26.44,26.44,26.431,26.431,200,0
CODI_C.US,5,20211210,193000,26.43,26.47,26.42,26.4586,600,0
CODI_C.US,5,20211213,153000,26.46,26.46,26.46,26.46,430,0
CODI_C.US,5,20211213,154000,26.45,26.45,26.4,26.427,2879,0
CODI_C.US,5,20211213,154500,26.4265,26.46,26.4265,26.46,2600,0
CODI_C.US,5,20211213,155500,26.3818,26.3818,26.3818,26.3818,200,0
CODI_C.US,5,20211213,161000,26.459,26.46,26.42,26.42,759,0
CODI_C.US,5,20211213,164000,26.5162,26.5162,26.5,26.5,760,0
CODI_C.US,5,20211213,172500,26.5,26.5,26.5,26.5,500,0
CODI_C.US,5,20211213,190000,26.55,26.55,26.55,26.55,100,0
CODI_C.US,5,20211213,195500,26.55,26.55,26.55,26.55,400,0
CODI_C.US,5,20211213,205000,26.5,26.5,26.5,26.5,1114,0
CODI_C.US,5,20211213,213000,26.39,26.39,26.39,26.39,100,0
CODI_C.US,5,20211213,214000,26.42,26.42,26.42,26.42,100,0
CODI_C.US,5,20211213,215500,26.45,26.45,26.45,26.45,100,0
CODI_C.US,5,20211214,164500,26.51,26.51,26.51,26.51,100,0
CODI_C.US,5,20211214,165500,26.46,26.46,26.45,26.45,579,0
CODI_C.US,5,20211214,184500,26.5386,26.5386,26.5386,26.5386,100,0
CODI_C.US,5,20211214,210500,26.4,26.4,26.37,26.37,982,0
CODI_C.US,5,20211214,215500,26.42,26.42,26.42,26.42,200,0
CODI_C.US,5,20211215,175000,26.43,26.45,26.43,26.4489,500,0
CODI_C.US,5,20211215,203000,26.46,26.51,26.46,26.51,200,0
CODI_C.US,5,20211215,204000,26.39,26.49,26.38,26.38,1100,0
CODI_C.US,5,20211215,204500,26.38,26.38,26.38,26.38,949,0
CODI_C.US,5,20211215,205500,26.36,26.36,26.36,26.36,255,0
CODI_C.US,5,20211215,210000,26.36,26.36,26.36,26.36,600,0
CODI_C.US,5,20211215,213000,26.349,26.349,26.31,26.31,300,0
CODI_C.US,5,20211215,213500,26.34,26.34,26.3197,26.3197,282,0
CODI_C.US,5,20211215,214000,26.36,26.4455,26.36,26.4455,200,0
CODI_C.US,5,20211215,215500,26.345,26.4,26.345,26.4,400,0
CODI_C.US,5,20211216,153000,26.6999,26.6999,26.6999,26.6999,400,0
CODI_C.US,5,20211216,155000,26.42,26.42,26.42,26.42,200,0
CODI_C.US,5,20211216,163000,26.54,26.54,26.54,26.54,100,0
CODI_C.US,5,20211216,174500,26.475,26.61,26.475,26.61,363,0
CODI_C.US,5,20211216,180000,26.61,26.6256,26.61,26.62,800,0
CODI_C.US,5,20211216,193500,26.53,26.53,26.53,26.53,675,0
CODI_C.US,5,20211216,203000,26.64,26.64,26.64,26.64,254,0
CODI_C.US,5,20211216,212000,26.6916,26.6916,26.6916,26.6916,100,0
CODI_C.US,5,20211216,213500,26.7,26.7,26.7,26.7,100,0
CODI_C.US,5,20211216,215000,26.63,26.63,26.63,26.63,100,0
CODI_C.US,5,20211216,215500,26.67,26.67,26.67,26.67,100,0
CODI_C.US,5,20211217,201000,26.6401,26.6401,26.6401,26.6401,150,0
CODI_C.US,5,20211217,202000,26.6621,26.67,26.6621,26.67,300,0
CODI_C.US,5,20211217,214000,26.67,26.67,26.67,26.67,100,0
CODI_C.US,5,20211220,153000,26.7,26.7,26.7,26.7,500,0
CODI_C.US,5,20211220,160500,26.6301,26.6301,26.6301,26.6301,200,0
CODI_C.US,5,20211220,172000,26.6643,26.6643,26.6643,26.6643,150,0
CODI_C.US,5,20211220,175500,26.675,26.68,26.67,26.67,716,0
CODI_C.US,5,20211220,181000,26.7,26.7,26.7,26.7,100,0
CODI_C.US,5,20211220,190000,26.651,26.6545,26.58,26.58,925,0
CODI_C.US,5,20211220,213500,26.6344,26.6344,26.6,26.6344,500,0
CODI_C.US,5,20211221,165500,26.58,26.66,26.56,26.6,3050,0
CODI_C.US,5,20211221,175000,26.58,26.645,26.58,26.6178,1187,0
CODI_C.US,5,20211221,175500,26.55,26.55,26.55,26.55,200,0
CODI_C.US,5,20211221,180500,26.6264,26.6264,26.6264,26.6264,293,0
CODI_C.US,5,20211221,181500,26.5999,26.5999,26.5999,26.5999,800,0
CODI_C.US,5,20211221,182500,26.56,26.57,26.56,26.57,440,0
CODI_C.US,5,20211221,183500,26.55,26.55,26.54,26.54,506,0
CODI_C.US,5,20211221,184500,26.52,26.52,26.5,26.5,356,0
CODI_C.US,5,20211221,185000,26.51,26.56,26.51,26.55,721,0
CODI_C.US,5,20211221,192500,26.52,26.5268,26.52,26.5268,385,0
CODI_C.US,5,20211221,200500,26.5472,26.55,26.51,26.5115,1040,0
CODI_C.US,5,20211221,202500,26.51,26.5101,26.51,26.5101,400,0
CODI_C.US,5,20211222,162000,26.653,26.653,26.653,26.653,500,0
CODI_C.US,5,20211222,190500,26.59,26.65,26.59,26.59,1000,0
CODI_C.US,5,20211222,191000,26.65,26.65,26.59,26.59,300,0
CODI_C.US,5,20211222,204000,26.57,26.57,26.561,26.561,493,0
CODI_C.US,5,20211222,204500,26.581,26.615,26.581,26.615,300,0
CODI_C.US,5,20211222,210000,26.615,26.615,26.581,26.581,900,0
CODI_C.US,5,20211222,213000,26.5697,26.5697,26.5697,26.5697,300,0
CODI_C.US,5,20211222,213500,26.615,26.615,26.581,26.581,300,0
CODI_C.US,5,20211223,163000,26.5965,26.6,26.59,26.6,500,0
CODI_C.US,5,20211223,173000,26.63,26.63,26.63,26.63,100,0
CODI_C.US,5,20211223,184500,26.68,26.68,26.68,26.68,200,0
CODI_C.US,5,20211223,185500,26.62,26.6201,26.62,26.6201,314,0
CODI_C.US,5,20211223,212500,26.6751,26.74,26.655,26.74,1124,0
