<TICKER>,<PER>,<DATE>,<TIME>,<OPEN>,<HIGH>,<LOW>,<CLOSE>,<VOL>,<OPENINT>
COF_G.US,5,20211104,143000,25.29,25.29,25.29,25.29,107,0
COF_G.US,5,20211104,151000,25.29,25.2901,25.29,25.29,7391,0
COF_G.US,5,20211104,153000,25.3,25.3,25.2975,25.2975,385,0
COF_G.US,5,20211104,154500,25.295,25.3,25.2901,25.3,1380,0
COF_G.US,5,20211104,155000,25.2989,25.2989,25.2989,25.2989,154,0
COF_G.US,5,20211104,155500,25.29,25.29,25.29,25.29,100,0
COF_G.US,5,20211104,161500,25.29,25.295,25.29,25.295,830,0
COF_G.US,5,20211104,162500,25.29,25.3,25.29,25.3,1000,0
COF_G.US,5,20211104,163000,25.29,25.29,25.29,25.29,100,0
COF_G.US,5,20211104,171000,25.29,25.29,25.29,25.29,100,0
COF_G.US,5,20211104,172500,25.29,25.2914,25.29,25.2914,1986,0
COF_G.US,5,20211104,173500,25.3,25.3,25.3,25.3,200,0
COF_G.US,5,20211104,174000,25.294,25.3,25.294,25.3,4476,0
COF_G.US,5,20211104,175000,25.295,25.2975,25.295,25.2975,200,0
COF_G.US,5,20211104,175500,25.29,25.3,25.29,25.3,8167,0
COF_G.US,5,20211104,181000,25.2988,25.2988,25.2988,25.2988,104,0
COF_G.US,5,20211104,184000,25.2999,25.2999,25.2999,25.2999,114,0
COF_G.US,5,20211104,184500,25.2975,25.2975,25.2975,25.2975,624,0
COF_G.US,5,20211104,185000,25.3,25.3,25.295,25.295,300,0
COF_G.US,5,20211104,185500,25.295,25.295,25.295,25.295,1100,0
COF_G.US,5,20211104,192000,25.29,25.3,25.29,25.3,6120,0
COF_G.US,5,20211104,192500,25.3,25.3,25.295,25.295,500,0
COF_G.US,5,20211104,193000,25.3,25.3,25.3,25.3,700,0
COF_G.US,5,20211104,195500,25.31,25.31,25.31,25.31,433,0
COF_G.US,5,20211104,200000,25.305,25.305,25.305,25.305,300,0
COF_G.US,5,20211104,201000,25.3,25.3,25.3,25.3,100,0
COF_G.US,5,20211104,202000,25.3,25.3,25.3,25.3,400,0
COF_G.US,5,20211104,202500,25.2902,25.2902,25.2902,25.2902,758,0
COF_G.US,5,20211104,203000,25.3,25.3,25.3,25.3,100,0
COF_G.US,5,20211104,203500,25.29,25.29,25.29,25.29,500,0
COF_G.US,5,20211104,204000,25.305,25.305,25.305,25.305,100,0
COF_G.US,5,20211104,205500,25.32,25.32,25.32,25.32,2232,0
COF_G.US,5,20211105,143000,25.29,25.32,25.29,25.32,264,0
COF_G.US,5,20211105,143500,25.32,25.32,25.32,25.32,224,0
COF_G.US,5,20211105,145000,25.32,25.32,25.32,25.32,342,0
COF_G.US,5,20211105,150500,25.32,25.32,25.3151,25.3151,1400,0
COF_G.US,5,20211105,152500,25.3003,25.3003,25.3,25.3,1306,0
COF_G.US,5,20211105,153000,25.3002,25.3002,25.3002,25.3002,500,0
COF_G.US,5,20211105,153500,25.3,25.3,25.29,25.29,1309,0
COF_G.US,5,20211105,154000,25.29,25.2903,25.29,25.29,2582,0
COF_G.US,5,20211105,155500,25.3,25.3,25.3,25.3,234,0
COF_G.US,5,20211105,160500,25.295,25.295,25.295,25.295,100,0
COF_G.US,5,20211105,162500,25.3,25.3,25.3,25.3,125,0
COF_G.US,5,20211105,171500,25.29,25.29,25.29,25.29,396,0
COF_G.US,5,20211105,172500,25.3,25.3,25.3,25.3,172,0
COF_G.US,5,20211105,181000,25.295,25.295,25.295,25.295,221,0
COF_G.US,5,20211105,181500,25.29,25.2936,25.29,25.2936,778,0
COF_G.US,5,20211105,182500,25.3,25.3,25.29,25.29,281,0
COF_G.US,5,20211105,190500,25.2942,25.2945,25.29,25.2945,2000,0
COF_G.US,5,20211105,192500,25.29,25.29,25.29,25.29,400,0
COF_G.US,5,20211105,193000,25.29,25.2901,25.29,25.2901,1100,0
COF_G.US,5,20211105,193500,25.3,25.3,25.3,25.3,100,0
COF_G.US,5,20211105,194500,25.3,25.3,25.29,25.29,3963,0
COF_G.US,5,20211105,195000,25.29,25.29,25.29,25.29,400,0
COF_G.US,5,20211105,200500,25.3,25.3,25.3,25.3,749,0
COF_G.US,5,20211105,201000,25.31,25.31,25.31,25.31,325,0
COF_G.US,5,20211105,202000,25.2945,25.2945,25.2945,25.2945,212,0
COF_G.US,5,20211105,203000,25.31,25.31,25.31,25.31,284,0
COF_G.US,5,20211105,204500,25.31,25.31,25.31,25.31,133,0
COF_G.US,5,20211105,205000,25.31,25.31,25.31,25.31,200,0
COF_G.US,5,20211105,205500,25.31,25.31,25.31,25.31,188,0
COF_G.US,5,20211108,153000,25.3,25.3,25.29,25.29,1939,0
COF_G.US,5,20211108,154000,25.2999,25.2999,25.2999,25.2999,4000,0
COF_G.US,5,20211108,155000,25.29,25.29,25.29,25.29,500,0
COF_G.US,5,20211108,160500,25.295,25.3,25.295,25.3,3100,0
COF_G.US,5,20211108,161500,25.295,25.3,25.295,25.3,450,0
COF_G.US,5,20211108,171000,25.3,25.31,25.3,25.31,351,0
COF_G.US,5,20211108,171500,25.3033,25.3033,25.3033,25.3033,700,0
COF_G.US,5,20211108,175000,25.3,25.3,25.3,25.3,100,0
COF_G.US,5,20211108,182500,25.3,25.3,25.3,25.3,3161,0
COF_G.US,5,20211108,184000,25.3,25.3,25.3,25.3,420,0
COF_G.US,5,20211108,184500,25.3,25.3028,25.3,25.3028,1000,0
COF_G.US,5,20211108,185500,25.29,25.29,25.29,25.29,100,0
COF_G.US,5,20211108,190500,25.2925,25.2925,25.2925,25.2925,200,0
COF_G.US,5,20211108,192000,25.3,25.3,25.3,25.3,500,0
COF_G.US,5,20211108,193500,25.2953,25.2953,25.2953,25.2953,1000,0
COF_G.US,5,20211108,194500,25.3,25.3,25.3,25.3,644,0
COF_G.US,5,20211108,202500,25.29,25.29,25.29,25.29,100,0
COF_G.US,5,20211108,203000,25.2902,25.2902,25.2902,25.2902,400,0
COF_G.US,5,20211108,204500,25.3,25.3,25.3,25.3,100,0
COF_G.US,5,20211108,205500,25.29,25.29,25.29,25.29,2489,0
COF_G.US,5,20211108,210000,25.29,25.29,25.29,25.29,235,0
COF_G.US,5,20211108,212000,25.29,25.29,25.29,25.29,100,0
COF_G.US,5,20211108,212500,25.29,25.29,25.29,25.29,100,0
COF_G.US,5,20211108,213500,25.2901,25.3,25.29,25.3,14020,0
COF_G.US,5,20211108,214000,25.3,25.3,25.3,25.3,400,0
COF_G.US,5,20211108,215500,25.3,25.3,25.3,25.3,200,0
COF_G.US,5,20211109,153000,25.3,25.3,25.3,25.3,556,0
COF_G.US,5,20211109,160500,25.305,25.305,25.3,25.3,450,0
COF_G.US,5,20211109,161000,25.31,25.31,25.31,25.31,141,0
COF_G.US,5,20211109,162000,25.31,25.31,25.31,25.31,6900,0
COF_G.US,5,20211109,170000,25.3,25.3,25.3,25.3,425,0
COF_G.US,5,20211109,171000,25.3,25.3054,25.3,25.3054,2943,0
COF_G.US,5,20211109,172000,25.3039,25.3039,25.3039,25.3039,305,0
COF_G.US,5,20211109,175500,25.3,25.3,25.3,25.3,1800,0
COF_G.US,5,20211109,180500,25.3,25.3,25.3,25.3,100,0
COF_G.US,5,20211109,182500,25.3,25.3,25.3,25.3,100,0
COF_G.US,5,20211109,183500,25.31,25.31,25.31,25.31,500,0
COF_G.US,5,20211109,185000,25.3073,25.31,25.3073,25.31,6966,0
COF_G.US,5,20211109,193000,25.31,25.31,25.31,25.31,100,0
COF_G.US,5,20211109,194500,25.31,25.31,25.31,25.31,200,0
COF_G.US,5,20211109,195000,25.3065,25.3065,25.3065,25.3065,500,0
COF_G.US,5,20211109,201000,25.31,25.3116,25.31,25.31,1100,0
COF_G.US,5,20211109,205500,25.31,25.31,25.31,25.31,200,0
COF_G.US,5,20211109,210000,25.32,25.32,25.32,25.32,161,0
COF_G.US,5,20211109,212500,25.31,25.31,25.31,25.31,100,0
COF_G.US,5,20211109,213500,25.3101,25.3101,25.31,25.31,400,0
COF_G.US,5,20211109,214000,25.31,25.31,25.31,25.31,100,0
COF_G.US,5,20211109,214500,25.31,25.31,25.31,25.31,118,0
COF_G.US,5,20211109,215000,25.32,25.32,25.32,25.32,521,0
COF_G.US,5,20211109,215500,25.31,25.31,25.31,25.31,100,0
COF_G.US,5,20211110,153000,25.31,25.31,25.31,25.31,590,0
COF_G.US,5,20211110,155500,25.31,25.3127,25.31,25.31,1526,0
COF_G.US,5,20211110,160500,25.31,25.315,25.31,25.315,560,0
COF_G.US,5,20211110,161500,25.31,25.31,25.31,25.31,320,0
COF_G.US,5,20211110,163500,25.31,25.31,25.31,25.31,100,0
COF_G.US,5,20211110,164000,25.31,25.3101,25.31,25.31,1885,0
COF_G.US,5,20211110,164500,25.31,25.31,25.31,25.31,934,0
COF_G.US,5,20211110,165000,25.31,25.31,25.31,25.31,300,0
COF_G.US,5,20211110,170500,25.31,25.31,25.31,25.31,700,0
COF_G.US,5,20211110,171000,25.31,25.31,25.31,25.31,100,0
COF_G.US,5,20211110,172000,25.31,25.315,25.31,25.315,2800,0
COF_G.US,5,20211110,173500,25.31,25.31,25.31,25.31,100,0
COF_G.US,5,20211110,183000,25.31,25.31,25.31,25.31,100,0
COF_G.US,5,20211110,184500,25.31,25.31,25.31,25.31,120,0
COF_G.US,5,20211110,190000,25.31,25.31,25.31,25.31,1247,0
COF_G.US,5,20211110,192000,25.31,25.31,25.31,25.31,200,0
COF_G.US,5,20211110,194000,25.315,25.315,25.315,25.315,148,0
COF_G.US,5,20211110,195000,25.31,25.31,25.31,25.31,388,0
COF_G.US,5,20211110,195500,25.3175,25.3175,25.3175,25.3175,400,0
COF_G.US,5,20211110,200500,25.315,25.315,25.31,25.31,200,0
COF_G.US,5,20211110,201500,25.31,25.32,25.31,25.317,3100,0
COF_G.US,5,20211110,204000,25.315,25.315,25.315,25.315,1000,0
COF_G.US,5,20211110,205500,25.31,25.31,25.31,25.31,100,0
COF_G.US,5,20211110,210500,25.31,25.31,25.31,25.31,100,0
COF_G.US,5,20211110,211500,25.31,25.315,25.3,25.303,3866,0
COF_G.US,5,20211110,212000,25.3,25.3,25.3,25.3,100,0
COF_G.US,5,20211110,212500,25.3,25.3,25.3,25.3,900,0
COF_G.US,5,20211110,214000,25.3,25.3,25.3,25.3,200,0
COF_G.US,5,20211110,215500,25.3,25.32,25.3,25.32,1372,0
COF_G.US,5,20211111,153000,25.31,25.31,25.31,25.31,226,0
COF_G.US,5,20211111,155500,25.31,25.3142,25.31,25.3102,500,0
COF_G.US,5,20211111,161000,25.31,25.31,25.3,25.3,3072,0
COF_G.US,5,20211111,163500,25.2956,25.3,25.295,25.3,800,0
COF_G.US,5,20211111,165000,25.3,25.3,25.3,25.3,574,0
COF_G.US,5,20211111,171000,25.29,25.29,25.29,25.29,388,0
COF_G.US,5,20211111,172000,25.29,25.29,25.29,25.29,16978,0
COF_G.US,5,20211111,173000,25.29,25.2925,25.29,25.2925,800,0
COF_G.US,5,20211111,175000,25.29,25.29,25.29,25.29,100,0
COF_G.US,5,20211111,185500,25.3,25.3,25.3,25.3,200,0
COF_G.US,5,20211111,195500,25.29,25.29,25.29,25.29,100,0
COF_G.US,5,20211111,202000,25.29,25.29,25.29,25.29,1000,0
COF_G.US,5,20211111,203500,25.2944,25.2944,25.29,25.29,3747,0
COF_G.US,5,20211111,204000,25.29,25.295,25.29,25.295,5586,0
COF_G.US,5,20211111,204500,25.29,25.295,25.29,25.295,2938,0
COF_G.US,5,20211111,205000,25.2901,25.2901,25.29,25.29,6052,0
COF_G.US,5,20211111,205500,25.29,25.3,25.29,25.3,3184,0
COF_G.US,5,20211111,211500,25.2999,25.2999,25.29,25.29,341,0
COF_G.US,5,20211111,212500,25.3,25.3,25.3,25.3,892,0
COF_G.US,5,20211111,213000,25.3,25.3,25.3,25.3,800,0
COF_G.US,5,20211111,214000,25.2974,25.2974,25.2974,25.2974,1200,0
COF_G.US,5,20211111,214500,25.295,25.295,25.295,25.295,1800,0
COF_G.US,5,20211111,215000,25.3,25.3,25.2916,25.2998,900,0
COF_G.US,5,20211111,215500,25.295,25.295,25.29,25.29,3371,0
COF_G.US,5,20211112,153000,24.99,24.99,24.98,24.98,300,0
COF_G.US,5,20211112,155000,24.97,24.98,24.97,24.98,500,0
COF_G.US,5,20211112,160000,24.9756,24.9756,24.9756,24.9756,200,0
COF_G.US,5,20211112,160500,24.975,24.975,24.975,24.975,100,0
COF_G.US,5,20211112,161500,24.975,24.975,24.975,24.975,100,0
COF_G.US,5,20211112,162000,24.975,24.98,24.975,24.98,285,0
COF_G.US,5,20211112,163000,24.975,24.975,24.975,24.975,100,0
COF_G.US,5,20211112,164000,24.98,24.98,24.975,24.975,700,0
COF_G.US,5,20211112,164500,24.98,24.98,24.98,24.98,1800,0
COF_G.US,5,20211112,165000,24.98,24.98,24.98,24.98,198,0
COF_G.US,5,20211112,170500,24.99,24.99,24.99,24.99,382,0
COF_G.US,5,20211112,171000,24.98,24.98,24.98,24.98,600,0
COF_G.US,5,20211112,171500,24.98,24.98,24.98,24.98,3000,0
COF_G.US,5,20211112,173000,24.985,24.985,24.985,24.985,100,0
COF_G.US,5,20211112,173500,24.98,24.98,24.98,24.98,1500,0
COF_G.US,5,20211112,174500,24.98,24.9884,24.98,24.9884,2296,0
COF_G.US,5,20211112,175000,24.98,24.98,24.98,24.98,800,0
COF_G.US,5,20211112,184500,24.98,24.98,24.98,24.98,200,0
COF_G.US,5,20211112,185500,24.98,24.98,24.98,24.98,100,0
COF_G.US,5,20211112,190000,24.9899,24.9899,24.9899,24.9899,300,0
COF_G.US,5,20211112,192000,24.985,24.985,24.985,24.985,650,0
COF_G.US,5,20211112,194000,24.98,24.98,24.98,24.98,100,0
COF_G.US,5,20211112,194500,24.9899,24.9899,24.9899,24.9899,400,0
COF_G.US,5,20211112,195000,24.99,24.99,24.9858,24.99,1200,0
COF_G.US,5,20211112,195500,24.99,24.99,24.99,24.99,210,0
COF_G.US,5,20211112,200000,24.989,24.989,24.989,24.989,150,0
COF_G.US,5,20211112,202000,24.98,24.98,24.98,24.98,776,0
COF_G.US,5,20211112,204000,24.98,24.98,24.98,24.98,100,0
COF_G.US,5,20211112,211500,24.99,24.99,24.99,24.99,100,0
COF_G.US,5,20211112,212000,24.985,24.985,24.98,24.98,600,0
COF_G.US,5,20211112,212500,24.98,24.98,24.98,24.98,100,0
COF_G.US,5,20211112,214500,24.9824,24.9824,24.98,24.98,844,0
COF_G.US,5,20211112,215000,24.9801,24.9801,24.98,24.98,209,0
COF_G.US,5,20211112,215500,24.98,24.98,24.98,24.98,1764,0
COF_G.US,5,20211115,153000,24.98,24.98,24.98,24.98,100,0
COF_G.US,5,20211115,171000,24.98,24.98,24.98,24.98,160,0
COF_G.US,5,20211115,174000,24.985,24.9867,24.98,24.9867,806,0
COF_G.US,5,20211115,182500,24.985,24.985,24.985,24.985,500,0
COF_G.US,5,20211115,183500,24.9841,24.9841,24.98,24.98,1600,0
COF_G.US,5,20211115,185000,24.98,24.98,24.98,24.98,3250,0
COF_G.US,5,20211115,191000,24.98,24.98,24.98,24.98,192,0
COF_G.US,5,20211115,191500,24.98,24.9836,24.98,24.9836,499,0
COF_G.US,5,20211115,192500,24.98,24.98,24.98,24.98,230,0
COF_G.US,5,20211115,193000,24.9802,24.9802,24.98,24.98,1700,0
COF_G.US,5,20211115,193500,24.98,24.98,24.98,24.98,400,0
COF_G.US,5,20211115,200500,24.98,24.9836,24.98,24.9836,200,0
COF_G.US,5,20211115,201000,24.983,24.983,24.983,24.983,200,0
COF_G.US,5,20211115,213000,24.9889,24.9889,24.9889,24.9889,100,0
COF_G.US,5,20211115,215000,24.9899,24.99,24.985,24.99,600,0
COF_G.US,5,20211115,215500,24.9801,24.9813,24.98,24.98,2186,0
COF_G.US,5,20211116,153000,24.98,24.98,24.98,24.98,2090,0
COF_G.US,5,20211116,154500,24.98,24.9801,24.98,24.9801,682,0
COF_G.US,5,20211116,155500,24.98,24.98,24.98,24.98,1100,0
COF_G.US,5,20211116,161000,24.985,24.985,24.985,24.985,500,0
COF_G.US,5,20211116,161500,24.985,24.985,24.985,24.985,100,0
COF_G.US,5,20211116,164000,24.9801,24.9801,24.98,24.98,2900,0
COF_G.US,5,20211116,172500,24.9863,24.9863,24.9863,24.9863,200,0
COF_G.US,5,20211116,173500,24.99,24.99,24.99,24.99,300,0
COF_G.US,5,20211116,174000,24.985,24.985,24.98,24.98,500,0
COF_G.US,5,20211116,180500,24.98,24.9801,24.98,24.9801,994,0
COF_G.US,5,20211116,181000,24.985,24.985,24.985,24.985,400,0
COF_G.US,5,20211116,185500,24.99,24.99,24.99,24.99,100,0
COF_G.US,5,20211116,201500,24.98,24.98,24.98,24.98,936,0
COF_G.US,5,20211116,212500,24.9889,24.9889,24.9889,24.9889,135,0
COF_G.US,5,20211116,213000,24.981,24.981,24.981,24.981,250,0
COF_G.US,5,20211116,213500,24.99,24.99,24.99,24.99,184,0
COF_G.US,5,20211116,214000,24.98,24.98,24.98,24.98,116,0
COF_G.US,5,20211116,215000,24.99,24.99,24.99,24.99,154,0
COF_G.US,5,20211116,215500,24.98,24.98,24.98,24.98,1377,0
COF_G.US,5,20211117,153000,24.99,24.99,24.99,24.99,200,0
COF_G.US,5,20211117,153500,24.985,24.985,24.985,24.985,710,0
COF_G.US,5,20211117,155000,24.98,24.98,24.98,24.98,100,0
COF_G.US,5,20211117,161500,24.98,24.9836,24.98,24.9836,800,0
COF_G.US,5,20211117,162500,24.98,24.98,24.98,24.98,100,0
COF_G.US,5,20211117,163000,24.99,24.99,24.99,24.99,600,0
COF_G.US,5,20211117,170000,24.98,24.98,24.98,24.98,100,0
COF_G.US,5,20211117,173500,24.98,24.98,24.98,24.98,100,0
COF_G.US,5,20211117,174500,24.9899,24.9899,24.9899,24.9899,205,0
COF_G.US,5,20211117,175500,24.98,24.98,24.98,24.98,200,0
COF_G.US,5,20211117,182000,24.98,24.98,24.98,24.98,100,0
COF_G.US,5,20211117,182500,24.985,24.985,24.985,24.985,200,0
COF_G.US,5,20211117,183000,24.985,24.985,24.98,24.98,890,0
COF_G.US,5,20211117,183500,24.985,24.985,24.985,24.985,133,0
COF_G.US,5,20211117,184500,24.98,24.9801,24.98,24.9801,666,0
COF_G.US,5,20211117,185000,24.99,24.99,24.99,24.99,2090,0
COF_G.US,5,20211117,185500,24.9825,24.9842,24.98,24.98,595,0
COF_G.US,5,20211117,190000,24.98,24.99,24.98,24.99,300,0
COF_G.US,5,20211117,190500,24.98,24.98,24.98,24.98,500,0
COF_G.US,5,20211117,191000,24.98,24.98,24.98,24.98,100,0
COF_G.US,5,20211117,200000,24.98,24.98,24.98,24.98,100,0
COF_G.US,5,20211117,202500,24.99,24.99,24.99,24.99,500,0
COF_G.US,5,20211117,204000,24.98,24.98,24.98,24.98,100,0
COF_G.US,5,20211117,210500,24.98,24.9801,24.98,24.9801,1000,0
COF_G.US,5,20211117,211500,24.9832,24.9832,24.98,24.98,670,0
COF_G.US,5,20211117,212000,24.98,24.98,24.98,24.98,100,0
COF_G.US,5,20211117,213000,24.985,24.99,24.985,24.99,202,0
COF_G.US,5,20211117,214000,24.9801,24.9801,24.98,24.98,200,0
COF_G.US,5,20211117,215000,24.983,24.983,24.98,24.9802,3010,0
COF_G.US,5,20211117,215500,24.98,24.9863,24.98,24.98,5116,0
COF_G.US,5,20211118,153000,24.98,24.98,24.98,24.98,509,0
COF_G.US,5,20211118,154500,24.98,24.98,24.98,24.98,3074,0
COF_G.US,5,20211118,160000,24.98,24.98,24.98,24.98,1992,0
COF_G.US,5,20211118,160500,24.98,24.985,24.98,24.985,1166,0
COF_G.US,5,20211118,161000,24.983,24.983,24.983,24.983,500,0
COF_G.US,5,20211118,162000,24.98,24.98,24.98,24.98,200,0
COF_G.US,5,20211118,163500,24.98,24.98,24.98,24.98,500,0
COF_G.US,5,20211118,164000,24.98,24.98,24.98,24.98,100,0
COF_G.US,5,20211118,164500,24.98,24.98,24.98,24.98,600,0
COF_G.US,5,20211118,170000,24.98,24.9899,24.98,24.9899,1100,0
COF_G.US,5,20211118,171000,24.98,24.98,24.98,24.98,500,0
COF_G.US,5,20211118,172000,24.98,24.98,24.98,24.98,500,0
COF_G.US,5,20211118,172500,24.98,24.98,24.98,24.98,600,0
COF_G.US,5,20211118,173000,24.99,24.99,24.99,24.99,572,0
COF_G.US,5,20211118,173500,24.98,24.98,24.98,24.98,100,0
COF_G.US,5,20211118,174500,24.98,24.98,24.98,24.98,400,0
COF_G.US,5,20211118,175000,24.98,24.98,24.98,24.98,188,0
COF_G.US,5,20211118,175500,24.98,24.98,24.98,24.98,200,0
COF_G.US,5,20211118,180000,24.98,24.98,24.98,24.98,147,0
COF_G.US,5,20211118,180500,24.98,24.98,24.98,24.98,1200,0
COF_G.US,5,20211118,181500,24.98,24.98,24.98,24.98,100,0
COF_G.US,5,20211118,182000,24.98,24.98,24.98,24.98,200,0
COF_G.US,5,20211118,183000,24.985,24.985,24.985,24.985,350,0
COF_G.US,5,20211118,184500,24.98,24.9842,24.98,24.9842,1100,0
COF_G.US,5,20211118,185000,24.99,24.99,24.99,24.99,819,0
COF_G.US,5,20211118,191000,24.9855,24.9855,24.98,24.98,350,0
COF_G.US,5,20211118,193500,24.98,24.9826,24.98,24.9826,800,0
COF_G.US,5,20211118,195500,24.98,24.985,24.98,24.985,2643,0
COF_G.US,5,20211118,203000,24.98,24.98,24.98,24.98,970,0
COF_G.US,5,20211118,205000,24.98,24.98,24.98,24.98,100,0
COF_G.US,5,20211118,210000,24.98,24.98,24.98,24.98,490,0
COF_G.US,5,20211118,213000,24.98,24.98,24.98,24.98,100,0
COF_G.US,5,20211118,214500,24.98,24.9801,24.98,24.9801,940,0
COF_G.US,5,20211118,215000,24.98,24.989,24.98,24.989,300,0
COF_G.US,5,20211118,215500,24.98,24.98,24.98,24.98,3416,0
COF_G.US,5,20211119,153000,24.98,24.98,24.98,24.98,1275,0
COF_G.US,5,20211119,154000,24.98,24.98,24.98,24.98,1000,0
COF_G.US,5,20211119,155500,24.985,24.985,24.98,24.9801,600,0
COF_G.US,5,20211119,160000,24.99,24.99,24.99,24.99,200,0
COF_G.US,5,20211119,161000,24.989,24.989,24.989,24.989,200,0
COF_G.US,5,20211119,164500,24.98,24.98,24.98,24.98,1706,0
COF_G.US,5,20211119,170000,24.98,24.98,24.98,24.98,100,0
COF_G.US,5,20211119,174000,24.98,24.98,24.98,24.98,100,0
COF_G.US,5,20211119,174500,24.98,24.98,24.98,24.98,317,0
COF_G.US,5,20211119,175000,24.9891,24.9891,24.9811,24.9813,1051,0
COF_G.US,5,20211119,182000,24.985,24.985,24.985,24.985,1077,0
COF_G.US,5,20211119,183500,24.98,24.98,24.98,24.98,1767,0
COF_G.US,5,20211119,192500,24.98,24.98,24.98,24.98,100,0
COF_G.US,5,20211119,193500,24.9837,24.9837,24.9837,24.9837,200,0
COF_G.US,5,20211119,195500,24.98,24.985,24.98,24.985,3813,0
COF_G.US,5,20211119,200000,24.9836,24.9836,24.98,24.98,4800,0
COF_G.US,5,20211119,201000,24.98,24.98,24.98,24.98,33320,0
COF_G.US,5,20211119,201500,24.98,24.9817,24.98,24.98,700,0
COF_G.US,5,20211119,203000,24.985,24.985,24.985,24.985,200,0
COF_G.US,5,20211119,205000,24.98,24.9801,24.98,24.9801,1358,0
COF_G.US,5,20211119,205500,24.98,24.9802,24.98,24.9802,694,0
COF_G.US,5,20211119,212000,24.99,24.99,24.99,24.99,517,0
COF_G.US,5,20211119,212500,24.98,24.98,24.98,24.98,100,0
COF_G.US,5,20211119,214500,24.98,24.985,24.98,24.985,1100,0
COF_G.US,5,20211119,215000,24.9815,24.99,24.98,24.99,4955,0
COF_G.US,5,20211122,153000,24.98,24.98,24.98,24.98,1502,0
COF_G.US,5,20211122,154000,24.9875,24.9875,24.9875,24.9875,400,0
COF_G.US,5,20211122,160500,24.98,24.98,24.98,24.98,800,0
COF_G.US,5,20211122,161500,24.9892,24.9892,24.98,24.98,700,0
COF_G.US,5,20211122,162000,24.985,24.99,24.98,24.984,2250,0
COF_G.US,5,20211122,164500,24.9856,24.9856,24.9856,24.9856,400,0
COF_G.US,5,20211122,170500,24.985,24.985,24.985,24.985,500,0
COF_G.US,5,20211122,175000,24.98,24.98,24.98,24.98,300,0
COF_G.US,5,20211122,180000,24.98,24.99,24.98,24.99,2837,0
COF_G.US,5,20211122,180500,24.985,24.99,24.985,24.985,700,0
COF_G.US,5,20211122,185000,24.9894,24.9894,24.9894,24.9894,1200,0
COF_G.US,5,20211122,192500,24.9899,24.99,24.9899,24.99,500,0
COF_G.US,5,20211122,193000,24.98,24.98,24.98,24.98,100,0
COF_G.US,5,20211122,195000,24.99,24.99,24.99,24.99,450,0
COF_G.US,5,20211122,201500,24.98,24.98,24.98,24.98,400,0
COF_G.US,5,20211122,210500,24.9899,24.9899,24.9899,24.9899,200,0
COF_G.US,5,20211122,212500,24.98,24.98,24.98,24.98,100,0
COF_G.US,5,20211122,214000,24.98,24.98,24.98,24.98,100,0
COF_G.US,5,20211122,215000,24.98,24.98,24.98,24.98,100,0
COF_G.US,5,20211122,215500,24.98,24.98,24.98,24.98,215,0
COF_G.US,5,20211123,153000,24.99,24.99,24.983,24.983,1383,0
COF_G.US,5,20211123,153500,24.9856,24.9856,24.9856,24.9856,200,0
COF_G.US,5,20211123,154500,24.985,24.9897,24.985,24.9897,200,0
COF_G.US,5,20211123,155500,24.985,24.99,24.985,24.99,400,0
COF_G.US,5,20211123,160500,24.98,24.98,24.98,24.98,100,0
COF_G.US,5,20211123,161000,24.98,24.98,24.98,24.98,100,0
COF_G.US,5,20211123,161500,24.985,24.985,24.985,24.985,700,0
COF_G.US,5,20211123,162000,24.99,24.99,24.985,24.985,2400,0
COF_G.US,5,20211123,162500,24.985,24.985,24.985,24.985,400,0
COF_G.US,5,20211123,163500,24.98,24.98,24.98,24.98,100,0
COF_G.US,5,20211123,164000,24.98,24.9899,24.98,24.98,1200,0
COF_G.US,5,20211123,164500,24.98,24.985,24.98,24.985,600,0
COF_G.US,5,20211123,165000,24.98,24.98,24.98,24.98,100,0
COF_G.US,5,20211123,170000,24.98,24.98,24.98,24.98,1100,0
COF_G.US,5,20211123,170500,24.98,24.98,24.98,24.98,100,0
COF_G.US,5,20211123,171000,24.98,24.98,24.98,24.98,100,0
COF_G.US,5,20211123,171500,24.98,24.98,24.98,24.98,100,0
COF_G.US,5,20211123,172000,24.99,24.99,24.98,24.98,1100,0
COF_G.US,5,20211123,172500,24.99,24.99,24.99,24.99,1000,0
COF_G.US,5,20211123,173000,24.98,24.98,24.98,24.98,100,0
COF_G.US,5,20211123,173500,24.98,24.98,24.98,24.98,100,0
COF_G.US,5,20211123,174000,24.98,24.98,24.98,24.98,100,0
COF_G.US,5,20211123,174500,24.98,24.98,24.98,24.98,100,0
COF_G.US,5,20211123,175000,24.98,24.98,24.98,24.98,100,0
COF_G.US,5,20211123,180000,24.98,24.99,24.98,24.99,2100,0
COF_G.US,5,20211123,180500,24.98,24.98,24.98,24.98,500,0
COF_G.US,5,20211123,181000,24.98,24.98,24.98,24.98,100,0
COF_G.US,5,20211123,181500,24.98,24.98,24.98,24.98,100,0
COF_G.US,5,20211123,182000,24.9813,24.9813,24.98,24.98,300,0
COF_G.US,5,20211123,183000,24.98,24.98,24.98,24.98,100,0
COF_G.US,5,20211123,183500,24.98,24.98,24.98,24.98,100,0
COF_G.US,5,20211123,184000,24.98,24.98,24.98,24.98,100,0
COF_G.US,5,20211123,184500,24.98,24.98,24.98,24.98,100,0
COF_G.US,5,20211123,185000,24.98,24.98,24.98,24.98,100,0
COF_G.US,5,20211123,185500,24.98,24.98,24.98,24.98,150,0
COF_G.US,5,20211123,190000,24.98,24.9899,24.98,24.9899,1505,0
COF_G.US,5,20211123,190500,24.98,24.98,24.98,24.98,100,0
COF_G.US,5,20211123,191000,24.98,24.98,24.98,24.98,100,0
COF_G.US,5,20211123,191500,24.98,24.98,24.98,24.98,100,0
COF_G.US,5,20211123,192000,24.98,24.98,24.98,24.98,100,0
COF_G.US,5,20211123,193000,24.98,24.98,24.98,24.98,100,0
COF_G.US,5,20211123,193500,24.98,24.98,24.98,24.98,100,0
COF_G.US,5,20211123,194000,24.98,24.98,24.98,24.98,100,0
COF_G.US,5,20211123,194500,24.98,24.985,24.98,24.985,1100,0
COF_G.US,5,20211123,195000,24.98,24.98,24.98,24.98,100,0
COF_G.US,5,20211123,195500,24.985,24.985,24.985,24.985,125,0
COF_G.US,5,20211123,200000,24.98,24.99,24.98,24.99,1300,0
COF_G.US,5,20211123,201000,24.98,24.98,24.98,24.98,100,0
COF_G.US,5,20211123,201500,24.99,24.99,24.98,24.98,800,0
COF_G.US,5,20211123,202000,24.98,24.98,24.98,24.98,100,0
COF_G.US,5,20211123,203000,24.98,24.98,24.98,24.98,100,0
COF_G.US,5,20211123,203500,24.98,24.98,24.98,24.98,100,0
COF_G.US,5,20211123,204000,24.985,24.99,24.985,24.99,1000,0
COF_G.US,5,20211123,204500,24.98,24.98,24.98,24.98,100,0
COF_G.US,5,20211123,205000,24.98,24.98,24.98,24.98,100,0
COF_G.US,5,20211123,210000,24.98,24.9813,24.98,24.9813,272,0
COF_G.US,5,20211123,210500,24.98,24.98,24.98,24.98,100,0
COF_G.US,5,20211123,211000,24.98,24.98,24.98,24.98,200,0
COF_G.US,5,20211123,211500,24.98,24.98,24.98,24.98,100,0
COF_G.US,5,20211123,212000,24.98,24.98,24.98,24.98,100,0
COF_G.US,5,20211123,212500,24.9835,24.9835,24.9835,24.9835,2430,0
COF_G.US,5,20211123,213000,24.98,24.98,24.98,24.98,2630,0
COF_G.US,5,20211123,213500,24.98,24.98,24.98,24.98,100,0
COF_G.US,5,20211123,214000,24.98,24.98,24.98,24.98,200,0
COF_G.US,5,20211123,214500,24.9825,24.9825,24.98,24.98,1700,0
COF_G.US,5,20211123,215000,24.9846,24.9846,24.9846,24.9846,3000,0
COF_G.US,5,20211123,215500,24.9801,24.985,24.98,24.98,1483,0
COF_G.US,5,20211124,153000,24.98,24.99,24.98,24.985,1076,0
COF_G.US,5,20211124,154000,24.9899,24.9899,24.9899,24.9899,500,0
COF_G.US,5,20211124,154500,24.985,24.99,24.985,24.99,1000,0
COF_G.US,5,20211124,155000,24.985,24.99,24.985,24.99,3378,0
COF_G.US,5,20211124,161000,24.99,24.99,24.99,24.99,100,0
COF_G.US,5,20211124,161500,24.99,24.99,24.99,24.99,100,0
COF_G.US,5,20211124,163500,24.98,24.9832,24.98,24.9832,1100,0
COF_G.US,5,20211124,164000,24.98,24.98,24.98,24.98,100,0
COF_G.US,5,20211124,164500,24.99,24.99,24.98,24.98,200,0
COF_G.US,5,20211124,165000,24.98,24.98,24.98,24.98,100,0
COF_G.US,5,20211124,170000,24.98,24.98,24.98,24.98,100,0
COF_G.US,5,20211124,170500,24.98,24.98,24.98,24.98,496,0
COF_G.US,5,20211124,171000,24.98,24.98,24.98,24.98,100,0
COF_G.US,5,20211124,171500,24.98,24.98,24.98,24.98,100,0
COF_G.US,5,20211124,172000,24.98,24.98,24.98,24.98,100,0
COF_G.US,5,20211124,173000,24.98,24.985,24.98,24.985,1096,0
COF_G.US,5,20211124,173500,24.98,24.98,24.98,24.98,100,0
COF_G.US,5,20211124,174000,24.98,24.98,24.98,24.98,100,0
COF_G.US,5,20211124,174500,24.98,24.98,24.98,24.98,100,0
COF_G.US,5,20211124,175000,24.98,24.98,24.98,24.98,100,0
COF_G.US,5,20211124,180000,24.989,24.989,24.989,24.989,200,0
COF_G.US,5,20211124,181000,24.98,24.98,24.98,24.98,100,0
COF_G.US,5,20211124,181500,24.98,24.98,24.98,24.98,100,0
COF_G.US,5,20211124,182000,24.98,24.98,24.98,24.98,100,0
COF_G.US,5,20211124,183000,24.98,24.99,24.98,24.99,300,0
COF_G.US,5,20211124,183500,24.98,24.98,24.98,24.98,100,0
COF_G.US,5,20211124,184000,24.9817,24.9817,24.98,24.98,225,0
COF_G.US,5,20211124,184500,24.98,24.98,24.98,24.98,100,0
COF_G.US,5,20211124,185000,24.98,24.98,24.98,24.98,100,0
COF_G.US,5,20211124,190000,24.98,24.98,24.98,24.98,100,0
COF_G.US,5,20211124,190500,24.98,24.98,24.98,24.98,100,0
COF_G.US,5,20211124,191000,24.98,24.98,24.98,24.98,100,0
COF_G.US,5,20211124,191500,24.98,24.98,24.98,24.98,100,0
COF_G.US,5,20211124,192000,24.98,24.98,24.98,24.98,100,0
COF_G.US,5,20211124,193000,24.98,24.98,24.98,24.98,100,0
COF_G.US,5,20211124,193500,24.98,24.98,24.98,24.98,100,0
COF_G.US,5,20211124,194000,24.98,24.985,24.98,24.985,250,0
COF_G.US,5,20211124,194500,24.98,24.98,24.98,24.98,100,0
COF_G.US,5,20211124,195000,24.98,24.98,24.98,24.98,100,0
COF_G.US,5,20211124,200000,24.98,24.985,24.98,24.985,200,0
COF_G.US,5,20211124,200500,24.98,24.98,24.98,24.98,100,0
COF_G.US,5,20211124,201000,24.98,24.98,24.98,24.98,100,0
COF_G.US,5,20211124,201500,24.98,24.98,24.98,24.98,100,0
COF_G.US,5,20211124,202000,24.98,24.98,24.98,24.98,100,0
COF_G.US,5,20211124,203000,24.98,24.98,24.98,24.98,100,0
COF_G.US,5,20211124,203500,24.98,24.98,24.98,24.98,100,0
COF_G.US,5,20211124,204000,24.98,24.98,24.98,24.98,100,0
COF_G.US,5,20211124,204500,24.98,24.98,24.98,24.98,100,0
COF_G.US,5,20211124,205000,24.98,24.98,24.98,24.98,100,0
COF_G.US,5,20211124,210000,24.98,24.98,24.98,24.98,100,0
COF_G.US,5,20211124,210500,24.98,24.98,24.98,24.98,100,0
COF_G.US,5,20211124,211000,24.98,24.98,24.98,24.98,100,0
COF_G.US,5,20211124,211500,24.98,24.9845,24.98,24.9845,2100,0
COF_G.US,5,20211124,212000,24.98,24.98,24.98,24.98,100,0
COF_G.US,5,20211124,212500,24.985,24.985,24.98,24.98,1100,0
COF_G.US,5,20211124,213000,24.98,24.98,24.98,24.98,100,0
COF_G.US,5,20211124,213500,24.98,24.98,24.98,24.98,100,0
COF_G.US,5,20211124,214000,24.98,24.98,24.98,24.98,100,0
COF_G.US,5,20211124,214500,24.98,24.98,24.98,24.98,300,0
COF_G.US,5,20211124,215500,24.99,24.99,24.99,24.99,100,0
COF_G.US,5,20211126,153000,24.98,24.98,24.98,24.98,100,0
COF_G.US,5,20211126,153500,25,25,25,25,100,0
COF_G.US,5,20211126,154000,24.995,24.995,24.995,24.995,200,0
COF_G.US,5,20211126,155000,25,25,24.99,24.99,799,0
COF_G.US,5,20211126,163000,24.99,24.99,24.98,24.98,2400,0
COF_G.US,5,20211126,163500,24.98,24.98,24.98,24.98,2100,0
COF_G.US,5,20211126,170500,24.98,24.98,24.98,24.98,100,0
COF_G.US,5,20211126,172000,24.9893,24.9893,24.9893,24.9893,800,0
COF_G.US,5,20211126,172500,24.98,24.98,24.98,24.98,100,0
COF_G.US,5,20211126,173000,24.987,24.99,24.98,24.98,500,0
COF_G.US,5,20211126,174500,24.98,24.98,24.98,24.98,880,0
COF_G.US,5,20211126,175000,24.98,24.98,24.98,24.98,200,0
COF_G.US,5,20211126,175500,24.98,24.98,24.98,24.98,10000,0
COF_G.US,5,20211126,182500,24.985,24.99,24.98,24.9801,1497,0
COF_G.US,5,20211126,183500,24.99,24.99,24.9899,24.9899,985,0
COF_G.US,5,20211126,184500,24.9898,24.9898,24.98,24.98,5200,0
COF_G.US,5,20211126,185000,24.98,24.98,24.98,24.98,200,0
COF_G.US,5,20211129,153000,25,25,24.99,24.99,857,0
COF_G.US,5,20211129,153500,24.98,24.98,24.98,24.98,200,0
COF_G.US,5,20211129,154000,24.98,24.98,24.98,24.98,400,0
COF_G.US,5,20211129,155000,24.98,24.98,24.98,24.98,100,0
COF_G.US,5,20211129,155500,24.98,24.98,24.98,24.98,300,0
COF_G.US,5,20211129,160000,24.98,24.98,24.98,24.98,100,0
COF_G.US,5,20211129,160500,24.98,24.98,24.98,24.98,300,0
COF_G.US,5,20211129,161000,24.98,24.98,24.98,24.98,200,0
COF_G.US,5,20211129,161500,24.98,24.98,24.98,24.98,100,0
COF_G.US,5,20211129,162000,24.98,24.98,24.98,24.98,500,0
COF_G.US,5,20211129,162500,24.98,24.98,24.98,24.98,100,0
COF_G.US,5,20211129,163000,24.98,24.98,24.98,24.98,200,0
COF_G.US,5,20211129,163500,24.98,24.98,24.98,24.98,100,0
COF_G.US,5,20211129,164000,24.98,24.98,24.98,24.98,100,0
COF_G.US,5,20211129,164500,24.98,24.98,24.98,24.98,100,0
COF_G.US,5,20211129,165000,24.98,24.98,24.98,24.98,300,0
COF_G.US,5,20211129,165500,24.99,24.99,24.99,24.99,100,0
COF_G.US,5,20211129,170000,24.99,24.99,24.99,24.99,100,0
COF_G.US,5,20211129,170500,24.99,24.99,24.99,24.99,300,0
COF_G.US,5,20211129,171000,24.98,24.98,24.98,24.98,100,0
COF_G.US,5,20211129,171500,24.98,24.98,24.98,24.98,200,0
COF_G.US,5,20211129,172000,24.98,24.98,24.98,24.98,200,0
COF_G.US,5,20211129,173500,24.98,24.98,24.98,24.98,600,0
COF_G.US,5,20211129,183500,24.99,24.99,24.99,24.99,109,0
COF_G.US,5,20211129,184500,24.99,24.99,24.98,24.98,600,0
COF_G.US,5,20211129,205500,25,25,25,25,142,0
COF_G.US,5,20211129,215500,25,25,24.98,24.98,3210,0
COF_G.US,5,20211130,153000,24.98,24.98,24.98,24.98,5054,0
COF_G.US,5,20211130,161500,24.98,24.98,24.98,24.98,400,0
COF_G.US,5,20211130,164500,25,25,25,25,640,0
COF_G.US,5,20211130,172000,24.99,24.99,24.99,24.99,125,0
COF_G.US,5,20211130,175000,24.985,24.985,24.985,24.985,800,0
COF_G.US,5,20211130,181500,24.99,25,24.99,25,1391,0
COF_G.US,5,20211130,193500,25,25,25,25,800,0
COF_G.US,5,20211130,195500,24.995,24.995,24.995,24.995,495,0
COF_G.US,5,20211130,202000,24.9945,24.9945,24.9945,24.9945,200,0
COF_G.US,5,20211130,203500,25,25,24.9958,24.9958,1500,0
COF_G.US,5,20211130,211500,24.9908,25,24.9908,25,1319,0
COF_G.US,5,20211130,212500,24.99,24.99,24.99,24.99,1335,0
COF_G.US,5,20211130,213000,24.98,24.99,24.98,24.9857,15901,0
COF_G.US,5,20211130,213500,24.9858,24.99,24.9858,24.99,400,0
COF_G.US,5,20211130,215000,24.99,25,24.99,25,600,0
COF_G.US,5,20211130,215500,24.9856,25,24.9856,25,34655,0
