<TICKER>,<PER>,<DATE>,<TIME>,<OPEN>,<HIGH>,<LOW>,<CLOSE>,<VOL>,<OPENINT>
CRT.US,5,20211104,143000,14.06,14.06,14.06,14.06,100,0
CRT.US,5,20211104,144000,14.0986,14.0986,14.0986,14.0986,150,0
CRT.US,5,20211104,152000,14.095,14.095,14.095,14.095,100,0
CRT.US,5,20211104,152500,14.03,14.03,14.03,14.03,300,0
CRT.US,5,20211104,155000,14.03,14.03,14,14.02,2062,0
CRT.US,5,20211104,160000,13.97,13.97,13.97,13.97,100,0
CRT.US,5,20211104,161500,13.9,13.9,13.9,13.9,100,0
CRT.US,5,20211104,162000,14,14,14,14,100,0
CRT.US,5,20211104,164500,14.025,14.025,14.025,14.025,400,0
CRT.US,5,20211104,165000,13.99,13.99,13.99,13.99,151,0
CRT.US,5,20211104,165500,14,14,14,14,650,0
CRT.US,5,20211104,170000,13.95,13.95,13.95,13.95,100,0
CRT.US,5,20211104,171000,13.95,13.95,13.95,13.95,200,0
CRT.US,5,20211104,173000,13.92,13.94,13.9,13.94,3521,0
CRT.US,5,20211104,173500,13.85,13.9079,13.83,13.9079,1900,0
CRT.US,5,20211104,175000,13.9151,13.9151,13.9151,13.9151,1000,0
CRT.US,5,20211104,180000,13.8885,13.8885,13.8885,13.8885,300,0
CRT.US,5,20211104,180500,13.79,13.85,13.74,13.85,5726,0
CRT.US,5,20211104,182500,13.87,13.87,13.87,13.87,300,0
CRT.US,5,20211104,183500,13.85,13.85,13.85,13.85,300,0
CRT.US,5,20211104,184500,13.8042,13.86,13.8042,13.85,6290,0
CRT.US,5,20211104,190000,13.8734,13.8734,13.8734,13.8734,100,0
CRT.US,5,20211104,190500,13.84,13.84,13.84,13.84,160,0
CRT.US,5,20211104,192000,13.8072,13.98,13.8072,13.97,2249,0
CRT.US,5,20211104,195500,13.895,13.96,13.895,13.96,385,0
CRT.US,5,20211104,200000,13.895,13.895,13.895,13.895,185,0
CRT.US,5,20211104,200500,13.8703,13.8703,13.8703,13.8703,1000,0
CRT.US,5,20211104,201000,13.93,13.93,13.93,13.93,128,0
CRT.US,5,20211104,202500,13.96,14.05,13.96,14.05,500,0
CRT.US,5,20211104,203000,14.03,14.03,14.03,14.03,300,0
CRT.US,5,20211104,205500,13.98,13.98,13.98,13.98,242,0
CRT.US,5,20211105,143000,13.98,13.98,13.98,13.98,1008,0
CRT.US,5,20211105,143500,14.0332,14.13,14.0332,14.12,1877,0
CRT.US,5,20211105,144000,14.05,14.12,14.05,14.1198,2463,0
CRT.US,5,20211105,151000,14.0999,14.0999,14.0999,14.0999,100,0
CRT.US,5,20211105,153000,14.04,14.04,14.04,14.04,150,0
CRT.US,5,20211105,155000,14.1,14.1,14.1,14.1,400,0
CRT.US,5,20211105,160000,14.08,14.08,14.08,14.08,225,0
CRT.US,5,20211105,160500,14.0656,14.0656,14.0656,14.0656,100,0
CRT.US,5,20211105,162000,14.0344,14.0344,14.0344,14.0344,100,0
CRT.US,5,20211105,164000,14.14,14.14,14.14,14.14,185,0
CRT.US,5,20211105,165000,14.095,14.095,14.095,14.095,729,0
CRT.US,5,20211105,170000,14.1,14.1,14.1,14.1,100,0
CRT.US,5,20211105,170500,14.1,14.1,14.1,14.1,175,0
CRT.US,5,20211105,171000,14.14,14.19,14.14,14.19,1066,0
CRT.US,5,20211105,174500,14.25,14.25,14.25,14.25,400,0
CRT.US,5,20211105,175500,14.3,14.35,14.3,14.35,2000,0
CRT.US,5,20211105,180000,14.34,14.34,14.34,14.34,200,0
CRT.US,5,20211105,180500,14.28,14.28,14.28,14.28,174,0
CRT.US,5,20211105,181000,14.21,14.22,14.21,14.21,700,0
CRT.US,5,20211105,182000,14.21,14.21,14.21,14.21,100,0
CRT.US,5,20211105,184500,14.25,14.25,14.25,14.25,100,0
CRT.US,5,20211105,185000,14.25,14.25,14.23,14.23,1873,0
CRT.US,5,20211105,190000,14.23,14.23,14.23,14.23,200,0
CRT.US,5,20211105,190500,14.25,14.25,14.25,14.25,500,0
CRT.US,5,20211105,191000,14.23,14.23,14.23,14.23,500,0
CRT.US,5,20211105,195000,14.23,14.23,14.23,14.23,200,0
CRT.US,5,20211105,195500,14.25,14.31,14.25,14.31,450,0
CRT.US,5,20211105,201000,14.3,14.31,14.3,14.31,500,0
CRT.US,5,20211105,203000,14.35,14.35,14.315,14.315,300,0
CRT.US,5,20211105,203500,14.35,14.35,14.35,14.35,278,0
CRT.US,5,20211105,204500,14.32,14.32,14.32,14.32,500,0
CRT.US,5,20211105,205000,14.3,14.32,14.3,14.32,200,0
CRT.US,5,20211105,205500,14.29,14.29,14.29,14.29,200,0
CRT.US,5,20211108,153000,14.35,14.3999,14.35,14.3999,837,0
CRT.US,5,20211108,153500,14.275,14.275,14.1593,14.1593,934,0
CRT.US,5,20211108,154000,14.2244,14.2244,14.2244,14.2244,1034,0
CRT.US,5,20211108,155000,14.1625,14.1625,14.1625,14.1625,1000,0
CRT.US,5,20211108,155500,14.16,14.16,14.16,14.16,200,0
CRT.US,5,20211108,160000,14.24,14.24,14.24,14.24,1400,0
CRT.US,5,20211108,164000,14.18,14.18,14.18,14.18,540,0
CRT.US,5,20211108,170000,14.25,14.25,14.25,14.25,400,0
CRT.US,5,20211108,170500,14.25,14.25,14.24,14.24,1592,0
CRT.US,5,20211108,172000,14.2785,14.2785,14.2401,14.2401,2500,0
CRT.US,5,20211108,174000,14.316,14.316,14.305,14.305,437,0
CRT.US,5,20211108,175000,14.305,14.36,14.305,14.36,500,0
CRT.US,5,20211108,181000,14.39,14.39,14.39,14.39,400,0
CRT.US,5,20211108,181500,14.37,14.37,14.37,14.37,500,0
CRT.US,5,20211108,193000,14.29,14.2912,14.24,14.24,600,0
CRT.US,5,20211108,193500,14.28,14.28,14.28,14.28,100,0
CRT.US,5,20211108,194500,14.1301,14.1301,14.1301,14.1301,100,0
CRT.US,5,20211108,200000,14.23,14.23,14.23,14.23,200,0
CRT.US,5,20211108,200500,14.25,14.25,14.25,14.25,200,0
CRT.US,5,20211108,203000,14.205,14.25,14.205,14.205,2200,0
CRT.US,5,20211108,204000,14.28,14.28,14.28,14.28,200,0
CRT.US,5,20211108,205500,14.29,14.3,14.29,14.3,500,0
CRT.US,5,20211108,211500,14.3,14.3,14.3,14.3,200,0
CRT.US,5,20211108,212000,14.24,14.24,14.02,14.02,6720,0
CRT.US,5,20211108,214000,14.0401,14.0401,14.0401,14.0401,100,0
CRT.US,5,20211108,214500,14.0902,14.0902,14.0902,14.0902,408,0
CRT.US,5,20211108,215500,14.17,14.17,14.17,14.17,217,0
CRT.US,5,20211109,160500,14.18,14.18,14.18,14.18,300,0
CRT.US,5,20211109,161000,14.1686,14.1686,14.1686,14.1686,150,0
CRT.US,5,20211109,163000,14.15,14.15,14.095,14.095,1900,0
CRT.US,5,20211109,164500,14.06,14.09,14,14,1000,0
CRT.US,5,20211109,170000,14,14.1499,14,14.1499,1429,0
CRT.US,5,20211109,172000,14,14,14,14,350,0
CRT.US,5,20211109,173000,14.01,14.01,14,14,250,0
CRT.US,5,20211109,174000,13.98,13.98,13.97,13.9702,1190,0
CRT.US,5,20211109,175000,13.975,13.975,13.975,13.975,100,0
CRT.US,5,20211109,180500,13.975,13.975,13.975,13.975,175,0
CRT.US,5,20211109,181500,13.92,13.92,13.72,13.72,1376,0
CRT.US,5,20211109,182000,13.74,13.74,13.7208,13.7208,992,0
CRT.US,5,20211109,183000,13.7501,13.7501,13.7501,13.7501,200,0
CRT.US,5,20211109,184000,13.7602,13.7602,13.7602,13.7602,2005,0
CRT.US,5,20211109,185000,13.9725,13.9725,13.97,13.97,383,0
CRT.US,5,20211109,185500,14,14,13.905,13.92,1000,0
CRT.US,5,20211109,191000,13.915,13.915,13.915,13.915,200,0
CRT.US,5,20211109,193000,13.92,13.92,13.92,13.92,200,0
CRT.US,5,20211109,195000,13.95,13.95,13.92,13.92,1200,0
CRT.US,5,20211109,200000,13.925,13.925,13.925,13.925,311,0
CRT.US,5,20211109,203500,13.91,13.91,13.91,13.91,115,0
CRT.US,5,20211109,211000,14,14,13.97,13.97,499,0
CRT.US,5,20211109,211500,14.05,14.05,14.05,14.05,1324,0
CRT.US,5,20211109,212000,14.05,14.05,14.05,14.05,200,0
CRT.US,5,20211109,213500,14,14,14,14,100,0
CRT.US,5,20211109,215000,13.99,13.99,13.99,13.99,100,0
CRT.US,5,20211109,215500,14.02,14.02,13.86,13.86,1545,0
CRT.US,5,20211110,153000,13.99,14,13.97,13.97,347,0
CRT.US,5,20211110,154000,13.8672,13.8672,13.8672,13.8672,327,0
CRT.US,5,20211110,154500,13.935,13.935,13.935,13.935,237,0
CRT.US,5,20211110,160500,13.8601,13.8601,13.85,13.85,324,0
CRT.US,5,20211110,161000,13.85,13.85,13.85,13.85,800,0
CRT.US,5,20211110,163500,13.8801,13.8801,13.8801,13.8801,500,0
CRT.US,5,20211110,164000,13.89,13.89,13.89,13.89,100,0
CRT.US,5,20211110,165500,13.935,13.935,13.935,13.935,288,0
CRT.US,5,20211110,170500,13.9798,13.9798,13.9798,13.9798,1700,0
CRT.US,5,20211110,171000,13.97,13.97,13.97,13.97,153,0
CRT.US,5,20211110,171500,13.9,13.97,13.9,13.97,305,0
CRT.US,5,20211110,175000,13.9613,13.9613,13.9613,13.9613,100,0
CRT.US,5,20211110,184000,13.8871,13.909,13.85,13.909,1716,0
CRT.US,5,20211110,184500,13.85,13.9,13.85,13.9,1300,0
CRT.US,5,20211110,193000,13.8937,13.8937,13.8937,13.8937,100,0
CRT.US,5,20211110,194000,13.897,13.897,13.87,13.87,3930,0
CRT.US,5,20211110,195000,13.875,13.89,13.85,13.8624,4908,0
CRT.US,5,20211110,200000,13.85,13.865,13.85,13.85,6656,0
CRT.US,5,20211110,200500,13.8626,13.865,13.85,13.85,9437,0
CRT.US,5,20211110,203000,13.86,13.86,13.85,13.85,400,0
CRT.US,5,20211110,204000,13.85,13.85,13.85,13.85,300,0
CRT.US,5,20211110,204500,13.85,13.85,13.85,13.85,2599,0
CRT.US,5,20211110,205000,13.87,13.87,13.85,13.85,4368,0
CRT.US,5,20211110,205500,13.855,13.855,13.85,13.8502,603,0
CRT.US,5,20211110,210000,13.85,13.85,13.85,13.85,400,0
CRT.US,5,20211110,210500,13.855,13.855,13.855,13.855,1200,0
CRT.US,5,20211110,211000,13.855,13.855,13.85,13.85,425,0
CRT.US,5,20211110,211500,13.855,13.855,13.855,13.855,722,0
CRT.US,5,20211110,212000,13.85,13.87,13.85,13.87,400,0
CRT.US,5,20211110,215500,13.9,13.9,13.88,13.88,393,0
CRT.US,5,20211111,153000,13.96,13.96,13.96,13.96,188,0
CRT.US,5,20211111,153500,13.86,13.86,13.86,13.86,100,0
CRT.US,5,20211111,155500,14.0664,14.07,14.0664,14.07,2900,0
CRT.US,5,20211111,162000,14.0673,14.0673,14.015,14.015,570,0
CRT.US,5,20211111,162500,14.015,14.015,14.015,14.015,150,0
CRT.US,5,20211111,171500,14.07,14.07,14.07,14.07,100,0
CRT.US,5,20211111,172000,14.07,14.07,14.07,14.07,200,0
CRT.US,5,20211111,174000,14.0701,14.0701,14.0701,14.0701,130,0
CRT.US,5,20211111,180500,14.15,14.15,14.15,14.15,100,0
CRT.US,5,20211111,181000,14.15,14.15,14.1054,14.1054,253,0
CRT.US,5,20211111,183500,14.15,14.15,14.1498,14.1498,800,0
CRT.US,5,20211111,185000,14.1256,14.1256,14.1201,14.1201,2000,0
CRT.US,5,20211111,185500,14.1201,14.19,14.1201,14.19,4000,0
CRT.US,5,20211111,190000,14.14,14.16,14.1199,14.1199,1802,0
CRT.US,5,20211111,190500,14.095,14.095,14.095,14.095,150,0
CRT.US,5,20211111,192500,14.1,14.1,14.081,14.081,300,0
CRT.US,5,20211111,193500,14.12,14.15,14.06,14.06,2096,0
CRT.US,5,20211111,194000,14.0364,14.0364,14.0364,14.0364,100,0
CRT.US,5,20211111,194500,14,14,14,14,332,0
CRT.US,5,20211111,201500,14.06,14.0698,14.06,14.0698,1000,0
CRT.US,5,20211111,203000,14.14,14.14,14.08,14.0802,1600,0
CRT.US,5,20211111,211500,14.1076,14.1076,14.1076,14.1076,290,0
CRT.US,5,20211111,212500,14.03,14.03,14.03,14.03,200,0
CRT.US,5,20211111,214500,14.04,14.04,14.04,14.04,100,0
CRT.US,5,20211111,215000,14.1063,14.1063,14.1063,14.1063,2999,0
CRT.US,5,20211111,215500,13.95,13.95,13.95,13.95,263,0
CRT.US,5,20211112,153000,13.98,13.98,13.98,13.98,100,0
CRT.US,5,20211112,154000,13.96,13.96,13.96,13.96,149,0
CRT.US,5,20211112,154500,13.955,13.955,13.955,13.955,115,0
CRT.US,5,20211112,162000,13.9802,13.9802,13.9802,13.9802,750,0
CRT.US,5,20211112,163000,14.1999,14.1999,14.1999,14.1999,200,0
CRT.US,5,20211112,163500,14,14.06,14,14.06,5000,0
CRT.US,5,20211112,164000,14.02,14.02,13.99,14.002,2673,0
CRT.US,5,20211112,165500,13.85,13.85,13.5665,13.5665,1574,0
CRT.US,5,20211112,170000,13.5769,13.5769,13.5769,13.5769,101,0
CRT.US,5,20211112,170500,13.836,13.836,13.836,13.836,100,0
CRT.US,5,20211112,172500,13.79,13.79,13.79,13.79,200,0
CRT.US,5,20211112,173000,13.815,13.815,13.815,13.815,100,0
CRT.US,5,20211112,180000,13.93,13.93,13.93,13.93,100,0
CRT.US,5,20211112,181000,13.92,13.9202,13.92,13.9202,500,0
CRT.US,5,20211112,181500,13.9,13.9,13.9,13.9,800,0
CRT.US,5,20211112,184500,13.7563,13.7563,13.7563,13.7563,290,0
CRT.US,5,20211112,194000,13.76,13.7958,13.76,13.7958,650,0
CRT.US,5,20211112,194500,13.8,13.81,13.8,13.81,500,0
CRT.US,5,20211112,200000,13.76,13.76,13.75,13.75,500,0
CRT.US,5,20211112,201000,13.79,13.79,13.77,13.79,300,0
CRT.US,5,20211112,201500,13.78,13.78,13.78,13.78,100,0
CRT.US,5,20211112,205500,13.94,13.94,13.94,13.94,220,0
CRT.US,5,20211112,212000,13.94,13.95,13.91,13.91,400,0
CRT.US,5,20211112,215000,13.95,13.95,13.95,13.95,125,0
CRT.US,5,20211112,215500,13.92,13.95,13.92,13.95,340,0
CRT.US,5,20211115,153000,13.95,13.95,13.95,13.95,1003,0
CRT.US,5,20211115,153500,13.8982,13.8982,13.77,13.77,1332,0
CRT.US,5,20211115,154000,13.5501,13.6,13.5501,13.6,1071,0
CRT.US,5,20211115,154500,13.55,13.55,13.45,13.47,6614,0
CRT.US,5,20211115,155000,13.386,13.386,13.28,13.2987,5950,0
CRT.US,5,20211115,155500,13.345,13.4898,13.345,13.4898,800,0
CRT.US,5,20211115,160000,13.46,13.5,13.4527,13.47,3175,0
CRT.US,5,20211115,160500,13.5573,13.5573,13.5573,13.5573,400,0
CRT.US,5,20211115,161500,13.58,13.58,13.58,13.58,1550,0
CRT.US,5,20211115,162000,13.675,13.675,13.675,13.675,200,0
CRT.US,5,20211115,163000,13.77,13.77,13.75,13.75,600,0
CRT.US,5,20211115,163500,13.725,13.76,13.725,13.76,400,0
CRT.US,5,20211115,164000,13.69,13.69,13.69,13.69,300,0
CRT.US,5,20211115,164500,13.725,13.7699,13.725,13.7699,605,0
CRT.US,5,20211115,165000,13.6846,13.71,13.68,13.7,1650,0
CRT.US,5,20211115,171500,13.7267,13.7267,13.7267,13.7267,100,0
CRT.US,5,20211115,172000,13.69,13.7529,13.69,13.7529,1100,0
CRT.US,5,20211115,173000,13.641,13.641,13.641,13.641,405,0
CRT.US,5,20211115,174500,13.6999,13.6999,13.6999,13.6999,200,0
CRT.US,5,20211115,175000,13.664,13.664,13.664,13.664,100,0
CRT.US,5,20211115,180500,13.65,13.65,13.65,13.65,400,0
CRT.US,5,20211115,181000,13.65,13.65,13.65,13.65,600,0
CRT.US,5,20211115,182000,13.7,13.7,13.7,13.7,300,0
CRT.US,5,20211115,182500,13.7,13.71,13.7,13.71,1233,0
CRT.US,5,20211115,184500,13.66,13.66,13.66,13.66,523,0
CRT.US,5,20211115,185000,13.7232,13.7232,13.7232,13.7232,190,0
CRT.US,5,20211115,190000,13.7214,13.7214,13.7214,13.7214,100,0
CRT.US,5,20211115,192000,13.66,13.6602,13.65,13.6602,2264,0
CRT.US,5,20211115,192500,13.6,13.6896,13.6,13.6896,209,0
CRT.US,5,20211115,193000,13.67,13.72,13.67,13.72,1095,0
CRT.US,5,20211115,195000,13.68,13.68,13.68,13.68,200,0
CRT.US,5,20211115,200000,13.66,13.66,13.66,13.66,100,0
CRT.US,5,20211115,200500,13.7,13.7,13.69,13.7,300,0
CRT.US,5,20211115,201000,13.7,13.7,13.57,13.6,5517,0
CRT.US,5,20211115,202500,13.619,13.619,13.56,13.56,4400,0
CRT.US,5,20211115,203500,13.52,13.52,13.52,13.52,600,0
CRT.US,5,20211115,204000,13.51,13.51,13.5,13.5,301,0
CRT.US,5,20211115,205000,13.5,13.515,13.49,13.515,700,0
CRT.US,5,20211115,211500,13.545,13.5651,13.545,13.5651,200,0
CRT.US,5,20211115,212000,13.545,13.545,13.545,13.545,500,0
CRT.US,5,20211115,212500,13.57,13.57,13.55,13.56,1103,0
CRT.US,5,20211115,213000,13.57,13.57,13.57,13.57,100,0
CRT.US,5,20211115,213500,13.5401,13.595,13.51,13.5373,3723,0
CRT.US,5,20211115,214000,13.505,13.5099,13.375,13.457,4001,0
CRT.US,5,20211115,214500,13.49,13.49,13.49,13.49,796,0
CRT.US,5,20211115,215000,13.41,13.49,13.41,13.49,500,0
CRT.US,5,20211115,215500,13.4824,13.4888,13.4,13.4,1071,0
CRT.US,5,20211116,153000,13.2776,13.3501,13.2776,13.3501,1794,0
CRT.US,5,20211116,153500,13.4,13.4,13.3,13.31,2201,0
CRT.US,5,20211116,155000,13.3799,13.3799,13.34,13.34,1000,0
CRT.US,5,20211116,155500,13.38,13.38,13.38,13.38,100,0
CRT.US,5,20211116,160000,13.5966,13.5966,13.515,13.515,1862,0
CRT.US,5,20211116,161500,13.38,13.42,13.38,13.42,1196,0
CRT.US,5,20211116,162000,13.4,13.4,13.4,13.4,100,0
CRT.US,5,20211116,163000,13.4,13.4,13.38,13.38,700,0
CRT.US,5,20211116,165500,13.38,13.4068,13.3,13.3,2908,0
CRT.US,5,20211116,170000,13.3,13.31,13.3,13.31,1054,0
CRT.US,5,20211116,172500,13.2726,13.2726,13.2726,13.2726,111,0
CRT.US,5,20211116,173500,13.27,13.27,13.27,13.27,400,0
CRT.US,5,20211116,174500,13.3,13.3,13.29,13.29,215,0
CRT.US,5,20211116,175000,13.33,13.35,13.305,13.35,2000,0
CRT.US,5,20211116,180000,13.42,13.42,13.35,13.39,4801,0
CRT.US,5,20211116,182500,13.608,13.608,13.608,13.608,200,0
CRT.US,5,20211116,183000,13.6,13.61,13.6,13.61,807,0
CRT.US,5,20211116,183500,13.52,13.52,13.5,13.5,2600,0
CRT.US,5,20211116,184000,13.5,13.5365,13.45,13.45,2899,0
CRT.US,5,20211116,185000,13.4998,13.4998,13.4998,13.4998,1500,0
CRT.US,5,20211116,185500,13.49,13.49,13.43,13.49,900,0
CRT.US,5,20211116,190500,13.5,13.5,13.49,13.4902,2490,0
CRT.US,5,20211116,191500,13.41,13.41,13.41,13.41,301,0
CRT.US,5,20211116,192000,13.482,13.482,13.482,13.482,186,0
CRT.US,5,20211116,194500,13.5,13.53,13.4013,13.47,6450,0
CRT.US,5,20211116,195000,13.47,13.51,13.47,13.51,300,0
CRT.US,5,20211116,200000,13.526,13.54,13.515,13.53,700,0
CRT.US,5,20211116,200500,13.56,13.56,13.56,13.56,2500,0
CRT.US,5,20211116,201000,13.7,13.7,13.7,13.7,144,0
CRT.US,5,20211116,204000,13.65,13.6987,13.65,13.6987,1337,0
CRT.US,5,20211116,205000,13.69,13.7,13.69,13.69,1800,0
CRT.US,5,20211116,214000,13.745,13.745,13.745,13.745,100,0
CRT.US,5,20211116,214500,13.73,13.73,13.73,13.73,100,0
CRT.US,5,20211116,215500,13.7799,13.7799,13.55,13.75,2556,0
CRT.US,5,20211117,155500,13.63,13.63,13.6,13.6,430,0
CRT.US,5,20211117,160500,13.6,13.69,13.6,13.69,720,0
CRT.US,5,20211117,161000,13.61,13.61,13.61,13.61,275,0
CRT.US,5,20211117,161500,13.7476,13.7476,13.7476,13.7476,1000,0
CRT.US,5,20211117,164500,13.615,13.615,13.615,13.615,100,0
CRT.US,5,20211117,165000,13.6803,13.6803,13.6803,13.6803,100,0
CRT.US,5,20211117,170500,13.53,13.53,13.25,13.25,1484,0
CRT.US,5,20211117,171000,13.32,13.41,13.32,13.3592,3138,0
CRT.US,5,20211117,173500,13.53,13.5943,13.53,13.5943,1200,0
CRT.US,5,20211117,174000,13.53,13.53,13.53,13.53,100,0
CRT.US,5,20211117,174500,13.6,13.6,13.6,13.6,110,0
CRT.US,5,20211117,180500,13.5151,13.5151,13.5001,13.5001,1342,0
CRT.US,5,20211117,181500,13.42,13.42,13.4,13.4002,1020,0
CRT.US,5,20211117,182000,13.5,13.5,13.5,13.5,994,0
CRT.US,5,20211117,190500,13.576,13.576,13.576,13.576,100,0
CRT.US,5,20211117,194000,13.5,13.5,13.4837,13.4837,550,0
CRT.US,5,20211117,200500,13.45,13.45,13.45,13.45,100,0
CRT.US,5,20211117,201500,13.4718,13.4718,13.4718,13.4718,750,0
CRT.US,5,20211117,202000,13.3201,13.3201,13.3201,13.3201,388,0
CRT.US,5,20211117,204500,13.43,13.43,13.43,13.43,100,0
CRT.US,5,20211117,205000,13.43,13.43,13.43,13.43,375,0
CRT.US,5,20211117,210500,13.45,13.45,13.45,13.45,286,0
CRT.US,5,20211117,214000,13.5387,13.5387,13.5387,13.5387,150,0
CRT.US,5,20211117,215000,13.53,13.5399,13.528,13.5399,2041,0
CRT.US,5,20211117,215500,13.5,13.54,13.4601,13.52,5590,0
CRT.US,5,20211118,153000,13.62,13.62,13.5,13.5,2813,0
CRT.US,5,20211118,154000,13.5,13.515,13.5,13.515,1300,0
CRT.US,5,20211118,154500,13.53,13.53,13.5,13.5,489,0
CRT.US,5,20211118,161000,13.4,13.4,13.39,13.39,1600,0
CRT.US,5,20211118,161500,13.3385,13.35,13.3385,13.35,200,0
CRT.US,5,20211118,162000,13.27,13.28,13.25,13.28,3088,0
CRT.US,5,20211118,162500,13.055,13.11,13.055,13.11,700,0
CRT.US,5,20211118,163000,13.11,13.15,13.11,13.15,943,0
CRT.US,5,20211118,163500,13.11,13.17,13.07,13.07,2953,0
CRT.US,5,20211118,164000,13.07,13.07,13.07,13.07,100,0
CRT.US,5,20211118,164500,13.11,13.11,13.06,13.06,544,0
CRT.US,5,20211118,165000,13.08,13.11,13.05,13.11,1046,0
CRT.US,5,20211118,165500,13.1068,13.18,13.1068,13.18,802,0
CRT.US,5,20211118,170500,13.0702,13.0702,13.0702,13.0702,1000,0
CRT.US,5,20211118,171000,13.18,13.18,13.18,13.18,534,0
CRT.US,5,20211118,171500,13.19,13.2,13.18,13.2,1451,0
CRT.US,5,20211118,172000,13.29,13.29,13.28,13.28,600,0
CRT.US,5,20211118,173000,13.2446,13.2446,13.2446,13.2446,300,0
CRT.US,5,20211118,173500,13.31,13.31,13.31,13.31,150,0
CRT.US,5,20211118,174500,13.185,13.185,13.185,13.185,100,0
CRT.US,5,20211118,180000,13.1554,13.1554,13.1554,13.1554,152,0
CRT.US,5,20211118,182500,13.15,13.15,13.15,13.15,961,0
CRT.US,5,20211118,183000,13.12,13.1305,13.0301,13.0301,1051,0
CRT.US,5,20211118,183500,13.03,13.0318,12.6144,12.67,42378,0
CRT.US,5,20211118,184000,12.7,13.02,12.66,13.02,6090,0
CRT.US,5,20211118,184500,12.915,13.01,12.893,12.893,3635,0
CRT.US,5,20211118,191000,13.11,13.11,13.11,13.11,110,0
CRT.US,5,20211118,191500,13.06,13.11,13.06,13.1069,952,0
CRT.US,5,20211118,192000,13.1051,13.1051,13.1051,13.1051,250,0
CRT.US,5,20211118,192500,13.06,13.08,13.06,13.08,600,0
CRT.US,5,20211118,193000,13.1041,13.1041,13.1041,13.1041,100,0
CRT.US,5,20211118,193500,13.05,13.05,13.05,13.05,998,0
CRT.US,5,20211118,194000,13.025,13.025,12.995,13.01,1100,0
CRT.US,5,20211118,194500,12.9999,12.9999,12.94,12.94,412,0
CRT.US,5,20211118,195000,12.94,12.94,12.94,12.94,149,0
CRT.US,5,20211118,200000,12.94,12.9988,12.94,12.9988,1316,0
CRT.US,5,20211118,201500,12.95,12.9502,12.9,12.9502,1980,0
CRT.US,5,20211118,202000,12.8844,12.94,12.8844,12.94,4000,0
CRT.US,5,20211118,202500,12.96,12.96,12.96,12.96,3000,0
CRT.US,5,20211118,203000,12.9105,12.9105,12.905,12.905,817,0
CRT.US,5,20211118,203500,12.905,12.905,12.905,12.905,628,0
CRT.US,5,20211118,204000,12.8301,12.8301,12.8301,12.8301,2000,0
CRT.US,5,20211118,204500,12.84,12.85,12.83,12.85,536,0
CRT.US,5,20211118,205000,12.86,12.9,12.86,12.9,703,0
CRT.US,5,20211118,205500,12.9287,12.9287,12.905,12.905,745,0
CRT.US,5,20211118,210000,12.905,12.93,12.905,12.93,600,0
CRT.US,5,20211118,211000,12.945,13,12.945,12.98,2956,0
CRT.US,5,20211118,211500,12.95,13,12.95,13,449,0
CRT.US,5,20211118,212000,12.95,12.95,12.95,12.95,500,0
CRT.US,5,20211118,212500,13,13,12.95,12.95,300,0
CRT.US,5,20211118,213000,12.9617,12.9617,12.9617,12.9617,500,0
CRT.US,5,20211118,213500,12.96,12.961,12.94,12.94,1300,0
CRT.US,5,20211118,214000,12.92,12.92,12.9,12.9,851,0
CRT.US,5,20211118,214500,12.9187,12.93,12.8701,12.8701,2655,0
CRT.US,5,20211118,215500,12.89,12.99,12.89,12.99,439,0
CRT.US,5,20211119,153000,12.49,12.59,11.93,12.3,37439,0
CRT.US,5,20211119,153500,12.2,12.2,11.2501,11.52,13327,0
CRT.US,5,20211119,154000,11.93,11.93,11.93,11.93,260,0
CRT.US,5,20211119,154500,11.83,11.8578,11.815,11.8578,1300,0
CRT.US,5,20211119,155000,11.82,11.93,11.6501,11.92,3919,0
CRT.US,5,20211119,155500,11.7001,11.9099,11.7,11.845,11593,0
CRT.US,5,20211119,160000,11.85,11.85,11.75,11.77,2718,0
CRT.US,5,20211119,160500,11.74,11.75,11.69,11.75,2800,0
CRT.US,5,20211119,161000,11.6701,11.7,11.65,11.7,3218,0
CRT.US,5,20211119,161500,11.65,11.65,11.59,11.625,860,0
CRT.US,5,20211119,162000,11.57,11.57,11.53,11.53,1310,0
CRT.US,5,20211119,162500,11.5263,11.53,11.41,11.41,5375,0
CRT.US,5,20211119,163000,11.43,11.4385,11.16,11.1718,10110,0
CRT.US,5,20211119,163500,11.28,11.5113,11.25,11.485,1555,0
CRT.US,5,20211119,164000,11.48,11.53,11.352,11.465,4701,0
CRT.US,5,20211119,164500,11.52,11.53,11.509,11.53,8500,0
CRT.US,5,20211119,165000,11.59,11.59,11.51,11.5199,1800,0
CRT.US,5,20211119,165500,11.5198,11.5198,11.49,11.51,4079,0
CRT.US,5,20211119,170000,11.58,11.59,11.4,11.45,6350,0
CRT.US,5,20211119,170500,11.3912,11.3912,11.3912,11.3912,250,0
CRT.US,5,20211119,171500,11.315,11.315,11.2773,11.28,874,0
CRT.US,5,20211119,172000,11.27,11.27,11.26,11.26,1874,0
CRT.US,5,20211119,173000,11.2973,11.2973,11.2973,11.2973,200,0
CRT.US,5,20211119,173500,11.3,11.375,11.2601,11.2601,550,0
CRT.US,5,20211119,174000,11.2788,11.2788,11.25,11.2501,1435,0
CRT.US,5,20211119,174500,11.2499,11.2499,11.2499,11.2499,450,0
CRT.US,5,20211119,175500,11.2499,11.25,11.24,11.25,1217,0
CRT.US,5,20211119,180000,11.243,11.2499,11.243,11.2499,200,0
CRT.US,5,20211119,180500,11.2495,11.2495,11.23,11.246,1645,0
CRT.US,5,20211119,181000,11.246,11.246,11.22,11.22,869,0
CRT.US,5,20211119,181500,11.2273,11.2273,11.2133,11.22,350,0
CRT.US,5,20211119,182000,11.2292,11.2292,11.2292,11.2292,300,0
CRT.US,5,20211119,183000,11.225,11.23,11.22,11.23,871,0
CRT.US,5,20211119,183500,11.24,11.265,11.235,11.265,2195,0
CRT.US,5,20211119,184500,11.2574,11.2599,11.2414,11.2575,3650,0
CRT.US,5,20211119,185000,11.235,11.235,11.23,11.23,1423,0
CRT.US,5,20211119,190000,11.235,11.235,11.235,11.235,100,0
CRT.US,5,20211119,190500,11.24,11.24,11.235,11.24,2300,0
CRT.US,5,20211119,191000,11.24,11.24,11.24,11.24,300,0
CRT.US,5,20211119,192000,11.24,11.24,11.2,11.2,2893,0
CRT.US,5,20211119,192500,11.203,11.203,11.203,11.203,100,0
CRT.US,5,20211119,193000,11.2097,11.2097,11.2097,11.2097,770,0
CRT.US,5,20211119,193500,11.2,11.2,11.1,11.1,4647,0
CRT.US,5,20211119,194000,11.105,11.1097,11.1,11.1,1095,0
CRT.US,5,20211119,194500,11.105,11.1096,11.0535,11.0597,3865,0
CRT.US,5,20211119,195000,11.055,11.1,11.055,11.09,1679,0
CRT.US,5,20211119,195500,11.0976,11.0976,11.075,11.075,1096,0
CRT.US,5,20211119,200000,11.09,11.15,11.0844,11.1,1155,0
CRT.US,5,20211119,200500,11.15,11.15,11.116,11.116,498,0
CRT.US,5,20211119,201000,11.13,11.18,11.12,11.12,885,0
CRT.US,5,20211119,201500,11.1097,11.12,11.1097,11.12,1050,0
CRT.US,5,20211119,202000,11.16,11.16,11.1191,11.14,900,0
CRT.US,5,20211119,202500,11.175,11.175,11.1745,11.1745,1196,0
CRT.US,5,20211119,203500,11.1801,11.192,11.16,11.16,936,0
CRT.US,5,20211119,204000,11.19,11.19,11.19,11.19,100,0
CRT.US,5,20211119,205500,11.175,11.1977,11.175,11.1977,1100,0
CRT.US,5,20211119,210500,11.2,11.2298,11.18,11.2298,2292,0
CRT.US,5,20211119,211000,11.2,11.23,11.2,11.23,300,0
CRT.US,5,20211119,211500,11.215,11.2423,11.215,11.23,1141,0
CRT.US,5,20211119,212000,11.225,11.31,11.225,11.31,2132,0
CRT.US,5,20211119,212500,11.33,11.34,11.24,11.24,998,0
CRT.US,5,20211119,213000,11.3,11.3,11.3,11.3,100,0
CRT.US,5,20211119,213500,11.2986,11.2986,11.2986,11.2986,100,0
CRT.US,5,20211119,214000,11.28,11.33,11.28,11.31,704,0
CRT.US,5,20211119,214500,11.31,11.345,11.31,11.345,1100,0
CRT.US,5,20211119,215000,11.37,11.455,11.37,11.4326,1399,0
CRT.US,5,20211119,215500,11.57,11.57,11.35,11.35,3550,0
CRT.US,5,20211122,153000,11.38,11.56,11.35,11.455,4469,0
CRT.US,5,20211122,153500,11.35,11.3853,11.35,11.3853,1200,0
CRT.US,5,20211122,154000,11.4365,11.4365,11.36,11.37,1166,0
CRT.US,5,20211122,154500,11.55,11.55,11.38,11.5107,500,0
CRT.US,5,20211122,155000,11.5099,11.5099,11.3121,11.335,6809,0
CRT.US,5,20211122,155500,11.391,11.4651,11.374,11.42,4000,0
CRT.US,5,20211122,160000,11.42,11.52,11.42,11.46,671,0
CRT.US,5,20211122,161000,11.46,11.465,11.46,11.465,1164,0
CRT.US,5,20211122,161500,11.5191,11.52,11.47,11.47,2467,0
CRT.US,5,20211122,162000,11.53,11.53,11.48,11.48,237,0
CRT.US,5,20211122,163000,11.5845,11.5845,11.5789,11.5789,259,0
CRT.US,5,20211122,163500,11.67,11.67,11.5501,11.5501,3117,0
CRT.US,5,20211122,164500,11.6872,11.6872,11.6856,11.6856,400,0
CRT.US,5,20211122,165000,11.65,11.7,11.59,11.65,1753,0
CRT.US,5,20211122,165500,11.65,11.65,11.595,11.595,970,0
CRT.US,5,20211122,170000,11.6,11.63,11.5826,11.5826,400,0
CRT.US,5,20211122,170500,11.6588,11.6588,11.59,11.59,200,0
CRT.US,5,20211122,171000,11.62,11.62,11.62,11.62,500,0
CRT.US,5,20211122,171500,11.59,11.625,11.58,11.625,2162,0
CRT.US,5,20211122,172000,11.6,11.6,11.6,11.6,100,0
CRT.US,5,20211122,173500,11.57,11.57,11.56,11.56,496,0
CRT.US,5,20211122,174000,11.5093,11.555,11.5,11.555,2046,0
CRT.US,5,20211122,174500,11.56,11.56,11.51,11.51,300,0
CRT.US,5,20211122,175000,11.5,11.5,11.4,11.46,2558,0
CRT.US,5,20211122,175500,11.4,11.4,11.3,11.3101,1866,0
CRT.US,5,20211122,180000,11.3926,11.3993,11.3926,11.3993,1182,0
CRT.US,5,20211122,181000,11.33,11.4,11.322,11.4,562,0
CRT.US,5,20211122,182000,11.44,11.44,11.44,11.44,100,0
CRT.US,5,20211122,184000,11.44,11.44,11.43,11.43,700,0
CRT.US,5,20211122,184500,11.4206,11.4206,11.42,11.42,725,0
CRT.US,5,20211122,185000,11.42,11.43,11.42,11.42,2671,0
CRT.US,5,20211122,185500,11.343,11.4189,11.343,11.4189,2522,0
CRT.US,5,20211122,190500,11.41,11.4596,11.41,11.4596,1400,0
CRT.US,5,20211122,192000,11.4865,11.4865,11.4865,11.4865,100,0
CRT.US,5,20211122,192500,11.46,11.5302,11.46,11.5302,400,0
CRT.US,5,20211122,193000,11.5436,11.55,11.5436,11.55,495,0
CRT.US,5,20211122,193500,11.5835,11.5865,11.5835,11.5865,1973,0
CRT.US,5,20211122,194000,11.58,11.58,11.58,11.58,100,0
CRT.US,5,20211122,194500,11.6,11.6,11.585,11.6,1953,0
CRT.US,5,20211122,195000,11.5963,11.5963,11.5963,11.5963,100,0
CRT.US,5,20211122,200000,11.645,11.68,11.645,11.68,1707,0
CRT.US,5,20211122,201000,11.7855,11.7855,11.7855,11.7855,100,0
CRT.US,5,20211122,201500,11.8145,11.8145,11.8145,11.8145,175,0
CRT.US,5,20211122,202000,11.785,11.785,11.785,11.785,252,0
CRT.US,5,20211122,202500,11.79,11.79,11.79,11.79,250,0
CRT.US,5,20211122,204000,11.84,11.916,11.84,11.916,4339,0
CRT.US,5,20211122,204500,11.894,11.894,11.894,11.894,1500,0
CRT.US,5,20211122,210500,11.95,11.95,11.95,11.95,415,0
CRT.US,5,20211122,211000,11.983,11.9999,11.98,11.9999,1690,0
CRT.US,5,20211122,211500,11.99,12.005,11.956,12.005,1100,0
CRT.US,5,20211122,212000,12.01,12.04,11.97,11.9816,1200,0
CRT.US,5,20211122,212500,12.0148,12.0148,11.95,11.9893,1717,0
CRT.US,5,20211122,213000,11.99,11.99,11.9886,11.9886,200,0
CRT.US,5,20211122,213500,11.98,11.98,11.98,11.98,600,0
CRT.US,5,20211122,214000,11.9799,11.9799,11.9799,11.9799,250,0
CRT.US,5,20211122,214500,11.975,11.98,11.97,11.9799,1100,0
CRT.US,5,20211122,215000,11.98,11.98,11.93,11.94,2510,0
CRT.US,5,20211122,215500,11.955,11.955,11.825,11.95,1066,0
CRT.US,5,20211123,153000,12.05,12.05,12,12,985,0
CRT.US,5,20211123,153500,12.25,12.29,12.25,12.28,800,0
CRT.US,5,20211123,154000,12.3,12.3075,12.3,12.3075,600,0
CRT.US,5,20211123,154500,12.37,12.59,12.37,12.59,3053,0
CRT.US,5,20211123,155000,12.538,12.68,12.538,12.67,3917,0
CRT.US,5,20211123,155500,12.48,12.48,12.4701,12.4701,200,0
CRT.US,5,20211123,160000,12.5,12.5,12.5,12.5,100,0
CRT.US,5,20211123,161000,12.582,12.6174,12.582,12.59,1206,0
CRT.US,5,20211123,161500,12.57,12.57,12.51,12.52,2158,0
CRT.US,5,20211123,162000,12.51,12.51,12.1827,12.5098,842,0
CRT.US,5,20211123,163000,12.43,12.43,12.39,12.4,400,0
CRT.US,5,20211123,163500,12.332,12.4,12.332,12.4,600,0
CRT.US,5,20211123,164000,12.3396,12.3396,12.3396,12.3396,500,0
CRT.US,5,20211123,165000,12.4,12.4,12.4,12.4,100,0
CRT.US,5,20211123,165500,12.4001,12.42,12.4,12.42,2298,0
CRT.US,5,20211123,170000,12.35,12.35,12.32,12.32,572,0
CRT.US,5,20211123,170500,12.25,12.25,12.25,12.25,400,0
CRT.US,5,20211123,171000,12.2815,12.2815,12.2815,12.2815,300,0
CRT.US,5,20211123,172000,12.29,12.29,12.25,12.25,992,0
CRT.US,5,20211123,173000,12.3,12.3,12.3,12.3,100,0
CRT.US,5,20211123,174000,12.2848,12.2848,12.265,12.265,300,0
CRT.US,5,20211123,175000,12.29,12.3068,12.29,12.305,1562,0
CRT.US,5,20211123,175500,12.32,12.32,12.3017,12.3017,400,0
CRT.US,5,20211123,180000,12.3718,12.3718,12.335,12.335,438,0
CRT.US,5,20211123,180500,12.3741,12.3741,12.3741,12.3741,300,0
CRT.US,5,20211123,181000,12.37,12.37,12.37,12.37,100,0
CRT.US,5,20211123,181500,12.3444,12.3448,12.32,12.32,1355,0
CRT.US,5,20211123,182500,12.36,12.37,12.345,12.345,808,0
CRT.US,5,20211123,183000,12.345,12.345,12.345,12.345,100,0
CRT.US,5,20211123,184000,12.32,12.32,12.32,12.32,100,0
CRT.US,5,20211123,184500,12.27,12.27,12.13,12.2699,899,0
CRT.US,5,20211123,190500,12.342,12.342,12.342,12.342,100,0
CRT.US,5,20211123,192000,12.315,12.315,12.315,12.315,185,0
CRT.US,5,20211123,193000,12.315,12.315,12.315,12.315,173,0
CRT.US,5,20211123,195500,12.325,12.4,12.325,12.39,5910,0
CRT.US,5,20211123,201000,12.4,12.4,12.4,12.4,100,0
CRT.US,5,20211123,201500,12.5,12.5,12.46,12.46,1278,0
CRT.US,5,20211123,202000,12.5,12.5,12.5,12.5,100,0
CRT.US,5,20211123,203000,12.53,12.5599,12.53,12.53,671,0
CRT.US,5,20211123,204000,12.585,12.585,12.55,12.55,658,0
CRT.US,5,20211123,204500,12.58,12.58,12.58,12.58,181,0
CRT.US,5,20211123,205000,12.58,12.58,12.55,12.55,295,0
CRT.US,5,20211123,210000,12.5898,12.605,12.5898,12.605,659,0
CRT.US,5,20211123,210500,12.6143,12.6143,12.6143,12.6143,200,0
CRT.US,5,20211123,211000,12.61,12.61,12.58,12.58,475,0
CRT.US,5,20211123,212500,12.48,12.51,12.4529,12.4529,900,0
CRT.US,5,20211123,213000,12.4572,12.5391,12.4501,12.5391,1100,0
CRT.US,5,20211123,214000,12.52,12.54,12.52,12.54,300,0
CRT.US,5,20211123,214500,12.53,12.53,12.465,12.48,977,0
CRT.US,5,20211123,215000,12.45,12.48,12.45,12.48,500,0
CRT.US,5,20211123,215500,12.49,12.49,12.4023,12.49,1668,0
CRT.US,5,20211124,153000,12.5,12.5,12.5,12.5,579,0
CRT.US,5,20211124,153500,12.5001,12.51,12.5,12.5002,1900,0
CRT.US,5,20211124,154000,12.4083,12.4083,12.4001,12.4083,500,0
CRT.US,5,20211124,155500,12.4501,12.48,12.4501,12.48,600,0
CRT.US,5,20211124,160000,12.48,12.49,12.48,12.49,200,0
CRT.US,5,20211124,160500,12.52,12.53,12.52,12.53,902,0
CRT.US,5,20211124,161000,12.5364,12.5364,12.5364,12.5364,132,0
CRT.US,5,20211124,162500,12.5099,12.5099,12.465,12.465,5775,0
CRT.US,5,20211124,163000,12.5098,12.5098,12.4645,12.4645,421,0
CRT.US,5,20211124,164000,12.4999,12.4999,12.4999,12.4999,100,0
CRT.US,5,20211124,165500,12.5399,12.5399,12.5399,12.5399,450,0
CRT.US,5,20211124,170000,12.5265,12.5265,12.5265,12.5265,100,0
CRT.US,5,20211124,171000,12.53,12.53,12.53,12.53,100,0
CRT.US,5,20211124,172500,12.465,12.465,12.465,12.465,348,0
CRT.US,5,20211124,173500,12.485,12.485,12.485,12.485,100,0
CRT.US,5,20211124,174000,12.47,12.47,12.47,12.47,100,0
CRT.US,5,20211124,175000,12.4745,12.4745,12.4745,12.4745,100,0
CRT.US,5,20211124,175500,12.51,12.51,12.51,12.51,900,0
CRT.US,5,20211124,180500,12.485,12.485,12.47,12.48,1400,0
CRT.US,5,20211124,185000,12.4499,12.4499,12.4499,12.4499,300,0
CRT.US,5,20211124,185500,12.45,12.46,12.45,12.45,700,0
CRT.US,5,20211124,191500,12.47,12.47,12.4515,12.4515,200,0
CRT.US,5,20211124,210500,12.5001,12.5001,12.5001,12.5001,505,0
CRT.US,5,20211124,211000,12.52,12.56,12.52,12.55,1100,0
CRT.US,5,20211124,212000,12.6,12.6,12.6,12.6,100,0
CRT.US,5,20211124,212500,12.5,12.5,12.5,12.5,208,0
CRT.US,5,20211124,213000,12.555,12.555,12.555,12.555,173,0
CRT.US,5,20211124,214000,12.58,12.6,12.576,12.6,1100,0
CRT.US,5,20211124,215000,12.6,12.6,12.6,12.6,100,0
CRT.US,5,20211124,215500,12.5573,12.6,12.55,12.57,2032,0
CRT.US,5,20211126,153000,12.3,12.3,11.9001,12.21,4616,0
CRT.US,5,20211126,153500,12.126,12.126,12.126,12.126,100,0
CRT.US,5,20211126,154000,12,12,12,12,600,0
CRT.US,5,20211126,154500,11.8801,11.8801,11.87,11.88,2215,0
CRT.US,5,20211126,155000,11.869,11.87,11.7824,11.87,817,0
CRT.US,5,20211126,155500,11.915,11.915,11.88,11.88,400,0
CRT.US,5,20211126,160000,11.95,11.95,11.95,11.95,300,0
CRT.US,5,20211126,160500,11.88,11.88,11.85,11.85,1348,0
CRT.US,5,20211126,161500,11.83,11.84,11.52,11.55,7255,0
CRT.US,5,20211126,162000,11.52,11.64,11.37,11.64,8300,0
CRT.US,5,20211126,162500,11.69,12.19,11.69,12.19,9678,0
CRT.US,5,20211126,163000,11.9525,12.07,11.85,11.87,10401,0
CRT.US,5,20211126,163500,11.8316,11.8316,11.7245,11.73,900,0
CRT.US,5,20211126,164000,11.7,11.95,11.7,11.95,200,0
CRT.US,5,20211126,165000,11.72,11.72,11.72,11.72,200,0
CRT.US,5,20211126,165500,11.85,11.85,11.85,11.85,780,0
CRT.US,5,20211126,170000,11.795,11.795,11.65,11.65,490,0
CRT.US,5,20211126,170500,11.6,11.62,11.6,11.62,1460,0
CRT.US,5,20211126,171000,11.63,11.63,11.62,11.62,200,0
CRT.US,5,20211126,171500,11.7,11.8875,11.7,11.778,14757,0
CRT.US,5,20211126,172000,11.65,11.65,11.65,11.65,100,0
CRT.US,5,20211126,173500,11.85,11.85,11.85,11.85,2200,0
CRT.US,5,20211126,174000,11.8499,11.8499,11.8499,11.8499,100,0
CRT.US,5,20211126,175000,11.781,11.84,11.781,11.84,878,0
CRT.US,5,20211126,175500,11.85,11.85,11.85,11.85,200,0
CRT.US,5,20211126,180000,11.843,11.85,11.843,11.85,825,0
CRT.US,5,20211126,180500,11.93,12.04,11.93,12.04,2504,0
CRT.US,5,20211126,181000,12.04,12.04,12.04,12.04,100,0
CRT.US,5,20211126,183000,12.21,12.23,12.21,12.23,300,0
CRT.US,5,20211126,184000,12.21,12.2223,12.21,12.2223,450,0
CRT.US,5,20211126,184500,12.22,12.3,12.22,12.3,1225,0
CRT.US,5,20211126,185000,12.3,12.3,12.28,12.28,350,0
CRT.US,5,20211126,185500,12.28,12.28,12.19,12.248,2764,0
CRT.US,5,20211126,190000,12.2,12.2,12.19,12.2,538,0
CRT.US,5,20211129,153000,12.31,12.31,12.25,12.25,820,0
CRT.US,5,20211129,154500,12.22,12.23,12.22,12.2299,2500,0
CRT.US,5,20211129,155000,12.2298,12.2298,12.2298,12.2298,972,0
CRT.US,5,20211129,155500,12.2188,12.2188,12.2188,12.2188,200,0
CRT.US,5,20211129,160000,12.2199,12.2199,12.2199,12.2199,250,0
CRT.US,5,20211129,160500,12.16,12.16,12.14,12.14,400,0
CRT.US,5,20211129,161000,12.14,12.14,12.1147,12.1147,1565,0
CRT.US,5,20211129,162500,12.1079,12.1079,11.91,11.91,1258,0
CRT.US,5,20211129,163000,11.92,11.985,11.92,11.985,1694,0
CRT.US,5,20211129,163500,11.9321,11.9321,11.9321,11.9321,250,0
CRT.US,5,20211129,165000,11.9432,11.9432,11.94,11.94,1041,0
CRT.US,5,20211129,165500,12,12,11.9493,11.9493,400,0
CRT.US,5,20211129,170000,11.9492,12,11.9492,11.9691,1537,0
CRT.US,5,20211129,170500,11.988,11.988,11.9401,11.9506,475,0
CRT.US,5,20211129,171000,12.024,12.024,12.024,12.024,600,0
CRT.US,5,20211129,174000,12.05,12.06,12.04,12.0598,1131,0
CRT.US,5,20211129,181500,12.081,12.12,12.081,12.12,920,0
CRT.US,5,20211129,183500,12.1855,12.1855,12.1855,12.1855,100,0
CRT.US,5,20211129,184000,12.19,12.19,12.19,12.19,100,0
CRT.US,5,20211129,190000,12.214,12.214,12.214,12.214,200,0
CRT.US,5,20211129,190500,12.21,12.22,12.2,12.22,600,0
CRT.US,5,20211129,201500,12.34,12.35,12.34,12.35,500,0
CRT.US,5,20211129,204500,12.3312,12.3312,12.285,12.285,600,0
CRT.US,5,20211129,205000,12.23,12.23,12.1501,12.1501,720,0
CRT.US,5,20211129,205500,12.1945,12.1945,12.1945,12.1945,100,0
CRT.US,5,20211129,215000,12.22,12.22,12.21,12.21,400,0
CRT.US,5,20211129,215500,12.21,12.27,12.14,12.27,535,0
CRT.US,5,20211130,153000,12.17,12.17,12.17,12.17,301,0
CRT.US,5,20211130,153500,12.105,12.105,12.105,12.105,2000,0
CRT.US,5,20211130,154000,11.9601,11.9601,11.9601,11.9601,3000,0
CRT.US,5,20211130,160000,12.095,12.095,12.095,12.095,300,0
CRT.US,5,20211130,160500,11.99,12.0152,11.97,11.97,1144,0
CRT.US,5,20211130,161500,11.97,12.095,11.97,12.095,1100,0
CRT.US,5,20211130,163000,12.1712,12.1712,12.1712,12.1712,100,0
CRT.US,5,20211130,170500,12.03,12.03,12.03,12.03,100,0
CRT.US,5,20211130,171000,12.03,12.075,12.02,12.075,2936,0
CRT.US,5,20211130,172000,12.0211,12.0211,12.0211,12.0211,318,0
CRT.US,5,20211130,173000,12.075,12.075,12.0159,12.0214,1385,0
CRT.US,5,20211130,173500,12.01,12.0639,11.82,11.9899,5426,0
CRT.US,5,20211130,175000,11.83,11.83,11.83,11.83,100,0
CRT.US,5,20211130,180000,11.9162,11.9162,11.9162,11.9162,500,0
CRT.US,5,20211130,180500,11.7758,11.7758,11.7758,11.7758,200,0
CRT.US,5,20211130,181500,11.77,11.8284,11.76,11.7637,1989,0
CRT.US,5,20211130,182500,11.71,11.71,11.5734,11.5734,8614,0
CRT.US,5,20211130,183000,11.55,11.595,11.45,11.45,6663,0
CRT.US,5,20211130,184000,11.49,11.55,11.49,11.55,1000,0
CRT.US,5,20211130,191000,11.59,11.59,11.59,11.59,100,0
CRT.US,5,20211130,191500,11.595,11.595,11.595,11.595,900,0
CRT.US,5,20211130,192000,11.67,11.67,11.67,11.67,440,0
CRT.US,5,20211130,192500,11.645,11.645,11.645,11.645,342,0
CRT.US,5,20211130,193000,11.67,11.67,11.65,11.67,1221,0
CRT.US,5,20211130,193500,11.6207,11.69,11.6207,11.69,452,0
CRT.US,5,20211130,200500,11.7196,11.7196,11.7196,11.7196,100,0
CRT.US,5,20211130,204000,11.6332,11.6332,11.6332,11.6332,250,0
CRT.US,5,20211130,204500,11.63,11.675,11.63,11.675,1475,0
CRT.US,5,20211130,205500,11.64,11.64,11.64,11.64,200,0
CRT.US,5,20211130,211000,11.6655,11.6655,11.6655,11.6655,100,0
CRT.US,5,20211130,211500,11.7,11.7,11.7,11.7,366,0
CRT.US,5,20211130,212000,11.74,11.75,11.74,11.75,300,0
CRT.US,5,20211130,213000,11.6905,11.7499,11.6905,11.7499,850,0
CRT.US,5,20211130,213500,11.71,11.71,11.71,11.71,100,0
CRT.US,5,20211130,214500,11.715,11.715,11.715,11.715,100,0
CRT.US,5,20211130,215500,11.74,11.74,11.69,11.69,500,0
CRT.US,5,20211201,153000,11.78,11.78,11.78,11.78,253,0
CRT.US,5,20211201,153500,11.79,11.8903,11.77,11.845,800,0
CRT.US,5,20211201,154000,11.7,11.7,11.7,11.7,100,0
CRT.US,5,20211201,155000,11.6576,11.755,11.58,11.755,3113,0
CRT.US,5,20211201,155500,11.645,11.645,11.645,11.645,110,0
CRT.US,5,20211201,160000,11.65,11.65,11.65,11.65,300,0
CRT.US,5,20211201,160500,11.56,11.67,11.56,11.67,700,0
CRT.US,5,20211201,161000,11.61,11.61,11.61,11.61,300,0
CRT.US,5,20211201,162000,11.5996,11.5996,11.5996,11.5996,232,0
CRT.US,5,20211201,163000,11.5665,11.5665,11.5641,11.5641,1165,0
CRT.US,5,20211201,163500,11.5611,11.5611,11.55,11.55,3294,0
CRT.US,5,20211201,164000,11.5,11.5,11.5,11.5,140,0
CRT.US,5,20211201,164500,11.56,11.56,11.56,11.56,703,0
CRT.US,5,20211201,165000,11.5111,11.5111,11.5111,11.5111,301,0
CRT.US,5,20211201,170000,11.5166,11.5166,11.5166,11.5166,100,0
CRT.US,5,20211201,171500,11.48,11.48,11.47,11.47,200,0
CRT.US,5,20211201,172500,11.46,11.5,11.425,11.5,1475,0
CRT.US,5,20211201,173000,11.49,11.49,11.4,11.45,1220,0
CRT.US,5,20211201,173500,11.4999,11.5,11.45,11.45,835,0
CRT.US,5,20211201,174500,11.4,11.4,11.4,11.4,392,0
CRT.US,5,20211201,175000,11.4699,11.4699,11.4699,11.4699,500,0
CRT.US,5,20211201,180000,11.2501,11.4,11.2501,11.4,300,0
CRT.US,5,20211201,180500,11.35,11.35,11.27,11.27,200,0
CRT.US,5,20211201,181500,11.351,11.351,11.27,11.27,2000,0
CRT.US,5,20211201,183500,11.4,11.4,11.4,11.4,100,0
CRT.US,5,20211201,184000,11.28,11.29,11.2214,11.2214,826,0
CRT.US,5,20211201,184500,11.22,11.22,11.22,11.22,500,0
CRT.US,5,20211201,185000,11.17,11.1709,10.96,11,5161,0
CRT.US,5,20211201,185500,11,11,11,11,1000,0
CRT.US,5,20211201,190500,10.9999,10.9999,10.9999,10.9999,2000,0
CRT.US,5,20211201,191000,10.94,10.99,10.84,10.84,1400,0
CRT.US,5,20211201,192000,10.8899,10.8899,10.8899,10.8899,500,0
CRT.US,5,20211201,192500,10.88,10.9,10.86,10.9,2035,0
CRT.US,5,20211201,193000,10.98,10.98,10.98,10.98,300,0
CRT.US,5,20211201,193500,10.8601,11.0599,10.8601,11.0599,1850,0
CRT.US,5,20211201,194000,11.0452,11.0452,10.985,10.985,500,0
CRT.US,5,20211201,194500,10.985,10.985,10.9239,10.9239,1710,0
CRT.US,5,20211201,195500,10.9159,11.05,10.9159,11.05,452,0
CRT.US,5,20211201,201000,10.96,10.96,10.96,10.96,100,0
CRT.US,5,20211201,202500,10.9898,10.9898,10.9898,10.9898,198,0
CRT.US,5,20211201,203500,11.2014,11.2014,11.05,11.05,1100,0
CRT.US,5,20211201,204000,11.135,11.135,11.135,11.135,100,0
CRT.US,5,20211201,204500,11.1102,11.1102,11.1102,11.1102,100,0
CRT.US,5,20211201,210000,11.07,11.07,11.06,11.07,800,0
CRT.US,5,20211201,210500,11.07,11.07,10.9988,11.0271,492,0
CRT.US,5,20211201,211000,10.99,10.99,10.99,10.99,100,0
CRT.US,5,20211201,211500,10.9902,10.9902,10.96,10.9901,1485,0
CRT.US,5,20211201,212000,10.96,10.96,10.96,10.96,200,0
CRT.US,5,20211201,212500,10.975,10.975,10.94,10.96,900,0
CRT.US,5,20211201,215000,10.898,10.898,10.898,10.898,100,0
CRT.US,5,20211201,215500,10.9,10.9,10.77,10.77,12206,0
CRT.US,5,20211202,153000,10.75,10.75,10.52,10.52,2971,0
CRT.US,5,20211202,153500,10.5,10.5474,10.4,10.5474,2423,0
CRT.US,5,20211202,154000,10.55,10.69,10.5,10.69,1500,0
CRT.US,5,20211202,154500,10.71,10.71,10.71,10.71,104,0
CRT.US,5,20211202,155000,10.61,10.65,10.61,10.65,272,0
CRT.US,5,20211202,155500,10.605,10.605,10.605,10.605,120,0
CRT.US,5,20211202,160500,10.7,10.7,10.6165,10.7,400,0
CRT.US,5,20211202,161000,10.6123,10.75,10.6123,10.75,700,0
CRT.US,5,20211202,161500,10.6601,10.682,10.66,10.66,4335,0
CRT.US,5,20211202,163000,10.63,10.63,10.63,10.63,727,0
CRT.US,5,20211202,163500,10.52,10.52,10.52,10.52,220,0
CRT.US,5,20211202,164000,10.645,10.645,10.645,10.645,1011,0
CRT.US,5,20211202,164500,10.5201,10.5201,10.5201,10.5201,500,0
CRT.US,5,20211202,165000,10.59,10.59,10.58,10.58,270,0
CRT.US,5,20211202,165500,10.59,10.59,10.5301,10.5301,900,0
CRT.US,5,20211202,170000,10.53,10.58,10.53,10.58,1549,0
CRT.US,5,20211202,170500,10.66,10.66,10.66,10.66,100,0
CRT.US,5,20211202,171500,10.56,10.68,10.56,10.68,200,0
CRT.US,5,20211202,172500,10.77,10.77,10.77,10.77,200,0
CRT.US,5,20211202,173500,10.72,10.72,10.72,10.72,100,0
CRT.US,5,20211202,180500,10.69,10.69,10.68,10.68,664,0
CRT.US,5,20211202,181000,10.7236,10.7236,10.7236,10.7236,150,0
CRT.US,5,20211202,182000,10.73,10.74,10.7,10.71,980,0
CRT.US,5,20211202,183000,10.67,10.67,10.48,10.48,10827,0
CRT.US,5,20211202,184000,10.605,10.6684,10.605,10.6684,1846,0
CRT.US,5,20211202,185500,10.6498,10.6498,10.56,10.56,801,0
CRT.US,5,20211202,190500,10.57,10.57,10.57,10.57,400,0
CRT.US,5,20211202,192000,10.52,10.52,10.52,10.52,100,0
CRT.US,5,20211202,192500,10.52,10.5222,10.52,10.52,800,0
CRT.US,5,20211202,193000,10.52,10.52,10.51,10.51,300,0
CRT.US,5,20211202,193500,10.5999,10.5999,10.5999,10.5999,400,0
CRT.US,5,20211202,194000,10.6,10.6,10.6,10.6,1000,0
CRT.US,5,20211202,195000,10.53,10.53,10.53,10.53,200,0
CRT.US,5,20211202,195500,10.575,10.59,10.575,10.59,400,0
CRT.US,5,20211202,200500,10.64,10.64,10.64,10.64,100,0
CRT.US,5,20211202,201000,10.62,10.67,10.62,10.67,600,0
CRT.US,5,20211202,201500,10.6699,10.6699,10.6699,10.6699,400,0
CRT.US,5,20211202,202000,10.64,10.64,10.53,10.53,1318,0
CRT.US,5,20211202,202500,10.53,10.5303,10.53,10.5303,300,0
CRT.US,5,20211202,203000,10.53,10.5302,10.43,10.5302,2739,0
CRT.US,5,20211202,203500,10.465,10.47,10.465,10.47,1100,0
CRT.US,5,20211202,204500,10.5899,10.5899,10.42,10.42,1900,0
CRT.US,5,20211202,205000,10.4,10.4001,10.4,10.4,628,0
CRT.US,5,20211202,205500,10.4946,10.4946,10.35,10.415,2499,0
CRT.US,5,20211202,210000,10.3423,10.3499,10.3423,10.3499,500,0
CRT.US,5,20211202,211500,10.505,10.5499,10.46,10.5499,1700,0
CRT.US,5,20211202,212000,10.4601,10.4637,10.4601,10.4637,324,0
CRT.US,5,20211202,212500,10.505,10.52,10.36,10.36,11854,0
CRT.US,5,20211202,213000,10.475,10.475,10.475,10.475,200,0
CRT.US,5,20211202,213500,10.5299,10.53,10.49,10.49,2047,0
CRT.US,5,20211202,214000,10.49,10.49,10.49,10.49,200,0
CRT.US,5,20211202,214500,10.49,10.49,10.49,10.49,100,0
CRT.US,5,20211202,215000,10.4401,10.58,10.4401,10.58,1505,0
CRT.US,5,20211202,215500,10.56,10.56,10.49,10.49,500,0
CRT.US,5,20211203,153000,10.5,10.5,10.5,10.5,287,0
CRT.US,5,20211203,155500,10.45,10.45,10.45,10.45,300,0
CRT.US,5,20211203,161000,10.36,10.36,10.36,10.36,599,0
CRT.US,5,20211203,162000,10.43,10.43,10.43,10.43,1004,0
CRT.US,5,20211203,162500,10.45,10.45,10.45,10.45,300,0
CRT.US,5,20211203,163500,10.45,10.5,10.44,10.5,1840,0
CRT.US,5,20211203,164000,10.4001,10.4001,10.4,10.4,200,0
CRT.US,5,20211203,170000,10.38,10.38,10.3701,10.3701,200,0
CRT.US,5,20211203,170500,10.4,10.4,10.4,10.4,200,0
CRT.US,5,20211203,171500,10.33,10.33,10.037,10.1229,1217,0
CRT.US,5,20211203,172000,10.2314,10.25,10.2,10.2,1700,0
CRT.US,5,20211203,173500,10.311,10.311,10.311,10.311,428,0
CRT.US,5,20211203,174500,10.38,10.38,10.35,10.36,411,0
CRT.US,5,20211203,185000,10.32,10.32,10.3,10.3,1100,0
CRT.US,5,20211203,191000,10.29,10.2975,10.29,10.29,742,0
CRT.US,5,20211203,191500,10.23,10.24,10.23,10.24,400,0
CRT.US,5,20211203,192500,10.139,10.139,10.139,10.139,100,0
CRT.US,5,20211203,193000,10.232,10.232,10.232,10.232,256,0
CRT.US,5,20211203,194000,10.2128,10.2128,10.2128,10.2128,300,0
CRT.US,5,20211203,200000,10.24,10.24,10.24,10.24,1000,0
CRT.US,5,20211203,200500,10.24,10.24,10.24,10.24,100,0
CRT.US,5,20211203,201000,10.2499,10.2499,10.2499,10.2499,1000,0
CRT.US,5,20211203,202000,10.2443,10.2443,10.19,10.19,636,0
CRT.US,5,20211203,203500,10.195,10.195,10.195,10.195,490,0
CRT.US,5,20211203,210000,10.2058,10.2058,10.1,10.102,3742,0
CRT.US,5,20211203,210500,10.115,10.115,10.05,10.05,600,0
CRT.US,5,20211203,211500,10.06,10.16,10.05,10.16,1700,0
CRT.US,5,20211203,212500,10.036,10.13,10.01,10.13,1600,0
CRT.US,5,20211203,215000,10.12,10.12,10.1,10.1,500,0
CRT.US,5,20211203,215500,10.12,10.14,10,10,9582,0
CRT.US,5,20211206,153000,10,10,10,10,3540,0
CRT.US,5,20211206,153500,10.22,10.24,10.22,10.24,500,0
CRT.US,5,20211206,154000,10.155,10.155,9.99,9.99,1052,0
CRT.US,5,20211206,154500,9.91,9.92,9.73,9.73,10108,0
CRT.US,5,20211206,155000,9.78,9.82,9.78,9.82,3320,0
CRT.US,5,20211206,155500,9.83,9.83,9.83,9.83,100,0
CRT.US,5,20211206,160000,9.82,9.82,9.8,9.8,686,0
CRT.US,5,20211206,160500,9.8564,9.8564,9.85,9.85,210,0
CRT.US,5,20211206,161000,9.89,9.9,9.8585,9.8585,403,0
CRT.US,5,20211206,162000,9.86,9.86,9.83,9.83,1900,0
CRT.US,5,20211206,162500,9.86,9.86,9.86,9.86,3476,0
CRT.US,5,20211206,163000,9.9155,10.045,9.9155,10.045,300,0
CRT.US,5,20211206,163500,10.07,10.07,10.07,10.07,100,0
CRT.US,5,20211206,164500,10.16,10.16,10.16,10.16,100,0
CRT.US,5,20211206,165000,9.982,9.982,9.982,9.982,150,0
CRT.US,5,20211206,165500,10.08,10.08,10.08,10.08,1000,0
CRT.US,5,20211206,171000,10.1266,10.15,10.1266,10.15,1995,0
CRT.US,5,20211206,171500,10.14,10.15,10.14,10.15,1092,0
CRT.US,5,20211206,172000,10.18,10.18,10.15,10.16,800,0
CRT.US,5,20211206,172500,10.1612,10.28,10.1612,10.28,300,0
CRT.US,5,20211206,173000,10.2799,10.2799,10.2799,10.2799,978,0
CRT.US,5,20211206,174000,10.14,10.14,10.08,10.08,400,0
CRT.US,5,20211206,174500,10.01,10.01,10.01,10.01,200,0
CRT.US,5,20211206,180000,10.09,10.09,10.0899,10.09,900,0
CRT.US,5,20211206,180500,10,10,10,10,600,0
CRT.US,5,20211206,181000,10,10.11,10,10.09,1500,0
CRT.US,5,20211206,184000,10.11,10.11,10.11,10.11,100,0
CRT.US,5,20211206,185500,10.12,10.12,10.1,10.1003,1651,0
CRT.US,5,20211206,191000,10.18,10.18,10.18,10.18,100,0
CRT.US,5,20211206,193500,10.16,10.19,10.16,10.19,2290,0
CRT.US,5,20211206,194000,10.165,10.29,10.165,10.29,6000,0
CRT.US,5,20211206,204500,10.26,10.35,10.26,10.31,9470,0
CRT.US,5,20211206,205500,10.325,10.325,10.325,10.325,551,0
CRT.US,5,20211206,210000,10.26,10.26,10.26,10.26,301,0
CRT.US,5,20211206,210500,10.34,10.34,10.34,10.34,1100,0
CRT.US,5,20211206,212000,10.31,10.34,10.23,10.34,4555,0
CRT.US,5,20211206,213000,10.3701,10.3701,10.3701,10.3701,100,0
CRT.US,5,20211206,214500,10.4148,10.4499,10.4148,10.4499,400,0
CRT.US,5,20211206,215000,10.3745,10.39,10.32,10.33,2517,0
CRT.US,5,20211206,215500,10.3,10.33,10.27,10.27,2160,0
CRT.US,5,20211207,153000,10.5,10.5,10.5,10.5,1443,0
CRT.US,5,20211207,153500,10.6039,10.68,10.52,10.52,1200,0
CRT.US,5,20211207,154000,10.64,10.64,10.64,10.64,1600,0
CRT.US,5,20211207,154500,10.59,10.6,10.59,10.6,400,0
CRT.US,5,20211207,155000,10.6,10.6,10.6,10.6,200,0
CRT.US,5,20211207,155500,10.64,10.64,10.64,10.64,400,0
CRT.US,5,20211207,160000,10.61,10.67,10.61,10.67,1755,0
CRT.US,5,20211207,160500,10.7,10.74,10.686,10.7,664,0
CRT.US,5,20211207,161000,10.7699,10.7699,10.7699,10.7699,100,0
CRT.US,5,20211207,162000,10.77,10.77,10.77,10.77,432,0
CRT.US,5,20211207,162500,10.85,10.923,10.85,10.923,3635,0
CRT.US,5,20211207,163500,10.7467,10.7467,10.7467,10.7467,990,0
CRT.US,5,20211207,164500,11,11.03,10.91,11.03,700,0
CRT.US,5,20211207,165500,11.1251,11.1251,11.1251,11.1251,100,0
CRT.US,5,20211207,170500,11.1236,11.1236,11,11,1314,0
CRT.US,5,20211207,171000,11.05,11.05,11.05,11.05,1000,0
CRT.US,5,20211207,171500,10.9999,10.9999,10.9999,10.9999,300,0
CRT.US,5,20211207,173000,10.9699,10.9699,10.74,10.74,400,0
CRT.US,5,20211207,173500,10.9698,10.9698,10.91,10.91,6000,0
CRT.US,5,20211207,174500,10.8422,10.9443,10.8422,10.9443,491,0
CRT.US,5,20211207,180000,10.93,11.09,10.93,11.09,1477,0
CRT.US,5,20211207,181000,11.09,11.09,10.9101,10.9101,1044,0
CRT.US,5,20211207,182000,10.9822,10.9822,10.9822,10.9822,200,0
CRT.US,5,20211207,182500,11.01,11.01,11.01,11.01,660,0
CRT.US,5,20211207,184500,11.02,11.03,11.01,11.01,700,0
CRT.US,5,20211207,190000,10.95,10.95,10.95,10.95,400,0
CRT.US,5,20211207,201500,10.9146,10.9146,10.9,10.9146,510,0
CRT.US,5,20211207,203000,10.9,10.9438,10.9,10.9438,300,0
CRT.US,5,20211207,204500,10.93,10.93,10.93,10.93,100,0
CRT.US,5,20211207,205500,10.929,10.929,10.929,10.929,100,0
CRT.US,5,20211207,210500,10.9086,10.9086,10.9086,10.9086,500,0
CRT.US,5,20211207,212500,10.9,10.9,10.9,10.9,100,0
CRT.US,5,20211207,214000,10.87,10.87,10.8504,10.8504,400,0
CRT.US,5,20211207,214500,10.88,10.88,10.88,10.88,200,0
CRT.US,5,20211207,215500,10.8798,10.8798,10.81,10.81,1102,0
CRT.US,5,20211208,154000,10.885,10.885,10.885,10.885,300,0
CRT.US,5,20211208,154500,10.85,10.85,10.85,10.85,225,0
CRT.US,5,20211208,155000,10.93,10.93,10.93,10.93,100,0
CRT.US,5,20211208,160000,10.8298,10.8298,10.8298,10.8298,330,0
CRT.US,5,20211208,161000,10.855,10.855,10.855,10.855,465,0
CRT.US,5,20211208,165500,10.8496,10.8496,10.8496,10.8496,500,0
CRT.US,5,20211208,170000,10.9,10.9,10.89,10.9,700,0
CRT.US,5,20211208,170500,10.92,10.94,10.9,10.9,663,0
CRT.US,5,20211208,171000,10.8852,10.8852,10.8852,10.8852,200,0
CRT.US,5,20211208,172500,10.94,10.96,10.922,10.95,1150,0
CRT.US,5,20211208,175500,10.9109,10.9109,10.9109,10.9109,361,0
CRT.US,5,20211208,180000,11.07,11.07,11.07,11.07,100,0
CRT.US,5,20211208,185500,11.05,11.05,11.05,11.05,200,0
CRT.US,5,20211208,190000,11.05,11.08,11.0412,11.08,3246,0
CRT.US,5,20211208,190500,11.08,11.08,11.08,11.08,100,0
CRT.US,5,20211208,192500,11.0918,11.13,11.0918,11.13,200,0
CRT.US,5,20211208,200000,11.125,11.125,11.09,11.09,1100,0
CRT.US,5,20211208,200500,11.0316,11.05,11.0316,11.05,1173,0
CRT.US,5,20211208,201500,11.02,11.02,11.02,11.02,200,0
CRT.US,5,20211208,204000,11.0548,11.0548,11.0548,11.0548,100,0
CRT.US,5,20211208,210500,11.06,11.06,11.06,11.06,300,0
CRT.US,5,20211208,211500,11.03,11.03,11.03,11.03,100,0
CRT.US,5,20211208,215500,11.1,11.1,11.09,11.09,306,0
CRT.US,5,20211209,153000,11.1,11.1,11.1,11.1,687,0
CRT.US,5,20211209,154500,11.02,11.02,11.02,11.02,180,0
CRT.US,5,20211209,155500,10.98,10.98,10.9001,10.9001,1319,0
CRT.US,5,20211209,160500,10.91,10.98,10.91,10.95,1150,0
CRT.US,5,20211209,161500,10.9071,10.9071,10.9071,10.9071,180,0
CRT.US,5,20211209,163000,11.04,11.04,10.97,10.97,750,0
CRT.US,5,20211209,163500,10.9232,10.9232,10.9232,10.9232,100,0
CRT.US,5,20211209,165000,11.0002,11.0002,11.0002,11.0002,1000,0
CRT.US,5,20211209,171000,11,11,11,11,100,0
CRT.US,5,20211209,174500,10.96,10.96,10.95,10.95,1471,0
CRT.US,5,20211209,190000,10.95,10.95,10.95,10.95,439,0
CRT.US,5,20211209,200000,10.94,10.94,10.9352,10.9352,558,0
CRT.US,5,20211209,200500,10.9321,10.9321,10.9321,10.9321,200,0
CRT.US,5,20211209,201500,10.94,10.94,10.94,10.94,405,0
CRT.US,5,20211209,204000,10.93,10.93,10.93,10.93,100,0
CRT.US,5,20211209,211000,10.9,10.9,10.8738,10.8738,4452,0
CRT.US,5,20211209,213000,10.91,10.91,10.91,10.91,600,0
CRT.US,5,20211209,213500,10.8836,10.8836,10.8836,10.8836,100,0
CRT.US,5,20211209,215000,10.9499,10.95,10.9499,10.95,955,0
CRT.US,5,20211209,215500,10.925,10.97,10.925,10.97,201,0
CRT.US,5,20211210,153000,11.1,11.1,11.1,11.1,249,0
CRT.US,5,20211210,153500,11,11,11,11,500,0
CRT.US,5,20211210,154500,10.9,10.91,10.9,10.91,300,0
CRT.US,5,20211210,155500,10.8635,10.8635,10.8635,10.8635,150,0
CRT.US,5,20211210,161500,10.86,10.86,10.85,10.86,1161,0
CRT.US,5,20211210,164500,11.02,11.02,11.02,11.02,100,0
CRT.US,5,20211210,165000,11.0499,11.11,11.04,11.11,5685,0
CRT.US,5,20211210,170000,11.0401,11.0401,11.0401,11.0401,1207,0
CRT.US,5,20211210,170500,11.0887,11.0887,11.08,11.08,475,0
CRT.US,5,20211210,171000,11.06,11.06,11.06,11.06,300,0
CRT.US,5,20211210,172500,11.18,11.1876,11.18,11.1876,1100,0
CRT.US,5,20211210,173500,11.05,11.05,10.98,10.98,2000,0
CRT.US,5,20211210,174000,10.86,11.0299,10.86,11.0299,2000,0
CRT.US,5,20211210,174500,10.865,10.93,10.865,10.91,1495,0
CRT.US,5,20211210,181000,11.0157,11.0157,11.0157,11.0157,670,0
CRT.US,5,20211210,181500,11.1328,11.1328,11.1328,11.1328,1500,0
CRT.US,5,20211210,182000,11.105,11.105,11.105,11.105,495,0
CRT.US,5,20211210,182500,11.18,11.1998,11.18,11.1998,2868,0
CRT.US,5,20211210,185500,11.0201,11.0201,11.0201,11.0201,3500,0
CRT.US,5,20211210,190000,11.0202,11.0202,11.0202,11.0202,5000,0
CRT.US,5,20211210,190500,11.13,11.13,11.13,11.13,100,0
CRT.US,5,20211210,194500,11.12,11.12,11.12,11.12,400,0
CRT.US,5,20211210,202000,11.07,11.07,11.07,11.07,400,0
CRT.US,5,20211210,202500,11.11,11.11,11.11,11.11,100,0
CRT.US,5,20211210,205000,11.06,11.06,11.06,11.06,100,0
CRT.US,5,20211210,212500,11.03,11.03,11.01,11.01,1100,0
CRT.US,5,20211210,214000,11.01,11.03,11.01,11.03,600,0
CRT.US,5,20211210,214500,10.975,10.975,10.97,10.97,1000,0
CRT.US,5,20211210,215500,11.02,11.08,10.97,10.97,1019,0
CRT.US,5,20211213,153000,10.97,10.97,10.97,10.97,500,0
CRT.US,5,20211213,153500,10.97,10.97,10.97,10.97,145,0
CRT.US,5,20211213,154000,10.93,10.93,10.93,10.93,100,0
CRT.US,5,20211213,154500,10.8302,10.84,10.79,10.8103,2390,0
CRT.US,5,20211213,155000,10.7,10.7878,10.7,10.7878,870,0
CRT.US,5,20211213,160000,10.71,10.71,10.71,10.71,500,0
CRT.US,5,20211213,163500,10.6759,10.94,10.6759,10.8651,960,0
CRT.US,5,20211213,170500,10.9,10.92,10.9,10.9,300,0
CRT.US,5,20211213,171500,10.71,11.09,10.71,11.09,7722,0
CRT.US,5,20211213,172000,11.08,11.15,10.8112,10.8119,9442,0
CRT.US,5,20211213,172500,10.68,10.68,10.66,10.66,500,0
CRT.US,5,20211213,173500,10.67,10.69,10.57,10.57,722,0
CRT.US,5,20211213,174000,10.5,10.5,10.4,10.5,8913,0
CRT.US,5,20211213,174500,10.52,10.52,10.52,10.52,1565,0
CRT.US,5,20211213,175500,10.59,10.6,10.59,10.6,1600,0
CRT.US,5,20211213,181000,10.6439,10.705,10.56,10.56,890,0
CRT.US,5,20211213,181500,10.5306,10.5306,10.5306,10.5306,1000,0
CRT.US,5,20211213,182000,10.6,10.6,10.6,10.6,107,0
CRT.US,5,20211213,182500,10.8799,10.8799,10.8799,10.8799,500,0
CRT.US,5,20211213,184500,10.67,10.67,10.67,10.67,200,0
CRT.US,5,20211213,193000,10.712,10.712,10.712,10.712,100,0
CRT.US,5,20211213,194000,10.7192,10.7192,10.7192,10.7192,100,0
CRT.US,5,20211213,194500,10.609,10.609,10.609,10.609,250,0
CRT.US,5,20211213,203000,10.655,10.655,10.655,10.655,100,0
CRT.US,5,20211213,203500,10.68,10.68,10.68,10.68,200,0
CRT.US,5,20211213,204000,10.75,10.75,10.75,10.75,100,0
CRT.US,5,20211213,205500,10.6648,10.6648,10.6648,10.6648,150,0
CRT.US,5,20211213,210000,10.63,10.63,10.62,10.62,1134,0
CRT.US,5,20211213,210500,10.63,10.63,10.63,10.63,100,0
CRT.US,5,20211213,214000,10.61,10.655,10.61,10.655,300,0
CRT.US,5,20211213,215500,10.52,10.79,10.5,10.79,1351,0
CRT.US,5,20211214,153000,10.78,10.78,10.78,10.78,1669,0
CRT.US,5,20211214,153500,10.77,10.77,10.76,10.76,300,0
CRT.US,5,20211214,154000,10.5594,10.8123,10.5594,10.8123,1053,0
CRT.US,5,20211214,154500,10.8069,10.8069,10.8069,10.8069,507,0
CRT.US,5,20211214,155000,10.605,10.605,10.605,10.605,415,0
CRT.US,5,20211214,161500,10.8299,10.8299,10.75,10.75,2100,0
CRT.US,5,20211214,165000,10.7,10.7,10.7,10.7,400,0
CRT.US,5,20211214,171000,10.7138,10.7138,10.7138,10.7138,100,0
CRT.US,5,20211214,174500,10.85,10.85,10.85,10.85,200,0
CRT.US,5,20211214,175500,10.82,10.82,10.82,10.82,3000,0
CRT.US,5,20211214,182500,10.7556,10.7556,10.7556,10.7556,100,0
CRT.US,5,20211214,183000,10.785,10.785,10.71,10.72,1900,0
CRT.US,5,20211214,184000,10.7,10.72,10.62,10.72,875,0
CRT.US,5,20211214,185500,10.6201,10.6201,10.6201,10.6201,2000,0
CRT.US,5,20211214,190000,10.63,10.65,10.62,10.62,700,0
CRT.US,5,20211214,192500,10.5201,10.5201,10.5201,10.5201,416,0
CRT.US,5,20211214,195500,10.5256,10.5256,10.5256,10.5256,500,0
CRT.US,5,20211214,210000,10.6,10.6,10.6,10.6,200,0
CRT.US,5,20211214,210500,10.6,10.6,10.59,10.59,200,0
CRT.US,5,20211214,215500,10.63,10.73,10.61,10.63,940,0
CRT.US,5,20211215,153000,10.79,10.79,10.63,10.63,1785,0
CRT.US,5,20211215,154000,10.73,10.73,10.73,10.73,100,0
CRT.US,5,20211215,160000,10.6,10.6,10.6,10.6,140,0
CRT.US,5,20211215,160500,10.536,10.536,10.536,10.536,152,0
CRT.US,5,20211215,161000,10.53,10.55,10.51,10.51,700,0
CRT.US,5,20211215,164000,10.6199,10.6199,10.6199,10.6199,150,0
CRT.US,5,20211215,170000,10.51,10.51,10.43,10.43,449,0
CRT.US,5,20211215,172500,10.54,10.54,10.54,10.54,6000,0
CRT.US,5,20211215,173000,10.54,10.54,10.54,10.54,300,0
CRT.US,5,20211215,173500,10.557,10.557,10.557,10.557,127,0
CRT.US,5,20211215,180000,10.545,10.545,10.545,10.545,490,0
CRT.US,5,20211215,190000,10.5936,10.6099,10.5936,10.6099,700,0
CRT.US,5,20211215,191500,10.54,10.54,10.5,10.5,1292,0
CRT.US,5,20211215,195500,10.525,10.525,10.525,10.525,106,0
CRT.US,5,20211215,201000,10.61,10.61,10.61,10.61,200,0
CRT.US,5,20211215,204500,10.58,10.58,10.58,10.58,100,0
CRT.US,5,20211215,212000,10.54,10.54,10.52,10.5252,720,0
CRT.US,5,20211215,212500,10.57,10.58,10.53,10.555,3500,0
CRT.US,5,20211215,214000,10.565,10.565,10.55,10.55,200,0
CRT.US,5,20211215,214500,10.53,10.54,10.53,10.53,400,0
CRT.US,5,20211215,215500,10.51,10.58,10.51,10.58,594,0
CRT.US,5,20211216,153000,10.55,10.55,10.55,10.55,1168,0
CRT.US,5,20211216,153500,10.55,10.55,10.55,10.55,200,0
CRT.US,5,20211216,155000,10.5648,10.5648,10.5648,10.5648,600,0
CRT.US,5,20211216,155500,10.59,10.69,10.58,10.69,2202,0
CRT.US,5,20211216,160000,10.65,10.65,10.62,10.62,385,0
CRT.US,5,20211216,161000,10.615,10.615,10.615,10.615,2000,0
CRT.US,5,20211216,162000,10.65,10.7,10.65,10.65,1700,0
CRT.US,5,20211216,165500,10.6647,10.6978,10.6647,10.6978,863,0
CRT.US,5,20211216,170000,10.6647,10.6647,10.6647,10.6647,716,0
CRT.US,5,20211216,171500,10.71,10.71,10.5546,10.5546,6775,0
CRT.US,5,20211216,172000,10.6723,10.6723,10.6723,10.6723,100,0
CRT.US,5,20211216,173500,10.7433,10.7433,10.65,10.65,1951,0
CRT.US,5,20211216,174000,10.7481,10.7481,10.7481,10.7481,2749,0
CRT.US,5,20211216,174500,10.7132,10.7132,10.7132,10.7132,125,0
CRT.US,5,20211216,175000,10.72,10.72,10.72,10.72,100,0
CRT.US,5,20211216,180500,10.69,10.7,10.69,10.7,1000,0
CRT.US,5,20211216,181000,10.7,10.71,10.7,10.71,900,0
CRT.US,5,20211216,183500,10.7065,10.7065,10.7065,10.7065,200,0
CRT.US,5,20211216,185000,10.7,10.7,10.7,10.7,200,0
CRT.US,5,20211216,190000,10.67,10.7,10.67,10.7,500,0
CRT.US,5,20211216,192500,10.67,10.67,10.67,10.67,1200,0
CRT.US,5,20211216,193000,10.67,10.67,10.67,10.67,100,0
CRT.US,5,20211216,195500,10.71,10.71,10.71,10.71,200,0
CRT.US,5,20211216,200000,10.74,10.74,10.74,10.74,100,0
CRT.US,5,20211216,202000,10.73,10.745,10.7,10.71,1400,0
CRT.US,5,20211216,204500,10.715,10.715,10.67,10.67,400,0
CRT.US,5,20211216,213000,10.72,10.72,10.67,10.67,400,0
CRT.US,5,20211216,215500,10.66,10.66,10.66,10.66,248,0
CRT.US,5,20211217,153000,10.54,10.71,10.54,10.66,400,0
CRT.US,5,20211217,154500,10.5,10.5,10.5,10.5,1000,0
CRT.US,5,20211217,155000,10.55,10.55,10.55,10.55,200,0
CRT.US,5,20211217,160000,10.6,10.6,10.6,10.6,500,0
CRT.US,5,20211217,163500,10.5101,10.5101,10.5101,10.5101,100,0
CRT.US,5,20211217,164500,10.555,10.555,10.51,10.51,922,0
CRT.US,5,20211217,171000,10.59,10.59,10.59,10.59,200,0
CRT.US,5,20211217,181500,10.6001,10.6083,10.6001,10.6083,378,0
CRT.US,5,20211217,191000,10.6018,10.6018,10.6018,10.6018,100,0
CRT.US,5,20211217,195500,10.6001,10.6001,10.6001,10.6001,695,0
CRT.US,5,20211217,200500,10.64,10.64,10.64,10.64,649,0
CRT.US,5,20211217,203500,10.61,10.61,10.59,10.59,1200,0
CRT.US,5,20211217,211000,10.5301,10.5301,10.5301,10.5301,114,0
CRT.US,5,20211217,212500,10.6,10.6,10.6,10.6,989,0
CRT.US,5,20211217,215500,10.59,10.59,10.54,10.54,511,0
CRT.US,5,20211220,153000,10.62,10.62,10.62,10.62,2451,0
CRT.US,5,20211220,160000,10.63,10.8791,10.63,10.8791,4143,0
CRT.US,5,20211220,161500,11.05,11.15,11.025,11.15,4076,0
CRT.US,5,20211220,162000,11.0359,11.15,10.933,10.933,6400,0
CRT.US,5,20211220,162500,10.84,10.84,10.8,10.808,3000,0
CRT.US,5,20211220,163500,10.7199,10.7199,10.7199,10.7199,1500,0
CRT.US,5,20211220,164500,10.75,10.75,10.71,10.71,800,0
CRT.US,5,20211220,165000,10.77,10.77,10.74,10.74,800,0
CRT.US,5,20211220,165500,11.08,11.08,11.0642,11.0642,700,0
CRT.US,5,20211220,170000,11.05,11.05,11.05,11.05,100,0
CRT.US,5,20211220,170500,10.93,10.93,10.79,10.79,1000,0
CRT.US,5,20211220,171500,11.0699,11.0699,10.93,10.93,962,0
CRT.US,5,20211220,173000,10.925,10.925,10.925,10.925,250,0
CRT.US,5,20211220,173500,10.9198,10.9198,10.9198,10.9198,500,0
CRT.US,5,20211220,174000,10.92,10.92,10.92,10.92,150,0
CRT.US,5,20211220,183500,10.9737,10.9737,10.9737,10.9737,200,0
CRT.US,5,20211220,185000,10.98,10.98,10.98,10.98,750,0
CRT.US,5,20211220,190500,10.9757,10.9757,10.9757,10.9757,600,0
CRT.US,5,20211220,191500,10.98,10.98,10.98,10.98,200,0
CRT.US,5,20211220,192000,10.93,10.93,10.93,10.93,225,0
CRT.US,5,20211220,192500,10.945,10.945,10.945,10.945,500,0
CRT.US,5,20211220,193500,10.955,10.955,10.9102,10.9102,1300,0
CRT.US,5,20211220,194000,10.955,10.955,10.91,10.9103,900,0
CRT.US,5,20211220,195000,10.9202,10.9202,10.9202,10.9202,700,0
CRT.US,5,20211220,195500,10.9205,10.9205,10.9205,10.9205,500,0
CRT.US,5,20211220,201000,10.93,10.93,10.93,10.93,300,0
CRT.US,5,20211220,202000,10.9307,10.9307,10.9307,10.9307,458,0
CRT.US,5,20211220,205500,10.9524,10.9524,10.9524,10.9524,2082,0
CRT.US,5,20211220,210000,10.965,10.965,10.965,10.965,100,0
CRT.US,5,20211220,210500,10.965,11,10.95,11,2573,0
CRT.US,5,20211220,211500,10.965,10.965,10.965,10.965,300,0
CRT.US,5,20211220,212000,10.97,11,10.94,11,3376,0
CRT.US,5,20211220,213500,11.0816,11.14,11.03,11.03,1600,0
CRT.US,5,20211220,214000,11.0411,11.114,11.03,11.09,1600,0
CRT.US,5,20211220,215500,11.1489,11.1489,11.04,11.09,1835,0
CRT.US,5,20211221,153000,11.15,11.347,11.15,11.347,5560,0
CRT.US,5,20211221,153500,11.4399,11.4399,11.4399,11.4399,127,0
CRT.US,5,20211221,154000,11.31,11.31,11.31,11.31,100,0
CRT.US,5,20211221,154500,11.34,11.34,11.31,11.31,1400,0
CRT.US,5,20211221,155000,11.3,11.3641,11.3,11.3641,1150,0
CRT.US,5,20211221,160000,11.36,11.37,11.36,11.37,300,0
CRT.US,5,20211221,160500,11.4,11.44,11.4,11.44,400,0
CRT.US,5,20211221,161000,11.48,11.515,11.47,11.515,1880,0
CRT.US,5,20211221,161500,11.515,11.55,11.48,11.55,1737,0
CRT.US,5,20211221,162500,11.4893,11.4893,11.4893,11.4893,500,0
CRT.US,5,20211221,164500,11.538,11.538,11.45,11.46,1490,0
CRT.US,5,20211221,170000,11.47,11.47,11.47,11.47,200,0
CRT.US,5,20211221,170500,11.2601,11.2601,11.2601,11.2601,1600,0
CRT.US,5,20211221,172500,11.36,11.46,11.35,11.46,600,0
CRT.US,5,20211221,174000,11.41,11.41,11.41,11.41,1000,0
CRT.US,5,20211221,174500,11.41,11.41,11.41,11.41,150,0
CRT.US,5,20211221,175000,11.46,11.46,11.46,11.46,309,0
CRT.US,5,20211221,175500,11.4368,11.4368,11.4368,11.4368,200,0
CRT.US,5,20211221,180500,11.4154,11.4154,11.4154,11.4154,100,0
CRT.US,5,20211221,182000,11.45,11.45,11.45,11.45,158,0
CRT.US,5,20211221,184500,11.45,11.45,11.45,11.45,468,0
CRT.US,5,20211221,190000,11.4001,11.4001,11.4001,11.4001,1000,0
CRT.US,5,20211221,190500,11.4,11.41,11.4,11.4,300,0
CRT.US,5,20211221,191500,11.4,11.5308,11.35,11.5308,8394,0
CRT.US,5,20211221,193500,11.3823,11.3823,11.3823,11.3823,100,0
CRT.US,5,20211221,194000,11.4,11.4,11.39,11.4,925,0
CRT.US,5,20211221,194500,11.39,11.3912,11.3134,11.3134,2945,0
CRT.US,5,20211221,200000,11.3779,11.3779,11.3779,11.3779,200,0
CRT.US,5,20211221,200500,11.4658,11.4658,11.4658,11.4658,100,0
CRT.US,5,20211221,201500,11.366,11.366,11.366,11.366,100,0
CRT.US,5,20211221,204500,11.36,11.36,11.36,11.36,250,0
CRT.US,5,20211221,205000,11.3858,11.3858,11.3858,11.3858,100,0
CRT.US,5,20211221,211000,11.4316,11.4316,11.425,11.425,770,0
CRT.US,5,20211221,212000,11.425,11.4349,11.425,11.4349,298,0
CRT.US,5,20211221,212500,11.45,11.45,11.45,11.45,200,0
CRT.US,5,20211221,213500,11.45,11.45,11.45,11.45,200,0
CRT.US,5,20211221,215500,11.38,11.4439,11.37,11.43,2271,0
CRT.US,5,20211222,153000,11.68,11.68,11.68,11.68,5953,0
CRT.US,5,20211222,153500,11.65,11.65,11.65,11.65,700,0
CRT.US,5,20211222,154500,11.505,11.505,11.505,11.505,200,0
CRT.US,5,20211222,155000,11.51,11.68,11.51,11.68,200,0
CRT.US,5,20211222,155500,11.54,11.54,11.54,11.54,100,0
CRT.US,5,20211222,160000,11.63,11.63,11.63,11.63,200,0
CRT.US,5,20211222,160500,11.7299,11.81,11.71,11.7138,700,0
CRT.US,5,20211222,161000,11.81,11.81,11.8,11.8,400,0
CRT.US,5,20211222,161500,11.8,11.8,11.73,11.73,1400,0
CRT.US,5,20211222,162000,11.73,11.74,11.73,11.74,536,0
CRT.US,5,20211222,163000,11.545,11.545,11.54,11.54,722,0
CRT.US,5,20211222,164000,11.63,11.63,11.63,11.63,250,0
CRT.US,5,20211222,164500,11.5567,11.5567,11.5567,11.5567,200,0
CRT.US,5,20211222,165000,11.6948,11.6948,11.6948,11.6948,1000,0
CRT.US,5,20211222,165500,11.63,11.63,11.63,11.63,100,0
CRT.US,5,20211222,170500,11.635,11.635,11.635,11.635,100,0
CRT.US,5,20211222,171000,11.64,11.7,11.62,11.62,1776,0
CRT.US,5,20211222,172000,11.67,11.76,11.67,11.76,4000,0
CRT.US,5,20211222,172500,11.77,11.77,11.77,11.77,100,0
CRT.US,5,20211222,173000,11.705,11.81,11.705,11.8,1000,0
CRT.US,5,20211222,173500,11.86,11.87,11.86,11.87,200,0
CRT.US,5,20211222,174000,11.755,11.755,11.755,11.755,127,0
CRT.US,5,20211222,175500,11.75,11.75,11.75,11.75,100,0
CRT.US,5,20211222,180500,11.86,11.86,11.86,11.86,100,0
CRT.US,5,20211222,181500,11.8695,11.8695,11.8695,11.8695,600,0
CRT.US,5,20211222,183500,11.77,11.77,11.77,11.77,100,0
CRT.US,5,20211222,184500,11.775,11.775,11.7102,11.7102,700,0
CRT.US,5,20211222,191500,11.7899,11.7899,11.7899,11.7899,100,0
CRT.US,5,20211222,192000,11.8037,11.8037,11.79,11.79,1300,0
CRT.US,5,20211222,192500,11.7566,11.7566,11.7566,11.7566,400,0
CRT.US,5,20211222,200000,11.7902,11.7902,11.7902,11.7902,500,0
CRT.US,5,20211222,203000,11.8172,11.8172,11.8172,11.8172,100,0
CRT.US,5,20211222,203500,11.84,11.91,11.84,11.91,2275,0
CRT.US,5,20211222,204000,11.95,11.99,11.88,11.88,500,0
CRT.US,5,20211222,204500,11.95,11.99,11.91,11.99,814,0
CRT.US,5,20211222,205000,11.91,11.91,11.91,11.91,300,0
CRT.US,5,20211222,210000,11.86,11.92,11.85,11.8501,7927,0
CRT.US,5,20211222,210500,11.77,11.78,11.77,11.78,300,0
CRT.US,5,20211222,211000,11.72,11.72,11.72,11.72,200,0
CRT.US,5,20211222,211500,11.8,11.85,11.7999,11.7999,1136,0
CRT.US,5,20211222,213000,11.72,11.8,11.72,11.7998,2150,0
CRT.US,5,20211222,215000,11.8,11.9,11.799,11.8,2977,0
CRT.US,5,20211222,215500,11.8,11.81,11.75,11.77,1496,0
CRT.US,5,20211223,153000,11.77,11.79,11.6501,11.7,5902,0
CRT.US,5,20211223,153500,11.7,11.75,11.7,11.75,200,0
CRT.US,5,20211223,154000,11.755,11.755,11.71,11.71,3395,0
CRT.US,5,20211223,154500,11.65,11.67,11.57,11.59,1874,0
CRT.US,5,20211223,155000,11.7242,11.7242,11.7242,11.7242,200,0
CRT.US,5,20211223,162500,11.7636,11.7636,11.76,11.76,200,0
CRT.US,5,20211223,163000,11.7,11.7,11.7,11.7,200,0
CRT.US,5,20211223,163500,11.68,11.69,11.68,11.68,1250,0
CRT.US,5,20211223,164000,11.68,11.68,11.665,11.665,200,0
CRT.US,5,20211223,171000,11.68,11.68,11.68,11.68,100,0
CRT.US,5,20211223,173000,11.674,11.674,11.674,11.674,4000,0
CRT.US,5,20211223,174000,11.6884,11.6884,11.6884,11.6884,200,0
CRT.US,5,20211223,174500,11.69,11.7,11.69,11.7,725,0
CRT.US,5,20211223,175000,11.72,11.72,11.7,11.7,1000,0
CRT.US,5,20211223,175500,11.67,11.67,11.67,11.67,300,0
CRT.US,5,20211223,180500,11.6934,11.6934,11.6934,11.6934,850,0
CRT.US,5,20211223,181000,11.6999,11.6999,11.6999,11.6999,210,0
CRT.US,5,20211223,183000,11.69,11.69,11.68,11.68,200,0
CRT.US,5,20211223,185500,11.69,11.69,11.69,11.69,300,0
CRT.US,5,20211223,190000,11.7,11.7,11.7,11.7,700,0
CRT.US,5,20211223,191000,11.69,11.69,11.67,11.68,1510,0
CRT.US,5,20211223,191500,11.65,11.67,11.65,11.65,436,0
CRT.US,5,20211223,194500,11.63,11.65,11.63,11.63,1146,0
CRT.US,5,20211223,200500,11.61,11.63,11.61,11.63,867,0
CRT.US,5,20211223,201000,11.63,11.71,11.6265,11.6265,2200,0
CRT.US,5,20211223,201500,11.622,11.63,11.622,11.6255,1700,0
CRT.US,5,20211223,202000,11.63,11.7,11.63,11.63,900,0
CRT.US,5,20211223,204000,11.6298,11.6298,11.6285,11.6285,400,0
CRT.US,5,20211223,205000,11.618,11.618,11.618,11.618,150,0
CRT.US,5,20211223,210000,11.62,11.62,11.61,11.615,500,0
CRT.US,5,20211223,210500,11.61,11.61,11.61,11.61,100,0
CRT.US,5,20211223,212000,11.61,11.6902,11.6098,11.6902,1538,0
CRT.US,5,20211223,215500,11.63,11.63,11.6,11.6,901,0
