<TICKER>,<PER>,<DATE>,<TIME>,<OPEN>,<HIGH>,<LOW>,<CLOSE>,<VOL>,<OPENINT>
DMB.US,5,20211104,143000,14.94,14.94,14.94,14.94,1164,0
DMB.US,5,20211104,143500,14.8887,14.8887,14.8887,14.8887,1000,0
DMB.US,5,20211104,144000,14.8001,14.8064,14.8001,14.8064,1552,0
DMB.US,5,20211104,144500,14.92,14.92,14.92,14.92,100,0
DMB.US,5,20211104,151000,14.8502,14.8502,14.8502,14.8502,150,0
DMB.US,5,20211104,151500,14.9,14.9,14.9,14.9,100,0
DMB.US,5,20211104,153500,14.8898,14.8898,14.8898,14.8898,750,0
DMB.US,5,20211104,154000,14.83,14.83,14.83,14.83,999,0
DMB.US,5,20211104,155000,14.875,14.875,14.875,14.875,500,0
DMB.US,5,20211104,155500,14.8604,14.8604,14.83,14.83,522,0
DMB.US,5,20211104,160000,14.8884,14.8884,14.8884,14.8884,100,0
DMB.US,5,20211104,170000,14.83,14.85,14.8,14.85,5664,0
DMB.US,5,20211104,170500,14.83,14.86,14.83,14.86,500,0
DMB.US,5,20211104,171500,14.81,14.82,14.81,14.8109,1706,0
DMB.US,5,20211104,173000,14.82,14.8202,14.82,14.8202,577,0
DMB.US,5,20211104,175000,14.866,14.866,14.866,14.866,1000,0
DMB.US,5,20211104,181000,14.83,14.85,14.83,14.85,1364,0
DMB.US,5,20211104,181500,14.82,14.82,14.82,14.82,100,0
DMB.US,5,20211104,183000,14.835,14.835,14.8317,14.835,1206,0
DMB.US,5,20211104,183500,14.84,14.84,14.84,14.84,301,0
DMB.US,5,20211104,184000,14.835,14.85,14.835,14.85,1660,0
DMB.US,5,20211104,185500,14.85,14.85,14.85,14.85,101,0
DMB.US,5,20211104,190000,14.85,14.85,14.85,14.85,100,0
DMB.US,5,20211104,190500,14.85,14.85,14.84,14.84,1050,0
DMB.US,5,20211104,191500,14.85,14.85,14.85,14.85,1341,0
DMB.US,5,20211104,192000,14.89,14.9,14.89,14.9,1000,0
DMB.US,5,20211104,192500,14.8212,14.8212,14.8212,14.8212,289,0
DMB.US,5,20211104,193500,14.926,14.926,14.926,14.926,200,0
DMB.US,5,20211104,204000,14.9248,14.9248,14.88,14.88,625,0
DMB.US,5,20211104,205000,14.92,14.92,14.92,14.92,100,0
DMB.US,5,20211105,143000,14.95,14.95,14.95,14.95,394,0
DMB.US,5,20211105,144000,14.95,14.95,14.9001,14.9001,856,0
DMB.US,5,20211105,145500,14.95,14.95,14.94,14.94,200,0
DMB.US,5,20211105,150000,14.9101,14.93,14.91,14.91,1054,0
DMB.US,5,20211105,150500,14.91,14.91,14.91,14.91,100,0
DMB.US,5,20211105,151500,14.95,15.03,14.95,15.03,12488,0
DMB.US,5,20211105,152000,15.055,15.055,15.055,15.055,200,0
DMB.US,5,20211105,153000,15.06,15.09,15.02,15.09,3304,0
DMB.US,5,20211105,153500,15.1101,15.1101,15.1101,15.1101,192,0
DMB.US,5,20211105,154500,15.14,15.14,15.14,15.14,1522,0
DMB.US,5,20211105,155500,15.1608,15.1608,15.14,15.14,760,0
DMB.US,5,20211105,160500,15.11,15.12,15.11,15.11,1200,0
DMB.US,5,20211105,161000,15.08,15.08,15.07,15.08,2150,0
DMB.US,5,20211105,161500,15.07,15.08,15.07,15.0797,895,0
DMB.US,5,20211105,162000,15.05,15.05,15.05,15.05,566,0
DMB.US,5,20211105,163000,15.04,15.07,15.04,15.07,1534,0
DMB.US,5,20211105,164500,15,15.06,14.93,15.02,9050,0
DMB.US,5,20211105,170000,15.09,15.18,15.09,15.18,3126,0
DMB.US,5,20211105,170500,15.1657,15.18,15.16,15.16,500,0
DMB.US,5,20211105,172500,15.12,15.12,15.12,15.12,550,0
DMB.US,5,20211105,184000,15.11,15.11,15.11,15.11,100,0
DMB.US,5,20211105,184500,15.085,15.14,15.08,15.08,1595,0
DMB.US,5,20211105,185000,15.1435,15.1435,15.115,15.115,1060,0
DMB.US,5,20211105,190000,15.0825,15.0825,15.0825,15.0825,1000,0
DMB.US,5,20211105,190500,15.06,15.1055,15.06,15.1055,600,0
DMB.US,5,20211105,192000,15.0802,15.0802,15.055,15.055,200,0
DMB.US,5,20211105,200000,15.06,15.06,15.045,15.045,1200,0
DMB.US,5,20211105,200500,15.06,15.06,15.06,15.06,100,0
DMB.US,5,20211105,201500,15.055,15.055,15.055,15.055,1000,0
DMB.US,5,20211105,204000,15.09,15.09,15.075,15.075,1129,0
DMB.US,5,20211105,205000,15.09,15.128,15.085,15.12,9101,0
DMB.US,5,20211105,205500,15.12,15.1565,15.12,15.14,1300,0
DMB.US,5,20211108,153000,15.09,15.09,15.09,15.09,902,0
DMB.US,5,20211108,153500,15.13,15.16,15.13,15.1598,5477,0
DMB.US,5,20211108,154000,15.16,15.1694,15.16,15.1694,1200,0
DMB.US,5,20211108,155000,15.16,15.21,15.15,15.21,1298,0
DMB.US,5,20211108,161000,15.2,15.2,15.2,15.2,1500,0
DMB.US,5,20211108,162000,15.2,15.2,15.2,15.2,200,0
DMB.US,5,20211108,162500,15.19,15.1902,15.16,15.1902,2627,0
DMB.US,5,20211108,171000,15.2094,15.2094,15.2094,15.2094,300,0
DMB.US,5,20211108,173000,15.2,15.2,15.2,15.2,330,0
DMB.US,5,20211108,175500,15.2,15.21,15.2,15.21,2470,0
DMB.US,5,20211108,181000,15.21,15.21,15.21,15.21,100,0
DMB.US,5,20211108,181500,15.19,15.19,15.19,15.19,100,0
DMB.US,5,20211108,182500,15.16,15.18,15.15,15.18,4921,0
DMB.US,5,20211108,183000,15.11,15.15,15.1,15.15,5002,0
DMB.US,5,20211108,183500,15.0601,15.0601,15.0601,15.0601,149,0
DMB.US,5,20211108,184000,15.16,15.16,15.16,15.16,459,0
DMB.US,5,20211108,190500,15.08,15.0804,15.06,15.06,4400,0
DMB.US,5,20211108,191000,15.03,15.0975,15.03,15.0975,800,0
DMB.US,5,20211108,191500,15.08,15.08,15.08,15.08,100,0
DMB.US,5,20211108,192000,15.1,15.1,15.095,15.1,600,0
DMB.US,5,20211108,193000,15.09,15.09,15.09,15.09,100,0
DMB.US,5,20211108,195000,15.0601,15.09,15.0601,15.08,1160,0
DMB.US,5,20211108,195500,15.06,15.06,15.03,15.03,3200,0
DMB.US,5,20211108,200500,15.0504,15.0504,15.0504,15.0504,100,0
DMB.US,5,20211108,201500,15.03,15.03,15.03,15.03,100,0
DMB.US,5,20211108,202500,15.05,15.06,15.05,15.06,1100,0
DMB.US,5,20211108,203000,15.055,15.06,15.055,15.06,300,0
DMB.US,5,20211108,203500,15.0504,15.0504,15.0105,15.0105,10478,0
DMB.US,5,20211108,204500,15.01,15.06,15.01,15.06,251,0
DMB.US,5,20211108,211000,15.0107,15.0107,15.0107,15.0107,333,0
DMB.US,5,20211108,211500,15.02,15.03,15.02,15.03,1000,0
DMB.US,5,20211108,212000,15.03,15.03,15.02,15.03,1485,0
DMB.US,5,20211108,212500,15.0222,15.0222,15.0222,15.0222,1339,0
DMB.US,5,20211108,213000,15.02,15.02,15.02,15.02,241,0
DMB.US,5,20211108,213500,15.02,15.03,15.02,15.03,1692,0
DMB.US,5,20211108,215000,15.02,15.02,15.01,15.01,200,0
DMB.US,5,20211108,215500,15,15.02,14.93,14.99,12207,0
DMB.US,5,20211109,153000,15.04,15.04,15.04,15.04,1521,0
DMB.US,5,20211109,155500,15.055,15.0896,15.055,15.0896,987,0
DMB.US,5,20211109,162000,15.02,15.0201,15,15,2636,0
DMB.US,5,20211109,162500,15,15.015,14.95,14.9601,14446,0
DMB.US,5,20211109,163500,15.015,15.015,15.015,15.015,398,0
DMB.US,5,20211109,164500,14.95,15.01,14.9,14.91,5676,0
DMB.US,5,20211109,165000,14.9924,14.9924,14.9924,14.9924,400,0
DMB.US,5,20211109,170500,14.955,14.955,14.955,14.955,676,0
DMB.US,5,20211109,172500,14.95,14.95,14.88,14.9,5641,0
DMB.US,5,20211109,173000,14.8871,14.89,14.88,14.88,3937,0
DMB.US,5,20211109,180000,14.93,14.94,14.905,14.905,900,0
DMB.US,5,20211109,180500,14.9436,14.9436,14.9428,14.9428,500,0
DMB.US,5,20211109,181000,14.93,14.93,14.93,14.93,100,0
DMB.US,5,20211109,184000,14.89,14.89,14.88,14.88,500,0
DMB.US,5,20211109,185000,14.85,14.86,14.84,14.86,900,0
DMB.US,5,20211109,185500,14.835,14.84,14.82,14.82,1265,0
DMB.US,5,20211109,190000,14.85,14.85,14.82,14.82,1145,0
DMB.US,5,20211109,192000,14.85,14.85,14.835,14.835,1714,0
DMB.US,5,20211109,192500,14.81,14.81,14.81,14.81,1211,0
DMB.US,5,20211109,193000,14.81,14.81,14.81,14.81,400,0
DMB.US,5,20211109,193500,14.81,14.83,14.81,14.83,400,0
DMB.US,5,20211109,194000,14.83,14.83,14.83,14.83,175,0
DMB.US,5,20211109,194500,14.81,14.8451,14.81,14.8451,750,0
DMB.US,5,20211109,195500,14.81,14.81,14.75,14.807,2929,0
DMB.US,5,20211109,200000,14.8,14.8,14.8,14.8,385,0
DMB.US,5,20211109,202000,14.79,14.79,14.63,14.73,13669,0
DMB.US,5,20211109,203000,14.73,14.74,14.66,14.74,6000,0
DMB.US,5,20211109,203500,14.722,14.7465,14.722,14.725,3810,0
DMB.US,5,20211109,204000,14.725,14.73,14.69,14.69,1600,0
DMB.US,5,20211109,204500,14.67,14.674,14.65,14.674,2300,0
DMB.US,5,20211109,205000,14.6949,14.72,14.6949,14.72,200,0
DMB.US,5,20211109,205500,14.72,14.7202,14.72,14.7202,224,0
DMB.US,5,20211109,210500,14.72,14.72,14.72,14.72,179,0
DMB.US,5,20211109,211000,14.705,14.705,14.675,14.69,3760,0
DMB.US,5,20211109,211500,14.68,14.68,14.675,14.68,814,0
DMB.US,5,20211109,212000,14.69,14.7,14.6768,14.6768,660,0
DMB.US,5,20211109,212500,14.71,14.71,14.71,14.71,100,0
DMB.US,5,20211109,213500,14.708,14.708,14.69,14.708,1000,0
DMB.US,5,20211109,214000,14.71,14.75,14.705,14.75,3120,0
DMB.US,5,20211109,214500,14.765,14.79,14.765,14.78,1100,0
DMB.US,5,20211109,215000,14.7499,14.78,14.735,14.78,4605,0
DMB.US,5,20211109,215500,14.7765,14.785,14.74,14.75,1473,0
DMB.US,5,20211110,153000,14.825,14.825,14.825,14.825,225,0
DMB.US,5,20211110,153500,14.8852,14.8852,14.8852,14.8852,300,0
DMB.US,5,20211110,155000,14.8877,14.8877,14.8877,14.8877,470,0
DMB.US,5,20211110,161000,14.8847,14.8847,14.8847,14.8847,235,0
DMB.US,5,20211110,162000,14.8855,14.8855,14.8855,14.8855,100,0
DMB.US,5,20211110,162500,14.7808,14.7808,14.7808,14.7808,938,0
DMB.US,5,20211110,163000,14.78,14.78,14.77,14.78,1587,0
DMB.US,5,20211110,164000,14.77,14.77,14.75,14.75,1671,0
DMB.US,5,20211110,171000,14.8379,14.8379,14.8379,14.8379,300,0
DMB.US,5,20211110,172500,14.75,14.75,14.75,14.75,100,0
DMB.US,5,20211110,173000,14.75,14.75,14.75,14.75,300,0
DMB.US,5,20211110,173500,14.725,14.725,14.725,14.725,100,0
DMB.US,5,20211110,174000,14.72,14.725,14.72,14.725,400,0
DMB.US,5,20211110,174500,14.73,14.73,14.73,14.73,100,0
DMB.US,5,20211110,175500,14.7295,14.73,14.7252,14.73,2337,0
DMB.US,5,20211110,181000,14.7299,14.7299,14.7299,14.7299,678,0
DMB.US,5,20211110,182000,14.73,14.73,14.73,14.73,300,0
DMB.US,5,20211110,183000,14.71,14.715,14.7,14.715,722,0
DMB.US,5,20211110,184000,14.7,14.7002,14.7,14.7002,1120,0
DMB.US,5,20211110,185000,14.73,14.73,14.73,14.73,133,0
DMB.US,5,20211110,190000,14.7,14.7001,14.65,14.65,2850,0
DMB.US,5,20211110,190500,14.64,14.6401,14.61,14.61,3191,0
DMB.US,5,20211110,191000,14.61,14.62,14.6,14.62,2842,0
DMB.US,5,20211110,191500,14.66,14.66,14.66,14.66,100,0
DMB.US,5,20211110,192500,14.635,14.635,14.635,14.635,3000,0
DMB.US,5,20211110,193000,14.6001,14.6001,14.6001,14.6001,500,0
DMB.US,5,20211110,194000,14.6105,14.635,14.6105,14.635,797,0
DMB.US,5,20211110,194500,14.64,14.6651,14.64,14.6651,500,0
DMB.US,5,20211110,195000,14.6628,14.664,14.66,14.66,500,0
DMB.US,5,20211110,195500,14.6695,14.6758,14.66,14.662,1406,0
DMB.US,5,20211110,200500,14.6598,14.6598,14.65,14.65,400,0
DMB.US,5,20211110,201500,14.64,14.6401,14.64,14.6401,950,0
DMB.US,5,20211110,202000,14.64,14.6664,14.64,14.6664,325,0
DMB.US,5,20211110,202500,14.655,14.655,14.652,14.652,400,0
DMB.US,5,20211110,203500,14.6428,14.6428,14.6428,14.6428,811,0
DMB.US,5,20211110,204000,14.64,14.64,14.64,14.64,158,0
DMB.US,5,20211110,204500,14.67,14.67,14.63,14.6402,2358,0
DMB.US,5,20211110,205500,14.64,14.64,14.64,14.64,100,0
DMB.US,5,20211110,212500,14.65,14.65,14.63,14.63,965,0
DMB.US,5,20211110,213000,14.6444,14.6444,14.6444,14.6444,100,0
DMB.US,5,20211110,213500,14.6349,14.6349,14.6349,14.6349,486,0
DMB.US,5,20211110,214000,14.64,14.64,14.64,14.64,1200,0
DMB.US,5,20211110,214500,14.65,14.65,14.65,14.65,249,0
DMB.US,5,20211110,215500,14.65,14.65,14.63,14.63,1102,0
DMB.US,5,20211111,162500,14.65,14.65,14.65,14.65,125,0
DMB.US,5,20211111,163000,14.6657,14.68,14.6657,14.68,500,0
DMB.US,5,20211111,165500,14.65,14.65,14.65,14.65,200,0
DMB.US,5,20211111,170000,14.68,14.68,14.601,14.601,1822,0
DMB.US,5,20211111,170500,14.65,14.65,14.65,14.65,100,0
DMB.US,5,20211111,172000,14.68,14.68,14.65,14.65,8188,0
DMB.US,5,20211111,174500,14.6537,14.6537,14.6537,14.6537,300,0
DMB.US,5,20211111,182500,14.6995,14.6995,14.6995,14.6995,100,0
DMB.US,5,20211111,190000,14.69,14.69,14.69,14.69,176,0
DMB.US,5,20211111,195500,14.69,14.69,14.69,14.69,100,0
DMB.US,5,20211111,201000,14.69,14.69,14.69,14.69,100,0
DMB.US,5,20211111,201500,14.69,14.69,14.6255,14.6385,10000,0
DMB.US,5,20211111,203500,14.6691,14.6691,14.6691,14.6691,170,0
DMB.US,5,20211111,204000,14.7052,14.7052,14.7052,14.7052,1225,0
DMB.US,5,20211111,211500,14.7,14.7088,14.655,14.655,1142,0
DMB.US,5,20211111,212000,14.71,14.71,14.7,14.71,500,0
DMB.US,5,20211111,213000,14.7065,14.73,14.6575,14.73,6490,0
DMB.US,5,20211111,213500,14.7299,14.73,14.72,14.73,1407,0
DMB.US,5,20211111,214000,14.79,14.79,14.7799,14.7799,2466,0
DMB.US,5,20211111,215500,14.78,14.78,14.75,14.75,1300,0
DMB.US,5,20211112,153500,14.84,14.84,14.84,14.84,521,0
DMB.US,5,20211112,160500,14.755,14.755,14.755,14.755,200,0
DMB.US,5,20211112,161500,14.755,14.755,14.755,14.755,454,0
DMB.US,5,20211112,163000,14.715,14.715,14.715,14.715,500,0
DMB.US,5,20211112,165000,14.67,14.67,14.67,14.67,3282,0
DMB.US,5,20211112,170000,14.7708,14.7708,14.7708,14.7708,600,0
DMB.US,5,20211112,172500,14.75,14.75,14.75,14.75,136,0
DMB.US,5,20211112,173000,14.7575,14.7575,14.7575,14.7575,1676,0
DMB.US,5,20211112,182500,14.71,14.71,14.7,14.7,2303,0
DMB.US,5,20211112,185000,14.7,14.7016,14.67,14.69,2780,0
DMB.US,5,20211112,193000,14.72,14.72,14.68,14.72,3500,0
DMB.US,5,20211112,193500,14.7329,14.7329,14.67,14.67,5380,0
DMB.US,5,20211112,194000,14.69,14.73,14.67,14.67,3000,0
DMB.US,5,20211112,194500,14.68,14.68,14.68,14.68,600,0
DMB.US,5,20211112,195000,14.72,14.72,14.72,14.72,400,0
DMB.US,5,20211112,201000,14.67,14.695,14.67,14.68,900,0
DMB.US,5,20211112,204000,14.695,14.71,14.695,14.71,3000,0
DMB.US,5,20211112,205000,14.71,14.77,14.705,14.77,1930,0
DMB.US,5,20211112,211500,14.7,14.7,14.69,14.6919,5109,0
DMB.US,5,20211112,213000,14.72,14.72,14.6702,14.6702,695,0
DMB.US,5,20211112,215500,14.69,14.69,14.67,14.67,918,0
DMB.US,5,20211115,153000,14.74,14.74,14.74,14.74,895,0
DMB.US,5,20211115,153500,14.75,14.75,14.75,14.75,102,0
DMB.US,5,20211115,154500,14.75,14.75,14.75,14.75,100,0
DMB.US,5,20211115,155000,14.7729,14.7729,14.7729,14.7729,300,0
DMB.US,5,20211115,160500,14.7189,14.7189,14.7189,14.7189,135,0
DMB.US,5,20211115,161500,14.74,14.74,14.74,14.74,100,0
DMB.US,5,20211115,163000,14.74,14.74,14.73,14.7302,665,0
DMB.US,5,20211115,165500,14.72,14.72,14.72,14.72,1500,0
DMB.US,5,20211115,170000,14.72,14.72,14.72,14.72,200,0
DMB.US,5,20211115,172000,14.71,14.71,14.7,14.7,860,0
DMB.US,5,20211115,173500,14.69,14.69,14.69,14.69,304,0
DMB.US,5,20211115,174000,14.69,14.69,14.69,14.69,100,0
DMB.US,5,20211115,182000,14.715,14.715,14.68,14.68,1300,0
DMB.US,5,20211115,184000,14.7364,14.7364,14.7364,14.7364,1075,0
DMB.US,5,20211115,190000,14.7299,14.7299,14.7299,14.7299,200,0
DMB.US,5,20211115,193500,14.69,14.69,14.65,14.65,3100,0
DMB.US,5,20211115,194000,14.685,14.685,14.6834,14.6834,500,0
DMB.US,5,20211115,200500,14.65,14.65,14.6,14.6,1600,0
DMB.US,5,20211115,202000,14.62,14.62,14.62,14.62,200,0
DMB.US,5,20211115,205500,14.64,14.64,14.6399,14.6399,991,0
DMB.US,5,20211115,211000,14.61,14.61,14.6,14.6087,1900,0
DMB.US,5,20211115,212000,14.6,14.6,14.6,14.6,1020,0
DMB.US,5,20211115,213000,14.605,14.61,14.6,14.605,3825,0
DMB.US,5,20211115,214000,14.6,14.6,14.6,14.6,500,0
DMB.US,5,20211115,214500,14.6,14.61,14.59,14.59,2510,0
DMB.US,5,20211115,215000,14.6,14.6,14.6,14.6,300,0
DMB.US,5,20211115,215500,14.605,14.61,14.6,14.6,2512,0
DMB.US,5,20211116,153500,14.5655,14.5655,14.5655,14.5655,240,0
DMB.US,5,20211116,154500,14.6095,14.6095,14.5702,14.5702,1887,0
DMB.US,5,20211116,160500,14.59,14.59,14.59,14.59,1272,0
DMB.US,5,20211116,162000,14.57,14.58,14.57,14.58,2100,0
DMB.US,5,20211116,162500,14.5888,14.59,14.5888,14.59,1234,0
DMB.US,5,20211116,165000,14.59,14.59,14.5899,14.59,612,0
DMB.US,5,20211116,165500,14.59,14.59,14.59,14.59,176,0
DMB.US,5,20211116,170000,14.59,14.59,14.5887,14.5887,4300,0
DMB.US,5,20211116,171500,14.585,14.585,14.58,14.58,500,0
DMB.US,5,20211116,172000,14.58,14.5873,14.58,14.5873,2601,0
DMB.US,5,20211116,174500,14.58,14.58,14.58,14.58,100,0
DMB.US,5,20211116,175000,14.59,14.59,14.59,14.59,7360,0
DMB.US,5,20211116,175500,14.5701,14.5701,14.57,14.5701,2342,0
DMB.US,5,20211116,180000,14.58,14.58,14.58,14.58,500,0
DMB.US,5,20211116,180500,14.59,14.59,14.59,14.59,1000,0
DMB.US,5,20211116,181000,14.5889,14.5889,14.5889,14.5889,342,0
DMB.US,5,20211116,182000,14.58,14.58,14.58,14.58,180,0
DMB.US,5,20211116,182500,14.5899,14.5899,14.5899,14.5899,100,0
DMB.US,5,20211116,183000,14.59,14.59,14.585,14.59,3138,0
DMB.US,5,20211116,183500,14.585,14.585,14.585,14.585,100,0
DMB.US,5,20211116,184500,14.585,14.585,14.585,14.585,100,0
DMB.US,5,20211116,185500,14.5899,14.5899,14.5899,14.5899,328,0
DMB.US,5,20211116,192500,14.5874,14.5874,14.5874,14.5874,100,0
DMB.US,5,20211116,194000,14.58,14.58,14.58,14.58,200,0
DMB.US,5,20211116,194500,14.59,14.59,14.58,14.58,592,0
DMB.US,5,20211116,200500,14.5702,14.5702,14.5702,14.5702,636,0
DMB.US,5,20211116,204000,14.59,14.59,14.59,14.59,1000,0
DMB.US,5,20211116,205000,14.59,14.59,14.59,14.59,100,0
DMB.US,5,20211116,211000,14.5874,14.5874,14.5874,14.5874,100,0
DMB.US,5,20211116,211500,14.58,14.5876,14.58,14.5876,400,0
DMB.US,5,20211116,212000,14.58,14.59,14.58,14.59,200,0
DMB.US,5,20211116,213500,14.5795,14.5795,14.5795,14.5795,700,0
DMB.US,5,20211116,215000,14.58,14.58,14.58,14.58,260,0
DMB.US,5,20211116,215500,14.58,14.59,14.57,14.58,2605,0
DMB.US,5,20211117,153000,14.52,14.52,14.52,14.52,971,0
DMB.US,5,20211117,154000,14.5642,14.5642,14.5642,14.5642,386,0
DMB.US,5,20211117,154500,14.51,14.55,14.51,14.51,6927,0
DMB.US,5,20211117,161000,14.5,14.5,14.5,14.5,1035,0
DMB.US,5,20211117,161500,14.51,14.51,14.51,14.51,2695,0
DMB.US,5,20211117,162500,14.505,14.505,14.49,14.5,3815,0
DMB.US,5,20211117,163500,14.5,14.5,14.5,14.5,2000,0
DMB.US,5,20211117,164000,14.5,14.5,14.5,14.5,200,0
DMB.US,5,20211117,164500,14.5,14.5,14.5,14.5,400,0
DMB.US,5,20211117,165000,14.5,14.5,14.5,14.5,100,0
DMB.US,5,20211117,173500,14.49,14.49,14.48,14.4801,834,0
DMB.US,5,20211117,174000,14.4875,14.5,14.4875,14.4875,600,0
DMB.US,5,20211117,182000,14.5,14.5,14.49,14.49,1365,0
DMB.US,5,20211117,184000,14.5061,14.5061,14.5061,14.5061,542,0
DMB.US,5,20211117,193000,14.54,14.55,14.54,14.55,200,0
DMB.US,5,20211117,200500,14.54,14.55,14.54,14.5498,2312,0
DMB.US,5,20211117,201500,14.57,14.58,14.57,14.58,200,0
DMB.US,5,20211117,202500,14.5258,14.5258,14.44,14.49,42639,0
DMB.US,5,20211117,212500,14.5,14.52,14.5,14.51,1187,0
DMB.US,5,20211117,213000,14.49,14.49,14.49,14.49,738,0
DMB.US,5,20211117,214500,14.49,14.49,14.49,14.49,600,0
DMB.US,5,20211117,215500,14.5,14.51,14.48,14.5,3383,0
DMB.US,5,20211118,153000,14.5,14.5,14.5,14.5,409,0
DMB.US,5,20211118,154000,14.52,14.52,14.52,14.52,200,0
DMB.US,5,20211118,154500,14.53,14.53,14.53,14.53,100,0
DMB.US,5,20211118,155500,14.5,14.5,14.44,14.44,6158,0
DMB.US,5,20211118,160000,14.43,14.47,14.4,14.445,12273,0
DMB.US,5,20211118,160500,14.47,14.47,14.47,14.47,100,0
DMB.US,5,20211118,162000,14.47,14.48,14.47,14.48,2000,0
DMB.US,5,20211118,163000,14.47,14.52,14.47,14.52,700,0
DMB.US,5,20211118,173000,14.4943,14.4943,14.4943,14.4943,284,0
DMB.US,5,20211118,181500,14.5,14.5,14.5,14.5,200,0
DMB.US,5,20211118,182500,14.5,14.5,14.49,14.5,800,0
DMB.US,5,20211118,183000,14.5,14.5,14.5,14.5,107,0
DMB.US,5,20211118,184500,14.5,14.5,14.5,14.5,2326,0
DMB.US,5,20211118,190000,14.49,14.5,14.49,14.5,514,0
DMB.US,5,20211118,190500,14.5,14.5,14.5,14.5,1760,0
DMB.US,5,20211118,192500,14.5,14.51,14.5,14.51,2000,0
DMB.US,5,20211118,193000,14.5,14.5002,14.495,14.5,900,0
DMB.US,5,20211118,202000,14.49,14.5,14.46,14.46,1508,0
DMB.US,5,20211118,211000,14.46,14.48,14.41,14.44,4350,0
DMB.US,5,20211118,212000,14.45,14.45,14.45,14.45,100,0
DMB.US,5,20211118,212500,14.44,14.4402,14.44,14.4402,1600,0
DMB.US,5,20211118,214000,14.46,14.46,14.46,14.46,850,0
DMB.US,5,20211118,215000,14.45,14.46,14.43,14.43,576,0
DMB.US,5,20211118,215500,14.43,14.45,14.38,14.45,3047,0
DMB.US,5,20211119,153000,14.45,14.45,14.45,14.45,6915,0
DMB.US,5,20211119,154500,14.45,14.45,14.44,14.4402,2265,0
DMB.US,5,20211119,155500,14.48,14.49,14.48,14.49,1500,0
DMB.US,5,20211119,160000,14.5,14.52,14.4996,14.52,1568,0
DMB.US,5,20211119,161000,14.5102,14.5102,14.5102,14.5102,393,0
DMB.US,5,20211119,165000,14.52,14.52,14.5,14.5,303,0
DMB.US,5,20211119,165500,14.52,14.52,14.5152,14.52,2118,0
DMB.US,5,20211119,172000,14.52,14.52,14.52,14.52,500,0
DMB.US,5,20211119,173500,14.51,14.52,14.51,14.52,1476,0
DMB.US,5,20211119,175000,14.52,14.52,14.52,14.52,712,0
DMB.US,5,20211119,180500,14.5263,14.5263,14.5263,14.5263,500,0
DMB.US,5,20211119,182000,14.51,14.51,14.48,14.48,8500,0
DMB.US,5,20211119,182500,14.495,14.495,14.495,14.495,500,0
DMB.US,5,20211119,184000,14.45,14.45,14.45,14.45,100,0
DMB.US,5,20211119,185500,14.5,14.5,14.5,14.5,100,0
DMB.US,5,20211119,190500,14.47,14.47,14.47,14.47,2800,0
DMB.US,5,20211119,192500,14.47,14.47,14.47,14.47,124,0
DMB.US,5,20211119,194000,14.48,14.48,14.44,14.44,553,0
DMB.US,5,20211119,200000,14.4864,14.49,14.484,14.49,1035,0
DMB.US,5,20211119,202500,14.43,14.43,14.43,14.43,100,0
DMB.US,5,20211119,203000,14.4602,14.4602,14.44,14.44,700,0
DMB.US,5,20211119,204000,14.49,14.49,14.49,14.49,852,0
DMB.US,5,20211119,205500,14.4624,14.4624,14.4624,14.4624,100,0
DMB.US,5,20211119,211000,14.48,14.48,14.47,14.48,535,0
DMB.US,5,20211119,211500,14.4894,14.4894,14.4894,14.4894,1200,0
DMB.US,5,20211119,212000,14.465,14.47,14.465,14.4656,1900,0
DMB.US,5,20211119,212500,14.47,14.47,14.465,14.465,736,0
DMB.US,5,20211119,213000,14.47,14.47,14.46,14.46,208,0
DMB.US,5,20211119,213500,14.47,14.47,14.47,14.47,100,0
DMB.US,5,20211119,214000,14.46,14.47,14.46,14.47,508,0
DMB.US,5,20211119,214500,14.47,14.47,14.465,14.4694,944,0
DMB.US,5,20211119,215500,14.46,14.48,14.46,14.47,3784,0
DMB.US,5,20211122,153000,14.47,14.47,14.47,14.47,867,0
DMB.US,5,20211122,153500,14.45,14.4535,14.42,14.4535,670,0
DMB.US,5,20211122,155000,14.445,14.445,14.44,14.44,200,0
DMB.US,5,20211122,155500,14.44,14.44,14.44,14.44,900,0
DMB.US,5,20211122,160000,14.43,14.44,14.43,14.43,900,0
DMB.US,5,20211122,160500,14.43,14.43,14.43,14.43,1298,0
DMB.US,5,20211122,161000,14.4201,14.435,14.42,14.435,2350,0
DMB.US,5,20211122,161500,14.41,14.41,14.4,14.4,3000,0
DMB.US,5,20211122,162500,14.4,14.4,14.4,14.4,200,0
DMB.US,5,20211122,163500,14.4,14.4,14.4,14.4,600,0
DMB.US,5,20211122,164000,14.397,14.4,14.397,14.4,2900,0
DMB.US,5,20211122,165000,14.39,14.39,14.39,14.39,700,0
DMB.US,5,20211122,165500,14.3904,14.41,14.3904,14.41,900,0
DMB.US,5,20211122,171000,14.395,14.395,14.39,14.39,1011,0
DMB.US,5,20211122,172500,14.43,14.43,14.43,14.43,900,0
DMB.US,5,20211122,173500,14.45,14.45,14.4,14.4,2000,0
DMB.US,5,20211122,174000,14.4,14.4,14.4,14.4,500,0
DMB.US,5,20211122,174500,14.4,14.4,14.39,14.3917,1931,0
DMB.US,5,20211122,175500,14.385,14.385,14.385,14.385,1000,0
DMB.US,5,20211122,180000,14.3892,14.3896,14.385,14.385,700,0
DMB.US,5,20211122,181000,14.38,14.39,14.38,14.39,530,0
DMB.US,5,20211122,184000,14.39,14.39,14.39,14.39,180,0
DMB.US,5,20211122,185500,14.38,14.38,14.38,14.38,100,0
DMB.US,5,20211122,190000,14.3896,14.39,14.38,14.38,6718,0
DMB.US,5,20211122,190500,14.38,14.38,14.38,14.38,100,0
DMB.US,5,20211122,192000,14.39,14.39,14.39,14.39,324,0
DMB.US,5,20211122,192500,14.38,14.41,14.38,14.41,4775,0
DMB.US,5,20211122,193000,14.41,14.416,14.41,14.416,400,0
DMB.US,5,20211122,193500,14.41,14.41,14.39,14.39,500,0
DMB.US,5,20211122,194500,14.38,14.38,14.37,14.37,800,0
DMB.US,5,20211122,195000,14.38,14.38,14.37,14.37,1000,0
DMB.US,5,20211122,200000,14.39,14.41,14.38,14.3802,3660,0
DMB.US,5,20211122,200500,14.36,14.37,14.36,14.36,700,0
DMB.US,5,20211122,201500,14.35,14.35,14.35,14.35,1500,0
DMB.US,5,20211122,202500,14.35,14.35,14.35,14.35,1300,0
DMB.US,5,20211122,203000,14.35,14.37,14.35,14.36,1600,0
DMB.US,5,20211122,203500,14.36,14.36,14.36,14.36,200,0
DMB.US,5,20211122,204000,14.35,14.35,14.35,14.35,1500,0
DMB.US,5,20211122,204500,14.34,14.35,14.34,14.345,10831,0
DMB.US,5,20211122,210000,14.35,14.37,14.34,14.37,2729,0
DMB.US,5,20211122,210500,14.34,14.34,14.33,14.33,4689,0
DMB.US,5,20211122,211000,14.33,14.33,14.32,14.32,1800,0
DMB.US,5,20211122,211500,14.32,14.32,14.3,14.3,1972,0
DMB.US,5,20211122,212000,14.3,14.3,14.29,14.3,5201,0
DMB.US,5,20211122,214500,14.33,14.33,14.33,14.33,2722,0
DMB.US,5,20211122,215000,14.3399,14.34,14.33,14.33,1895,0
DMB.US,5,20211122,215500,14.34,14.34,14.32,14.32,500,0
DMB.US,5,20211123,153000,14.32,14.32,14.32,14.32,965,0
DMB.US,5,20211123,153500,14.35,14.35,14.35,14.35,200,0
DMB.US,5,20211123,154500,14.34,14.34,14.335,14.34,400,0
DMB.US,5,20211123,161500,14.3203,14.3203,14.3203,14.3203,301,0
DMB.US,5,20211123,164000,14.3202,14.3202,14.29,14.29,7013,0
DMB.US,5,20211123,165000,14.3,14.3,14.3,14.3,100,0
DMB.US,5,20211123,170000,14.295,14.295,14.29,14.29,1131,0
DMB.US,5,20211123,170500,14.29,14.29,14.29,14.29,100,0
DMB.US,5,20211123,171000,14.29,14.29,14.27,14.29,4222,0
DMB.US,5,20211123,172000,14.2722,14.2722,14.2722,14.2722,500,0
DMB.US,5,20211123,172500,14.27,14.27,14.27,14.27,4571,0
DMB.US,5,20211123,173000,14.27,14.27,14.2655,14.2655,400,0
DMB.US,5,20211123,173500,14.26,14.2601,14.26,14.2601,1910,0
DMB.US,5,20211123,175000,14.25,14.2503,14.23,14.2314,5480,0
DMB.US,5,20211123,183000,14.2207,14.2207,14.2207,14.2207,1053,0
DMB.US,5,20211123,183500,14.255,14.255,14.255,14.255,100,0
DMB.US,5,20211123,190000,14.25,14.25,14.25,14.25,300,0
DMB.US,5,20211123,190500,14.26,14.26,14.26,14.26,180,0
DMB.US,5,20211123,191000,14.24,14.24,14.24,14.24,637,0
DMB.US,5,20211123,191500,14.24,14.24,14.24,14.24,400,0
DMB.US,5,20211123,192500,14.22,14.22,14.21,14.21,4529,0
DMB.US,5,20211123,193500,14.2381,14.2381,14.2381,14.2381,762,0
DMB.US,5,20211123,201000,14.22,14.22,14.22,14.22,1539,0
DMB.US,5,20211123,202000,14.225,14.225,14.225,14.225,703,0
DMB.US,5,20211123,202500,14.21,14.21,14.21,14.21,1100,0
DMB.US,5,20211123,203000,14.23,14.23,14.222,14.226,5300,0
DMB.US,5,20211123,203500,14.25,14.25,14.25,14.25,100,0
DMB.US,5,20211123,213000,14.2299,14.2299,14.22,14.22,1270,0
DMB.US,5,20211123,214000,14.2283,14.2283,14.2283,14.2283,300,0
DMB.US,5,20211123,214500,14.2175,14.2175,14.2175,14.2175,100,0
DMB.US,5,20211123,215000,14.215,14.215,14.215,14.215,100,0
DMB.US,5,20211123,215500,14.21,14.22,14.2,14.2,1655,0
DMB.US,5,20211124,153000,14.25,14.25,14.25,14.25,710,0
DMB.US,5,20211124,153500,14.22,14.22,14.22,14.22,200,0
DMB.US,5,20211124,154000,14.24,14.24,14.22,14.22,600,0
DMB.US,5,20211124,154500,14.24,14.24,14.24,14.24,343,0
DMB.US,5,20211124,161500,14.205,14.2093,14.205,14.2093,1100,0
DMB.US,5,20211124,165500,14.2095,14.2095,14.205,14.205,660,0
DMB.US,5,20211124,170000,14.2093,14.21,14.2093,14.21,1059,0
DMB.US,5,20211124,170500,14.21,14.21,14.2099,14.2099,3385,0
DMB.US,5,20211124,172000,14.225,14.28,14.225,14.28,4300,0
DMB.US,5,20211124,172500,14.28,14.28,14.28,14.28,100,0
DMB.US,5,20211124,173000,14.29,14.3,14.29,14.3,300,0
DMB.US,5,20211124,173500,14.3,14.3,14.3,14.3,1000,0
DMB.US,5,20211124,174500,14.3,14.3,14.3,14.3,100,0
DMB.US,5,20211124,194500,14.285,14.285,14.28,14.28,800,0
DMB.US,5,20211124,200000,14.26,14.26,14.26,14.26,100,0
DMB.US,5,20211124,204000,14.2425,14.2425,14.2425,14.2425,140,0
DMB.US,5,20211124,210500,14.2436,14.2436,14.2436,14.2436,141,0
DMB.US,5,20211124,211000,14.22,14.22,14.21,14.21,1750,0
DMB.US,5,20211124,212000,14.25,14.25,14.25,14.25,100,0
DMB.US,5,20211124,214500,14.23,14.23,14.23,14.23,600,0
DMB.US,5,20211124,215000,14.22,14.23,14.17,14.19,9248,0
DMB.US,5,20211124,215500,14.19,14.24,14.18,14.24,2440,0
DMB.US,5,20211126,153000,14.2,14.24,14.195,14.195,1671,0
DMB.US,5,20211126,155500,14.18,14.18,14.18,14.18,100,0
DMB.US,5,20211126,160000,14.18,14.18,14.18,14.18,500,0
DMB.US,5,20211126,161000,14.15,14.18,14.11,14.18,1899,0
DMB.US,5,20211126,161500,14.18,14.18,14.18,14.18,300,0
DMB.US,5,20211126,162000,14.18,14.18,14.18,14.18,500,0
DMB.US,5,20211126,163500,14.17,14.17,14.17,14.17,150,0
DMB.US,5,20211126,170500,14.2,14.2,14.19,14.19,600,0
DMB.US,5,20211126,172500,14.15,14.175,14.15,14.1502,3982,0
DMB.US,5,20211126,173000,14.1605,14.1605,14.1605,14.1605,900,0
DMB.US,5,20211126,173500,14.14,14.2,14.14,14.2,1800,0
DMB.US,5,20211126,175000,14.15,14.15,14.15,14.15,200,0
DMB.US,5,20211126,180000,14.18,14.2,14.18,14.2,500,0
DMB.US,5,20211126,180500,14.1946,14.1946,14.1946,14.1946,1012,0
DMB.US,5,20211126,182000,14.155,14.155,14.155,14.155,500,0
DMB.US,5,20211126,185500,14.19,14.19,14.19,14.19,203,0
DMB.US,5,20211126,190000,14.19,14.19,14.19,14.19,345,0
DMB.US,5,20211129,153000,14.27,14.27,14.2,14.2093,3165,0
DMB.US,5,20211129,153500,14.23,14.23,14.21,14.21,550,0
DMB.US,5,20211129,154500,14.21,14.21,14.21,14.21,400,0
DMB.US,5,20211129,160000,14.21,14.21,14.2,14.2,413,0
DMB.US,5,20211129,160500,14.21,14.22,14.21,14.22,751,0
DMB.US,5,20211129,161500,14.23,14.23,14.23,14.23,100,0
DMB.US,5,20211129,162000,14.22,14.23,14.22,14.23,700,0
DMB.US,5,20211129,164500,14.23,14.24,14.23,14.24,3000,0
DMB.US,5,20211129,165000,14.23,14.26,14.23,14.25,2100,0
DMB.US,5,20211129,165500,14.25,14.25,14.25,14.25,100,0
DMB.US,5,20211129,172000,14.24,14.24,14.24,14.24,400,0
DMB.US,5,20211129,172500,14.24,14.24,14.24,14.24,100,0
DMB.US,5,20211129,174000,14.2326,14.25,14.2326,14.25,1058,0
DMB.US,5,20211129,174500,14.25,14.25,14.25,14.25,100,0
DMB.US,5,20211129,175000,14.26,14.27,14.26,14.27,3700,0
DMB.US,5,20211129,180000,14.27,14.27,14.27,14.27,100,0
DMB.US,5,20211129,180500,14.28,14.29,14.28,14.29,1200,0
DMB.US,5,20211129,181500,14.29,14.29,14.29,14.29,1000,0
DMB.US,5,20211129,182500,14.28,14.3,14.28,14.3,1006,0
DMB.US,5,20211129,183500,14.3,14.3,14.3,14.3,100,0
DMB.US,5,20211129,185500,14.29,14.3,14.29,14.3,2444,0
DMB.US,5,20211129,190000,14.3,14.3001,14.3,14.3001,1744,0
DMB.US,5,20211129,191000,14.3014,14.3014,14.3014,14.3014,200,0
DMB.US,5,20211129,192000,14.31,14.31,14.3,14.3016,312,0
DMB.US,5,20211129,193000,14.3,14.31,14.3,14.31,935,0
DMB.US,5,20211129,194000,14.31,14.3205,14.31,14.3205,1674,0
DMB.US,5,20211129,194500,14.32,14.32,14.32,14.32,200,0
DMB.US,5,20211129,200000,14.32,14.32,14.32,14.32,1898,0
DMB.US,5,20211129,200500,14.325,14.34,14.325,14.34,1700,0
DMB.US,5,20211129,201000,14.32,14.32,14.32,14.32,600,0
DMB.US,5,20211129,202000,14.325,14.325,14.32,14.32,1684,0
DMB.US,5,20211129,210000,14.32,14.32,14.32,14.32,175,0
DMB.US,5,20211129,210500,14.32,14.32,14.305,14.305,600,0
DMB.US,5,20211129,212000,14.3,14.305,14.2686,14.2686,6646,0
DMB.US,5,20211129,212500,14.27,14.27,14.265,14.27,1400,0
DMB.US,5,20211129,213000,14.2603,14.2603,14.2603,14.2603,980,0
DMB.US,5,20211129,213500,14.2601,14.2601,14.26,14.26,2000,0
DMB.US,5,20211129,215500,14.26,14.3,14.26,14.28,1196,0
DMB.US,5,20211130,153000,14.32,14.32,14.32,14.32,1424,0
DMB.US,5,20211130,153500,14.35,14.35,14.35,14.35,200,0
DMB.US,5,20211130,154500,14.37,14.3799,14.37,14.3799,5226,0
DMB.US,5,20211130,155000,14.3301,14.3301,14.3301,14.3301,7500,0
DMB.US,5,20211130,155500,14.3751,14.3751,14.3751,14.3751,500,0
DMB.US,5,20211130,161000,14.38,14.39,14.38,14.39,1800,0
DMB.US,5,20211130,162000,14.43,14.43,14.419,14.419,300,0
DMB.US,5,20211130,162500,14.4299,14.4299,14.4299,14.4299,270,0
DMB.US,5,20211130,163000,14.43,14.43,14.43,14.43,100,0
DMB.US,5,20211130,164000,14.4,14.41,14.4,14.41,1050,0
DMB.US,5,20211130,170000,14.36,14.36,14.36,14.36,520,0
DMB.US,5,20211130,174000,14.3599,14.3599,14.3599,14.3599,1393,0
DMB.US,5,20211130,182000,14.3599,14.3599,14.3599,14.3599,300,0
DMB.US,5,20211130,183500,14.36,14.36,14.3116,14.36,1680,0
DMB.US,5,20211130,184000,14.353,14.353,14.353,14.353,150,0
DMB.US,5,20211130,184500,14.36,14.36,14.36,14.36,100,0
DMB.US,5,20211130,185000,14.316,14.33,14.25,14.33,8747,0
DMB.US,5,20211130,185500,14.3083,14.3083,14.3083,14.3083,150,0
DMB.US,5,20211130,202000,14.3,14.32,14.3,14.31,1800,0
DMB.US,5,20211130,204000,14.3168,14.3195,14.3168,14.3195,200,0
DMB.US,5,20211130,204500,14.316,14.32,14.31,14.32,500,0
DMB.US,5,20211130,210000,14.32,14.33,14.31,14.317,900,0
DMB.US,5,20211130,211500,14.3,14.3,14.3,14.3,200,0
DMB.US,5,20211130,212000,14.3,14.33,14.3,14.33,3800,0
DMB.US,5,20211130,212500,14.31,14.31,14.31,14.31,100,0
DMB.US,5,20211130,213000,14.2935,14.2935,14.2935,14.2935,100,0
DMB.US,5,20211130,214500,14.3238,14.3238,14.3238,14.3238,4500,0
DMB.US,5,20211130,215500,14.34,14.36,14.3365,14.36,2284,0
DMB.US,5,20211201,153000,14.39,14.39,14.39,14.39,3153,0
DMB.US,5,20211201,153500,14.36,14.36,14.36,14.36,1200,0
DMB.US,5,20211201,160000,14.3604,14.3604,14.3604,14.3604,113,0
DMB.US,5,20211201,161000,14.33,14.37,14.32,14.37,1170,0
DMB.US,5,20211201,161500,14.3765,14.38,14.36,14.3658,2183,0
DMB.US,5,20211201,162000,14.37,14.38,14.37,14.38,989,0
DMB.US,5,20211201,162500,14.38,14.38,14.38,14.38,100,0
DMB.US,5,20211201,164500,14.38,14.38,14.3758,14.38,952,0
DMB.US,5,20211201,170000,14.38,14.38,14.38,14.38,200,0
DMB.US,5,20211201,170500,14.375,14.375,14.37,14.37,1980,0
DMB.US,5,20211201,171000,14.38,14.38,14.38,14.38,700,0
DMB.US,5,20211201,171500,14.375,14.375,14.37,14.37,200,0
DMB.US,5,20211201,172000,14.37,14.375,14.37,14.375,400,0
DMB.US,5,20211201,173500,14.375,14.375,14.375,14.375,200,0
DMB.US,5,20211201,174000,14.3701,14.3701,14.3701,14.3701,705,0
DMB.US,5,20211201,174500,14.37,14.37,14.36,14.36,957,0
DMB.US,5,20211201,181500,14.36,14.4,14.36,14.4,3100,0
DMB.US,5,20211201,182000,14.385,14.385,14.385,14.385,1630,0
DMB.US,5,20211201,194500,14.36,14.36,14.36,14.36,100,0
DMB.US,5,20211201,195000,14.35,14.35,14.35,14.35,105,0
DMB.US,5,20211201,195500,14.35,14.35,14.34,14.34,400,0
DMB.US,5,20211201,210000,14.32,14.32,14.32,14.32,200,0
DMB.US,5,20211201,210500,14.31,14.31,14.31,14.31,192,0
DMB.US,5,20211201,212500,14.29,14.29,14.25,14.26,4370,0
DMB.US,5,20211201,213500,14.25,14.26,14.25,14.25,600,0
DMB.US,5,20211201,214000,14.2899,14.2899,14.27,14.2899,2000,0
DMB.US,5,20211201,215000,14.25,14.25,14.25,14.25,2388,0
DMB.US,5,20211201,215500,14.26,14.26,14.25,14.25,908,0
DMB.US,5,20211202,153000,14.21,14.21,14.21,14.21,1053,0
DMB.US,5,20211202,154000,14.24,14.24,14.24,14.24,329,0
DMB.US,5,20211202,154500,14.23,14.2302,14.23,14.2302,500,0
DMB.US,5,20211202,155000,14.26,14.26,14.26,14.26,300,0
DMB.US,5,20211202,155500,14.26,14.27,14.26,14.27,2918,0
DMB.US,5,20211202,160000,14.2999,14.2999,14.2999,14.2999,1870,0
DMB.US,5,20211202,161500,14.24,14.24,14.22,14.2399,3500,0
DMB.US,5,20211202,162000,14.21,14.21,14.18,14.19,3750,0
DMB.US,5,20211202,162500,14.202,14.202,14.202,14.202,150,0
DMB.US,5,20211202,163000,14.2,14.2,14.19,14.19,2000,0
DMB.US,5,20211202,163500,14.19,14.21,14.19,14.21,400,0
DMB.US,5,20211202,164500,14.19,14.19,14.16,14.16,5750,0
DMB.US,5,20211202,170000,14.15,14.16,14.12,14.12,2502,0
DMB.US,5,20211202,170500,14.19,14.19,14.19,14.19,100,0
DMB.US,5,20211202,171000,14.2,14.2099,14.2,14.2099,2000,0
DMB.US,5,20211202,173500,14.1771,14.1771,14.1771,14.1771,210,0
DMB.US,5,20211202,174500,14.17,14.17,14.17,14.17,200,0
DMB.US,5,20211202,175000,14.17,14.18,14.16,14.17,888,0
DMB.US,5,20211202,175500,14.1538,14.18,14.1538,14.18,1445,0
DMB.US,5,20211202,180000,14.1701,14.18,14.17,14.17,800,0
DMB.US,5,20211202,181000,14.17,14.17,14.17,14.17,200,0
DMB.US,5,20211202,182000,14.16,14.16,14.12,14.12,3190,0
DMB.US,5,20211202,182500,14.1314,14.1324,14.12,14.12,1970,0
DMB.US,5,20211202,183000,14.15,14.16,14.15,14.16,900,0
DMB.US,5,20211202,184000,14.1599,14.1599,14.15,14.157,2600,0
DMB.US,5,20211202,184500,14.15,14.15,14.14,14.14,576,0
DMB.US,5,20211202,185000,14.13,14.15,14.13,14.15,600,0
DMB.US,5,20211202,190000,14.13,14.13,14.1,14.12,13476,0
DMB.US,5,20211202,191000,14.1291,14.1291,14.12,14.12,281,0
DMB.US,5,20211202,191500,14.1113,14.1113,14.1113,14.1113,150,0
DMB.US,5,20211202,192500,14.11,14.11,14.1,14.1,2045,0
DMB.US,5,20211202,193000,14.1,14.1,14.1,14.1,1999,0
DMB.US,5,20211202,193500,14.1,14.1056,14.1,14.1056,3120,0
DMB.US,5,20211202,194500,14.115,14.15,14.115,14.15,9700,0
DMB.US,5,20211202,202000,14.1599,14.16,14.1599,14.1599,858,0
DMB.US,5,20211202,203500,14.12,14.1207,14.12,14.1203,1605,0
DMB.US,5,20211202,204500,14.1477,14.1477,14.1104,14.1104,430,0
DMB.US,5,20211202,205000,14.13,14.13,14.13,14.13,100,0
DMB.US,5,20211202,205500,14.15,14.15,14.15,14.15,100,0
DMB.US,5,20211202,210500,14.15,14.15,14.15,14.15,100,0
DMB.US,5,20211202,211000,14.135,14.135,14.11,14.11,200,0
DMB.US,5,20211202,213500,14.1126,14.1126,14.1126,14.1126,750,0
DMB.US,5,20211202,215000,14.13,14.13,14.13,14.13,277,0
DMB.US,5,20211202,215500,14.14,14.14,14.12,14.12,2252,0
DMB.US,5,20211203,153000,14.11,14.11,14.1,14.1,1205,0
DMB.US,5,20211203,153500,14.12,14.12,14.12,14.12,100,0
DMB.US,5,20211203,154500,14.1,14.1,14.1,14.1,100,0
DMB.US,5,20211203,155500,14.1,14.1,14.0952,14.0952,1759,0
DMB.US,5,20211203,160000,14.09,14.1,14.07,14.1,1948,0
DMB.US,5,20211203,161000,14.07,14.09,14.07,14.09,1525,0
DMB.US,5,20211203,161500,14.08,14.08,14.08,14.08,100,0
DMB.US,5,20211203,162500,14.09,14.1,14.09,14.1,2405,0
DMB.US,5,20211203,163000,14.1015,14.12,14.1015,14.12,1080,0
DMB.US,5,20211203,164500,14.1042,14.1042,14.1,14.1,3155,0
DMB.US,5,20211203,170000,14.11,14.11,14.1,14.1,1500,0
DMB.US,5,20211203,172000,14.1,14.1,14.0704,14.0704,5780,0
DMB.US,5,20211203,173500,14.09,14.09,14.09,14.09,800,0
DMB.US,5,20211203,175500,14.095,14.1,14.095,14.1,400,0
DMB.US,5,20211203,180500,14.1,14.1042,14.07,14.07,809,0
DMB.US,5,20211203,182000,14.07,14.07,14.07,14.07,506,0
DMB.US,5,20211203,182500,14.09,14.09,14.07,14.07,1030,0
DMB.US,5,20211203,184000,14.07,14.07,14.07,14.07,200,0
DMB.US,5,20211203,185000,14.07,14.07,14.07,14.07,300,0
DMB.US,5,20211203,185500,14.06,14.06,14.06,14.06,1400,0
DMB.US,5,20211203,192500,14.07,14.07,14.07,14.07,400,0
DMB.US,5,20211203,193500,14.08,14.09,14.08,14.0898,500,0
DMB.US,5,20211203,194000,14.07,14.07,14.07,14.07,500,0
DMB.US,5,20211203,195500,14.07,14.07,14.07,14.07,500,0
DMB.US,5,20211203,201500,14.08,14.08,14.07,14.07,513,0
DMB.US,5,20211203,203000,14.07,14.07,14.07,14.07,600,0
DMB.US,5,20211203,204000,14.07,14.07,14.07,14.07,500,0
DMB.US,5,20211203,205000,14.07,14.07,14.07,14.07,600,0
DMB.US,5,20211203,210000,14.06,14.06,14.06,14.06,399,0
DMB.US,5,20211203,210500,14.06,14.075,14.06,14.06,1603,0
DMB.US,5,20211203,211000,14.05,14.05,14.05,14.05,500,0
DMB.US,5,20211203,211500,14.05,14.07,14.05,14.07,1400,0
DMB.US,5,20211203,212000,14.05,14.05,14.05,14.05,500,0
DMB.US,5,20211203,212500,14.05,14.05,14.05,14.05,500,0
DMB.US,5,20211203,213000,14.04,14.05,14.02,14.02,3698,0
DMB.US,5,20211203,213500,14.05,14.05,14.02,14.02,1028,0
DMB.US,5,20211203,214000,14.02,14.02,14.02,14.02,400,0
DMB.US,5,20211203,214500,14.02,14.04,14.02,14.04,2000,0
DMB.US,5,20211203,215000,14.035,14.04,14.03,14.04,800,0
DMB.US,5,20211203,215500,14.03,14.03,14.03,14.03,594,0
DMB.US,5,20211206,153000,14.05,14.05,14.05,14.05,706,0
DMB.US,5,20211206,154500,14.0449,14.0449,14,14,3631,0
DMB.US,5,20211206,155000,14.01,14.01,14,14,400,0
DMB.US,5,20211206,155500,14.02,14.04,14.02,14.0385,1100,0
DMB.US,5,20211206,161500,14.0359,14.0359,14.0359,14.0359,300,0
DMB.US,5,20211206,164000,14.0281,14.0281,14.0281,14.0281,200,0
DMB.US,5,20211206,164500,14.0325,14.0325,14.0325,14.0325,1424,0
DMB.US,5,20211206,174000,14,14,14,14,100,0
DMB.US,5,20211206,174500,14.0102,14.0102,14.0102,14.0102,203,0
DMB.US,5,20211206,175000,14.015,14.015,14.015,14.015,500,0
DMB.US,5,20211206,180000,14,14,14,14,100,0
DMB.US,5,20211206,181500,14,14,14,14,100,0
DMB.US,5,20211206,182500,14,14,14,14,100,0
DMB.US,5,20211206,183000,14.02,14.02,14.02,14.02,245,0
DMB.US,5,20211206,184000,14,14.0001,14,14.0001,2191,0
DMB.US,5,20211206,184500,13.9938,13.9938,13.9938,13.9938,566,0
DMB.US,5,20211206,190000,14,14,14,14,100,0
DMB.US,5,20211206,190500,14.0006,14.0006,14.0006,14.0006,610,0
DMB.US,5,20211206,191500,13.98,13.98,13.98,13.98,100,0
DMB.US,5,20211206,192000,13.9928,13.9928,13.9928,13.9928,500,0
DMB.US,5,20211206,192500,13.98,14.03,13.98,14.03,2200,0
DMB.US,5,20211206,195500,13.9906,13.9906,13.9906,13.9906,506,0
DMB.US,5,20211206,200500,14.0217,14.0217,14.0217,14.0217,100,0
DMB.US,5,20211206,202500,14.01,14.03,14.01,14.03,1200,0
DMB.US,5,20211206,203500,14.03,14.03,14.03,14.03,1172,0
DMB.US,5,20211206,204500,14.04,14.04,14.04,14.04,720,0
DMB.US,5,20211206,205000,14.045,14.06,14.045,14.05,1820,0
DMB.US,5,20211206,211500,14.04,14.04,14.04,14.04,100,0
DMB.US,5,20211206,212000,14.04,14.0413,14.04,14.0403,936,0
DMB.US,5,20211206,212500,14.04,14.04,14.04,14.04,100,0
DMB.US,5,20211206,213000,14.04,14.04,14.04,14.04,100,0
DMB.US,5,20211206,213500,14.06,14.06,14.0597,14.0597,2500,0
DMB.US,5,20211206,214000,14.04,14.0583,14.04,14.0583,600,0
DMB.US,5,20211206,214500,14.04,14.04,14.04,14.04,100,0
DMB.US,5,20211206,215500,14.0403,14.0403,14.04,14.04,2036,0
DMB.US,5,20211207,153000,14.07,14.07,14.07,14.07,333,0
DMB.US,5,20211207,154500,14.1094,14.1094,14.1094,14.1094,100,0
DMB.US,5,20211207,155000,14.1199,14.1199,14.1199,14.1199,200,0
DMB.US,5,20211207,160000,14.1194,14.1194,14.1194,14.1194,375,0
DMB.US,5,20211207,160500,14.09,14.1185,14.09,14.1185,1708,0
DMB.US,5,20211207,161000,14.1,14.1,14.1,14.1,500,0
DMB.US,5,20211207,163000,14.13,14.13,14.13,14.13,1636,0
DMB.US,5,20211207,164000,14.13,14.13,14.13,14.13,2000,0
DMB.US,5,20211207,164500,14.14,14.15,14.14,14.15,2515,0
DMB.US,5,20211207,171000,14.16,14.17,14.16,14.1698,3550,0
DMB.US,5,20211207,172500,14.17,14.18,14.17,14.18,1300,0
DMB.US,5,20211207,173000,14.18,14.19,14.1798,14.1798,5400,0
DMB.US,5,20211207,174500,14.2,14.2161,14.2,14.21,2670,0
DMB.US,5,20211207,175500,14.22,14.22,14.22,14.22,1000,0
DMB.US,5,20211207,183000,14.2,14.23,14.2,14.215,7679,0
DMB.US,5,20211207,183500,14.2108,14.2108,14.2108,14.2108,325,0
DMB.US,5,20211207,185000,14.23,14.23,14.23,14.23,100,0
DMB.US,5,20211207,185500,14.21,14.21,14.21,14.21,100,0
DMB.US,5,20211207,190000,14.225,14.23,14.22,14.22,1175,0
DMB.US,5,20211207,190500,14.23,14.23,14.23,14.23,1000,0
DMB.US,5,20211207,192000,14.22,14.22,14.22,14.22,500,0
DMB.US,5,20211207,193500,14.21,14.21,14.2001,14.2001,698,0
DMB.US,5,20211207,201500,14.2001,14.2001,14.2,14.2,1044,0
DMB.US,5,20211207,203500,14.21,14.21,14.18,14.181,3829,0
DMB.US,5,20211207,204000,14.2052,14.21,14.18,14.2044,564,0
DMB.US,5,20211207,204500,14.2,14.2,14.2,14.2,100,0
DMB.US,5,20211207,210000,14.195,14.21,14.19,14.19,5067,0
DMB.US,5,20211207,210500,14.19,14.19,14.19,14.19,200,0
DMB.US,5,20211207,211000,14.2,14.22,14.2,14.22,829,0
DMB.US,5,20211207,211500,14.2191,14.2191,14.2191,14.2191,320,0
DMB.US,5,20211207,212500,14.22,14.22,14.22,14.22,100,0
DMB.US,5,20211207,213000,14.215,14.215,14.215,14.215,106,0
DMB.US,5,20211207,213500,14.22,14.26,14.2199,14.25,4808,0
DMB.US,5,20211207,214000,14.23,14.23,14.23,14.23,300,0
DMB.US,5,20211207,215000,14.22,14.23,14.22,14.23,514,0
DMB.US,5,20211207,215500,14.23,14.24,14.22,14.22,796,0
DMB.US,5,20211208,153000,14.22,14.22,14.22,14.22,378,0
DMB.US,5,20211208,153500,14.2416,14.2416,14.2416,14.2416,350,0
DMB.US,5,20211208,154000,14.2453,14.2453,14.2453,14.2453,138,0
DMB.US,5,20211208,154500,14.25,14.25,14.2486,14.25,1981,0
DMB.US,5,20211208,155000,14.27,14.28,14.27,14.28,2342,0
DMB.US,5,20211208,155500,14.3,14.3,14.29,14.29,200,0
DMB.US,5,20211208,160000,14.28,14.29,14.28,14.29,346,0
DMB.US,5,20211208,160500,14.28,14.28,14.28,14.28,100,0
DMB.US,5,20211208,162000,14.28,14.28,14.28,14.28,100,0
DMB.US,5,20211208,162500,14.28,14.28,14.2794,14.28,1968,0
DMB.US,5,20211208,163500,14.3,14.3,14.3,14.3,100,0
DMB.US,5,20211208,164500,14.3,14.3,14.3,14.3,100,0
DMB.US,5,20211208,165500,14.3,14.3,14.3,14.3,100,0
DMB.US,5,20211208,170000,14.2938,14.2938,14.2938,14.2938,250,0
DMB.US,5,20211208,170500,14.3,14.3,14.3,14.3,100,0
DMB.US,5,20211208,171500,14.29,14.29,14.29,14.29,200,0
DMB.US,5,20211208,172000,14.2899,14.29,14.2899,14.29,1000,0
DMB.US,5,20211208,172500,14.25,14.29,14.25,14.29,200,0
DMB.US,5,20211208,173000,14.29,14.29,14.29,14.29,100,0
DMB.US,5,20211208,173500,14.285,14.285,14.285,14.285,100,0
DMB.US,5,20211208,174000,14.31,14.31,14.31,14.31,100,0
DMB.US,5,20211208,175000,14.31,14.31,14.3,14.3,542,0
DMB.US,5,20211208,181000,14.27,14.276,14.27,14.27,580,0
DMB.US,5,20211208,181500,14.2701,14.2701,14.27,14.27,1810,0
DMB.US,5,20211208,182000,14.29,14.29,14.27,14.27,1000,0
DMB.US,5,20211208,183000,14.2601,14.2601,14.2601,14.2601,100,0
DMB.US,5,20211208,183500,14.28,14.28,14.28,14.28,1000,0
DMB.US,5,20211208,190500,14.27,14.29,14.26,14.29,3109,0
DMB.US,5,20211208,191500,14.2899,14.29,14.2899,14.29,450,0
DMB.US,5,20211208,194000,14.29,14.29,14.29,14.29,100,0
DMB.US,5,20211208,195000,14.28,14.32,14.28,14.28,18159,0
DMB.US,5,20211208,200000,14.3,14.3,14.3,14.3,100,0
DMB.US,5,20211208,200500,14.31,14.31,14.29,14.298,1600,0
DMB.US,5,20211208,201000,14.28,14.295,14.28,14.28,1528,0
DMB.US,5,20211208,201500,14.28,14.28,14.26,14.26,1395,0
DMB.US,5,20211208,202000,14.28,14.28,14.28,14.28,400,0
DMB.US,5,20211208,202500,14.285,14.285,14.285,14.285,200,0
DMB.US,5,20211208,204000,14.28,14.28,14.28,14.28,200,0
DMB.US,5,20211208,204500,14.3,14.3,14.2501,14.285,6316,0
DMB.US,5,20211208,210500,14.3,14.3,14.3,14.3,100,0
DMB.US,5,20211208,211000,14.3,14.3,14.3,14.3,100,0
DMB.US,5,20211208,212000,14.3,14.3,14.3,14.3,100,0
DMB.US,5,20211208,213000,14.2985,14.2985,14.2959,14.2959,400,0
DMB.US,5,20211208,214500,14.285,14.285,14.285,14.285,100,0
DMB.US,5,20211208,215000,14.285,14.2999,14.28,14.28,2790,0
DMB.US,5,20211208,215500,14.3,14.3,14.28,14.28,1944,0
DMB.US,5,20211209,153000,14.28,14.28,14.28,14.28,1765,0
DMB.US,5,20211209,154000,14.29,14.29,14.29,14.29,100,0
DMB.US,5,20211209,154500,14.32,14.33,14.32,14.33,860,0
DMB.US,5,20211209,155500,14.3405,14.4099,14.3301,14.36,4522,0
DMB.US,5,20211209,160000,14.36,14.36,14.36,14.36,824,0
DMB.US,5,20211209,160500,14.36,14.36,14.36,14.36,100,0
DMB.US,5,20211209,161000,14.39,14.39,14.39,14.39,100,0
DMB.US,5,20211209,162000,14.39,14.39,14.39,14.39,100,0
DMB.US,5,20211209,162500,14.33,14.33,14.33,14.33,100,0
DMB.US,5,20211209,163000,14.33,14.33,14.33,14.33,100,0
DMB.US,5,20211209,164500,14.3509,14.3509,14.33,14.33,730,0
DMB.US,5,20211209,165000,14.36,14.36,14.36,14.36,100,0
DMB.US,5,20211209,165500,14.33,14.33,14.33,14.33,100,0
DMB.US,5,20211209,170500,14.34,14.34,14.34,14.34,400,0
DMB.US,5,20211209,171500,14.33,14.33,14.33,14.33,100,0
DMB.US,5,20211209,172000,14.3402,14.3402,14.33,14.33,375,0
DMB.US,5,20211209,172500,14.35,14.35,14.35,14.35,3800,0
DMB.US,5,20211209,173000,14.36,14.36,14.36,14.36,200,0
DMB.US,5,20211209,174000,14.36,14.36,14.36,14.36,100,0
DMB.US,5,20211209,174500,14.33,14.33,14.33,14.33,100,0
DMB.US,5,20211209,175500,14.33,14.35,14.33,14.35,200,0
DMB.US,5,20211209,180000,14.35,14.35,14.35,14.35,200,0
DMB.US,5,20211209,181500,14.35,14.35,14.35,14.35,100,0
DMB.US,5,20211209,182000,14.33,14.33,14.33,14.33,100,0
DMB.US,5,20211209,183000,14.3699,14.3699,14.3699,14.3699,1000,0
DMB.US,5,20211209,184000,14.33,14.33,14.33,14.33,100,0
DMB.US,5,20211209,185000,14.33,14.3527,14.33,14.35,2088,0
DMB.US,5,20211209,190000,14.35,14.35,14.34,14.34,412,0
DMB.US,5,20211209,190500,14.35,14.37,14.35,14.365,688,0
DMB.US,5,20211209,191000,14.36,14.3627,14.36,14.36,1093,0
DMB.US,5,20211209,193000,14.3696,14.3696,14.35,14.35,970,0
DMB.US,5,20211209,193500,14.35,14.37,14.35,14.35,3783,0
DMB.US,5,20211209,194000,14.36,14.399,14.36,14.399,2940,0
DMB.US,5,20211209,194500,14.39,14.4,14.365,14.365,1200,0
DMB.US,5,20211209,195500,14.39,14.39,14.39,14.39,100,0
DMB.US,5,20211209,200000,14.36,14.36,14.3337,14.3337,1214,0
DMB.US,5,20211209,201000,14.33,14.38,14.33,14.38,200,0
DMB.US,5,20211209,201500,14.35,14.35,14.33,14.33,600,0
DMB.US,5,20211209,202500,14.33,14.33,14.33,14.33,100,0
DMB.US,5,20211209,203000,14.365,14.38,14.365,14.3798,2677,0
DMB.US,5,20211209,205000,14.365,14.3827,14.365,14.38,5201,0
DMB.US,5,20211209,205500,14.39,14.3999,14.38,14.38,2803,0
DMB.US,5,20211209,210000,14.38,14.38,14.38,14.38,493,0
DMB.US,5,20211209,211500,14.37,14.37,14.37,14.37,100,0
DMB.US,5,20211209,212000,14.37,14.37,14.37,14.37,100,0
DMB.US,5,20211209,212500,14.365,14.365,14.365,14.365,200,0
DMB.US,5,20211209,213000,14.365,14.365,14.365,14.365,100,0
DMB.US,5,20211209,213500,14.365,14.365,14.365,14.365,200,0
DMB.US,5,20211209,214500,14.365,14.38,14.3583,14.3583,400,0
DMB.US,5,20211209,215000,14.365,14.365,14.365,14.365,100,0
DMB.US,5,20211209,215500,14.35,14.39,14.35,14.37,1110,0
DMB.US,5,20211210,153000,14.37,14.41,14.37,14.41,15394,0
DMB.US,5,20211210,153500,14.41,14.41,14.41,14.41,400,0
DMB.US,5,20211210,154000,14.41,14.42,14.41,14.41,980,0
DMB.US,5,20211210,155500,14.416,14.4199,14.4113,14.4199,500,0
DMB.US,5,20211210,160000,14.414,14.414,14.414,14.414,300,0
DMB.US,5,20211210,160500,14.395,14.395,14.3901,14.3901,225,0
DMB.US,5,20211210,162000,14.42,14.428,14.42,14.42,300,0
DMB.US,5,20211210,163000,14.42,14.42,14.4191,14.4191,1000,0
DMB.US,5,20211210,164000,14.39,14.39,14.39,14.39,100,0
DMB.US,5,20211210,170000,14.391,14.391,14.391,14.391,208,0
DMB.US,5,20211210,171000,14.3946,14.3946,14.3946,14.3946,396,0
DMB.US,5,20211210,173500,14.4,14.4,14.38,14.38,779,0
DMB.US,5,20211210,175000,14.4,14.41,14.4,14.4,500,0
DMB.US,5,20211210,181500,14.3803,14.3803,14.3803,14.3803,500,0
DMB.US,5,20211210,182000,14.389,14.41,14.389,14.4,3720,0
DMB.US,5,20211210,183500,14.3902,14.3902,14.3902,14.3902,491,0
DMB.US,5,20211210,184500,14.41,14.41,14.3828,14.41,1200,0
DMB.US,5,20211210,185500,14.41,14.43,14.41,14.43,800,0
DMB.US,5,20211210,192500,14.44,14.44,14.44,14.44,100,0
DMB.US,5,20211210,193500,14.431,14.431,14.431,14.431,100,0
DMB.US,5,20211210,194000,14.435,14.45,14.435,14.45,2136,0
DMB.US,5,20211210,194500,14.43,14.45,14.43,14.45,2462,0
DMB.US,5,20211210,195000,14.45,14.45,14.45,14.45,100,0
DMB.US,5,20211210,203500,14.43,14.43,14.43,14.43,100,0
DMB.US,5,20211210,205000,14.4208,14.4208,14.4208,14.4208,558,0
DMB.US,5,20211210,210000,14.43,14.43,14.425,14.425,339,0
DMB.US,5,20211210,210500,14.4272,14.43,14.4272,14.43,300,0
DMB.US,5,20211210,211500,14.4298,14.43,14.4298,14.43,550,0
DMB.US,5,20211210,212500,14.43,14.43,14.4298,14.43,860,0
DMB.US,5,20211210,213000,14.43,14.43,14.43,14.43,200,0
DMB.US,5,20211210,213500,14.41,14.41,14.4,14.4,2700,0
DMB.US,5,20211210,215500,14.42,14.44,14.4,14.41,7954,0
DMB.US,5,20211213,153000,14.41,14.41,14.41,14.41,3596,0
DMB.US,5,20211213,153500,14.44,14.44,14.44,14.44,100,0
DMB.US,5,20211213,155000,14.4101,14.45,14.4101,14.45,5660,0
DMB.US,5,20211213,155500,14.45,14.47,14.45,14.465,1122,0
DMB.US,5,20211213,160000,14.47,14.47,14.47,14.47,300,0
DMB.US,5,20211213,161500,14.47,14.47,14.47,14.47,500,0
DMB.US,5,20211213,162000,14.47,14.47,14.46,14.46,500,0
DMB.US,5,20211213,165500,14.4493,14.4493,14.4493,14.4493,200,0
DMB.US,5,20211213,170500,14.44,14.44,14.44,14.44,200,0
DMB.US,5,20211213,173000,14.44,14.46,14.44,14.4402,1500,0
DMB.US,5,20211213,183000,14.46,14.46,14.46,14.46,100,0
DMB.US,5,20211213,183500,14.46,14.46,14.46,14.46,100,0
DMB.US,5,20211213,184000,14.46,14.46,14.46,14.46,100,0
DMB.US,5,20211213,184500,14.46,14.46,14.46,14.46,100,0
DMB.US,5,20211213,185000,14.44,14.45,14.42,14.45,7060,0
DMB.US,5,20211213,190000,14.45,14.45,14.45,14.45,500,0
DMB.US,5,20211213,191000,14.45,14.45,14.45,14.45,100,0
DMB.US,5,20211213,193500,14.4442,14.4442,14.4442,14.4442,100,0
DMB.US,5,20211213,195000,14.43,14.43,14.43,14.43,992,0
DMB.US,5,20211213,201000,14.4258,14.43,14.4258,14.43,446,0
DMB.US,5,20211213,204000,14.42,14.43,14.41,14.43,3130,0
DMB.US,5,20211213,210500,14.42,14.42,14.42,14.42,100,0
DMB.US,5,20211213,211000,14.415,14.42,14.41,14.415,6167,0
DMB.US,5,20211213,211500,14.4172,14.42,14.4172,14.42,655,0
DMB.US,5,20211213,212000,14.415,14.415,14.415,14.415,100,0
DMB.US,5,20211213,212500,14.42,14.43,14.42,14.42,2946,0
DMB.US,5,20211213,213000,14.43,14.43,14.43,14.43,100,0
DMB.US,5,20211213,213500,14.4238,14.4238,14.4238,14.4238,347,0
DMB.US,5,20211213,215000,14.41,14.43,14.41,14.42,1314,0
DMB.US,5,20211213,215500,14.42,14.43,14.41,14.42,753,0
DMB.US,5,20211214,153000,14.37,14.37,14.37,14.37,2295,0
DMB.US,5,20211214,154500,14.4,14.4,14.4,14.4,200,0
DMB.US,5,20211214,155000,14.395,14.395,14.39,14.39,1300,0
DMB.US,5,20211214,160000,14.4,14.4,14.39,14.39,4292,0
DMB.US,5,20211214,160500,14.39,14.39,14.39,14.39,100,0
DMB.US,5,20211214,161000,14.39,14.39,14.39,14.39,904,0
DMB.US,5,20211214,161500,14.38,14.38,14.38,14.38,100,0
DMB.US,5,20211214,162500,14.386,14.386,14.386,14.386,100,0
DMB.US,5,20211214,163500,14.3998,14.3998,14.3998,14.3998,100,0
DMB.US,5,20211214,165000,14.4,14.4,14.3963,14.3963,200,0
DMB.US,5,20211214,165500,14.4,14.4,14.4,14.4,859,0
DMB.US,5,20211214,170500,14.39,14.39,14.39,14.39,250,0
DMB.US,5,20211214,173000,14.4,14.4,14.3999,14.3999,930,0
DMB.US,5,20211214,181000,14.4,14.4,14.4,14.4,100,0
DMB.US,5,20211214,182500,14.39,14.44,14.39,14.44,1269,0
DMB.US,5,20211214,185500,14.415,14.415,14.415,14.415,400,0
DMB.US,5,20211214,192500,14.42,14.42,14.42,14.42,400,0
DMB.US,5,20211214,193000,14.4201,14.4201,14.4201,14.4201,171,0
DMB.US,5,20211214,193500,14.42,14.42,14.42,14.42,200,0
DMB.US,5,20211214,195500,14.4213,14.43,14.4213,14.43,2759,0
DMB.US,5,20211214,213000,14.42,14.43,14.42,14.43,1600,0
DMB.US,5,20211214,213500,14.43,14.43,14.43,14.43,400,0
DMB.US,5,20211214,214000,14.41,14.41,14.41,14.41,200,0
DMB.US,5,20211214,215500,14.42,14.43,14.41,14.41,1287,0
DMB.US,5,20211215,153000,14.4,14.4,14.4,14.4,494,0
DMB.US,5,20211215,153500,14.4394,14.4394,14.4394,14.4394,300,0
DMB.US,5,20211215,154500,14.4,14.4,14.4,14.4,100,0
DMB.US,5,20211215,160000,14.42,14.43,14.42,14.42,2152,0
DMB.US,5,20211215,161500,14.4028,14.4028,14.4028,14.4028,790,0
DMB.US,5,20211215,163000,14.4299,14.4299,14.4299,14.4299,100,0
DMB.US,5,20211215,163500,14.43,14.44,14.4298,14.4298,7700,0
DMB.US,5,20211215,164500,14.44,14.44,14.44,14.44,100,0
DMB.US,5,20211215,165500,14.42,14.44,14.42,14.4266,1200,0
DMB.US,5,20211215,170500,14.4594,14.4594,14.4594,14.4594,465,0
DMB.US,5,20211215,182500,14.45,14.45,14.45,14.45,100,0
DMB.US,5,20211215,185000,14.45,14.4532,14.45,14.4507,554,0
DMB.US,5,20211215,190500,14.45,14.46,14.45,14.45,1600,0
DMB.US,5,20211215,191500,14.46,14.46,14.4598,14.4598,700,0
DMB.US,5,20211215,193000,14.45,14.45,14.45,14.45,700,0
DMB.US,5,20211215,194000,14.46,14.46,14.45,14.45,700,0
DMB.US,5,20211215,195500,14.46,14.46,14.46,14.46,100,0
DMB.US,5,20211215,200000,14.4401,14.4401,14.4401,14.4401,1797,0
DMB.US,5,20211215,201000,14.46,14.47,14.46,14.47,600,0
DMB.US,5,20211215,202000,14.456,14.47,14.456,14.47,369,0
DMB.US,5,20211215,203000,14.45,14.46,14.44,14.46,3163,0
DMB.US,5,20211215,203500,14.46,14.46,14.45,14.45,896,0
DMB.US,5,20211215,204000,14.45,14.45,14.45,14.45,100,0
DMB.US,5,20211215,205500,14.46,14.46,14.45,14.455,2000,0
DMB.US,5,20211215,210000,14.45,14.45,14.45,14.45,500,0
DMB.US,5,20211215,211500,14.435,14.45,14.435,14.4395,3430,0
DMB.US,5,20211215,212000,14.4202,14.45,14.4202,14.45,992,0
DMB.US,5,20211215,212500,14.45,14.45,14.42,14.422,1100,0
DMB.US,5,20211215,214000,14.45,14.45,14.43,14.43,1100,0
DMB.US,5,20211215,215000,14.43,14.43,14.42,14.425,1100,0
DMB.US,5,20211215,215500,14.42,14.44,14.41,14.41,1131,0
DMB.US,5,20211216,153000,14.41,14.41,14.41,14.41,1234,0
DMB.US,5,20211216,153500,14.41,14.41,14.405,14.405,949,0
DMB.US,5,20211216,155000,14.39,14.39,14.38,14.38,200,0
DMB.US,5,20211216,161500,14.41,14.41,14.41,14.41,500,0
DMB.US,5,20211216,163500,14.4234,14.47,14.4234,14.47,7457,0
DMB.US,5,20211216,164000,14.47,14.47,14.46,14.47,3414,0
DMB.US,5,20211216,172000,14.41,14.4285,14.36,14.36,5695,0
DMB.US,5,20211216,172500,14.36,14.39,14.34,14.39,6763,0
DMB.US,5,20211216,173000,14.37,14.37,14.37,14.37,100,0
DMB.US,5,20211216,174000,14.37,14.37,14.37,14.37,434,0
DMB.US,5,20211216,184000,14.357,14.357,14.35,14.35,409,0
DMB.US,5,20211216,193000,14.3869,14.3869,14.3869,14.3869,500,0
DMB.US,5,20211216,193500,14.36,14.36,14.36,14.36,250,0
DMB.US,5,20211216,194000,14.355,14.355,14.355,14.355,130,0
DMB.US,5,20211216,195500,14.3899,14.3899,14.3899,14.3899,870,0
DMB.US,5,20211216,201500,14.365,14.365,14.365,14.365,849,0
DMB.US,5,20211216,202000,14.37,14.37,14.37,14.37,350,0
DMB.US,5,20211216,203500,14.37,14.37,14.37,14.37,100,0
DMB.US,5,20211216,205000,14.3697,14.3697,14.35,14.35,1100,0
DMB.US,5,20211216,205500,14.3507,14.3507,14.32,14.32,2484,0
DMB.US,5,20211216,213000,14.35,14.41,14.35,14.41,10036,0
DMB.US,5,20211216,213500,14.41,14.41,14.4065,14.4065,4367,0
DMB.US,5,20211216,214500,14.39,14.39,14.39,14.39,415,0
DMB.US,5,20211216,215000,14.38,14.38,14.38,14.38,300,0
DMB.US,5,20211216,215500,14.38,14.41,14.38,14.39,1464,0
DMB.US,5,20211217,153000,14.44,14.44,14.44,14.44,468,0
DMB.US,5,20211217,154500,14.3813,14.3813,14.3813,14.3813,200,0
DMB.US,5,20211217,162500,14.42,14.42,14.42,14.42,300,0
DMB.US,5,20211217,164500,14.41,14.41,14.41,14.41,1000,0
DMB.US,5,20211217,165000,14.41,14.41,14.41,14.41,100,0
DMB.US,5,20211217,170000,14.405,14.405,14.405,14.405,100,0
DMB.US,5,20211217,170500,14.41,14.41,14.4,14.4,594,0
DMB.US,5,20211217,171000,14.4,14.4099,14.4,14.4099,2075,0
DMB.US,5,20211217,171500,14.4005,14.4005,14.4005,14.4005,100,0
DMB.US,5,20211217,172000,14.39,14.39,14.39,14.39,500,0
DMB.US,5,20211217,173000,14.38,14.39,14.38,14.39,1300,0
DMB.US,5,20211217,173500,14.39,14.39,14.38,14.38,600,0
DMB.US,5,20211217,180000,14.3819,14.3819,14.3819,14.3819,6949,0
DMB.US,5,20211217,181000,14.38,14.38,14.38,14.38,200,0
DMB.US,5,20211217,182500,14.38,14.38,14.38,14.38,100,0
DMB.US,5,20211217,183000,14.39,14.4,14.39,14.4,300,0
DMB.US,5,20211217,185500,14.4,14.4,14.36,14.4,4874,0
DMB.US,5,20211217,190000,14.35,14.35,14.24,14.32,19666,0
DMB.US,5,20211217,190500,14.33,14.34,14.33,14.33,500,0
DMB.US,5,20211217,192000,14.3399,14.3399,14.3399,14.3399,300,0
DMB.US,5,20211217,192500,14.32,14.33,14.32,14.32,300,0
DMB.US,5,20211217,194000,14.3498,14.3498,14.3498,14.3498,1534,0
DMB.US,5,20211217,195500,14.32,14.32,14.31,14.31,321,0
DMB.US,5,20211217,200000,14.33,14.33,14.33,14.33,100,0
DMB.US,5,20211217,204500,14.33,14.33,14.33,14.33,1000,0
DMB.US,5,20211217,213000,14.32,14.32,14.32,14.32,800,0
DMB.US,5,20211217,214000,14.32,14.32,14.32,14.32,2000,0
DMB.US,5,20211217,214500,14.32,14.32,14.31,14.31,400,0
DMB.US,5,20211217,215000,14.32,14.32,14.31,14.31,500,0
DMB.US,5,20211217,215500,14.315,14.33,14.31,14.33,1260,0
DMB.US,5,20211220,153000,14.26,14.26,14.26,14.26,4131,0
DMB.US,5,20211220,161500,14.31,14.32,14.31,14.32,217,0
DMB.US,5,20211220,163500,14.3,14.3,14.29,14.29,800,0
DMB.US,5,20211220,164000,14.3,14.3,14.3,14.3,100,0
DMB.US,5,20211220,164500,14.29,14.3,14.29,14.3,300,0
DMB.US,5,20211220,165000,14.3013,14.3013,14.29,14.29,2156,0
DMB.US,5,20211220,173000,14.3058,14.3058,14.3058,14.3058,210,0
DMB.US,5,20211220,180000,14.28,14.3,14.27,14.27,4080,0
DMB.US,5,20211220,181000,14.2832,14.2832,14.2832,14.2832,100,0
DMB.US,5,20211220,182500,14.2976,14.2976,14.2976,14.2976,1000,0
DMB.US,5,20211220,183000,14.2999,14.3,14.2999,14.3,3600,0
DMB.US,5,20211220,184500,14.2998,14.3,14.2998,14.3,1204,0
DMB.US,5,20211220,190000,14.28,14.28,14.28,14.28,699,0
DMB.US,5,20211220,191000,14.29,14.29,14.27,14.27,700,0
DMB.US,5,20211220,192000,14.27,14.27,14.27,14.27,200,0
DMB.US,5,20211220,193500,14.2698,14.27,14.2698,14.27,1400,0
DMB.US,5,20211220,194000,14.2617,14.2617,14.2617,14.2617,500,0
DMB.US,5,20211220,200500,14.28,14.28,14.2798,14.2798,1000,0
DMB.US,5,20211220,201000,14.2899,14.29,14.2899,14.29,1000,0
DMB.US,5,20211220,202000,14.2897,14.2897,14.2897,14.2897,200,0
DMB.US,5,20211220,210000,14.28,14.29,14.2798,14.2798,2100,0
DMB.US,5,20211220,214000,14.26,14.26,14.26,14.26,3590,0
DMB.US,5,20211220,215000,14.25,14.25,14.25,14.25,600,0
DMB.US,5,20211220,215500,14.25,14.26,14.23,14.23,1630,0
DMB.US,5,20211221,153000,14.21,14.23,14.21,14.23,3024,0
DMB.US,5,20211221,153500,14.25,14.261,14.19,14.2019,9250,0
DMB.US,5,20211221,154000,14.19,14.1902,14.16,14.17,2137,0
DMB.US,5,20211221,154500,14.17,14.17,14.17,14.17,100,0
DMB.US,5,20211221,155000,14.16,14.16,14.16,14.16,600,0
DMB.US,5,20211221,155500,14.13,14.13,14.12,14.12,4984,0
DMB.US,5,20211221,160500,14.13,14.13,14.13,14.13,100,0
DMB.US,5,20211221,161000,14.1499,14.15,14.14,14.14,2100,0
DMB.US,5,20211221,161500,14.15,14.15,14.15,14.15,100,0
DMB.US,5,20211221,162000,14.155,14.16,14.155,14.16,2400,0
DMB.US,5,20211221,162500,14.1555,14.1555,14.15,14.15,400,0
DMB.US,5,20211221,163000,14.18,14.18,14.18,14.18,500,0
DMB.US,5,20211221,165000,14.165,14.165,14.165,14.165,600,0
DMB.US,5,20211221,171000,14.16,14.16,14.16,14.16,200,0
DMB.US,5,20211221,171500,14.17,14.17,14.17,14.17,200,0
DMB.US,5,20211221,173000,14.1617,14.1617,14.1519,14.1519,400,0
DMB.US,5,20211221,174000,14.1678,14.17,14.1678,14.17,200,0
DMB.US,5,20211221,174500,14.1799,14.1799,14.1799,14.1799,349,0
DMB.US,5,20211221,183000,14.18,14.19,14.17,14.19,3332,0
DMB.US,5,20211221,184500,14.1914,14.1914,14.1914,14.1914,370,0
DMB.US,5,20211221,192000,14.2,14.2,14.2,14.2,388,0
DMB.US,5,20211221,193000,14.205,14.21,14.205,14.21,400,0
DMB.US,5,20211221,202000,14.2062,14.2062,14.2062,14.2062,150,0
DMB.US,5,20211221,202500,14.21,14.22,14.21,14.21,3800,0
DMB.US,5,20211221,204500,14.22,14.22,14.2198,14.2198,293,0
DMB.US,5,20211221,205500,14.2,14.2,14.2,14.2,500,0
DMB.US,5,20211221,213500,14.195,14.2,14.18,14.18,4647,0
DMB.US,5,20211221,214000,14.18,14.19,14.16,14.16,2727,0
DMB.US,5,20211221,215000,14.16,14.16,14.16,14.16,400,0
DMB.US,5,20211221,215500,14.16,14.17,14.14,14.14,840,0
DMB.US,5,20211222,153000,14.13,14.13,14.13,14.13,787,0
DMB.US,5,20211222,154000,14.22,14.22,14.22,14.22,100,0
DMB.US,5,20211222,161000,14.21,14.21,14.21,14.21,100,0
DMB.US,5,20211222,163500,14.174,14.174,14.174,14.174,1000,0
DMB.US,5,20211222,164500,14.23,14.25,14.23,14.25,300,0
DMB.US,5,20211222,165500,14.26,14.26,14.26,14.26,100,0
DMB.US,5,20211222,171500,14.2424,14.27,14.2424,14.26,621,0
DMB.US,5,20211222,173500,14.23,14.2305,14.23,14.2305,1650,0
DMB.US,5,20211222,174500,14.245,14.245,14.245,14.245,300,0
DMB.US,5,20211222,181500,14.2699,14.2699,14.2699,14.2699,100,0
DMB.US,5,20211222,182000,14.25,14.25,14.25,14.25,200,0
DMB.US,5,20211222,182500,14.2571,14.2657,14.2571,14.2657,898,0
DMB.US,5,20211222,183000,14.23,14.23,14.23,14.23,300,0
DMB.US,5,20211222,184000,14.24,14.24,14.24,14.24,1000,0
DMB.US,5,20211222,184500,14.24,14.24,14.23,14.23,1603,0
DMB.US,5,20211222,192000,14.22,14.22,14.22,14.22,1555,0
DMB.US,5,20211222,193500,14.2393,14.24,14.2393,14.2398,1407,0
DMB.US,5,20211222,200500,14.21,14.21,14.2,14.2,1000,0
DMB.US,5,20211222,201000,14.18,14.19,14.18,14.18,1085,0
DMB.US,5,20211222,201500,14.19,14.19,14.19,14.19,500,0
DMB.US,5,20211222,202500,14.18,14.18,14.17,14.17,2515,0
DMB.US,5,20211222,203000,14.18,14.18,14.18,14.18,1500,0
DMB.US,5,20211222,203500,14.18,14.18,14.18,14.18,591,0
DMB.US,5,20211222,204500,14.18,14.19,14.18,14.19,1415,0
DMB.US,5,20211222,205000,14.1789,14.18,14.1789,14.18,300,0
DMB.US,5,20211222,205500,14.18,14.18,14.18,14.18,1900,0
DMB.US,5,20211222,210000,14.18,14.18,14.17,14.17,1100,0
DMB.US,5,20211222,211500,14.17,14.1725,14.17,14.1725,2070,0
DMB.US,5,20211222,212000,14.17,14.17,14.16,14.16,1265,0
DMB.US,5,20211222,213000,14.16,14.16,14.16,14.16,700,0
DMB.US,5,20211222,214000,14.17,14.17,14.17,14.17,291,0
DMB.US,5,20211222,214500,14.16,14.18,14.16,14.18,2603,0
DMB.US,5,20211222,215000,14.21,14.21,14.205,14.21,576,0
DMB.US,5,20211222,215500,14.18,14.2,14.16,14.2,2485,0
DMB.US,5,20211223,153000,14.21,14.2362,14.21,14.2362,2506,0
DMB.US,5,20211223,155500,14.22,14.22,14.22,14.22,400,0
DMB.US,5,20211223,161500,14.24,14.24,14.24,14.24,700,0
DMB.US,5,20211223,162000,14.24,14.24,14.24,14.24,200,0
DMB.US,5,20211223,162500,14.25,14.26,14.245,14.2477,8997,0
DMB.US,5,20211223,163000,14.26,14.26,14.24,14.25,950,0
DMB.US,5,20211223,163500,14.24,14.2483,14.24,14.2483,442,0
DMB.US,5,20211223,164500,14.25,14.25,14.2471,14.2471,751,0
DMB.US,5,20211223,165000,14.245,14.25,14.245,14.2467,2055,0
DMB.US,5,20211223,165500,14.2499,14.2499,14.2483,14.2483,750,0
DMB.US,5,20211223,170000,14.25,14.26,14.25,14.26,600,0
DMB.US,5,20211223,170500,14.2493,14.2493,14.2493,14.2493,100,0
DMB.US,5,20211223,171000,14.2523,14.2523,14.2523,14.2523,700,0
DMB.US,5,20211223,172500,14.25,14.25,14.2492,14.2497,1700,0
DMB.US,5,20211223,173000,14.26,14.26,14.2462,14.2462,6348,0
DMB.US,5,20211223,173500,14.245,14.245,14.24,14.24,200,0
DMB.US,5,20211223,174000,14.25,14.26,14.2499,14.26,8780,0
DMB.US,5,20211223,180500,14.24,14.24,14.23,14.23,218,0
DMB.US,5,20211223,181500,14.25,14.26,14.2498,14.2498,1618,0
DMB.US,5,20211223,185000,14.26,14.26,14.2598,14.2598,560,0
DMB.US,5,20211223,185500,14.2578,14.2578,14.2501,14.2501,1075,0
DMB.US,5,20211223,190000,14.25,14.25,14.25,14.25,200,0
DMB.US,5,20211223,190500,14.258,14.258,14.25,14.25,1901,0
DMB.US,5,20211223,191000,14.25,14.26,14.25,14.26,1450,0
DMB.US,5,20211223,192000,14.25,14.25,14.25,14.25,1200,0
DMB.US,5,20211223,192500,14.25,14.25,14.25,14.25,100,0
DMB.US,5,20211223,193500,14.24,14.26,14.24,14.26,1850,0
DMB.US,5,20211223,201000,14.25,14.25,14.2458,14.2458,300,0
DMB.US,5,20211223,201500,14.2595,14.2595,14.2595,14.2595,150,0
DMB.US,5,20211223,203000,14.25,14.26,14.25,14.26,200,0
DMB.US,5,20211223,204500,14.26,14.27,14.2599,14.27,1600,0
DMB.US,5,20211223,205000,14.28,14.28,14.2799,14.2799,200,0
DMB.US,5,20211223,205500,14.274,14.274,14.274,14.274,100,0
DMB.US,5,20211223,210000,14.2799,14.2799,14.2799,14.2799,250,0
DMB.US,5,20211223,211500,14.28,14.28,14.28,14.28,1000,0
DMB.US,5,20211223,212000,14.26,14.27,14.26,14.2602,1600,0
DMB.US,5,20211223,212500,14.28,14.28,14.2798,14.2798,400,0
DMB.US,5,20211223,215000,14.27,14.27,14.27,14.27,100,0
DMB.US,5,20211223,215500,14.27,14.29,14.26,14.29,1261,0
