<TICKER>,<PER>,<DATE>,<TIME>,<OPEN>,<HIGH>,<LOW>,<CLOSE>,<VOL>,<OPENINT>
EOCT.US,5,20211104,180000,25.28,25.28,25.28,25.28,121,0
EOCT.US,5,20211104,183000,25.32,25.32,25.32,25.32,840,0
EOCT.US,5,20211104,190000,25.33,25.33,25.33,25.33,1445,0
EOCT.US,5,20211104,201000,25.35,25.35,25.34,25.348,3200,0
EOCT.US,5,20211105,154500,25.33,25.33,25.33,25.33,1180,0
EOCT.US,5,20211105,155000,25.32,25.32,25.32,25.32,100,0
EOCT.US,5,20211105,155500,25.32,25.32,25.32,25.32,100,0
EOCT.US,5,20211105,162500,25.33,25.33,25.33,25.33,197,0
EOCT.US,5,20211105,163000,25.34,25.34,25.34,25.34,118,0
EOCT.US,5,20211105,163500,25.34,25.34,25.3317,25.3317,842,0
EOCT.US,5,20211105,164500,25.34,25.34,25.3317,25.3317,222,0
EOCT.US,5,20211105,182000,25.315,25.315,25.315,25.315,100,0
EOCT.US,5,20211105,182500,25.305,25.305,25.3,25.3,1200,0
EOCT.US,5,20211105,185000,25.265,25.265,25.265,25.265,244,0
EOCT.US,5,20211105,190000,25.285,25.33,25.285,25.33,344,0
EOCT.US,5,20211105,190500,25.2958,25.2958,25.2958,25.2958,359,0
EOCT.US,5,20211105,193500,25.329,25.33,25.3032,25.3032,2802,0
EOCT.US,5,20211105,194500,25.29,25.29,25.29,25.29,201,0
EOCT.US,5,20211105,203000,25.348,25.35,25.33,25.35,2600,0
EOCT.US,5,20211108,164500,25.435,25.435,25.43,25.43,621,0
EOCT.US,5,20211108,192500,25.4158,25.4158,25.4158,25.4158,1000,0
EOCT.US,5,20211108,215500,25.41,25.41,25.41,25.41,100,0
EOCT.US,5,20211109,165000,25.43,25.43,25.43,25.43,200,0
EOCT.US,5,20211109,184500,25.39,25.41,25.39,25.41,200,0
EOCT.US,5,20211109,191500,25.409,25.409,25.3771,25.3771,786,0
EOCT.US,5,20211109,202000,25.4,25.4,25.4,25.4,200,0
EOCT.US,5,20211109,204000,25.41,25.41,25.3758,25.3758,400,0
EOCT.US,5,20211109,212000,25.36,25.36,25.36,25.36,1930,0
EOCT.US,5,20211110,154500,25.4325,25.4325,25.4325,25.4325,533,0
EOCT.US,5,20211110,184500,25.42,25.42,25.42,25.42,100,0
EOCT.US,5,20211110,190000,25.42,25.42,25.41,25.41,210,0
EOCT.US,5,20211110,195000,25.36,25.36,25.36,25.36,128,0
EOCT.US,5,20211110,205500,25.319,25.319,25.319,25.319,102,0
EOCT.US,5,20211110,211500,25.34,25.34,25.34,25.34,100,0
EOCT.US,5,20211111,154500,25.475,25.475,25.475,25.475,790,0
EOCT.US,5,20211111,165000,25.49,25.49,25.49,25.49,200,0
EOCT.US,5,20211111,200000,25.52,25.548,25.52,25.548,200,0
EOCT.US,5,20211111,203500,25.54,25.549,25.54,25.54,4519,0
EOCT.US,5,20211111,204500,25.54,25.54,25.54,25.54,222,0
EOCT.US,5,20211111,214500,25.5,25.55,25.5,25.55,3568,0
EOCT.US,5,20211112,161500,25.54,25.54,25.5325,25.5325,820,0
EOCT.US,5,20211112,192000,25.559,25.58,25.559,25.58,1300,0
EOCT.US,5,20211112,204000,25.57,25.58,25.57,25.57,1100,0
EOCT.US,5,20211112,211000,25.578,25.58,25.578,25.58,4900,0
EOCT.US,5,20211115,153000,25.61,25.61,25.61,25.61,138,0
EOCT.US,5,20211115,205500,25.56,25.57,25.5492,25.5492,1400,0
EOCT.US,5,20211115,210000,25.56,25.56,25.56,25.56,500,0
EOCT.US,5,20211115,210500,25.568,25.57,25.56,25.56,1700,0
EOCT.US,5,20211116,162500,25.535,25.535,25.535,25.535,100,0
EOCT.US,5,20211116,164000,25.53,25.53,25.53,25.53,100,0
EOCT.US,5,20211116,172000,25.53,25.53,25.53,25.53,2781,0
EOCT.US,5,20211116,173000,25.57,25.57,25.5625,25.5625,500,0
EOCT.US,5,20211116,183000,25.58,25.58,25.58,25.58,100,0
EOCT.US,5,20211116,195000,25.58,25.58,25.58,25.58,1000,0
EOCT.US,5,20211117,200000,25.4811,25.4811,25.4811,25.4811,679,0
EOCT.US,5,20211117,211500,25.498,25.5,25.49,25.498,4000,0
EOCT.US,5,20211117,212000,25.498,25.5,25.498,25.498,900,0
EOCT.US,5,20211117,212500,25.498,25.5,25.498,25.5,800,0
EOCT.US,5,20211117,215500,25.5,25.5,25.5,25.5,100,0
EOCT.US,5,20211118,153000,25.38,25.38,25.38,25.38,108,0
EOCT.US,5,20211118,161000,25.29,25.29,25.27,25.27,1000,0
EOCT.US,5,20211118,162000,25.26,25.26,25.26,25.26,900,0
EOCT.US,5,20211118,184500,25.36,25.38,25.36,25.38,1766,0
EOCT.US,5,20211118,214500,25.36,25.36,25.36,25.36,100,0
EOCT.US,5,20211119,154000,25.35,25.35,25.35,25.35,100,0
EOCT.US,5,20211119,155500,25.3,25.3,25.3,25.3,124,0
EOCT.US,5,20211122,161000,25.266,25.266,25.266,25.266,200,0
EOCT.US,5,20211122,211500,25.2624,25.28,25.2624,25.276,1100,0
EOCT.US,5,20211123,171000,25.19,25.19,25.19,25.19,100,0
EOCT.US,5,20211123,172000,25.19,25.19,25.19,25.19,200,0
EOCT.US,5,20211124,181500,25.16,25.16,25.1525,25.1525,500,0
EOCT.US,5,20211124,195000,25.159,25.16,25.15,25.1591,4838,0
EOCT.US,5,20211124,202000,25.1399,25.1399,25.1399,25.1399,112,0
EOCT.US,5,20211126,153000,24.87,24.87,24.87,24.87,359,0
EOCT.US,5,20211126,160000,24.76,24.765,24.7572,24.7572,620,0
EOCT.US,5,20211126,160500,24.74,24.74,24.74,24.74,200,0
EOCT.US,5,20211126,164000,24.71,24.71,24.71,24.71,200,0
EOCT.US,5,20211126,171000,24.68,24.68,24.68,24.68,200,0
EOCT.US,5,20211126,173000,24.645,24.645,24.645,24.645,100,0
EOCT.US,5,20211126,173500,24.66,24.66,24.66,24.66,100,0
EOCT.US,5,20211126,174000,24.645,24.645,24.645,24.645,100,0
EOCT.US,5,20211126,175000,24.67,24.67,24.65,24.65,200,0
EOCT.US,5,20211126,185500,24.73,24.73,24.73,24.73,1450,0
EOCT.US,5,20211126,191000,24.73,24.73,24.73,24.73,0,0
EOCT.US,5,20211126,213000,24.73,24.73,24.73,24.73,0,0
EOCT.US,5,20211129,164000,24.725,24.725,24.72,24.72,266,0
EOCT.US,5,20211129,180500,24.76,24.76,24.725,24.725,971,0
EOCT.US,5,20211129,202000,24.81,24.81,24.81,24.81,162,0
EOCT.US,5,20211129,211000,24.7911,24.7911,24.7911,24.7911,806,0
EOCT.US,5,20211130,163500,24.78,24.8099,24.78,24.8099,2019,0
EOCT.US,5,20211130,164000,24.75,24.75,24.75,24.75,200,0
EOCT.US,5,20211130,170500,24.63,24.65,24.56,24.56,988,0
EOCT.US,5,20211130,215000,24.76,24.76,24.76,24.76,100,0
EOCT.US,5,20211201,160500,24.93,24.93,24.93,24.93,600,0
EOCT.US,5,20211201,163000,24.9727,24.9727,24.9727,24.9727,373,0
EOCT.US,5,20211201,173500,25.03,25.05,25.03,25.046,6800,0
EOCT.US,5,20211201,185500,24.94,24.94,24.94,24.94,200,0
EOCT.US,5,20211201,204000,24.87,24.875,24.87,24.87,500,0
EOCT.US,5,20211202,190500,24.85,24.85,24.85,24.85,100,0
EOCT.US,5,20211202,191000,24.83,24.83,24.83,24.83,100,0
EOCT.US,5,20211202,200000,24.775,24.775,24.775,24.775,500,0
EOCT.US,5,20211203,172000,24.65,24.65,24.65,24.65,528,0
EOCT.US,5,20211203,173000,24.65,24.65,24.6235,24.6235,540,0
EOCT.US,5,20211203,200500,24.6096,24.6096,24.6096,24.6096,115,0
EOCT.US,5,20211203,210000,24.575,24.575,24.56,24.56,300,0
EOCT.US,5,20211206,164000,24.7,24.7,24.7,24.7,200,0
EOCT.US,5,20211206,181000,24.73,24.73,24.73,24.73,200,0
EOCT.US,5,20211206,193500,24.76,24.76,24.76,24.76,100,0
EOCT.US,5,20211206,201000,24.76,24.76,24.76,24.76,100,0
EOCT.US,5,20211206,203500,24.77,24.77,24.77,24.77,100,0
EOCT.US,5,20211206,212000,24.742,24.742,24.742,24.742,100,0
EOCT.US,5,20211206,213500,24.77,24.77,24.77,24.77,405,0
EOCT.US,5,20211206,214500,24.78,24.78,24.78,24.78,200,0
EOCT.US,5,20211207,183500,25,25,24.955,24.955,300,0
EOCT.US,5,20211207,190000,25,25.008,24.9907,25.008,3000,0
EOCT.US,5,20211207,190500,24.955,24.955,24.955,24.955,131,0
EOCT.US,5,20211207,211000,24.9,24.912,24.89,24.912,400,0
EOCT.US,5,20211207,213500,24.94,24.94,24.94,24.94,200,0
EOCT.US,5,20211208,153000,24.99,24.99,24.99,24.99,200,0
EOCT.US,5,20211208,170000,25.025,25.025,25.025,25.025,265,0
EOCT.US,5,20211209,164500,25.02,25.0299,25.02,25.0299,413,0
EOCT.US,5,20211213,154000,24.95,24.95,24.95,24.95,100,0
EOCT.US,5,20211213,183500,24.899,24.899,24.899,24.899,312,0
EOCT.US,5,20211213,194500,24.8999,24.8999,24.8999,24.8999,1444,0
EOCT.US,5,20211214,155500,24.88,24.89,24.88,24.88,988,0
EOCT.US,5,20211214,164000,24.8799,24.8799,24.8799,24.8799,823,0
EOCT.US,5,20211214,183000,24.815,24.815,24.815,24.815,200,0
EOCT.US,5,20211214,184500,24.8,24.8,24.8,24.8,968,0
EOCT.US,5,20211214,200000,24.7982,24.7982,24.7982,24.7982,450,0
EOCT.US,5,20211214,214000,24.89,24.89,24.89,24.89,860,0
EOCT.US,5,20211215,163500,24.71,24.71,24.71,24.71,200,0
EOCT.US,5,20211215,181500,24.69,24.69,24.69,24.69,200,0
EOCT.US,5,20211215,195500,24.7,24.7,24.7,24.7,200,0
EOCT.US,5,20211215,201500,24.75,24.75,24.74,24.75,1529,0
EOCT.US,5,20211215,203000,24.71,24.71,24.71,24.71,191,0
EOCT.US,5,20211215,205500,24.73,24.73,24.73,24.73,100,0
EOCT.US,5,20211215,213500,24.83,24.83,24.83,24.83,2320,0
EOCT.US,5,20211215,215000,24.83,24.83,24.83,24.83,800,0
EOCT.US,5,20211216,160500,24.88,24.88,24.88,24.88,100,0
EOCT.US,5,20211216,192500,24.84,24.84,24.84,24.84,156,0
EOCT.US,5,20211216,204000,24.86,24.8699,24.86,24.86,2300,0
EOCT.US,5,20211217,164500,24.79,24.79,24.79,24.79,1085,0
EOCT.US,5,20211217,211500,24.795,24.795,24.78,24.78,1147,0
EOCT.US,5,20211220,162500,24.569,24.57,24.5682,24.5682,2500,0
EOCT.US,5,20211220,170000,24.5,24.5,24.5,24.5,200,0
EOCT.US,5,20211220,172000,24.475,24.475,24.475,24.475,112,0
EOCT.US,5,20211220,180500,24.53,24.54,24.53,24.54,3100,0
EOCT.US,5,20211220,193000,24.4697,24.4697,24.4697,24.4697,1401,0
EOCT.US,5,20211220,214500,24.57,24.57,24.57,24.57,100,0
EOCT.US,5,20211221,153500,24.73,24.73,24.73,24.73,200,0
EOCT.US,5,20211221,160500,24.7,24.7,24.7,24.7,550,0
EOCT.US,5,20211221,184500,24.73,24.73,24.73,24.73,202,0
EOCT.US,5,20211221,201000,24.78,24.81,24.7788,24.7788,2000,0
EOCT.US,5,20211221,214000,24.82,24.82,24.82,24.82,100,0
EOCT.US,5,20211222,175000,24.87,24.87,24.87,24.87,200,0
EOCT.US,5,20211222,203500,24.87,24.87,24.87,24.87,100,0
EOCT.US,5,20211222,214500,24.89,24.89,24.89,24.89,2000,0
EOCT.US,5,20211222,215000,24.91,24.91,24.91,24.91,100,0
EOCT.US,5,20211223,200500,24.98,24.98,24.98,24.98,400,0
EOCT.US,5,20211223,201000,24.98,24.98,24.98,24.98,200,0
EOCT.US,5,20211223,204000,24.98,24.98,24.98,24.98,100,0
