<TICKER>,<PER>,<DATE>,<TIME>,<OPEN>,<HIGH>,<LOW>,<CLOSE>,<VOL>,<OPENINT>
FMN.US,5,20211104,143000,14.79,14.79,14.79,14.79,2313,0
FMN.US,5,20211104,143500,14.77,14.79,14.76,14.7602,10474,0
FMN.US,5,20211104,144000,14.77,14.77,14.77,14.77,100,0
FMN.US,5,20211104,145000,14.77,14.85,14.77,14.85,200,0
FMN.US,5,20211104,145500,14.8,14.8,14.8,14.8,100,0
FMN.US,5,20211104,150000,14.8,14.8,14.8,14.8,100,0
FMN.US,5,20211104,150500,14.85,14.85,14.8,14.8,210,0
FMN.US,5,20211104,151000,14.8496,14.8496,14.8,14.8,210,0
FMN.US,5,20211104,152000,14.8,14.8,14.8,14.8,100,0
FMN.US,5,20211104,152500,14.8,14.8,14.8,14.8,100,0
FMN.US,5,20211104,153000,14.8,14.8,14.8,14.8,100,0
FMN.US,5,20211104,154000,14.82,14.82,14.82,14.82,100,0
FMN.US,5,20211104,154500,14.82,14.82,14.82,14.82,100,0
FMN.US,5,20211104,155000,14.82,14.82,14.82,14.82,100,0
FMN.US,5,20211104,155500,14.82,14.82,14.82,14.82,100,0
FMN.US,5,20211104,160000,14.82,14.82,14.82,14.82,100,0
FMN.US,5,20211104,161000,14.82,14.82,14.82,14.82,100,0
FMN.US,5,20211104,161500,14.82,14.82,14.82,14.82,100,0
FMN.US,5,20211104,162000,14.82,14.82,14.82,14.82,100,0
FMN.US,5,20211104,162500,14.82,14.82,14.82,14.82,100,0
FMN.US,5,20211104,163000,14.82,14.82,14.82,14.82,100,0
FMN.US,5,20211104,164000,14.82,14.82,14.82,14.82,100,0
FMN.US,5,20211104,164500,14.82,14.82,14.82,14.82,100,0
FMN.US,5,20211104,165000,14.82,14.82,14.82,14.82,100,0
FMN.US,5,20211104,170000,14.82,14.82,14.82,14.82,100,0
FMN.US,5,20211104,170500,14.82,14.82,14.82,14.82,100,0
FMN.US,5,20211104,171000,14.82,14.82,14.82,14.82,100,0
FMN.US,5,20211104,191000,14.82,14.82,14.82,14.82,1944,0
FMN.US,5,20211104,192500,14.82,14.8203,14.82,14.8203,2500,0
FMN.US,5,20211104,195000,14.82,14.82,14.81,14.81,2956,0
FMN.US,5,20211104,200000,14.81,14.81,14.8,14.8,1500,0
FMN.US,5,20211104,202500,14.84,14.84,14.84,14.84,500,0
FMN.US,5,20211104,205500,14.83,14.83,14.815,14.82,814,0
FMN.US,5,20211105,143000,14.89,14.9,14.89,14.9,3279,0
FMN.US,5,20211105,143500,14.89,14.89,14.89,14.89,100,0
FMN.US,5,20211105,144000,14.89,14.9,14.89,14.89,430,0
FMN.US,5,20211105,144500,14.9,14.9,14.9,14.9,300,0
FMN.US,5,20211105,145000,14.9,14.92,14.8919,14.92,3409,0
FMN.US,5,20211105,145500,15,15,15,15,200,0
FMN.US,5,20211105,150000,15.01,15.01,15.01,15.01,300,0
FMN.US,5,20211105,150500,15.01,15.01,14.94,14.94,300,0
FMN.US,5,20211105,151000,15,15,15,15,200,0
FMN.US,5,20211105,151500,15,15,14.955,15,867,0
FMN.US,5,20211105,152000,14.9396,15.01,14.9396,15.01,500,0
FMN.US,5,20211105,152500,14.99,14.99,14.99,14.99,200,0
FMN.US,5,20211105,153000,14.99,14.99,14.95,14.95,200,0
FMN.US,5,20211105,153500,14.95,14.96,14.95,14.96,300,0
FMN.US,5,20211105,154000,14.9507,14.96,14.95,14.95,300,0
FMN.US,5,20211105,154500,14.97,14.97,14.97,14.97,200,0
FMN.US,5,20211105,155000,14.97,14.97,14.97,14.97,200,0
FMN.US,5,20211105,155500,14.97,14.97,14.97,14.97,200,0
FMN.US,5,20211105,160000,14.97,14.97,14.9632,14.9632,400,0
FMN.US,5,20211105,160500,14.97,14.97,14.97,14.97,200,0
FMN.US,5,20211105,161000,14.98,14.98,14.98,14.98,100,0
FMN.US,5,20211105,161500,14.98,14.98,14.98,14.98,200,0
FMN.US,5,20211105,162000,14.98,14.98,14.98,14.98,300,0
FMN.US,5,20211105,170500,14.9627,14.9627,14.9627,14.9627,150,0
FMN.US,5,20211105,181500,14.94,14.94,14.93,14.93,1000,0
FMN.US,5,20211105,182000,14.97,14.97,14.97,14.97,200,0
FMN.US,5,20211105,190000,14.95,14.95,14.95,14.95,100,0
FMN.US,5,20211105,192000,14.95,14.96,14.95,14.95,760,0
FMN.US,5,20211105,193000,14.95,14.95,14.95,14.95,100,0
FMN.US,5,20211105,194000,14.9075,14.9075,14.9075,14.9075,100,0
FMN.US,5,20211105,194500,14.9075,14.9075,14.9075,14.9075,100,0
FMN.US,5,20211105,195000,14.9075,14.9075,14.9075,14.9075,100,0
FMN.US,5,20211105,200000,14.895,14.895,14.895,14.895,335,0
FMN.US,5,20211105,201000,14.905,14.905,14.88,14.88,200,0
FMN.US,5,20211105,202000,14.905,14.905,14.905,14.905,100,0
FMN.US,5,20211105,202500,14.905,14.905,14.905,14.905,200,0
FMN.US,5,20211105,204500,14.91,14.915,14.91,14.915,400,0
FMN.US,5,20211105,205000,14.91,14.94,14.91,14.94,3880,0
FMN.US,5,20211105,205500,14.915,14.915,14.91,14.91,300,0
FMN.US,5,20211108,153000,14.98,14.98,14.98,14.98,3243,0
FMN.US,5,20211108,153500,14.995,14.995,14.98,14.98,1000,0
FMN.US,5,20211108,154000,15.01,15.01,15.01,15.01,100,0
FMN.US,5,20211108,155500,15,15.01,15,15.01,600,0
FMN.US,5,20211108,160500,15.01,15.01,15.01,15.01,100,0
FMN.US,5,20211108,161000,15.01,15.01,15,15,400,0
FMN.US,5,20211108,162000,15.01,15.01,15.01,15.01,200,0
FMN.US,5,20211108,162500,15.01,15.01,15.01,15.01,100,0
FMN.US,5,20211108,163000,15.01,15.01,15.01,15.01,100,0
FMN.US,5,20211108,163500,15.01,15.01,15.01,15.01,300,0
FMN.US,5,20211108,164000,15,15,15,15,100,0
FMN.US,5,20211108,164500,15.01,15.01,15.01,15.01,449,0
FMN.US,5,20211108,165000,15.14,15.15,15.14,15.15,400,0
FMN.US,5,20211108,165500,15.15,15.15,15.14,15.14,1100,0
FMN.US,5,20211108,170000,15.14,15.15,15.14,15.15,300,0
FMN.US,5,20211108,170500,15.15,15.15,15.15,15.15,400,0
FMN.US,5,20211108,171000,15.15,15.15,15.15,15.15,300,0
FMN.US,5,20211108,171500,15.14,15.14,15.12,15.12,500,0
FMN.US,5,20211108,172000,15.12,15.13,15.12,15.13,400,0
FMN.US,5,20211108,172500,15.12,15.12,15.12,15.12,400,0
FMN.US,5,20211108,173000,15.12,15.12,15.12,15.12,300,0
FMN.US,5,20211108,173500,15.12,15.13,15.12,15.13,300,0
FMN.US,5,20211108,174000,15.14,15.16,15.14,15.16,400,0
FMN.US,5,20211108,174500,15.16,15.16,15.16,15.16,400,0
FMN.US,5,20211108,175000,15.18,15.18,15.18,15.18,100,0
FMN.US,5,20211108,175500,15.18,15.18,15.18,15.18,154,0
FMN.US,5,20211108,181500,15.115,15.115,15.115,15.115,100,0
FMN.US,5,20211108,182000,15.115,15.115,15.115,15.115,100,0
FMN.US,5,20211108,183500,15.115,15.115,15.115,15.115,100,0
FMN.US,5,20211108,185000,15.06,15.06,15.06,15.06,100,0
FMN.US,5,20211108,190000,15.07,15.07,15.05,15.05,500,0
FMN.US,5,20211108,190500,15.13,15.13,15.13,15.13,100,0
FMN.US,5,20211108,191500,15.09,15.1,15.09,15.09,400,0
FMN.US,5,20211108,192000,15.1,15.1,15.1,15.1,100,0
FMN.US,5,20211108,192500,15.12,15.12,15.07,15.07,200,0
FMN.US,5,20211108,193500,15.12,15.12,15.12,15.12,100,0
FMN.US,5,20211108,194000,15.09,15.09,15.09,15.09,100,0
FMN.US,5,20211108,194500,15.05,15.09,15.05,15.09,1100,0
FMN.US,5,20211108,195000,15.09,15.09,15.09,15.09,100,0
FMN.US,5,20211108,195500,15.1,15.1,15.1,15.1,100,0
FMN.US,5,20211108,200500,15.1,15.1,15.1,15.1,100,0
FMN.US,5,20211108,201000,15.07,15.07,15.05,15.05,300,0
FMN.US,5,20211108,201500,15.06,15.06,15.06,15.06,100,0
FMN.US,5,20211108,202000,15.06,15.06,15.06,15.06,100,0
FMN.US,5,20211108,202500,15.06,15.06,15.06,15.06,100,0
FMN.US,5,20211108,203000,15.06,15.06,15.06,15.06,100,0
FMN.US,5,20211108,204000,15.06,15.06,15.05,15.05,1000,0
FMN.US,5,20211108,205000,15.06,15.06,15.06,15.06,100,0
FMN.US,5,20211108,205500,15.05,15.05,15.05,15.05,500,0
FMN.US,5,20211108,210000,15.025,15.025,15.01,15.01,239,0
FMN.US,5,20211108,211500,15.05,15.05,15.05,15.05,100,0
FMN.US,5,20211108,213000,15.05,15.05,15.05,15.05,100,0
FMN.US,5,20211108,214000,15.05,15.05,15.05,15.05,100,0
FMN.US,5,20211108,214500,15.025,15.025,15,15,900,0
FMN.US,5,20211108,215000,15.05,15.05,15.05,15.05,100,0
FMN.US,5,20211108,215500,15.05,15.05,15.02,15.02,568,0
FMN.US,5,20211109,153000,15.11,15.11,15.11,15.11,3554,0
FMN.US,5,20211109,160000,15.17,15.17,15.17,15.17,100,0
FMN.US,5,20211109,163500,15.15,15.15,15.15,15.15,100,0
FMN.US,5,20211109,165500,15.17,15.17,15.17,15.17,100,0
FMN.US,5,20211109,170000,15.1,15.135,15.1,15.135,200,0
FMN.US,5,20211109,171000,15.1,15.1,15.1,15.1,1400,0
FMN.US,5,20211109,174000,15.17,15.17,15.17,15.17,126,0
FMN.US,5,20211109,175500,15.17,15.17,15.17,15.17,100,0
FMN.US,5,20211109,182500,15.11,15.11,15.11,15.11,100,0
FMN.US,5,20211109,183500,15.11,15.11,15.11,15.11,100,0
FMN.US,5,20211109,184500,15.11,15.11,15.11,15.11,100,0
FMN.US,5,20211109,190000,15.11,15.11,15.11,15.11,100,0
FMN.US,5,20211109,191000,15.11,15.11,15.11,15.11,100,0
FMN.US,5,20211109,192000,15.12,15.12,15.12,15.12,400,0
FMN.US,5,20211109,192500,15.12,15.13,15.12,15.13,400,0
FMN.US,5,20211109,201000,15.08,15.08,15.08,15.08,200,0
FMN.US,5,20211109,202500,15.08,15.08,15.08,15.08,100,0
FMN.US,5,20211109,203500,15.08,15.08,15.08,15.08,100,0
FMN.US,5,20211109,204500,15.08,15.08,15.08,15.08,100,0
FMN.US,5,20211109,210000,15.08,15.08,15.08,15.08,100,0
FMN.US,5,20211109,210500,15.08,15.08,15.08,15.08,100,0
FMN.US,5,20211109,212500,15.13,15.13,15.13,15.13,100,0
FMN.US,5,20211109,213000,15.12,15.13,15.12,15.13,200,0
FMN.US,5,20211109,213500,15.13,15.13,15.13,15.13,200,0
FMN.US,5,20211109,214000,15.13,15.13,15.13,15.13,200,0
FMN.US,5,20211109,214500,15.13,15.13,15.13,15.13,400,0
FMN.US,5,20211109,215000,15.13,15.13,15.13,15.13,525,0
FMN.US,5,20211109,215500,15.13,15.13,15.08,15.08,2021,0
FMN.US,5,20211110,153000,15.15,15.15,15.15,15.15,571,0
FMN.US,5,20211110,162500,15.18,15.18,15.15,15.165,700,0
FMN.US,5,20211110,163000,15.165,15.165,15.165,15.165,500,0
FMN.US,5,20211110,164000,15.17,15.17,15.17,15.17,200,0
FMN.US,5,20211110,164500,15.17,15.17,15.17,15.17,100,0
FMN.US,5,20211110,165500,15.17,15.17,15.17,15.17,100,0
FMN.US,5,20211110,170500,15.17,15.17,15.17,15.17,100,0
FMN.US,5,20211110,171000,15.17,15.17,15.16,15.16,949,0
FMN.US,5,20211110,173000,15.17,15.17,15.16,15.16,400,0
FMN.US,5,20211110,181500,15.17,15.17,15.17,15.17,300,0
FMN.US,5,20211110,182500,15.165,15.165,15.15,15.15,200,0
FMN.US,5,20211110,184500,15.17,15.185,15.17,15.185,1507,0
FMN.US,5,20211110,190000,15.1744,15.1744,15.1744,15.1744,300,0
FMN.US,5,20211110,190500,15.1749,15.1749,15.1749,15.1749,400,0
FMN.US,5,20211110,191000,15.18,15.18,15.13,15.13,600,0
FMN.US,5,20211110,191500,15.155,15.155,15.155,15.155,100,0
FMN.US,5,20211110,192000,15.18,15.18,15.18,15.18,100,0
FMN.US,5,20211110,192500,15.18,15.18,15.18,15.18,100,0
FMN.US,5,20211110,193500,15.18,15.18,15.18,15.18,100,0
FMN.US,5,20211110,194000,15.18,15.18,15.18,15.18,100,0
FMN.US,5,20211110,194500,15.18,15.18,15.18,15.18,100,0
FMN.US,5,20211110,195500,15.18,15.18,15.18,15.18,100,0
FMN.US,5,20211110,200000,15.18,15.18,15.18,15.18,100,0
FMN.US,5,20211110,200500,15.18,15.18,15.18,15.18,100,0
FMN.US,5,20211110,201000,15.18,15.18,15.18,15.18,100,0
FMN.US,5,20211110,201500,15.18,15.18,15.18,15.18,100,0
FMN.US,5,20211110,202000,15.18,15.18,15.17,15.17,600,0
FMN.US,5,20211110,202500,15.17,15.17,15.17,15.17,100,0
FMN.US,5,20211110,203000,15.17,15.17,15.17,15.17,100,0
FMN.US,5,20211110,203500,15.17,15.17,15.16,15.16,300,0
FMN.US,5,20211110,204000,15.17,15.17,15.17,15.17,100,0
FMN.US,5,20211110,205000,15.165,15.17,15.165,15.17,200,0
FMN.US,5,20211110,211000,15.18,15.18,15.18,15.18,400,0
FMN.US,5,20211110,211500,15.18,15.18,15.18,15.18,400,0
FMN.US,5,20211110,212000,15.18,15.18,15.18,15.18,400,0
FMN.US,5,20211110,212500,15.181,15.181,15.181,15.181,3225,0
FMN.US,5,20211110,213000,15.17,15.19,15.16,15.16,700,0
FMN.US,5,20211110,213500,15.19,15.19,15.19,15.19,500,0
FMN.US,5,20211110,214000,15.167,15.167,15.167,15.167,126,0
FMN.US,5,20211110,215000,15.19,15.19,15.19,15.19,200,0
FMN.US,5,20211110,215500,15.19,15.19,15.17,15.18,500,0
FMN.US,5,20211111,153000,15.18,15.18,15.18,15.18,1161,0
FMN.US,5,20211111,185000,15.2,15.2,15.2,15.2,100,0
FMN.US,5,20211111,195500,15.2,15.2,15.2,15.2,200,0
FMN.US,5,20211111,200500,15.19,15.19,15.16,15.175,1916,0
FMN.US,5,20211111,210000,15.17,15.17,15.17,15.17,100,0
FMN.US,5,20211111,210500,15.17,15.17,15.16,15.17,2745,0
FMN.US,5,20211111,211500,15.18,15.18,15.18,15.18,100,0
FMN.US,5,20211111,213000,15.17,15.17,15.17,15.17,121,0
FMN.US,5,20211111,213500,15.18,15.19,15.18,15.19,300,0
FMN.US,5,20211111,215500,15.2,15.2,15.17,15.17,1682,0
FMN.US,5,20211112,203000,15.1424,15.1424,15.1424,15.1424,166,0
FMN.US,5,20211112,212000,15.12,15.12,15.11,15.11,582,0
FMN.US,5,20211112,213000,15.115,15.115,15.115,15.115,100,0
FMN.US,5,20211112,215500,15.1101,15.1101,15.1101,15.1101,100,0
FMN.US,5,20211115,153000,15.21,15.21,15.21,15.21,1021,0
FMN.US,5,20211115,160000,15.1861,15.23,15.1784,15.23,2953,0
FMN.US,5,20211115,162000,15.22,15.22,15.22,15.22,100,0
FMN.US,5,20211115,164500,15.2054,15.2054,15.2054,15.2054,134,0
FMN.US,5,20211115,174500,15.2,15.2001,15.2,15.2001,1304,0
FMN.US,5,20211115,180500,15.205,15.205,15.205,15.205,224,0
FMN.US,5,20211115,183000,15.2,15.2,15.2,15.2,200,0
FMN.US,5,20211115,183500,15.1442,15.1442,15.1,15.14,400,0
FMN.US,5,20211115,192500,15.082,15.082,15.082,15.082,100,0
FMN.US,5,20211115,194500,15.01,15.01,15.01,15.01,100,0
FMN.US,5,20211115,195000,15.037,15.037,15.0109,15.0109,1712,0
FMN.US,5,20211115,195500,15.0109,15.0109,15.0109,15.0109,200,0
FMN.US,5,20211115,200000,15.02,15.02,15.02,15.02,100,0
FMN.US,5,20211115,201000,15.02,15.02,15.02,15.02,100,0
FMN.US,5,20211115,201500,15.02,15.02,15.01,15.01,700,0
FMN.US,5,20211115,202000,15,15,15,15,100,0
FMN.US,5,20211115,203500,15,15,15,15,100,0
FMN.US,5,20211115,204500,15,15,15,15,100,0
FMN.US,5,20211115,205500,15,15,15,15,100,0
FMN.US,5,20211115,210500,15,15,15,15,100,0
FMN.US,5,20211115,211500,15,15,15,15,250,0
FMN.US,5,20211115,213000,15.01,15.01,15.01,15.01,100,0
FMN.US,5,20211115,213500,15,15,15,15,100,0
FMN.US,5,20211115,214000,15.045,15.045,15.01,15.01,200,0
FMN.US,5,20211115,214500,15,15,15,15,300,0
FMN.US,5,20211115,215000,15,15,15,15,400,0
FMN.US,5,20211115,215500,15,15.08,15,15.08,1010,0
FMN.US,5,20211116,153000,15.1,15.1,15.1,15.1,2736,0
FMN.US,5,20211116,162000,15.09,15.1,15.09,15.1,1600,0
FMN.US,5,20211116,162500,15.1,15.1,15.1,15.1,200,0
FMN.US,5,20211116,163000,15.1,15.1,15.1,15.1,100,0
FMN.US,5,20211116,163500,15.1,15.1,15.1,15.1,100,0
FMN.US,5,20211116,164000,15.1,15.1,15.1,15.1,100,0
FMN.US,5,20211116,164500,15.1,15.1,15.1,15.1,100,0
FMN.US,5,20211116,165500,15.1,15.1,15.1,15.1,100,0
FMN.US,5,20211116,182500,15.1399,15.1399,15.1399,15.1399,100,0
FMN.US,5,20211116,191500,15.14,15.14,15.14,15.14,100,0
FMN.US,5,20211116,192000,15.14,15.14,15.14,15.14,100,0
FMN.US,5,20211116,200500,15.105,15.105,15.105,15.105,100,0
FMN.US,5,20211116,211500,15.11,15.11,15.1,15.1,400,0
FMN.US,5,20211116,215500,15.181,15.181,15.181,15.181,100,0
FMN.US,5,20211117,153000,15.24,15.24,15.24,15.24,3301,0
FMN.US,5,20211117,163500,15.16,15.16,15.16,15.16,200,0
FMN.US,5,20211117,191500,15.16,15.16,15.16,15.16,100,0
FMN.US,5,20211117,193000,15.15,15.15,15.15,15.15,100,0
FMN.US,5,20211117,194000,15.15,15.15,15.15,15.15,100,0
FMN.US,5,20211117,195000,15.15,15.1998,15.15,15.198,1600,0
FMN.US,5,20211117,205500,15.12,15.12,15.12,15.12,100,0
FMN.US,5,20211117,210500,15.12,15.12,15.12,15.12,100,0
FMN.US,5,20211117,211500,15.12,15.12,15.12,15.12,100,0
FMN.US,5,20211117,212000,15.08,15.08,15.08,15.08,100,0
FMN.US,5,20211117,213000,15.08,15.08,15.07,15.07,200,0
FMN.US,5,20211117,214500,15.01,15.01,14.99,14.99,819,0
FMN.US,5,20211117,215000,14.99,14.99,14.99,14.99,1061,0
FMN.US,5,20211117,215500,14.99,15.04,14.99,15.04,406,0
FMN.US,5,20211118,153000,15.19,15.19,15.19,15.19,1237,0
FMN.US,5,20211118,155000,15.05,15.05,14.9901,14.9901,3563,0
FMN.US,5,20211118,155500,15.09,15.09,15.09,15.09,1000,0
FMN.US,5,20211118,181000,15.1,15.1,15.1,15.1,350,0
FMN.US,5,20211118,190500,15.12,15.1542,15.12,15.1542,4450,0
FMN.US,5,20211118,192000,15.1,15.1,15.1,15.1,200,0
FMN.US,5,20211118,205500,15.1,15.1,15.1,15.1,100,0
FMN.US,5,20211118,210000,15.09,15.09,15.09,15.09,100,0
FMN.US,5,20211118,210500,15.1,15.1,15.09,15.09,600,0
FMN.US,5,20211118,211500,15.08,15.08,15.08,15.08,100,0
FMN.US,5,20211118,212000,15.08,15.08,15.08,15.08,100,0
FMN.US,5,20211118,212500,15.08,15.08,15.08,15.08,100,0
FMN.US,5,20211118,213000,15.08,15.08,15.08,15.08,100,0
FMN.US,5,20211118,213500,15.08,15.08,15.08,15.08,100,0
FMN.US,5,20211118,214000,15.08,15.08,15.08,15.08,100,0
FMN.US,5,20211118,215000,15.15,15.15,15.11,15.11,220,0
FMN.US,5,20211118,215500,15.1,15.15,15.1,15.1,500,0
FMN.US,5,20211119,153000,15.15,15.15,15.15,15.15,1583,0
FMN.US,5,20211119,153500,15.15,15.15,15.14,15.14,300,0
FMN.US,5,20211119,154500,15.14,15.15,15.14,15.15,300,0
FMN.US,5,20211119,160500,15.14,15.14,15.14,15.14,200,0
FMN.US,5,20211119,162000,15.12,15.13,15.12,15.13,200,0
FMN.US,5,20211119,162500,15.13,15.13,15.13,15.13,100,0
FMN.US,5,20211119,170000,15.14,15.14,15.13,15.13,1636,0
FMN.US,5,20211119,185000,15.14,15.14,15.13,15.13,1971,0
FMN.US,5,20211119,192500,15.09,15.09,15.08,15.09,500,0
FMN.US,5,20211119,194000,15.09,15.09,15.09,15.09,100,0
FMN.US,5,20211119,194500,15.09,15.09,15.08,15.08,400,0
FMN.US,5,20211119,195000,15.08,15.08,15.08,15.08,200,0
FMN.US,5,20211119,195500,15.08,15.08,15.08,15.08,400,0
FMN.US,5,20211119,200000,15.08,15.08,15.08,15.08,200,0
FMN.US,5,20211119,200500,15.08,15.08,15.08,15.08,200,0
FMN.US,5,20211119,201000,15.08,15.08,15.08,15.08,400,0
FMN.US,5,20211119,201500,15.08,15.08,15.08,15.08,200,0
FMN.US,5,20211119,202000,15.08,15.08,15.08,15.08,200,0
FMN.US,5,20211119,202500,15.08,15.08,15.08,15.08,400,0
FMN.US,5,20211119,203000,15.07,15.07,15.07,15.07,200,0
FMN.US,5,20211119,203500,15.07,15.07,15.07,15.07,400,0
FMN.US,5,20211119,204000,15.07,15.07,15.07,15.07,200,0
FMN.US,5,20211119,204500,15.07,15.07,15.07,15.07,200,0
FMN.US,5,20211119,205000,15.07,15.07,15.07,15.07,400,0
FMN.US,5,20211119,205500,15.07,15.07,15.07,15.07,200,0
FMN.US,5,20211119,211000,15.05,15.05,15.05,15.05,100,0
FMN.US,5,20211119,214500,15.1,15.1,15.1,15.1,300,0
FMN.US,5,20211119,215000,15.05,15.11,15.04,15.04,2500,0
FMN.US,5,20211119,215500,15.02,15.05,15.02,15.05,844,0
FMN.US,5,20211122,153000,15.13,15.15,15.13,15.15,2561,0
FMN.US,5,20211122,155500,15.12,15.125,15.12,15.12,500,0
FMN.US,5,20211122,162500,15.11,15.11,15.11,15.11,100,0
FMN.US,5,20211122,163000,15.115,15.115,15.11,15.11,400,0
FMN.US,5,20211122,164500,15.1,15.1,15.08,15.08,358,0
FMN.US,5,20211122,170000,15.11,15.11,15.11,15.11,100,0
FMN.US,5,20211122,171000,15.11,15.11,15.11,15.11,100,0
FMN.US,5,20211122,172500,15.1,15.1,15.1,15.1,100,0
FMN.US,5,20211122,173500,15.11,15.11,15.11,15.11,100,0
FMN.US,5,20211122,174500,15.11,15.11,15.11,15.11,100,0
FMN.US,5,20211122,175500,15.11,15.11,15.11,15.11,100,0
FMN.US,5,20211122,181000,15.11,15.11,15.11,15.11,100,0
FMN.US,5,20211122,182000,15.1,15.1,15.1,15.1,100,0
FMN.US,5,20211122,183500,15.1,15.1,15.1,15.1,100,0
FMN.US,5,20211122,185000,15.1,15.1,15.1,15.1,100,0
FMN.US,5,20211122,191000,15.1,15.1,15.1,15.1,200,0
FMN.US,5,20211122,193000,15.1,15.11,15.1,15.11,937,0
FMN.US,5,20211122,193500,15.09,15.09,15.09,15.09,200,0
FMN.US,5,20211122,194000,15.1036,15.1036,15.1036,15.1036,975,0
FMN.US,5,20211122,203500,15.0852,15.09,15.0314,15.0418,3000,0
FMN.US,5,20211122,210000,15.01,15.01,15.01,15.01,440,0
FMN.US,5,20211122,212500,15.0077,15.0077,14.96,14.96,1400,0
FMN.US,5,20211122,215000,14.99,14.99,14.99,14.99,100,0
FMN.US,5,20211122,215500,14.92,15,14.92,15,300,0
FMN.US,5,20211123,153000,15,15,14.9939,15,2228,0
FMN.US,5,20211123,160000,14.95,14.95,14.95,14.95,100,0
FMN.US,5,20211123,161500,14.97,14.97,14.97,14.97,100,0
FMN.US,5,20211123,162000,14.97,14.97,14.97,14.97,100,0
FMN.US,5,20211123,163000,14.98,14.98,14.98,14.98,100,0
FMN.US,5,20211123,163500,14.98,14.98,14.98,14.98,100,0
FMN.US,5,20211123,164500,14.98,14.98,14.98,14.98,100,0
FMN.US,5,20211123,165500,14.98,15.04,14.98,15.04,437,0
FMN.US,5,20211123,170500,15.11,15.11,15.11,15.11,100,0
FMN.US,5,20211123,172000,15.1,15.11,15.06,15.06,314,0
FMN.US,5,20211123,173000,15.06,15.06,15.06,15.06,100,0
FMN.US,5,20211123,174500,15.11,15.11,15.11,15.11,100,0
FMN.US,5,20211123,175000,15.06,15.06,15.06,15.06,100,0
FMN.US,5,20211123,180500,15.06,15.06,15.06,15.06,100,0
FMN.US,5,20211123,183000,15.04,15.05,15.04,15.04,446,0
FMN.US,5,20211123,185500,15.03,15.03,15.03,15.03,100,0
FMN.US,5,20211123,191500,15.04,15.04,15.04,15.04,100,0
FMN.US,5,20211123,192500,15.015,15.015,15.015,15.015,100,0
FMN.US,5,20211123,194000,15.04,15.04,15.04,15.04,100,0
FMN.US,5,20211123,195500,15.015,15.015,15.015,15.015,100,0
FMN.US,5,20211123,201000,15.04,15.04,15.04,15.04,100,0
FMN.US,5,20211123,202500,15.04,15.04,15.04,15.04,100,0
FMN.US,5,20211123,204000,15.04,15.04,15.04,15.04,100,0
FMN.US,5,20211123,205000,15.04,15.04,15.04,15.04,100,0
FMN.US,5,20211123,210500,15.04,15.04,15.04,15.04,100,0
FMN.US,5,20211123,211500,15.03,15.03,15.03,15.03,100,0
FMN.US,5,20211123,213000,15.03,15.03,15.03,15.03,100,0
FMN.US,5,20211123,213500,15.03,15.03,15.03,15.03,100,0
FMN.US,5,20211123,214000,15.03,15.03,15.03,15.03,100,0
FMN.US,5,20211123,214500,15.03,15.03,15.03,15.03,100,0
FMN.US,5,20211123,215000,15.03,15.03,15.005,15.005,600,0
FMN.US,5,20211123,215500,15.005,15.03,15.005,15.03,1142,0
FMN.US,5,20211124,153000,15.13,15.13,15.04,15.04,2054,0
FMN.US,5,20211124,153500,15.04,15.04,15.04,15.04,600,0
FMN.US,5,20211124,155500,15.035,15.035,15.035,15.035,100,0
FMN.US,5,20211124,160500,15,15,15,15,200,0
FMN.US,5,20211124,161000,15,15.02,15,15.02,200,0
FMN.US,5,20211124,161500,15.01,15.01,15.01,15.01,100,0
FMN.US,5,20211124,162500,15.02,15.02,15.02,15.02,100,0
FMN.US,5,20211124,163000,15,15,15,15,100,0
FMN.US,5,20211124,163500,15.02,15.02,15.02,15.02,100,0
FMN.US,5,20211124,164500,15.01,15.01,15.01,15.01,100,0
FMN.US,5,20211124,165000,15.025,15.025,15.025,15.025,100,0
FMN.US,5,20211124,165500,15.025,15.025,15.025,15.025,100,0
FMN.US,5,20211124,170500,15.04,15.04,15.025,15.025,1500,0
FMN.US,5,20211124,171500,15.04,15.07,15.04,15.07,300,0
FMN.US,5,20211124,173000,15.05,15.05,15.02,15.02,700,0
FMN.US,5,20211124,175000,15.07,15.07,15.07,15.07,1400,0
FMN.US,5,20211124,180000,15.07,15.07,15.07,15.07,400,0
FMN.US,5,20211124,191500,15.06,15.1,15.06,15.1,600,0
FMN.US,5,20211124,193500,15.1,15.1,15.1,15.1,300,0
FMN.US,5,20211124,200000,15.1,15.1,15.1,15.1,2223,0
FMN.US,5,20211124,215000,15.12,15.12,15.12,15.12,120,0
FMN.US,5,20211124,215500,15.12,15.12,15.12,15.12,100,0
FMN.US,5,20211126,153000,15.12,15.12,15.12,15.12,2253,0
FMN.US,5,20211126,153500,15.07,15.07,15.07,15.07,325,0
FMN.US,5,20211126,154000,15.11,15.12,15.07,15.07,691,0
FMN.US,5,20211126,154500,15.07,15.07,15.07,15.07,100,0
FMN.US,5,20211126,155000,15.07,15.07,15.07,15.07,100,0
FMN.US,5,20211126,155500,15.07,15.07,15.07,15.07,750,0
FMN.US,5,20211126,160000,14.96,14.96,14.96,14.96,100,0
FMN.US,5,20211126,160500,14.95,14.95,14.95,14.95,100,0
FMN.US,5,20211126,161000,14.97,14.97,14.97,14.97,100,0
FMN.US,5,20211126,162000,14.98,14.98,14.98,14.98,100,0
FMN.US,5,20211126,163000,14.98,14.98,14.98,14.98,100,0
FMN.US,5,20211126,163500,15.01,15.01,15.01,15.01,100,0
FMN.US,5,20211126,164500,15,15,15,15,100,0
FMN.US,5,20211126,165500,15,15,15,15,100,0
FMN.US,5,20211126,171000,15,15,15,15,100,0
FMN.US,5,20211126,172000,15,15,15,15,100,0
FMN.US,5,20211126,173000,15,15,15,15,100,0
FMN.US,5,20211126,174000,15,15,15,15,100,0
FMN.US,5,20211126,175000,15,15,15,15,100,0
FMN.US,5,20211126,175500,15,15,15,15,100,0
FMN.US,5,20211129,153000,15.08,15.08,15.08,15.08,697,0
FMN.US,5,20211129,153500,15.03,15.1,15.03,15.1,200,0
FMN.US,5,20211129,154000,15.1,15.15,15.1,15.15,400,0
FMN.US,5,20211129,154500,15.15,15.15,15.125,15.125,800,0
FMN.US,5,20211129,155000,15.125,15.125,15.125,15.125,600,0
FMN.US,5,20211129,155500,15.125,15.15,15.125,15.125,800,0
FMN.US,5,20211129,160000,15.15,15.15,15.15,15.15,100,0
FMN.US,5,20211129,160500,15.15,15.15,15.15,15.15,100,0
FMN.US,5,20211129,161500,15.15,15.15,15.15,15.15,100,0
FMN.US,5,20211129,162000,15.14,15.15,15.11,15.15,300,0
FMN.US,5,20211129,163000,15.12,15.15,15.12,15.15,200,0
FMN.US,5,20211129,163500,15.15,15.15,15.15,15.15,100,0
FMN.US,5,20211129,164500,15.1,15.1,15.1,15.1,100,0
FMN.US,5,20211129,165000,15.13,15.13,15.13,15.13,100,0
FMN.US,5,20211129,165500,15.15,15.15,15.1489,15.15,1525,0
FMN.US,5,20211129,170000,15.15,15.15,15.14,15.14,200,0
FMN.US,5,20211129,170500,15.15,15.15,15.15,15.15,200,0
FMN.US,5,20211129,171000,15.15,15.15,15.15,15.15,100,0
FMN.US,5,20211129,171500,15.14,15.15,15.14,15.15,200,0
FMN.US,5,20211129,172500,15.15,15.15,15.14,15.14,200,0
FMN.US,5,20211129,173000,15.1499,15.1499,15.1499,15.1499,500,0
FMN.US,5,20211129,173500,15.15,15.15,15.15,15.15,222,0
FMN.US,5,20211129,174500,15.12,15.12,15.12,15.12,100,0
FMN.US,5,20211129,175000,15.12,15.1493,15.12,15.1493,3365,0
FMN.US,5,20211129,180000,15.13,15.13,15.13,15.13,100,0
FMN.US,5,20211129,182000,15.12,15.12,15.12,15.12,1307,0
FMN.US,5,20211129,192000,15.13,15.13,15.13,15.13,100,0
FMN.US,5,20211129,201500,15.13,15.13,15.13,15.13,142,0
FMN.US,5,20211129,202500,15.1251,15.1251,15.1251,15.1251,317,0
FMN.US,5,20211129,205000,15.12,15.24,15.12,15.2396,3326,0
FMN.US,5,20211129,212000,15.25,15.25,15.25,15.25,100,0
FMN.US,5,20211129,215000,15.17,15.2,15.17,15.2,300,0
FMN.US,5,20211129,215500,15.2,15.2,15.2,15.2,582,0
FMN.US,5,20211130,153000,15.2,15.2,15.2,15.2,2148,0
FMN.US,5,20211130,153500,15.17,15.17,15.17,15.17,100,0
FMN.US,5,20211130,161000,15.19,15.19,15.19,15.19,100,0
FMN.US,5,20211130,161500,15.19,15.19,15.19,15.19,100,0
FMN.US,5,20211130,162000,15.1884,15.1884,15.1884,15.1884,100,0
FMN.US,5,20211130,162500,15.19,15.19,15.1894,15.1894,200,0
FMN.US,5,20211130,163500,15.2,15.2,15.19,15.19,200,0
FMN.US,5,20211130,164500,15.24,15.26,15.24,15.26,200,0
FMN.US,5,20211130,165000,15.21,15.21,15.21,15.21,100,0
FMN.US,5,20211130,165500,15.21,15.21,15.2,15.21,500,0
FMN.US,5,20211130,170000,15.21,15.21,15.21,15.21,100,0
FMN.US,5,20211130,170500,15.2075,15.21,15.2075,15.21,300,0
FMN.US,5,20211130,171500,15.2,15.2618,15.2,15.2618,1720,0
FMN.US,5,20211130,172000,15.19,15.19,15.19,15.19,100,0
FMN.US,5,20211130,172500,15.18,15.25,15.18,15.25,7065,0
FMN.US,5,20211130,173000,15.2155,15.2155,15.2155,15.2155,110,0
FMN.US,5,20211130,174500,15.1913,15.1913,15.1913,15.1913,191,0
FMN.US,5,20211130,181000,15.25,15.25,15.25,15.25,100,0
FMN.US,5,20211130,182500,15.25,15.25,15.25,15.25,100,0
FMN.US,5,20211130,183000,15.25,15.25,15.25,15.25,100,0
FMN.US,5,20211130,183500,15.25,15.25,15.25,15.25,100,0
FMN.US,5,20211130,190500,15.26,15.26,15.26,15.26,100,0
FMN.US,5,20211130,191500,15.26,15.26,15.26,15.26,100,0
FMN.US,5,20211130,193000,15.27,15.27,15.27,15.27,100,0
FMN.US,5,20211130,193500,15.26,15.26,15.26,15.26,300,0
FMN.US,5,20211130,194500,15.26,15.26,15.26,15.26,100,0
FMN.US,5,20211130,200500,15.25,15.25,15.25,15.25,300,0
FMN.US,5,20211130,201000,15.23,15.23,15.23,15.23,300,0
FMN.US,5,20211130,201500,15.22,15.22,15.22,15.22,100,0
FMN.US,5,20211130,211500,15.2207,15.2207,15.2207,15.2207,100,0
FMN.US,5,20211130,212500,15.225,15.225,15.225,15.225,100,0
FMN.US,5,20211130,215500,15.23,15.23,15.23,15.23,309,0
FMN.US,5,20211201,153000,15.28,15.28,15.27,15.28,3891,0
FMN.US,5,20211201,153500,15.28,15.28,15.2782,15.28,1443,0
FMN.US,5,20211201,155500,15.31,15.31,15.31,15.31,100,0
FMN.US,5,20211201,160000,15.33,15.33,15.33,15.33,100,0
FMN.US,5,20211201,160500,15.33,15.33,15.32,15.32,300,0
FMN.US,5,20211201,161000,15.34,15.34,15.34,15.34,100,0
FMN.US,5,20211201,161500,15.34,15.34,15.34,15.34,100,0
FMN.US,5,20211201,162000,15.35,15.35,15.35,15.35,100,0
FMN.US,5,20211201,164500,15.31,15.31,15.31,15.31,100,0
FMN.US,5,20211201,165000,15.31,15.31,15.31,15.31,100,0
FMN.US,5,20211201,165500,15.31,15.31,15.31,15.31,100,0
FMN.US,5,20211201,170000,15.31,15.31,15.31,15.31,100,0
FMN.US,5,20211201,172000,15.31,15.31,15.31,15.31,100,0
FMN.US,5,20211201,190000,15.3362,15.34,15.32,15.34,551,0
FMN.US,5,20211201,191000,15.31,15.31,15.31,15.31,100,0
FMN.US,5,20211201,193500,15.27,15.27,15.27,15.27,100,0
FMN.US,5,20211201,195000,15.27,15.27,15.27,15.27,100,0
FMN.US,5,20211201,201000,15.27,15.27,15.27,15.27,100,0
FMN.US,5,20211201,204500,15.24,15.24,15.24,15.24,100,0
FMN.US,5,20211201,210000,15.21,15.21,15.21,15.21,100,0
FMN.US,5,20211201,211000,15.4479,15.4479,15.4479,15.4479,300,0
FMN.US,5,20211201,212000,15.22,15.22,15.22,15.22,100,0
FMN.US,5,20211201,213000,15.22,15.22,15.22,15.22,100,0
FMN.US,5,20211201,213500,15.19,15.19,15.19,15.19,100,0
FMN.US,5,20211201,214000,15.21,15.21,15.21,15.21,200,0
FMN.US,5,20211201,215000,15.2,15.2,15.2,15.2,200,0
FMN.US,5,20211201,215500,15.27,15.28,15.27,15.28,200,0
FMN.US,5,20211202,153000,15.36,15.36,15.36,15.36,1723,0
FMN.US,5,20211202,153500,15.26,15.26,15.26,15.26,100,0
FMN.US,5,20211202,154000,15.26,15.26,15.26,15.26,100,0
FMN.US,5,20211202,154500,15.25,15.25,15.25,15.25,100,0
FMN.US,5,20211202,155000,15.22,15.22,15.22,15.22,100,0
FMN.US,5,20211202,155500,15.23,15.23,15.23,15.23,100,0
FMN.US,5,20211202,160000,15.3109,15.3109,15.3109,15.3109,302,0
FMN.US,5,20211202,160500,15.22,15.22,15.22,15.22,100,0
FMN.US,5,20211202,161000,15.22,15.22,15.22,15.22,100,0
FMN.US,5,20211202,163000,15.19,15.19,15.19,15.19,100,0
FMN.US,5,20211202,164000,15.2,15.2,15.2,15.2,100,0
FMN.US,5,20211202,165000,15.19,15.19,15.19,15.19,100,0
FMN.US,5,20211202,165500,15.17,15.24,15.17,15.24,952,0
FMN.US,5,20211202,171500,15.18,15.23,15.15,15.23,3759,0
FMN.US,5,20211202,173000,15.16,15.16,15.16,15.16,100,0
FMN.US,5,20211202,174000,15.17,15.17,15.17,15.17,100,0
FMN.US,5,20211202,175000,15.19,15.19,15.19,15.19,100,0
FMN.US,5,20211202,190000,15.17,15.17,15.17,15.17,113,0
FMN.US,5,20211202,193000,15.17,15.17,15.17,15.17,100,0
FMN.US,5,20211202,200500,15.16,15.16,15.16,15.16,100,0
FMN.US,5,20211202,201500,15.2,15.2,15.2,15.2,921,0
FMN.US,5,20211202,202000,15.21,15.22,15.21,15.22,600,0
FMN.US,5,20211202,210000,15.24,15.24,15.24,15.24,200,0
FMN.US,5,20211202,211500,15.19,15.19,15.19,15.19,200,0
FMN.US,5,20211202,212000,15.21,15.2299,15.19,15.19,2655,0
FMN.US,5,20211202,213500,15.19,15.19,15.19,15.19,100,0
FMN.US,5,20211202,215500,15.17,15.28,15.17,15.28,209,0
FMN.US,5,20211203,153000,15.34,15.34,15.34,15.34,3285,0
FMN.US,5,20211203,153500,15.21,15.21,15.21,15.21,100,0
FMN.US,5,20211203,154000,15.21,15.21,15.21,15.21,100,0
FMN.US,5,20211203,155000,15.21,15.21,15.21,15.21,100,0
FMN.US,5,20211203,155500,15.21,15.21,15.21,15.21,100,0
FMN.US,5,20211203,163000,15.33,15.33,15.33,15.33,200,0
FMN.US,5,20211203,170000,15.23,15.23,15.23,15.23,100,0
FMN.US,5,20211203,170500,15.23,15.23,15.23,15.23,100,0
FMN.US,5,20211203,171000,15.23,15.23,15.22,15.22,200,0
FMN.US,5,20211203,171500,15.21,15.21,15.21,15.21,100,0
FMN.US,5,20211203,172000,15.18,15.18,15.18,15.18,100,0
FMN.US,5,20211203,172500,15.17,15.17,15.17,15.17,100,0
FMN.US,5,20211203,173000,15.16,15.17,15.16,15.16,300,0
FMN.US,5,20211203,173500,15.16,15.16,15.16,15.16,100,0
FMN.US,5,20211203,174000,15.16,15.16,15.16,15.16,100,0
FMN.US,5,20211203,174500,15.16,15.16,15.15,15.15,200,0
FMN.US,5,20211203,175000,15.15,15.15,15.15,15.15,100,0
FMN.US,5,20211203,175500,15.15,15.15,15.14,15.14,200,0
FMN.US,5,20211203,181500,15.14,15.14,15.14,15.14,100,0
FMN.US,5,20211203,183000,15.15,15.15,15.15,15.15,100,0
FMN.US,5,20211203,184000,15.22,15.22,15.22,15.22,700,0
FMN.US,5,20211203,185000,15.23,15.23,15.23,15.23,200,0
FMN.US,5,20211203,191500,15.23,15.23,15.23,15.23,100,0
FMN.US,5,20211203,192500,15.22,15.22,15.22,15.22,100,0
FMN.US,5,20211203,194000,15.22,15.22,15.22,15.22,100,0
FMN.US,5,20211203,195500,15.225,15.225,15.225,15.225,100,0
FMN.US,5,20211203,201000,15.22,15.22,15.22,15.22,100,0
FMN.US,5,20211203,202500,15.22,15.22,15.22,15.22,100,0
FMN.US,5,20211203,203500,15.22,15.22,15.22,15.22,100,0
FMN.US,5,20211203,205000,15.22,15.22,15.22,15.22,100,0
FMN.US,5,20211203,210500,15.22,15.22,15.22,15.22,100,0
FMN.US,5,20211203,211500,15.18,15.18,15.18,15.18,100,0
FMN.US,5,20211203,212500,15.11,15.11,15.11,15.11,100,0
FMN.US,5,20211203,213000,15.145,15.18,15.145,15.18,200,0
FMN.US,5,20211203,214000,15.09,15.17,15.09,15.17,200,0
FMN.US,5,20211203,214500,15.09,15.09,15.09,15.09,100,0
FMN.US,5,20211203,215000,15.08,15.08,15.08,15.08,100,0
FMN.US,5,20211203,215500,15.1635,15.1635,15.16,15.16,208,0
FMN.US,5,20211206,153000,15.16,15.16,15.16,15.16,508,0
FMN.US,5,20211206,161000,15.11,15.11,15.065,15.065,1100,0
FMN.US,5,20211206,171000,15.11,15.11,15.11,15.11,100,0
FMN.US,5,20211206,171500,15.09,15.09,15.09,15.09,300,0
FMN.US,5,20211206,175000,15.12,15.12,15.085,15.11,300,0
FMN.US,5,20211206,201500,15.05,15.05,15.05,15.05,1425,0
FMN.US,5,20211207,153000,15.16,15.16,15.16,15.16,2618,0
FMN.US,5,20211207,161500,15.0322,15.0322,15.0322,15.0322,172,0
FMN.US,5,20211207,162000,15.02,15.02,15.02,15.02,100,0
FMN.US,5,20211207,164500,15.03,15.03,15.03,15.03,100,0
FMN.US,5,20211207,175000,15.0329,15.0329,15.02,15.02,1467,0
FMN.US,5,20211207,180500,15.03,15.03,15.03,15.03,100,0
FMN.US,5,20211207,183000,15.03,15.03,15.02,15.02,2653,0
FMN.US,5,20211207,190000,15.0312,15.0312,15.0312,15.0312,100,0
FMN.US,5,20211207,203500,15.01,15.01,15.01,15.01,200,0
FMN.US,5,20211207,215000,14.97,14.98,14.97,14.97,2147,0
FMN.US,5,20211207,215500,14.98,14.98,14.98,14.98,100,0
FMN.US,5,20211208,153000,14.98,14.98,14.98,14.98,1617,0
FMN.US,5,20211208,154000,15.0106,15.0106,15.0106,15.0106,200,0
FMN.US,5,20211208,162000,14.9801,14.9801,14.9801,14.9801,100,0
FMN.US,5,20211208,173000,15.05,15.05,15.05,15.05,100,0
FMN.US,5,20211208,180000,15.05,15.05,15.05,15.05,100,0
FMN.US,5,20211208,191000,15.07,15.07,15.07,15.07,100,0
FMN.US,5,20211208,191500,15.07,15.07,15.07,15.07,300,0
FMN.US,5,20211208,200500,15.0252,15.045,15.0252,15.045,1143,0
FMN.US,5,20211208,215000,15.045,15.045,15.045,15.045,100,0
FMN.US,5,20211208,215500,15.02,15.0486,14.99,14.99,1326,0
FMN.US,5,20211209,153000,15.1,15.1,15.1,15.1,1447,0
FMN.US,5,20211209,162500,15.09,15.09,15.05,15.05,900,0
FMN.US,5,20211209,165000,15.06,15.0824,15.05,15.05,2634,0
FMN.US,5,20211209,173000,15.05,15.05,15.05,15.05,100,0
FMN.US,5,20211209,180000,15.0524,15.0524,15.0524,15.0524,617,0
FMN.US,5,20211209,181000,15.09,15.1,15.09,15.1,500,0
FMN.US,5,20211209,181500,15.1,15.11,15.1,15.11,200,0
FMN.US,5,20211209,185000,15.1,15.1,15.1,15.1,100,0
FMN.US,5,20211209,200000,15.066,15.066,15.066,15.066,1500,0
FMN.US,5,20211209,205000,15.045,15.06,15.03,15.03,919,0
FMN.US,5,20211209,210000,15.06,15.06,15.06,15.06,1000,0
FMN.US,5,20211209,214000,15.01,15.01,15.01,15.01,100,0
FMN.US,5,20211209,215500,15,15.02,15,15.02,220,0
FMN.US,5,20211210,153000,15.12,15.12,15.12,15.12,4885,0
FMN.US,5,20211210,164000,15.06,15.06,15.05,15.05,200,0
FMN.US,5,20211210,172500,15.05,15.05,15.05,15.05,100,0
FMN.US,5,20211210,173500,15.06,15.06,15.06,15.06,100,0
FMN.US,5,20211210,180000,15.05,15.05,15.05,15.05,100,0
FMN.US,5,20211210,180500,15.05,15.05,15.05,15.05,100,0
FMN.US,5,20211210,182000,15.05,15.05,15.05,15.05,200,0
FMN.US,5,20211210,183500,15.04,15.04,15.04,15.04,200,0
FMN.US,5,20211210,185000,15.04,15.04,15.04,15.04,100,0
FMN.US,5,20211210,185500,15.04,15.04,15.04,15.04,100,0
FMN.US,5,20211210,190500,15.04,15.04,15.04,15.04,200,0
FMN.US,5,20211210,191000,15.04,15.04,15.04,15.04,100,0
FMN.US,5,20211210,194000,15.03,15.03,15.03,15.03,100,0
FMN.US,5,20211210,200000,15.03,15.03,15.03,15.03,100,0
FMN.US,5,20211210,200500,15.03,15.03,15.02,15.02,940,0
FMN.US,5,20211210,201000,15.025,15.05,15.025,15.05,2000,0
FMN.US,5,20211210,203000,15.02,15.02,15.02,15.02,200,0
FMN.US,5,20211210,204500,14.99,14.99,14.99,14.99,100,0
FMN.US,5,20211210,205000,14.98,14.98,14.98,14.98,100,0
FMN.US,5,20211210,210000,15.01,15.01,15.01,15.01,100,0
FMN.US,5,20211210,212500,15.0399,15.0399,15.0399,15.0399,1000,0
FMN.US,5,20211210,213000,15,15,15,15,100,0
FMN.US,5,20211210,213500,14.98,14.98,14.98,14.98,100,0
FMN.US,5,20211210,214500,14.99,15,14.98,15,730,0
FMN.US,5,20211210,215000,15,15,15,15,100,0
FMN.US,5,20211210,215500,15,15.01,15,15,300,0
FMN.US,5,20211213,153000,15.07,15.07,15.07,15.07,1777,0
FMN.US,5,20211213,154500,15.034,15.034,15.034,15.034,700,0
FMN.US,5,20211213,161000,15.09,15.09,15.09,15.09,100,0
FMN.US,5,20211213,161500,15.09,15.09,15.09,15.09,100,0
FMN.US,5,20211213,170000,15.0504,15.07,15.0504,15.07,700,0
FMN.US,5,20211213,173500,15.1,15.1,15.1,15.1,100,0
FMN.US,5,20211213,175500,15.11,15.12,15.11,15.12,300,0
FMN.US,5,20211213,180000,15.12,15.12,15.12,15.12,100,0
FMN.US,5,20211213,181000,15.12,15.12,15.12,15.12,100,0
FMN.US,5,20211213,182500,15.13,15.13,15.13,15.13,100,0
FMN.US,5,20211213,184500,15.11,15.12,15.11,15.12,400,0
FMN.US,5,20211213,191000,15.12,15.12,15.12,15.12,100,0
FMN.US,5,20211213,191500,15.12,15.12,15.12,15.12,100,0
FMN.US,5,20211213,202000,15.1044,15.1044,15.1044,15.1044,1322,0
FMN.US,5,20211213,204000,15.105,15.105,15.105,15.105,100,0
FMN.US,5,20211213,205500,15.11,15.11,15.105,15.11,313,0
FMN.US,5,20211213,211500,15.11,15.11,15.11,15.11,100,0
FMN.US,5,20211213,214000,15.11,15.11,15.11,15.11,100,0
FMN.US,5,20211213,215500,15.11,15.11,15.11,15.11,300,0
FMN.US,5,20211214,153000,15.15,15.15,15.15,15.15,3364,0
FMN.US,5,20211214,153500,15.149,15.149,15.149,15.149,990,0
FMN.US,5,20211214,155500,15.14,15.14,15.14,15.14,700,0
FMN.US,5,20211214,160000,15.11,15.11,15.11,15.11,239,0
FMN.US,5,20211214,160500,15.11,15.11,15.11,15.11,200,0
FMN.US,5,20211214,192500,15.07,15.07,15.06,15.07,1868,0
FMN.US,5,20211214,193500,15.04,15.04,15.04,15.04,100,0
FMN.US,5,20211214,200500,15.065,15.065,15.065,15.065,702,0
FMN.US,5,20211214,203000,15.0895,15.0895,15.0895,15.0895,141,0
FMN.US,5,20211214,211000,15.07,15.07,15.07,15.07,200,0
FMN.US,5,20211214,212000,15.07,15.07,15.07,15.07,100,0
FMN.US,5,20211214,213500,15.09,15.09,15.08,15.08,300,0
FMN.US,5,20211214,214500,15.08,15.08,15.08,15.08,100,0
FMN.US,5,20211214,215500,15.07,15.08,15.07,15.08,200,0
FMN.US,5,20211215,153000,15.08,15.08,15.08,15.08,1915,0
FMN.US,5,20211215,153500,15.08,15.08,15.08,15.08,134,0
FMN.US,5,20211215,154500,15.08,15.08,15.08,15.08,100,0
FMN.US,5,20211215,155000,15.08,15.08,15.08,15.08,100,0
FMN.US,5,20211215,161000,15.13,15.14,15.13,15.1399,1875,0
FMN.US,5,20211215,163000,15.11,15.11,15.11,15.11,300,0
FMN.US,5,20211215,172500,15.14,15.14,15.14,15.14,100,0
FMN.US,5,20211215,173500,15.131,15.131,15.131,15.131,500,0
FMN.US,5,20211215,174500,15.135,15.135,15.13,15.13,1400,0
FMN.US,5,20211215,175000,15.135,15.135,15.135,15.135,300,0
FMN.US,5,20211215,175500,15.135,15.135,15.135,15.135,300,0
FMN.US,5,20211215,180000,15.135,15.135,15.135,15.135,200,0
FMN.US,5,20211215,180500,15.135,15.135,15.135,15.135,200,0
FMN.US,5,20211215,181000,15.135,15.135,15.135,15.135,200,0
FMN.US,5,20211215,181500,15.13,15.135,15.13,15.135,200,0
FMN.US,5,20211215,182000,15.135,15.135,15.135,15.135,200,0
FMN.US,5,20211215,182500,15.135,15.135,15.135,15.135,100,0
FMN.US,5,20211215,183000,15.135,15.135,15.135,15.135,200,0
FMN.US,5,20211215,190000,15.13,15.14,15.13,15.14,200,0
FMN.US,5,20211215,190500,15.14,15.14,15.14,15.14,100,0
FMN.US,5,20211215,191000,15.14,15.14,15.14,15.14,200,0
FMN.US,5,20211215,191500,15.14,15.14,15.14,15.14,200,0
FMN.US,5,20211215,192000,15.14,15.14,15.14,15.14,100,0
FMN.US,5,20211215,192500,15.14,15.14,15.14,15.14,200,0
FMN.US,5,20211215,193000,15.14,15.14,15.12,15.12,600,0
FMN.US,5,20211215,193500,15.14,15.14,15.14,15.14,100,0
FMN.US,5,20211215,194000,15.14,15.14,15.14,15.14,100,0
FMN.US,5,20211215,194500,15.13,15.13,15.13,15.13,400,0
FMN.US,5,20211215,195000,15.1122,15.12,15.1122,15.12,300,0
FMN.US,5,20211215,195500,15.13,15.13,15.13,15.13,100,0
FMN.US,5,20211215,200000,15.14,15.14,15.14,15.14,100,0
FMN.US,5,20211215,200500,15.14,15.14,15.1131,15.1131,400,0
FMN.US,5,20211215,201000,15.14,15.14,15.14,15.14,100,0
FMN.US,5,20211215,201500,15.13,15.14,15.13,15.14,700,0
FMN.US,5,20211215,202000,15.14,15.14,15.14,15.14,100,0
FMN.US,5,20211215,202500,15.14,15.14,15.14,15.14,100,0
FMN.US,5,20211215,203000,15.125,15.14,15.125,15.14,300,0
FMN.US,5,20211215,203500,15.125,15.14,15.125,15.13,800,0
FMN.US,5,20211215,204000,15.13,15.13,15.13,15.13,100,0
FMN.US,5,20211215,204500,15.13,15.13,15.13,15.13,100,0
FMN.US,5,20211215,205000,15.13,15.13,15.13,15.13,100,0
FMN.US,5,20211215,205500,15.125,15.13,15.125,15.13,661,0
FMN.US,5,20211215,210000,15.14,15.14,15.14,15.14,100,0
FMN.US,5,20211215,210500,15.14,15.14,15.13,15.13,200,0
FMN.US,5,20211215,211000,15.14,15.14,15.13,15.13,200,0
FMN.US,5,20211215,211500,15.13,15.14,15.13,15.14,200,0
FMN.US,5,20211215,212000,15.13,15.13,15.13,15.13,800,0
FMN.US,5,20211215,212500,15.14,15.14,15.14,15.14,100,0
FMN.US,5,20211215,214500,15.15,15.15,15.15,15.15,100,0
FMN.US,5,20211215,215500,15.15,15.15,15.15,15.15,132,0
FMN.US,5,20211216,153000,15.19,15.19,15.19,15.19,3808,0
FMN.US,5,20211216,153500,15.175,15.175,15.175,15.175,100,0
FMN.US,5,20211216,154000,15.19,15.19,15.175,15.175,300,0
FMN.US,5,20211216,154500,15.175,15.18,15.175,15.18,800,0
FMN.US,5,20211216,155000,15.18,15.18,15.18,15.18,200,0
FMN.US,5,20211216,155500,15.18,15.18,15.18,15.18,1488,0
FMN.US,5,20211216,160000,15.18,15.19,15.18,15.19,400,0
FMN.US,5,20211216,160500,15.19,15.19,15.19,15.19,100,0
FMN.US,5,20211216,161000,15.19,15.19,15.19,15.19,100,0
FMN.US,5,20211216,161500,15.19,15.19,15.19,15.19,300,0
FMN.US,5,20211216,162000,15.19,15.19,15.19,15.19,200,0
FMN.US,5,20211216,163500,15.195,15.195,15.195,15.195,500,0
FMN.US,5,20211216,165000,15.1976,15.1976,15.1976,15.1976,475,0
FMN.US,5,20211216,171500,15.195,15.195,15.195,15.195,300,0
FMN.US,5,20211216,183500,15.195,15.1999,15.195,15.1999,300,0
FMN.US,5,20211216,184000,15.195,15.195,15.195,15.195,100,0
FMN.US,5,20211216,192000,15.195,15.195,15.195,15.195,400,0
FMN.US,5,20211216,192500,15.195,15.195,15.195,15.195,700,0
FMN.US,5,20211216,204000,15.195,15.195,15.195,15.195,300,0
FMN.US,5,20211216,210500,15.19,15.2,15.18,15.18,600,0
FMN.US,5,20211216,211500,15.18,15.18,15.18,15.18,600,0
FMN.US,5,20211216,212000,15.18,15.18,15.18,15.18,400,0
FMN.US,5,20211216,213000,15.21,15.21,15.21,15.21,100,0
FMN.US,5,20211216,213500,15.21,15.22,15.21,15.21,600,0
FMN.US,5,20211216,214000,15.21,15.22,15.21,15.21,900,0
FMN.US,5,20211216,214500,15.22,15.22,15.21,15.22,1200,0
FMN.US,5,20211217,153000,15.22,15.22,15.22,15.22,1854,0
FMN.US,5,20211217,154000,15.38,15.38,15.38,15.38,100,0
FMN.US,5,20211217,155000,15.5,15.5,15.5,15.5,100,0
FMN.US,5,20211217,155500,15.33,15.33,15.33,15.33,330,0
FMN.US,5,20211217,160500,15.47,15.47,15.47,15.47,100,0
FMN.US,5,20211217,165000,15.315,15.32,15.315,15.32,300,0
FMN.US,5,20211217,172500,15.32,15.32,15.3,15.32,5370,0
FMN.US,5,20211217,173000,15.26,15.26,15.26,15.26,400,0
FMN.US,5,20211217,175500,15.32,15.32,15.32,15.32,4500,0
FMN.US,5,20211217,180000,15.32,15.32,15.32,15.32,800,0
FMN.US,5,20211217,182000,15.335,15.335,15.32,15.32,1200,0
FMN.US,5,20211217,182500,15.3,15.32,15.3,15.32,1100,0
FMN.US,5,20211217,183500,15.295,15.32,15.295,15.32,774,0
FMN.US,5,20211217,184000,15.32,15.32,15.32,15.32,800,0
FMN.US,5,20211217,184500,15.295,15.295,15.295,15.295,1174,0
FMN.US,5,20211217,185500,15.32,15.32,15.32,15.32,900,0
FMN.US,5,20211217,191500,15.31,15.31,15.31,15.31,100,0
FMN.US,5,20211217,193000,15.302,15.302,15.23,15.23,1858,0
FMN.US,5,20211217,195500,15.31,15.31,15.31,15.31,100,0
FMN.US,5,20211217,201500,15.32,15.33,15.32,15.33,470,0
FMN.US,5,20211217,202000,15.33,15.33,15.3298,15.33,1400,0
FMN.US,5,20211217,203000,15.305,15.305,15.305,15.305,784,0
FMN.US,5,20211217,203500,15.305,15.305,15.305,15.305,716,0
FMN.US,5,20211217,205500,15.295,15.295,15.28,15.28,500,0
FMN.US,5,20211217,210000,15.32,15.33,15.32,15.33,2000,0
FMN.US,5,20211217,211000,15.33,15.33,15.33,15.33,400,0
FMN.US,5,20211217,212000,15.33,15.33,15.33,15.33,628,0
FMN.US,5,20211217,213500,15.35,15.35,15.33,15.33,500,0
FMN.US,5,20211217,214000,15.35,15.35,15.35,15.35,672,0
FMN.US,5,20211217,214500,15.3201,15.3207,15.32,15.3207,1900,0
FMN.US,5,20211217,215500,15.275,15.35,15.275,15.35,1091,0
FMN.US,5,20211220,153000,15.4,15.4,15.4,15.4,1388,0
FMN.US,5,20211220,161000,15.2,15.2,15.2,15.2,100,0
FMN.US,5,20211220,162000,15.19,15.19,15.19,15.19,100,0
FMN.US,5,20211220,163000,15.2,15.2,15.2,15.2,100,0
FMN.US,5,20211220,163500,15.26,15.26,15.26,15.26,100,0
FMN.US,5,20211220,164000,15.2,15.2516,15.2,15.2516,600,0
FMN.US,5,20211220,165000,15.21,15.21,15.21,15.21,100,0
FMN.US,5,20211220,165500,15.21,15.21,15.21,15.21,100,0
FMN.US,5,20211220,170000,15.265,15.265,15.265,15.265,100,0
FMN.US,5,20211220,170500,15.21,15.21,15.21,15.21,100,0
FMN.US,5,20211220,171000,15.21,15.21,15.21,15.21,100,0
FMN.US,5,20211220,171500,15.21,15.33,15.2,15.33,400,0
FMN.US,5,20211220,173500,15.21,15.21,15.21,15.21,100,0
FMN.US,5,20211220,174500,15.21,15.21,15.21,15.21,100,0
FMN.US,5,20211220,175000,15.32,15.33,15.32,15.33,500,0
FMN.US,5,20211220,175500,15.27,15.27,15.27,15.27,100,0
FMN.US,5,20211220,180500,15.22,15.22,15.22,15.22,100,0
FMN.US,5,20211220,181000,15.27,15.27,15.27,15.27,100,0
FMN.US,5,20211220,181500,15.22,15.22,15.22,15.22,100,0
FMN.US,5,20211220,183500,15.28,15.28,15.28,15.28,100,0
FMN.US,5,20211220,184000,15.22,15.22,15.22,15.22,100,0
FMN.US,5,20211220,185000,15.23,15.24,15.21,15.21,300,0
FMN.US,5,20211220,190500,15.25,15.25,15.235,15.235,700,0
FMN.US,5,20211220,192000,15.235,15.26,15.235,15.26,200,0
FMN.US,5,20211220,192500,15.235,15.235,15.235,15.235,200,0
FMN.US,5,20211220,193000,15.26,15.26,15.23,15.2302,1873,0
FMN.US,5,20211220,194500,15.34,15.34,15.23,15.23,200,0
FMN.US,5,20211220,195000,15.285,15.35,15.285,15.34,2500,0
FMN.US,5,20211220,201000,15.365,15.365,15.365,15.365,100,0
FMN.US,5,20211220,202500,15.27,15.27,15.27,15.27,100,0
FMN.US,5,20211220,203500,15.3,15.3,15.3,15.3,100,0
FMN.US,5,20211220,204000,15.3,15.3,15.3,15.3,500,0
FMN.US,5,20211220,204500,15.3,15.3,15.3,15.3,100,0
FMN.US,5,20211220,205500,15.3,15.3,15.3,15.3,100,0
FMN.US,5,20211220,210500,15.3,15.3,15.3,15.3,100,0
FMN.US,5,20211220,211000,15.325,15.35,15.31,15.31,1600,0
FMN.US,5,20211220,212000,15.3,15.3,15.3,15.3,200,0
FMN.US,5,20211220,213500,15.3,15.3,15.3,15.3,100,0
FMN.US,5,20211220,214000,15.3365,15.3365,15.3,15.3,1100,0
FMN.US,5,20211220,214500,15.3,15.3,15.3,15.3,100,0
FMN.US,5,20211220,215000,15.3,15.314,15.3,15.314,528,0
FMN.US,5,20211220,215500,15.3498,15.36,15.3498,15.35,644,0
FMN.US,5,20211221,153000,15.46,15.46,15.46,15.46,2534,0
FMN.US,5,20211221,155500,15.47,15.47,15.47,15.47,100,0
FMN.US,5,20211221,161000,15.44,15.44,15.44,15.44,200,0
FMN.US,5,20211221,161500,15.44,15.44,15.44,15.44,400,0
FMN.US,5,20211221,164000,15.44,15.44,15.44,15.44,1000,0
FMN.US,5,20211221,170000,15.44,15.44,15.44,15.44,1900,0
FMN.US,5,20211221,171500,15.43,15.43,15.43,15.43,200,0
FMN.US,5,20211221,172000,15.43,15.43,15.43,15.43,300,0
FMN.US,5,20211221,173000,15.38,15.38,15.38,15.38,100,0
FMN.US,5,20211221,174500,15.43,15.43,15.43,15.43,200,0
FMN.US,5,20211221,175000,15.43,15.43,15.43,15.43,200,0
FMN.US,5,20211221,180500,15.43,15.43,15.43,15.43,300,0
FMN.US,5,20211221,181500,15.37,15.43,15.37,15.43,880,0
FMN.US,5,20211221,183500,15.43,15.43,15.43,15.43,200,0
FMN.US,5,20211221,184000,15.43,15.43,15.43,15.43,200,0
FMN.US,5,20211221,190000,15.43,15.43,15.43,15.43,200,0
FMN.US,5,20211221,192000,15.43,15.43,15.43,15.43,300,0
FMN.US,5,20211221,192500,15.43,15.43,15.43,15.43,200,0
FMN.US,5,20211221,194500,15.43,15.43,15.43,15.43,200,0
FMN.US,5,20211221,195500,15.43,15.43,15.43,15.43,300,0
FMN.US,5,20211221,200500,15.43,15.47,15.4299,15.47,4458,0
FMN.US,5,20211221,201000,15.47,15.47,15.47,15.47,100,0
FMN.US,5,20211221,202000,15.47,15.47,15.47,15.47,200,0
FMN.US,5,20211221,202500,15.47,15.47,15.47,15.47,400,0
FMN.US,5,20211221,205000,15.46,15.7152,15.46,15.7152,2056,0
FMN.US,5,20211221,205500,15.5,15.51,15.5,15.51,200,0
FMN.US,5,20211221,210000,15.62,15.635,15.62,15.63,1600,0
FMN.US,5,20211221,212000,15.74,15.74,15.67,15.67,3008,0
FMN.US,5,20211221,214000,15.5633,15.5633,15.52,15.52,1400,0
FMN.US,5,20211222,153000,15.57,15.57,15.4002,15.4002,3376,0
FMN.US,5,20211222,155500,15.59,15.59,15.59,15.59,100,0
FMN.US,5,20211222,160000,15.525,15.525,15.525,15.525,400,0
FMN.US,5,20211222,160500,15.525,15.525,15.36,15.42,1956,0
FMN.US,5,20211222,161000,15.44,15.44,15.42,15.42,800,0
FMN.US,5,20211222,164500,15.47,15.47,15.47,15.47,100,0
FMN.US,5,20211222,165000,15.46,15.46,15.46,15.46,100,0
FMN.US,5,20211222,170000,15.47,15.47,15.47,15.47,600,0
FMN.US,5,20211222,170500,15.46,15.46,15.46,15.46,500,0
FMN.US,5,20211222,171000,15.46,15.46,15.46,15.46,100,0
FMN.US,5,20211222,172000,15.46,15.46,15.46,15.46,100,0
FMN.US,5,20211222,173000,15.46,15.46,15.46,15.46,100,0
FMN.US,5,20211222,173500,15.46,15.46,15.46,15.46,100,0
FMN.US,5,20211222,175500,15.47,15.47,15.47,15.47,100,0
FMN.US,5,20211222,180500,15.47,15.47,15.47,15.47,100,0
FMN.US,5,20211222,182000,15.47,15.47,15.47,15.47,100,0
FMN.US,5,20211222,183000,15.47,15.47,15.47,15.47,100,0
FMN.US,5,20211222,184500,15.47,15.47,15.47,15.47,100,0
FMN.US,5,20211222,192500,15.45,15.45,15.45,15.45,300,0
FMN.US,5,20211222,194500,15.44,15.44,15.44,15.44,100,0
FMN.US,5,20211222,200500,15.45,15.45,15.45,15.45,100,0
FMN.US,5,20211222,201000,15.4498,15.4498,15.4498,15.4498,126,0
FMN.US,5,20211222,201500,15.45,15.45,15.2222,15.2222,2000,0
FMN.US,5,20211222,202500,15.44,15.44,15.44,15.44,100,0
FMN.US,5,20211222,203000,15.44,15.44,15.44,15.44,100,0
FMN.US,5,20211222,210000,15.45,15.45,15.45,15.45,346,0
FMN.US,5,20211222,211000,15.45,15.45,15.45,15.45,100,0
FMN.US,5,20211222,211500,15.45,15.45,15.45,15.45,100,0
FMN.US,5,20211222,212000,15.45,15.45,15.45,15.45,100,0
FMN.US,5,20211222,212500,15.45,15.45,15.45,15.45,200,0
FMN.US,5,20211222,213500,15.45,15.45,15.45,15.45,100,0
FMN.US,5,20211222,214000,15.45,15.45,15.45,15.45,100,0
FMN.US,5,20211222,215500,15.48,15.49,15.48,15.49,200,0
FMN.US,5,20211223,153000,15.7,15.7,15.7,15.7,2062,0
FMN.US,5,20211223,153500,15.5934,15.5934,15.5934,15.5934,400,0
FMN.US,5,20211223,154000,15.6144,15.6144,15.6144,15.6144,477,0
FMN.US,5,20211223,154500,15.57,15.57,15.34,15.365,4400,0
FMN.US,5,20211223,162500,15.47,15.47,15.44,15.44,200,0
FMN.US,5,20211223,165500,15.45,15.45,15.45,15.45,100,0
FMN.US,5,20211223,173500,15.46,15.46,15.46,15.46,200,0
FMN.US,5,20211223,175000,15.45,15.45,15.45,15.45,100,0
FMN.US,5,20211223,180000,15.43,15.44,15.43,15.44,200,0
FMN.US,5,20211223,181000,15.36,15.36,15.3501,15.3501,874,0
FMN.US,5,20211223,182000,15.35,15.35,15.35,15.35,200,0
FMN.US,5,20211223,192000,15.35,15.35,15.35,15.35,100,0
FMN.US,5,20211223,193500,15.405,15.4597,15.405,15.4597,1902,0
FMN.US,5,20211223,200000,15.3962,15.3962,15.3962,15.3962,110,0
FMN.US,5,20211223,200500,15.3638,15.3638,15.3638,15.3638,110,0
FMN.US,5,20211223,202500,15.35,15.35,15.35,15.35,100,0
FMN.US,5,20211223,205000,15.33,15.33,15.235,15.25,7305,0
FMN.US,5,20211223,205500,15.25,15.31,15.25,15.31,2154,0
FMN.US,5,20211223,215000,15.2148,15.2148,15.2148,15.2148,100,0
FMN.US,5,20211223,215500,15.2,15.28,15.2,15.26,393,0
