<TICKER>,<PER>,<DATE>,<TIME>,<OPEN>,<HIGH>,<LOW>,<CLOSE>,<VOL>,<OPENINT>
FRC_I.US,5,20211104,143000,26.6,26.6,26.6,26.6,169,0
FRC_I.US,5,20211104,152000,26.77,26.77,26.77,26.77,200,0
FRC_I.US,5,20211104,152500,26.66,26.66,26.66,26.66,240,0
FRC_I.US,5,20211104,153000,26.74,26.74,26.74,26.74,118,0
FRC_I.US,5,20211104,160500,26.72,26.72,26.72,26.72,157,0
FRC_I.US,5,20211104,162000,26.69,26.69,26.66,26.66,200,0
FRC_I.US,5,20211104,162500,26.646,26.646,26.646,26.646,2160,0
FRC_I.US,5,20211104,170000,26.64,26.68,26.63,26.68,488,0
FRC_I.US,5,20211104,181500,26.68,26.68,26.68,26.68,105,0
FRC_I.US,5,20211104,182500,26.69,26.72,26.69,26.72,301,0
FRC_I.US,5,20211104,185500,26.7374,26.7374,26.736,26.736,551,0
FRC_I.US,5,20211104,190000,26.725,26.76,26.725,26.76,850,0
FRC_I.US,5,20211104,191000,26.72,26.72,26.72,26.72,200,0
FRC_I.US,5,20211104,193000,26.76,26.76,26.69,26.69,402,0
FRC_I.US,5,20211104,194000,26.68,26.6949,26.68,26.6949,300,0
FRC_I.US,5,20211104,194500,26.69,26.6949,26.69,26.6949,200,0
FRC_I.US,5,20211104,201000,26.7035,26.7035,26.701,26.701,200,0
FRC_I.US,5,20211104,201500,26.7,26.71,26.7,26.7,680,0
FRC_I.US,5,20211104,202500,26.675,26.675,26.65,26.65,885,0
FRC_I.US,5,20211104,204000,26.65,26.66,26.625,26.625,500,0
FRC_I.US,5,20211104,205000,26.72,26.72,26.72,26.72,100,0
FRC_I.US,5,20211105,143000,26.65,26.65,26.65,26.65,149,0
FRC_I.US,5,20211105,150000,26.7,26.7,26.7,26.7,201,0
FRC_I.US,5,20211105,150500,26.7001,26.7001,26.7001,26.7001,138,0
FRC_I.US,5,20211105,153500,26.7005,26.7005,26.7,26.7,316,0
FRC_I.US,5,20211105,155500,26.745,26.745,26.745,26.745,1000,0
FRC_I.US,5,20211105,161500,26.71,26.71,26.67,26.67,242,0
FRC_I.US,5,20211105,170000,26.69,26.69,26.69,26.69,250,0
FRC_I.US,5,20211105,173500,26.72,26.72,26.72,26.72,162,0
FRC_I.US,5,20211105,181000,26.66,26.6601,26.66,26.66,600,0
FRC_I.US,5,20211105,181500,26.64,26.64,26.64,26.64,379,0
FRC_I.US,5,20211105,190500,26.7135,26.7135,26.6904,26.6904,331,0
FRC_I.US,5,20211105,192000,26.68,26.68,26.68,26.68,272,0
FRC_I.US,5,20211105,193000,26.72,26.72,26.72,26.72,100,0
FRC_I.US,5,20211105,193500,26.69,26.72,26.68,26.68,1955,0
FRC_I.US,5,20211105,200500,26.69,26.695,26.69,26.695,245,0
FRC_I.US,5,20211105,201000,26.77,26.77,26.69,26.73,1152,0
FRC_I.US,5,20211105,203000,26.66,26.66,26.64,26.64,1021,0
FRC_I.US,5,20211105,205500,26.77,26.77,26.69,26.69,200,0
FRC_I.US,5,20211108,161500,26.7,26.7,26.7,26.7,112,0
FRC_I.US,5,20211108,162500,26.705,26.705,26.705,26.705,101,0
FRC_I.US,5,20211108,170000,26.74,26.74,26.71,26.71,268,0
FRC_I.US,5,20211108,174500,26.735,26.735,26.72,26.72,214,0
FRC_I.US,5,20211108,190000,26.7618,26.7618,26.7618,26.7618,235,0
FRC_I.US,5,20211108,192000,26.735,26.76,26.735,26.76,235,0
FRC_I.US,5,20211108,193500,26.7614,26.7614,26.7614,26.7614,128,0
FRC_I.US,5,20211108,212500,26.76,26.76,26.76,26.76,200,0
FRC_I.US,5,20211108,214500,26.7,26.76,26.63,26.76,1483,0
FRC_I.US,5,20211108,215000,26.7,26.7,26.7,26.7,100,0
FRC_I.US,5,20211109,153000,26.66,26.66,26.66,26.66,416,0
FRC_I.US,5,20211109,161000,26.65,26.67,26.65,26.67,242,0
FRC_I.US,5,20211109,164500,26.6215,26.6215,26.6215,26.6215,600,0
FRC_I.US,5,20211109,182500,26.79,26.79,26.79,26.79,392,0
FRC_I.US,5,20211109,192000,26.6632,26.68,26.6506,26.6506,395,0
FRC_I.US,5,20211109,213500,26.68,26.75,26.68,26.75,3826,0
FRC_I.US,5,20211109,214000,26.74,26.751,26.74,26.75,4820,0
FRC_I.US,5,20211109,214500,26.6997,26.6997,26.6997,26.6997,183,0
FRC_I.US,5,20211110,153000,26.64,26.64,26.64,26.64,421,0
FRC_I.US,5,20211110,160500,26.63,26.63,26.62,26.62,400,0
FRC_I.US,5,20211110,161000,26.61,26.61,26.61,26.61,122,0
FRC_I.US,5,20211110,164000,26.61,26.6121,26.61,26.6121,200,0
FRC_I.US,5,20211110,175500,26.6,26.65,26.6,26.62,1003,0
FRC_I.US,5,20211110,180500,26.5376,26.5376,26.5376,26.5376,128,0
FRC_I.US,5,20211110,185500,26.59,26.59,26.5805,26.5805,300,0
FRC_I.US,5,20211110,191500,26.545,26.563,26.545,26.563,487,0
FRC_I.US,5,20211110,195500,26.5,26.5,26.5,26.5,268,0
FRC_I.US,5,20211110,215000,26.5,26.5,26.5,26.5,250,0
FRC_I.US,5,20211111,153000,26.51,26.51,26.51,26.51,126,0
FRC_I.US,5,20211111,163000,26.52,26.52,26.52,26.52,100,0
FRC_I.US,5,20211111,170000,26.53,26.53,26.53,26.53,206,0
FRC_I.US,5,20211111,171000,26.51,26.51,26.51,26.51,400,0
FRC_I.US,5,20211111,174000,26.5028,26.5028,26.5,26.5,900,0
FRC_I.US,5,20211111,175000,26.5299,26.5299,26.5299,26.5299,138,0
FRC_I.US,5,20211111,184500,26.52,26.53,26.52,26.53,519,0
FRC_I.US,5,20211111,191000,26.47,26.47,26.47,26.47,101,0
FRC_I.US,5,20211111,202000,26.45,26.45,26.437,26.437,477,0
FRC_I.US,5,20211111,203000,26.5,26.5,26.5,26.5,100,0
FRC_I.US,5,20211111,204000,26.455,26.455,26.455,26.455,216,0
FRC_I.US,5,20211111,214500,26.34,26.34,26.34,26.34,129,0
FRC_I.US,5,20211111,215500,26.32,26.32,26.32,26.32,100,0
FRC_I.US,5,20211112,155000,26.44,26.44,26.44,26.44,130,0
FRC_I.US,5,20211112,170000,26.45,26.45,26.45,26.45,947,0
FRC_I.US,5,20211112,171000,26.47,26.47,26.47,26.47,225,0
FRC_I.US,5,20211112,173500,26.463,26.463,26.4528,26.4528,257,0
FRC_I.US,5,20211112,174000,26.45,26.45,26.45,26.45,323,0
FRC_I.US,5,20211112,183000,26.4518,26.4518,26.4518,26.4518,800,0
FRC_I.US,5,20211112,183500,26.47,26.47,26.47,26.47,100,0
FRC_I.US,5,20211112,184000,26.3903,26.3903,26.39,26.39,350,0
FRC_I.US,5,20211112,184500,26.4092,26.4659,26.4092,26.4659,233,0
FRC_I.US,5,20211112,185000,26.4233,26.4233,26.4233,26.4233,150,0
FRC_I.US,5,20211112,200000,26.445,26.47,26.445,26.4532,3200,0
FRC_I.US,5,20211112,202000,26.445,26.445,26.445,26.445,109,0
FRC_I.US,5,20211112,202500,26.4699,26.4699,26.4,26.4,200,0
FRC_I.US,5,20211112,210500,26.4156,26.4156,26.4156,26.4156,946,0
FRC_I.US,5,20211112,213000,26.41,26.41,26.41,26.41,600,0
FRC_I.US,5,20211112,214500,26.418,26.418,26.4,26.4,1062,0
FRC_I.US,5,20211112,215000,26.4,26.4,26.4,26.4,100,0
FRC_I.US,5,20211112,215500,26.3914,26.3914,26.3914,26.3914,100,0
FRC_I.US,5,20211115,153000,26.37,26.37,26.37,26.37,186,0
FRC_I.US,5,20211115,155500,26.47,26.47,26.47,26.47,155,0
FRC_I.US,5,20211115,160000,26.36,26.36,26.36,26.36,100,0
FRC_I.US,5,20211115,162000,26.355,26.355,26.355,26.355,100,0
FRC_I.US,5,20211115,183500,26.35,26.35,26.35,26.35,144,0
FRC_I.US,5,20211115,191000,26.362,26.362,26.362,26.362,664,0
FRC_I.US,5,20211115,192500,26.35,26.4,26.35,26.4,1900,0
FRC_I.US,5,20211115,193500,26.4,26.4,26.375,26.39,1679,0
FRC_I.US,5,20211115,194500,26.35,26.35,26.35,26.35,100,0
FRC_I.US,5,20211115,195000,26.375,26.375,26.375,26.375,500,0
FRC_I.US,5,20211115,195500,26.35,26.4,26.35,26.4,2006,0
FRC_I.US,5,20211115,200500,26.3949,26.46,26.3949,26.46,3281,0
FRC_I.US,5,20211115,202000,26.41,26.46,26.4091,26.46,1822,0
FRC_I.US,5,20211115,202500,26.3989,26.401,26.375,26.375,1225,0
FRC_I.US,5,20211115,203000,26.3992,26.46,26.3992,26.46,1400,0
FRC_I.US,5,20211115,203500,26.366,26.366,26.366,26.366,100,0
FRC_I.US,5,20211115,210000,26.35,26.35,26.35,26.35,100,0
FRC_I.US,5,20211115,211000,26.4,26.4,26.4,26.4,200,0
FRC_I.US,5,20211115,211500,26.39,26.46,26.39,26.4591,2756,0
FRC_I.US,5,20211115,212000,26.45,26.46,26.45,26.4591,1724,0
FRC_I.US,5,20211115,212500,26.46,26.46,26.46,26.46,100,0
FRC_I.US,5,20211115,213000,26.4427,26.47,26.44,26.44,4300,0
FRC_I.US,5,20211115,215000,26.45,26.45,26.45,26.45,250,0
FRC_I.US,5,20211115,215500,26.4,26.4,26.4,26.4,100,0
FRC_I.US,5,20211116,153000,26.47,26.47,26.47,26.47,1000,0
FRC_I.US,5,20211116,153500,26.42,26.48,26.42,26.48,400,0
FRC_I.US,5,20211116,155000,26.4,26.4,26.4,26.4,257,0
FRC_I.US,5,20211116,162000,26.41,26.41,26.41,26.41,200,0
FRC_I.US,5,20211116,163000,26.43,26.43,26.43,26.43,100,0
FRC_I.US,5,20211116,164500,26.4452,26.4452,26.4452,26.4452,106,0
FRC_I.US,5,20211116,165000,26.48,26.48,26.42,26.42,500,0
FRC_I.US,5,20211116,170000,26.48,26.48,26.48,26.48,290,0
FRC_I.US,5,20211116,171500,26.48,26.48,26.48,26.48,200,0
FRC_I.US,5,20211116,172000,26.435,26.435,26.43,26.43,300,0
FRC_I.US,5,20211116,173000,26.4519,26.53,26.4519,26.53,413,0
FRC_I.US,5,20211116,173500,26.4696,26.4696,26.4696,26.4696,226,0
FRC_I.US,5,20211116,174500,26.49,26.49,26.49,26.49,100,0
FRC_I.US,5,20211116,181000,26.54,26.54,26.54,26.54,115,0
FRC_I.US,5,20211116,182000,26.56,26.56,26.56,26.56,200,0
FRC_I.US,5,20211116,184500,26.53,26.57,26.53,26.57,1087,0
FRC_I.US,5,20211116,185000,26.57,26.58,26.57,26.5795,600,0
FRC_I.US,5,20211116,190000,26.48,26.48,26.48,26.48,300,0
FRC_I.US,5,20211116,191500,26.58,26.58,26.5785,26.5785,1980,0
FRC_I.US,5,20211116,192000,26.58,26.58,26.58,26.58,190,0
FRC_I.US,5,20211116,200500,26.44,26.45,26.44,26.44,300,0
FRC_I.US,5,20211116,201500,26.4,26.4,26.4,26.4,200,0
FRC_I.US,5,20211116,202500,26.39,26.39,26.39,26.39,100,0
FRC_I.US,5,20211116,203500,26.39,26.556,26.39,26.4982,1798,0
FRC_I.US,5,20211116,212000,26.49,26.55,26.38,26.38,1000,0
FRC_I.US,5,20211116,213500,26.53,26.53,26.53,26.53,100,0
FRC_I.US,5,20211116,215000,26.51,26.51,26.51,26.51,100,0
FRC_I.US,5,20211116,215500,26.49,26.49,26.49,26.49,100,0
FRC_I.US,5,20211117,153000,26.39,26.39,26.39,26.39,174,0
FRC_I.US,5,20211117,154500,26.5,26.5,26.4997,26.4997,927,0
FRC_I.US,5,20211117,155000,26.38,26.38,26.38,26.38,600,0
FRC_I.US,5,20211117,155500,26.3,26.3,26.3,26.3,199,0
FRC_I.US,5,20211117,161000,26.3125,26.3125,26.3125,26.3125,499,0
FRC_I.US,5,20211117,162500,26.31,26.31,26.3,26.3,200,0
FRC_I.US,5,20211117,165000,26.32,26.32,26.31,26.31,200,0
FRC_I.US,5,20211117,171000,26.38,26.38,26.38,26.38,100,0
FRC_I.US,5,20211117,172000,26.4,26.4,26.4,26.4,100,0
FRC_I.US,5,20211117,174000,26.33,26.33,26.32,26.32,200,0
FRC_I.US,5,20211117,175500,26.41,26.41,26.4,26.4,200,0
FRC_I.US,5,20211117,181000,26.415,26.415,26.415,26.415,650,0
FRC_I.US,5,20211117,181500,26.5,26.5,26.33,26.33,1550,0
FRC_I.US,5,20211117,182000,26.4477,26.4477,26.4477,26.4477,1200,0
FRC_I.US,5,20211117,183500,26.4044,26.4044,26.4044,26.4044,173,0
FRC_I.US,5,20211117,184000,26.32,26.32,26.32,26.32,200,0
FRC_I.US,5,20211117,185000,26.5,26.5,26.5,26.5,900,0
FRC_I.US,5,20211117,190500,26.4,26.5,26.4,26.5,500,0
FRC_I.US,5,20211117,191500,26.32,26.32,26.32,26.32,200,0
FRC_I.US,5,20211117,193000,26.42,26.42,26.42,26.42,875,0
FRC_I.US,5,20211117,193500,26.42,26.42,26.34,26.34,440,0
FRC_I.US,5,20211117,194000,26.42,26.42,26.42,26.42,1000,0
FRC_I.US,5,20211117,195500,26.35,26.35,26.35,26.35,200,0
FRC_I.US,5,20211117,200500,26.37,26.37,26.37,26.37,100,0
FRC_I.US,5,20211117,201000,26.4928,26.4928,26.37,26.37,838,0
FRC_I.US,5,20211117,202500,26.4943,26.4943,26.435,26.435,1000,0
FRC_I.US,5,20211117,203000,26.37,26.37,26.37,26.37,200,0
FRC_I.US,5,20211117,203500,26.5799,26.5799,26.35,26.35,403,0
FRC_I.US,5,20211117,205000,26.35,26.35,26.35,26.35,200,0
FRC_I.US,5,20211117,205500,26.5,26.5,26.5,26.5,100,0
FRC_I.US,5,20211117,211500,26.4,26.48,26.4,26.46,600,0
FRC_I.US,5,20211117,212000,26.4,26.4,26.4,26.4,100,0
FRC_I.US,5,20211117,213000,26.46,26.55,26.46,26.5,2469,0
FRC_I.US,5,20211117,213500,26.53,26.55,26.53,26.5477,4737,0
FRC_I.US,5,20211117,214000,26.54,26.66,26.54,26.585,10447,0
FRC_I.US,5,20211117,214500,26.4,26.4,26.4,26.4,264,0
FRC_I.US,5,20211117,215000,26.41,26.41,26.4,26.4,300,0
FRC_I.US,5,20211117,215500,26.5,26.6,26.41,26.6,345,0
FRC_I.US,5,20211118,153000,26.49,26.49,26.49,26.49,249,0
FRC_I.US,5,20211118,154500,26.5,26.5,26.5,26.5,100,0
FRC_I.US,5,20211118,163000,26.4,26.51,26.4,26.46,1100,0
FRC_I.US,5,20211118,164000,26.4,26.4,26.4,26.4,200,0
FRC_I.US,5,20211118,164500,26.41,26.42,26.41,26.42,200,0
FRC_I.US,5,20211118,165000,26.4,26.42,26.4,26.42,400,0
FRC_I.US,5,20211118,170000,26.41,26.42,26.41,26.42,400,0
FRC_I.US,5,20211118,171000,26.42,26.42,26.42,26.42,200,0
FRC_I.US,5,20211118,172000,26.42,26.42,26.415,26.415,200,0
FRC_I.US,5,20211118,172500,26.42,26.42,26.42,26.42,300,0
FRC_I.US,5,20211118,173500,26.43,26.43,26.43,26.43,200,0
FRC_I.US,5,20211118,174000,26.43,26.43,26.43,26.43,100,0
FRC_I.US,5,20211118,174500,26.43,26.47,26.43,26.47,215,0
FRC_I.US,5,20211118,175500,26.43,26.43,26.4,26.4,485,0
FRC_I.US,5,20211118,180000,26.4,26.4,26.4,26.4,200,0
FRC_I.US,5,20211118,180500,26.4,26.4,26.4,26.4,100,0
FRC_I.US,5,20211118,182500,26.4,26.4,26.36,26.36,2712,0
FRC_I.US,5,20211118,183000,26.36,26.39,26.36,26.39,469,0
FRC_I.US,5,20211118,200000,26.3973,26.3973,26.36,26.36,746,0
FRC_I.US,5,20211118,203500,26.3675,26.3675,26.3675,26.3675,117,0
FRC_I.US,5,20211118,205500,26.376,26.376,26.376,26.376,700,0
FRC_I.US,5,20211118,212500,26.3824,26.3824,26.3824,26.3824,457,0
FRC_I.US,5,20211118,213000,26.37,26.37,26.36,26.36,700,0
FRC_I.US,5,20211118,214500,26.36,26.36,26.36,26.36,100,0
FRC_I.US,5,20211118,215500,26.4,26.4,26.4,26.4,109,0
FRC_I.US,5,20211119,153000,26.38,26.38,26.38,26.38,721,0
FRC_I.US,5,20211119,163000,26.43,26.43,26.43,26.43,100,0
FRC_I.US,5,20211119,165000,26.4,26.41,26.4,26.41,280,0
FRC_I.US,5,20211119,194000,26.4199,26.42,26.41,26.419,820,0
FRC_I.US,5,20211119,213500,26.43,26.44,26.43,26.43,476,0
FRC_I.US,5,20211119,215500,26.485,26.485,26.485,26.485,125,0
FRC_I.US,5,20211122,153000,26.54,26.54,26.54,26.54,157,0
FRC_I.US,5,20211122,155500,26.39,26.39,26.39,26.39,100,0
FRC_I.US,5,20211122,160000,26.46,26.46,26.43,26.46,300,0
FRC_I.US,5,20211122,173000,26.47,26.47,26.47,26.47,264,0
FRC_I.US,5,20211122,174000,26.4556,26.46,26.45,26.45,1000,0
FRC_I.US,5,20211122,175500,26.45,26.45,26.45,26.45,800,0
FRC_I.US,5,20211122,182000,26.4212,26.4212,26.4212,26.4212,890,0
FRC_I.US,5,20211122,190000,26.4184,26.4184,26.4184,26.4184,100,0
FRC_I.US,5,20211122,190500,26.4128,26.4184,26.4128,26.4184,200,0
FRC_I.US,5,20211122,191500,26.47,26.47,26.47,26.47,2100,0
FRC_I.US,5,20211122,194500,26.46,26.46,26.46,26.46,875,0
FRC_I.US,5,20211122,195000,26.45,26.45,26.45,26.45,1805,0
FRC_I.US,5,20211122,195500,26.4,26.4,26.4,26.4,100,0
FRC_I.US,5,20211122,200000,26.48,26.49,26.4427,26.4427,1534,0
FRC_I.US,5,20211122,200500,26.5,26.57,26.49,26.5,2544,0
FRC_I.US,5,20211122,201500,26.57,26.59,26.495,26.59,1182,0
FRC_I.US,5,20211122,203000,26.58,26.58,26.58,26.58,900,0
FRC_I.US,5,20211122,214500,26.54,26.57,26.4316,26.4316,700,0
FRC_I.US,5,20211122,215500,26.46,26.46,26.46,26.46,100,0
FRC_I.US,5,20211123,153500,26.51,26.51,26.51,26.51,100,0
FRC_I.US,5,20211123,154500,26.45,26.45,26.45,26.45,100,0
FRC_I.US,5,20211123,164500,26.5,26.5,26.5,26.5,100,0
FRC_I.US,5,20211123,170500,26.51,26.51,26.51,26.51,100,0
FRC_I.US,5,20211123,171000,26.52,26.52,26.52,26.52,100,0
FRC_I.US,5,20211123,175500,26.59,26.59,26.59,26.59,390,0
FRC_I.US,5,20211123,180500,26.58,26.58,26.58,26.58,200,0
FRC_I.US,5,20211123,182500,26.58,26.59,26.58,26.58,590,0
FRC_I.US,5,20211123,185500,26.58,26.58,26.58,26.58,500,0
FRC_I.US,5,20211123,191000,26.4932,26.4932,26.4932,26.4932,1000,0
FRC_I.US,5,20211123,191500,26.54,26.54,26.54,26.54,227,0
FRC_I.US,5,20211123,193500,26.54,26.54,26.54,26.54,200,0
FRC_I.US,5,20211123,194500,26.53,26.53,26.52,26.52,200,0
FRC_I.US,5,20211123,195000,26.56,26.56,26.56,26.56,480,0
FRC_I.US,5,20211123,200500,26.56,26.56,26.56,26.56,290,0
FRC_I.US,5,20211123,201500,26.56,26.56,26.56,26.56,413,0
FRC_I.US,5,20211123,202000,26.493,26.493,26.493,26.493,125,0
FRC_I.US,5,20211123,202500,26.56,26.56,26.56,26.56,300,0
FRC_I.US,5,20211123,210000,26.4732,26.4732,26.4732,26.4732,221,0
FRC_I.US,5,20211123,211500,26.5,26.5,26.5,26.5,300,0
FRC_I.US,5,20211123,213000,26.49,26.49,26.49,26.49,101,0
FRC_I.US,5,20211123,213500,26.48,26.5,26.48,26.4811,680,0
FRC_I.US,5,20211124,153000,26.51,26.51,26.48,26.48,252,0
FRC_I.US,5,20211124,155000,26.48,26.48,26.48,26.48,111,0
FRC_I.US,5,20211124,155500,26.47,26.47,26.47,26.47,100,0
FRC_I.US,5,20211124,162500,26.45,26.45,26.45,26.45,100,0
FRC_I.US,5,20211124,164000,26.43,26.43,26.43,26.43,100,0
FRC_I.US,5,20211124,165500,26.4696,26.4696,26.4696,26.4696,152,0
FRC_I.US,5,20211124,171000,26.54,26.54,26.54,26.54,100,0
FRC_I.US,5,20211124,180000,26.42,26.54,26.42,26.54,209,0
FRC_I.US,5,20211124,184000,26.495,26.495,26.495,26.495,350,0
FRC_I.US,5,20211124,185500,26.4405,26.4405,26.4405,26.4405,100,0
FRC_I.US,5,20211124,193500,26.58,26.58,26.58,26.58,200,0
FRC_I.US,5,20211124,195500,26.52,26.52,26.52,26.52,100,0
FRC_I.US,5,20211124,200500,26.57,26.57,26.57,26.57,100,0
FRC_I.US,5,20211124,203000,26.58,26.58,26.58,26.58,100,0
FRC_I.US,5,20211124,205000,26.58,26.58,26.58,26.58,100,0
FRC_I.US,5,20211124,210500,26.58,26.58,26.58,26.58,100,0
FRC_I.US,5,20211124,211000,26.58,26.58,26.58,26.58,200,0
FRC_I.US,5,20211124,211500,26.58,26.58,26.58,26.58,100,0
FRC_I.US,5,20211124,212500,26.59,26.59,26.59,26.59,100,0
FRC_I.US,5,20211124,213500,26.58,26.58,26.58,26.58,100,0
FRC_I.US,5,20211124,214500,26.59,26.59,26.59,26.59,100,0
FRC_I.US,5,20211124,215000,26.52,26.59,26.52,26.59,229,0
FRC_I.US,5,20211126,153500,26.401,26.401,26.32,26.32,600,0
FRC_I.US,5,20211126,154000,26.3641,26.3641,26.32,26.32,553,0
FRC_I.US,5,20211126,160500,26.26,26.26,26.26,26.26,100,0
FRC_I.US,5,20211126,162500,26.305,26.305,26.26,26.26,3125,0
FRC_I.US,5,20211126,163000,26.26,26.3,26.25,26.3,4141,0
FRC_I.US,5,20211126,165000,26.27,26.285,26.26,26.27,1530,0
FRC_I.US,5,20211126,165500,26.26,26.26,26.26,26.26,200,0
FRC_I.US,5,20211126,170000,26.26,26.322,26.26,26.322,550,0
FRC_I.US,5,20211126,171000,26.309,26.309,26.309,26.309,181,0
FRC_I.US,5,20211126,172000,26.26,26.26,26.26,26.26,389,0
FRC_I.US,5,20211126,172500,26.33,26.33,26.26,26.26,342,0
FRC_I.US,5,20211126,173500,26.26,26.26,26.26,26.26,100,0
FRC_I.US,5,20211126,174000,26.26,26.26,26.26,26.26,800,0
FRC_I.US,5,20211126,174500,26.26,26.26,26.26,26.26,115,0
FRC_I.US,5,20211126,175000,26.26,26.26,26.26,26.26,100,0
FRC_I.US,5,20211126,175500,26.25,26.25,26.25,26.25,433,0
FRC_I.US,5,20211126,180000,26.25,26.25,26.25,26.25,700,0
FRC_I.US,5,20211126,181500,26.17,26.17,26.17,26.17,200,0
FRC_I.US,5,20211126,182000,26.2415,26.2415,26.2415,26.2415,237,0
FRC_I.US,5,20211126,182500,26.17,26.17,26.17,26.17,500,0
FRC_I.US,5,20211126,183000,26.17,26.1908,26.17,26.1908,370,0
FRC_I.US,5,20211126,183500,26.28,26.28,26.28,26.28,1217,0
FRC_I.US,5,20211126,184500,26.2,26.27,26.2,26.27,200,0
FRC_I.US,5,20211126,185000,26.27,26.27,26.27,26.27,400,0
FRC_I.US,5,20211126,185500,26.21,26.22,26.21,26.22,296,0
FRC_I.US,5,20211129,153000,26.33,26.33,26.22,26.22,527,0
FRC_I.US,5,20211129,153500,26.24,26.26,26.24,26.26,200,0
FRC_I.US,5,20211129,154000,26.26,26.26,26.26,26.26,200,0
FRC_I.US,5,20211129,154500,26.27,26.28,26.27,26.28,200,0
FRC_I.US,5,20211129,155000,26.28,26.29,26.25,26.28,1000,0
FRC_I.US,5,20211129,155500,26.25,26.25,26.23,26.25,600,0
FRC_I.US,5,20211129,160000,26.24,26.38,26.23,26.38,1200,0
FRC_I.US,5,20211129,160500,26.26,26.27,26.26,26.27,200,0
FRC_I.US,5,20211129,161000,26.24,26.25,26.24,26.25,341,0
FRC_I.US,5,20211129,161500,26.25,26.25,26.25,26.25,200,0
FRC_I.US,5,20211129,162000,26.25,26.25,26.25,26.25,100,0
FRC_I.US,5,20211129,162500,26.25,26.25,26.25,26.25,200,0
FRC_I.US,5,20211129,163000,26.25,26.25,26.25,26.25,100,0
FRC_I.US,5,20211129,163500,26.25,26.36,26.23,26.2301,1559,0
FRC_I.US,5,20211129,164000,26.24,26.24,26.24,26.24,100,0
FRC_I.US,5,20211129,164500,26.24,26.2581,26.24,26.2581,204,0
FRC_I.US,5,20211129,165000,26.26,26.26,26.26,26.26,200,0
FRC_I.US,5,20211129,165500,26.4072,26.4072,26.26,26.26,244,0
FRC_I.US,5,20211129,170000,26.26,26.26,26.26,26.26,100,0
FRC_I.US,5,20211129,170500,26.26,26.26,26.26,26.26,300,0
FRC_I.US,5,20211129,171000,26.26,26.26,26.26,26.26,100,0
FRC_I.US,5,20211129,171500,26.26,26.26,26.26,26.26,600,0
FRC_I.US,5,20211129,172000,26.26,26.26,26.26,26.26,900,0
FRC_I.US,5,20211129,172500,26.26,26.26,26.26,26.26,1100,0
FRC_I.US,5,20211129,173000,26.26,26.26,26.26,26.26,100,0
FRC_I.US,5,20211129,174000,26.26,26.26,26.26,26.26,100,0
FRC_I.US,5,20211129,174500,26.2654,26.3044,26.26,26.26,680,0
FRC_I.US,5,20211129,175000,26.2601,26.2601,26.26,26.26,1300,0
FRC_I.US,5,20211129,180500,26.23,26.24,26.23,26.23,477,0
FRC_I.US,5,20211129,181500,26.23,26.23,26.23,26.23,475,0
FRC_I.US,5,20211129,185000,26.24,26.24,26.24,26.24,100,0
FRC_I.US,5,20211129,194000,26.25,26.25,26.25,26.25,372,0
FRC_I.US,5,20211129,201500,26.25,26.25,26.25,26.25,628,0
FRC_I.US,5,20211129,203500,26.275,26.275,26.25,26.25,467,0
FRC_I.US,5,20211129,204000,26.26,26.26,26.26,26.26,111,0
FRC_I.US,5,20211129,205500,26.3304,26.3304,26.3304,26.3304,1000,0
FRC_I.US,5,20211129,210500,26.28,26.28,26.28,26.28,119,0
FRC_I.US,5,20211129,211500,26.26,26.26,26.26,26.26,430,0
FRC_I.US,5,20211129,212000,26.26,26.26,26.26,26.26,194,0
FRC_I.US,5,20211129,214000,26.26,26.28,26.26,26.28,500,0
FRC_I.US,5,20211129,214500,26.26,26.2601,26.26,26.2601,1500,0
FRC_I.US,5,20211129,215500,26.26,26.27,26.26,26.26,1026,0
FRC_I.US,5,20211130,153000,26.26,26.26,26.25,26.25,2946,0
FRC_I.US,5,20211130,153500,26.25,26.25,26.25,26.25,200,0
FRC_I.US,5,20211130,154000,26.25,26.25,26.22,26.22,400,0
FRC_I.US,5,20211130,154500,26.23,26.23,26.22,26.22,200,0
FRC_I.US,5,20211130,155000,26.22,26.22,26.21,26.21,400,0
FRC_I.US,5,20211130,155500,26.21,26.21,26.21,26.21,300,0
FRC_I.US,5,20211130,160000,26.21,26.21,26.21,26.21,300,0
FRC_I.US,5,20211130,160500,26.21,26.21,26.21,26.21,100,0
FRC_I.US,5,20211130,161000,26.22,26.22,26.22,26.22,300,0
FRC_I.US,5,20211130,161500,26.22,26.22,26.22,26.22,100,0
FRC_I.US,5,20211130,162000,26.22,26.22,26.21,26.22,300,0
FRC_I.US,5,20211130,162500,26.21,26.21,26.21,26.21,300,0
FRC_I.US,5,20211130,163000,26.21,26.21,26.21,26.21,200,0
FRC_I.US,5,20211130,163500,26.21,26.22,26.21,26.21,300,0
FRC_I.US,5,20211130,164000,26.21,26.22,26.21,26.22,400,0
FRC_I.US,5,20211130,164500,26.21,26.22,26.21,26.21,600,0
FRC_I.US,5,20211130,165000,26.21,26.21,26.21,26.21,600,0
FRC_I.US,5,20211130,165500,26.21,26.22,26.2,26.2,1800,0
FRC_I.US,5,20211130,170000,26.2,26.2,26.17,26.17,1100,0
FRC_I.US,5,20211130,170500,26.17,26.17,26.16,26.16,400,0
FRC_I.US,5,20211130,171000,26.16,26.16,26.16,26.16,300,0
FRC_I.US,5,20211130,171500,26.16,26.17,26.16,26.17,300,0
FRC_I.US,5,20211130,172000,26.16,26.16,26.16,26.16,1232,0
FRC_I.US,5,20211130,172500,26.16,26.16,26.16,26.16,200,0
FRC_I.US,5,20211130,175000,26.16,26.16,26.16,26.16,154,0
FRC_I.US,5,20211130,180500,26.16,26.16,26.16,26.16,100,0
FRC_I.US,5,20211130,181500,26.16,26.161,26.16,26.16,500,0
FRC_I.US,5,20211130,184000,26.17,26.17,26.17,26.17,100,0
FRC_I.US,5,20211130,185500,26.17,26.17,26.17,26.17,200,0
FRC_I.US,5,20211130,190000,26.17,26.17,26.17,26.17,100,0
FRC_I.US,5,20211130,195500,26.1761,26.1761,26.1761,26.1761,194,0
FRC_I.US,5,20211130,200000,26.18,26.18,26.18,26.18,100,0
FRC_I.US,5,20211130,201500,26.17,26.17,26.15,26.16,5785,0
FRC_I.US,5,20211130,202000,26.2,26.2,26.2,26.2,175,0
FRC_I.US,5,20211130,203500,26.1593,26.16,26.159,26.16,900,0
FRC_I.US,5,20211130,205000,26.185,26.185,26.185,26.185,298,0
FRC_I.US,5,20211130,210500,26.189,26.189,26.189,26.189,100,0
FRC_I.US,5,20211130,212000,26.21,26.21,26.21,26.21,150,0
FRC_I.US,5,20211130,213500,26.19,26.1935,26.19,26.1935,500,0
FRC_I.US,5,20211130,215000,26.24,26.29,26.19,26.2502,2487,0
FRC_I.US,5,20211130,215500,26.27,26.37,26.1901,26.37,13958,0
FRC_I.US,5,20211201,153000,26.36,26.36,26.26,26.26,934,0
FRC_I.US,5,20211201,154500,26.369,26.391,26.32,26.32,660,0
FRC_I.US,5,20211201,155000,26.33,26.33,26.33,26.33,100,0
FRC_I.US,5,20211201,160000,26.33,26.4091,26.33,26.4,1200,0
FRC_I.US,5,20211201,165500,26.33,26.35,26.33,26.33,501,0
FRC_I.US,5,20211201,171000,26.4952,26.4952,26.4952,26.4952,122,0
FRC_I.US,5,20211201,171500,26.33,26.34,26.33,26.34,200,0
FRC_I.US,5,20211201,172000,26.34,26.455,26.34,26.34,300,0
FRC_I.US,5,20211201,172500,26.35,26.43,26.33,26.35,1600,0
FRC_I.US,5,20211201,174000,26.43,26.43,26.43,26.43,100,0
FRC_I.US,5,20211201,184500,26.5306,26.5306,26.5306,26.5306,500,0
FRC_I.US,5,20211201,191500,26.44,26.44,26.44,26.44,162,0
FRC_I.US,5,20211201,200500,26.38,26.38,26.38,26.38,443,0
FRC_I.US,5,20211201,202000,26.35,26.35,26.35,26.35,301,0
FRC_I.US,5,20211201,204000,26.43,26.43,26.3501,26.3501,1400,0
FRC_I.US,5,20211201,205000,26.43,26.43,26.34,26.34,799,0
FRC_I.US,5,20211201,210500,26.32,26.3211,26.32,26.32,2900,0
FRC_I.US,5,20211201,211000,26.32,26.32,26.32,26.32,300,0
FRC_I.US,5,20211201,212000,26.32,26.32,26.32,26.32,100,0
FRC_I.US,5,20211202,153000,26.29,26.29,26.29,26.29,1516,0
FRC_I.US,5,20211202,153500,26.29,26.29,26.29,26.29,100,0
FRC_I.US,5,20211202,160500,26.33,26.33,26.33,26.33,100,0
FRC_I.US,5,20211202,161500,26.45,26.45,26.36,26.42,1300,0
FRC_I.US,5,20211202,162000,26.45,26.45,26.45,26.45,100,0
FRC_I.US,5,20211202,162500,26.45,26.45,26.36,26.36,300,0
FRC_I.US,5,20211202,165000,26.44,26.44,26.44,26.44,125,0
FRC_I.US,5,20211202,165500,26.33,26.33,26.33,26.33,200,0
FRC_I.US,5,20211202,170500,26.37,26.37,26.37,26.37,100,0
FRC_I.US,5,20211202,171000,26.35,26.35,26.35,26.35,100,0
FRC_I.US,5,20211202,171500,26.33,26.33,26.33,26.33,100,0
FRC_I.US,5,20211202,172000,26.33,26.372,26.33,26.372,1500,0
FRC_I.US,5,20211202,173500,26.33,26.33,26.33,26.33,100,0
FRC_I.US,5,20211202,174000,26.33,26.34,26.33,26.3399,597,0
FRC_I.US,5,20211202,185500,26.39,26.39,26.39,26.39,800,0
FRC_I.US,5,20211202,201500,26.385,26.39,26.385,26.39,228,0
FRC_I.US,5,20211202,202000,26.39,26.39,26.39,26.39,200,0
FRC_I.US,5,20211202,203000,26.4,26.4,26.4,26.4,100,0
FRC_I.US,5,20211202,204500,26.4,26.4,26.4,26.4,100,0
FRC_I.US,5,20211202,205500,26.38,26.38,26.3654,26.3654,546,0
FRC_I.US,5,20211202,211000,26.4,26.4,26.4,26.4,400,0
FRC_I.US,5,20211202,215500,26.38,26.4,26.38,26.4,2973,0
FRC_I.US,5,20211203,153500,26.33,26.379,26.33,26.34,1142,0
FRC_I.US,5,20211203,155500,26.3,26.3,26.3,26.3,100,0
FRC_I.US,5,20211203,160000,26.29,26.29,26.29,26.29,100,0
FRC_I.US,5,20211203,171000,26.31,26.31,26.31,26.31,100,0
FRC_I.US,5,20211203,173500,26.29,26.29,26.28,26.29,466,0
FRC_I.US,5,20211203,174000,26.29,26.29,26.29,26.29,100,0
FRC_I.US,5,20211203,175000,26.27,26.27,26.27,26.27,200,0
FRC_I.US,5,20211203,175500,26.27,26.27,26.27,26.27,400,0
FRC_I.US,5,20211203,180500,26.3357,26.3357,26.3357,26.3357,116,0
FRC_I.US,5,20211203,184000,26.35,26.35,26.35,26.35,1015,0
FRC_I.US,5,20211203,184500,26.35,26.35,26.35,26.35,210,0
FRC_I.US,5,20211203,191000,26.2716,26.2716,26.2716,26.2716,600,0
FRC_I.US,5,20211203,195500,26.3172,26.3172,26.3172,26.3172,122,0
FRC_I.US,5,20211203,202500,26.29,26.29,26.29,26.29,100,0
FRC_I.US,5,20211203,204500,26.335,26.335,26.335,26.335,400,0
FRC_I.US,5,20211203,205500,26.3502,26.3502,26.3502,26.3502,320,0
FRC_I.US,5,20211203,210000,26.3899,26.3899,26.335,26.335,400,0
FRC_I.US,5,20211203,210500,26.3441,26.3441,26.3441,26.3441,250,0
FRC_I.US,5,20211203,211000,26.32,26.32,26.32,26.32,100,0
FRC_I.US,5,20211203,211500,26.3442,26.3442,26.3442,26.3442,350,0
FRC_I.US,5,20211203,212000,26.33,26.33,26.316,26.316,542,0
FRC_I.US,5,20211203,212500,26.38,26.38,26.38,26.38,100,0
FRC_I.US,5,20211203,213000,26.37,26.37,26.37,26.37,100,0
FRC_I.US,5,20211203,215000,26.325,26.36,26.325,26.36,400,0
FRC_I.US,5,20211203,215500,26.3699,26.3699,26.36,26.36,214,0
FRC_I.US,5,20211206,154000,26.3849,26.3849,26.38,26.38,210,0
FRC_I.US,5,20211206,160500,26.39,26.39,26.35,26.35,508,0
FRC_I.US,5,20211206,161500,26.355,26.355,26.355,26.355,100,0
FRC_I.US,5,20211206,162500,26.39,26.39,26.38,26.38,246,0
FRC_I.US,5,20211206,165500,26.4,26.4,26.365,26.365,460,0
FRC_I.US,5,20211206,170500,26.428,26.428,26.428,26.428,153,0
FRC_I.US,5,20211206,171000,26.415,26.415,26.415,26.415,100,0
FRC_I.US,5,20211206,173000,26.36,26.36,26.36,26.36,100,0
FRC_I.US,5,20211206,180000,26.36,26.42,26.36,26.42,290,0
FRC_I.US,5,20211206,183000,26.48,26.48,26.425,26.425,579,0
FRC_I.US,5,20211206,183500,26.45,26.47,26.43,26.4336,850,0
FRC_I.US,5,20211206,184000,26.39,26.46,26.39,26.45,300,0
FRC_I.US,5,20211206,190500,26.47,26.47,26.47,26.47,232,0
FRC_I.US,5,20211206,191500,26.48,26.51,26.48,26.51,1200,0
FRC_I.US,5,20211206,194000,26.51,26.51,26.4578,26.5099,966,0
FRC_I.US,5,20211206,200500,26.51,26.51,26.51,26.51,3300,0
FRC_I.US,5,20211206,202500,26.47,26.47,26.47,26.47,348,0
FRC_I.US,5,20211206,210000,26.44,26.44,26.43,26.43,200,0
FRC_I.US,5,20211206,211500,26.51,26.51,26.51,26.51,100,0
FRC_I.US,5,20211206,212000,26.44,26.44,26.435,26.435,200,0
FRC_I.US,5,20211206,213500,26.44,26.44,26.435,26.435,200,0
FRC_I.US,5,20211206,214000,26.47,26.47,26.47,26.47,145,0
FRC_I.US,5,20211206,214500,26.44,26.44,26.44,26.44,200,0
FRC_I.US,5,20211206,215500,26.44,26.5,26.43,26.43,332,0
FRC_I.US,5,20211207,154500,26.5821,26.5821,26.5821,26.5821,400,0
FRC_I.US,5,20211207,162000,26.5901,26.5901,26.59,26.59,234,0
FRC_I.US,5,20211207,163500,26.59,26.59,26.59,26.59,517,0
FRC_I.US,5,20211207,174000,26.68,26.68,26.68,26.68,100,0
FRC_I.US,5,20211207,174500,26.59,26.59,26.59,26.59,500,0
FRC_I.US,5,20211207,175000,26.59,26.59,26.59,26.59,200,0
FRC_I.US,5,20211207,180500,26.6809,26.6809,26.6809,26.6809,400,0
FRC_I.US,5,20211207,182500,26.6,26.6,26.6,26.6,167,0
FRC_I.US,5,20211207,184000,26.644,26.644,26.644,26.644,116,0
FRC_I.US,5,20211207,185000,26.6224,26.6224,26.6224,26.6224,597,0
FRC_I.US,5,20211207,185500,26.59,26.59,26.59,26.59,194,0
FRC_I.US,5,20211207,191000,26.635,26.635,26.635,26.635,900,0
FRC_I.US,5,20211207,195500,26.635,26.635,26.635,26.635,154,0
FRC_I.US,5,20211207,200000,26.59,26.67,26.59,26.67,351,0
FRC_I.US,5,20211207,201000,26.6,26.6,26.6,26.6,100,0
FRC_I.US,5,20211207,203500,26.59,26.59,26.59,26.59,131,0
FRC_I.US,5,20211207,205000,26.625,26.625,26.625,26.625,510,0
FRC_I.US,5,20211207,210500,26.62,26.62,26.62,26.62,100,0
FRC_I.US,5,20211207,212000,26.66,26.66,26.66,26.66,315,0
FRC_I.US,5,20211207,213000,26.47,26.63,26.47,26.63,473,0
FRC_I.US,5,20211207,214000,26.63,26.67,26.63,26.67,300,0
FRC_I.US,5,20211207,214500,26.66,26.67,26.651,26.651,1204,0
FRC_I.US,5,20211207,215000,26.65,26.65,26.63,26.63,410,0
FRC_I.US,5,20211207,215500,26.63,26.63,26.63,26.63,100,0
FRC_I.US,5,20211208,160500,26.61,26.61,26.61,26.61,100,0
FRC_I.US,5,20211208,162000,26.6,26.6,26.6,26.6,100,0
FRC_I.US,5,20211208,163000,26.53,26.53,26.48,26.48,450,0
FRC_I.US,5,20211208,170500,26.59,26.59,26.59,26.59,100,0
FRC_I.US,5,20211208,171000,26.4499,26.45,26.4499,26.45,300,0
FRC_I.US,5,20211208,173000,26.515,26.515,26.515,26.515,430,0
FRC_I.US,5,20211208,175500,26.45,26.45,26.445,26.445,200,0
FRC_I.US,5,20211208,181500,26.59,26.59,26.59,26.59,100,0
FRC_I.US,5,20211208,182500,26.59,26.59,26.53,26.53,200,0
FRC_I.US,5,20211208,190000,26.57,26.57,26.57,26.57,176,0
FRC_I.US,5,20211208,192000,26.48,26.48,26.48,26.48,188,0
FRC_I.US,5,20211208,192500,26.59,26.59,26.59,26.59,100,0
FRC_I.US,5,20211208,195500,26.57,26.57,26.57,26.57,194,0
FRC_I.US,5,20211208,200000,26.585,26.585,26.585,26.585,145,0
FRC_I.US,5,20211208,200500,26.475,26.475,26.475,26.475,200,0
FRC_I.US,5,20211208,201000,26.59,26.59,26.59,26.59,100,0
FRC_I.US,5,20211208,203000,26.475,26.475,26.475,26.475,200,0
FRC_I.US,5,20211208,204500,26.59,26.59,26.59,26.59,100,0
FRC_I.US,5,20211208,210000,26.48,26.48,26.475,26.475,200,0
FRC_I.US,5,20211208,211500,26.58,26.58,26.58,26.58,100,0
FRC_I.US,5,20211208,212000,26.5,26.5,26.49,26.49,200,0
FRC_I.US,5,20211208,213000,26.48,26.54,26.48,26.54,200,0
FRC_I.US,5,20211208,213500,26.49,26.49,26.485,26.485,200,0
FRC_I.US,5,20211208,214500,26.51,26.51,26.51,26.51,100,0
FRC_I.US,5,20211208,215000,26.58,26.58,26.53,26.53,700,0
FRC_I.US,5,20211208,215500,26.52,26.6,26.52,26.6,506,0
FRC_I.US,5,20211209,161000,26.5981,26.5981,26.5,26.5,700,0
FRC_I.US,5,20211209,161500,26.43,26.43,26.43,26.43,200,0
FRC_I.US,5,20211209,171000,26.58,26.58,26.42,26.42,200,0
FRC_I.US,5,20211209,173500,26.6,26.6,26.6,26.6,100,0
FRC_I.US,5,20211209,174000,26.46,26.46,26.46,26.46,100,0
FRC_I.US,5,20211209,180000,26.47,26.47,26.47,26.47,165,0
FRC_I.US,5,20211209,180500,26.59,26.59,26.59,26.59,100,0
FRC_I.US,5,20211209,184000,26.449,26.58,26.449,26.58,563,0
FRC_I.US,5,20211209,190500,26.56,26.56,26.56,26.56,350,0
FRC_I.US,5,20211209,191500,26.45,26.45,26.45,26.45,200,0
FRC_I.US,5,20211209,194500,26.56,26.56,26.56,26.56,100,0
FRC_I.US,5,20211209,195000,26.51,26.51,26.45,26.45,440,0
FRC_I.US,5,20211209,200500,26.46,26.46,26.45,26.45,200,0
FRC_I.US,5,20211209,202500,26.45,26.45,26.45,26.45,200,0
FRC_I.US,5,20211209,205500,26.47,26.47,26.47,26.47,199,0
FRC_I.US,5,20211209,210500,26.51,26.54,26.51,26.54,441,0
FRC_I.US,5,20211209,212000,26.45,26.45,26.45,26.45,146,0
FRC_I.US,5,20211209,213000,26.53,26.53,26.53,26.53,100,0
FRC_I.US,5,20211209,213500,26.51,26.51,26.51,26.51,100,0
FRC_I.US,5,20211209,214000,26.51,26.51,26.51,26.51,100,0
FRC_I.US,5,20211209,214500,26.46,26.46,26.46,26.46,200,0
FRC_I.US,5,20211209,215000,26.5,26.5,26.5,26.5,100,0
FRC_I.US,5,20211209,215500,26.55,26.57,26.55,26.57,5571,0
FRC_I.US,5,20211210,153500,26.6899,26.6899,26.6899,26.6899,105,0
FRC_I.US,5,20211210,155000,26.4501,26.4501,26.4501,26.4501,105,0
FRC_I.US,5,20211210,155500,26.65,26.65,26.65,26.65,100,0
FRC_I.US,5,20211210,161500,26.5428,26.5428,26.53,26.53,232,0
FRC_I.US,5,20211210,164500,26.45,26.57,26.45,26.57,300,0
FRC_I.US,5,20211210,171000,26.55,26.55,26.52,26.52,200,0
FRC_I.US,5,20211210,171500,26.46,26.58,26.46,26.56,4816,0
FRC_I.US,5,20211210,172000,26.4301,26.4301,26.4301,26.4301,297,0
FRC_I.US,5,20211210,174000,26.47,26.61,26.43,26.61,452,0
FRC_I.US,5,20211210,180000,26.45,26.45,26.45,26.45,200,0
FRC_I.US,5,20211210,182000,26.61,26.61,26.61,26.61,100,0
FRC_I.US,5,20211210,184000,26.48,26.48,26.45,26.45,200,0
FRC_I.US,5,20211210,185000,26.52,26.52,26.52,26.52,500,0
FRC_I.US,5,20211210,190000,26.61,26.61,26.61,26.61,100,0
FRC_I.US,5,20211210,191000,26.49,26.49,26.49,26.49,100,0
FRC_I.US,5,20211210,193500,26.58,26.58,26.58,26.58,100,0
FRC_I.US,5,20211210,194000,26.49,26.49,26.49,26.49,100,0
FRC_I.US,5,20211210,194500,26.62,26.62,26.62,26.62,100,0
FRC_I.US,5,20211210,200000,26.535,26.535,26.535,26.535,145,0
FRC_I.US,5,20211210,200500,26.45,26.45,26.45,26.45,200,0
FRC_I.US,5,20211210,201000,26.61,26.61,26.61,26.61,100,0
FRC_I.US,5,20211210,203000,26.45,26.45,26.45,26.45,200,0
FRC_I.US,5,20211210,210500,26.47,26.47,26.47,26.47,200,0
FRC_I.US,5,20211210,211000,26.6,26.6,26.6,26.6,100,0
FRC_I.US,5,20211210,211500,26.501,26.501,26.501,26.501,700,0
FRC_I.US,5,20211210,212000,26.6,26.6,26.6,26.6,200,0
FRC_I.US,5,20211210,212500,26.62,26.62,26.6,26.62,5271,0
FRC_I.US,5,20211210,213500,26.62,26.62,26.62,26.62,100,0
FRC_I.US,5,20211210,214000,26.45,26.45,26.45,26.45,200,0
FRC_I.US,5,20211210,215000,26.62,26.62,26.45,26.45,200,0
FRC_I.US,5,20211210,215500,26.55,26.64,26.45,26.63,500,0
FRC_I.US,5,20211213,153000,26.51,26.51,26.51,26.51,124,0
FRC_I.US,5,20211213,154000,26.51,26.51,26.51,26.51,100,0
FRC_I.US,5,20211213,155000,26.51,26.51,26.51,26.51,100,0
FRC_I.US,5,20211213,160000,26.51,26.51,26.51,26.51,100,0
FRC_I.US,5,20211213,162000,26.5459,26.5459,26.5459,26.5459,194,0
FRC_I.US,5,20211213,163000,26.45,26.4924,26.45,26.4924,508,0
FRC_I.US,5,20211213,164000,26.47,26.47,26.47,26.47,100,0
FRC_I.US,5,20211213,165000,26.48,26.48,26.48,26.48,100,0
FRC_I.US,5,20211213,170000,26.48,26.48,26.48,26.48,100,0
FRC_I.US,5,20211213,171000,26.46,26.46,26.46,26.46,100,0
FRC_I.US,5,20211213,172000,26.47,26.47,26.47,26.47,100,0
FRC_I.US,5,20211213,173500,26.48,26.48,26.48,26.48,100,0
FRC_I.US,5,20211213,174500,26.5526,26.5526,26.45,26.45,222,0
FRC_I.US,5,20211213,175500,26.48,26.48,26.48,26.48,100,0
FRC_I.US,5,20211213,183000,26.4706,26.4706,26.4706,26.4706,103,0
FRC_I.US,5,20211213,200500,26.5634,26.5634,26.5634,26.5634,166,0
FRC_I.US,5,20211213,205000,26.5868,26.5868,26.5868,26.5868,315,0
FRC_I.US,5,20211213,213500,26.61,26.61,26.61,26.61,261,0
FRC_I.US,5,20211213,215000,26.61,26.61,26.61,26.61,100,0
FRC_I.US,5,20211214,161500,26.5064,26.5064,26.5064,26.5064,135,0
FRC_I.US,5,20211214,162000,26.525,26.525,26.525,26.525,216,0
FRC_I.US,5,20211214,162500,26.63,26.63,26.63,26.63,100,0
FRC_I.US,5,20211214,165000,26.61,26.61,26.61,26.61,100,0
FRC_I.US,5,20211214,171000,26.5417,26.5417,26.5417,26.5417,250,0
FRC_I.US,5,20211214,171500,26.61,26.61,26.61,26.61,100,0
FRC_I.US,5,20211214,173000,26.63,26.63,26.525,26.5696,643,0
FRC_I.US,5,20211214,174500,26.61,26.61,26.61,26.61,100,0
FRC_I.US,5,20211214,181500,26.61,26.64,26.54,26.54,3382,0
FRC_I.US,5,20211214,195500,26.54,26.56,26.52,26.52,1900,0
FRC_I.US,5,20211214,200000,26.52,26.53,26.52,26.53,1018,0
FRC_I.US,5,20211214,200500,26.56,26.6,26.54,26.6,1550,0
FRC_I.US,5,20211214,201000,26.565,26.6,26.54,26.5825,1000,0
FRC_I.US,5,20211214,201500,26.565,26.6,26.54,26.5857,1827,0
FRC_I.US,5,20211214,202000,26.55,26.5656,26.55,26.5656,1310,0
FRC_I.US,5,20211214,202500,26.54,26.54,26.54,26.54,200,0
FRC_I.US,5,20211214,203000,26.54,26.54,26.54,26.54,120,0
FRC_I.US,5,20211214,203500,26.55,26.55,26.55,26.55,100,0
FRC_I.US,5,20211214,204500,26.55,26.55,26.55,26.55,100,0
FRC_I.US,5,20211214,205000,26.53,26.54,26.47,26.47,1110,0
FRC_I.US,5,20211214,213000,26.58,26.58,26.53,26.53,200,0
FRC_I.US,5,20211214,214500,26.48,26.53,26.48,26.53,1026,0
FRC_I.US,5,20211215,163500,26.19,26.19,26.19,26.19,2000,0
FRC_I.US,5,20211215,171500,26.195,26.27,26.1935,26.1935,1121,0
FRC_I.US,5,20211215,181000,26.28,26.28,26.28,26.28,100,0
FRC_I.US,5,20211215,182500,26.2377,26.2377,26.2377,26.2377,500,0
FRC_I.US,5,20211215,191000,26.27,26.3,26.27,26.3,300,0
FRC_I.US,5,20211215,200500,26.2981,26.2981,26.2981,26.2981,148,0
FRC_I.US,5,20211215,201500,26.29,26.3,26.29,26.3,200,0
FRC_I.US,5,20211215,204000,26.28,26.28,26.28,26.28,100,0
FRC_I.US,5,20211215,205500,26.2349,26.2349,26.2349,26.2349,100,0
FRC_I.US,5,20211215,210000,26.23,26.26,26.23,26.26,400,0
FRC_I.US,5,20211215,213000,26.27,26.27,26.27,26.27,100,0
FRC_I.US,5,20211215,214500,26.29,26.29,26.29,26.29,100,0
FRC_I.US,5,20211215,215000,26.35,26.35,26.35,26.35,100,0
FRC_I.US,5,20211216,153500,26.19,26.4,26.18,26.18,300,0
FRC_I.US,5,20211216,155500,26.3283,26.3283,26.3283,26.3283,130,0
FRC_I.US,5,20211216,160000,26.275,26.275,26.275,26.275,271,0
FRC_I.US,5,20211216,162000,26.36,26.36,26.36,26.36,100,0
FRC_I.US,5,20211216,163500,26.32,26.32,26.32,26.32,137,0
FRC_I.US,5,20211216,173000,26.4,26.4,26.4,26.4,100,0
FRC_I.US,5,20211216,180500,26.4,26.4,26.4,26.4,100,0
FRC_I.US,5,20211216,181500,26.4,26.4,26.4,26.4,100,0
FRC_I.US,5,20211216,192500,26.44,26.44,26.401,26.401,1201,0
FRC_I.US,5,20211216,193000,26.4214,26.4214,26.4214,26.4214,232,0
FRC_I.US,5,20211216,195000,26.44,26.44,26.4226,26.4226,393,0
FRC_I.US,5,20211216,195500,26.435,26.435,26.435,26.435,100,0
FRC_I.US,5,20211216,200500,26.44,26.44,26.44,26.44,562,0
FRC_I.US,5,20211216,201000,26.43,26.43,26.43,26.43,155,0
FRC_I.US,5,20211216,202000,26.36,26.36,26.36,26.36,195,0
FRC_I.US,5,20211216,202500,26.431,26.431,26.4008,26.4008,287,0
FRC_I.US,5,20211216,203500,26.44,26.44,26.44,26.44,100,0
FRC_I.US,5,20211216,211000,26.44,26.44,26.44,26.44,100,0
FRC_I.US,5,20211216,213500,26.45,26.45,26.45,26.45,242,0
FRC_I.US,5,20211216,214500,26.46,26.46,26.46,26.46,261,0
FRC_I.US,5,20211216,215000,26.47,26.52,26.47,26.52,456,0
FRC_I.US,5,20211216,215500,26.56,26.56,26.56,26.56,200,0
FRC_I.US,5,20211217,153000,26.32,26.32,26.32,26.32,4113,0
FRC_I.US,5,20211217,154500,26.36,26.43,26.35,26.43,400,0
FRC_I.US,5,20211217,160500,26.405,26.405,26.405,26.405,100,0
FRC_I.US,5,20211217,162500,26.405,26.405,26.405,26.405,100,0
FRC_I.US,5,20211217,163500,26.44,26.46,26.44,26.46,200,0
FRC_I.US,5,20211217,164500,26.405,26.405,26.405,26.405,100,0
FRC_I.US,5,20211217,165500,26.37,26.37,26.37,26.37,400,0
FRC_I.US,5,20211217,170500,26.4375,26.4375,26.4375,26.4375,100,0
FRC_I.US,5,20211217,171000,26.47,26.492,26.39,26.41,551,0
FRC_I.US,5,20211217,173000,26.4725,26.4725,26.4725,26.4725,100,0
FRC_I.US,5,20211217,182500,26.385,26.385,26.38,26.38,200,0
FRC_I.US,5,20211217,184000,26.38,26.38,26.38,26.38,100,0
FRC_I.US,5,20211217,190000,26.39,26.39,26.39,26.39,200,0
FRC_I.US,5,20211217,191000,26.38,26.38,26.38,26.38,100,0
FRC_I.US,5,20211217,192000,26.36,26.36,26.36,26.36,100,0
FRC_I.US,5,20211217,194000,26.33,26.33,26.33,26.33,100,0
FRC_I.US,5,20211217,195500,26.36,26.37,26.36,26.36,300,0
FRC_I.US,5,20211217,200000,26.355,26.3673,26.355,26.3673,202,0
FRC_I.US,5,20211217,203000,26.36,26.36,26.32,26.32,300,0
FRC_I.US,5,20211217,205500,26.36,26.36,26.36,26.36,100,0
FRC_I.US,5,20211217,211000,26.359,26.36,26.3296,26.355,1509,0
FRC_I.US,5,20211217,211500,26.355,26.355,26.35,26.35,200,0
FRC_I.US,5,20211217,212000,26.33,26.35,26.32,26.35,503,0
FRC_I.US,5,20211217,212500,26.355,26.355,26.355,26.355,438,0
FRC_I.US,5,20211217,213000,26.32,26.33,26.32,26.33,240,0
FRC_I.US,5,20211217,213500,26.33,26.33,26.33,26.33,100,0
FRC_I.US,5,20211217,214000,26.327,26.33,26.327,26.33,403,0
FRC_I.US,5,20211217,214500,26.33,26.34,26.33,26.34,500,0
FRC_I.US,5,20211217,215000,26.44,26.44,26.44,26.44,116,0
FRC_I.US,5,20211217,215500,26.44,26.44,26.44,26.44,100,0
FRC_I.US,5,20211220,161500,26.39,26.4,26.39,26.39,1500,0
FRC_I.US,5,20211220,165000,26.4,26.4,26.3118,26.3118,800,0
FRC_I.US,5,20211220,173000,26.3641,26.4488,26.3641,26.4488,341,0
FRC_I.US,5,20211220,184000,26.42,26.4525,26.42,26.4525,452,0
FRC_I.US,5,20211220,184500,26.4,26.4305,26.4,26.4305,1951,0
FRC_I.US,5,20211220,194500,26.47,26.47,26.47,26.47,420,0
FRC_I.US,5,20211220,195000,26.438,26.438,26.438,26.438,800,0
FRC_I.US,5,20211220,202500,26.408,26.4131,26.408,26.4131,450,0
FRC_I.US,5,20211220,210000,26.442,26.442,26.442,26.442,234,0
FRC_I.US,5,20211220,210500,26.46,26.46,26.46,26.46,100,0
FRC_I.US,5,20211220,211000,26.4406,26.4406,26.4406,26.4406,160,0
FRC_I.US,5,20211220,212500,26.4609,26.4609,26.4609,26.4609,114,0
FRC_I.US,5,20211220,213000,26.46,26.46,26.46,26.46,100,0
FRC_I.US,5,20211221,153000,26.26,26.26,26.26,26.26,100,0
FRC_I.US,5,20211221,153500,26.24,26.24,26.24,26.24,100,0
FRC_I.US,5,20211221,161500,26.3497,26.3497,26.3497,26.3497,375,0
FRC_I.US,5,20211221,162000,26.4066,26.4066,26.4066,26.4066,251,0
FRC_I.US,5,20211221,163000,26.36,26.36,26.36,26.36,100,0
FRC_I.US,5,20211221,164500,26.36,26.36,26.36,26.36,100,0
FRC_I.US,5,20211221,165500,26.36,26.36,26.36,26.36,100,0
FRC_I.US,5,20211221,171000,26.52,26.52,26.52,26.52,195,0
FRC_I.US,5,20211221,174500,26.35,26.35,26.35,26.35,100,0
FRC_I.US,5,20211221,175000,26.43,26.43,26.43,26.43,100,0
FRC_I.US,5,20211221,180500,26.435,26.4377,26.352,26.4377,580,0
FRC_I.US,5,20211221,185000,26.37,26.37,26.37,26.37,100,0
FRC_I.US,5,20211221,190500,26.445,26.445,26.445,26.445,100,0
FRC_I.US,5,20211221,191000,26.445,26.445,26.445,26.445,100,0
FRC_I.US,5,20211221,191500,26.445,26.445,26.445,26.445,100,0
FRC_I.US,5,20211221,193000,26.445,26.445,26.445,26.445,100,0
FRC_I.US,5,20211221,194000,26.445,26.445,26.445,26.445,100,0
FRC_I.US,5,20211221,195500,26.445,26.52,26.445,26.51,738,0
FRC_I.US,5,20211221,200500,26.4316,26.4316,26.4316,26.4316,1000,0
FRC_I.US,5,20211221,201500,26.4,26.4,26.3022,26.3022,628,0
FRC_I.US,5,20211221,203500,26.3001,26.3001,26.3001,26.3001,108,0
FRC_I.US,5,20211221,204000,26.41,26.41,26.41,26.41,100,0
FRC_I.US,5,20211221,205500,26.41,26.41,26.41,26.41,500,0
FRC_I.US,5,20211221,211000,26.32,26.32,26.32,26.32,100,0
FRC_I.US,5,20211221,213500,26.32,26.32,26.32,26.32,100,0
FRC_I.US,5,20211221,214500,26.33,26.33,26.31,26.31,200,0
FRC_I.US,5,20211222,153000,26.3,26.3,26.3,26.3,398,0
FRC_I.US,5,20211222,154000,26.36,26.57,26.36,26.57,200,0
FRC_I.US,5,20211222,161500,26.5754,26.5754,26.55,26.55,525,0
FRC_I.US,5,20211222,162000,26.54,26.54,26.54,26.54,100,0
FRC_I.US,5,20211222,163500,26.53,26.53,26.53,26.53,100,0
FRC_I.US,5,20211222,165000,26.45,26.45,26.45,26.45,1000,0
FRC_I.US,5,20211222,173500,26.56,26.56,26.56,26.56,100,0
FRC_I.US,5,20211222,183000,26.445,26.445,26.445,26.445,100,0
FRC_I.US,5,20211222,194000,26.4888,26.4888,26.45,26.45,260,0
FRC_I.US,5,20211222,201500,26.45,26.45,26.43,26.43,200,0
FRC_I.US,5,20211222,210500,26.45,26.45,26.45,26.45,100,0
FRC_I.US,5,20211222,211000,26.45,26.45,26.45,26.45,100,0
FRC_I.US,5,20211222,212500,26.45,26.55,26.45,26.55,500,0
FRC_I.US,5,20211222,213000,26.39,26.39,26.39,26.39,100,0
FRC_I.US,5,20211222,215000,26.43,26.43,26.43,26.43,100,0
FRC_I.US,5,20211222,215500,26.49,26.49,26.49,26.49,365,0
FRC_I.US,5,20211223,153000,26.6,26.6,26.25,26.25,658,0
FRC_I.US,5,20211223,160500,26.54,26.54,26.54,26.54,100,0
FRC_I.US,5,20211223,162000,26.667,26.667,26.667,26.667,200,0
FRC_I.US,5,20211223,164000,26.4606,26.4606,26.4606,26.4606,126,0
FRC_I.US,5,20211223,171500,26.44,26.6391,26.44,26.6391,597,0
FRC_I.US,5,20211223,172000,26.6593,26.6593,26.6593,26.6593,182,0
FRC_I.US,5,20211223,173000,26.527,26.527,26.527,26.527,400,0
FRC_I.US,5,20211223,192000,26.71,26.71,26.71,26.71,100,0
FRC_I.US,5,20211223,200000,26.5415,26.5415,26.5415,26.5415,200,0
FRC_I.US,5,20211223,203000,26.68,26.68,26.615,26.615,299,0
FRC_I.US,5,20211223,212500,26.61,26.61,26.61,26.61,100,0
FRC_I.US,5,20211223,214000,26.51,26.52,26.51,26.52,300,0
FRC_I.US,5,20211223,215500,26.65,26.65,26.65,26.65,100,0
