<TICKER>,<PER>,<DATE>,<TIME>,<OPEN>,<HIGH>,<LOW>,<CLOSE>,<VOL>,<OPENINT>
GGZ.US,5,20211104,143000,16.61,16.61,16.61,16.61,200,0
GGZ.US,5,20211104,145500,16.721,16.721,16.721,16.721,100,0
GGZ.US,5,20211104,155500,16.61,16.61,16.59,16.59,2581,0
GGZ.US,5,20211104,162000,16.56,16.56,16.56,16.56,202,0
GGZ.US,5,20211104,162500,16.55,16.55,16.55,16.55,201,0
GGZ.US,5,20211104,170000,16.61,16.61,16.58,16.58,1172,0
GGZ.US,5,20211104,170500,16.5906,16.62,16.5906,16.62,679,0
GGZ.US,5,20211104,171000,16.585,16.63,16.585,16.6299,1579,0
GGZ.US,5,20211104,171500,16.63,16.64,16.63,16.64,350,0
GGZ.US,5,20211104,174000,16.6,16.64,16.6,16.638,1067,0
GGZ.US,5,20211104,174500,16.63,16.67,16.63,16.67,400,0
GGZ.US,5,20211104,175000,16.679,16.679,16.679,16.679,600,0
GGZ.US,5,20211104,181000,16.66,16.66,16.6599,16.66,300,0
GGZ.US,5,20211104,182500,16.66,16.66,16.6519,16.66,1154,0
GGZ.US,5,20211104,183000,16.66,16.67,16.66,16.67,500,0
GGZ.US,5,20211104,183500,16.66,16.66,16.66,16.66,100,0
GGZ.US,5,20211104,185000,16.65,16.65,16.65,16.65,100,0
GGZ.US,5,20211104,185500,16.65,16.65,16.65,16.65,977,0
GGZ.US,5,20211104,194000,16.6499,16.65,16.6499,16.65,2914,0
GGZ.US,5,20211104,195000,16.68,16.68,16.68,16.68,100,0
GGZ.US,5,20211104,201500,16.6539,16.6539,16.6539,16.6539,300,0
GGZ.US,5,20211104,202000,16.69,16.69,16.69,16.69,100,0
GGZ.US,5,20211104,202500,16.68,16.68,16.662,16.68,400,0
GGZ.US,5,20211104,205000,16.65,16.65,16.65,16.65,2433,0
GGZ.US,5,20211104,205500,16.65,16.67,16.65,16.67,1100,0
GGZ.US,5,20211105,143000,16.77,16.77,16.77,16.77,186,0
GGZ.US,5,20211105,163500,16.8089,16.8089,16.8089,16.8089,500,0
GGZ.US,5,20211105,182000,16.7244,16.7244,16.7244,16.7244,211,0
GGZ.US,5,20211105,190500,16.6658,16.6658,16.6658,16.6658,100,0
GGZ.US,5,20211105,193000,16.6734,16.6734,16.6734,16.6734,200,0
GGZ.US,5,20211105,193500,16.6962,16.6962,16.6962,16.6962,415,0
GGZ.US,5,20211105,194000,16.715,16.715,16.715,16.715,250,0
GGZ.US,5,20211105,201000,16.77,16.77,16.71,16.75,1883,0
GGZ.US,5,20211105,202500,16.71,16.71,16.71,16.71,225,0
GGZ.US,5,20211108,153000,16.85,16.91,16.85,16.91,300,0
GGZ.US,5,20211108,162500,16.9,16.9,16.9,16.9,3000,0
GGZ.US,5,20211108,163000,16.9005,16.9005,16.9005,16.9005,1000,0
GGZ.US,5,20211108,170500,16.8856,16.8856,16.8856,16.8856,1054,0
GGZ.US,5,20211108,171000,16.9,16.9,16.9,16.9,100,0
GGZ.US,5,20211108,172000,16.9,16.9,16.9,16.9,100,0
GGZ.US,5,20211108,201500,16.91,16.91,16.91,16.91,500,0
GGZ.US,5,20211108,214500,16.88,16.88,16.88,16.88,351,0
GGZ.US,5,20211108,215500,16.94,16.94,16.94,16.94,300,0
GGZ.US,5,20211109,153000,16.9,16.9,16.9,16.9,100,0
GGZ.US,5,20211109,163500,16.8554,16.8554,16.8554,16.8554,149,0
GGZ.US,5,20211109,175000,16.8442,16.858,16.83,16.858,1629,0
GGZ.US,5,20211109,180000,16.97,16.97,16.926,16.926,200,0
GGZ.US,5,20211109,180500,16.95,16.95,16.95,16.95,145,0
GGZ.US,5,20211109,182500,16.842,16.842,16.842,16.842,160,0
GGZ.US,5,20211109,193000,16.895,16.895,16.88,16.88,200,0
GGZ.US,5,20211109,195000,16.85,16.85,16.85,16.85,100,0
GGZ.US,5,20211109,201000,16.85,16.85,16.84,16.84,400,0
GGZ.US,5,20211109,202000,16.76,16.76,16.76,16.76,400,0
GGZ.US,5,20211109,202500,16.75,16.75,16.75,16.75,100,0
GGZ.US,5,20211109,204000,16.7583,16.7583,16.75,16.75,200,0
GGZ.US,5,20211110,153000,16.73,16.73,16.73,16.73,114,0
GGZ.US,5,20211110,171500,16.8102,16.8718,16.8102,16.8718,700,0
GGZ.US,5,20211110,172000,16.8675,16.87,16.8,16.85,600,0
GGZ.US,5,20211110,172500,16.85,16.85,16.85,16.85,400,0
GGZ.US,5,20211110,173000,16.8732,16.8732,16.8732,16.8732,100,0
GGZ.US,5,20211110,174000,16.87,16.87,16.85,16.85,330,0
GGZ.US,5,20211110,174500,16.8896,16.8896,16.85,16.88,300,0
GGZ.US,5,20211110,182000,16.88,16.88,16.88,16.88,100,0
GGZ.US,5,20211110,182500,16.88,16.88,16.88,16.88,100,0
GGZ.US,5,20211110,184000,16.865,16.865,16.85,16.85,1000,0
GGZ.US,5,20211110,184500,16.869,16.869,16.869,16.869,100,0
GGZ.US,5,20211110,185500,16.835,16.835,16.835,16.835,775,0
GGZ.US,5,20211110,190500,16.85,16.8791,16.83,16.83,3900,0
GGZ.US,5,20211110,191000,16.85,16.85,16.83,16.83,12300,0
GGZ.US,5,20211110,192500,16.82,16.82,16.82,16.82,1186,0
GGZ.US,5,20211110,194000,16.83,16.85,16.83,16.85,2200,0
GGZ.US,5,20211110,201000,16.77,16.77,16.76,16.76,200,0
GGZ.US,5,20211110,203500,16.7,16.7,16.7,16.7,366,0
GGZ.US,5,20211110,204500,16.62,16.62,16.58,16.58,380,0
GGZ.US,5,20211110,210500,16.55,16.55,16.55,16.55,100,0
GGZ.US,5,20211110,211000,16.56,16.56,16.56,16.56,434,0
GGZ.US,5,20211110,214000,16.697,16.697,16.697,16.697,100,0
GGZ.US,5,20211110,215500,16.55,16.56,16.55,16.56,800,0
GGZ.US,5,20211111,153000,16.72,16.72,16.72,16.72,180,0
GGZ.US,5,20211111,154000,16.6036,16.6036,16.6036,16.6036,100,0
GGZ.US,5,20211111,172000,16.8085,16.8085,16.8085,16.8085,400,0
GGZ.US,5,20211111,180500,16.834,16.834,16.834,16.834,100,0
GGZ.US,5,20211111,181500,16.79,16.79,16.79,16.79,100,0
GGZ.US,5,20211111,194000,16.8,16.81,16.8,16.81,300,0
GGZ.US,5,20211111,200000,16.81,16.81,16.81,16.81,100,0
GGZ.US,5,20211111,203500,16.8,16.8001,16.8,16.8001,1600,0
GGZ.US,5,20211111,215500,16.83,16.83,16.83,16.83,103,0
GGZ.US,5,20211112,172000,16.82,16.82,16.8077,16.8077,400,0
GGZ.US,5,20211112,173000,16.83,16.95,16.83,16.84,914,0
GGZ.US,5,20211112,174000,16.8762,16.91,16.8762,16.91,847,0
GGZ.US,5,20211112,174500,16.9036,16.9036,16.9036,16.9036,1000,0
GGZ.US,5,20211112,180500,16.91,16.91,16.91,16.91,300,0
GGZ.US,5,20211112,181000,16.935,16.935,16.92,16.92,1280,0
GGZ.US,5,20211112,183000,16.93,16.9314,16.93,16.9314,400,0
GGZ.US,5,20211112,184000,16.95,16.965,16.95,16.96,5577,0
GGZ.US,5,20211112,184500,16.99,16.99,16.99,16.99,700,0
GGZ.US,5,20211112,185000,16.99,16.99,16.98,16.98,1000,0
GGZ.US,5,20211112,185500,16.98,16.99,16.98,16.98,6314,0
GGZ.US,5,20211112,200000,16.935,16.935,16.9,16.9122,410,0
GGZ.US,5,20211112,200500,16.935,16.935,16.935,16.935,100,0
GGZ.US,5,20211112,204000,16.97,16.975,16.97,16.975,900,0
GGZ.US,5,20211112,205000,16.97,16.97,16.97,16.97,470,0
GGZ.US,5,20211112,214500,16.92,16.92,16.92,16.92,250,0
GGZ.US,5,20211112,215500,16.96,16.96,16.96,16.96,432,0
GGZ.US,5,20211115,153000,16.93,16.93,16.93,16.93,305,0
GGZ.US,5,20211115,153500,17.02,17.02,16.937,16.937,200,0
GGZ.US,5,20211115,154000,16.8985,16.8985,16.8985,16.8985,119,0
GGZ.US,5,20211115,154500,16.8477,16.8477,16.8477,16.8477,105,0
GGZ.US,5,20211115,162500,16.8467,16.9,16.8467,16.9,1650,0
GGZ.US,5,20211115,163000,16.8754,16.8754,16.8754,16.8754,100,0
GGZ.US,5,20211115,170500,16.8402,16.8402,16.8402,16.8402,273,0
GGZ.US,5,20211115,182500,16.84,16.84,16.84,16.84,400,0
GGZ.US,5,20211115,193500,16.86,16.86,16.86,16.86,400,0
GGZ.US,5,20211115,201000,16.89,16.89,16.8651,16.8651,200,0
GGZ.US,5,20211115,211000,16.855,16.855,16.75,16.762,1528,0
GGZ.US,5,20211115,214500,16.8589,16.8589,16.8589,16.8589,372,0
GGZ.US,5,20211115,215500,16.7,16.7,16.7,16.7,252,0
GGZ.US,5,20211116,153000,16.73,16.73,16.73,16.73,100,0
GGZ.US,5,20211116,153500,16.7,16.7,16.7,16.7,100,0
GGZ.US,5,20211116,155000,16.75,16.75,16.75,16.75,781,0
GGZ.US,5,20211116,160500,16.75,16.8866,16.75,16.8866,607,0
GGZ.US,5,20211116,162500,16.87,16.87,16.87,16.87,250,0
GGZ.US,5,20211116,171500,16.82,16.82,16.82,16.82,250,0
GGZ.US,5,20211116,173500,16.82,16.82,16.8193,16.8193,1250,0
GGZ.US,5,20211116,174000,16.82,16.82,16.82,16.82,1000,0
GGZ.US,5,20211116,175500,16.8,16.8,16.8,16.8,100,0
GGZ.US,5,20211116,184000,16.82,16.82,16.82,16.82,2353,0
GGZ.US,5,20211116,184500,16.82,16.82,16.82,16.82,1418,0
GGZ.US,5,20211116,185000,16.82,16.82,16.82,16.82,200,0
GGZ.US,5,20211116,185500,16.82,16.82,16.82,16.82,100,0
GGZ.US,5,20211116,190000,16.82,16.88,16.82,16.88,1583,0
GGZ.US,5,20211116,203000,16.8708,16.89,16.8708,16.89,698,0
GGZ.US,5,20211116,212000,16.83,16.83,16.83,16.83,200,0
GGZ.US,5,20211116,215500,16.83,16.83,16.83,16.83,700,0
GGZ.US,5,20211117,153000,16.77,16.77,16.77,16.77,300,0
GGZ.US,5,20211117,161500,16.85,16.85,16.85,16.85,541,0
GGZ.US,5,20211117,163500,16.815,16.815,16.815,16.815,118,0
GGZ.US,5,20211117,172000,16.8,16.8,16.8,16.8,500,0
GGZ.US,5,20211117,181500,16.8,16.8,16.8,16.8,900,0
GGZ.US,5,20211117,184000,16.75,16.75,16.75,16.75,400,0
GGZ.US,5,20211117,185000,16.7192,16.7192,16.7192,16.7192,529,0
GGZ.US,5,20211117,195500,16.75,16.75,16.75,16.75,900,0
GGZ.US,5,20211117,200500,16.78,16.79,16.78,16.79,446,0
GGZ.US,5,20211117,202500,16.73,16.73,16.72,16.72,800,0
GGZ.US,5,20211117,204500,16.72,16.72,16.72,16.72,500,0
GGZ.US,5,20211117,205000,16.71,16.71,16.71,16.71,140,0
GGZ.US,5,20211117,213000,16.77,16.77,16.66,16.77,3600,0
GGZ.US,5,20211117,215500,16.75,16.75,16.75,16.75,696,0
GGZ.US,5,20211118,153000,16.75,16.75,16.75,16.75,131,0
GGZ.US,5,20211118,161500,16.69,16.69,16.69,16.69,250,0
GGZ.US,5,20211118,164500,16.8134,16.8134,16.8134,16.8134,211,0
GGZ.US,5,20211118,165500,16.8956,16.8956,16.8956,16.8956,466,0
GGZ.US,5,20211118,171000,16.75,16.75,16.74,16.74,314,0
GGZ.US,5,20211118,171500,16.72,16.72,16.72,16.72,155,0
GGZ.US,5,20211118,191000,16.8088,16.8088,16.8088,16.8088,144,0
GGZ.US,5,20211118,191500,16.724,16.724,16.724,16.724,330,0
GGZ.US,5,20211118,203000,16.78,16.78,16.78,16.78,518,0
GGZ.US,5,20211118,204500,16.78,16.79,16.72,16.79,5357,0
GGZ.US,5,20211119,153000,16.64,16.64,16.64,16.64,885,0
GGZ.US,5,20211119,153500,16.33,16.33,16.3,16.3,1100,0
GGZ.US,5,20211119,163000,16.41,16.41,16.41,16.41,800,0
GGZ.US,5,20211119,170500,16.5,16.56,16.5,16.56,1818,0
GGZ.US,5,20211119,172000,16.4301,16.4301,16.4301,16.4301,500,0
GGZ.US,5,20211119,185000,16.465,16.465,16.465,16.465,400,0
GGZ.US,5,20211119,201500,16.44,16.49,16.43,16.49,851,0
GGZ.US,5,20211119,203500,16.445,16.49,16.445,16.49,600,0
GGZ.US,5,20211119,205500,16.47,16.47,16.47,16.47,120,0
GGZ.US,5,20211119,214000,16.43,16.43,16.43,16.43,142,0
GGZ.US,5,20211119,215000,16.43,16.43,16.43,16.43,200,0
GGZ.US,5,20211119,215500,16.45,16.45,16.45,16.45,100,0
GGZ.US,5,20211122,153000,16.49,16.49,16.49,16.49,101,0
GGZ.US,5,20211122,172500,16.41,16.412,16.41,16.412,247,0
GGZ.US,5,20211122,180000,16.41,16.41,16.41,16.41,100,0
GGZ.US,5,20211122,191000,16.4137,16.4137,16.4137,16.4137,100,0
GGZ.US,5,20211122,205500,16.415,16.42,16.415,16.42,437,0
GGZ.US,5,20211122,212500,16.4277,16.4277,16.4277,16.4277,135,0
GGZ.US,5,20211122,215500,16.4799,16.48,16.4,16.4,2300,0
GGZ.US,5,20211123,153000,16.48,16.48,16.48,16.48,275,0
GGZ.US,5,20211123,161500,16.3415,16.3415,16.3415,16.3415,100,0
GGZ.US,5,20211123,163000,16.3866,16.3866,16.3866,16.3866,100,0
GGZ.US,5,20211123,171000,16.4228,16.4228,16.4228,16.4228,150,0
GGZ.US,5,20211123,180000,16.3472,16.3472,16.3472,16.3472,312,0
GGZ.US,5,20211123,192000,16.4699,16.4699,16.4699,16.4699,900,0
GGZ.US,5,20211123,210500,16.395,16.395,16.395,16.395,176,0
GGZ.US,5,20211123,215500,16.42,16.42,16.42,16.42,105,0
GGZ.US,5,20211124,153000,16.26,16.26,16.26,16.26,2725,0
GGZ.US,5,20211124,160500,16.2722,16.2722,16.2722,16.2722,100,0
GGZ.US,5,20211124,162500,16.4086,16.4086,16.4086,16.4086,121,0
GGZ.US,5,20211124,174000,16.36,16.36,16.36,16.36,300,0
GGZ.US,5,20211124,174500,16.374,16.374,16.374,16.374,305,0
GGZ.US,5,20211124,185500,16.4,16.4,16.4,16.4,341,0
GGZ.US,5,20211124,190000,16.31,16.31,16.31,16.31,1193,0
GGZ.US,5,20211124,194000,16.31,16.31,16.31,16.31,200,0
GGZ.US,5,20211124,201000,16.31,16.31,16.31,16.31,300,0
GGZ.US,5,20211124,202500,16.2789,16.2789,16.2789,16.2789,137,0
GGZ.US,5,20211124,203000,16.27,16.27,16.27,16.27,100,0
GGZ.US,5,20211124,213500,16.28,16.28,16.27,16.28,1104,0
GGZ.US,5,20211124,215500,16.2604,16.2604,16.2604,16.2604,190,0
GGZ.US,5,20211126,153000,16.05,16.05,16,16,1511,0
GGZ.US,5,20211126,162500,16.2596,16.2596,16.2596,16.2596,122,0
GGZ.US,5,20211126,163000,16.1,16.1,16.04,16.04,2497,0
GGZ.US,5,20211126,171000,16.045,16.045,16.045,16.045,200,0
GGZ.US,5,20211126,172000,16.05,16.05,16.05,16.05,100,0
GGZ.US,5,20211126,172500,16.06,16.06,16.06,16.06,300,0
GGZ.US,5,20211126,173000,16.05,16.1,16.025,16.1,3193,0
GGZ.US,5,20211126,173500,16.07,16.07,16.07,16.07,2600,0
GGZ.US,5,20211126,175500,16.095,16.11,16.095,16.11,900,0
GGZ.US,5,20211126,181500,16.1064,16.1064,16.1064,16.1064,100,0
GGZ.US,5,20211126,184000,16.095,16.095,16.08,16.08,400,0
GGZ.US,5,20211129,153000,16.3,16.3,16.3,16.3,1000,0
GGZ.US,5,20211129,164500,16.1666,16.1666,16.1666,16.1666,250,0
GGZ.US,5,20211129,170500,16.2,16.2,16.2,16.2,400,0
GGZ.US,5,20211129,172500,16.19,16.19,16.19,16.19,100,0
GGZ.US,5,20211129,175500,16.165,16.165,16.165,16.165,400,0
GGZ.US,5,20211129,193000,16.18,16.18,16.18,16.18,229,0
GGZ.US,5,20211129,200000,16.1,16.1,16.1,16.1,100,0
GGZ.US,5,20211129,203000,16.09,16.09,16.09,16.09,100,0
GGZ.US,5,20211129,204000,16.09,16.09,16.09,16.09,100,0
GGZ.US,5,20211129,205000,16.11,16.11,16.11,16.11,151,0
GGZ.US,5,20211129,210500,16.08,16.09,16.08,16.09,200,0
GGZ.US,5,20211129,211500,16.1,16.1,16.1,16.1,100,0
GGZ.US,5,20211129,212000,16.0899,16.11,16.0899,16.11,7760,0
GGZ.US,5,20211129,212500,16.11,16.11,16.1097,16.11,4000,0
GGZ.US,5,20211129,213000,16.11,16.11,16.11,16.11,300,0
GGZ.US,5,20211129,214500,16.11,16.11,16.11,16.11,1000,0
GGZ.US,5,20211129,215000,16.11,16.14,16.11,16.12,5496,0
GGZ.US,5,20211129,215500,16.12,16.12,16.1199,16.1199,400,0
GGZ.US,5,20211130,153000,16.05,16.1077,16.05,16.1077,410,0
GGZ.US,5,20211130,161500,16.1189,16.1189,16.1189,16.1189,310,0
GGZ.US,5,20211130,174500,16.0101,16.02,16.0001,16.01,10181,0
GGZ.US,5,20211130,175500,16,16.0002,16,16.0002,18709,0
GGZ.US,5,20211130,180500,15.94,15.9415,15.94,15.9415,600,0
GGZ.US,5,20211130,184500,15.9,15.9,15.9,15.9,181,0
GGZ.US,5,20211130,190500,15.9299,15.9299,15.9299,15.9299,1192,0
GGZ.US,5,20211130,191000,15.9,15.9,15.9,15.9,200,0
GGZ.US,5,20211130,191500,15.896,15.896,15.84,15.84,1674,0
GGZ.US,5,20211130,192000,15.8562,15.8562,15.8562,15.8562,100,0
GGZ.US,5,20211130,193000,15.9189,15.9189,15.9189,15.9189,130,0
GGZ.US,5,20211130,193500,15.81,15.824,15.81,15.824,870,0
GGZ.US,5,20211130,194000,15.8,15.8,15.8,15.8,400,0
GGZ.US,5,20211130,194500,15.76,15.76,15.5901,15.5901,699,0
GGZ.US,5,20211130,195000,15.59,15.59,15.59,15.59,500,0
GGZ.US,5,20211130,195500,15.57,15.59,15.57,15.59,300,0
GGZ.US,5,20211130,202500,15.61,15.61,15.61,15.61,300,0
GGZ.US,5,20211130,204000,15.63,15.63,15.63,15.63,1000,0
GGZ.US,5,20211130,204500,15.6205,15.6205,15.6205,15.6205,100,0
GGZ.US,5,20211130,205000,15.63,15.63,15.63,15.63,100,0
GGZ.US,5,20211130,210500,15.685,15.685,15.685,15.685,100,0
GGZ.US,5,20211130,215000,15.68,15.68,15.68,15.68,172,0
GGZ.US,5,20211201,153000,15.86,15.86,15.86,15.86,178,0
GGZ.US,5,20211201,164000,15.97,15.98,15.97,15.97,410,0
GGZ.US,5,20211201,182000,15.8813,15.8813,15.8813,15.8813,317,0
GGZ.US,5,20211201,190000,15.94,15.94,15.94,15.94,500,0
GGZ.US,5,20211201,192500,15.84,15.85,15.84,15.85,820,0
GGZ.US,5,20211201,193000,15.79,15.79,15.79,15.79,701,0
GGZ.US,5,20211201,194000,15.61,15.61,15.605,15.605,300,0
GGZ.US,5,20211201,195000,15.61,15.61,15.59,15.59,400,0
GGZ.US,5,20211201,195500,15.59,15.66,15.59,15.66,710,0
GGZ.US,5,20211201,200000,15.66,15.66,15.66,15.66,100,0
GGZ.US,5,20211201,201000,15.6516,15.6516,15.63,15.63,565,0
GGZ.US,5,20211201,202500,15.63,15.63,15.63,15.63,100,0
GGZ.US,5,20211201,203500,15.63,15.63,15.63,15.63,563,0
GGZ.US,5,20211201,204500,15.63,15.63,15.63,15.63,400,0
GGZ.US,5,20211201,205000,15.63,15.63,15.63,15.63,200,0
GGZ.US,5,20211201,210000,15.52,15.5399,15.38,15.39,1875,0
GGZ.US,5,20211201,213000,15.28,15.28,15.28,15.28,100,0
GGZ.US,5,20211201,214000,15.34,15.34,15.34,15.34,100,0
GGZ.US,5,20211201,215000,15.36,15.36,15.33,15.33,200,0
GGZ.US,5,20211201,215500,15.33,15.33,15.33,15.33,388,0
GGZ.US,5,20211202,153000,15.44,15.44,15.3101,15.3101,1164,0
GGZ.US,5,20211202,162500,15.5148,15.5148,15.5148,15.5148,100,0
GGZ.US,5,20211202,163500,15.4187,15.4187,15.4187,15.4187,500,0
GGZ.US,5,20211202,164000,15.41,15.41,15.36,15.36,8684,0
GGZ.US,5,20211202,164500,15.38,15.38,15.38,15.38,300,0
GGZ.US,5,20211202,165500,15.38,15.44,15.35,15.41,3407,0
GGZ.US,5,20211202,170500,15.4023,15.4023,15.4023,15.4023,130,0
GGZ.US,5,20211202,172500,15.45,15.45,15.45,15.45,527,0
GGZ.US,5,20211202,173500,15.48,15.48,15.48,15.48,244,0
GGZ.US,5,20211202,181500,15.475,15.475,15.43,15.43,3212,0
GGZ.US,5,20211202,182000,15.43,15.43,15.32,15.32,8300,0
GGZ.US,5,20211202,182500,15.32,15.33,15.32,15.32,4100,0
GGZ.US,5,20211202,183000,15.4099,15.4099,15.38,15.38,5410,0
GGZ.US,5,20211202,183500,15.375,15.375,15.375,15.375,137,0
GGZ.US,5,20211202,191500,15.369,15.369,15.369,15.369,110,0
GGZ.US,5,20211202,193000,15.365,15.365,15.365,15.365,1000,0
GGZ.US,5,20211202,201000,15.3401,15.3401,15.34,15.34,200,0
GGZ.US,5,20211202,203500,15.375,15.39,15.375,15.39,522,0
GGZ.US,5,20211202,204500,15.4016,15.4016,15.4016,15.4016,350,0
GGZ.US,5,20211202,210500,15.39,15.39,15.39,15.39,1100,0
GGZ.US,5,20211202,211000,15.395,15.4,15.395,15.4,200,0
GGZ.US,5,20211202,212000,15.39,15.39,15.37,15.37,1720,0
GGZ.US,5,20211202,214000,15.39,15.39,15.39,15.39,325,0
GGZ.US,5,20211202,214500,15.4,15.4,15.4,15.4,200,0
GGZ.US,5,20211202,215500,15.39,15.39,15.39,15.39,397,0
GGZ.US,5,20211203,153000,15.39,15.39,15.39,15.39,145,0
GGZ.US,5,20211203,154500,15.35,15.35,15.31,15.31,200,0
GGZ.US,5,20211203,160000,15.3,15.3,15.3,15.3,801,0
GGZ.US,5,20211203,160500,15.2604,15.2604,15.26,15.26,760,0
GGZ.US,5,20211203,161000,15.26,15.27,15.26,15.27,644,0
GGZ.US,5,20211203,161500,15.28,15.28,15.28,15.28,100,0
GGZ.US,5,20211203,164000,15.26,15.26,15.26,15.26,600,0
GGZ.US,5,20211203,164500,15.24,15.24,15.215,15.215,200,0
GGZ.US,5,20211203,170500,15.1301,15.22,15.1301,15.22,1916,0
GGZ.US,5,20211203,173500,15.2,15.25,15.2,15.25,216,0
GGZ.US,5,20211203,174000,15.16,15.16,15.1516,15.1516,423,0
GGZ.US,5,20211203,174500,15.15,15.17,15.15,15.17,1103,0
GGZ.US,5,20211203,175000,15.15,15.1592,15.15,15.15,1325,0
GGZ.US,5,20211203,180000,15.12,15.12,15.11,15.11,1400,0
GGZ.US,5,20211203,181500,15.11,15.12,15.11,15.11,3881,0
GGZ.US,5,20211203,182000,15.12,15.12,15.11,15.11,1900,0
GGZ.US,5,20211203,183000,15.115,15.12,15.115,15.12,410,0
GGZ.US,5,20211203,183500,15.11,15.115,15.11,15.115,888,0
GGZ.US,5,20211203,185000,15.11,15.11,15.11,15.11,1000,0
GGZ.US,5,20211203,185500,15.11,15.11,15.09,15.1,2912,0
GGZ.US,5,20211203,190000,15.1081,15.1081,15.1081,15.1081,500,0
GGZ.US,5,20211203,192500,15.11,15.11,15.11,15.11,400,0
GGZ.US,5,20211203,194000,15.1106,15.1106,15.1106,15.1106,100,0
GGZ.US,5,20211203,195500,15.14,15.14,15.11,15.11,1100,0
GGZ.US,5,20211203,204500,15.12,15.12,15.1198,15.1198,255,0
GGZ.US,5,20211203,205000,15.1028,15.1028,15.1028,15.1028,100,0
GGZ.US,5,20211203,212500,15.0801,15.0801,15.0801,15.0801,3086,0
GGZ.US,5,20211203,213500,15.1,15.1,15.1,15.1,662,0
GGZ.US,5,20211203,214500,15.11,15.11,15.1099,15.1099,419,0
GGZ.US,5,20211203,215000,15.12,15.12,15.12,15.12,100,0
GGZ.US,5,20211203,215500,15.14,15.14,15.1395,15.1395,200,0
GGZ.US,5,20211206,153000,15.21,15.21,15.21,15.21,100,0
GGZ.US,5,20211206,154500,15.14,15.14,15.14,15.14,533,0
GGZ.US,5,20211206,155500,15.21,15.21,15.21,15.21,250,0
GGZ.US,5,20211206,160500,15.22,15.23,15.22,15.23,1258,0
GGZ.US,5,20211206,161000,15.24,15.24,15.24,15.24,200,0
GGZ.US,5,20211206,161500,15.27,15.28,15.27,15.28,200,0
GGZ.US,5,20211206,162000,15.29,15.29,15.29,15.29,210,0
GGZ.US,5,20211206,173000,15.29,15.29,15.29,15.29,149,0
GGZ.US,5,20211206,192000,15.304,15.304,15.304,15.304,260,0
GGZ.US,5,20211206,200000,15.3199,15.32,15.3199,15.32,2700,0
GGZ.US,5,20211206,211500,15.3146,15.3193,15.3146,15.3193,500,0
GGZ.US,5,20211206,215500,15.32,15.32,15.32,15.32,100,0
GGZ.US,5,20211207,153000,15.44,15.65,15.4272,15.65,4659,0
GGZ.US,5,20211207,155000,15.6899,15.6899,15.6899,15.6899,825,0
GGZ.US,5,20211207,155500,15.69,15.69,15.69,15.69,134,0
GGZ.US,5,20211207,160000,15.6194,15.6194,15.6194,15.6194,105,0
GGZ.US,5,20211207,162500,15.66,15.69,15.6597,15.675,1848,0
GGZ.US,5,20211207,163500,15.6938,15.6938,15.6938,15.6938,127,0
GGZ.US,5,20211207,165500,15.7,15.7,15.7,15.7,122,0
GGZ.US,5,20211207,171500,15.695,15.695,15.695,15.695,110,0
GGZ.US,5,20211207,173000,15.7279,15.7279,15.7279,15.7279,150,0
GGZ.US,5,20211207,182000,15.7,15.7,15.7,15.7,500,0
GGZ.US,5,20211207,191000,15.69,15.69,15.69,15.69,200,0
GGZ.US,5,20211207,191500,15.69,15.71,15.69,15.71,300,0
GGZ.US,5,20211207,192000,15.72,15.72,15.72,15.72,200,0
GGZ.US,5,20211207,192500,15.72,15.72,15.7199,15.7199,800,0
GGZ.US,5,20211207,194000,15.73,15.74,15.73,15.74,928,0
GGZ.US,5,20211207,200000,15.7096,15.7164,15.7096,15.7164,311,0
GGZ.US,5,20211207,201500,15.73,15.73,15.73,15.73,200,0
GGZ.US,5,20211207,213000,15.7,15.7,15.7,15.7,219,0
GGZ.US,5,20211207,215500,15.69,15.69,15.69,15.69,403,0
GGZ.US,5,20211208,153000,15.7,15.7,15.7,15.7,100,0
GGZ.US,5,20211208,154500,15.7799,15.7799,15.7799,15.7799,3200,0
GGZ.US,5,20211208,155500,15.7752,15.7752,15.77,15.77,990,0
GGZ.US,5,20211208,161000,15.74,15.74,15.7317,15.7317,245,0
GGZ.US,5,20211208,162000,15.78,15.78,15.78,15.78,127,0
GGZ.US,5,20211208,172500,15.74,15.74,15.74,15.74,100,0
GGZ.US,5,20211208,173500,15.76,15.76,15.76,15.76,122,0
GGZ.US,5,20211208,181000,15.78,15.78,15.78,15.78,403,0
GGZ.US,5,20211208,181500,15.79,15.82,15.79,15.81,600,0
GGZ.US,5,20211208,182000,15.81,15.81,15.801,15.801,200,0
GGZ.US,5,20211208,183500,15.84,15.84,15.8399,15.8399,400,0
GGZ.US,5,20211208,192500,15.82,15.82,15.82,15.82,600,0
GGZ.US,5,20211208,195500,15.84,15.84,15.84,15.84,100,0
GGZ.US,5,20211208,203500,15.84,15.84,15.84,15.84,718,0
GGZ.US,5,20211208,205000,15.84,15.84,15.8399,15.8399,224,0
GGZ.US,5,20211208,210500,15.82,15.82,15.82,15.82,229,0
GGZ.US,5,20211208,214000,15.8136,15.8175,15.8136,15.8175,1137,0
GGZ.US,5,20211208,214500,15.805,15.805,15.805,15.805,133,0
GGZ.US,5,20211208,215500,15.82,15.82,15.81,15.81,304,0
GGZ.US,5,20211209,153000,15.57,15.57,15.57,15.57,231,0
GGZ.US,5,20211209,154500,15.5999,15.5999,15.5999,15.5999,3000,0
GGZ.US,5,20211209,163500,15.59,15.59,15.59,15.59,190,0
GGZ.US,5,20211209,165000,15.6,15.6,15.6,15.6,300,0
GGZ.US,5,20211209,165500,15.6432,15.6432,15.6432,15.6432,575,0
GGZ.US,5,20211209,173500,15.65,15.65,15.65,15.65,400,0
GGZ.US,5,20211209,184000,15.66,15.66,15.66,15.66,100,0
GGZ.US,5,20211209,190000,15.675,15.675,15.661,15.661,1787,0
GGZ.US,5,20211209,191000,15.67,15.68,15.67,15.68,700,0
GGZ.US,5,20211209,193500,15.68,15.68,15.68,15.68,635,0
GGZ.US,5,20211209,195000,15.6601,15.665,15.6601,15.6601,1500,0
GGZ.US,5,20211209,203500,15.67,15.67,15.67,15.67,1376,0
GGZ.US,5,20211209,211000,15.665,15.665,15.66,15.66,200,0
GGZ.US,5,20211209,212500,15.6,15.6,15.6,15.6,174,0
GGZ.US,5,20211209,213500,15.6001,15.6001,15.6001,15.6001,500,0
GGZ.US,5,20211209,215500,15.6,15.61,15.6,15.61,1016,0
GGZ.US,5,20211210,153000,15.69,15.69,15.69,15.69,100,0
GGZ.US,5,20211210,171500,15.59,15.59,15.5775,15.5775,200,0
GGZ.US,5,20211210,173500,15.66,15.66,15.66,15.66,100,0
GGZ.US,5,20211210,174500,15.66,15.66,15.66,15.66,100,0
GGZ.US,5,20211210,175000,15.66,15.66,15.66,15.66,100,0
GGZ.US,5,20211210,180500,15.66,15.66,15.66,15.66,100,0
GGZ.US,5,20211210,181500,15.66,15.66,15.66,15.66,100,0
GGZ.US,5,20211210,183000,15.66,15.66,15.66,15.66,100,0
GGZ.US,5,20211210,184500,15.66,15.66,15.66,15.66,100,0
GGZ.US,5,20211210,185500,15.66,15.66,15.66,15.66,100,0
GGZ.US,5,20211210,191000,15.68,15.68,15.68,15.68,100,0
GGZ.US,5,20211210,192000,15.68,15.68,15.68,15.68,100,0
GGZ.US,5,20211210,194000,15.68,15.68,15.68,15.68,100,0
GGZ.US,5,20211210,200000,15.69,15.69,15.69,15.69,100,0
GGZ.US,5,20211210,201000,15.685,15.685,15.68,15.68,600,0
GGZ.US,5,20211210,203000,15.68,15.68,15.68,15.68,100,0
GGZ.US,5,20211210,204000,15.68,15.68,15.68,15.68,100,0
GGZ.US,5,20211210,205000,15.68,15.68,15.68,15.68,100,0
GGZ.US,5,20211210,210000,15.67,15.68,15.67,15.68,300,0
GGZ.US,5,20211210,211000,15.68,15.68,15.68,15.68,100,0
GGZ.US,5,20211210,212000,15.68,15.68,15.68,15.68,100,0
GGZ.US,5,20211210,213000,15.665,15.665,15.66,15.66,698,0
GGZ.US,5,20211210,214500,15.63,15.63,15.63,15.63,100,0
GGZ.US,5,20211210,215000,15.63,15.63,15.61,15.61,307,0
GGZ.US,5,20211210,215500,15.61,15.62,15.61,15.62,520,0
GGZ.US,5,20211213,153000,15.59,15.59,15.59,15.59,100,0
GGZ.US,5,20211213,153500,15.7518,15.7518,15.7518,15.7518,500,0
GGZ.US,5,20211213,154500,15.58,15.58,15.58,15.58,481,0
GGZ.US,5,20211213,160000,15.5287,15.5287,15.5287,15.5287,275,0
GGZ.US,5,20211213,165500,15.54,15.58,15.54,15.58,300,0
GGZ.US,5,20211213,172000,15.52,15.52,15.41,15.41,300,0
GGZ.US,5,20211213,181500,15.4235,15.4235,15.42,15.42,1300,0
GGZ.US,5,20211213,185500,15.458,15.47,15.458,15.47,328,0
GGZ.US,5,20211213,194000,15.51,15.52,15.51,15.52,200,0
GGZ.US,5,20211213,203500,15.445,15.445,15.445,15.445,100,0
GGZ.US,5,20211213,205000,15.46,15.46,15.46,15.46,100,0
GGZ.US,5,20211213,211500,15.43,15.43,15.43,15.43,200,0
GGZ.US,5,20211213,213000,15.4743,15.4743,15.4743,15.4743,652,0
GGZ.US,5,20211213,213500,15.47,15.48,15.47,15.4799,500,0
GGZ.US,5,20211213,215500,15.42,15.42,15.37,15.37,500,0
GGZ.US,5,20211214,165500,15.4,15.4,15.4,15.4,100,0
GGZ.US,5,20211214,171500,15.37,15.37,15.37,15.37,100,0
GGZ.US,5,20211214,172500,15.37,15.37,15.37,15.37,100,0
GGZ.US,5,20211214,175000,15.375,15.375,15.36,15.36,300,0
GGZ.US,5,20211214,175500,15.36,15.36,15.36,15.36,100,0
GGZ.US,5,20211214,180500,15.33,15.3301,15.33,15.3301,257,0
GGZ.US,5,20211214,181500,15.33,15.33,15.28,15.2801,2100,0
GGZ.US,5,20211214,182000,15.27,15.27,15.27,15.27,200,0
GGZ.US,5,20211214,182500,15.24,15.24,15.24,15.24,200,0
GGZ.US,5,20211214,185000,15.26,15.26,15.26,15.26,100,0
GGZ.US,5,20211214,190000,15.26,15.26,15.26,15.26,100,0
GGZ.US,5,20211214,191500,15.245,15.245,15.245,15.245,100,0
GGZ.US,5,20211214,193000,15.245,15.245,15.245,15.245,200,0
GGZ.US,5,20211214,193500,15.23,15.23,15.23,15.23,300,0
GGZ.US,5,20211214,194000,15.21,15.21,15.21,15.21,300,0
GGZ.US,5,20211214,194500,15.2,15.2,15.2,15.2,200,0
GGZ.US,5,20211214,195000,15.19,15.19,15.19,15.19,100,0
GGZ.US,5,20211214,202000,15.235,15.235,15.21,15.21,300,0
GGZ.US,5,20211214,203000,15.2,15.2,15.2,15.2,100,0
GGZ.US,5,20211214,204500,15.23,15.23,15.23,15.23,100,0
GGZ.US,5,20211214,205500,15.26,15.26,15.26,15.26,100,0
GGZ.US,5,20211214,210500,15.26,15.26,15.26,15.26,100,0
GGZ.US,5,20211214,211500,15.27,15.27,15.27,15.27,100,0
GGZ.US,5,20211214,212500,15.245,15.27,15.245,15.27,200,0
GGZ.US,5,20211214,213500,15.245,15.27,15.245,15.27,200,0
GGZ.US,5,20211214,214000,15.24,15.24,15.24,15.24,304,0
GGZ.US,5,20211214,214500,15.26,15.26,15.26,15.26,100,0
GGZ.US,5,20211214,215000,15.27,15.27,15.21,15.21,500,0
GGZ.US,5,20211214,215500,15.23,15.23,15.15,15.15,400,0
GGZ.US,5,20211215,153000,15.17,15.17,15.17,15.17,106,0
GGZ.US,5,20211215,163000,15.15,15.16,15.15,15.16,200,0
GGZ.US,5,20211215,164500,15.15,15.15,15.15,15.15,100,0
GGZ.US,5,20211215,170500,15.16,15.16,15.16,15.16,200,0
GGZ.US,5,20211215,172000,15.16,15.16,15.16,15.16,100,0
GGZ.US,5,20211215,173500,15.14,15.14,15.14,15.14,100,0
GGZ.US,5,20211215,174000,15.14,15.14,15.14,15.14,100,0
GGZ.US,5,20211215,175000,15.115,15.14,15.115,15.14,600,0
GGZ.US,5,20211215,181000,15.17,15.17,15.17,15.17,100,0
GGZ.US,5,20211215,182000,15.17,15.17,15.17,15.17,100,0
GGZ.US,5,20211215,183500,15.18,15.18,15.18,15.18,100,0
GGZ.US,5,20211215,185500,15.19,15.19,15.19,15.19,100,0
GGZ.US,5,20211215,190000,15.26,15.26,15.18,15.18,200,0
GGZ.US,5,20211215,190500,15.19,15.23,15.1893,15.23,3463,0
GGZ.US,5,20211215,192500,15.22,15.255,15.15,15.255,900,0
GGZ.US,5,20211215,200000,15.18,15.18,15.18,15.18,164,0
GGZ.US,5,20211215,200500,15.21,15.21,15.19,15.19,1400,0
GGZ.US,5,20211215,202000,15.175,15.175,15.17,15.1701,900,0
GGZ.US,5,20211215,202500,15.17,15.18,15.1699,15.18,2474,0
GGZ.US,5,20211215,205500,15.2,15.2,15.2,15.2,2900,0
GGZ.US,5,20211215,210000,15.2,15.25,15.2,15.25,700,0
GGZ.US,5,20211215,210500,15.25,15.53,15.2499,15.2499,1100,0
GGZ.US,5,20211215,211000,15.3,15.3,15.3,15.3,100,0
GGZ.US,5,20211215,211500,15.31,15.31,15.31,15.31,500,0
GGZ.US,5,20211215,212500,15.37,15.37,15.37,15.37,100,0
GGZ.US,5,20211215,213000,15.44,15.44,15.43,15.43,750,0
GGZ.US,5,20211215,213500,15.39,15.45,15.39,15.45,315,0
GGZ.US,5,20211215,214000,15.43,15.43,15.31,15.31,8926,0
GGZ.US,5,20211215,214500,15.37,15.37,15.37,15.37,100,0
GGZ.US,5,20211215,215000,15.43,15.46,15.35,15.46,500,0
GGZ.US,5,20211215,215500,15.43,15.43,15.43,15.43,100,0
GGZ.US,5,20211216,153000,15.43,15.43,15.43,15.43,279,0
GGZ.US,5,20211216,163500,15.3964,15.3964,15.3964,15.3964,417,0
GGZ.US,5,20211216,172000,15.43,15.43,15.43,15.43,100,0
GGZ.US,5,20211216,173500,15.42,15.42,15.42,15.42,100,0
GGZ.US,5,20211216,174500,15.41,15.41,15.41,15.41,100,0
GGZ.US,5,20211216,175500,15.38,15.38,15.38,15.38,100,0
GGZ.US,5,20211216,180000,15.38,15.38,15.38,15.38,100,0
GGZ.US,5,20211216,181000,15.37,15.37,15.37,15.37,100,0
GGZ.US,5,20211216,181500,15.38,15.39,15.37,15.3798,1200,0
GGZ.US,5,20211216,182500,15.3896,15.43,15.3896,15.43,230,0
GGZ.US,5,20211216,183000,15.3698,15.3698,15.3698,15.3698,140,0
GGZ.US,5,20211216,184000,15.43,15.43,15.43,15.43,1077,0
GGZ.US,5,20211216,185500,15.42,15.42,15.42,15.42,100,0
GGZ.US,5,20211216,190500,15.395,15.42,15.395,15.42,1200,0
GGZ.US,5,20211216,192000,15.42,15.42,15.42,15.42,100,0
GGZ.US,5,20211216,193000,15.38,15.38,15.38,15.38,200,0
GGZ.US,5,20211216,193500,15.37,15.37,15.37,15.37,200,0
GGZ.US,5,20211216,194000,15.345,15.345,15.31,15.31,700,0
GGZ.US,5,20211216,203000,15.38,15.38,15.38,15.38,100,0
GGZ.US,5,20211216,203500,15.325,15.325,15.31,15.31,900,0
GGZ.US,5,20211216,210500,15.33,15.33,15.33,15.33,100,0
GGZ.US,5,20211216,211500,15.32,15.32,15.32,15.32,100,0
GGZ.US,5,20211216,213000,15.32,15.32,15.32,15.32,100,0
GGZ.US,5,20211216,213500,15.31,15.31,15.31,15.31,100,0
GGZ.US,5,20211216,214000,15.25,15.285,15.25,15.25,574,0
GGZ.US,5,20211216,215000,15.31,15.31,15.31,15.31,100,0
GGZ.US,5,20211216,215500,15.32,15.33,15.26,15.33,600,0
GGZ.US,5,20211217,153000,15.26,15.26,15.26,15.26,1101,0
GGZ.US,5,20211217,153500,15.245,15.245,15.245,15.245,227,0
GGZ.US,5,20211217,155000,15.19,15.19,15.19,15.19,100,0
GGZ.US,5,20211217,161000,15.25,15.25,15.25,15.25,173,0
GGZ.US,5,20211217,163500,15.19,15.225,15.19,15.225,3300,0
GGZ.US,5,20211217,165500,15.2676,15.2676,15.2676,15.2676,327,0
GGZ.US,5,20211217,171000,15.3699,15.37,15.3699,15.37,260,0
GGZ.US,5,20211217,184500,15.27,15.27,15.2698,15.2698,1100,0
GGZ.US,5,20211217,191000,15.34,15.34,15.34,15.34,165,0
GGZ.US,5,20211217,192000,15.34,15.34,15.34,15.34,200,0
GGZ.US,5,20211220,153000,15.15,15.15,15.15,15.15,111,0
GGZ.US,5,20211220,161000,15.145,15.145,15.145,15.145,100,0
GGZ.US,5,20211220,162000,15.179,15.1875,15.179,15.1875,294,0
GGZ.US,5,20211220,163000,15.06,15.06,15.06,15.06,481,0
GGZ.US,5,20211220,164500,15.0101,15.0101,15.0101,15.0101,287,0
GGZ.US,5,20211220,171500,15.02,15.02,15.02,15.02,200,0
GGZ.US,5,20211220,173000,14.99,14.99,14.99,14.99,1000,0
GGZ.US,5,20211220,173500,15,15,14.9864,14.9872,800,0
GGZ.US,5,20211220,174500,14.98,14.98,14.98,14.98,335,0
GGZ.US,5,20211220,180500,14.99,14.99,14.99,14.99,100,0
GGZ.US,5,20211220,181500,15.03,15.03,15.03,15.03,200,0
GGZ.US,5,20211220,184500,15.015,15.07,14.9579,14.9579,2200,0
GGZ.US,5,20211220,185000,14.989,15.002,14.989,14.989,900,0
GGZ.US,5,20211220,190000,15.07,15.07,15.07,15.07,200,0
GGZ.US,5,20211220,192500,15.02,15.02,15,15,786,0
GGZ.US,5,20211220,193000,15.06,15.06,15.06,15.06,200,0
GGZ.US,5,20211220,194000,15.06,15.06,15.06,15.06,100,0
GGZ.US,5,20211220,203500,15,15,15,15,1299,0
GGZ.US,5,20211220,204000,15.05,15.05,15.05,15.05,105,0
GGZ.US,5,20211220,215000,15.05,15.05,15.05,15.05,100,0
GGZ.US,5,20211220,215500,15,15,15,15,400,0
GGZ.US,5,20211221,153000,15.14,15.14,15.14,15.14,1008,0
GGZ.US,5,20211221,160500,15.15,15.1513,15.15,15.1513,600,0
GGZ.US,5,20211221,165000,15.14,15.14,15.14,15.14,100,0
GGZ.US,5,20211221,170500,15.14,15.14,15.14,15.14,100,0
GGZ.US,5,20211221,172000,15.14,15.14,15.14,15.14,100,0
GGZ.US,5,20211221,173500,15.14,15.14,15.14,15.14,100,0
GGZ.US,5,20211221,174500,15.14,15.14,15.14,15.14,100,0
GGZ.US,5,20211221,175000,15.14,15.14,15.14,15.14,230,0
GGZ.US,5,20211221,175500,15.14,15.14,15.14,15.14,100,0
GGZ.US,5,20211221,180500,15.14,15.2,15.1,15.2,5421,0
GGZ.US,5,20211221,181000,15.19,15.2,15.158,15.2,700,0
GGZ.US,5,20211221,182500,15.1622,15.21,15.155,15.21,3902,0
GGZ.US,5,20211221,183000,15.1622,15.21,15.13,15.2,1312,0
GGZ.US,5,20211221,183500,15.21,15.21,15.21,15.21,100,0
GGZ.US,5,20211221,184000,15.21,15.21,15.21,15.21,700,0
GGZ.US,5,20211221,184500,15.21,15.21,15.21,15.21,100,0
GGZ.US,5,20211221,185500,15.21,15.25,15.21,15.25,1734,0
GGZ.US,5,20211221,190000,15.39,15.39,15.39,15.39,100,0
GGZ.US,5,20211221,190500,15.38,15.38,15.38,15.38,100,0
GGZ.US,5,20211221,192000,15.38,15.38,15.38,15.38,100,0
GGZ.US,5,20211221,193500,15.4,15.4,15.4,15.4,100,0
GGZ.US,5,20211221,194500,15.3741,15.3741,15.3741,15.3741,100,0
GGZ.US,5,20211221,195500,15.4,15.4,15.4,15.4,100,0
GGZ.US,5,20211221,200000,15.3,15.3,15.3,15.3,250,0
GGZ.US,5,20211221,201000,15.4,15.4,15.4,15.4,100,0
GGZ.US,5,20211221,202500,15.4,15.4,15.4,15.4,100,0
GGZ.US,5,20211221,203500,15.4,15.4,15.4,15.4,100,0
GGZ.US,5,20211221,205000,15.4,15.4,15.4,15.4,100,0
GGZ.US,5,20211221,211000,15.39,15.39,15.39,15.39,100,0
GGZ.US,5,20211221,212000,15.214,15.29,15.214,15.29,200,0
GGZ.US,5,20211221,214500,15.29,15.29,15.2101,15.2101,3080,0
GGZ.US,5,20211221,215000,15.25,15.25,15.19,15.19,14630,0
GGZ.US,5,20211221,215500,15.2,15.21,15.2,15.21,1125,0
GGZ.US,5,20211222,153000,15.3,15.3,15.3,15.3,100,0
GGZ.US,5,20211222,155500,15.41,15.41,15.41,15.41,100,0
GGZ.US,5,20211222,161000,15.43,15.43,15.43,15.43,100,0
GGZ.US,5,20211222,161500,15.418,15.418,15.418,15.418,100,0
GGZ.US,5,20211222,162500,15.42,15.42,15.42,15.42,100,0
GGZ.US,5,20211222,164000,15.42,15.42,15.42,15.42,100,0
GGZ.US,5,20211222,170000,15.42,15.42,15.42,15.42,100,0
GGZ.US,5,20211222,172000,15.42,15.42,15.42,15.42,100,0
GGZ.US,5,20211222,173500,15.43,15.43,15.43,15.43,100,0
GGZ.US,5,20211222,175000,15.39,15.43,15.39,15.43,200,0
GGZ.US,5,20211222,180500,15.43,15.43,15.43,15.43,100,0
GGZ.US,5,20211222,182000,15.43,15.43,15.43,15.43,100,0
GGZ.US,5,20211222,183500,15.43,15.43,15.43,15.43,100,0
GGZ.US,5,20211222,185000,15.47,15.47,15.47,15.47,100,0
GGZ.US,5,20211222,190500,15.47,15.47,15.47,15.47,100,0
GGZ.US,5,20211222,191500,15.467,15.48,15.467,15.48,2907,0
GGZ.US,5,20211222,192000,15.48,15.48,15.48,15.48,100,0
GGZ.US,5,20211222,194000,15.47,15.47,15.47,15.47,100,0
GGZ.US,5,20211222,200500,15.48,15.48,15.48,15.48,100,0
GGZ.US,5,20211222,202500,15.48,15.48,15.48,15.48,100,0
GGZ.US,5,20211222,204000,15.48,15.48,15.48,15.48,100,0
GGZ.US,5,20211222,205500,15.48,15.48,15.48,15.48,100,0
GGZ.US,5,20211222,211500,15.47,15.47,15.47,15.47,300,0
GGZ.US,5,20211222,213000,15.46,15.46,15.46,15.46,100,0
GGZ.US,5,20211222,214000,15.46,15.46,15.46,15.46,100,0
GGZ.US,5,20211222,214500,15.48,15.48,15.48,15.48,100,0
GGZ.US,5,20211222,215500,15.59,15.59,15.59,15.59,200,0
GGZ.US,5,20211223,153000,15.54,15.54,15.54,15.54,100,0
GGZ.US,5,20211223,153500,15.6,15.6,15.6,15.6,100,0
GGZ.US,5,20211223,163500,15.57,15.65,15.57,15.63,1510,0
GGZ.US,5,20211223,164500,15.65,15.65,15.63,15.64,1000,0
GGZ.US,5,20211223,165500,15.64,15.64,15.64,15.64,100,0
GGZ.US,5,20211223,170000,15.6059,15.6059,15.6059,15.6059,163,0
GGZ.US,5,20211223,170500,15.6499,15.6499,15.6499,15.6499,300,0
GGZ.US,5,20211223,171000,15.64,15.64,15.64,15.64,100,0
GGZ.US,5,20211223,171500,15.64,15.65,15.64,15.65,690,0
GGZ.US,5,20211223,173000,15.7,15.7,15.7,15.7,100,0
GGZ.US,5,20211223,174500,15.7,15.7,15.7,15.7,100,0
GGZ.US,5,20211223,180000,15.7,15.7,15.7,15.7,100,0
GGZ.US,5,20211223,181500,15.69,15.69,15.69,15.69,100,0
GGZ.US,5,20211223,182000,15.678,15.678,15.678,15.678,1000,0
GGZ.US,5,20211223,182500,15.69,15.69,15.69,15.69,100,0
GGZ.US,5,20211223,184000,15.7,15.7,15.69,15.69,200,0
GGZ.US,5,20211223,184500,15.67,15.67,15.67,15.67,100,0
GGZ.US,5,20211223,185500,15.67,15.67,15.67,15.67,100,0
GGZ.US,5,20211223,190000,15.66,15.67,15.66,15.66,300,0
GGZ.US,5,20211223,190500,15.66,15.665,15.66,15.66,1700,0
GGZ.US,5,20211223,191500,15.66,15.66,15.65,15.65,710,0
GGZ.US,5,20211223,192500,15.59,15.59,15.59,15.59,200,0
GGZ.US,5,20211223,195500,15.66,15.85,15.66,15.85,900,0
GGZ.US,5,20211223,200500,15.82,15.82,15.82,15.82,100,0
GGZ.US,5,20211223,202500,15.82,15.82,15.82,15.82,100,0
GGZ.US,5,20211223,204000,15.74,15.74,15.72,15.72,300,0
GGZ.US,5,20211223,205000,15.73,15.75,15.71,15.71,1588,0
GGZ.US,5,20211223,205500,15.76,15.76,15.72,15.72,200,0
GGZ.US,5,20211223,210000,15.76,15.76,15.76,15.76,200,0
GGZ.US,5,20211223,211000,15.74,15.74,15.721,15.721,200,0
GGZ.US,5,20211223,213000,15.75,15.75,15.71,15.71,200,0
GGZ.US,5,20211223,214000,15.76,15.76,15.76,15.76,100,0
GGZ.US,5,20211223,214500,15.77,15.77,15.77,15.77,100,0
GGZ.US,5,20211223,215000,15.78,15.78,15.78,15.78,100,0
GGZ.US,5,20211223,215500,15.79,15.79,15.79,15.79,200,0
