<TICKER>,<PER>,<DATE>,<TIME>,<OPEN>,<HIGH>,<LOW>,<CLOSE>,<VOL>,<OPENINT>
GK.US,5,20211104,143000,28.06,28.06,27.93,27.93,674,0
GK.US,5,20211104,144000,27.97,27.97,27.97,27.97,200,0
GK.US,5,20211104,144500,28,28,27.9809,27.9809,600,0
GK.US,5,20211104,145000,28.0088,28.0088,28.0088,28.0088,100,0
GK.US,5,20211104,151000,28.08,28.1,28.08,28.0902,300,0
GK.US,5,20211104,162500,28,28,27.95,27.95,10100,0
GK.US,5,20211104,164000,27.97,27.97,27.97,27.97,149,0
GK.US,5,20211104,165000,27.9201,27.9201,27.9201,27.9201,100,0
GK.US,5,20211104,171000,28.06,28.06,28.06,28.06,724,0
GK.US,5,20211104,174500,28.05,28.05,28.05,28.05,100,0
GK.US,5,20211104,175500,28.08,28.08,28.08,28.08,200,0
GK.US,5,20211104,181000,28.12,28.14,28.12,28.14,1300,0
GK.US,5,20211104,185500,28.15,28.18,28.15,28.18,455,0
GK.US,5,20211104,190000,28.14,28.14,28.14,28.14,217,0
GK.US,5,20211104,194000,28.23,28.23,28.23,28.23,400,0
GK.US,5,20211104,194500,28.26,28.26,28.23,28.23,1100,0
GK.US,5,20211104,195500,28.24,28.24,28.23,28.23,1500,0
GK.US,5,20211104,201000,28.162,28.17,28.162,28.17,400,0
GK.US,5,20211104,204500,28.155,28.155,28.155,28.155,100,0
GK.US,5,20211104,205500,28.19,28.2,28.19,28.2,1006,0
GK.US,5,20211105,145000,28.195,28.195,28.195,28.195,200,0
GK.US,5,20211105,161500,28.165,28.165,28.165,28.165,870,0
GK.US,5,20211105,162500,28.15,28.15,28.15,28.15,100,0
GK.US,5,20211105,165000,28.13,28.13,28.13,28.13,170,0
GK.US,5,20211105,170000,28.17,28.19,28.17,28.19,651,0
GK.US,5,20211105,172500,28.15,28.15,28.15,28.15,325,0
GK.US,5,20211105,173000,28.13,28.13,28.13,28.13,425,0
GK.US,5,20211105,173500,28.13,28.13,28.0577,28.0577,1200,0
GK.US,5,20211105,174000,28.07,28.07,28.07,28.07,188,0
GK.US,5,20211105,182000,27.9001,27.9001,27.9001,27.9001,100,0
GK.US,5,20211105,182500,27.9,27.9,27.9,27.9,2158,0
GK.US,5,20211105,184500,27.91,27.91,27.91,27.91,200,0
GK.US,5,20211105,192000,27.955,27.955,27.955,27.955,100,0
GK.US,5,20211105,204500,28.01,28.01,28.01,28.01,100,0
GK.US,5,20211105,205000,28.0044,28.0044,28.0044,28.0044,100,0
GK.US,5,20211105,205500,27.99,27.99,27.99,27.99,100,0
GK.US,5,20211108,153000,27.97,27.97,27.97,27.97,197,0
GK.US,5,20211108,153500,28.0589,28.25,28.04,28.13,1878,0
GK.US,5,20211108,155000,28.1499,28.1499,28.1499,28.1499,100,0
GK.US,5,20211108,160500,28.16,28.16,28.16,28.16,100,0
GK.US,5,20211108,163000,28.25,28.25,28.25,28.25,275,0
GK.US,5,20211108,165000,28.2277,28.2277,28.2277,28.2277,1000,0
GK.US,5,20211108,171500,28.23,28.24,28.23,28.24,1400,0
GK.US,5,20211108,172500,28.216,28.216,28.216,28.216,350,0
GK.US,5,20211108,181500,28.18,28.18,28.16,28.16,400,0
GK.US,5,20211108,182500,28.16,28.161,28.11,28.161,1451,0
GK.US,5,20211108,184000,28.15,28.15,28.15,28.15,400,0
GK.US,5,20211108,190000,28.19,28.19,28.19,28.19,200,0
GK.US,5,20211108,190500,28.23,28.23,28.23,28.23,700,0
GK.US,5,20211108,191500,28.235,28.235,28.235,28.235,150,0
GK.US,5,20211108,192000,28.25,28.25,28.25,28.25,100,0
GK.US,5,20211108,192500,28.25,28.25,28.25,28.25,462,0
GK.US,5,20211108,193000,28.23,28.23,28.23,28.23,275,0
GK.US,5,20211108,194500,28.2399,28.27,28.2399,28.27,400,0
GK.US,5,20211108,195500,28.27,28.27,28.27,28.27,400,0
GK.US,5,20211108,200000,28.26,28.26,28.26,28.26,130,0
GK.US,5,20211108,200500,28.23,28.23,28.23,28.23,100,0
GK.US,5,20211108,201500,28.28,28.28,28.28,28.28,400,0
GK.US,5,20211108,202500,28.2525,28.255,28.24,28.24,550,0
GK.US,5,20211108,205000,28.27,28.27,28.27,28.27,700,0
GK.US,5,20211108,213500,28.23,28.23,28.23,28.23,7000,0
GK.US,5,20211108,214500,28.05,28.05,28.05,28.05,100,0
GK.US,5,20211108,215500,28.11,28.11,28.11,28.11,300,0
GK.US,5,20211109,153000,28.26,28.26,28.26,28.26,100,0
GK.US,5,20211109,153500,28.33,28.33,28.33,28.33,300,0
GK.US,5,20211109,154500,28.2873,28.2873,28.25,28.25,1341,0
GK.US,5,20211109,155500,28.01,28.01,27.91,27.91,2465,0
GK.US,5,20211109,160500,27.7401,27.78,27.7401,27.78,2150,0
GK.US,5,20211109,161000,27.8601,27.8601,27.8601,27.8601,125,0
GK.US,5,20211109,163000,27.91,27.9401,27.91,27.9401,295,0
GK.US,5,20211109,164000,27.9601,27.9601,27.9601,27.9601,300,0
GK.US,5,20211109,164500,28.07,28.07,28.01,28.01,200,0
GK.US,5,20211109,165500,27.9685,27.9685,27.9685,27.9685,700,0
GK.US,5,20211109,173000,27.955,27.955,27.955,27.955,218,0
GK.US,5,20211109,175000,28,28,28,28,900,0
GK.US,5,20211109,180500,27.84,27.84,27.81,27.81,280,0
GK.US,5,20211109,184000,27.89,27.89,27.88,27.89,490,0
GK.US,5,20211109,185000,27.91,27.94,27.91,27.94,969,0
GK.US,5,20211109,190000,27.93,27.93,27.93,27.93,200,0
GK.US,5,20211109,200000,27.84,27.84,27.84,27.84,100,0
GK.US,5,20211109,201000,27.91,27.91,27.91,27.91,600,0
GK.US,5,20211109,201500,27.915,27.915,27.915,27.915,300,0
GK.US,5,20211109,205000,27.95,27.95,27.95,27.95,1300,0
GK.US,5,20211109,205500,27.97,27.98,27.97,27.98,1303,0
GK.US,5,20211109,210500,27.94,27.94,27.94,27.94,200,0
GK.US,5,20211109,212500,27.9,27.9,27.9,27.9,400,0
GK.US,5,20211109,215500,27.91,27.91,27.9,27.91,1296,0
GK.US,5,20211110,153000,27.74,27.74,27.5603,27.5603,629,0
GK.US,5,20211110,161500,27.852,27.852,27.852,27.852,200,0
GK.US,5,20211110,162500,27.8299,27.8299,27.8299,27.8299,110,0
GK.US,5,20211110,172000,27.7701,27.7701,27.7701,27.7701,130,0
GK.US,5,20211110,182500,27.72,27.75,27.72,27.75,400,0
GK.US,5,20211110,185000,27.75,27.75,27.7497,27.7497,500,0
GK.US,5,20211110,185500,27.79,27.81,27.79,27.81,300,0
GK.US,5,20211110,191000,27.74,27.74,27.74,27.74,400,0
GK.US,5,20211110,194500,27.57,27.57,27.57,27.57,200,0
GK.US,5,20211110,195000,27.56,27.56,27.56,27.56,2712,0
GK.US,5,20211110,200000,27.46,27.51,27.46,27.51,800,0
GK.US,5,20211110,204000,27.17,27.17,27.17,27.17,3000,0
GK.US,5,20211110,205500,27.3297,27.3297,27.3297,27.3297,100,0
GK.US,5,20211110,211000,27.39,27.39,27.39,27.39,300,0
GK.US,5,20211110,211500,27.45,27.45,27.45,27.45,100,0
GK.US,5,20211110,213000,27.3701,27.3701,27.3701,27.3701,108,0
GK.US,5,20211110,215000,27.44,27.44,27.44,27.44,300,0
GK.US,5,20211110,215500,27.46,27.46,27.46,27.46,1231,0
GK.US,5,20211111,153000,27.53,27.62,27.48,27.62,380,0
GK.US,5,20211111,160000,27.57,27.57,27.57,27.57,300,0
GK.US,5,20211111,164000,27.576,27.576,27.576,27.576,450,0
GK.US,5,20211111,181500,27.625,27.625,27.625,27.625,100,0
GK.US,5,20211111,184000,27.64,27.65,27.64,27.65,200,0
GK.US,5,20211111,184500,27.66,27.66,27.66,27.66,100,0
GK.US,5,20211111,185000,27.7025,27.705,27.7,27.705,1939,0
GK.US,5,20211111,192500,27.68,27.69,27.68,27.69,300,0
GK.US,5,20211111,193000,27.69,27.705,27.69,27.705,3483,0
GK.US,5,20211111,193500,27.68,27.68,27.68,27.68,1074,0
GK.US,5,20211111,194000,27.7025,27.705,27.695,27.695,939,0
GK.US,5,20211111,195000,27.6975,27.705,27.6975,27.705,639,0
GK.US,5,20211111,195500,27.68,27.68,27.68,27.68,500,0
GK.US,5,20211111,200000,27.7025,27.705,27.69,27.705,2478,0
GK.US,5,20211111,200500,27.7025,27.76,27.65,27.65,3370,0
GK.US,5,20211111,201500,27.63,27.63,27.63,27.63,100,0
GK.US,5,20211111,202000,27.64,27.66,27.635,27.635,1100,0
GK.US,5,20211111,204500,27.62,27.62,27.62,27.62,300,0
GK.US,5,20211111,205000,27.6,27.6,27.6,27.6,100,0
GK.US,5,20211111,211000,27.57,27.57,27.57,27.57,400,0
GK.US,5,20211111,214500,27.57,27.67,27.57,27.67,902,0
GK.US,5,20211112,160000,27.7,27.7,27.63,27.63,644,0
GK.US,5,20211112,174500,27.75,27.75,27.75,27.75,150,0
GK.US,5,20211112,185000,27.85,27.85,27.85,27.85,200,0
GK.US,5,20211112,185500,27.89,27.89,27.89,27.89,251,0
GK.US,5,20211112,190500,27.86,27.86,27.86,27.86,200,0
GK.US,5,20211112,193000,27.91,27.93,27.91,27.93,1000,0
GK.US,5,20211112,200000,27.9,27.91,27.9,27.91,3392,0
GK.US,5,20211112,203000,27.88,27.88,27.88,27.88,1000,0
GK.US,5,20211112,205500,27.93,27.93,27.85,27.85,1852,0
GK.US,5,20211112,211000,27.9256,27.9256,27.9256,27.9256,400,0
GK.US,5,20211112,211500,27.93,27.93,27.93,27.93,100,0
GK.US,5,20211112,215000,27.94,27.94,27.94,27.94,300,0
GK.US,5,20211115,153000,28.19,28.19,28.19,28.19,1696,0
GK.US,5,20211115,153500,27.96,27.96,27.96,27.96,182,0
GK.US,5,20211115,154500,27.93,27.93,27.8617,27.8617,4200,0
GK.US,5,20211115,162500,27.83,27.83,27.83,27.83,2059,0
GK.US,5,20211115,164500,27.765,27.765,27.765,27.765,100,0
GK.US,5,20211115,165500,27.81,27.81,27.81,27.81,100,0
GK.US,5,20211115,173500,27.83,27.83,27.81,27.83,1599,0
GK.US,5,20211115,181000,27.7105,27.7105,27.7105,27.7105,100,0
GK.US,5,20211115,183000,27.68,27.695,27.67,27.68,1267,0
GK.US,5,20211115,192000,27.7207,27.7207,27.7207,27.7207,400,0
GK.US,5,20211115,205000,27.78,27.78,27.78,27.78,200,0
GK.US,5,20211115,205500,27.8,27.8,27.8,27.8,310,0
GK.US,5,20211115,212000,27.83,27.83,27.83,27.83,100,0
GK.US,5,20211115,215000,27.7448,27.7448,27.7448,27.7448,359,0
GK.US,5,20211115,215500,27.84,27.85,27.75,27.75,1800,0
GK.US,5,20211116,153000,27.72,27.7501,27.72,27.7501,425,0
GK.US,5,20211116,154500,27.85,27.85,27.8251,27.8251,358,0
GK.US,5,20211116,160000,27.82,27.82,27.82,27.82,300,0
GK.US,5,20211116,161500,27.875,27.875,27.875,27.875,105,0
GK.US,5,20211116,162500,27.8596,27.8596,27.8596,27.8596,500,0
GK.US,5,20211116,163000,27.87,27.87,27.87,27.87,100,0
GK.US,5,20211116,163500,27.87,27.87,27.87,27.87,241,0
GK.US,5,20211116,164000,27.9383,27.9383,27.9383,27.9383,107,0
GK.US,5,20211116,164500,27.87,27.9085,27.87,27.9085,600,0
GK.US,5,20211116,174000,27.9995,27.9995,27.98,27.98,400,0
GK.US,5,20211116,175000,28.03,28.06,28.03,28.06,1007,0
GK.US,5,20211116,180000,28.0499,28.05,28.0499,28.05,1422,0
GK.US,5,20211116,192500,28.0691,28.0691,28.0691,28.0691,100,0
GK.US,5,20211116,200000,28.09,28.09,28.09,28.09,300,0
GK.US,5,20211116,204500,28.05,28.05,28.05,28.05,100,0
GK.US,5,20211116,205000,28.06,28.06,28.06,28.06,250,0
GK.US,5,20211116,213000,28.07,28.07,28.07,28.07,337,0
GK.US,5,20211116,214000,28.07,28.07,28.07,28.07,750,0
GK.US,5,20211117,153000,27.96,28.02,27.96,28.02,2633,0
GK.US,5,20211117,163500,28.12,28.14,28.12,28.14,514,0
GK.US,5,20211117,174000,28.18,28.18,28.18,28.18,201,0
GK.US,5,20211117,190500,28.04,28.04,28.04,28.04,100,0
GK.US,5,20211117,191000,28.05,28.05,28.05,28.05,100,0
GK.US,5,20211117,194500,28.14,28.14,28.14,28.14,300,0
GK.US,5,20211117,195000,28.16,28.16,28.16,28.16,175,0
GK.US,5,20211117,195500,28.1686,28.17,28.1686,28.17,700,0
GK.US,5,20211117,201500,28.14,28.14,28.14,28.14,194,0
GK.US,5,20211117,202500,28.12,28.12,28.12,28.12,200,0
GK.US,5,20211117,205000,28.08,28.08,28.08,28.08,200,0
GK.US,5,20211117,210500,28.09,28.09,28.09,28.09,300,0
GK.US,5,20211117,213000,28.0748,28.0748,28.0748,28.0748,200,0
GK.US,5,20211117,215000,28.13,28.13,28.13,28.13,500,0
GK.US,5,20211118,153000,28.25,28.25,28.25,28.25,208,0
GK.US,5,20211118,154000,28.27,28.27,28.2393,28.2393,216,0
GK.US,5,20211118,154500,28.25,28.25,28.25,28.25,900,0
GK.US,5,20211118,160500,28.17,28.17,28.17,28.17,200,0
GK.US,5,20211118,161000,27.9211,27.9211,27.9211,27.9211,100,0
GK.US,5,20211118,162000,27.92,27.92,27.92,27.92,300,0
GK.US,5,20211118,165500,28.0377,28.0377,28.0377,28.0377,130,0
GK.US,5,20211118,171500,28.0644,28.0644,28.0644,28.0644,100,0
GK.US,5,20211118,172000,28.06,28.06,28.06,28.06,100,0
GK.US,5,20211118,184500,28.01,28.0101,28.01,28.0101,232,0
GK.US,5,20211118,185500,27.99,27.99,27.99,27.99,200,0
GK.US,5,20211118,191000,28.03,28.03,28.03,28.03,150,0
GK.US,5,20211118,192500,27.98,28,27.98,28,1000,0
GK.US,5,20211118,194500,27.95,27.9666,27.95,27.9666,218,0
GK.US,5,20211118,200000,27.92,27.92,27.89,27.89,834,0
GK.US,5,20211118,201500,27.98,27.98,27.98,27.98,150,0
GK.US,5,20211118,215500,28.01,28.01,28.01,28.01,600,0
GK.US,5,20211119,155000,28.17,28.17,28.17,28.17,100,0
GK.US,5,20211119,160500,28.16,28.18,28.14,28.18,600,0
GK.US,5,20211119,163500,28.155,28.155,28.155,28.155,179,0
GK.US,5,20211119,171000,28.19,28.19,28.19,28.19,100,0
GK.US,5,20211119,175000,28.23,28.25,28.23,28.25,400,0
GK.US,5,20211119,182500,28.27,28.27,28.27,28.27,100,0
GK.US,5,20211119,184500,28.275,28.275,28.275,28.275,100,0
GK.US,5,20211119,185000,28.31,28.31,28.31,28.31,534,0
GK.US,5,20211119,190000,28.275,28.275,28.26,28.26,207,0
GK.US,5,20211119,193500,28.2,28.2,28.195,28.195,200,0
GK.US,5,20211119,203500,28.192,28.21,28.192,28.21,200,0
GK.US,5,20211119,204000,28.18,28.2204,28.18,28.2204,1100,0
GK.US,5,20211119,205000,28.25,28.25,28.21,28.21,200,0
GK.US,5,20211119,205500,28.24,28.24,28.24,28.24,200,0
GK.US,5,20211119,210000,28.25,28.25,28.25,28.25,200,0
GK.US,5,20211119,210500,28.23,28.23,28.22,28.22,200,0
GK.US,5,20211119,211000,28.19,28.19,28.19,28.19,930,0
GK.US,5,20211119,211500,28.19,28.19,28.19,28.19,352,0
GK.US,5,20211119,215000,28.1604,28.1604,28.1604,28.1604,100,0
GK.US,5,20211122,153000,28.46,28.46,28.27,28.27,262,0
GK.US,5,20211122,153500,28.33,28.36,28.3254,28.3351,400,0
GK.US,5,20211122,155000,28.4661,28.4661,28.4661,28.4661,252,0
GK.US,5,20211122,155500,28.4,28.4,28.4,28.4,200,0
GK.US,5,20211122,161000,28.3825,28.385,28.3825,28.385,1000,0
GK.US,5,20211122,161500,28.37,28.38,28.37,28.38,300,0
GK.US,5,20211122,162000,28.38,28.38,28.38,28.38,100,0
GK.US,5,20211122,162500,28.39,28.39,28.38,28.38,300,0
GK.US,5,20211122,164000,28.36,28.36,28.36,28.36,100,0
GK.US,5,20211122,165000,28.3169,28.3169,28.3169,28.3169,581,0
GK.US,5,20211122,170000,28.2,28.2,28.2,28.2,100,0
GK.US,5,20211122,170500,28.1695,28.1695,28.1695,28.1695,175,0
GK.US,5,20211122,171500,28.17,28.19,28.17,28.17,600,0
GK.US,5,20211122,172000,28.1001,28.1001,28.1001,28.1001,108,0
GK.US,5,20211122,173500,28.09,28.09,28.07,28.09,2000,0
GK.US,5,20211122,174000,27.96,27.96,27.96,27.96,199,0
GK.US,5,20211122,180000,27.7,27.7,27.7,27.7,100,0
GK.US,5,20211122,180500,27.76,27.76,27.76,27.76,273,0
GK.US,5,20211122,182000,27.7888,27.7888,27.7888,27.7888,800,0
GK.US,5,20211122,182500,27.8089,27.8089,27.8089,27.8089,200,0
GK.US,5,20211122,184500,27.93,27.97,27.93,27.97,480,0
GK.US,5,20211122,185500,27.9,27.9,27.9,27.9,200,0
GK.US,5,20211122,190000,27.9,27.9,27.9,27.9,100,0
GK.US,5,20211122,192000,27.98,28,27.98,28,300,0
GK.US,5,20211122,193000,27.95,27.95,27.95,27.95,100,0
GK.US,5,20211122,194500,27.965,27.965,27.965,27.965,1785,0
GK.US,5,20211122,202500,27.96,27.96,27.96,27.96,200,0
GK.US,5,20211122,205000,28.03,28.03,28.03,28.03,500,0
GK.US,5,20211122,210500,28.12,28.13,28.12,28.13,3327,0
GK.US,5,20211122,211000,28.19,28.19,28.19,28.19,100,0
GK.US,5,20211122,211500,28.13,28.13,28.13,28.13,500,0
GK.US,5,20211122,212000,28.14,28.14,28.14,28.14,700,0
GK.US,5,20211122,212500,28.13,28.13,28.13,28.13,1000,0
GK.US,5,20211122,214000,27.93,27.93,27.93,27.93,200,0
GK.US,5,20211123,153000,27.91,27.91,27.7475,27.76,482,0
GK.US,5,20211123,153500,27.76,27.76,27.76,27.76,400,0
GK.US,5,20211123,154500,27.835,27.835,27.835,27.835,200,0
GK.US,5,20211123,155000,27.85,27.85,27.85,27.85,165,0
GK.US,5,20211123,160000,27.7021,27.7021,27.7021,27.7021,560,0
GK.US,5,20211123,162000,27.52,27.52,27.52,27.52,252,0
GK.US,5,20211123,164000,27.45,27.45,27.45,27.45,350,0
GK.US,5,20211123,164500,27.39,27.46,27.39,27.46,400,0
GK.US,5,20211123,165000,27.32,27.32,27.32,27.32,225,0
GK.US,5,20211123,165500,27.28,27.28,27.28,27.28,100,0
GK.US,5,20211123,170000,27.125,27.125,27.125,27.125,100,0
GK.US,5,20211123,175000,27.37,27.38,27.37,27.38,2200,0
GK.US,5,20211123,175500,27.27,27.34,27.27,27.34,770,0
GK.US,5,20211123,180000,27.35,27.35,27.34,27.35,7500,0
GK.US,5,20211123,181000,27.32,27.34,27.32,27.34,915,0
GK.US,5,20211123,183000,27.4105,27.4105,27.4105,27.4105,200,0
GK.US,5,20211123,184000,27.38,27.38,27.23,27.23,2062,0
GK.US,5,20211123,185000,27.29,27.29,27.29,27.29,200,0
GK.US,5,20211123,192500,27.19,27.2,27.19,27.2,700,0
GK.US,5,20211123,193500,27.2,27.2,27.2,27.2,200,0
GK.US,5,20211123,194500,27.15,27.151,27.15,27.151,2272,0
GK.US,5,20211123,195000,27.21,27.24,27.21,27.21,700,0
GK.US,5,20211123,200500,27.24,27.24,27.24,27.24,260,0
GK.US,5,20211123,201500,27.17,27.17,27.17,27.17,300,0
GK.US,5,20211123,202000,27.1401,27.1401,27.1401,27.1401,400,0
GK.US,5,20211123,203000,27.2,27.21,27.175,27.175,1200,0
GK.US,5,20211123,203500,27.23,27.26,27.23,27.26,3000,0
GK.US,5,20211123,204000,27.23,27.24,27.23,27.24,1000,0
GK.US,5,20211123,204500,27.1701,27.1701,27.17,27.17,200,0
GK.US,5,20211123,205000,27.315,27.315,27.315,27.315,1644,0
GK.US,5,20211123,210500,27.42,27.44,27.42,27.43,2094,0
GK.US,5,20211123,211500,27.435,27.435,27.435,27.435,1000,0
GK.US,5,20211123,212000,27.44,27.44,27.44,27.44,1410,0
GK.US,5,20211123,212500,27.47,27.47,27.44,27.44,500,0
GK.US,5,20211123,213000,27.44,27.44,27.4,27.4,800,0
GK.US,5,20211123,215000,27.53,27.53,27.53,27.53,400,0
GK.US,5,20211123,215500,27.51,27.52,27.51,27.52,1656,0
GK.US,5,20211124,153000,27.33,27.33,27.09,27.12,2741,0
GK.US,5,20211124,154500,27.03,27.1136,27.03,27.1136,500,0
GK.US,5,20211124,155500,27.3,27.38,27.3,27.38,400,0
GK.US,5,20211124,160000,27.4282,27.45,27.4282,27.45,300,0
GK.US,5,20211124,160500,27.375,27.375,27.375,27.375,180,0
GK.US,5,20211124,161500,27.38,27.38,27.38,27.38,186,0
GK.US,5,20211124,163500,27.5601,27.5601,27.5601,27.5601,150,0
GK.US,5,20211124,164000,27.58,27.58,27.56,27.56,700,0
GK.US,5,20211124,171000,27.52,27.52,27.52,27.52,200,0
GK.US,5,20211124,171500,27.6,27.6,27.6,27.6,120,0
GK.US,5,20211124,172000,27.66,27.66,27.66,27.66,100,0
GK.US,5,20211124,174000,27.68,27.68,27.68,27.68,113,0
GK.US,5,20211124,180000,27.63,27.63,27.63,27.63,342,0
GK.US,5,20211124,201500,27.64,27.6799,27.64,27.6799,1300,0
GK.US,5,20211124,202000,27.69,27.69,27.69,27.69,800,0
GK.US,5,20211124,203000,27.66,27.66,27.66,27.66,1000,0
GK.US,5,20211124,204000,27.69,27.69,27.69,27.69,150,0
GK.US,5,20211124,210000,27.7,27.71,27.7,27.7,1600,0
GK.US,5,20211124,211000,27.74,27.74,27.73,27.74,600,0
GK.US,5,20211124,215000,27.705,27.705,27.695,27.695,348,0
GK.US,5,20211124,215500,27.695,27.74,27.695,27.74,1704,0
GK.US,5,20211126,155500,27.38,27.4485,27.38,27.4485,200,0
GK.US,5,20211126,160000,27.4517,27.4517,27.4517,27.4517,2000,0
GK.US,5,20211126,164000,27.51,27.51,27.51,27.51,120,0
GK.US,5,20211126,171500,27.45,27.45,27.45,27.45,100,0
GK.US,5,20211126,172000,27.36,27.36,27.12,27.12,375,0
GK.US,5,20211126,172500,27.2911,27.36,27.2821,27.36,1432,0
GK.US,5,20211126,175000,27.26,27.26,27.26,27.26,100,0
GK.US,5,20211126,182000,27.255,27.255,27.255,27.255,380,0
GK.US,5,20211126,191000,27.2864,27.2864,27.2864,27.2864,0,0
GK.US,5,20211126,213000,27.2864,27.2864,27.2864,27.2864,0,0
GK.US,5,20211129,153000,27.727,27.727,27.727,27.727,100,0
GK.US,5,20211129,154000,27.59,27.59,27.59,27.59,100,0
GK.US,5,20211129,154500,27.55,27.64,27.55,27.64,400,0
GK.US,5,20211129,161000,27.6,27.6,27.6,27.6,100,0
GK.US,5,20211129,161500,27.64,27.64,27.64,27.64,200,0
GK.US,5,20211129,165000,27.485,27.485,27.485,27.485,385,0
GK.US,5,20211129,165500,27.509,27.509,27.509,27.509,181,0
GK.US,5,20211129,170500,27.5201,27.5201,27.5201,27.5201,100,0
GK.US,5,20211129,171500,27.64,27.64,27.62,27.64,400,0
GK.US,5,20211129,174500,27.6,27.6,27.6,27.6,100,0
GK.US,5,20211129,175000,27.75,27.75,27.75,27.75,100,0
GK.US,5,20211129,175500,27.72,27.72,27.72,27.72,150,0
GK.US,5,20211129,185500,27.86,27.88,27.86,27.88,930,0
GK.US,5,20211129,192000,27.81,27.81,27.81,27.81,100,0
GK.US,5,20211129,194500,27.81,27.81,27.81,27.81,100,0
GK.US,5,20211129,200000,27.819,27.819,27.819,27.819,100,0
GK.US,5,20211129,203000,27.77,27.77,27.77,27.77,124,0
GK.US,5,20211129,204500,27.76,27.76,27.76,27.76,1000,0
GK.US,5,20211129,215500,27.76,27.76,27.76,27.76,1000,0
GK.US,5,20211130,154500,27.6762,27.6762,27.6762,27.6762,100,0
GK.US,5,20211130,155000,27.655,27.655,27.655,27.655,100,0
GK.US,5,20211130,161000,27.75,27.75,27.75,27.75,1518,0
GK.US,5,20211130,171000,27.38,27.62,27.38,27.62,1500,0
GK.US,5,20211130,171500,27.37,27.37,27.36,27.36,200,0
GK.US,5,20211130,173500,27.225,27.225,27.225,27.225,107,0
GK.US,5,20211130,174000,27.18,27.18,27.13,27.13,1384,0
GK.US,5,20211130,174500,27.1,27.1,27.1,27.1,100,0
GK.US,5,20211130,182000,27.14,27.14,27.14,27.14,100,0
GK.US,5,20211130,182500,27.21,27.21,27.21,27.21,100,0
GK.US,5,20211130,190500,27.14,27.14,27.14,27.14,100,0
GK.US,5,20211130,191000,27.13,27.13,27.13,27.13,100,0
GK.US,5,20211130,194500,27.24,27.24,27.24,27.24,100,0
GK.US,5,20211130,195500,27.31,27.31,27.31,27.31,100,0
GK.US,5,20211130,202500,27.2649,27.2649,27.2649,27.2649,100,0
GK.US,5,20211130,203500,27.28,27.28,27.275,27.2756,700,0
GK.US,5,20211130,205000,27.18,27.18,27.18,27.18,600,0
GK.US,5,20211130,211000,27.22,27.23,27.22,27.23,500,0
GK.US,5,20211130,211500,27.22,27.2288,27.2,27.2288,300,0
GK.US,5,20211130,213500,27.1445,27.1445,27.1445,27.1445,180,0
GK.US,5,20211130,215500,27.23,27.23,27.23,27.23,955,0
GK.US,5,20211201,153000,27.59,27.59,27.59,27.59,419,0
GK.US,5,20211201,162000,27.41,27.51,27.4002,27.51,711,0
GK.US,5,20211201,162500,27.5,27.5,27.5,27.5,100,0
GK.US,5,20211201,171500,27.57,27.57,27.57,27.57,500,0
GK.US,5,20211201,175000,27.41,27.41,27.41,27.41,300,0
GK.US,5,20211201,175500,27.33,27.3549,27.33,27.33,800,0
GK.US,5,20211201,182000,27.37,27.37,27.37,27.37,100,0
GK.US,5,20211201,183000,27.33,27.35,27.33,27.35,1984,0
GK.US,5,20211201,184000,27.33,27.35,27.325,27.35,2600,0
GK.US,5,20211201,184500,27.35,27.35,27.34,27.35,8892,0
GK.US,5,20211201,185000,27.2572,27.2572,27.2572,27.2572,160,0
GK.US,5,20211201,185500,27.25,27.25,27.25,27.25,500,0
GK.US,5,20211201,191000,27.07,27.08,27.07,27.08,630,0
GK.US,5,20211201,193500,27.1599,27.1599,27.06,27.06,9779,0
GK.US,5,20211201,194000,27.06,27.079,27.06,27.079,400,0
GK.US,5,20211201,203500,26.96,26.96,26.96,26.96,300,0
GK.US,5,20211201,204500,26.93,26.93,26.92,26.92,700,0
GK.US,5,20211201,210000,26.8,26.8,26.8,26.8,126,0
GK.US,5,20211201,210500,26.7283,26.7283,26.7283,26.7283,118,0
GK.US,5,20211201,212000,26.5706,26.5706,26.57,26.57,250,0
GK.US,5,20211201,212500,26.6,26.6,26.5751,26.5751,200,0
GK.US,5,20211201,213000,26.57,26.57,26.57,26.57,100,0
GK.US,5,20211201,215000,26.55,26.55,26.55,26.55,500,0
GK.US,5,20211201,215500,26.48,26.49,26.39,26.39,401,0
GK.US,5,20211202,153500,26.565,26.565,26.565,26.565,100,0
GK.US,5,20211202,154000,26.625,26.6582,26.625,26.6582,303,0
GK.US,5,20211202,155000,26.75,26.75,26.75,26.75,100,0
GK.US,5,20211202,164000,26.36,26.37,26.36,26.36,500,0
GK.US,5,20211202,164500,26.29,26.29,26.29,26.29,200,0
GK.US,5,20211202,170500,26.44,26.44,26.44,26.44,200,0
GK.US,5,20211202,173000,26.68,26.68,26.68,26.68,200,0
GK.US,5,20211202,173500,26.54,26.54,26.54,26.54,200,0
GK.US,5,20211202,174000,26.5407,26.561,26.5407,26.561,600,0
GK.US,5,20211202,175000,26.62,26.63,26.62,26.63,250,0
GK.US,5,20211202,182500,26.79,26.79,26.79,26.79,200,0
GK.US,5,20211202,184500,26.8291,26.8291,26.8291,26.8291,200,0
GK.US,5,20211202,185000,26.8298,26.8298,26.8298,26.8298,100,0
GK.US,5,20211202,194500,26.57,26.57,26.57,26.57,100,0
GK.US,5,20211202,203500,26.715,26.715,26.715,26.715,100,0
GK.US,5,20211202,211000,26.78,26.78,26.78,26.78,100,0
GK.US,5,20211203,154000,26.674,26.674,26.5982,26.5982,321,0
GK.US,5,20211203,155000,26.4067,26.4067,26.4067,26.4067,106,0
GK.US,5,20211203,160500,26.26,26.26,26.26,26.26,200,0
GK.US,5,20211203,161000,26.2153,26.2153,26.2153,26.2153,325,0
GK.US,5,20211203,163500,26.155,26.155,26.155,26.155,100,0
GK.US,5,20211203,164000,26.12,26.12,26,26,400,0
GK.US,5,20211203,164500,26.03,26.03,26.03,26.03,380,0
GK.US,5,20211203,165000,25.972,25.972,25.972,25.972,100,0
GK.US,5,20211203,165500,26.102,26.102,26.102,26.102,1000,0
GK.US,5,20211203,170500,25.94,25.945,25.93,25.94,1900,0
GK.US,5,20211203,171000,25.94,25.94,25.94,25.94,1899,0
GK.US,5,20211203,172500,26.01,26.09,26.01,26.09,561,0
GK.US,5,20211203,174500,25.91,25.94,25.91,25.94,330,0
GK.US,5,20211203,181000,25.9,25.9,25.9,25.9,100,0
GK.US,5,20211203,181500,25.8901,25.9,25.8901,25.9,419,0
GK.US,5,20211203,184500,26,26,26,26,100,0
GK.US,5,20211203,194500,25.96,25.96,25.9,25.9,400,0
GK.US,5,20211203,200000,25.91,25.91,25.9,25.9,552,0
GK.US,5,20211203,201000,25.94,25.94,25.912,25.912,1152,0
GK.US,5,20211203,201500,25.94,25.94,25.94,25.94,100,0
GK.US,5,20211203,204500,25.95,25.95,25.85,25.85,17200,0
GK.US,5,20211203,205000,25.875,25.92,25.852,25.92,1200,0
GK.US,5,20211203,205500,25.9,25.9,25.9,25.9,3100,0
GK.US,5,20211203,211000,25.8663,25.8663,25.8663,25.8663,200,0
GK.US,5,20211203,211500,25.86,25.86,25.86,25.86,100,0
GK.US,5,20211203,212000,25.95,25.95,25.95,25.95,3690,0
GK.US,5,20211203,212500,25.99,25.99,25.9899,25.9899,300,0
GK.US,5,20211203,214500,25.83,25.83,25.81,25.81,600,0
GK.US,5,20211203,215000,25.9899,25.9899,25.9899,25.9899,100,0
GK.US,5,20211203,215500,25.9983,25.9983,25.9983,25.9983,1500,0
GK.US,5,20211206,153500,25.61,25.61,25.58,25.5816,795,0
GK.US,5,20211206,154000,25.5701,25.5725,25.5,25.5,11526,0
GK.US,5,20211206,161000,25.83,25.83,25.814,25.814,300,0
GK.US,5,20211206,170000,25.9,25.9699,25.9,25.9699,354,0
GK.US,5,20211206,171500,25.871,25.871,25.871,25.871,200,0
GK.US,5,20211206,172500,25.95,25.95,25.95,25.95,800,0
GK.US,5,20211206,173000,25.995,26.04,25.995,26.04,384,0
GK.US,5,20211206,174000,26.1,26.1,26.1,26.1,300,0
GK.US,5,20211206,175500,26.15,26.15,26.15,26.15,3300,0
GK.US,5,20211206,183000,26.066,26.066,26.066,26.066,200,0
GK.US,5,20211206,185000,26.085,26.085,26.085,26.085,110,0
GK.US,5,20211206,195000,26.3,26.3,26.27,26.3,300,0
GK.US,5,20211206,195500,26.27,26.27,26.27,26.27,100,0
GK.US,5,20211206,203000,26.3,26.3,26.3,26.3,300,0
GK.US,5,20211206,205500,26.314,26.4,26.314,26.4,1400,0
GK.US,5,20211206,211000,26.399,26.4,26.399,26.4,1300,0
GK.US,5,20211206,211500,26.43,26.43,26.43,26.43,200,0
GK.US,5,20211206,212500,26.409,26.41,26.409,26.41,500,0
GK.US,5,20211206,213000,26.4,26.4,26.4,26.4,100,0
GK.US,5,20211206,215000,26.31,26.31,26.31,26.31,100,0
GK.US,5,20211207,153000,26.79,26.79,26.695,26.695,697,0
GK.US,5,20211207,153500,26.7,26.7,26.7,26.7,400,0
GK.US,5,20211207,160500,26.91,26.91,26.91,26.91,200,0
GK.US,5,20211207,161000,26.9565,26.9565,26.9565,26.9565,100,0
GK.US,5,20211207,164500,26.99,27,26.99,27,2950,0
GK.US,5,20211207,165000,26.96,27.01,26.96,27.01,896,0
GK.US,5,20211207,171000,26.94,26.95,26.94,26.94,1557,0
GK.US,5,20211207,195000,26.99,26.99,26.99,26.99,125,0
GK.US,5,20211207,200000,26.9954,26.9954,26.9954,26.9954,200,0
GK.US,5,20211207,202500,27.02,27.02,27.02,27.02,100,0
GK.US,5,20211207,213000,26.94,26.94,26.94,26.94,330,0
GK.US,5,20211207,213500,26.91,26.91,26.91,26.91,1000,0
GK.US,5,20211207,215500,27,27,27,27,200,0
GK.US,5,20211208,153500,26.96,26.96,26.9599,26.9599,600,0
GK.US,5,20211208,162000,26.97,26.97,26.97,26.97,158,0
GK.US,5,20211208,171000,26.95,26.95,26.95,26.95,100,0
GK.US,5,20211208,173000,27.1,27.11,27.1,27.11,1130,0
GK.US,5,20211208,183000,27.05,27.052,27.05,27.052,200,0
GK.US,5,20211208,192500,27.2,27.2,27.19,27.19,14000,0
GK.US,5,20211208,200000,27.17,27.17,27.17,27.17,110,0
GK.US,5,20211208,203000,27.08,27.08,27.08,27.08,100,0
GK.US,5,20211208,215500,27.1749,27.1749,27.15,27.15,200,0
GK.US,5,20211209,153000,26.97,26.97,26.97,26.97,110,0
GK.US,5,20211209,153500,27.03,27.03,27.03,27.03,500,0
GK.US,5,20211209,162000,26.97,26.97,26.91,26.91,209,0
GK.US,5,20211209,175000,26.8,26.8001,26.8,26.8,400,0
GK.US,5,20211209,183500,26.85,26.85,26.85,26.85,500,0
GK.US,5,20211209,192500,26.8,26.8,26.8,26.8,100,0
GK.US,5,20211209,200000,26.74,26.75,26.74,26.75,600,0
GK.US,5,20211209,200500,26.75,26.75,26.75,26.75,900,0
GK.US,5,20211209,201500,26.7,26.7,26.7,26.7,400,0
GK.US,5,20211209,202000,26.71,26.71,26.71,26.71,500,0
GK.US,5,20211209,202500,26.72,26.72,26.72,26.72,1000,0
GK.US,5,20211209,203000,26.7,26.7,26.7,26.7,2500,0
GK.US,5,20211209,203500,26.7,26.7,26.7,26.7,500,0
GK.US,5,20211209,204500,26.68,26.68,26.68,26.68,400,0
GK.US,5,20211209,205000,26.68,26.68,26.67,26.67,750,0
GK.US,5,20211209,210000,26.68,26.68,26.68,26.68,100,0
GK.US,5,20211209,210500,26.64,26.64,26.64,26.64,1000,0
GK.US,5,20211209,215500,26.55,26.55,26.55,26.55,400,0
GK.US,5,20211210,155000,26.46,26.46,26.46,26.46,100,0
GK.US,5,20211210,155500,26.43,26.47,26.42,26.47,400,0
GK.US,5,20211210,170000,26.44,26.46,26.44,26.46,899,0
GK.US,5,20211210,171500,26.32,26.32,26.32,26.32,150,0
GK.US,5,20211210,182000,26.4553,26.4553,26.4553,26.4553,200,0
GK.US,5,20211210,184000,26.4694,26.4694,26.4694,26.4694,200,0
GK.US,5,20211210,191000,26.53,26.53,26.53,26.53,151,0
GK.US,5,20211210,192500,26.53,26.53,26.53,26.53,139,0
GK.US,5,20211210,193000,26.51,26.51,26.51,26.51,613,0
GK.US,5,20211210,193500,26.48,26.49,26.48,26.49,1066,0
GK.US,5,20211210,194500,26.43,26.43,26.43,26.43,100,0
GK.US,5,20211210,195000,26.45,26.45,26.45,26.45,100,0
GK.US,5,20211210,200000,26.48,26.496,26.48,26.496,355,0
GK.US,5,20211210,201000,26.46,26.46,26.46,26.46,200,0
GK.US,5,20211210,201500,26.45,26.45,26.45,26.45,100,0
GK.US,5,20211210,202000,26.49,26.49,26.49,26.49,2000,0
GK.US,5,20211210,211000,26.402,26.402,26.402,26.402,125,0
GK.US,5,20211210,215500,26.365,26.59,26.365,26.54,750,0
GK.US,5,20211213,153000,26.54,26.54,26.54,26.54,254,0
GK.US,5,20211213,155000,26.375,26.375,26.375,26.375,200,0
GK.US,5,20211213,160000,26.31,26.31,26.3003,26.3003,600,0
GK.US,5,20211213,165500,26.13,26.13,26.13,26.13,100,0
GK.US,5,20211213,170000,26.118,26.118,26.118,26.118,100,0
GK.US,5,20211213,173500,25.98,25.98,25.98,25.98,100,0
GK.US,5,20211213,174500,25.95,25.95,25.95,25.95,174,0
GK.US,5,20211213,183500,26.0671,26.0671,26.05,26.05,1067,0
GK.US,5,20211213,190500,26.055,26.055,26.055,26.055,110,0
GK.US,5,20211213,191500,26.07,26.08,26.07,26.07,1000,0
GK.US,5,20211213,201000,26.08,26.1,26.075,26.1,13500,0
GK.US,5,20211213,205500,26.1287,26.15,26.1287,26.1287,4700,0
GK.US,5,20211213,212000,26.14,26.14,26.14,26.14,100,0
GK.US,5,20211213,212500,26.115,26.115,26.115,26.115,500,0
GK.US,5,20211213,213500,26.15,26.15,26.1399,26.1399,420,0
GK.US,5,20211213,214500,26.0801,26.11,26.07,26.11,6800,0
GK.US,5,20211213,215000,26.08,26.08,26.08,26.08,400,0
GK.US,5,20211213,215500,26.04,26.05,26,26.03,2107,0
GK.US,5,20211214,153000,25.65,25.65,25.65,25.65,100,0
GK.US,5,20211214,153500,25.68,25.68,25.68,25.68,200,0
GK.US,5,20211214,154000,25.75,25.75,25.75,25.75,200,0
GK.US,5,20211214,154500,25.75,25.75,25.75,25.75,100,0
GK.US,5,20211214,161000,25.73,25.74,25.73,25.74,775,0
GK.US,5,20211214,164000,25.75,25.75,25.75,25.75,100,0
GK.US,5,20211214,165500,25.57,25.57,25.57,25.57,100,0
GK.US,5,20211214,170000,25.55,25.55,25.55,25.55,100,0
GK.US,5,20211214,172000,25.5358,25.5358,25.5358,25.5358,200,0
GK.US,5,20211214,174000,25.505,25.505,25.505,25.505,100,0
GK.US,5,20211214,175500,25.53,25.56,25.53,25.56,13900,0
GK.US,5,20211214,181500,25.53,25.53,25.53,25.53,400,0
GK.US,5,20211214,192000,25.51,25.53,25.51,25.53,1700,0
GK.US,5,20211214,192500,25.55,25.55,25.55,25.55,4000,0
GK.US,5,20211214,193500,25.52,25.52,25.52,25.52,2000,0
GK.US,5,20211214,194000,25.4899,25.49,25.4899,25.49,200,0
GK.US,5,20211214,195500,25.445,25.46,25.4128,25.46,1025,0
GK.US,5,20211214,201000,25.58,25.6,25.58,25.6,650,0
GK.US,5,20211214,203500,25.61,25.61,25.61,25.61,100,0
GK.US,5,20211214,204000,25.61,25.61,25.61,25.61,100,0
GK.US,5,20211214,205000,25.62,25.62,25.6199,25.6199,200,0
GK.US,5,20211214,205500,25.64,25.64,25.64,25.64,346,0
GK.US,5,20211214,214500,25.72,25.72,25.72,25.72,300,0
GK.US,5,20211214,215000,25.7,25.71,25.7,25.71,1426,0
GK.US,5,20211214,215500,25.73,25.74,25.68,25.68,1990,0
GK.US,5,20211215,154000,25.56,25.59,25.56,25.59,500,0
GK.US,5,20211215,163500,25.5294,25.5294,25.5294,25.5294,170,0
GK.US,5,20211215,170000,25.46,25.46,25.46,25.46,175,0
GK.US,5,20211215,185500,25.36,25.36,25.3443,25.3443,200,0
GK.US,5,20211215,190500,25.3436,25.3436,25.3436,25.3436,100,0
GK.US,5,20211215,194500,25.42,25.42,25.42,25.42,200,0
GK.US,5,20211215,195500,25.465,25.465,25.465,25.465,100,0
GK.US,5,20211215,200000,25.38,25.38,25.31,25.31,600,0
GK.US,5,20211215,200500,25.66,25.69,25.66,25.6699,2200,0
GK.US,5,20211215,202000,25.74,25.74,25.74,25.74,8991,0
GK.US,5,20211215,202500,25.63,25.63,25.6,25.6,250,0
GK.US,5,20211215,203000,25.555,25.56,25.55,25.555,400,0
GK.US,5,20211215,204000,25.697,25.697,25.697,25.697,150,0
GK.US,5,20211215,211000,25.88,25.88,25.88,25.88,500,0
GK.US,5,20211215,212500,26.09,26.09,26.09,26.09,250,0
GK.US,5,20211215,213000,26.11,26.11,26.11,26.11,225,0
GK.US,5,20211215,215500,26.19,26.19,26.19,26.19,120,0
GK.US,5,20211216,153000,26.2762,26.2762,26.2762,26.2762,200,0
GK.US,5,20211216,154500,26.15,26.15,26.15,26.15,150,0
GK.US,5,20211216,160000,25.9699,25.9699,25.9699,25.9699,100,0
GK.US,5,20211216,162500,26,26.07,26,26.04,1100,0
GK.US,5,20211216,165500,25.9001,25.9001,25.9,25.9,800,0
GK.US,5,20211216,170000,25.9199,25.9199,25.9199,25.9199,200,0
GK.US,5,20211216,170500,25.79,25.79,25.79,25.79,200,0
GK.US,5,20211216,171000,25.79,25.79,25.79,25.79,100,0
GK.US,5,20211216,171500,25.77,25.77,25.77,25.77,100,0
GK.US,5,20211216,172000,25.79,25.79,25.79,25.79,1000,0
GK.US,5,20211216,173000,25.8,25.82,25.79,25.79,350,0
GK.US,5,20211216,173500,25.735,25.77,25.71,25.77,800,0
GK.US,5,20211216,175500,25.682,25.682,25.682,25.682,271,0
GK.US,5,20211216,181000,25.65,25.65,25.65,25.65,300,0
GK.US,5,20211216,181500,25.65,25.65,25.65,25.65,700,0
GK.US,5,20211216,182500,25.6294,25.6294,25.6294,25.6294,100,0
GK.US,5,20211216,183000,25.6177,25.6177,25.6177,25.6177,156,0
GK.US,5,20211216,192000,25.68,25.69,25.68,25.69,5400,0
GK.US,5,20211216,195500,25.67,25.68,25.67,25.68,2000,0
GK.US,5,20211216,200500,25.65,25.65,25.65,25.65,700,0
GK.US,5,20211216,201500,25.56,25.56,25.5,25.5,9096,0
GK.US,5,20211216,204500,25.5,25.5,25.46,25.46,200,0
GK.US,5,20211216,210500,25.43,25.43,25.42,25.42,2263,0
GK.US,5,20211217,153500,25.21,25.21,25.21,25.21,100,0
GK.US,5,20211217,154000,25.15,25.15,25.15,25.15,400,0
GK.US,5,20211217,154500,25.15,25.15,25.15,25.15,500,0
GK.US,5,20211217,155500,25.34,25.34,25.34,25.34,120,0
GK.US,5,20211217,162000,25.18,25.18,25.18,25.18,100,0
GK.US,5,20211217,163000,25.2769,25.2769,25.2769,25.2769,100,0
GK.US,5,20211217,163500,25.45,25.45,25.45,25.45,100,0
GK.US,5,20211217,164000,25.51,25.51,25.49,25.5,59729,0
GK.US,5,20211217,171500,25.64,25.64,25.6,25.6,1000,0
GK.US,5,20211217,173000,25.62,25.64,25.62,25.64,1200,0
GK.US,5,20211217,174000,25.5,25.5,25.5,25.5,200,0
GK.US,5,20211217,182500,25.4901,25.4901,25.4901,25.4901,196,0
GK.US,5,20211217,195000,25.644,25.644,25.644,25.644,183,0
GK.US,5,20211217,201500,25.68,25.68,25.68,25.68,117,0
GK.US,5,20211217,205000,25.6825,25.685,25.6825,25.685,932,0
GK.US,5,20211217,212000,25.6,25.6,25.59,25.59,1571,0
GK.US,5,20211220,161500,25.05,25.05,25.05,25.05,382,0
GK.US,5,20211220,165000,25,25,25,25,100,0
GK.US,5,20211220,173500,24.87,24.87,24.87,24.87,300,0
GK.US,5,20211220,174000,24.85,24.85,24.85,24.85,500,0
GK.US,5,20211220,175000,24.98,24.98,24.98,24.98,100,0
GK.US,5,20211220,182000,24.975,24.975,24.975,24.975,787,0
GK.US,5,20211220,183500,24.8806,24.8806,24.8806,24.8806,500,0
GK.US,5,20211220,184000,24.9296,24.9296,24.9296,24.9296,100,0
GK.US,5,20211220,184500,24.91,24.92,24.91,24.92,2000,0
GK.US,5,20211220,185000,24.93,24.93,24.93,24.93,1000,0
GK.US,5,20211220,185500,24.94,24.94,24.94,24.94,100,0
GK.US,5,20211220,191000,24.94,24.94,24.94,24.94,148,0
GK.US,5,20211220,194000,25.04,25.04,25.04,25.04,100,0
GK.US,5,20211220,200000,25.03,25.03,25.03,25.03,1000,0
GK.US,5,20211220,202000,25.0604,25.0604,25.0604,25.0604,400,0
GK.US,5,20211220,202500,25.0507,25.0507,25.0507,25.0507,130,0
GK.US,5,20211220,203000,25,25,25,25,1000,0
GK.US,5,20211220,204000,25.0046,25.0051,25.0046,25.0051,200,0
GK.US,5,20211220,210000,25.12,25.12,25.12,25.12,600,0
GK.US,5,20211220,210500,25.06,25.06,25.06,25.06,200,0
GK.US,5,20211220,214500,25.09,25.1,25.09,25.09,1100,0
GK.US,5,20211220,215500,25.11,25.11,25.11,25.11,1355,0
GK.US,5,20211221,153000,25.33,25.4568,25.33,25.4568,1103,0
GK.US,5,20211221,153500,25.4307,25.54,25.4307,25.54,355,0
GK.US,5,20211221,154500,25.3036,25.3036,25.3036,25.3036,110,0
GK.US,5,20211221,155000,25.3101,25.3101,25.3101,25.3101,100,0
GK.US,5,20211221,161500,25.38,25.38,25.38,25.38,100,0
GK.US,5,20211221,181000,25.52,25.52,25.5105,25.5105,754,0
GK.US,5,20211221,181500,25.52,25.52,25.52,25.52,500,0
GK.US,5,20211221,182000,25.51,25.51,25.51,25.51,100,0
GK.US,5,20211221,191500,25.59,25.5988,25.57,25.595,4031,0
GK.US,5,20211221,193000,25.67,25.67,25.67,25.67,100,0
GK.US,5,20211221,193500,25.6812,25.6812,25.6812,25.6812,136,0
GK.US,5,20211221,200000,25.72,25.74,25.72,25.74,3000,0
GK.US,5,20211221,204500,25.75,25.75,25.75,25.75,100,0
GK.US,5,20211221,205500,25.72,25.72,25.72,25.72,143,0
GK.US,5,20211221,212000,25.68,25.68,25.68,25.68,200,0
GK.US,5,20211221,215500,25.8,25.8,25.8,25.8,280,0
GK.US,5,20211222,153500,25.8,25.8,25.8,25.8,1082,0
GK.US,5,20211222,160500,25.78,25.805,25.69,25.805,7194,0
GK.US,5,20211222,170500,26.05,26.05,26.05,26.05,300,0
GK.US,5,20211222,171000,26.07,26.08,26.06,26.06,600,0
GK.US,5,20211222,173500,26.13,26.13,26.13,26.13,138,0
GK.US,5,20211222,174000,26.14,26.14,26.14,26.14,145,0
GK.US,5,20211222,174500,26.1,26.1,26.1,26.1,3358,0
GK.US,5,20211222,180000,26.1,26.1,26.1,26.1,100,0
GK.US,5,20211222,182000,26.11,26.11,26.1,26.1,5556,0
GK.US,5,20211222,182500,26.07,26.0812,26.07,26.0812,350,0
GK.US,5,20211222,183500,26.09,26.09,26.09,26.09,300,0
GK.US,5,20211222,190000,26.0799,26.0799,26.0799,26.0799,345,0
GK.US,5,20211222,191000,26.066,26.066,26.066,26.066,100,0
GK.US,5,20211222,191500,26.07,26.07,26.07,26.07,1271,0
GK.US,5,20211222,192500,26.05,26.05,26.05,26.05,300,0
GK.US,5,20211222,200000,25.9601,25.9601,25.9601,25.9601,125,0
GK.US,5,20211222,205000,26.1,26.1,26.1,26.1,200,0
GK.US,5,20211222,210000,26.12,26.12,26.12,26.12,180,0
GK.US,5,20211222,215000,26.14,26.14,26.13,26.14,400,0
GK.US,5,20211223,153000,26.41,26.41,26.41,26.41,1616,0
GK.US,5,20211223,155500,26.22,26.22,26.22,26.22,400,0
GK.US,5,20211223,160500,26.22,26.22,26.22,26.22,210,0
GK.US,5,20211223,161000,26.26,26.26,26.26,26.26,300,0
GK.US,5,20211223,183500,26.43,26.43,26.42,26.43,2815,0
GK.US,5,20211223,184500,26.44,26.445,26.44,26.445,300,0
GK.US,5,20211223,185000,26.47,26.47,26.44,26.44,2942,0
GK.US,5,20211223,190000,26.46,26.46,26.46,26.46,1500,0
GK.US,5,20211223,191500,26.47,26.47,26.47,26.47,1300,0
GK.US,5,20211223,192500,26.49,26.49,26.49,26.49,2000,0
GK.US,5,20211223,193500,26.48,26.48,26.48,26.48,1000,0
GK.US,5,20211223,195000,26.5,26.5,26.5,26.5,2000,0
GK.US,5,20211223,201500,26.49,26.49,26.49,26.49,400,0
GK.US,5,20211223,202500,26.46,26.49,26.46,26.49,380,0
GK.US,5,20211223,203500,26.46,26.46,26.46,26.46,100,0
GK.US,5,20211223,205500,26.48,26.48,26.4788,26.4788,1166,0
GK.US,5,20211223,210500,26.4,26.4,26.4,26.4,100,0
GK.US,5,20211223,212500,26.45,26.45,26.45,26.45,1155,0
GK.US,5,20211223,215500,26.55,26.76,26.55,26.76,1108,0
