<TICKER>,<PER>,<DATE>,<TIME>,<OPEN>,<HIGH>,<LOW>,<CLOSE>,<VOL>,<OPENINT>
ALJJ.US,5,20211104,143000,1.1,1.1,1.1,1.1,1107,0
ALJJ.US,5,20211104,144000,1.11,1.11,1.11,1.11,200,0
ALJJ.US,5,20211104,151000,1.135,1.135,1.1105,1.1105,835,0
ALJJ.US,5,20211104,162000,1.14,1.14,1.14,1.14,250,0
ALJJ.US,5,20211104,165500,1.1375,1.1375,1.1375,1.1375,200,0
ALJJ.US,5,20211104,171000,1.11,1.11,1.11,1.11,780,0
ALJJ.US,5,20211104,174500,1.12,1.12,1.12,1.12,179,0
ALJJ.US,5,20211104,181000,1.115,1.115,1.115,1.115,255,0
ALJJ.US,5,20211104,183500,1.12,1.12,1.12,1.12,800,0
ALJJ.US,5,20211104,191000,1.14,1.15,1.135,1.15,9864,0
ALJJ.US,5,20211104,191500,1.14,1.14,1.14,1.14,456,0
ALJJ.US,5,20211104,193500,1.141,1.141,1.141,1.141,3000,0
ALJJ.US,5,20211104,194000,1.14,1.1467,1.14,1.14,6900,0
ALJJ.US,5,20211104,205500,1.1399,1.1399,1.11,1.11,1403,0
ALJJ.US,5,20211105,143000,1.13,1.13,1.13,1.13,490,0
ALJJ.US,5,20211105,145000,1.16,1.18,1.16,1.18,2000,0
ALJJ.US,5,20211105,151000,1.14,1.14,1.11,1.121,10087,0
ALJJ.US,5,20211105,152000,1.1742,1.1742,1.1742,1.1742,193,0
ALJJ.US,5,20211105,153000,1.145,1.145,1.145,1.145,1500,0
ALJJ.US,5,20211105,165000,1.1401,1.1781,1.1401,1.1781,1500,0
ALJJ.US,5,20211105,170000,1.1433,1.1433,1.1433,1.1433,143,0
ALJJ.US,5,20211105,174000,1.17,1.17,1.17,1.17,299,0
ALJJ.US,5,20211105,180000,1.17,1.17,1.17,1.17,100,0
ALJJ.US,5,20211105,185000,1.1401,1.1405,1.14,1.1403,2400,0
ALJJ.US,5,20211105,190500,1.13,1.13,1.13,1.13,176,0
ALJJ.US,5,20211105,191000,1.13,1.13,1.13,1.13,376,0
ALJJ.US,5,20211105,191500,1.11,1.11,1.11,1.11,2000,0
ALJJ.US,5,20211105,192500,1.125,1.125,1.125,1.125,800,0
ALJJ.US,5,20211105,202000,1.12,1.12,1.1,1.1,5000,0
ALJJ.US,5,20211105,205500,1.125,1.14,1.125,1.13,1121,0
ALJJ.US,5,20211108,153000,1.165,1.1899,1.165,1.1899,2000,0
ALJJ.US,5,20211108,160000,1.1854,1.1854,1.1418,1.1418,3250,0
ALJJ.US,5,20211108,160500,1.13,1.13,1.13,1.13,1757,0
ALJJ.US,5,20211108,170000,1.1687,1.1687,1.1687,1.1687,500,0
ALJJ.US,5,20211108,171000,1.1642,1.1642,1.1642,1.1642,250,0
ALJJ.US,5,20211108,172000,1.15,1.1503,1.15,1.1503,4748,0
ALJJ.US,5,20211108,174500,1.1689,1.1689,1.1689,1.1689,1500,0
ALJJ.US,5,20211108,185500,1.155,1.155,1.155,1.155,200,0
ALJJ.US,5,20211108,202000,1.13,1.13,1.13,1.13,199,0
ALJJ.US,5,20211108,213000,1.13,1.13,1.13,1.13,120,0
ALJJ.US,5,20211108,215500,1.16,1.16,1.16,1.16,205,0
ALJJ.US,5,20211109,153000,1.14,1.14,1.14,1.14,535,0
ALJJ.US,5,20211109,155000,1.16,1.16,1.16,1.16,125,0
ALJJ.US,5,20211109,155500,1.1201,1.1201,1.1201,1.1201,2500,0
ALJJ.US,5,20211109,160500,1.16,1.16,1.16,1.16,377,0
ALJJ.US,5,20211109,163500,1.17,1.17,1.17,1.17,100,0
ALJJ.US,5,20211109,170500,1.175,1.175,1.175,1.175,200,0
ALJJ.US,5,20211109,174000,1.19,1.19,1.19,1.19,600,0
ALJJ.US,5,20211109,175500,1.1886,1.1886,1.1886,1.1886,1500,0
ALJJ.US,5,20211109,183000,1.1727,1.1727,1.1727,1.1727,110,0
ALJJ.US,5,20211109,183500,1.18,1.18,1.18,1.18,670,0
ALJJ.US,5,20211109,191000,1.1605,1.18,1.1605,1.18,8000,0
ALJJ.US,5,20211109,192500,1.16,1.16,1.16,1.16,1600,0
ALJJ.US,5,20211109,194500,1.16,1.16,1.16,1.16,200,0
ALJJ.US,5,20211109,202500,1.17,1.17,1.17,1.17,5000,0
ALJJ.US,5,20211109,205000,1.18,1.18,1.16,1.16,29144,0
ALJJ.US,5,20211109,210000,1.175,1.175,1.175,1.175,100,0
ALJJ.US,5,20211109,210500,1.175,1.175,1.175,1.175,200,0
ALJJ.US,5,20211109,211500,1.1899,1.1899,1.185,1.185,1000,0
ALJJ.US,5,20211109,214000,1.185,1.185,1.185,1.185,600,0
ALJJ.US,5,20211109,214500,1.18,1.18,1.18,1.18,100,0
ALJJ.US,5,20211109,215000,1.1894,1.1894,1.1894,1.1894,200,0
ALJJ.US,5,20211109,215500,1.18,1.18,1.18,1.18,5060,0
ALJJ.US,5,20211110,153000,1.16,1.16,1.16,1.16,252,0
ALJJ.US,5,20211110,154000,1.1794,1.1794,1.1794,1.1794,4000,0
ALJJ.US,5,20211110,162000,1.1616,1.1616,1.1616,1.1616,400,0
ALJJ.US,5,20211110,164000,1.16,1.16,1.16,1.16,1206,0
ALJJ.US,5,20211110,165000,1.1601,1.1601,1.1601,1.1601,200,0
ALJJ.US,5,20211110,171500,1.16,1.162,1.16,1.162,280,0
ALJJ.US,5,20211110,172000,1.1619,1.1619,1.1619,1.1619,150,0
ALJJ.US,5,20211110,180000,1.175,1.175,1.175,1.175,100,0
ALJJ.US,5,20211110,183000,1.175,1.175,1.175,1.175,100,0
ALJJ.US,5,20211110,192500,1.17,1.17,1.17,1.17,100,0
ALJJ.US,5,20211110,195500,1.18,1.18,1.18,1.18,100,0
ALJJ.US,5,20211110,200000,1.17,1.17,1.17,1.17,100,0
ALJJ.US,5,20211110,205000,1.16,1.16,1.16,1.16,445,0
ALJJ.US,5,20211110,205500,1.17,1.17,1.17,1.17,110,0
ALJJ.US,5,20211110,213500,1.1741,1.1741,1.1741,1.1741,100,0
ALJJ.US,5,20211110,215000,1.16,1.1601,1.15,1.15,6173,0
ALJJ.US,5,20211110,215500,1.15,1.1501,1.15,1.1501,15470,0
ALJJ.US,5,20211111,153000,1.13,1.13,1.13,1.13,1065,0
ALJJ.US,5,20211111,154500,1.13,1.13,1.13,1.13,1484,0
ALJJ.US,5,20211111,162000,1.12,1.12,1.11,1.11,700,0
ALJJ.US,5,20211111,163500,1.1101,1.1101,1.1101,1.1101,583,0
ALJJ.US,5,20211111,173500,1.1171,1.1171,1.1171,1.1171,400,0
ALJJ.US,5,20211111,180500,1.15,1.15,1.15,1.15,100,0
ALJJ.US,5,20211111,193500,1.11,1.11,1.11,1.11,349,0
ALJJ.US,5,20211111,194500,1.1,1.1035,1.1,1.1,4187,0
ALJJ.US,5,20211111,195500,1.1,1.12,1.1,1.1184,4162,0
ALJJ.US,5,20211111,200000,1.12,1.12,1.12,1.12,200,0
ALJJ.US,5,20211111,201000,1.1372,1.1372,1.1372,1.1372,1000,0
ALJJ.US,5,20211111,201500,1.112,1.112,1.112,1.112,200,0
ALJJ.US,5,20211111,202000,1.125,1.125,1.125,1.125,100,0
ALJJ.US,5,20211111,204000,1.12,1.12,1.1,1.1,499,0
ALJJ.US,5,20211111,211000,1.1109,1.1109,1.1109,1.1109,240,0
ALJJ.US,5,20211111,213000,1.1291,1.1291,1.1291,1.1291,200,0
ALJJ.US,5,20211111,215500,1.1,1.1,1.1,1.1,1268,0
ALJJ.US,5,20211112,153000,1.1,1.1,1.1,1.1,1135,0
ALJJ.US,5,20211112,153500,1.14,1.14,1.14,1.14,100,0
ALJJ.US,5,20211112,154000,1.14,1.14,1.14,1.14,200,0
ALJJ.US,5,20211112,154500,1.14,1.14,1.139,1.14,2094,0
ALJJ.US,5,20211112,155000,1.14,1.14,1.11,1.14,964,0
ALJJ.US,5,20211112,155500,1.14,1.14,1.14,1.14,100,0
ALJJ.US,5,20211112,160000,1.14,1.14,1.14,1.14,200,0
ALJJ.US,5,20211112,160500,1.14,1.14,1.14,1.14,100,0
ALJJ.US,5,20211112,161000,1.14,1.14,1.14,1.14,100,0
ALJJ.US,5,20211112,161500,1.14,1.14,1.14,1.14,200,0
ALJJ.US,5,20211112,162000,1.14,1.14,1.14,1.14,100,0
ALJJ.US,5,20211112,162500,1.14,1.14,1.14,1.14,100,0
ALJJ.US,5,20211112,163000,1.14,1.14,1.14,1.14,100,0
ALJJ.US,5,20211112,163500,1.14,1.14,1.14,1.14,100,0
ALJJ.US,5,20211112,164000,1.14,1.14,1.14,1.14,100,0
ALJJ.US,5,20211112,165000,1.14,1.14,1.14,1.14,200,0
ALJJ.US,5,20211112,165500,1.14,1.14,1.14,1.14,100,0
ALJJ.US,5,20211112,170000,1.14,1.14,1.14,1.14,100,0
ALJJ.US,5,20211112,170500,1.14,1.14,1.14,1.14,100,0
ALJJ.US,5,20211112,171000,1.13,1.14,1.13,1.14,1600,0
ALJJ.US,5,20211112,171500,1.14,1.14,1.14,1.14,100,0
ALJJ.US,5,20211112,172000,1.14,1.14,1.14,1.14,100,0
ALJJ.US,5,20211112,173500,1.14,1.14,1.14,1.14,100,0
ALJJ.US,5,20211112,180500,1.13,1.13,1.13,1.13,100,0
ALJJ.US,5,20211112,181500,1.13,1.13,1.13,1.13,100,0
ALJJ.US,5,20211112,182000,1.13,1.13,1.13,1.13,100,0
ALJJ.US,5,20211112,182500,1.13,1.13,1.13,1.13,100,0
ALJJ.US,5,20211112,183000,1.13,1.13,1.13,1.13,100,0
ALJJ.US,5,20211112,185000,1.13,1.13,1.13,1.13,100,0
ALJJ.US,5,20211112,190000,1.13,1.13,1.13,1.13,100,0
ALJJ.US,5,20211112,190500,1.13,1.13,1.13,1.13,100,0
ALJJ.US,5,20211112,191000,1.13,1.13,1.13,1.13,100,0
ALJJ.US,5,20211112,192000,1.13,1.13,1.13,1.13,100,0
ALJJ.US,5,20211112,192500,1.13,1.13,1.13,1.13,100,0
ALJJ.US,5,20211112,194500,1.14,1.14,1.14,1.14,100,0
ALJJ.US,5,20211112,195000,1.14,1.14,1.14,1.14,100,0
ALJJ.US,5,20211112,195500,1.14,1.14,1.14,1.14,100,0
ALJJ.US,5,20211112,201000,1.14,1.14,1.14,1.14,100,0
ALJJ.US,5,20211112,201500,1.14,1.14,1.14,1.14,100,0
ALJJ.US,5,20211112,202000,1.13,1.13,1.13,1.13,100,0
ALJJ.US,5,20211112,202500,1.1387,1.1387,1.1387,1.1387,1000,0
ALJJ.US,5,20211112,203000,1.14,1.14,1.14,1.14,100,0
ALJJ.US,5,20211112,203500,1.14,1.14,1.14,1.14,100,0
ALJJ.US,5,20211112,204000,1.14,1.14,1.14,1.14,100,0
ALJJ.US,5,20211112,204500,1.14,1.14,1.14,1.14,100,0
ALJJ.US,5,20211112,205000,1.14,1.14,1.14,1.14,100,0
ALJJ.US,5,20211112,210000,1.14,1.14,1.13,1.13,200,0
ALJJ.US,5,20211112,210500,1.14,1.14,1.14,1.14,100,0
ALJJ.US,5,20211112,211500,1.14,1.14,1.14,1.14,100,0
ALJJ.US,5,20211112,212000,1.14,1.14,1.14,1.14,100,0
ALJJ.US,5,20211112,212500,1.14,1.14,1.14,1.14,100,0
ALJJ.US,5,20211112,213000,1.14,1.14,1.14,1.14,100,0
ALJJ.US,5,20211112,213500,1.14,1.14,1.14,1.14,200,0
ALJJ.US,5,20211112,214000,1.14,1.14,1.14,1.14,200,0
ALJJ.US,5,20211112,214500,1.14,1.14,1.14,1.14,200,0
ALJJ.US,5,20211112,215000,1.14,1.14,1.14,1.14,300,0
ALJJ.US,5,20211112,215500,1.14,1.14,1.12,1.13,881,0
ALJJ.US,5,20211115,153000,1.11,1.11,1.11,1.11,1104,0
ALJJ.US,5,20211115,154000,1.1,1.1,1.1,1.1,100,0
ALJJ.US,5,20211115,154500,1.12,1.12,1.12,1.12,500,0
ALJJ.US,5,20211115,171500,1.1208,1.1208,1.1208,1.1208,100,0
ALJJ.US,5,20211115,174500,1.1201,1.1201,1.1201,1.1201,2673,0
ALJJ.US,5,20211115,181000,1.1201,1.1201,1.1,1.1009,26120,0
ALJJ.US,5,20211115,185500,1.12,1.12,1.12,1.12,100,0
ALJJ.US,5,20211115,212000,1.12,1.13,1.12,1.13,1185,0
ALJJ.US,5,20211115,213500,1.14,1.14,1.14,1.14,100,0
ALJJ.US,5,20211115,215500,1.15,1.15,1.14,1.14,1281,0
ALJJ.US,5,20211116,153000,1.14,1.14,1.14,1.14,1094,0
ALJJ.US,5,20211116,161500,1.145,1.145,1.145,1.145,111,0
ALJJ.US,5,20211116,164000,1.14,1.1417,1.14,1.14,5337,0
ALJJ.US,5,20211116,171500,1.12,1.12,1.12,1.12,100,0
ALJJ.US,5,20211116,172000,1.12,1.12,1.1137,1.1137,400,0
ALJJ.US,5,20211116,173500,1.1284,1.1284,1.1284,1.1284,1000,0
ALJJ.US,5,20211116,174000,1.1026,1.1026,1.1026,1.1026,500,0
ALJJ.US,5,20211116,175000,1.13,1.15,1.13,1.15,2745,0
ALJJ.US,5,20211116,180500,1.1518,1.1518,1.1518,1.1518,249,0
ALJJ.US,5,20211116,183000,1.16,1.16,1.16,1.16,200,0
ALJJ.US,5,20211116,184000,1.1599,1.16,1.155,1.16,2200,0
ALJJ.US,5,20211116,184500,1.1599,1.1599,1.1599,1.1599,2500,0
ALJJ.US,5,20211116,193000,1.16,1.16,1.16,1.16,100,0
ALJJ.US,5,20211116,195500,1.15,1.15,1.15,1.15,299,0
ALJJ.US,5,20211116,202500,1.1695,1.1695,1.1695,1.1695,4000,0
ALJJ.US,5,20211116,213500,1.1699,1.17,1.1699,1.17,1000,0
ALJJ.US,5,20211116,215000,1.16,1.16,1.155,1.16,1950,0
ALJJ.US,5,20211116,215500,1.16,1.16,1.16,1.16,838,0
ALJJ.US,5,20211117,153000,1.14,1.14,1.14,1.14,1982,0
ALJJ.US,5,20211117,155500,1.149,1.149,1.149,1.149,941,0
ALJJ.US,5,20211117,161000,1.11,1.11,1.11,1.11,200,0
ALJJ.US,5,20211117,161500,1.1,1.1,1.1,1.1,310,0
ALJJ.US,5,20211117,162500,1.1399,1.1399,1.1399,1.1399,777,0
ALJJ.US,5,20211117,173000,1.14,1.18,1.14,1.18,7295,0
ALJJ.US,5,20211117,173500,1.18,1.18,1.18,1.18,4828,0
ALJJ.US,5,20211117,174000,1.18,1.18,1.18,1.18,800,0
ALJJ.US,5,20211117,174500,1.145,1.145,1.145,1.145,600,0
ALJJ.US,5,20211117,175000,1.17,1.17,1.17,1.17,708,0
ALJJ.US,5,20211117,175500,1.1699,1.1699,1.1699,1.1699,143,0
ALJJ.US,5,20211117,180500,1.17,1.17,1.17,1.17,100,0
ALJJ.US,5,20211117,184000,1.11,1.11,1.1,1.1001,800,0
ALJJ.US,5,20211117,190500,1.1398,1.14,1.1398,1.14,5400,0
ALJJ.US,5,20211117,193000,1.14,1.14,1.14,1.14,2400,0
ALJJ.US,5,20211117,200500,1.16,1.17,1.16,1.17,1383,0
ALJJ.US,5,20211117,201000,1.16,1.16,1.16,1.16,675,0
ALJJ.US,5,20211117,203000,1.17,1.17,1.17,1.17,378,0
ALJJ.US,5,20211117,204500,1.17,1.18,1.17,1.1703,18350,0
ALJJ.US,5,20211117,205500,1.18,1.18,1.17,1.17,4580,0
ALJJ.US,5,20211117,211000,1.19,1.19,1.175,1.19,9458,0
ALJJ.US,5,20211117,213000,1.19,1.19,1.19,1.19,100,0
ALJJ.US,5,20211117,215000,1.19,1.2,1.19,1.19,20229,0
ALJJ.US,5,20211117,215500,1.192,1.195,1.19,1.19,1025,0
ALJJ.US,5,20211118,153000,1.19,1.192,1.19,1.192,284,0
ALJJ.US,5,20211118,160500,1.17,1.1738,1.14,1.14,500,0
ALJJ.US,5,20211118,161000,1.1428,1.1428,1.14,1.14,1600,0
ALJJ.US,5,20211118,161500,1.14,1.14,1.14,1.14,100,0
ALJJ.US,5,20211118,163000,1.1899,1.1899,1.1898,1.1898,3000,0
ALJJ.US,5,20211118,164000,1.16,1.16,1.16,1.16,1009,0
ALJJ.US,5,20211118,175000,1.17,1.17,1.17,1.17,100,0
ALJJ.US,5,20211118,182000,1.16,1.16,1.15,1.15,1100,0
ALJJ.US,5,20211118,184500,1.17,1.17,1.17,1.17,100,0
ALJJ.US,5,20211118,190000,1.17,1.17,1.1518,1.1518,320,0
ALJJ.US,5,20211118,195000,1.17,1.17,1.17,1.17,106,0
ALJJ.US,5,20211118,195500,1.17,1.17,1.17,1.17,100,0
ALJJ.US,5,20211118,200000,1.17,1.17,1.17,1.17,100,0
ALJJ.US,5,20211118,200500,1.1617,1.1617,1.1617,1.1617,200,0
ALJJ.US,5,20211118,202000,1.16,1.16,1.16,1.16,1000,0
ALJJ.US,5,20211118,210500,1.18,1.18,1.18,1.18,100,0
ALJJ.US,5,20211118,214000,1.18,1.18,1.18,1.18,100,0
ALJJ.US,5,20211118,215000,1.18,1.18,1.17,1.17,500,0
ALJJ.US,5,20211118,215500,1.16,1.16,1.16,1.16,333,0
ALJJ.US,5,20211119,153500,1.14,1.14,1.14,1.14,1000,0
ALJJ.US,5,20211119,154500,1.1446,1.1446,1.1446,1.1446,400,0
ALJJ.US,5,20211119,155000,1.14,1.14,1.14,1.14,300,0
ALJJ.US,5,20211119,160000,1.1523,1.1523,1.1523,1.1523,1500,0
ALJJ.US,5,20211119,160500,1.15,1.15,1.15,1.15,180,0
ALJJ.US,5,20211119,161000,1.15,1.15,1.15,1.15,450,0
ALJJ.US,5,20211119,161500,1.1559,1.1559,1.1559,1.1559,123,0
ALJJ.US,5,20211119,162000,1.1799,1.1799,1.1799,1.1799,100,0
ALJJ.US,5,20211119,163500,1.17,1.17,1.17,1.17,100,0
ALJJ.US,5,20211119,165000,1.17,1.17,1.17,1.17,3104,0
ALJJ.US,5,20211119,170000,1.16,1.16,1.15,1.15,1675,0
ALJJ.US,5,20211119,173000,1.1586,1.16,1.1586,1.16,489,0
ALJJ.US,5,20211119,192000,1.151,1.151,1.151,1.151,100,0
ALJJ.US,5,20211119,192500,1.16,1.16,1.16,1.16,2500,0
ALJJ.US,5,20211119,193000,1.155,1.155,1.15,1.15,6653,0
ALJJ.US,5,20211119,195000,1.16,1.16,1.16,1.16,110,0
ALJJ.US,5,20211119,202000,1.15,1.15,1.15,1.15,5827,0
ALJJ.US,5,20211119,203000,1.16,1.16,1.16,1.16,300,0
ALJJ.US,5,20211119,210500,1.15,1.15,1.15,1.15,200,0
ALJJ.US,5,20211119,211500,1.1501,1.1501,1.15,1.15,981,0
ALJJ.US,5,20211119,212500,1.1505,1.1505,1.1505,1.1505,1500,0
ALJJ.US,5,20211119,215500,1.15,1.15,1.15,1.15,1636,0
ALJJ.US,5,20211122,153000,1.15,1.15,1.15,1.15,527,0
ALJJ.US,5,20211122,153500,1.15,1.15,1.15,1.15,500,0
ALJJ.US,5,20211122,160000,1.16,1.16,1.16,1.16,5000,0
ALJJ.US,5,20211122,160500,1.155,1.16,1.155,1.16,2043,0
ALJJ.US,5,20211122,161000,1.1699,1.1699,1.1699,1.1699,125,0
ALJJ.US,5,20211122,161500,1.1605,1.1605,1.16,1.16,200,0
ALJJ.US,5,20211122,163000,1.17,1.17,1.17,1.17,857,0
ALJJ.US,5,20211122,165000,1.17,1.17,1.17,1.17,2500,0
ALJJ.US,5,20211122,165500,1.17,1.17,1.17,1.17,300,0
ALJJ.US,5,20211122,170500,1.16,1.165,1.16,1.165,1857,0
ALJJ.US,5,20211122,173500,1.17,1.18,1.17,1.18,3036,0
ALJJ.US,5,20211122,174000,1.1799,1.1799,1.1799,1.1799,8547,0
ALJJ.US,5,20211122,175000,1.18,1.18,1.1787,1.1787,3014,0
ALJJ.US,5,20211122,175500,1.15,1.16,1.15,1.16,250,0
ALJJ.US,5,20211122,180000,1.17,1.17,1.17,1.17,200,0
ALJJ.US,5,20211122,181000,1.17,1.17,1.17,1.17,200,0
ALJJ.US,5,20211122,182000,1.1743,1.1743,1.1743,1.1743,120,0
ALJJ.US,5,20211122,183000,1.1712,1.1712,1.1712,1.1712,250,0
ALJJ.US,5,20211122,184500,1.18,1.18,1.1797,1.1797,200,0
ALJJ.US,5,20211122,185000,1.1757,1.1757,1.17,1.17,200,0
ALJJ.US,5,20211122,192500,1.175,1.175,1.175,1.175,1100,0
ALJJ.US,5,20211122,194000,1.18,1.18,1.18,1.18,200,0
ALJJ.US,5,20211122,210000,1.17,1.18,1.17,1.18,1200,0
ALJJ.US,5,20211122,210500,1.1799,1.1799,1.1799,1.1799,250,0
ALJJ.US,5,20211122,213000,1.18,1.18,1.18,1.18,300,0
ALJJ.US,5,20211123,153500,1.175,1.175,1.175,1.175,425,0
ALJJ.US,5,20211123,154000,1.1722,1.1722,1.1722,1.1722,900,0
ALJJ.US,5,20211123,160500,1.1701,1.1701,1.1701,1.1701,100,0
ALJJ.US,5,20211123,161000,1.1798,1.1798,1.1798,1.1798,1010,0
ALJJ.US,5,20211123,164500,1.17,1.18,1.17,1.18,7000,0
ALJJ.US,5,20211123,171000,1.18,1.18,1.1798,1.1798,560,0
ALJJ.US,5,20211123,172500,1.17,1.17,1.17,1.17,900,0
ALJJ.US,5,20211123,173000,1.19,1.19,1.19,1.19,1500,0
ALJJ.US,5,20211123,183000,1.1896,1.1896,1.1896,1.1896,448,0
ALJJ.US,5,20211123,184500,1.18,1.18,1.18,1.18,250,0
ALJJ.US,5,20211123,191000,1.1823,1.19,1.1823,1.19,1100,0
ALJJ.US,5,20211123,192500,1.19,1.19,1.18,1.18,300,0
ALJJ.US,5,20211123,193500,1.185,1.185,1.185,1.185,100,0
ALJJ.US,5,20211123,200000,1.18,1.1801,1.18,1.1801,8438,0
ALJJ.US,5,20211123,202500,1.1893,1.1893,1.1893,1.1893,250,0
ALJJ.US,5,20211123,205000,1.19,1.19,1.19,1.19,200,0
ALJJ.US,5,20211123,210500,1.19,1.2,1.185,1.19,2600,0
ALJJ.US,5,20211123,212000,1.1999,1.2,1.1999,1.2,850,0
ALJJ.US,5,20211123,213500,1.195,1.195,1.195,1.195,100,0
ALJJ.US,5,20211123,215000,1.19,1.2,1.19,1.2,5011,0
ALJJ.US,5,20211123,215500,1.2,1.2,1.18,1.18,8839,0
ALJJ.US,5,20211124,153000,1.2,1.2,1.2,1.2,10017,0
ALJJ.US,5,20211124,154000,1.2,1.2,1.1906,1.1906,8171,0
ALJJ.US,5,20211124,154500,1.2,1.2,1.2,1.2,1874,0
ALJJ.US,5,20211124,162000,1.2,1.2,1.2,1.2,196,0
ALJJ.US,5,20211124,172500,1.1901,1.1901,1.1901,1.1901,5000,0
ALJJ.US,5,20211124,181500,1.2,1.2,1.2,1.2,20300,0
ALJJ.US,5,20211124,182500,1.2,1.2,1.2,1.2,1620,0
ALJJ.US,5,20211124,190000,1.21,1.21,1.21,1.21,160,0
ALJJ.US,5,20211124,192000,1.21,1.21,1.21,1.21,100,0
ALJJ.US,5,20211124,195000,1.2009,1.2009,1.2,1.2,2000,0
ALJJ.US,5,20211124,195500,1.205,1.205,1.205,1.205,500,0
ALJJ.US,5,20211124,201500,1.205,1.205,1.2,1.2,200,0
ALJJ.US,5,20211124,203500,1.21,1.21,1.21,1.21,1000,0
ALJJ.US,5,20211124,211000,1.21,1.22,1.21,1.22,1292,0
ALJJ.US,5,20211124,213000,1.22,1.22,1.22,1.22,800,0
ALJJ.US,5,20211124,215500,1.23,1.23,1.23,1.23,526,0
ALJJ.US,5,20211126,153000,1.24,1.24,1.24,1.24,1165,0
ALJJ.US,5,20211126,153500,1.2111,1.2111,1.2111,1.2111,100,0
ALJJ.US,5,20211126,154000,1.211,1.211,1.211,1.211,125,0
ALJJ.US,5,20211126,161000,1.23,1.24,1.23,1.24,4300,0
ALJJ.US,5,20211126,162500,1.24,1.24,1.24,1.24,200,0
ALJJ.US,5,20211126,164500,1.24,1.24,1.24,1.24,900,0
ALJJ.US,5,20211126,170500,1.24,1.24,1.24,1.24,2000,0
ALJJ.US,5,20211126,171000,1.24,1.24,1.24,1.24,2000,0
ALJJ.US,5,20211126,171500,1.23,1.24,1.23,1.24,2700,0
ALJJ.US,5,20211126,172500,1.2301,1.2301,1.23,1.23,11400,0
ALJJ.US,5,20211126,173000,1.2305,1.2305,1.23,1.23,578,0
ALJJ.US,5,20211126,182500,1.235,1.235,1.23,1.23,300,0
ALJJ.US,5,20211126,185000,1.239,1.239,1.235,1.235,200,0
ALJJ.US,5,20211129,153000,1.29,1.29,1.24,1.24,7458,0
ALJJ.US,5,20211129,154500,1.23,1.24,1.23,1.23,3276,0
ALJJ.US,5,20211129,161500,1.23,1.23,1.21,1.2111,1901,0
ALJJ.US,5,20211129,163000,1.21,1.21,1.21,1.21,157,0
ALJJ.US,5,20211129,163500,1.22,1.22,1.22,1.22,100,0
ALJJ.US,5,20211129,164000,1.22,1.22,1.22,1.22,190,0
ALJJ.US,5,20211129,165000,1.23,1.23,1.23,1.23,100,0
ALJJ.US,5,20211129,173500,1.23,1.23,1.23,1.23,100,0
ALJJ.US,5,20211129,181500,1.2111,1.2111,1.21,1.21,1548,0
ALJJ.US,5,20211129,182500,1.21,1.22,1.21,1.21,7239,0
ALJJ.US,5,20211129,183000,1.19,1.205,1.1502,1.1502,13176,0
ALJJ.US,5,20211129,183500,1.195,1.195,1.17,1.17,2300,0
ALJJ.US,5,20211129,191000,1.17,1.17,1.17,1.17,434,0
ALJJ.US,5,20211129,192500,1.18,1.18,1.18,1.18,100,0
ALJJ.US,5,20211129,200000,1.18,1.18,1.18,1.18,100,0
ALJJ.US,5,20211129,204000,1.175,1.18,1.175,1.18,10337,0
ALJJ.US,5,20211129,204500,1.2,1.2,1.2,1.2,700,0
ALJJ.US,5,20211129,205000,1.2,1.2,1.2,1.2,1089,0
ALJJ.US,5,20211129,210500,1.2,1.2,1.2,1.2,300,0
ALJJ.US,5,20211129,213500,1.22,1.22,1.22,1.22,100,0
ALJJ.US,5,20211129,215000,1.2003,1.2003,1.2003,1.2003,1000,0
ALJJ.US,5,20211129,215500,1.22,1.22,1.22,1.22,707,0
ALJJ.US,5,20211130,153000,1.27,1.27,1.255,1.26,15338,0
ALJJ.US,5,20211130,153500,1.265,1.27,1.265,1.27,1054,0
ALJJ.US,5,20211130,154000,1.272,1.28,1.272,1.28,900,0
ALJJ.US,5,20211130,154500,1.28,1.28,1.28,1.28,886,0
ALJJ.US,5,20211130,155000,1.272,1.272,1.272,1.272,330,0
ALJJ.US,5,20211130,160500,1.27,1.2727,1.27,1.2727,373,0
ALJJ.US,5,20211130,162000,1.27,1.27,1.27,1.27,2400,0
ALJJ.US,5,20211130,162500,1.27,1.27,1.27,1.27,3444,0
ALJJ.US,5,20211130,163000,1.28,1.28,1.28,1.28,232,0
ALJJ.US,5,20211130,170000,1.2702,1.2702,1.2702,1.2702,800,0
ALJJ.US,5,20211130,171000,1.27,1.27,1.26,1.26,2400,0
ALJJ.US,5,20211130,171500,1.26,1.2602,1.26,1.2602,5175,0
ALJJ.US,5,20211130,173500,1.25,1.25,1.25,1.25,242,0
ALJJ.US,5,20211130,174000,1.2505,1.2505,1.25,1.25,1998,0
ALJJ.US,5,20211130,175500,1.25,1.25,1.25,1.25,100,0
ALJJ.US,5,20211130,182000,1.255,1.255,1.255,1.255,200,0
ALJJ.US,5,20211130,183500,1.2594,1.2594,1.2594,1.2594,100,0
ALJJ.US,5,20211130,194000,1.25,1.25,1.25,1.25,100,0
ALJJ.US,5,20211130,200000,1.2592,1.2592,1.2592,1.2592,100,0
ALJJ.US,5,20211130,202500,1.25,1.25,1.25,1.25,800,0
ALJJ.US,5,20211130,204000,1.25,1.25,1.25,1.25,8270,0
ALJJ.US,5,20211130,205500,1.235,1.235,1.235,1.235,100,0
ALJJ.US,5,20211130,211500,1.23,1.23,1.23,1.23,100,0
ALJJ.US,5,20211130,212500,1.23,1.23,1.23,1.23,100,0
ALJJ.US,5,20211130,214000,1.23,1.23,1.23,1.23,100,0
ALJJ.US,5,20211130,215000,1.23,1.23,1.225,1.225,400,0
ALJJ.US,5,20211130,215500,1.23,1.26,1.23,1.26,2543,0
ALJJ.US,5,20211201,153000,1.26,1.26,1.26,1.26,165,0
ALJJ.US,5,20211201,155000,1.25,1.25,1.25,1.25,100,0
ALJJ.US,5,20211201,160500,1.2403,1.2403,1.2402,1.2402,200,0
ALJJ.US,5,20211201,161000,1.244,1.2498,1.244,1.2498,500,0
ALJJ.US,5,20211201,161500,1.25,1.25,1.25,1.25,1000,0
ALJJ.US,5,20211201,162000,1.2301,1.25,1.2301,1.25,1300,0
ALJJ.US,5,20211201,162500,1.24,1.2441,1.24,1.24,2500,0
ALJJ.US,5,20211201,175500,1.2314,1.2314,1.2314,1.2314,100,0
ALJJ.US,5,20211201,181000,1.2495,1.2495,1.2495,1.2495,210,0
ALJJ.US,5,20211201,181500,1.26,1.26,1.24,1.24,300,0
ALJJ.US,5,20211201,185500,1.25,1.25,1.25,1.25,100,0
ALJJ.US,5,20211201,192000,1.24,1.24,1.24,1.24,100,0
ALJJ.US,5,20211201,200000,1.2499,1.2499,1.2499,1.2499,400,0
ALJJ.US,5,20211201,202500,1.24,1.24,1.24,1.24,200,0
ALJJ.US,5,20211201,204000,1.24,1.2401,1.24,1.2401,2000,0
ALJJ.US,5,20211201,205500,1.2408,1.2408,1.2408,1.2408,100,0
ALJJ.US,5,20211201,210000,1.24,1.24,1.24,1.24,200,0
ALJJ.US,5,20211201,211500,1.24,1.24,1.24,1.24,415,0
ALJJ.US,5,20211201,212000,1.24,1.24,1.24,1.24,1700,0
ALJJ.US,5,20211201,212500,1.24,1.24,1.24,1.24,1197,0
ALJJ.US,5,20211201,215000,1.2207,1.2207,1.2207,1.2207,135,0
ALJJ.US,5,20211201,215500,1.22,1.22,1.2,1.215,5019,0
ALJJ.US,5,20211202,153000,1.22,1.22,1.22,1.22,793,0
ALJJ.US,5,20211202,163000,1.2,1.2,1.2,1.2,475,0
ALJJ.US,5,20211202,164000,1.1902,1.1902,1.1902,1.1902,100,0
ALJJ.US,5,20211202,170000,1.1901,1.1901,1.1901,1.1901,250,0
ALJJ.US,5,20211202,171500,1.2,1.2,1.19,1.2,2233,0
ALJJ.US,5,20211202,172000,1.19,1.19,1.19,1.19,120,0
ALJJ.US,5,20211202,190500,1.1909,1.1909,1.19,1.19,2604,0
ALJJ.US,5,20211202,191000,1.19,1.19,1.19,1.19,400,0
ALJJ.US,5,20211202,192500,1.1999,1.1999,1.1999,1.1999,500,0
ALJJ.US,5,20211202,193000,1.1996,1.1996,1.19,1.19,612,0
ALJJ.US,5,20211202,195500,1.195,1.2,1.19,1.1998,7584,0
ALJJ.US,5,20211202,200000,1.19,1.19,1.19,1.19,354,0
ALJJ.US,5,20211202,200500,1.1999,1.1999,1.19,1.19,2786,0
ALJJ.US,5,20211202,202000,1.19,1.19,1.18,1.18,5949,0
ALJJ.US,5,20211202,203000,1.185,1.185,1.185,1.185,300,0
ALJJ.US,5,20211202,203500,1.18,1.18,1.18,1.18,160,0
ALJJ.US,5,20211202,213000,1.17,1.17,1.17,1.17,400,0
ALJJ.US,5,20211202,215500,1.15,1.18,1.15,1.18,872,0
ALJJ.US,5,20211203,153000,1.1501,1.1501,1.1501,1.1501,1000,0
ALJJ.US,5,20211203,155000,1.1501,1.1501,1.1501,1.1501,500,0
ALJJ.US,5,20211203,155500,1.15,1.16,1.15,1.16,5195,0
ALJJ.US,5,20211203,160500,1.17,1.17,1.17,1.17,200,0
ALJJ.US,5,20211203,161500,1.17,1.17,1.17,1.17,17000,0
ALJJ.US,5,20211203,163000,1.14,1.14,1.14,1.14,500,0
ALJJ.US,5,20211203,165500,1.14,1.14,1.14,1.14,3443,0
ALJJ.US,5,20211203,170500,1.12,1.12,1.11,1.11,1056,0
ALJJ.US,5,20211203,173500,1.16,1.16,1.16,1.16,140,0
ALJJ.US,5,20211203,175500,1.1668,1.1668,1.1668,1.1668,500,0
ALJJ.US,5,20211203,180000,1.1599,1.1599,1.1599,1.1599,100,0
ALJJ.US,5,20211203,180500,1.11,1.11,1.11,1.11,2000,0
ALJJ.US,5,20211203,183000,1.14,1.14,1.14,1.14,280,0
ALJJ.US,5,20211203,192000,1.1197,1.1197,1.1197,1.1197,1000,0
ALJJ.US,5,20211203,192500,1.11,1.11,1.11,1.11,200,0
ALJJ.US,5,20211203,193000,1.1105,1.1105,1.11,1.11,1100,0
ALJJ.US,5,20211203,193500,1.1106,1.1106,1.1106,1.1106,700,0
ALJJ.US,5,20211203,204500,1.1105,1.1127,1.11,1.11,350,0
ALJJ.US,5,20211203,210000,1.11,1.11,1.11,1.11,100,0
ALJJ.US,5,20211203,210500,1.1105,1.1105,1.1105,1.1105,999,0
ALJJ.US,5,20211203,211000,1.11,1.11,1.11,1.11,2597,0
ALJJ.US,5,20211203,213000,1.105,1.105,1.105,1.105,700,0
ALJJ.US,5,20211203,213500,1.105,1.111,1.1,1.11,7800,0
ALJJ.US,5,20211203,215500,1.11,1.11,1.11,1.11,350,0
ALJJ.US,5,20211206,153000,1.1,1.1,1.1,1.1,1441,0
ALJJ.US,5,20211206,153500,1.12,1.12,1.12,1.12,820,0
ALJJ.US,5,20211206,154000,1.12,1.1204,1.12,1.1204,5684,0
ALJJ.US,5,20211206,155000,1.115,1.115,1.115,1.115,182,0
ALJJ.US,5,20211206,171500,1.12,1.1457,1.12,1.1457,2395,0
ALJJ.US,5,20211206,172500,1.15,1.15,1.15,1.15,200,0
ALJJ.US,5,20211206,183000,1.16,1.16,1.16,1.16,100,0
ALJJ.US,5,20211206,184000,1.16,1.16,1.16,1.16,200,0
ALJJ.US,5,20211206,185500,1.15,1.15,1.15,1.15,403,0
ALJJ.US,5,20211206,190500,1.16,1.16,1.16,1.16,500,0
ALJJ.US,5,20211206,193500,1.16,1.16,1.155,1.155,300,0
ALJJ.US,5,20211206,195000,1.15,1.15,1.15,1.15,100,0
ALJJ.US,5,20211206,203500,1.1501,1.155,1.1501,1.155,400,0
ALJJ.US,5,20211206,205500,1.16,1.16,1.14,1.14,4200,0
ALJJ.US,5,20211206,211500,1.14,1.14,1.14,1.14,100,0
ALJJ.US,5,20211206,213500,1.125,1.125,1.125,1.125,100,0
ALJJ.US,5,20211206,214000,1.14,1.1586,1.14,1.1586,2847,0
ALJJ.US,5,20211206,215500,1.14,1.14,1.14,1.14,297,0
ALJJ.US,5,20211207,153000,1.14,1.14,1.14,1.14,198,0
ALJJ.US,5,20211207,161000,1.135,1.135,1.135,1.135,100,0
ALJJ.US,5,20211207,165500,1.14,1.14,1.14,1.14,489,0
ALJJ.US,5,20211207,181500,1.1503,1.1503,1.1503,1.1503,900,0
ALJJ.US,5,20211207,210000,1.1692,1.1699,1.155,1.1699,3100,0
ALJJ.US,5,20211207,211000,1.16,1.17,1.16,1.17,2973,0
ALJJ.US,5,20211207,215500,1.19,1.19,1.16,1.16,643,0
ALJJ.US,5,20211208,165000,1.1899,1.1899,1.1899,1.1899,500,0
ALJJ.US,5,20211208,172000,1.1899,1.1899,1.1899,1.1899,300,0
ALJJ.US,5,20211208,174500,1.14,1.14,1.14,1.14,200,0
ALJJ.US,5,20211208,182000,1.17,1.17,1.17,1.17,100,0
ALJJ.US,5,20211208,202000,1.1721,1.1721,1.1721,1.1721,250,0
ALJJ.US,5,20211208,203500,1.18,1.18,1.18,1.18,100,0
ALJJ.US,5,20211208,204500,1.1998,1.2,1.1998,1.2,1481,0
ALJJ.US,5,20211208,205000,1.185,1.185,1.185,1.185,3200,0
ALJJ.US,5,20211208,210000,1.19,1.19,1.19,1.19,100,0
ALJJ.US,5,20211208,211000,1.19,1.19,1.19,1.19,100,0
ALJJ.US,5,20211208,213500,1.18,1.18,1.18,1.18,100,0
ALJJ.US,5,20211208,214500,1.19,1.19,1.19,1.19,261,0
ALJJ.US,5,20211208,215500,1.19,1.19,1.19,1.19,125,0
ALJJ.US,5,20211209,153000,1.17,1.2,1.17,1.2,1170,0
ALJJ.US,5,20211209,161000,1.2,1.2,1.2,1.2,200,0
ALJJ.US,5,20211209,164000,1.2,1.2,1.2,1.2,300,0
ALJJ.US,5,20211209,171000,1.1721,1.1721,1.1721,1.1721,428,0
ALJJ.US,5,20211209,172000,1.2,1.2,1.2,1.2,400,0
ALJJ.US,5,20211209,173000,1.2,1.2,1.2,1.2,4165,0
ALJJ.US,5,20211209,173500,1.2,1.2,1.2,1.2,400,0
ALJJ.US,5,20211209,180000,1.1841,1.1841,1.1841,1.1841,150,0
ALJJ.US,5,20211209,181500,1.2,1.2,1.2,1.2,400,0
ALJJ.US,5,20211209,184500,1.185,1.185,1.185,1.185,400,0
ALJJ.US,5,20211209,191000,1.18,1.18,1.18,1.18,100,0
ALJJ.US,5,20211209,193000,1.185,1.185,1.185,1.185,100,0
ALJJ.US,5,20211209,195500,1.2,1.2,1.2,1.2,360,0
ALJJ.US,5,20211209,201500,1.2,1.2,1.1801,1.1801,483,0
ALJJ.US,5,20211209,202500,1.2,1.2,1.2,1.2,300,0
ALJJ.US,5,20211209,204500,1.185,1.2,1.185,1.2,400,0
ALJJ.US,5,20211209,205000,1.2,1.2,1.2,1.2,100,0
ALJJ.US,5,20211209,205500,1.2,1.2,1.2,1.2,100,0
ALJJ.US,5,20211209,213000,1.2,1.2,1.2,1.2,236,0
ALJJ.US,5,20211209,215500,1.17,1.17,1.17,1.17,3146,0
ALJJ.US,5,20211210,153000,1.16,1.2,1.16,1.2,1986,0
ALJJ.US,5,20211210,171500,1.1999,1.2,1.1999,1.2,5100,0
ALJJ.US,5,20211210,172000,1.1981,1.21,1.1981,1.21,10241,0
ALJJ.US,5,20211210,173000,1.21,1.21,1.21,1.21,1100,0
ALJJ.US,5,20211210,180000,1.21,1.21,1.21,1.21,200,0
ALJJ.US,5,20211210,182500,1.21,1.21,1.21,1.21,100,0
ALJJ.US,5,20211210,183500,1.21,1.21,1.21,1.21,100,0
ALJJ.US,5,20211210,190500,1.205,1.205,1.205,1.205,100,0
ALJJ.US,5,20211210,192000,1.2005,1.21,1.2005,1.21,1084,0
ALJJ.US,5,20211210,192500,1.21,1.21,1.21,1.21,372,0
ALJJ.US,5,20211210,193000,1.21,1.21,1.21,1.21,100,0
ALJJ.US,5,20211210,195000,1.2038,1.2038,1.2038,1.2038,1500,0
ALJJ.US,5,20211210,201000,1.21,1.21,1.21,1.21,400,0
ALJJ.US,5,20211210,202000,1.2027,1.2027,1.2014,1.2014,200,0
ALJJ.US,5,20211210,204000,1.21,1.21,1.2,1.205,400,0
ALJJ.US,5,20211210,210500,1.21,1.21,1.21,1.21,100,0
ALJJ.US,5,20211210,213000,1.2001,1.205,1.2001,1.205,5100,0
ALJJ.US,5,20211210,213500,1.205,1.205,1.205,1.205,100,0
ALJJ.US,5,20211210,214000,1.2001,1.205,1.2001,1.205,5100,0
ALJJ.US,5,20211210,214500,1.205,1.205,1.205,1.205,100,0
ALJJ.US,5,20211210,215500,1.2012,1.22,1.2012,1.22,1270,0
ALJJ.US,5,20211213,153000,1.22,1.22,1.22,1.22,1000,0
ALJJ.US,5,20211213,154500,1.2,1.2,1.192,1.192,719,0
ALJJ.US,5,20211213,161000,1.1801,1.1801,1.1801,1.1801,4900,0
ALJJ.US,5,20211213,162500,1.2,1.2,1.2,1.2,261,0
ALJJ.US,5,20211213,164000,1.19,1.19,1.19,1.19,486,0
ALJJ.US,5,20211213,165500,1.19,1.19,1.19,1.19,100,0
ALJJ.US,5,20211213,180000,1.19,1.19,1.19,1.19,173,0
ALJJ.US,5,20211213,183000,1.1809,1.1809,1.1809,1.1809,200,0
ALJJ.US,5,20211213,185000,1.2,1.2145,1.2,1.21,7884,0
ALJJ.US,5,20211213,185500,1.21,1.21,1.21,1.21,293,0
ALJJ.US,5,20211213,190000,1.218,1.235,1.21,1.235,43877,0
ALJJ.US,5,20211213,190500,1.23,1.23,1.22,1.22,1350,0
ALJJ.US,5,20211213,193000,1.23,1.23,1.23,1.23,400,0
ALJJ.US,5,20211213,194500,1.23,1.23,1.23,1.23,100,0
ALJJ.US,5,20211213,195000,1.224,1.224,1.224,1.224,1164,0
ALJJ.US,5,20211213,201000,1.22,1.23,1.22,1.23,1800,0
ALJJ.US,5,20211213,201500,1.23,1.23,1.23,1.23,100,0
ALJJ.US,5,20211213,202500,1.23,1.23,1.23,1.23,100,0
ALJJ.US,5,20211213,203500,1.24,1.24,1.24,1.24,100,0
ALJJ.US,5,20211213,204500,1.24,1.25,1.24,1.25,200,0
ALJJ.US,5,20211213,205500,1.24,1.24,1.24,1.24,173,0
ALJJ.US,5,20211213,210500,1.24,1.24,1.24,1.24,258,0
ALJJ.US,5,20211213,212000,1.24,1.24,1.24,1.24,200,0
ALJJ.US,5,20211213,213500,1.24,1.25,1.2312,1.2312,300,0
ALJJ.US,5,20211213,214000,1.24,1.24,1.24,1.24,169,0
ALJJ.US,5,20211213,215000,1.235,1.235,1.235,1.235,100,0
ALJJ.US,5,20211213,215500,1.23,1.2469,1.225,1.245,11252,0
ALJJ.US,5,20211214,153000,1.2,1.21,1.2,1.21,623,0
ALJJ.US,5,20211214,153500,1.2002,1.2002,1.2002,1.2002,1800,0
ALJJ.US,5,20211214,154500,1.2,1.2,1.2,1.2,100,0
ALJJ.US,5,20211214,182500,1.2498,1.26,1.2498,1.26,3248,0
ALJJ.US,5,20211214,183500,1.2211,1.2211,1.2211,1.2211,403,0
ALJJ.US,5,20211214,184500,1.24,1.24,1.24,1.24,1025,0
ALJJ.US,5,20211214,185000,1.2492,1.2492,1.2492,1.2492,1000,0
ALJJ.US,5,20211214,190000,1.23,1.25,1.21,1.25,1013,0
ALJJ.US,5,20211214,193500,1.22,1.22,1.22,1.22,300,0
ALJJ.US,5,20211214,210000,1.21,1.21,1.21,1.21,100,0
ALJJ.US,5,20211214,215500,1.22,1.22,1.2,1.2,218,0
ALJJ.US,5,20211215,153000,1.23,1.23,1.18,1.18,516,0
ALJJ.US,5,20211215,155500,1.1823,1.2399,1.1823,1.2399,237,0
ALJJ.US,5,20211215,160500,1.24,1.24,1.24,1.24,494,0
ALJJ.US,5,20211215,161000,1.18,1.18,1.18,1.18,200,0
ALJJ.US,5,20211215,162000,1.2349,1.2349,1.2349,1.2349,162,0
ALJJ.US,5,20211215,165000,1.2,1.2,1.2,1.2,150,0
ALJJ.US,5,20211215,185000,1.18,1.1803,1.18,1.1803,4000,0
ALJJ.US,5,20211215,191000,1.18,1.18,1.18,1.18,805,0
ALJJ.US,5,20211215,193000,1.19,1.19,1.19,1.19,200,0
ALJJ.US,5,20211215,204500,1.185,1.21,1.185,1.21,2300,0
ALJJ.US,5,20211215,211000,1.21,1.22,1.21,1.22,3700,0
ALJJ.US,5,20211215,213000,1.22,1.22,1.22,1.22,100,0
ALJJ.US,5,20211215,214000,1.23,1.23,1.23,1.23,108,0
ALJJ.US,5,20211215,214500,1.2309,1.2309,1.2309,1.2309,200,0
ALJJ.US,5,20211215,215000,1.25,1.26,1.25,1.26,1265,0
ALJJ.US,5,20211215,215500,1.245,1.4,1.245,1.4,44318,0
ALJJ.US,5,20211216,153000,1.29,1.3799,1.29,1.3799,1894,0
ALJJ.US,5,20211216,154000,1.35,1.35,1.35,1.35,100,0
ALJJ.US,5,20211216,155000,1.3,1.3,1.28,1.2801,1108,0
ALJJ.US,5,20211216,160000,1.28,1.28,1.28,1.28,400,0
ALJJ.US,5,20211216,161500,1.2495,1.2504,1.2495,1.2504,436,0
ALJJ.US,5,20211216,162000,1.3499,1.3499,1.34,1.34,750,0
ALJJ.US,5,20211216,162500,1.2726,1.2726,1.2726,1.2726,500,0
ALJJ.US,5,20211216,163500,1.29,1.29,1.2801,1.2801,3970,0
ALJJ.US,5,20211216,164000,1.2501,1.3,1.2501,1.3,1150,0
ALJJ.US,5,20211216,170000,1.2449,1.2449,1.2449,1.2449,502,0
ALJJ.US,5,20211216,171000,1.2535,1.2535,1.2535,1.2535,100,0
ALJJ.US,5,20211216,174000,1.36,1.36,1.36,1.36,100,0
ALJJ.US,5,20211216,175000,1.33,1.33,1.33,1.33,250,0
ALJJ.US,5,20211216,181500,1.33,1.33,1.33,1.33,100,0
ALJJ.US,5,20211216,182500,1.33,1.33,1.33,1.33,100,0
ALJJ.US,5,20211216,185000,1.31,1.34,1.31,1.32,1918,0
ALJJ.US,5,20211216,185500,1.3002,1.3002,1.3002,1.3002,1101,0
ALJJ.US,5,20211216,200500,1.319,1.319,1.319,1.319,150,0
ALJJ.US,5,20211216,202000,1.32,1.32,1.32,1.32,100,0
ALJJ.US,5,20211216,204500,1.3,1.3,1.29,1.3,4000,0
ALJJ.US,5,20211216,205500,1.3,1.3,1.3,1.3,399,0
ALJJ.US,5,20211216,210000,1.3,1.3,1.3,1.3,200,0
ALJJ.US,5,20211216,210500,1.3,1.3,1.2832,1.2832,897,0
ALJJ.US,5,20211216,214500,1.3095,1.3095,1.3095,1.3095,100,0
ALJJ.US,5,20211216,215000,1.31,1.38,1.31,1.33,9047,0
ALJJ.US,5,20211216,215500,1.3001,1.31,1.3001,1.31,10208,0
ALJJ.US,5,20211217,153000,1.36,1.36,1.36,1.36,1268,0
ALJJ.US,5,20211217,155000,1.3699,1.3699,1.3699,1.3699,1000,0
ALJJ.US,5,20211217,155500,1.36,1.36,1.3487,1.3487,1266,0
ALJJ.US,5,20211217,160000,1.3499,1.3499,1.3499,1.3499,100,0
ALJJ.US,5,20211217,161000,1.2901,1.2901,1.2901,1.2901,601,0
ALJJ.US,5,20211217,162000,1.3485,1.35,1.3485,1.3485,2300,0
ALJJ.US,5,20211217,165500,1.3499,1.3499,1.3499,1.3499,200,0
ALJJ.US,5,20211217,175000,1.3,1.3,1.3,1.3,100,0
ALJJ.US,5,20211217,182000,1.3008,1.3008,1.3008,1.3008,113,0
ALJJ.US,5,20211217,185000,1.3,1.3063,1.3,1.3063,1000,0
ALJJ.US,5,20211217,194000,1.28,1.28,1.28,1.28,148,0
ALJJ.US,5,20211217,195500,1.23,1.231,1.23,1.231,2994,0
ALJJ.US,5,20211217,201500,1.235,1.235,1.235,1.235,100,0
ALJJ.US,5,20211217,202000,1.23,1.23,1.23,1.23,237,0
ALJJ.US,5,20211217,203000,1.239,1.239,1.239,1.239,150,0
ALJJ.US,5,20211217,211500,1.23,1.23,1.17,1.2,10000,0
ALJJ.US,5,20211217,212000,1.17,1.1986,1.17,1.1986,1601,0
ALJJ.US,5,20211217,214500,1.17,1.17,1.17,1.17,500,0
ALJJ.US,5,20211217,215000,1.16,1.17,1.16,1.16,695,0
ALJJ.US,5,20211217,215500,1.16,1.18,1.15,1.17,11493,0
ALJJ.US,5,20211220,153000,1.26,1.26,1.26,1.26,2309,0
ALJJ.US,5,20211220,160500,1.26,1.26,1.26,1.26,222,0
ALJJ.US,5,20211220,162000,1.26,1.26,1.26,1.26,678,0
ALJJ.US,5,20211220,163500,1.2604,1.27,1.25,1.25,1535,0
ALJJ.US,5,20211220,164500,1.25,1.25,1.25,1.25,7125,0
ALJJ.US,5,20211220,170500,1.1601,1.1601,1.1601,1.1601,949,0
ALJJ.US,5,20211220,172000,1.19,1.2,1.19,1.2,2200,0
ALJJ.US,5,20211220,174000,1.17,1.19,1.17,1.19,833,0
ALJJ.US,5,20211220,190000,1.16,1.16,1.16,1.16,100,0
ALJJ.US,5,20211220,191500,1.17,1.2,1.17,1.2,1300,0
ALJJ.US,5,20211220,193500,1.1985,1.1985,1.1985,1.1985,283,0
ALJJ.US,5,20211220,195500,1.19,1.19,1.1885,1.1885,200,0
ALJJ.US,5,20211220,200500,1.188,1.188,1.188,1.188,300,0
ALJJ.US,5,20211220,201500,1.17,1.17,1.1601,1.1601,278,0
ALJJ.US,5,20211220,203500,1.16,1.16,1.16,1.16,100,0
ALJJ.US,5,20211220,205000,1.16,1.16,1.16,1.16,260,0
ALJJ.US,5,20211220,210500,1.17,1.17,1.17,1.17,200,0
ALJJ.US,5,20211220,213500,1.17,1.17,1.17,1.17,100,0
ALJJ.US,5,20211220,214500,1.18,1.18,1.1501,1.1501,5043,0
ALJJ.US,5,20211220,215500,1.18,1.18,1.18,1.18,518,0
ALJJ.US,5,20211221,153000,1.16,1.16,1.16,1.16,148,0
ALJJ.US,5,20211221,155500,1.16,1.16,1.16,1.16,500,0
ALJJ.US,5,20211221,171500,1.1617,1.1617,1.1617,1.1617,300,0
ALJJ.US,5,20211221,172000,1.18,1.18,1.1795,1.1795,3490,0
ALJJ.US,5,20211221,184000,1.1615,1.1615,1.1615,1.1615,500,0
ALJJ.US,5,20211221,192500,1.17,1.18,1.17,1.18,297,0
ALJJ.US,5,20211221,205000,1.1696,1.1696,1.1696,1.1696,641,0
ALJJ.US,5,20211221,211000,1.16,1.165,1.16,1.165,300,0
ALJJ.US,5,20211221,214500,1.165,1.165,1.165,1.165,100,0
ALJJ.US,5,20211221,215000,1.17,1.17,1.17,1.17,100,0
ALJJ.US,5,20211221,215500,1.18,1.18,1.18,1.18,525,0
ALJJ.US,5,20211222,153000,1.34,1.42,1.33,1.36,189877,0
ALJJ.US,5,20211222,153500,1.3605,1.37,1.33,1.3351,53987,0
ALJJ.US,5,20211222,154000,1.3301,1.3308,1.31,1.325,50616,0
ALJJ.US,5,20211222,154500,1.32,1.33,1.3,1.3,40002,0
ALJJ.US,5,20211222,155000,1.3,1.3499,1.29,1.3491,37161,0
ALJJ.US,5,20211222,155500,1.345,1.37,1.34,1.3699,42585,0
ALJJ.US,5,20211222,160000,1.3672,1.38,1.36,1.3712,25784,0
ALJJ.US,5,20211222,160500,1.375,1.51,1.375,1.42,423633,0
ALJJ.US,5,20211222,161000,1.42,1.44,1.4,1.405,154294,0
ALJJ.US,5,20211222,161500,1.4,1.4017,1.36,1.38,62827,0
ALJJ.US,5,20211222,162000,1.37,1.3799,1.32,1.3497,96091,0
ALJJ.US,5,20211222,162500,1.34,1.3597,1.34,1.35,56380,0
ALJJ.US,5,20211222,163000,1.3501,1.36,1.35,1.3597,10249,0
ALJJ.US,5,20211222,163500,1.35,1.36,1.34,1.36,16283,0
ALJJ.US,5,20211222,164000,1.36,1.42,1.36,1.4184,23500,0
ALJJ.US,5,20211222,164500,1.4246,1.45,1.4,1.4,33007,0
ALJJ.US,5,20211222,165000,1.4108,1.4108,1.37,1.37,33954,0
ALJJ.US,5,20211222,165500,1.37,1.372,1.36,1.36,24548,0
ALJJ.US,5,20211222,170000,1.3601,1.37,1.36,1.3699,6076,0
ALJJ.US,5,20211222,170500,1.3675,1.37,1.365,1.3696,4100,0
ALJJ.US,5,20211222,171000,1.3693,1.45,1.3674,1.402,50064,0
ALJJ.US,5,20211222,171500,1.42,1.46,1.4146,1.4456,52867,0
ALJJ.US,5,20211222,172000,1.4456,1.57,1.4456,1.51,257308,0
ALJJ.US,5,20211222,172500,1.51,1.53,1.47,1.5,87041,0
ALJJ.US,5,20211222,173000,1.5,1.53,1.5,1.52,64001,0
ALJJ.US,5,20211222,173500,1.525,1.54,1.49,1.49,44041,0
ALJJ.US,5,20211222,174000,1.49,1.54,1.49,1.5399,46242,0
ALJJ.US,5,20211222,174500,1.55,1.58,1.5,1.51,186268,0
ALJJ.US,5,20211222,175000,1.5001,1.55,1.5,1.5201,31723,0
ALJJ.US,5,20211222,175500,1.5201,1.5201,1.49,1.4901,18895,0
ALJJ.US,5,20211222,180000,1.5099,1.51,1.49,1.5,16729,0
ALJJ.US,5,20211222,180500,1.4992,1.4992,1.45,1.4509,113307,0
ALJJ.US,5,20211222,181000,1.46,1.49,1.455,1.4899,15252,0
ALJJ.US,5,20211222,181500,1.4882,1.53,1.48,1.51,21550,0
ALJJ.US,5,20211222,182000,1.51,1.51,1.45,1.45,22957,0
ALJJ.US,5,20211222,182500,1.46,1.46,1.445,1.45,16820,0
ALJJ.US,5,20211222,183000,1.45,1.47,1.43,1.47,20957,0
ALJJ.US,5,20211222,183500,1.47,1.52,1.47,1.5199,33807,0
ALJJ.US,5,20211222,184000,1.51,1.515,1.51,1.5105,4773,0
ALJJ.US,5,20211222,184500,1.515,1.515,1.45,1.45,20785,0
ALJJ.US,5,20211222,185000,1.45,1.4799,1.45,1.4799,243,0
ALJJ.US,5,20211222,185500,1.46,1.5,1.46,1.5,13000,0
ALJJ.US,5,20211222,190000,1.5,1.5,1.47,1.5,57127,0
ALJJ.US,5,20211222,190500,1.5,1.5,1.49,1.5,3892,0
ALJJ.US,5,20211222,191000,1.505,1.505,1.4853,1.5,30333,0
ALJJ.US,5,20211222,191500,1.49,1.53,1.49,1.52,75337,0
ALJJ.US,5,20211222,192000,1.5211,1.5399,1.52,1.5372,55081,0
ALJJ.US,5,20211222,192500,1.52,1.56,1.52,1.5585,59117,0
ALJJ.US,5,20211222,193000,1.55,1.57,1.52,1.5299,71823,0
ALJJ.US,5,20211222,193500,1.5299,1.59,1.5186,1.57,188288,0
ALJJ.US,5,20211222,194000,1.57,1.58,1.56,1.57,13334,0
ALJJ.US,5,20211222,194500,1.5799,1.6,1.5799,1.585,70338,0
ALJJ.US,5,20211222,195000,1.585,1.63,1.585,1.6272,103571,0
ALJJ.US,5,20211222,195500,1.6148,1.6299,1.56,1.575,65517,0
ALJJ.US,5,20211222,200000,1.59,1.59,1.5601,1.57,13721,0
ALJJ.US,5,20211222,200500,1.5789,1.59,1.56,1.585,43302,0
ALJJ.US,5,20211222,201000,1.58,1.61,1.58,1.6,26111,0
ALJJ.US,5,20211222,201500,1.6,1.63,1.59,1.6193,47978,0
ALJJ.US,5,20211222,202000,1.61,1.65,1.61,1.6499,76104,0
ALJJ.US,5,20211222,202500,1.6301,1.66,1.58,1.6086,94174,0
ALJJ.US,5,20211222,203000,1.6001,1.65,1.6001,1.6216,42390,0
ALJJ.US,5,20211222,203500,1.6399,1.65,1.62,1.64,21012,0
ALJJ.US,5,20211222,204000,1.64,1.65,1.62,1.64,17198,0
ALJJ.US,5,20211222,204500,1.64,1.68,1.63,1.64,154924,0
ALJJ.US,5,20211222,205000,1.631,1.64,1.62,1.627,64547,0
ALJJ.US,5,20211222,205500,1.62,1.6299,1.6,1.6,18069,0
ALJJ.US,5,20211222,210000,1.6111,1.63,1.57,1.59,36225,0
ALJJ.US,5,20211222,210500,1.59,1.62,1.57,1.61,18725,0
ALJJ.US,5,20211222,211000,1.605,1.619,1.6014,1.61,3974,0
ALJJ.US,5,20211222,211500,1.6084,1.6097,1.58,1.5807,15831,0
ALJJ.US,5,20211222,212000,1.59,1.61,1.5801,1.61,13058,0
ALJJ.US,5,20211222,212500,1.6025,1.6025,1.58,1.581,9863,0
ALJJ.US,5,20211222,213000,1.58,1.65,1.58,1.6317,63541,0
ALJJ.US,5,20211222,213500,1.63,1.67,1.63,1.67,47597,0
ALJJ.US,5,20211222,214000,1.665,1.73,1.65,1.72,276876,0
ALJJ.US,5,20211222,214500,1.72,1.75,1.68,1.71,148442,0
ALJJ.US,5,20211222,215000,1.73,1.75,1.68,1.69,108013,0
ALJJ.US,5,20211222,215500,1.69,1.75,1.65,1.75,162970,0
ALJJ.US,5,20211223,153000,1.61,1.63,1.58,1.6139,48634,0
ALJJ.US,5,20211223,153500,1.62,1.63,1.59,1.5951,11622,0
ALJJ.US,5,20211223,154000,1.61,1.71,1.61,1.71,59057,0
ALJJ.US,5,20211223,154500,1.68,1.71,1.68,1.7,50315,0
ALJJ.US,5,20211223,155000,1.7,1.74,1.68,1.68,20303,0
ALJJ.US,5,20211223,155500,1.69,1.69,1.64,1.65,38393,0
ALJJ.US,5,20211223,160000,1.63,1.67,1.63,1.6338,7462,0
ALJJ.US,5,20211223,160500,1.6434,1.6999,1.64,1.6999,14953,0
ALJJ.US,5,20211223,161000,1.6601,1.7,1.65,1.69,5182,0
ALJJ.US,5,20211223,161500,1.69,1.73,1.68,1.68,13035,0
ALJJ.US,5,20211223,162000,1.7,1.73,1.67,1.72,2416,0
ALJJ.US,5,20211223,162500,1.72,1.75,1.7195,1.7499,16325,0
ALJJ.US,5,20211223,163000,1.74,1.74,1.71,1.7142,720,0
ALJJ.US,5,20211223,163500,1.74,1.79,1.73,1.79,53355,0
ALJJ.US,5,20211223,164000,1.78,2.01,1.78,1.87,288657,0
ALJJ.US,5,20211223,164500,1.87,1.87,1.85,1.8599,38084,0
ALJJ.US,5,20211223,165000,1.855,1.855,1.82,1.83,22941,0
ALJJ.US,5,20211223,165500,1.8495,1.85,1.82,1.82,15292,0
ALJJ.US,5,20211223,170000,1.8259,1.8259,1.81,1.81,33937,0
ALJJ.US,5,20211223,170500,1.8,1.81,1.8,1.8002,25700,0
ALJJ.US,5,20211223,171000,1.79,1.7904,1.775,1.78,23194,0
ALJJ.US,5,20211223,171500,1.78,1.8098,1.7701,1.7902,30204,0
ALJJ.US,5,20211223,172000,1.79,1.8,1.77,1.78,4187,0
ALJJ.US,5,20211223,172500,1.8,1.8,1.8,1.8,1738,0
ALJJ.US,5,20211223,173000,1.79,1.84,1.79,1.83,6465,0
ALJJ.US,5,20211223,173500,1.81,1.83,1.81,1.8107,25816,0
ALJJ.US,5,20211223,174000,1.83,1.83,1.81,1.8298,6008,0
ALJJ.US,5,20211223,174500,1.82,1.82,1.8,1.81,15745,0
ALJJ.US,5,20211223,175000,1.809,1.8199,1.78,1.8,4712,0
ALJJ.US,5,20211223,175500,1.8,1.88,1.8,1.88,46580,0
ALJJ.US,5,20211223,180000,1.88,1.89,1.84,1.8501,15478,0
ALJJ.US,5,20211223,180500,1.854,1.875,1.854,1.87,2065,0
ALJJ.US,5,20211223,181000,1.86,1.88,1.86,1.86,16802,0
ALJJ.US,5,20211223,181500,1.86,1.87,1.86,1.8601,5650,0
ALJJ.US,5,20211223,182000,1.865,1.88,1.85,1.86,7810,0
ALJJ.US,5,20211223,182500,1.86,1.88,1.85,1.85,5600,0
ALJJ.US,5,20211223,183000,1.88,1.9,1.88,1.8969,17635,0
ALJJ.US,5,20211223,183500,1.8965,1.93,1.8937,1.9197,29225,0
ALJJ.US,5,20211223,184000,1.9,1.93,1.9,1.93,27590,0
ALJJ.US,5,20211223,184500,1.91,1.93,1.88,1.88,33350,0
ALJJ.US,5,20211223,185000,1.88,1.89,1.88,1.89,3767,0
ALJJ.US,5,20211223,185500,1.89,1.89,1.8886,1.8886,300,0
ALJJ.US,5,20211223,190000,1.885,1.89,1.87,1.89,13371,0
ALJJ.US,5,20211223,190500,1.88,1.89,1.87,1.89,1500,0
ALJJ.US,5,20211223,191000,1.87,1.87,1.84,1.85,6197,0
ALJJ.US,5,20211223,191500,1.8499,1.8752,1.8479,1.865,1605,0
ALJJ.US,5,20211223,192000,1.865,1.865,1.865,1.865,5000,0
ALJJ.US,5,20211223,192500,1.8513,1.8513,1.8513,1.8513,1500,0
ALJJ.US,5,20211223,193000,1.85,1.88,1.85,1.88,1000,0
ALJJ.US,5,20211223,193500,1.8699,1.87,1.8699,1.87,1100,0
ALJJ.US,5,20211223,194000,1.89,1.89,1.88,1.89,3600,0
ALJJ.US,5,20211223,194500,1.89,1.89,1.87,1.87,300,0
ALJJ.US,5,20211223,195000,1.85,1.85,1.85,1.85,100,0
ALJJ.US,5,20211223,195500,1.85,1.87,1.85,1.85,4580,0
ALJJ.US,5,20211223,200000,1.86,1.87,1.86,1.87,5973,0
ALJJ.US,5,20211223,200500,1.86,1.86,1.81,1.81,33300,0
ALJJ.US,5,20211223,201000,1.8154,1.816,1.8,1.8,22955,0
ALJJ.US,5,20211223,201500,1.82,1.82,1.8,1.8,2482,0
ALJJ.US,5,20211223,202000,1.78,1.795,1.78,1.795,1075,0
ALJJ.US,5,20211223,202500,1.81,1.81,1.79,1.795,6247,0
ALJJ.US,5,20211223,203000,1.795,1.795,1.795,1.795,1650,0
ALJJ.US,5,20211223,203500,1.8,1.8,1.79,1.795,5000,0
ALJJ.US,5,20211223,204500,1.795,1.8,1.7902,1.7902,5275,0
ALJJ.US,5,20211223,205000,1.7901,1.7901,1.7901,1.7901,500,0
ALJJ.US,5,20211223,205500,1.7942,1.7942,1.78,1.78,38400,0
ALJJ.US,5,20211223,210000,1.7799,1.78,1.775,1.775,3500,0
ALJJ.US,5,20211223,210500,1.77,1.78,1.75,1.77,18840,0
ALJJ.US,5,20211223,211000,1.78,1.8,1.78,1.8,1300,0
ALJJ.US,5,20211223,211500,1.8,1.8,1.77,1.8,3468,0
ALJJ.US,5,20211223,212000,1.8,1.8,1.8,1.8,3117,0
ALJJ.US,5,20211223,212500,1.79,1.795,1.79,1.79,4700,0
ALJJ.US,5,20211223,213000,1.79,1.84,1.79,1.79,5949,0
ALJJ.US,5,20211223,213500,1.8,1.8,1.79,1.8,11303,0
ALJJ.US,5,20211223,214000,1.7984,1.8,1.79,1.79,4034,0
ALJJ.US,5,20211223,214500,1.8,1.87,1.8,1.87,45615,0
ALJJ.US,5,20211223,215000,1.87,1.89,1.85,1.89,25215,0
ALJJ.US,5,20211223,215500,1.89,1.93,1.87,1.91,58151,0
