<TICKER>,<PER>,<DATE>,<TIME>,<OPEN>,<HIGH>,<LOW>,<CLOSE>,<VOL>,<OPENINT>
ASLEW.US,5,20211104,143000,11.33,11.5,11.33,11.475,6041,0
ASLEW.US,5,20211104,144000,11.33,11.5,11.26,11.5,1059,0
ASLEW.US,5,20211104,145000,11.4,11.4,11.3,11.3,2252,0
ASLEW.US,5,20211104,150500,11.32,11.32,11.32,11.32,1000,0
ASLEW.US,5,20211104,152000,11.3,11.3,11.2,11.2,2886,0
ASLEW.US,5,20211104,154000,11.13,11.13,11.05,11.05,1050,0
ASLEW.US,5,20211104,154500,11.04,11.0977,11.04,11.04,1000,0
ASLEW.US,5,20211104,155500,11.03,11.03,10.85,10.88,2464,0
ASLEW.US,5,20211104,160000,10.91,10.91,10.85,10.85,850,0
ASLEW.US,5,20211104,160500,10.81,10.81,10.74,10.8,900,0
ASLEW.US,5,20211104,161000,10.73,10.79,10.67,10.79,600,0
ASLEW.US,5,20211104,161500,10.71,10.71,10.71,10.71,100,0
ASLEW.US,5,20211104,162000,10.72,10.73,10.72,10.72,1793,0
ASLEW.US,5,20211104,162500,10.68,10.68,10.55,10.55,2542,0
ASLEW.US,5,20211104,163000,10.64,10.64,10.64,10.64,100,0
ASLEW.US,5,20211104,163500,10.56,10.56,10.46,10.4912,6360,0
ASLEW.US,5,20211104,164000,10.4362,10.505,10.41,10.4685,3285,0
ASLEW.US,5,20211104,164500,10.48,10.48,10.48,10.48,100,0
ASLEW.US,5,20211104,165000,10.4984,10.4984,10.38,10.46,2600,0
ASLEW.US,5,20211104,165500,10.36,10.36,10.2,10.2,5030,0
ASLEW.US,5,20211104,170000,10.26,10.26,10.2,10.21,1463,0
ASLEW.US,5,20211104,170500,10.24,10.35,10.24,10.35,1782,0
ASLEW.US,5,20211104,171000,10.31,10.43,10.31,10.43,1080,0
ASLEW.US,5,20211104,171500,10.4,10.4,10.38,10.38,649,0
ASLEW.US,5,20211104,173500,10.43,10.46,10.4,10.46,1300,0
ASLEW.US,5,20211104,174000,10.5,10.5,10.49,10.5,1341,0
ASLEW.US,5,20211104,174500,10.51,10.55,10.51,10.55,200,0
ASLEW.US,5,20211104,175000,10.6,10.6,10.6,10.6,200,0
ASLEW.US,5,20211104,180000,10.73,10.73,10.73,10.73,200,0
ASLEW.US,5,20211104,180500,10.66,10.66,10.66,10.66,100,0
ASLEW.US,5,20211104,182000,10.7,10.8,10.7,10.8,775,0
ASLEW.US,5,20211104,182500,10.82,10.85,10.82,10.85,1200,0
ASLEW.US,5,20211104,183000,10.99,11,10.99,11,450,0
ASLEW.US,5,20211104,183500,10.95,11,10.95,11,1055,0
ASLEW.US,5,20211104,184500,10.975,11.105,10.975,11.0487,10112,0
ASLEW.US,5,20211104,185000,11.03,11.03,11.03,11.03,100,0
ASLEW.US,5,20211104,185500,10.95,10.98,10.95,10.98,300,0
ASLEW.US,5,20211104,190500,10.95,10.95,10.95,10.95,206,0
ASLEW.US,5,20211104,191000,10.92,10.92,10.92,10.92,278,0
ASLEW.US,5,20211104,191500,10.81,10.8358,10.8,10.8358,1016,0
ASLEW.US,5,20211104,194000,10.85,10.85,10.85,10.85,300,0
ASLEW.US,5,20211104,194500,10.7967,10.8,10.7607,10.7607,697,0
ASLEW.US,5,20211104,195000,10.82,10.985,10.82,10.985,300,0
ASLEW.US,5,20211104,200000,10.7301,10.7301,10.7301,10.7301,570,0
ASLEW.US,5,20211104,200500,10.825,10.825,10.825,10.825,200,0
ASLEW.US,5,20211104,202500,10.69,10.69,10.685,10.69,1404,0
ASLEW.US,5,20211104,203000,10.685,10.77,10.675,10.76,2200,0
ASLEW.US,5,20211104,203500,10.76,10.77,10.76,10.76,4000,0
ASLEW.US,5,20211104,204000,10.8,10.925,10.8,10.925,2393,0
ASLEW.US,5,20211104,205000,10.92,11,10.92,11,700,0
ASLEW.US,5,20211104,205500,11.115,11.115,11.04,11.04,200,0
ASLEW.US,5,20211105,143000,11.2,11.2,11,11.13,1106,0
ASLEW.US,5,20211105,143500,11.19,11.21,11.1,11.1,3862,0
ASLEW.US,5,20211105,144000,11,11.0247,10.95,10.95,4570,0
ASLEW.US,5,20211105,144500,11.246,11.246,10.94,10.94,710,0
ASLEW.US,5,20211105,145000,11.35,11.35,11.2,11.2,6700,0
ASLEW.US,5,20211105,145500,11.05,11.16,11.05,11.16,1800,0
ASLEW.US,5,20211105,150000,11.22,11.22,11.22,11.22,200,0
ASLEW.US,5,20211105,152000,11.2,11.2,11.2,11.2,4516,0
ASLEW.US,5,20211105,152500,11.07,11.07,11.06,11.06,500,0
ASLEW.US,5,20211105,153000,11.19,11.19,11.19,11.19,100,0
ASLEW.US,5,20211105,154000,11.1,11.1999,11.1,11.1,1157,0
ASLEW.US,5,20211105,154500,11.1,11.1,11.1,11.1,100,0
ASLEW.US,5,20211105,155000,11.1,11.1,11.07,11.07,1365,0
ASLEW.US,5,20211105,155500,10.95,10.95,10.81,10.81,2816,0
ASLEW.US,5,20211105,160500,11,11.01,10.95,11.01,4100,0
ASLEW.US,5,20211105,161000,11.11,11.11,11.11,11.11,1200,0
ASLEW.US,5,20211105,161500,11.15,11.15,11.15,11.15,100,0
ASLEW.US,5,20211105,162000,11.125,11.125,11.06,11.06,4200,0
ASLEW.US,5,20211105,162500,11.01,11.01,10.98,10.98,874,0
ASLEW.US,5,20211105,163000,10.96,10.96,10.9,10.9,8163,0
ASLEW.US,5,20211105,164500,10.9648,11,10.9648,11,920,0
ASLEW.US,5,20211105,170000,10.95,10.95,10.8,10.8,4789,0
ASLEW.US,5,20211105,170500,10.7885,10.7885,10.743,10.743,2400,0
ASLEW.US,5,20211105,172500,10.83,10.8399,10.83,10.8399,610,0
ASLEW.US,5,20211105,173000,10.84,10.84,10.8,10.8,300,0
ASLEW.US,5,20211105,175000,10.795,10.795,10.795,10.795,400,0
ASLEW.US,5,20211105,180000,10.75,10.75,10.75,10.75,400,0
ASLEW.US,5,20211105,181000,10.7112,10.7112,10.7112,10.7112,100,0
ASLEW.US,5,20211105,182500,10.72,10.72,10.71,10.72,1068,0
ASLEW.US,5,20211105,183000,10.7,10.7,10.67,10.7,627,0
ASLEW.US,5,20211105,183500,10.7,10.7,10.6,10.68,754,0
ASLEW.US,5,20211105,184000,10.65,10.65,10.61,10.61,1000,0
ASLEW.US,5,20211105,185000,10.65,10.65,10.65,10.65,100,0
ASLEW.US,5,20211105,192500,10.74,10.74,10.725,10.725,200,0
ASLEW.US,5,20211105,193500,10.94,10.94,10.94,10.94,4000,0
ASLEW.US,5,20211105,194000,10.87,10.87,10.87,10.87,3800,0
ASLEW.US,5,20211105,195000,10.8,10.8,10.75,10.75,800,0
ASLEW.US,5,20211105,200000,10.75,10.75,10.75,10.75,1240,0
ASLEW.US,5,20211105,201000,10.7,10.7,10.7,10.7,400,0
ASLEW.US,5,20211105,202000,10.734,10.734,10.7,10.7,700,0
ASLEW.US,5,20211105,202500,10.73,10.735,10.73,10.73,3000,0
ASLEW.US,5,20211105,203000,10.69,10.69,10.685,10.69,1566,0
ASLEW.US,5,20211105,203500,10.7,10.76,10.7,10.745,1500,0
ASLEW.US,5,20211105,204000,10.71,10.77,10.71,10.77,1089,0
ASLEW.US,5,20211105,204500,10.8,10.8,10.75,10.75,1054,0
ASLEW.US,5,20211105,205000,10.75,10.88,10.75,10.7721,5571,0
ASLEW.US,5,20211105,205500,10.795,10.83,10.795,10.83,6100,0
ASLEW.US,5,20211108,153000,10.86,11.01,10.83,11,11700,0
ASLEW.US,5,20211108,153500,10.75,10.75,10.5,10.5,14480,0
ASLEW.US,5,20211108,154000,10.64,10.79,10.49,10.73,2890,0
ASLEW.US,5,20211108,154500,10.71,10.73,10.41,10.41,6257,0
ASLEW.US,5,20211108,155000,10.27,10.4,10.25,10.4,6149,0
ASLEW.US,5,20211108,155500,10.3,10.4,10,10,9699,0
ASLEW.US,5,20211108,160000,10.15,10.3,10.14,10.16,11600,0
ASLEW.US,5,20211108,160500,10.3,10.44,10.27,10.27,11992,0
ASLEW.US,5,20211108,161000,10.37,10.37,10.37,10.37,100,0
ASLEW.US,5,20211108,161500,10.401,10.48,10.401,10.48,2200,0
ASLEW.US,5,20211108,162000,10.41,10.41,10.41,10.41,100,0
ASLEW.US,5,20211108,162500,10.41,10.48,10.41,10.48,1250,0
ASLEW.US,5,20211108,163000,10.47,10.47,10.29,10.295,3580,0
ASLEW.US,5,20211108,163500,10.35,10.62,10.35,10.62,3580,0
ASLEW.US,5,20211108,165000,10.67,10.67,10.64,10.64,1626,0
ASLEW.US,5,20211108,165500,10.644,10.644,10.644,10.644,100,0
ASLEW.US,5,20211108,170000,10.64,10.68,10.55,10.68,6345,0
ASLEW.US,5,20211108,171000,10.69,10.7,10.69,10.7,200,0
ASLEW.US,5,20211108,171500,10.75,10.82,10.7,10.7,2200,0
ASLEW.US,5,20211108,172000,10.7,10.7,10.63,10.63,1140,0
ASLEW.US,5,20211108,173500,10.6897,10.6897,10.6897,10.6897,100,0
ASLEW.US,5,20211108,175000,10.79,10.79,10.79,10.79,200,0
ASLEW.US,5,20211108,175500,10.75,10.75,10.67,10.67,1341,0
ASLEW.US,5,20211108,181000,10.71,10.72,10.7,10.7,6882,0
ASLEW.US,5,20211108,182000,10.7,10.8,10.7,10.8,3188,0
ASLEW.US,5,20211108,182500,10.76,10.76,10.7,10.7,3916,0
ASLEW.US,5,20211108,183500,10.71,10.71,10.71,10.71,200,0
ASLEW.US,5,20211108,184000,10.7,10.75,10.7,10.75,1107,0
ASLEW.US,5,20211108,185500,10.74,10.74,10.74,10.74,100,0
ASLEW.US,5,20211108,193500,10.79,10.825,10.7804,10.825,2332,0
ASLEW.US,5,20211108,195500,10.85,10.85,10.83,10.85,1550,0
ASLEW.US,5,20211108,200000,10.83,10.84,10.82,10.84,1500,0
ASLEW.US,5,20211108,200500,10.8,10.85,10.8,10.85,485,0
ASLEW.US,5,20211108,201000,10.8699,10.97,10.8699,10.97,10568,0
ASLEW.US,5,20211108,203000,10.96,10.96,10.96,10.96,100,0
ASLEW.US,5,20211108,203500,10.955,10.99,10.955,10.9899,1361,0
ASLEW.US,5,20211108,204000,10.99,11.06,10.99,11.06,5683,0
ASLEW.US,5,20211108,204500,11.06,11.06,11.06,11.06,500,0
ASLEW.US,5,20211108,205000,11.07,11.07,11.02,11.02,2000,0
ASLEW.US,5,20211108,205500,11,11,11,11,1217,0
ASLEW.US,5,20211108,210000,11.0099,11.02,11.0099,11.02,381,0
ASLEW.US,5,20211108,211500,11.02,11.02,11.02,11.02,100,0
ASLEW.US,5,20211108,212500,11.04,11.16,11.04,11.16,600,0
ASLEW.US,5,20211108,213000,11.17,11.21,11.07,11.19,2575,0
ASLEW.US,5,20211108,213500,11.19,11.2,11.19,11.2,300,0
ASLEW.US,5,20211108,214000,11.2,11.24,11.2,11.24,1700,0
ASLEW.US,5,20211108,214500,11.2,11.2,11.2,11.2,500,0
ASLEW.US,5,20211108,215000,11.23,11.36,11.23,11.36,2471,0
ASLEW.US,5,20211108,215500,11.36,11.42,11.332,11.35,3788,0
ASLEW.US,5,20211109,153000,11.8,11.8,11.49,11.53,5143,0
ASLEW.US,5,20211109,153500,11.73,11.73,11.6,11.6,360,0
ASLEW.US,5,20211109,154000,11.55,11.55,11.55,11.55,318,0
ASLEW.US,5,20211109,154500,11.5,11.5,11.41,11.41,400,0
ASLEW.US,5,20211109,155000,11.43,11.43,11.42,11.42,800,0
ASLEW.US,5,20211109,155500,11.53,11.54,11.46,11.52,2400,0
ASLEW.US,5,20211109,160000,11.52,11.52,11.38,11.47,2200,0
ASLEW.US,5,20211109,160500,11.45,11.69,11.45,11.58,1860,0
ASLEW.US,5,20211109,161000,11.71,11.71,11.71,11.71,200,0
ASLEW.US,5,20211109,161500,11.8,11.9119,11.8,11.9119,1100,0
ASLEW.US,5,20211109,162000,11.93,11.97,11.91,11.92,3929,0
ASLEW.US,5,20211109,162500,11.91,12.05,11.91,11.98,8752,0
ASLEW.US,5,20211109,163000,12.03,12.25,12.03,12.25,3900,0
ASLEW.US,5,20211109,163500,12.265,12.48,12.26,12.48,2220,0
ASLEW.US,5,20211109,164000,12.405,12.5,12.405,12.5,4717,0
ASLEW.US,5,20211109,164500,12.4,12.4,12.29,12.29,2900,0
ASLEW.US,5,20211109,165000,12.26,12.3023,12.26,12.3023,280,0
ASLEW.US,5,20211109,165500,12.37,12.37,12.37,12.37,200,0
ASLEW.US,5,20211109,170000,12.4033,12.4033,12.4033,12.4033,500,0
ASLEW.US,5,20211109,170500,12.32,12.32,12.23,12.23,780,0
ASLEW.US,5,20211109,171000,12.24,12.24,12.09,12.09,1500,0
ASLEW.US,5,20211109,171500,12.09,12.09,12.09,12.09,950,0
ASLEW.US,5,20211109,173000,12.06,12.12,12.03,12.12,700,0
ASLEW.US,5,20211109,173500,12.045,12.045,12.045,12.045,1000,0
ASLEW.US,5,20211109,174000,11.97,11.97,11.84,11.85,2924,0
ASLEW.US,5,20211109,175000,11.7792,11.7792,11.7792,11.7792,100,0
ASLEW.US,5,20211109,175500,11.74,11.74,11.72,11.72,400,0
ASLEW.US,5,20211109,180000,11.46,11.46,11.46,11.46,1000,0
ASLEW.US,5,20211109,180500,11.4704,11.4704,11.37,11.37,1032,0
ASLEW.US,5,20211109,181000,11.357,11.73,11.357,11.73,1839,0
ASLEW.US,5,20211109,181500,11.745,11.76,11.745,11.76,555,0
ASLEW.US,5,20211109,182000,11.85,11.85,11.74,11.74,3100,0
ASLEW.US,5,20211109,182500,11.76,11.76,11.76,11.76,2000,0
ASLEW.US,5,20211109,183500,11.74,11.74,11.74,11.74,400,0
ASLEW.US,5,20211109,184500,11.7399,11.7399,11.7,11.7,800,0
ASLEW.US,5,20211109,185500,11.67,11.67,11.67,11.67,1702,0
ASLEW.US,5,20211109,191500,11.58,11.61,11.58,11.61,600,0
ASLEW.US,5,20211109,192000,11.55,11.55,11.55,11.55,1564,0
ASLEW.US,5,20211109,192500,11.43,11.43,11.43,11.43,100,0
ASLEW.US,5,20211109,193000,11.36,11.36,11.36,11.36,3000,0
ASLEW.US,5,20211109,193500,11.34,11.4,11.34,11.4,880,0
ASLEW.US,5,20211109,194500,11.38,11.38,11.38,11.38,100,0
ASLEW.US,5,20211109,200500,11.43,11.43,11.43,11.43,300,0
ASLEW.US,5,20211109,201500,11.53,11.66,11.53,11.66,1494,0
ASLEW.US,5,20211109,202500,11.6885,11.6885,11.6885,11.6885,200,0
ASLEW.US,5,20211109,203000,11.66,11.66,11.45,11.47,4873,0
ASLEW.US,5,20211109,203500,11.42,11.67,11.4,11.67,9144,0
ASLEW.US,5,20211109,204000,11.71,11.71,11.49,11.55,3754,0
ASLEW.US,5,20211109,204500,11.61,11.7,11.47,11.64,7286,0
ASLEW.US,5,20211109,205000,11.59,11.59,11.59,11.59,100,0
ASLEW.US,5,20211109,205500,11.59,11.62,11.505,11.51,1200,0
ASLEW.US,5,20211109,210000,11.55,11.56,11.5485,11.56,1660,0
ASLEW.US,5,20211109,210500,11.6,11.6,11.51,11.54,3480,0
ASLEW.US,5,20211109,211000,11.4525,11.4525,11.43,11.43,400,0
ASLEW.US,5,20211109,211500,11.43,11.43,11.43,11.43,100,0
ASLEW.US,5,20211109,212000,11.46,11.46,11.36,11.36,300,0
ASLEW.US,5,20211109,212500,11.36,11.42,11.3599,11.4,1217,0
ASLEW.US,5,20211109,213000,11.355,11.355,11.345,11.35,500,0
ASLEW.US,5,20211109,213500,11.35,11.52,11.35,11.52,2200,0
ASLEW.US,5,20211109,214000,11.48,11.55,11.42,11.44,1768,0
ASLEW.US,5,20211109,214500,11.42,11.46,11.42,11.46,1000,0
ASLEW.US,5,20211109,215000,11.45,11.5,11.41,11.5,634,0
ASLEW.US,5,20211109,215500,11.36,11.42,11.35,11.35,1000,0
ASLEW.US,5,20211110,153000,7.1,7.26,6.905,7,68392,0
ASLEW.US,5,20211110,153500,7,7,6.61,6.9161,36854,0
ASLEW.US,5,20211110,154000,6.91,6.93,6.83,6.83,19291,0
ASLEW.US,5,20211110,154500,6.83,7.16,6.83,7.16,47949,0
ASLEW.US,5,20211110,155000,7.08,7.21,7.08,7.21,10305,0
ASLEW.US,5,20211110,155500,7.28,7.56,7.28,7.44,33167,0
ASLEW.US,5,20211110,160000,7.55,7.67,7.43,7.59,19765,0
ASLEW.US,5,20211110,160500,7.57,8,7.52,7.95,14927,0
ASLEW.US,5,20211110,161000,7.955,8.39,7.955,8.275,6668,0
ASLEW.US,5,20211110,161500,8.249,8.27,8.05,8.065,9942,0
ASLEW.US,5,20211110,162000,8.0505,8.07,7.72,7.89,18918,0
ASLEW.US,5,20211110,162500,7.85,7.9832,7.85,7.97,3855,0
ASLEW.US,5,20211110,163000,7.89,7.97,7.65,7.75,11348,0
ASLEW.US,5,20211110,163500,7.79,7.83,7.77,7.83,6173,0
ASLEW.US,5,20211110,164000,7.85,8.01,7.82,7.83,3950,0
ASLEW.US,5,20211110,164500,7.85,7.9,7.77,7.82,3115,0
ASLEW.US,5,20211110,165000,7.89,8,7.86,7.99,6325,0
ASLEW.US,5,20211110,165500,7.94,8,7.94,8,7278,0
ASLEW.US,5,20211110,170000,7.96,7.96,7.79,7.87,14890,0
ASLEW.US,5,20211110,170500,7.88,7.95,7.88,7.95,7705,0
ASLEW.US,5,20211110,171000,7.9988,8.03,7.95,8.03,24061,0
ASLEW.US,5,20211110,171500,7.95,8.03,7.93,7.94,6902,0
ASLEW.US,5,20211110,172000,7.93,8,7.92,7.9901,13964,0
ASLEW.US,5,20211110,172500,7.93,7.96,7.8,7.96,12624,0
ASLEW.US,5,20211110,173000,7.99,7.99,7.85,7.9,2477,0
ASLEW.US,5,20211110,173500,7.95,7.95,7.89,7.95,2646,0
ASLEW.US,5,20211110,174000,8.02,8.05,7.85,7.94,12720,0
ASLEW.US,5,20211110,174500,7.94,7.94,7.75,7.82,8039,0
ASLEW.US,5,20211110,175000,7.82,7.83,7.74,7.82,6981,0
ASLEW.US,5,20211110,175500,7.81,7.81,7.76,7.8,4200,0
ASLEW.US,5,20211110,180000,7.8,7.8499,7.75,7.75,11007,0
ASLEW.US,5,20211110,180500,7.8,7.8,7.73,7.73,7918,0
ASLEW.US,5,20211110,181000,7.73,7.76,7.6969,7.75,6841,0
ASLEW.US,5,20211110,181500,7.7,7.7,7.56,7.59,4577,0
ASLEW.US,5,20211110,182000,7.61,7.61,7.5,7.5,3249,0
ASLEW.US,5,20211110,182500,7.52,7.53,7.52,7.52,5253,0
ASLEW.US,5,20211110,183000,7.535,7.55,7.5,7.51,7244,0
ASLEW.US,5,20211110,183500,7.51,7.5185,7.5,7.5,1119,0
ASLEW.US,5,20211110,184000,7.5,7.55,7.49,7.55,6867,0
ASLEW.US,5,20211110,184500,7.55,7.55,7.51,7.52,13390,0
ASLEW.US,5,20211110,185000,7.48,7.48,7.43,7.43,12522,0
ASLEW.US,5,20211110,185500,7.41,7.42,7.01,7.1,27625,0
ASLEW.US,5,20211110,190000,7.305,7.305,6.95,7.1,12563,0
ASLEW.US,5,20211110,190500,7.11,7.1132,7.08,7.08,1290,0
ASLEW.US,5,20211110,191000,7.1084,7.1084,7.085,7.085,821,0
ASLEW.US,5,20211110,191500,7.085,7.25,7.085,7.25,4008,0
ASLEW.US,5,20211110,192000,7.26,7.28,7.26,7.2701,918,0
ASLEW.US,5,20211110,192500,7.3,7.3,7.28,7.3,2280,0
ASLEW.US,5,20211110,193000,7.3,7.3,7.28,7.3,1190,0
ASLEW.US,5,20211110,193500,7.33,7.41,7.33,7.41,2890,0
ASLEW.US,5,20211110,194000,7.4,7.4,7.33,7.33,2840,0
ASLEW.US,5,20211110,194500,7.35,7.35,7.2901,7.2901,300,0
ASLEW.US,5,20211110,195000,7.34,7.36,7.34,7.36,900,0
ASLEW.US,5,20211110,195500,7.36,7.36,7.3356,7.3356,1944,0
ASLEW.US,5,20211110,200000,7.33,7.33,7.289,7.3,1572,0
ASLEW.US,5,20211110,200500,7.33,7.35,7.33,7.335,3500,0
ASLEW.US,5,20211110,201500,7.35,7.38,7.35,7.38,1300,0
ASLEW.US,5,20211110,202000,7.4094,7.4094,7.4094,7.4094,100,0
ASLEW.US,5,20211110,202500,7.4099,7.4099,7.25,7.29,3694,0
ASLEW.US,5,20211110,203000,7.25,7.25,7.22,7.22,1960,0
ASLEW.US,5,20211110,204000,7.25,7.25,7.19,7.19,720,0
ASLEW.US,5,20211110,204500,7.21,7.21,7.17,7.17,1000,0
ASLEW.US,5,20211110,205000,7.17,7.17,7.08,7.0858,2050,0
ASLEW.US,5,20211110,205500,7.0854,7.11,7.03,7.03,7912,0
ASLEW.US,5,20211110,210000,7.0101,7.07,7.0101,7.05,3501,0
ASLEW.US,5,20211110,210500,7.05,7.07,7.04,7.07,1038,0
ASLEW.US,5,20211110,211000,7.12,7.17,7.07,7.1401,3932,0
ASLEW.US,5,20211110,212000,7.19,7.19,7.17,7.17,438,0
ASLEW.US,5,20211110,212500,7.16,7.17,7.16,7.17,700,0
ASLEW.US,5,20211110,213000,7.175,7.21,7.17,7.21,2809,0
ASLEW.US,5,20211110,213500,7.2,7.2,7.13,7.17,5060,0
ASLEW.US,5,20211110,214000,7.19,7.2,7.175,7.2,600,0
ASLEW.US,5,20211110,214500,7.22,7.22,7.22,7.22,100,0
ASLEW.US,5,20211110,215000,7.23,7.25,7.2,7.25,2200,0
ASLEW.US,5,20211110,215500,7.24,7.29,7.24,7.24,7900,0
ASLEW.US,5,20211111,153000,7.21,7.6,7.21,7.54,3418,0
ASLEW.US,5,20211111,153500,7.4,7.7382,7.4,7.5993,12512,0
ASLEW.US,5,20211111,154000,7.5538,7.6,7.4101,7.4101,5985,0
ASLEW.US,5,20211111,154500,7.49,7.49,7.49,7.49,300,0
ASLEW.US,5,20211111,155000,7.4901,7.53,7.4901,7.53,279,0
ASLEW.US,5,20211111,155500,7.45,7.45,7.45,7.45,189,0
ASLEW.US,5,20211111,160000,7.33,7.3356,7.11,7.11,8236,0
ASLEW.US,5,20211111,160500,7.1,7.1201,7.1,7.1201,3711,0
ASLEW.US,5,20211111,161000,7.1,7.2,7.0901,7.2,6272,0
ASLEW.US,5,20211111,161500,7.21,7.2122,7.1,7.1,8534,0
ASLEW.US,5,20211111,162000,7.04,7.04,6.98,7,4775,0
ASLEW.US,5,20211111,162500,6.9972,7,6.98,7,13760,0
ASLEW.US,5,20211111,163000,7.0834,7.1812,6.95,7.1305,11793,0
ASLEW.US,5,20211111,163500,7.14,7.19,7.11,7.1391,1800,0
ASLEW.US,5,20211111,164000,7.1,7.14,7.1,7.14,2600,0
ASLEW.US,5,20211111,164500,7.1,7.1,7.09,7.09,1000,0
ASLEW.US,5,20211111,165000,7.0899,7.0899,7.0899,7.0899,4000,0
ASLEW.US,5,20211111,165500,7.065,7.065,7.065,7.065,100,0
ASLEW.US,5,20211111,171000,7.09,7.109,6.95,7.0391,7450,0
ASLEW.US,5,20211111,172000,6.95,6.975,6.95,6.975,3866,0
ASLEW.US,5,20211111,172500,7,7.05,6.975,7.05,400,0
ASLEW.US,5,20211111,173500,7.05,7.1,7.05,7.09,800,0
ASLEW.US,5,20211111,174000,7.22,7.25,7.22,7.25,1400,0
ASLEW.US,5,20211111,174500,7.25,7.39,7.25,7.33,2850,0
ASLEW.US,5,20211111,175000,7.3046,7.3046,7.2804,7.2804,400,0
ASLEW.US,5,20211111,181000,7.21,7.21,7.195,7.195,200,0
ASLEW.US,5,20211111,182000,7.26,7.26,7.26,7.26,192,0
ASLEW.US,5,20211111,182500,7.23,7.25,7.22,7.25,12054,0
ASLEW.US,5,20211111,183000,7.25,7.32,7.23,7.32,13185,0
ASLEW.US,5,20211111,183500,7.32,7.32,7.32,7.32,600,0
ASLEW.US,5,20211111,184000,7.3,7.41,7.3,7.4,1172,0
ASLEW.US,5,20211111,184500,7.4,7.45,7.35,7.43,2028,0
ASLEW.US,5,20211111,185000,7.44,7.47,7.44,7.47,1200,0
ASLEW.US,5,20211111,185500,7.45,7.45,7.45,7.45,2800,0
ASLEW.US,5,20211111,190000,7.417,7.4489,7.417,7.4489,600,0
ASLEW.US,5,20211111,190500,7.418,7.418,7.4,7.4,510,0
ASLEW.US,5,20211111,191000,7.4001,7.4001,7.4001,7.4001,179,0
ASLEW.US,5,20211111,191500,7.425,7.425,7.425,7.425,400,0
ASLEW.US,5,20211111,192000,7.48,7.5211,7.48,7.5211,1500,0
ASLEW.US,5,20211111,192500,7.49,7.49,7.49,7.49,500,0
ASLEW.US,5,20211111,193500,7.46,7.49,7.46,7.49,800,0
ASLEW.US,5,20211111,194000,7.49,7.61,7.49,7.59,5470,0
ASLEW.US,5,20211111,194500,7.59,7.7,7.59,7.61,3278,0
ASLEW.US,5,20211111,195000,7.64,7.64,7.51,7.51,2010,0
ASLEW.US,5,20211111,200000,7.54,7.54,7.54,7.54,740,0
ASLEW.US,5,20211111,200500,7.58,7.63,7.58,7.61,504,0
ASLEW.US,5,20211111,201500,7.6215,7.6215,7.62,7.62,1100,0
ASLEW.US,5,20211111,202500,7.6694,7.6694,7.6201,7.6201,600,0
ASLEW.US,5,20211111,203000,7.65,7.651,7.59,7.59,6524,0
ASLEW.US,5,20211111,203500,7.5501,7.6,7.53,7.53,2100,0
ASLEW.US,5,20211111,204000,7.53,7.61,7.53,7.561,5416,0
ASLEW.US,5,20211111,204500,7.54,7.65,7.54,7.6,3396,0
ASLEW.US,5,20211111,205000,7.58,7.58,7.49,7.49,3099,0
ASLEW.US,5,20211111,205500,7.5099,7.5099,7.5099,7.5099,1900,0
ASLEW.US,5,20211111,210000,7.51,7.55,7.509,7.55,1900,0
ASLEW.US,5,20211111,210500,7.55,7.55,7.55,7.55,301,0
ASLEW.US,5,20211111,211000,7.59,7.59,7.59,7.59,309,0
ASLEW.US,5,20211111,211500,7.57,7.62,7.57,7.58,600,0
ASLEW.US,5,20211111,212000,7.5612,7.5718,7.56,7.571,5133,0
ASLEW.US,5,20211111,212500,7.57,7.7,7.57,7.7,6716,0
ASLEW.US,5,20211111,213500,7.69,7.69,7.69,7.69,800,0
ASLEW.US,5,20211111,214000,7.6501,7.82,7.6501,7.82,2440,0
ASLEW.US,5,20211111,214500,7.82,7.87,7.79,7.79,4639,0
ASLEW.US,5,20211111,215500,7.62,7.62,7.6,7.6,600,0
ASLEW.US,5,20211112,153000,7.69,7.8,7.66,7.66,4386,0
ASLEW.US,5,20211112,154000,7.8,7.9,7.78,7.78,3300,0
ASLEW.US,5,20211112,154500,7.75,7.75,7.75,7.75,100,0
ASLEW.US,5,20211112,155000,7.74,7.81,7.74,7.81,1800,0
ASLEW.US,5,20211112,155500,7.81,7.81,7.81,7.81,130,0
ASLEW.US,5,20211112,160000,7.79,7.79,7.78,7.78,356,0
ASLEW.US,5,20211112,160500,7.85,7.95,7.78,7.78,2700,0
ASLEW.US,5,20211112,161000,7.86,7.86,7.85,7.85,1909,0
ASLEW.US,5,20211112,161500,7.93,8.14,7.76,8.09,23498,0
ASLEW.US,5,20211112,162000,8.18,8.18,8.18,8.18,100,0
ASLEW.US,5,20211112,162500,8.31,8.31,8.21,8.25,1200,0
ASLEW.US,5,20211112,163000,8.0901,8.22,8.0901,8.22,800,0
ASLEW.US,5,20211112,163500,8.1762,8.41,8.1762,8.31,3300,0
ASLEW.US,5,20211112,164000,8.27,8.27,8.27,8.27,100,0
ASLEW.US,5,20211112,164500,8.3575,8.375,8.34,8.34,500,0
ASLEW.US,5,20211112,165000,8.27,8.28,8.27,8.28,400,0
ASLEW.US,5,20211112,170500,8.21,8.21,8.16,8.16,800,0
ASLEW.US,5,20211112,171000,8.165,8.165,8.165,8.165,353,0
ASLEW.US,5,20211112,171500,8.1,8.1,8,8,900,0
ASLEW.US,5,20211112,172000,8.01,8.01,8,8,300,0
ASLEW.US,5,20211112,172500,7.99,7.99,7.99,7.99,500,0
ASLEW.US,5,20211112,173000,7.83,7.875,7.8,7.8,900,0
ASLEW.US,5,20211112,173500,7.77,7.78,7.7,7.78,2028,0
ASLEW.US,5,20211112,174500,7.81,7.81,7.71,7.71,500,0
ASLEW.US,5,20211112,175000,7.771,7.79,7.71,7.771,800,0
ASLEW.US,5,20211112,175500,7.71,7.75,7.71,7.75,300,0
ASLEW.US,5,20211112,180000,7.71,7.745,7.7,7.745,500,0
ASLEW.US,5,20211112,180500,7.7,7.79,7.7,7.79,967,0
ASLEW.US,5,20211112,181000,7.75,7.75,7.74,7.74,562,0
ASLEW.US,5,20211112,181500,7.79,7.79,7.73,7.73,1417,0
ASLEW.US,5,20211112,182000,7.79,7.85,7.79,7.85,500,0
ASLEW.US,5,20211112,182500,7.87,7.87,7.85,7.85,300,0
ASLEW.US,5,20211112,184000,7.78,7.78,7.69,7.69,3100,0
ASLEW.US,5,20211112,184500,7.7,7.7,7.7,7.7,200,0
ASLEW.US,5,20211112,185000,7.66,7.83,7.66,7.83,4070,0
ASLEW.US,5,20211112,185500,7.7865,7.7865,7.7501,7.7501,2300,0
ASLEW.US,5,20211112,190500,7.7,7.7,7.68,7.68,500,0
ASLEW.US,5,20211112,193000,7.71,7.75,7.6,7.635,1800,0
ASLEW.US,5,20211112,194000,7.63,7.63,7.63,7.63,400,0
ASLEW.US,5,20211112,194500,7.6999,7.6999,7.6,7.6,1464,0
ASLEW.US,5,20211112,195000,7.56,7.56,7.55,7.55,1400,0
ASLEW.US,5,20211112,200500,7.55,7.55,7.5,7.55,1004,0
ASLEW.US,5,20211112,201500,7.53,7.53,7.53,7.53,221,0
ASLEW.US,5,20211112,202000,7.5201,7.5201,7.5201,7.5201,100,0
ASLEW.US,5,20211112,202500,7.51,7.51,7.4,7.45,3809,0
ASLEW.US,5,20211112,203000,7.46,7.46,7.37,7.37,891,0
ASLEW.US,5,20211112,203500,7.36,7.52,7.31,7.48,5136,0
ASLEW.US,5,20211112,204000,7.46,7.46,7.46,7.46,300,0
ASLEW.US,5,20211112,204500,7.39,7.39,7.39,7.39,973,0
ASLEW.US,5,20211112,210500,7.37,7.37,7.28,7.28,1300,0
ASLEW.US,5,20211112,211000,7.3,7.35,7.3,7.31,1811,0
ASLEW.US,5,20211112,211500,7.3,7.35,7.29,7.341,5935,0
ASLEW.US,5,20211112,212000,7.32,7.36,7.32,7.36,2400,0
ASLEW.US,5,20211112,212500,7.3801,7.5,7.3801,7.5,2448,0
ASLEW.US,5,20211112,213500,7.45,7.45,7.42,7.42,600,0
ASLEW.US,5,20211112,214500,7.4,7.4,7.37,7.37,2053,0
ASLEW.US,5,20211112,215000,7.39,7.5,7.38,7.5,5934,0
ASLEW.US,5,20211112,215500,7.5,7.52,7.47,7.48,1712,0
ASLEW.US,5,20211115,153000,7.25,7.75,7.25,7.46,12393,0
ASLEW.US,5,20211115,153500,7.45,7.45,7.25,7.26,4306,0
ASLEW.US,5,20211115,154000,7.26,7.3,7.21,7.21,6039,0
ASLEW.US,5,20211115,154500,7.22,7.22,7.04,7.06,10700,0
ASLEW.US,5,20211115,155000,7.18,7.2,7,7,6565,0
ASLEW.US,5,20211115,155500,7.01,7.2,7.01,7.2,4200,0
ASLEW.US,5,20211115,160500,7.15,7.15,6.95,6.95,4300,0
ASLEW.US,5,20211115,161000,6.95,7.02,6.95,7.02,2938,0
ASLEW.US,5,20211115,162000,7.1,7.1,7.1,7.1,400,0
ASLEW.US,5,20211115,162500,7.05,7.05,6.95,6.99,9090,0
ASLEW.US,5,20211115,163000,7,7.08,7,7.08,2958,0
ASLEW.US,5,20211115,163500,7.05,7.05,7.02,7.02,1500,0
ASLEW.US,5,20211115,164000,7.065,7.065,6.8,6.8,19663,0
ASLEW.US,5,20211115,164500,6.84,6.87,6.78,6.78,9840,0
ASLEW.US,5,20211115,165000,6.79,7.02,6.79,7.02,7966,0
ASLEW.US,5,20211115,170500,6.95,6.95,6.95,6.95,400,0
ASLEW.US,5,20211115,171000,6.95,7,6.94,6.99,4741,0
ASLEW.US,5,20211115,171500,6.99,7.02,6.99,7.02,2805,0
ASLEW.US,5,20211115,172000,7.065,7.065,7.065,7.065,100,0
ASLEW.US,5,20211115,173000,7.12,7.14,7.12,7.14,2840,0
ASLEW.US,5,20211115,173500,7.14,7.18,7.14,7.18,500,0
ASLEW.US,5,20211115,174500,7.06,7.0775,7.06,7.0775,7600,0
ASLEW.US,5,20211115,175500,7.06,7.084,6.81,6.88,14945,0
ASLEW.US,5,20211115,180000,6.85,6.85,6.85,6.85,425,0
ASLEW.US,5,20211115,182000,6.86,6.86,6.84,6.84,1724,0
ASLEW.US,5,20211115,183000,6.83,6.83,6.83,6.83,135,0
ASLEW.US,5,20211115,183500,6.8555,6.92,6.85,6.85,1450,0
ASLEW.US,5,20211115,184000,6.88,6.94,6.88,6.92,1217,0
ASLEW.US,5,20211115,184500,6.92,6.9267,6.77,6.8104,4001,0
ASLEW.US,5,20211115,185000,6.83,6.9,6.825,6.85,4803,0
ASLEW.US,5,20211115,185500,6.8529,6.93,6.8529,6.93,818,0
ASLEW.US,5,20211115,190000,6.93,6.9317,6.93,6.93,800,0
ASLEW.US,5,20211115,191500,6.955,7,6.955,7,2826,0
ASLEW.US,5,20211115,195000,7.02,7.02,7.02,7.02,200,0
ASLEW.US,5,20211115,195500,7.02,7.02,7.02,7.02,300,0
ASLEW.US,5,20211115,201000,6.99,7.01,6.99,7.01,300,0
ASLEW.US,5,20211115,201500,7.06,7.07,7.06,7.07,1000,0
ASLEW.US,5,20211115,202500,7.13,7.14,7.13,7.14,300,0
ASLEW.US,5,20211115,203000,7.11,7.11,7.03,7.095,1500,0
ASLEW.US,5,20211115,203500,7.06,7.1,6.83,6.83,9375,0
ASLEW.US,5,20211115,204000,6.9887,6.9887,6.9887,6.9887,100,0
ASLEW.US,5,20211115,204500,6.92,6.9398,6.82,6.9,5006,0
ASLEW.US,5,20211115,205000,6.89,6.94,6.89,6.8901,1519,0
ASLEW.US,5,20211115,205500,6.96,6.96,6.96,6.96,100,0
ASLEW.US,5,20211115,210000,6.945,6.97,6.83,6.95,5953,0
ASLEW.US,5,20211115,210500,6.95,6.95,6.9,6.9,2386,0
ASLEW.US,5,20211115,211500,6.97,7.08,6.91,7.05,5287,0
ASLEW.US,5,20211115,212000,7.05,7.05,7.01,7.045,5040,0
ASLEW.US,5,20211115,212500,7.05,7.05,7.05,7.05,365,0
ASLEW.US,5,20211115,213000,7.02,7.05,7.01,7.03,2217,0
ASLEW.US,5,20211115,213500,7.04,7.04,7.01,7.04,4406,0
ASLEW.US,5,20211115,214000,7.03,7.1,7.03,7.0999,8272,0
ASLEW.US,5,20211115,214500,7.04,7.06,7.04,7.06,200,0
ASLEW.US,5,20211115,215000,7.04,7.05,7.03,7.05,700,0
ASLEW.US,5,20211115,215500,7.04,7.1,7.03,7.1,6406,0
ASLEW.US,5,20211116,153000,7.21,7.21,6.85,6.85,1154,0
ASLEW.US,5,20211116,153500,6.95,6.95,6.71,6.71,1219,0
ASLEW.US,5,20211116,154000,6.81,6.81,6.81,6.81,100,0
ASLEW.US,5,20211116,154500,6.9,6.9,6.8,6.8,900,0
ASLEW.US,5,20211116,155000,6.8,6.83,6.63,6.83,3400,0
ASLEW.US,5,20211116,155500,6.7,6.71,6.68,6.68,400,0
ASLEW.US,5,20211116,160000,6.63,6.63,6.57,6.57,4009,0
ASLEW.US,5,20211116,160500,6.715,6.715,6.715,6.715,800,0
ASLEW.US,5,20211116,161000,6.72,6.72,6.51,6.51,6800,0
ASLEW.US,5,20211116,161500,6.51,6.51,6.51,6.51,300,0
ASLEW.US,5,20211116,162000,6.51,6.57,6.5,6.51,5626,0
ASLEW.US,5,20211116,162500,6.51,6.5899,6.5,6.55,11380,0
ASLEW.US,5,20211116,163000,6.56,6.59,6.51,6.59,1000,0
ASLEW.US,5,20211116,163500,6.51,6.53,6.39,6.39,6678,0
ASLEW.US,5,20211116,164000,6.41,6.55,6.4,6.49,3511,0
ASLEW.US,5,20211116,164500,6.62,6.7,6.62,6.7,600,0
ASLEW.US,5,20211116,165000,6.7,6.75,6.695,6.695,1000,0
ASLEW.US,5,20211116,165500,6.73,6.88,6.73,6.88,1900,0
ASLEW.US,5,20211116,170000,6.945,6.945,6.945,6.945,200,0
ASLEW.US,5,20211116,171000,6.9,6.9,6.76,6.76,1183,0
ASLEW.US,5,20211116,171500,6.83,6.83,6.7,6.78,2700,0
ASLEW.US,5,20211116,172000,6.81,6.82,6.75,6.75,6476,0
ASLEW.US,5,20211116,172500,6.87,6.87,6.87,6.87,333,0
ASLEW.US,5,20211116,173000,6.88,6.95,6.87,6.95,1208,0
ASLEW.US,5,20211116,174000,6.93,6.93,6.79,6.83,10915,0
ASLEW.US,5,20211116,174500,6.8,6.9,6.8,6.86,5730,0
ASLEW.US,5,20211116,175000,6.95,7,6.95,7,1100,0
ASLEW.US,5,20211116,175500,6.985,7.05,6.985,7.01,3179,0
ASLEW.US,5,20211116,180000,6.905,6.97,6.87,6.87,2358,0
ASLEW.US,5,20211116,180500,6.84,6.84,6.81,6.82,813,0
ASLEW.US,5,20211116,181000,6.82,6.87,6.82,6.85,400,0
ASLEW.US,5,20211116,181500,6.88,6.88,6.88,6.88,900,0
ASLEW.US,5,20211116,182500,6.83,6.94,6.83,6.94,900,0
ASLEW.US,5,20211116,183000,7,7.05,7,7.05,300,0
ASLEW.US,5,20211116,183500,6.95,6.95,6.9,6.9,600,0
ASLEW.US,5,20211116,184000,6.8352,6.8352,6.8352,6.8352,100,0
ASLEW.US,5,20211116,190000,6.87,6.87,6.865,6.87,1200,0
ASLEW.US,5,20211116,190500,6.87,6.87,6.866,6.866,920,0
ASLEW.US,5,20211116,191000,6.87,6.87,6.87,6.87,100,0
ASLEW.US,5,20211116,191500,6.87,6.87,6.87,6.87,700,0
ASLEW.US,5,20211116,192000,6.87,6.8718,6.87,6.8718,300,0
ASLEW.US,5,20211116,192500,6.92,6.99,6.92,6.99,600,0
ASLEW.US,5,20211116,193500,6.94,6.9405,6.85,6.85,2300,0
ASLEW.US,5,20211116,200000,6.85,6.87,6.85,6.87,1726,0
ASLEW.US,5,20211116,200500,6.84,6.86,6.79,6.86,3254,0
ASLEW.US,5,20211116,201000,6.83,6.83,6.78,6.78,5772,0
ASLEW.US,5,20211116,201500,6.75,6.7912,6.67,6.75,17046,0
ASLEW.US,5,20211116,202000,6.75,6.75,6.68,6.75,1411,0
ASLEW.US,5,20211116,203000,6.75,6.75,6.64,6.73,2200,0
ASLEW.US,5,20211116,203500,6.7,6.81,6.7,6.81,2612,0
ASLEW.US,5,20211116,204000,6.79,6.87,6.79,6.87,3868,0
ASLEW.US,5,20211116,205000,6.82,6.82,6.59,6.59,8999,0
ASLEW.US,5,20211116,205500,6.7,6.77,6.7,6.75,2000,0
ASLEW.US,5,20211116,211500,6.68,6.68,6.52,6.58,3153,0
ASLEW.US,5,20211116,212000,6.58,6.7,6.56,6.59,6164,0
ASLEW.US,5,20211116,212500,6.57,6.57,6.51,6.52,500,0
ASLEW.US,5,20211116,213000,6.55,6.58,6.52,6.54,7156,0
ASLEW.US,5,20211116,213500,6.5501,6.59,6.5,6.5,1755,0
ASLEW.US,5,20211116,214500,6.56,6.62,6.52,6.53,5512,0
ASLEW.US,5,20211116,215000,6.52,6.52,6.5,6.52,900,0
ASLEW.US,5,20211116,215500,6.58,6.58,6.54,6.58,1300,0
ASLEW.US,5,20211117,153000,6.5,6.75,6.5,6.74,5977,0
ASLEW.US,5,20211117,153500,6.8,6.85,6.74,6.74,846,0
ASLEW.US,5,20211117,154000,6.85,6.9,6.84,6.9,21751,0
ASLEW.US,5,20211117,154500,6.92,7.07,6.9,7,13225,0
ASLEW.US,5,20211117,155000,7,7,6.85,6.9,6755,0
ASLEW.US,5,20211117,155500,7,7,6.995,6.995,400,0
ASLEW.US,5,20211117,160000,7.05,7.15,7.05,7.12,2905,0
ASLEW.US,5,20211117,160500,7.15,7.21,7.08,7.08,2322,0
ASLEW.US,5,20211117,161500,7.0501,7.0501,7.0501,7.0501,100,0
ASLEW.US,5,20211117,162500,7.14,7.4,7.14,7.4,6819,0
ASLEW.US,5,20211117,163000,7.4,7.4,7.4,7.4,200,0
ASLEW.US,5,20211117,163500,7.27,7.27,7.15,7.15,2614,0
ASLEW.US,5,20211117,164000,7.24,7.34,7.24,7.31,11105,0
ASLEW.US,5,20211117,164500,7.33,7.33,7.33,7.33,400,0
ASLEW.US,5,20211117,165000,7.21,7.21,7.1,7.19,3921,0
ASLEW.US,5,20211117,165500,7.2,7.2,7.2,7.2,1000,0
ASLEW.US,5,20211117,170000,7.05,7.05,6.92,6.92,500,0
ASLEW.US,5,20211117,170500,7.07,7.09,7.07,7.09,700,0
ASLEW.US,5,20211117,171000,7,7,6.8,6.86,7376,0
ASLEW.US,5,20211117,171500,6.87,6.93,6.83,6.89,2200,0
ASLEW.US,5,20211117,172000,6.93,7.12,6.93,7.1,5835,0
ASLEW.US,5,20211117,172500,7.03,7.07,6.935,6.935,2500,0
ASLEW.US,5,20211117,173000,7.02,7.02,7.02,7.02,100,0
ASLEW.US,5,20211117,173500,6.96,6.96,6.73,6.79,6705,0
ASLEW.US,5,20211117,174000,6.75,6.8,6.68,6.8,3573,0
ASLEW.US,5,20211117,175000,6.78,6.78,6.64,6.66,2134,0
ASLEW.US,5,20211117,175500,6.69,6.73,6.69,6.73,482,0
ASLEW.US,5,20211117,180500,6.74,6.74,6.74,6.74,100,0
ASLEW.US,5,20211117,181000,6.73,6.73,6.73,6.73,240,0
ASLEW.US,5,20211117,181500,6.8,6.85,6.8,6.85,700,0
ASLEW.US,5,20211117,182000,6.78,6.78,6.74,6.75,400,0
ASLEW.US,5,20211117,183000,6.75,6.75,6.75,6.75,100,0
ASLEW.US,5,20211117,183500,6.79,6.79,6.79,6.79,500,0
ASLEW.US,5,20211117,190500,6.75,6.75,6.75,6.75,675,0
ASLEW.US,5,20211117,191000,6.75,6.75,6.75,6.75,405,0
ASLEW.US,5,20211117,192000,6.74,6.76,6.74,6.74,1115,0
ASLEW.US,5,20211117,192500,6.75,6.77,6.75,6.77,200,0
ASLEW.US,5,20211117,193500,6.79,6.83,6.74,6.74,1559,0
ASLEW.US,5,20211117,194000,6.83,6.83,6.75,6.75,2178,0
ASLEW.US,5,20211117,200500,6.75,6.75,6.74,6.74,640,0
ASLEW.US,5,20211117,201000,6.812,6.812,6.74,6.74,1300,0
ASLEW.US,5,20211117,201500,6.74,6.74,6.74,6.74,1080,0
ASLEW.US,5,20211117,203500,6.84,6.88,6.765,6.775,5900,0
ASLEW.US,5,20211117,204000,6.75,6.75,6.68,6.73,1200,0
ASLEW.US,5,20211117,205000,6.65,6.69,6.65,6.69,400,0
ASLEW.US,5,20211117,210000,6.7,6.72,6.7,6.72,800,0
ASLEW.US,5,20211117,210500,6.63,6.675,6.63,6.675,1563,0
ASLEW.US,5,20211117,211000,6.72,6.77,6.72,6.76,300,0
ASLEW.US,5,20211117,212000,6.71,6.71,6.65,6.69,2895,0
ASLEW.US,5,20211117,212500,6.66,6.71,6.66,6.69,4717,0
ASLEW.US,5,20211117,213000,6.73,6.73,6.73,6.73,700,0
ASLEW.US,5,20211117,213500,6.7,6.7,6.7,6.7,3100,0
ASLEW.US,5,20211117,214000,6.7,6.7,6.67,6.67,2240,0
ASLEW.US,5,20211117,214500,6.7,6.7,6.67,6.69,1539,0
ASLEW.US,5,20211117,215000,6.68,6.71,6.67,6.67,1670,0
ASLEW.US,5,20211117,215500,6.7,6.7,6.63,6.66,5544,0
ASLEW.US,5,20211118,153000,6.99,7,6.7701,6.81,2240,0
ASLEW.US,5,20211118,153500,7,7.16,6.85,7.16,13350,0
ASLEW.US,5,20211118,154000,7.2,7.4,7.2,7.4,7151,0
ASLEW.US,5,20211118,154500,7.43,7.45,7.24,7.25,8587,0
ASLEW.US,5,20211118,155000,7.25,7.31,7.2,7.2,7080,0
ASLEW.US,5,20211118,155500,7.16,7.16,7.16,7.16,300,0
ASLEW.US,5,20211118,160000,7.1578,7.29,7.1578,7.25,520,0
ASLEW.US,5,20211118,160500,7.29,7.29,7,7,5235,0
ASLEW.US,5,20211118,161000,7,7.11,7,7.1,600,0
ASLEW.US,5,20211118,161500,7.14,7.19,7.14,7.19,300,0
ASLEW.US,5,20211118,162000,7.16,7.17,7.16,7.17,300,0
ASLEW.US,5,20211118,162500,7.17,7.17,7.17,7.17,100,0
ASLEW.US,5,20211118,163000,7.15,7.2,7.15,7.2,600,0
ASLEW.US,5,20211118,163500,7.22,7.22,7.18,7.18,400,0
ASLEW.US,5,20211118,164000,7.11,7.1117,6.94,6.94,2900,0
ASLEW.US,5,20211118,164500,7.07,7.12,7.07,7.12,800,0
ASLEW.US,5,20211118,165000,7.12,7.12,7.1152,7.1152,5200,0
ASLEW.US,5,20211118,165500,7.14,7.18,7.14,7.18,300,0
ASLEW.US,5,20211118,170000,7.2,7.2,7.1,7.1,700,0
ASLEW.US,5,20211118,170500,7.14,7.16,7.07,7.16,5500,0
ASLEW.US,5,20211118,171000,7.19,7.22,7.19,7.22,600,0
ASLEW.US,5,20211118,171500,7.1807,7.3005,7.17,7.27,3900,0
ASLEW.US,5,20211118,172000,7.27,7.27,7.27,7.27,100,0
ASLEW.US,5,20211118,172500,7.25,7.25,7.15,7.15,5280,0
ASLEW.US,5,20211118,173000,7.18,7.18,7.18,7.18,200,0
ASLEW.US,5,20211118,173500,7.0801,7.25,7.0801,7.25,1078,0
ASLEW.US,5,20211118,174000,7.22,7.22,7.22,7.22,200,0
ASLEW.US,5,20211118,174500,7.23,7.23,7.23,7.23,200,0
ASLEW.US,5,20211118,175000,7.1999,7.1999,7.1999,7.1999,900,0
ASLEW.US,5,20211118,175500,7.1,7.1,7.1,7.1,2000,0
ASLEW.US,5,20211118,180500,7.2299,7.2299,7.18,7.18,400,0
ASLEW.US,5,20211118,181500,7.18,7.18,7.11,7.15,1900,0
ASLEW.US,5,20211118,182500,7.18,7.18,7.18,7.18,1000,0
ASLEW.US,5,20211118,183000,7.1582,7.18,7.15,7.16,9317,0
ASLEW.US,5,20211118,183500,7.16,7.16,7.16,7.16,2100,0
ASLEW.US,5,20211118,184000,7.16,7.23,7.11,7.16,12056,0
ASLEW.US,5,20211118,184500,7.16,7.19,7.16,7.16,1000,0
ASLEW.US,5,20211118,190000,7.1,7.12,7.1,7.1,5195,0
ASLEW.US,5,20211118,191000,7.13,7.15,7.13,7.15,12350,0
ASLEW.US,5,20211118,192000,7.12,7.12,7.12,7.12,300,0
ASLEW.US,5,20211118,192500,7.12,7.21,7.12,7.21,400,0
ASLEW.US,5,20211118,193000,7.15,7.21,7.15,7.21,200,0
ASLEW.US,5,20211118,193500,7.21,7.21,7.21,7.21,200,0
ASLEW.US,5,20211118,194000,7.2,7.21,7.18,7.21,500,0
ASLEW.US,5,20211118,194500,7.21,7.22,7.21,7.22,400,0
ASLEW.US,5,20211118,195000,7.23,7.23,7.2,7.2,200,0
ASLEW.US,5,20211118,195500,7.18,7.2,7.18,7.2,200,0
ASLEW.US,5,20211118,200000,7.18,7.18,7.18,7.18,100,0
ASLEW.US,5,20211118,200500,7.18,7.18,7.17,7.17,300,0
ASLEW.US,5,20211118,201000,7.19,7.19,7.19,7.19,100,0
ASLEW.US,5,20211118,201500,7.19,7.19,7.15,7.15,200,0
ASLEW.US,5,20211118,202000,7.14,7.14,7.14,7.14,100,0
ASLEW.US,5,20211118,202500,7.13,7.13,7.1,7.1,4800,0
ASLEW.US,5,20211118,203000,7.0999,7.0999,7.08,7.08,1100,0
ASLEW.US,5,20211118,203500,7.1,7.23,7.1,7.23,3150,0
ASLEW.US,5,20211118,204000,7.2001,7.22,7.2,7.2,1703,0
ASLEW.US,5,20211118,204500,7.19,7.19,7.19,7.19,100,0
ASLEW.US,5,20211118,205000,7.19,7.19,7.19,7.19,200,0
ASLEW.US,5,20211118,205500,7.19,7.19,7.18,7.18,200,0
ASLEW.US,5,20211118,210000,7.15,7.16,7.15,7.15,300,0
ASLEW.US,5,20211118,210500,7.104,7.16,7.104,7.16,1709,0
ASLEW.US,5,20211118,211000,7.2,7.2,7.14,7.19,300,0
ASLEW.US,5,20211118,211500,7.15,7.15,7.15,7.15,200,0
ASLEW.US,5,20211118,212000,7.15,7.15,7.15,7.15,300,0
ASLEW.US,5,20211118,212500,7.15,7.15,7.15,7.15,2100,0
ASLEW.US,5,20211118,213000,7.15,7.15,7.15,7.15,300,0
ASLEW.US,5,20211118,213500,7.15,7.15,7.1,7.1,3864,0
ASLEW.US,5,20211118,214000,7.15,7.15,7.15,7.15,4965,0
ASLEW.US,5,20211118,214500,7.13,7.13,7.125,7.125,1084,0
ASLEW.US,5,20211118,215000,7.1,7.1,7.02,7.075,4100,0
ASLEW.US,5,20211118,215500,7.05,7.09,7.02,7.09,2292,0
ASLEW.US,5,20211119,153000,7.27,7.27,7.0501,7.0501,1330,0
ASLEW.US,5,20211119,154000,7.2,7.2,7,7,4560,0
ASLEW.US,5,20211119,155500,7.0601,7.08,7.06,7.06,1600,0
ASLEW.US,5,20211119,160000,7.03,7.03,6.9,6.9,850,0
ASLEW.US,5,20211119,160500,7,7,7,7,147,0
ASLEW.US,5,20211119,161500,6.87,6.87,6.76,6.81,698,0
ASLEW.US,5,20211119,162500,6.8,6.8,6.75,6.75,500,0
ASLEW.US,5,20211119,163000,6.74,6.74,6.74,6.74,300,0
ASLEW.US,5,20211119,164000,6.8,6.8,6.78,6.78,4450,0
ASLEW.US,5,20211119,164500,6.8,6.8001,6.8,6.8,1342,0
ASLEW.US,5,20211119,165500,6.8,6.82,6.76,6.78,2458,0
ASLEW.US,5,20211119,170000,6.77,6.8,6.77,6.8,300,0
ASLEW.US,5,20211119,171000,6.75,6.75,6.75,6.75,1000,0
ASLEW.US,5,20211119,171500,6.75,6.75,6.75,6.75,100,0
ASLEW.US,5,20211119,172500,6.81,6.81,6.8,6.8,1100,0
ASLEW.US,5,20211119,173000,6.8,6.84,6.79,6.79,600,0
ASLEW.US,5,20211119,173500,6.8,6.85,6.79,6.845,6700,0
ASLEW.US,5,20211119,174000,6.87,6.87,6.73,6.78,4243,0
ASLEW.US,5,20211119,174500,6.78,6.78,6.78,6.78,100,0
ASLEW.US,5,20211119,175000,6.78,6.81,6.73,6.8,2600,0
ASLEW.US,5,20211119,180000,6.8,6.8,6.76,6.76,334,0
ASLEW.US,5,20211119,181000,6.76,6.77,6.74,6.77,2800,0
ASLEW.US,5,20211119,181500,6.75,6.75,6.68,6.68,3401,0
ASLEW.US,5,20211119,182000,6.705,6.73,6.62,6.62,1980,0
ASLEW.US,5,20211119,182500,6.65,6.68,6.6,6.6,6641,0
ASLEW.US,5,20211119,183000,6.62,6.66,6.59,6.63,3656,0
ASLEW.US,5,20211119,183500,6.65,6.65,6.63,6.63,200,0
ASLEW.US,5,20211119,184000,6.65,6.7,6.6,6.7,10941,0
ASLEW.US,5,20211119,185000,6.72,6.72,6.67,6.67,1348,0
ASLEW.US,5,20211119,185500,6.7,6.7,6.62,6.67,15063,0
ASLEW.US,5,20211119,190000,6.66,6.67,6.63,6.67,2563,0
ASLEW.US,5,20211119,191500,6.68,6.86,6.64,6.85,17771,0
ASLEW.US,5,20211119,192000,6.805,6.805,6.805,6.805,300,0
ASLEW.US,5,20211119,192500,6.8599,6.8599,6.8599,6.8599,100,0
ASLEW.US,5,20211119,193500,6.86,6.86,6.86,6.86,100,0
ASLEW.US,5,20211119,194000,6.755,6.755,6.72,6.72,634,0
ASLEW.US,5,20211119,194500,6.75,6.75,6.72,6.72,417,0
ASLEW.US,5,20211119,195000,6.7,6.7,6.67,6.67,400,0
ASLEW.US,5,20211119,200000,6.78,6.78,6.78,6.78,100,0
ASLEW.US,5,20211119,200500,6.72,6.72,6.64,6.65,10617,0
ASLEW.US,5,20211119,201500,6.7,6.7,6.7,6.7,934,0
ASLEW.US,5,20211119,202000,6.69,6.7,6.69,6.7,300,0
ASLEW.US,5,20211119,203000,6.75,6.75,6.59,6.61,4249,0
ASLEW.US,5,20211119,203500,6.635,6.65,6.52,6.59,9391,0
ASLEW.US,5,20211119,204000,6.59,6.63,6.56,6.61,6115,0
ASLEW.US,5,20211119,204500,6.66,6.66,6.59,6.6,2936,0
ASLEW.US,5,20211119,205000,6.7,6.7,6.61,6.63,2114,0
ASLEW.US,5,20211119,205500,6.67,6.73,6.63,6.68,1445,0
ASLEW.US,5,20211119,210000,6.67,6.67,6.67,6.67,300,0
ASLEW.US,5,20211119,210500,6.65,6.65,6.61,6.61,207,0
ASLEW.US,5,20211119,211000,6.6,6.6,6.52,6.59,2587,0
ASLEW.US,5,20211119,211500,6.54,6.62,6.54,6.62,702,0
ASLEW.US,5,20211119,212000,6.62,6.64,6.58,6.58,3453,0
ASLEW.US,5,20211119,212500,6.63,6.63,6.58,6.6,649,0
ASLEW.US,5,20211119,213000,6.62,6.62,6.58,6.58,825,0
ASLEW.US,5,20211119,213500,6.6,6.605,6.54,6.56,1350,0
ASLEW.US,5,20211119,214000,6.53,6.53,6.52,6.53,400,0
ASLEW.US,5,20211119,214500,6.52,6.57,6.52,6.53,2803,0
ASLEW.US,5,20211119,215000,6.55,6.55,6.5,6.5,3039,0
ASLEW.US,5,20211119,215500,6.5,6.56,6.48,6.51,6112,0
ASLEW.US,5,20211122,154000,6.52,6.52,6.48,6.48,950,0
ASLEW.US,5,20211122,155000,6.41,6.58,6.4,6.57,10200,0
ASLEW.US,5,20211122,155500,6.55,6.55,6.55,6.55,400,0
ASLEW.US,5,20211122,160000,6.55,6.55,6.44,6.44,4895,0
ASLEW.US,5,20211122,160500,6.4709,6.5,6.39,6.49,11345,0
ASLEW.US,5,20211122,161000,6.48,6.5,6.48,6.5,2164,0
ASLEW.US,5,20211122,161500,6.59,6.59,6.59,6.59,2707,0
ASLEW.US,5,20211122,162500,6.62,6.62,6.41,6.41,20300,0
ASLEW.US,5,20211122,163000,6.5,6.545,6.41,6.545,5337,0
ASLEW.US,5,20211122,163500,6.5,6.5,6.45,6.46,2630,0
ASLEW.US,5,20211122,164000,6.43,6.459,6.43,6.459,2082,0
ASLEW.US,5,20211122,164500,6.46,6.5,6.46,6.5,1300,0
ASLEW.US,5,20211122,165000,6.46,6.46,6.46,6.46,100,0
ASLEW.US,5,20211122,165500,6.465,6.5,6.465,6.5,1892,0
ASLEW.US,5,20211122,171000,6.55,6.61,6.46,6.46,4700,0
ASLEW.US,5,20211122,171500,6.51,6.51,6.51,6.51,100,0
ASLEW.US,5,20211122,172000,6.64,6.64,6.64,6.64,100,0
ASLEW.US,5,20211122,172500,6.5799,6.5799,6.5,6.513,3808,0
ASLEW.US,5,20211122,174500,6.55,6.55,6.44,6.44,1518,0
ASLEW.US,5,20211122,175000,6.4,6.46,6.37,6.37,600,0
ASLEW.US,5,20211122,175500,6.35,6.35,6.21,6.21,3165,0
ASLEW.US,5,20211122,180000,6.29,6.39,6.29,6.39,3100,0
ASLEW.US,5,20211122,181000,6.53,6.53,6.53,6.53,100,0
ASLEW.US,5,20211122,181500,6.54,6.54,6.54,6.54,391,0
ASLEW.US,5,20211122,182000,6.59,6.6,6.59,6.6,2149,0
ASLEW.US,5,20211122,182500,6.61,6.69,6.61,6.69,1500,0
ASLEW.US,5,20211122,183000,6.65,6.65,6.55,6.55,3169,0
ASLEW.US,5,20211122,184000,6.57,6.57,6.57,6.57,100,0
ASLEW.US,5,20211122,185500,6.57,6.69,6.55,6.68,2124,0
ASLEW.US,5,20211122,191000,6.6,6.6,6.57,6.57,2290,0
ASLEW.US,5,20211122,192000,6.571,6.571,6.571,6.571,100,0
ASLEW.US,5,20211122,192500,6.57,6.57,6.57,6.57,800,0
ASLEW.US,5,20211122,193000,6.57,6.57,6.57,6.57,372,0
ASLEW.US,5,20211122,193500,6.57,6.57,6.57,6.57,450,0
ASLEW.US,5,20211122,194000,6.57,6.57,6.57,6.57,450,0
ASLEW.US,5,20211122,194500,6.57,6.57,6.57,6.57,550,0
ASLEW.US,5,20211122,195500,6.55,6.55,6.5,6.54,1500,0
ASLEW.US,5,20211122,200000,6.59,6.64,6.59,6.64,746,0
ASLEW.US,5,20211122,200500,6.64,6.64,6.64,6.64,565,0
ASLEW.US,5,20211122,201000,6.62,6.62,6.61,6.61,1659,0
ASLEW.US,5,20211122,201500,6.6,6.65,6.56,6.56,1653,0
ASLEW.US,5,20211122,202500,6.5014,6.5014,6.5014,6.5014,100,0
ASLEW.US,5,20211122,203000,6.57,6.59,6.57,6.58,400,0
ASLEW.US,5,20211122,203500,6.59,6.59,6.53,6.575,900,0
ASLEW.US,5,20211122,204000,6.51,6.51,6.5,6.5,788,0
ASLEW.US,5,20211122,210000,6.62,6.65,6.55,6.56,1550,0
ASLEW.US,5,20211122,210500,6.65,6.65,6.65,6.65,4800,0
ASLEW.US,5,20211122,211000,6.58,6.59,6.56,6.56,2103,0
ASLEW.US,5,20211122,211500,6.56,6.57,6.56,6.57,2132,0
ASLEW.US,5,20211122,212000,6.57,6.57,6.57,6.57,2092,0
ASLEW.US,5,20211122,212500,6.55,6.55,6.53,6.53,4050,0
ASLEW.US,5,20211122,213500,6.48,6.4813,6.48,6.4813,5000,0
ASLEW.US,5,20211122,214000,6.46,6.46,6.45,6.46,1284,0
ASLEW.US,5,20211122,214500,6.45,6.45,6.4,6.41,2462,0
ASLEW.US,5,20211122,215000,6.41,6.44,6.37,6.41,2994,0
ASLEW.US,5,20211122,215500,6.425,6.44,6.35,6.35,6427,0
ASLEW.US,5,20211123,153000,6.59,6.59,6.47,6.47,799,0
ASLEW.US,5,20211123,153500,6.46,6.46,6.29,6.38,4123,0
ASLEW.US,5,20211123,154000,6.33,6.43,6.21,6.25,10734,0
ASLEW.US,5,20211123,154500,6.25,6.25,6.25,6.25,3200,0
ASLEW.US,5,20211123,155000,6.35,6.35,6.19,6.24,3217,0
ASLEW.US,5,20211123,160000,6.21,6.25,6.2,6.25,4462,0
ASLEW.US,5,20211123,160500,6.21,6.24,6.05,6.05,8574,0
ASLEW.US,5,20211123,161000,6.03,6.05,5.82,6,24283,0
ASLEW.US,5,20211123,161500,5.99,6.02,5.98,6,3149,0
ASLEW.US,5,20211123,162000,6,6,6,6,100,0
ASLEW.US,5,20211123,162500,5.93,5.95,5.91,5.91,11129,0
ASLEW.US,5,20211123,163000,5.94,6,5.88,6,6130,0
ASLEW.US,5,20211123,163500,6,6,6,6,500,0
ASLEW.US,5,20211123,164000,5.99,6,5.95,5.99,3420,0
ASLEW.US,5,20211123,164500,5.92,6,5.92,6,1200,0
ASLEW.US,5,20211123,165000,5.91,5.985,5.9,5.985,700,0
ASLEW.US,5,20211123,165500,5.9899,6,5.91,5.99,15352,0
ASLEW.US,5,20211123,170000,5.93,5.976,5.92,5.976,1200,0
ASLEW.US,5,20211123,170500,5.955,5.955,5.93,5.93,700,0
ASLEW.US,5,20211123,171500,5.99,6.09,5.99,6.09,6085,0
ASLEW.US,5,20211123,172000,6.1,6.13,6.05,6.13,2300,0
ASLEW.US,5,20211123,172500,6.13,6.14,6.13,6.14,1000,0
ASLEW.US,5,20211123,173000,6.15,6.15,6.15,6.15,400,0
ASLEW.US,5,20211123,173500,6.15,6.15,6.15,6.15,4600,0
ASLEW.US,5,20211123,174000,6.03,6.1,5.97,6.05,5143,0
ASLEW.US,5,20211123,174500,6.05,6.15,6.05,6.14,1100,0
ASLEW.US,5,20211123,175000,6.11,6.13,6.06,6.06,551,0
ASLEW.US,5,20211123,175500,6.095,6.095,6.06,6.06,532,0
ASLEW.US,5,20211123,180000,6.06,6.07,6.06,6.06,1739,0
ASLEW.US,5,20211123,181500,6.13,6.13,6.1,6.1,800,0
ASLEW.US,5,20211123,182000,6.1,6.16,6.1,6.16,2300,0
ASLEW.US,5,20211123,182500,6.21,6.24,6.21,6.24,900,0
ASLEW.US,5,20211123,183000,6.25,6.25,6.115,6.115,300,0
ASLEW.US,5,20211123,184000,6.13,6.16,6.07,6.13,9724,0
ASLEW.US,5,20211123,185000,6.15,6.22,6.15,6.17,1217,0
ASLEW.US,5,20211123,185500,6.28,6.28,6.22,6.22,218,0
ASLEW.US,5,20211123,190000,6.21,6.37,6.19,6.37,937,0
ASLEW.US,5,20211123,191000,6.4,6.4,6.4,6.4,2056,0
ASLEW.US,5,20211123,191500,6.4,6.4,6.4,6.4,350,0
ASLEW.US,5,20211123,192000,6.4,6.46,6.4,6.46,508,0
ASLEW.US,5,20211123,192500,6.566,6.566,6.566,6.566,152,0
ASLEW.US,5,20211123,193000,6.5,6.5,6.47,6.47,1195,0
ASLEW.US,5,20211123,193500,6.4,6.44,6.4,6.44,1000,0
ASLEW.US,5,20211123,194500,6.44,6.45,6.44,6.45,1100,0
ASLEW.US,5,20211123,195000,6.51,6.52,6.51,6.52,300,0
ASLEW.US,5,20211123,195500,6.52,6.52,6.52,6.52,200,0
ASLEW.US,5,20211123,200000,6.43,6.4761,6.39,6.4,3299,0
ASLEW.US,5,20211123,200500,6.4,6.4,6.32,6.32,2500,0
ASLEW.US,5,20211123,201000,6.32,6.3215,6.28,6.3215,2203,0
ASLEW.US,5,20211123,201500,6.23,6.24,6.22,6.23,2397,0
ASLEW.US,5,20211123,202000,6.23,6.28,6.22,6.26,6630,0
ASLEW.US,5,20211123,202500,6.25,6.25,6.14,6.14,5085,0
ASLEW.US,5,20211123,203000,6.15,6.18,6.15,6.18,1278,0
ASLEW.US,5,20211123,205500,6.26,6.3,6.2,6.3,3805,0
ASLEW.US,5,20211123,210000,6.24,6.24,6.12,6.18,1971,0
ASLEW.US,5,20211123,210500,6.17,6.2,6.14,6.2,5505,0
ASLEW.US,5,20211123,211000,6.2,6.26,6.17,6.17,8079,0
ASLEW.US,5,20211123,211500,6.2,6.2,6.18,6.18,500,0
ASLEW.US,5,20211123,212000,6.17,6.2,6.15,6.2,3626,0
ASLEW.US,5,20211123,212500,6.23,6.2501,6.2,6.2001,7074,0
ASLEW.US,5,20211123,213000,6.2,6.25,6.17,6.1982,5375,0
ASLEW.US,5,20211123,213500,6.18,6.1891,6.095,6.1891,9097,0
ASLEW.US,5,20211123,214000,6.2,6.21,6.16,6.2,3225,0
ASLEW.US,5,20211123,214500,6.2,6.2005,6.17,6.17,4650,0
ASLEW.US,5,20211123,215000,6.18,6.18,6.12,6.12,3400,0
ASLEW.US,5,20211123,215500,6.14,6.2,6.14,6.2,700,0
ASLEW.US,5,20211124,153000,6.2,6.2,6.2,6.2,175,0
ASLEW.US,5,20211124,153500,6.07,6.07,6.07,6.07,1500,0
ASLEW.US,5,20211124,154000,6.11,6.11,6.11,6.11,300,0
ASLEW.US,5,20211124,155500,6.2148,6.2148,6.2148,6.2148,500,0
ASLEW.US,5,20211124,160000,6.28,6.28,6.15,6.28,872,0
ASLEW.US,5,20211124,160500,6.26,6.26,6.11,6.23,1736,0
ASLEW.US,5,20211124,161500,6.2,6.24,6.2,6.24,200,0
ASLEW.US,5,20211124,162000,6.2,6.28,6.19,6.21,929,0
ASLEW.US,5,20211124,162500,6.28,6.32,6.28,6.32,1402,0
ASLEW.US,5,20211124,163000,6.26,6.28,6.26,6.26,400,0
ASLEW.US,5,20211124,163500,6.3,6.3,6.3,6.3,100,0
ASLEW.US,5,20211124,164500,6.25,6.3,6.23,6.3,2140,0
ASLEW.US,5,20211124,165000,6.4,6.4,6.4,6.4,100,0
ASLEW.US,5,20211124,165500,6.4,6.4,6.4,6.4,1700,0
ASLEW.US,5,20211124,172000,6.38,6.38,6.38,6.38,1000,0
ASLEW.US,5,20211124,172500,6.345,6.345,6.345,6.345,100,0
ASLEW.US,5,20211124,175000,6.35,6.35,6.35,6.35,100,0
ASLEW.US,5,20211124,175500,6.35,6.36,6.31,6.35,2056,0
ASLEW.US,5,20211124,180000,6.35,6.35,6.35,6.35,933,0
ASLEW.US,5,20211124,181500,6.35,6.35,6.35,6.35,191,0
ASLEW.US,5,20211124,182500,6.44,6.45,6.425,6.45,1350,0
ASLEW.US,5,20211124,183000,6.43,6.43,6.43,6.43,400,0
ASLEW.US,5,20211124,183500,6.4101,6.45,6.4101,6.45,1325,0
ASLEW.US,5,20211124,184500,6.45,6.45,6.37,6.435,1518,0
ASLEW.US,5,20211124,185500,6.39,6.39,6.34,6.38,2427,0
ASLEW.US,5,20211124,190000,6.4,6.41,6.4,6.41,200,0
ASLEW.US,5,20211124,190500,6.44,6.44,6.44,6.44,118,0
ASLEW.US,5,20211124,191000,6.41,6.44,6.41,6.44,400,0
ASLEW.US,5,20211124,191500,6.435,6.435,6.435,6.435,100,0
ASLEW.US,5,20211124,192500,6.43,6.46,6.4,6.4,2782,0
ASLEW.US,5,20211124,193000,6.43,6.46,6.43,6.45,844,0
ASLEW.US,5,20211124,193500,6.4695,6.4695,6.4695,6.4695,100,0
ASLEW.US,5,20211124,194500,6.47,6.49,6.45,6.49,2218,0
ASLEW.US,5,20211124,195500,6.475,6.48,6.475,6.48,200,0
ASLEW.US,5,20211124,200000,6.47,6.51,6.46,6.51,2635,0
ASLEW.US,5,20211124,200500,6.5,6.51,6.49,6.49,753,0
ASLEW.US,5,20211124,201000,6.51,6.51,6.49,6.49,636,0
ASLEW.US,5,20211124,201500,6.49,6.491,6.49,6.491,607,0
ASLEW.US,5,20211124,203000,6.51,6.525,6.48,6.495,436,0
ASLEW.US,5,20211124,203500,6.48,6.51,6.46,6.49,1270,0
ASLEW.US,5,20211124,204000,6.49,6.49,6.445,6.46,1222,0
ASLEW.US,5,20211124,204500,6.51,6.51,6.51,6.51,518,0
ASLEW.US,5,20211124,205000,6.52,6.5236,6.52,6.5236,218,0
ASLEW.US,5,20211124,210500,6.52,6.54,6.52,6.53,4836,0
ASLEW.US,5,20211124,211000,6.6,6.6,6.6,6.6,100,0
ASLEW.US,5,20211124,211500,6.6,6.6,6.56,6.56,2368,0
ASLEW.US,5,20211124,213000,6.5799,6.5799,6.5799,6.5799,1000,0
ASLEW.US,5,20211124,214500,6.5,6.5,6.5,6.5,100,0
ASLEW.US,5,20211124,215000,6.5,6.52,6.5,6.52,200,0
ASLEW.US,5,20211124,215500,6.5,6.54,6.49,6.54,8966,0
ASLEW.US,5,20211126,153000,6.29,6.29,6.2,6.29,7158,0
ASLEW.US,5,20211126,153500,6.2201,6.29,6.2201,6.29,2497,0
ASLEW.US,5,20211126,154000,6.27,6.29,6.27,6.2701,3188,0
ASLEW.US,5,20211126,154500,6.27,6.27,6.19,6.25,5073,0
ASLEW.US,5,20211126,155000,6.21,6.21,6.21,6.21,100,0
ASLEW.US,5,20211126,155500,6.06,6.06,6.06,6.06,865,0
ASLEW.US,5,20211126,160000,6.1,6.17,6.1,6.14,4053,0
ASLEW.US,5,20211126,160500,6.21,6.22,6.21,6.22,400,0
ASLEW.US,5,20211126,161000,6.2,6.2,6.12,6.15,5220,0
ASLEW.US,5,20211126,161500,6.19,6.27,6.19,6.22,3900,0
ASLEW.US,5,20211126,162000,6.24,6.24,6.15,6.18,4585,0
ASLEW.US,5,20211126,162500,6.18,6.18,6.09,6.1249,2418,0
ASLEW.US,5,20211126,163000,6.13,6.13,6.13,6.13,100,0
ASLEW.US,5,20211126,163500,6.13,6.16,6.13,6.16,2100,0
ASLEW.US,5,20211126,164000,6.16,6.18,6.16,6.16,2654,0
ASLEW.US,5,20211126,164500,6.16,6.16,6.16,6.16,800,0
ASLEW.US,5,20211126,165000,6.16,6.16,6.12,6.13,984,0
ASLEW.US,5,20211126,165500,6.06,6.06,6,6.01,7731,0
ASLEW.US,5,20211126,170000,6.02,6.03,6.02,6.03,2000,0
ASLEW.US,5,20211126,171000,6.05,6.0599,6.02,6.02,2200,0
ASLEW.US,5,20211126,171500,6.06,6.06,6.02,6.02,1600,0
ASLEW.US,5,20211126,172000,6.02,6.02,6.02,6.02,3325,0
ASLEW.US,5,20211126,172500,6.0111,6.07,6.0111,6.07,5307,0
ASLEW.US,5,20211126,173500,6.1,6.12,6.1,6.12,800,0
ASLEW.US,5,20211126,174500,6.1,6.1,6.1,6.1,492,0
ASLEW.US,5,20211126,180500,6.14,6.14,6.14,6.14,300,0
ASLEW.US,5,20211126,181500,6.24,6.26,6.24,6.26,2100,0
ASLEW.US,5,20211126,182500,6.29,6.34,6.29,6.338,1994,0
ASLEW.US,5,20211126,183000,6.3,6.3,6.3,6.3,2000,0
ASLEW.US,5,20211126,183500,6.33,6.46,6.33,6.46,900,0
ASLEW.US,5,20211126,184000,6.37,6.4,6.37,6.4,900,0
ASLEW.US,5,20211126,184500,6.43,6.43,6.43,6.43,800,0
ASLEW.US,5,20211126,185000,6.37,6.46,6.35,6.35,4787,0
ASLEW.US,5,20211126,185500,6.33,6.45,6.33,6.45,1200,0
ASLEW.US,5,20211126,190000,6.45,6.46,6.45,6.46,300,0
ASLEW.US,5,20211129,153000,6.95,6.95,6.75,6.8,8726,0
ASLEW.US,5,20211129,153500,6.89,7.15,6.89,7.12,11051,0
ASLEW.US,5,20211129,154000,7.08,7.27,6.76,6.9,57293,0
ASLEW.US,5,20211129,154500,6.92,7.01,6.9,6.9515,59401,0
ASLEW.US,5,20211129,155000,7.01,7.01,6.89,6.93,4312,0
ASLEW.US,5,20211129,155500,6.92,6.935,6.91,6.935,2300,0
ASLEW.US,5,20211129,160000,6.9188,6.9188,6.86,6.86,544,0
ASLEW.US,5,20211129,160500,6.84,6.8555,6.79,6.85,24553,0
ASLEW.US,5,20211129,161000,6.83,6.8524,6.83,6.85,7393,0
ASLEW.US,5,20211129,161500,6.86,6.9,6.84,6.9,4388,0
ASLEW.US,5,20211129,162000,6.9,6.95,6.9,6.94,3745,0
ASLEW.US,5,20211129,162500,6.92,7,6.92,7,34931,0
ASLEW.US,5,20211129,163000,6.95,7,6.94,7,6460,0
ASLEW.US,5,20211129,163500,7,7.01,7,7.01,3830,0
ASLEW.US,5,20211129,164000,6.97,6.97,6.89,6.9,4745,0
ASLEW.US,5,20211129,164500,6.91,6.91,6.91,6.91,4276,0
ASLEW.US,5,20211129,165000,6.9,6.9,6.9,6.9,1169,0
ASLEW.US,5,20211129,165500,6.8913,6.9,6.88,6.9,2949,0
ASLEW.US,5,20211129,170000,6.9,6.9,6.9,6.9,4000,0
ASLEW.US,5,20211129,170500,6.87,6.9,6.87,6.9,21911,0
ASLEW.US,5,20211129,171000,6.9,6.93,6.9,6.9,29267,0
ASLEW.US,5,20211129,171500,6.895,6.9,6.85,6.85,37965,0
ASLEW.US,5,20211129,172000,6.86,6.9,6.86,6.8801,23977,0
ASLEW.US,5,20211129,172500,6.89,6.9,6.89,6.89,1095,0
ASLEW.US,5,20211129,173500,6.86,6.8772,6.86,6.8772,200,0
ASLEW.US,5,20211129,174000,6.86,6.88,6.86,6.88,3699,0
ASLEW.US,5,20211129,174500,6.85,6.85,6.84,6.84,2200,0
ASLEW.US,5,20211129,175000,6.85,6.85,6.85,6.85,599,0
ASLEW.US,5,20211129,175500,6.85,6.8541,6.81,6.81,3382,0
ASLEW.US,5,20211129,180000,6.82,6.8201,6.79,6.79,2636,0
ASLEW.US,5,20211129,180500,6.8,6.8,6.77,6.78,21621,0
ASLEW.US,5,20211129,181000,6.78,6.7867,6.76,6.77,8727,0
ASLEW.US,5,20211129,181500,6.78,6.785,6.77,6.785,2725,0
ASLEW.US,5,20211129,182000,6.79,6.8,6.775,6.8,12925,0
ASLEW.US,5,20211129,182500,6.8,6.8002,6.78,6.78,6368,0
ASLEW.US,5,20211129,183000,6.81,6.81,6.77,6.79,10448,0
ASLEW.US,5,20211129,183500,6.8,6.8,6.75,6.76,3883,0
ASLEW.US,5,20211129,184000,6.76,6.79,6.73,6.79,1300,0
ASLEW.US,5,20211129,184500,6.73,6.79,6.73,6.79,4684,0
ASLEW.US,5,20211129,185000,6.79,6.85,6.77,6.8098,24664,0
ASLEW.US,5,20211129,185500,6.81,6.84,6.8,6.83,14246,0
ASLEW.US,5,20211129,190000,6.78,6.83,6.76,6.8,1812,0
ASLEW.US,5,20211129,190500,6.8,6.8,6.78,6.8,3808,0
ASLEW.US,5,20211129,191000,6.78,6.82,6.78,6.79,2600,0
ASLEW.US,5,20211129,191500,6.81,6.815,6.8,6.8,10179,0
ASLEW.US,5,20211129,192000,6.79,6.86,6.79,6.85,3202,0
ASLEW.US,5,20211129,192500,6.82,6.86,6.79,6.82,7784,0
ASLEW.US,5,20211129,193000,6.81,6.84,6.8,6.84,102700,0
ASLEW.US,5,20211129,193500,6.82,6.86,6.81,6.86,3224,0
ASLEW.US,5,20211129,194000,6.84,6.87,6.84,6.86,2023,0
ASLEW.US,5,20211129,194500,6.87,6.92,6.87,6.92,1808,0
ASLEW.US,5,20211129,195000,6.94,6.94,6.89,6.94,1900,0
ASLEW.US,5,20211129,195500,6.89,6.94,6.89,6.94,1300,0
ASLEW.US,5,20211129,200000,6.89,6.93,6.88,6.9,4086,0
ASLEW.US,5,20211129,200500,6.89,6.94,6.8886,6.94,3699,0
ASLEW.US,5,20211129,201000,6.89,6.94,6.89,6.91,800,0
ASLEW.US,5,20211129,201500,6.93,6.98,6.89,6.89,3535,0
ASLEW.US,5,20211129,202000,6.89,6.9,6.89,6.89,700,0
ASLEW.US,5,20211129,202500,6.89,6.93,6.89,6.93,975,0
ASLEW.US,5,20211129,203000,6.89,6.93,6.89,6.92,4146,0
ASLEW.US,5,20211129,203500,6.89,6.95,6.89,6.95,3100,0
ASLEW.US,5,20211129,204000,6.99,7,6.975,6.985,19800,0
ASLEW.US,5,20211129,204500,6.99,6.99,6.93,6.98,5382,0
ASLEW.US,5,20211129,205000,6.955,6.97,6.89,6.93,4368,0
ASLEW.US,5,20211129,205500,6.93,6.98,6.91,6.98,1000,0
ASLEW.US,5,20211129,210000,6.92,6.98,6.91,6.93,4442,0
ASLEW.US,5,20211129,210500,6.93,6.93,6.88,6.88,1400,0
ASLEW.US,5,20211129,211000,6.905,6.905,6.88,6.905,3801,0
ASLEW.US,5,20211129,211500,6.91,6.91,6.86,6.86,500,0
ASLEW.US,5,20211129,212000,6.86,6.9,6.82,6.9,13529,0
ASLEW.US,5,20211129,212500,6.84,6.9,6.84,6.84,1457,0
ASLEW.US,5,20211129,213000,6.855,6.855,6.84,6.8495,700,0
ASLEW.US,5,20211129,213500,6.84,6.85,6.8301,6.84,7572,0
ASLEW.US,5,20211129,214000,6.84,6.84,6.835,6.84,12930,0
ASLEW.US,5,20211129,214500,6.84,6.84,6.8102,6.8102,11173,0
ASLEW.US,5,20211129,215000,6.8101,6.85,6.8101,6.83,3096,0
ASLEW.US,5,20211129,215500,6.85,6.85,6.83,6.84,1945,0
ASLEW.US,5,20211130,153000,6.87,6.87,6.78,6.78,400,0
ASLEW.US,5,20211130,154500,6.7901,6.7901,6.7901,6.7901,100,0
ASLEW.US,5,20211130,155000,6.78,6.78,6.75,6.75,947,0
ASLEW.US,5,20211130,160000,6.83,6.84,6.78,6.78,1039,0
ASLEW.US,5,20211130,160500,6.84,6.84,6.84,6.84,300,0
ASLEW.US,5,20211130,161000,6.84,6.87,6.83,6.87,2600,0
ASLEW.US,5,20211130,161500,6.87,6.87,6.83,6.86,900,0
ASLEW.US,5,20211130,162000,6.86,6.86,6.82,6.82,1357,0
ASLEW.US,5,20211130,162500,6.82,6.83,6.79,6.83,2975,0
ASLEW.US,5,20211130,163000,6.83,6.9,6.83,6.9,2000,0
ASLEW.US,5,20211130,163500,6.865,6.865,6.79,6.79,3249,0
ASLEW.US,5,20211130,164000,6.8,6.83,6.79,6.83,4127,0
ASLEW.US,5,20211130,164500,6.83,6.83,6.77,6.77,1141,0
ASLEW.US,5,20211130,165000,6.76,6.8,6.76,6.8,400,0
ASLEW.US,5,20211130,165500,6.79,6.79,6.7,6.79,3528,0
ASLEW.US,5,20211130,170000,6.8,6.8,6.69,6.69,9189,0
ASLEW.US,5,20211130,170500,6.73,6.73,6.69,6.69,4136,0
ASLEW.US,5,20211130,171000,6.7,6.75,6.68,6.7,16151,0
ASLEW.US,5,20211130,171500,6.69,6.77,6.69,6.77,3200,0
ASLEW.US,5,20211130,172000,6.725,6.75,6.725,6.725,600,0
ASLEW.US,5,20211130,172500,6.73,6.73,6.7,6.7,2300,0
ASLEW.US,5,20211130,173000,6.73,6.73,6.69,6.73,6038,0
ASLEW.US,5,20211130,173500,6.71,6.73,6.69,6.69,700,0
ASLEW.US,5,20211130,174000,6.73,6.73,6.66,6.69,15600,0
ASLEW.US,5,20211130,174500,6.69,6.7,6.67,6.68,3732,0
ASLEW.US,5,20211130,175000,6.71,6.73,6.7,6.73,500,0
ASLEW.US,5,20211130,175500,6.73,6.73,6.68,6.73,13016,0
ASLEW.US,5,20211130,180000,6.7,6.7,6.68,6.68,700,0
ASLEW.US,5,20211130,180500,6.68,6.7,6.68,6.69,3400,0
ASLEW.US,5,20211130,181000,6.69,6.71,6.67,6.71,1301,0
ASLEW.US,5,20211130,181500,6.74,6.74,6.68,6.74,400,0
ASLEW.US,5,20211130,182000,6.74,6.78,6.735,6.735,600,0
ASLEW.US,5,20211130,182500,6.74,6.79,6.74,6.76,500,0
ASLEW.US,5,20211130,183000,6.78,6.78,6.73,6.755,700,0
ASLEW.US,5,20211130,183500,6.75,6.77,6.73,6.73,601,0
ASLEW.US,5,20211130,184000,6.73,6.735,6.69,6.69,3905,0
ASLEW.US,5,20211130,184500,6.715,6.74,6.715,6.72,700,0
ASLEW.US,5,20211130,185000,6.74,6.74,6.72,6.74,500,0
ASLEW.US,5,20211130,185500,6.725,6.75,6.725,6.735,1500,0
ASLEW.US,5,20211130,190000,6.75,6.76,6.69,6.715,9400,0
ASLEW.US,5,20211130,190500,6.74,6.74,6.715,6.74,400,0
ASLEW.US,5,20211130,191000,6.74,6.74,6.71,6.71,2700,0
ASLEW.US,5,20211130,191500,6.73,6.74,6.715,6.715,300,0
ASLEW.US,5,20211130,192000,6.715,6.74,6.715,6.74,400,0
ASLEW.US,5,20211130,192500,6.74,6.74,6.69,6.7,2100,0
ASLEW.US,5,20211130,193000,6.695,6.695,6.67,6.69,2618,0
ASLEW.US,5,20211130,193500,6.705,6.71,6.7,6.7,300,0
ASLEW.US,5,20211130,194000,6.7,6.73,6.69,6.71,985,0
ASLEW.US,5,20211130,194500,6.75,6.75,6.72,6.75,400,0
ASLEW.US,5,20211130,195000,6.75,6.75,6.7,6.735,3839,0
ASLEW.US,5,20211130,195500,6.725,6.75,6.71,6.75,500,0
ASLEW.US,5,20211130,200000,6.735,6.75,6.72,6.75,2870,0
ASLEW.US,5,20211130,200500,6.735,6.75,6.735,6.75,400,0
ASLEW.US,5,20211130,201000,6.75,6.75,6.735,6.75,400,0
ASLEW.US,5,20211130,201500,6.75,6.75,6.75,6.75,300,0
ASLEW.US,5,20211130,202000,6.75,6.75,6.69,6.69,700,0
ASLEW.US,5,20211130,202500,6.75,6.75,6.72,6.75,400,0
ASLEW.US,5,20211130,203000,6.74,6.75,6.69,6.73,700,0
ASLEW.US,5,20211130,203500,6.71,6.75,6.71,6.75,939,0
ASLEW.US,5,20211130,204000,6.75,6.75,6.73,6.73,2600,0
ASLEW.US,5,20211130,204500,6.75,6.75,6.71,6.71,900,0
ASLEW.US,5,20211130,205000,6.69,6.71,6.67,6.69,8500,0
ASLEW.US,5,20211130,205500,6.69,6.69,6.67,6.68,15076,0
ASLEW.US,5,20211130,210000,6.68,6.73,6.68,6.73,2183,0
ASLEW.US,5,20211130,210500,6.73,6.73,6.68,6.705,500,0
ASLEW.US,5,20211130,211000,6.705,6.72,6.66,6.7,22958,0
ASLEW.US,5,20211130,211500,6.67,6.7,6.67,6.7,1900,0
ASLEW.US,5,20211130,212000,6.68,6.7,6.66,6.67,32128,0
ASLEW.US,5,20211130,212500,6.7,6.7,6.67,6.67,1000,0
ASLEW.US,5,20211130,213000,6.7,6.7,6.7,6.7,200,0
ASLEW.US,5,20211130,214000,6.71,6.73,6.71,6.73,1000,0
ASLEW.US,5,20211130,214500,6.7106,6.75,6.7,6.7,2484,0
ASLEW.US,5,20211130,215000,6.69,6.705,6.69,6.705,200,0
ASLEW.US,5,20211201,153000,6.7,6.71,6.7,6.7,5578,0
ASLEW.US,5,20211201,153500,6.7,6.7,6.7,6.7,2200,0
ASLEW.US,5,20211201,154000,6.65,6.72,6.65,6.69,6654,0
ASLEW.US,5,20211201,154500,6.67,6.67,6.67,6.67,800,0
ASLEW.US,5,20211201,155000,6.67,6.6717,6.67,6.6717,3400,0
ASLEW.US,5,20211201,155500,6.7,6.7,6.7,6.7,951,0
ASLEW.US,5,20211201,160000,6.74,6.75,6.7,6.71,984,0
ASLEW.US,5,20211201,161000,6.75,6.8,6.75,6.8,800,0
ASLEW.US,5,20211201,161500,6.8,6.8,6.8,6.8,1570,0
ASLEW.US,5,20211201,162000,6.75,6.75,6.71,6.71,1100,0
ASLEW.US,5,20211201,162500,6.77,6.77,6.77,6.77,200,0
ASLEW.US,5,20211201,164000,6.75,6.75,6.75,6.75,850,0
ASLEW.US,5,20211201,164500,6.7683,6.7683,6.7683,6.7683,200,0
ASLEW.US,5,20211201,165500,6.8,6.83,6.8,6.83,1926,0
ASLEW.US,5,20211201,172000,6.7509,6.7509,6.7509,6.7509,100,0
ASLEW.US,5,20211201,173000,6.74,6.74,6.7,6.7,4018,0
ASLEW.US,5,20211201,174000,6.72,6.72,6.69,6.7,6694,0
ASLEW.US,5,20211201,174500,6.7,6.72,6.69,6.72,3288,0
ASLEW.US,5,20211201,175000,6.7,6.7,6.7,6.7,291,0
ASLEW.US,5,20211201,175500,6.695,6.7,6.69,6.69,4500,0
ASLEW.US,5,20211201,180000,6.69,6.72,6.69,6.7,4978,0
ASLEW.US,5,20211201,180500,6.71,6.71,6.7,6.7,1912,0
ASLEW.US,5,20211201,181000,6.7,6.7,6.7,6.7,100,0
ASLEW.US,5,20211201,181500,6.7,6.7,6.7,6.7,2000,0
ASLEW.US,5,20211201,182000,6.71,6.71,6.7,6.71,4634,0
ASLEW.US,5,20211201,182500,6.71,6.71,6.7,6.7,3100,0
ASLEW.US,5,20211201,183000,6.69,6.69,6.65,6.65,3344,0
ASLEW.US,5,20211201,183500,6.69,6.7,6.69,6.69,6058,0
ASLEW.US,5,20211201,185500,6.6601,6.6601,6.6601,6.6601,100,0
ASLEW.US,5,20211201,190000,6.66,6.66,6.65,6.66,1206,0
ASLEW.US,5,20211201,190500,6.66,6.68,6.66,6.67,1756,0
ASLEW.US,5,20211201,191000,6.66,6.7,6.65,6.7,8054,0
ASLEW.US,5,20211201,192500,6.675,6.7,6.66,6.7,20300,0
ASLEW.US,5,20211201,193000,6.68,6.7,6.66,6.68,4521,0
ASLEW.US,5,20211201,193500,6.67,6.68,6.665,6.68,2300,0
ASLEW.US,5,20211201,194000,6.67,6.67,6.64,6.6525,4138,0
ASLEW.US,5,20211201,194500,6.64,6.64,6.61,6.61,1200,0
ASLEW.US,5,20211201,195000,6.61,6.625,6.61,6.615,400,0
ASLEW.US,5,20211201,195500,6.66,6.67,6.63,6.66,4200,0
ASLEW.US,5,20211201,200000,6.66,6.66,6.6584,6.66,9400,0
ASLEW.US,5,20211201,201500,6.61,6.611,6.61,6.611,600,0
ASLEW.US,5,20211201,202000,6.6,6.601,6.6,6.6003,3000,0
ASLEW.US,5,20211201,202500,6.6161,6.6161,6.6161,6.6161,200,0
ASLEW.US,5,20211201,203000,6.65,6.67,6.6205,6.67,5650,0
ASLEW.US,5,20211201,204000,6.62,6.62,6.61,6.61,537,0
ASLEW.US,5,20211201,210500,6.61,6.61,6.56,6.59,3950,0
ASLEW.US,5,20211201,211500,6.6,6.6,6.585,6.6,5625,0
ASLEW.US,5,20211201,212000,6.6,6.61,6.57,6.6,13294,0
ASLEW.US,5,20211201,212500,6.58,6.6,6.58,6.6,5955,0
ASLEW.US,5,20211201,213000,6.57,6.57,6.57,6.57,125,0
ASLEW.US,5,20211201,213500,6.57,6.57,6.57,6.57,900,0
ASLEW.US,5,20211201,214000,6.6,6.6,6.59,6.6,644,0
ASLEW.US,5,20211201,214500,6.6,6.6,6.6,6.6,1300,0
ASLEW.US,5,20211201,215000,6.6,6.6,6.6,6.6,1699,0
ASLEW.US,5,20211201,215500,6.6,6.6,6.6,6.6,300,0
ASLEW.US,5,20211202,153000,6.55,6.6,6.55,6.6,4519,0
ASLEW.US,5,20211202,153500,6.55,6.55,6.53,6.53,2479,0
ASLEW.US,5,20211202,154000,6.56,6.56,6.56,6.56,200,0
ASLEW.US,5,20211202,154500,6.5501,6.5501,6.5501,6.5501,2100,0
ASLEW.US,5,20211202,155000,6.57,6.63,6.57,6.61,1587,0
ASLEW.US,5,20211202,162000,6.6,6.6,6.6,6.6,100,0
ASLEW.US,5,20211202,162500,6.58,6.58,6.58,6.58,1000,0
ASLEW.US,5,20211202,163000,6.6,6.6,6.6,6.6,500,0
ASLEW.US,5,20211202,163500,6.58,6.58,6.58,6.58,100,0
ASLEW.US,5,20211202,164500,6.55,6.55,6.55,6.55,100,0
ASLEW.US,5,20211202,165000,6.5551,6.5551,6.5549,6.5549,2000,0
ASLEW.US,5,20211202,165500,6.56,6.6,6.56,6.6,2424,0
ASLEW.US,5,20211202,170000,6.61,6.61,6.58,6.58,400,0
ASLEW.US,5,20211202,170500,6.58,6.58,6.58,6.58,580,0
ASLEW.US,5,20211202,171000,6.56,6.56,6.555,6.555,1100,0
ASLEW.US,5,20211202,172500,6.59,6.61,6.56,6.61,9312,0
ASLEW.US,5,20211202,175000,6.61,6.61,6.61,6.61,300,0
ASLEW.US,5,20211202,181500,6.615,6.615,6.615,6.615,500,0
ASLEW.US,5,20211202,182000,6.6,6.65,6.58,6.65,17606,0
ASLEW.US,5,20211202,184000,6.6076,6.6076,6.6076,6.6076,210,0
ASLEW.US,5,20211202,185000,6.6,6.6,6.6,6.6,600,0
ASLEW.US,5,20211202,190000,6.6,6.6,6.58,6.58,900,0
ASLEW.US,5,20211202,191000,6.59,6.59,6.59,6.59,610,0
ASLEW.US,5,20211202,192000,6.58,6.58,6.58,6.58,200,0
ASLEW.US,5,20211202,193500,6.58,6.6,6.57,6.6,856,0
ASLEW.US,5,20211202,194500,6.57,6.57,6.57,6.57,100,0
ASLEW.US,5,20211202,195000,6.59,6.59,6.5601,6.5601,2700,0
ASLEW.US,5,20211202,195500,6.58,6.59,6.58,6.59,2137,0
ASLEW.US,5,20211202,200000,6.5712,6.6,6.5712,6.58,3901,0
ASLEW.US,5,20211202,200500,6.59,6.6,6.59,6.6,1100,0
ASLEW.US,5,20211202,201000,6.58,6.58,6.57,6.57,400,0
ASLEW.US,5,20211202,201500,6.59,6.6,6.58,6.6,13630,0
ASLEW.US,5,20211202,202000,6.62,6.62,6.62,6.62,12000,0
ASLEW.US,5,20211202,203000,6.61,6.62,6.61,6.62,9788,0
ASLEW.US,5,20211202,203500,6.62,6.62,6.62,6.62,2100,0
ASLEW.US,5,20211202,205500,6.59,6.62,6.59,6.62,1100,0
ASLEW.US,5,20211202,212000,6.6,6.6,6.6,6.6,1900,0
ASLEW.US,5,20211202,212500,6.59,6.6,6.59,6.59,1000,0
ASLEW.US,5,20211202,213000,6.6,6.61,6.6,6.61,1400,0
ASLEW.US,5,20211202,213500,6.595,6.61,6.59,6.61,3300,0
ASLEW.US,5,20211202,214000,6.61,6.61,6.61,6.61,3700,0
ASLEW.US,5,20211202,214500,6.61,6.62,6.61,6.61,4071,0
ASLEW.US,5,20211203,153000,6.65,6.65,6.65,6.65,2545,0
ASLEW.US,5,20211203,154000,6.5701,6.5701,6.5701,6.5701,100,0
ASLEW.US,5,20211203,155000,6.55,6.6,6.55,6.5501,1180,0
ASLEW.US,5,20211203,155500,6.5514,6.5514,6.5514,6.5514,300,0
ASLEW.US,5,20211203,160500,6.53,6.53,6.52,6.52,1000,0
ASLEW.US,5,20211203,161000,6.53,6.5301,6.53,6.5301,740,0
ASLEW.US,5,20211203,162000,6.57,6.61,6.565,6.565,889,0
ASLEW.US,5,20211203,162500,6.63,6.63,6.63,6.63,900,0
ASLEW.US,5,20211203,163000,6.58,6.58,6.58,6.58,1100,0
ASLEW.US,5,20211203,164500,6.57,6.57,6.53,6.53,300,0
ASLEW.US,5,20211203,165000,6.53,6.53,6.53,6.53,265,0
ASLEW.US,5,20211203,170500,6.55,6.55,6.55,6.55,500,0
ASLEW.US,5,20211203,171000,6.54,6.54,6.52,6.5201,2562,0
ASLEW.US,5,20211203,171500,6.52,6.5201,6.52,6.52,500,0
ASLEW.US,5,20211203,172000,6.5365,6.58,6.5365,6.55,1622,0
ASLEW.US,5,20211203,173000,6.55,6.55,6.55,6.55,100,0
ASLEW.US,5,20211203,173500,6.5401,6.61,6.54,6.61,7623,0
ASLEW.US,5,20211203,174000,6.57,6.57,6.54,6.54,200,0
ASLEW.US,5,20211203,175000,6.54,6.54,6.54,6.54,200,0
ASLEW.US,5,20211203,175500,6.52,6.54,6.51,6.51,11221,0
ASLEW.US,5,20211203,180000,6.51,6.525,6.51,6.51,3284,0
ASLEW.US,5,20211203,180500,6.525,6.55,6.495,6.55,7491,0
ASLEW.US,5,20211203,182000,6.535,6.535,6.535,6.535,400,0
ASLEW.US,5,20211203,182500,6.54,6.54,6.54,6.54,100,0
ASLEW.US,5,20211203,183500,6.54,6.56,6.53,6.56,650,0
ASLEW.US,5,20211203,184000,6.59,6.59,6.59,6.59,1200,0
ASLEW.US,5,20211203,185000,6.55,6.55,6.54,6.54,300,0
ASLEW.US,5,20211203,190000,6.52,6.52,6.5,6.5,300,0
ASLEW.US,5,20211203,190500,6.51,6.54,6.4911,6.52,2193,0
ASLEW.US,5,20211203,191000,6.5201,6.55,6.5201,6.55,8074,0
ASLEW.US,5,20211203,191500,6.55,6.55,6.55,6.55,100,0
ASLEW.US,5,20211203,193000,6.57,6.57,6.57,6.57,100,0
ASLEW.US,5,20211203,194000,6.56,6.56,6.56,6.56,100,0
ASLEW.US,5,20211203,195000,6.5301,6.5301,6.5301,6.5301,600,0
ASLEW.US,5,20211203,200000,6.53,6.55,6.53,6.55,698,0
ASLEW.US,5,20211203,201500,6.54,6.54,6.54,6.54,100,0
ASLEW.US,5,20211203,202500,6.55,6.55,6.55,6.55,715,0
ASLEW.US,5,20211203,203000,6.55,6.56,6.51,6.51,6554,0
ASLEW.US,5,20211203,203500,6.535,6.535,6.53,6.53,1000,0
ASLEW.US,5,20211203,205000,6.53,6.535,6.53,6.535,1700,0
ASLEW.US,5,20211203,205500,6.535,6.535,6.535,6.535,600,0
ASLEW.US,5,20211203,210500,6.53,6.53,6.53,6.53,200,0
ASLEW.US,5,20211203,211000,6.52,6.525,6.52,6.525,200,0
ASLEW.US,5,20211203,211500,6.51,6.51,6.51,6.51,1400,0
ASLEW.US,5,20211203,212000,6.54,6.55,6.53,6.55,4032,0
ASLEW.US,5,20211203,212500,6.53,6.58,6.53,6.56,12100,0
ASLEW.US,5,20211203,213000,6.56,6.56,6.56,6.56,125,0
ASLEW.US,5,20211203,213500,6.54,6.54,6.54,6.54,100,0
ASLEW.US,5,20211203,214000,6.54,6.55,6.53,6.55,2713,0
ASLEW.US,5,20211203,214500,6.51,6.51,6.49,6.49,1933,0
ASLEW.US,5,20211203,215000,6.4998,6.55,6.4998,6.55,25082,0
ASLEW.US,5,20211203,215500,6.55,6.56,6.55,6.56,206,0
ASLEW.US,5,20211206,153000,6.41,6.5,6.41,6.5,1100,0
ASLEW.US,5,20211206,154000,6.4,6.4,6.4,6.4,3700,0
ASLEW.US,5,20211206,155000,6.36,6.45,6.36,6.42,11142,0
ASLEW.US,5,20211206,155500,6.43,6.5,6.42,6.5,12828,0
ASLEW.US,5,20211206,160000,6.55,6.55,6.5,6.5,1200,0
ASLEW.US,5,20211206,161500,6.55,6.55,6.55,6.55,499,0
ASLEW.US,5,20211206,162000,6.56,6.56,6.56,6.56,2708,0
ASLEW.US,5,20211206,162500,6.6,6.6,6.6,6.6,280,0
ASLEW.US,5,20211206,165000,6.61,6.61,6.61,6.61,458,0
ASLEW.US,5,20211206,170500,6.64,6.64,6.64,6.64,200,0
ASLEW.US,5,20211206,171000,6.6405,6.6405,6.6405,6.6405,100,0
ASLEW.US,5,20211206,172000,6.67,6.67,6.67,6.67,1200,0
ASLEW.US,5,20211206,173500,6.68,6.68,6.68,6.68,700,0
ASLEW.US,5,20211206,181000,6.62,6.6466,6.62,6.63,3600,0
ASLEW.US,5,20211206,183000,6.63,6.65,6.61,6.63,7425,0
ASLEW.US,5,20211206,183500,6.61,6.61,6.61,6.61,1550,0
ASLEW.US,5,20211206,184500,6.57,6.6,6.54,6.54,12999,0
ASLEW.US,5,20211206,185000,6.58,6.58,6.5485,6.5485,4500,0
ASLEW.US,5,20211206,185500,6.55,6.59,6.54,6.57,1500,0
ASLEW.US,5,20211206,190000,6.55,6.56,6.53,6.56,800,0
ASLEW.US,5,20211206,190500,6.57,6.57,6.55,6.55,2500,0
ASLEW.US,5,20211206,191000,6.57,6.62,6.56,6.59,2950,0
ASLEW.US,5,20211206,191500,6.6,6.62,6.59,6.59,12940,0
ASLEW.US,5,20211206,193500,6.57,6.6,6.56,6.57,12539,0
ASLEW.US,5,20211206,195000,6.58,6.6,6.58,6.59,2375,0
ASLEW.US,5,20211206,200000,6.59,6.59,6.59,6.59,100,0
ASLEW.US,5,20211206,200500,6.575,6.62,6.575,6.6,6433,0
ASLEW.US,5,20211206,201000,6.605,6.61,6.6,6.6,5700,0
ASLEW.US,5,20211206,201500,6.6,6.61,6.6,6.61,4200,0
ASLEW.US,5,20211206,202500,6.61,6.61,6.6,6.6001,11300,0
ASLEW.US,5,20211206,203000,6.6,6.62,6.57,6.59,29748,0
ASLEW.US,5,20211206,203500,6.59,6.59,6.59,6.59,100,0
ASLEW.US,5,20211206,204000,6.59,6.59,6.59,6.59,500,0
ASLEW.US,5,20211206,211500,6.59,6.6,6.58,6.6,10025,0
ASLEW.US,5,20211206,212000,6.6,6.62,6.59,6.6,3900,0
ASLEW.US,5,20211206,212500,6.58,6.58,6.58,6.58,1000,0
ASLEW.US,5,20211206,214500,6.56,6.56,6.56,6.56,200,0
ASLEW.US,5,20211206,215000,6.55,6.59,6.54,6.56,3400,0
ASLEW.US,5,20211206,215500,6.57,6.57,6.55,6.55,3600,0
ASLEW.US,5,20211207,153000,6.7,6.7,6.7,6.7,100,0
ASLEW.US,5,20211207,153500,6.69,6.69,6.69,6.69,123,0
ASLEW.US,5,20211207,154000,6.69,6.74,6.69,6.74,2733,0
ASLEW.US,5,20211207,154500,6.69,6.74,6.69,6.74,2725,0
ASLEW.US,5,20211207,155000,6.72,6.74,6.71,6.71,2693,0
ASLEW.US,5,20211207,160000,6.66,6.66,6.66,6.66,1111,0
ASLEW.US,5,20211207,160500,6.7,6.75,6.68,6.75,11720,0
ASLEW.US,5,20211207,161000,6.73,6.73,6.73,6.73,305,0
ASLEW.US,5,20211207,162000,6.69,6.69,6.69,6.69,948,0
ASLEW.US,5,20211207,162500,6.66,6.66,6.66,6.66,500,0
ASLEW.US,5,20211207,163000,6.7,6.74,6.69,6.73,12465,0
ASLEW.US,5,20211207,163500,6.75,6.75,6.75,6.75,699,0
ASLEW.US,5,20211207,164500,6.75,6.79,6.75,6.79,1100,0
ASLEW.US,5,20211207,170500,6.75,6.7502,6.75,6.7502,500,0
ASLEW.US,5,20211207,171500,6.78,6.78,6.78,6.78,300,0
ASLEW.US,5,20211207,172500,6.78,6.8,6.78,6.8,1000,0
ASLEW.US,5,20211207,174000,6.77,6.77,6.76,6.76,500,0
ASLEW.US,5,20211207,175500,6.7422,6.7422,6.73,6.73,7812,0
ASLEW.US,5,20211207,180000,6.75,6.79,6.71,6.7581,10519,0
ASLEW.US,5,20211207,181500,6.75,6.75,6.74,6.74,2713,0
ASLEW.US,5,20211207,182000,6.75,6.81,6.75,6.79,2200,0
ASLEW.US,5,20211207,182500,6.78,6.8,6.78,6.78,914,0
ASLEW.US,5,20211207,183000,6.77,6.77,6.77,6.77,600,0
ASLEW.US,5,20211207,184500,6.76,6.779,6.76,6.779,300,0
ASLEW.US,5,20211207,190000,6.79,6.79,6.79,6.79,400,0
ASLEW.US,5,20211207,191500,6.78,6.78,6.78,6.78,600,0
ASLEW.US,5,20211207,192000,6.77,6.77,6.74,6.74,2900,0
ASLEW.US,5,20211207,192500,6.74,6.74,6.68,6.72,19882,0
ASLEW.US,5,20211207,193000,6.74,6.74,6.74,6.74,3400,0
ASLEW.US,5,20211207,193500,6.73,6.85,6.73,6.85,3662,0
ASLEW.US,5,20211207,195000,6.8,6.81,6.8,6.81,2975,0
ASLEW.US,5,20211207,200500,6.8,6.82,6.8,6.82,7385,0
ASLEW.US,5,20211207,201000,6.8,6.8001,6.8,6.8,3900,0
ASLEW.US,5,20211207,201500,6.79,6.82,6.79,6.82,4375,0
ASLEW.US,5,20211207,202000,6.8,6.82,6.8,6.82,3831,0
ASLEW.US,5,20211207,202500,6.8,6.82,6.78,6.82,6808,0
ASLEW.US,5,20211207,203500,6.7944,6.81,6.7944,6.81,3750,0
ASLEW.US,5,20211207,205000,6.78,6.81,6.77,6.81,5200,0
ASLEW.US,5,20211207,211500,6.81,6.82,6.81,6.82,5725,0
ASLEW.US,5,20211207,212000,6.82,6.82,6.82,6.82,629,0
ASLEW.US,5,20211207,213000,6.8,6.8,6.78,6.79,5900,0
ASLEW.US,5,20211207,213500,6.79,6.79,6.75,6.75,2900,0
ASLEW.US,5,20211207,214000,6.75,6.77,6.75,6.755,5072,0
ASLEW.US,5,20211207,215000,6.76,6.8,6.76,6.77,2600,0
ASLEW.US,5,20211207,215500,6.79,6.82,6.78,6.81,4635,0
ASLEW.US,5,20211208,153500,6.7,6.7,6.7,6.7,750,0
ASLEW.US,5,20211208,154000,6.69,6.8,6.69,6.77,5245,0
ASLEW.US,5,20211208,154500,6.75,6.77,6.72,6.7412,1798,0
ASLEW.US,5,20211208,155000,6.81,6.84,6.77,6.84,1000,0
ASLEW.US,5,20211208,155500,6.8,6.8001,6.79,6.79,400,0
ASLEW.US,5,20211208,160000,6.78,6.792,6.78,6.792,1700,0
ASLEW.US,5,20211208,161000,6.7801,6.86,6.78,6.86,28820,0
ASLEW.US,5,20211208,161500,6.87,6.87,6.84,6.84,3200,0
ASLEW.US,5,20211208,162000,6.84,6.84,6.82,6.83,3600,0
ASLEW.US,5,20211208,162500,6.8,6.82,6.73,6.76,8450,0
ASLEW.US,5,20211208,163000,6.76,6.8,6.75,6.77,3996,0
ASLEW.US,5,20211208,163500,6.77,6.83,6.77,6.83,1800,0
ASLEW.US,5,20211208,164000,6.84,6.84,6.82,6.82,300,0
ASLEW.US,5,20211208,164500,6.83,6.83,6.82,6.82,1500,0
ASLEW.US,5,20211208,165000,6.82,6.88,6.8,6.88,5047,0
ASLEW.US,5,20211208,165500,6.85,6.8503,6.84,6.85,4438,0
ASLEW.US,5,20211208,170000,6.84,6.84,6.84,6.84,600,0
ASLEW.US,5,20211208,170500,6.87,6.91,6.87,6.91,1014,0
ASLEW.US,5,20211208,171000,6.91,6.98,6.91,6.98,2628,0
ASLEW.US,5,20211208,171500,6.98,7.04,6.98,7.04,3450,0
ASLEW.US,5,20211208,172000,7.01,7.01,6.96,6.96,3196,0
ASLEW.US,5,20211208,172500,6.96,6.97,6.95,6.95,1250,0
ASLEW.US,5,20211208,173500,6.99,7,6.98,6.99,7065,0
ASLEW.US,5,20211208,174000,6.98,6.985,6.96,6.985,3920,0
ASLEW.US,5,20211208,181500,6.99,7.03,6.97,7.02,11036,0
ASLEW.US,5,20211208,182000,7,7.1,6.99,7.05,27152,0
ASLEW.US,5,20211208,182500,7.07,7.07,7.07,7.07,600,0
ASLEW.US,5,20211208,183500,7.07,7.09,7.07,7.07,2413,0
ASLEW.US,5,20211208,184000,7.08,7.09,7.07,7.08,3723,0
ASLEW.US,5,20211208,184500,7.08,7.13,7.08,7.13,22835,0
ASLEW.US,5,20211208,185000,7.135,7.15,7.135,7.15,5250,0
ASLEW.US,5,20211208,185500,7.16,7.16,7.16,7.16,449,0
ASLEW.US,5,20211208,190000,7.15,7.15,7.15,7.15,586,0
ASLEW.US,5,20211208,191000,7.15,7.16,7.1484,7.15,8832,0
ASLEW.US,5,20211208,192000,7.13,7.17,7.13,7.17,2600,0
ASLEW.US,5,20211208,193000,7.17,7.17,7.17,7.17,900,0
ASLEW.US,5,20211208,193500,7.17,7.17,7.15,7.17,3958,0
ASLEW.US,5,20211208,194000,7.17,7.21,7.15,7.21,10397,0
ASLEW.US,5,20211208,194500,7.19,7.19,7.1899,7.1899,1780,0
ASLEW.US,5,20211208,195000,7.16,7.17,7.14,7.15,4893,0
ASLEW.US,5,20211208,195500,7.14,7.14,7.12,7.12,900,0
ASLEW.US,5,20211208,200000,7.11,7.1108,7.1,7.1,3300,0
ASLEW.US,5,20211208,200500,7.1,7.14,7.08,7.09,5567,0
ASLEW.US,5,20211208,202000,7.1,7.1,7.09,7.1,3215,0
ASLEW.US,5,20211208,202500,7.1,7.17,7.09,7.15,6931,0
ASLEW.US,5,20211208,203000,7.15,7.17,7.15,7.17,800,0
ASLEW.US,5,20211208,203500,7.17,7.17,7.17,7.17,1600,0
ASLEW.US,5,20211208,204000,7.17,7.17,7.15,7.17,4525,0
ASLEW.US,5,20211208,204500,7.15,7.17,7.15,7.17,7387,0
ASLEW.US,5,20211208,205000,7.14,7.17,7.14,7.17,300,0
ASLEW.US,5,20211208,205500,7.15,7.17,7.15,7.17,2281,0
ASLEW.US,5,20211208,210000,7.17,7.17,7.17,7.17,200,0
ASLEW.US,5,20211208,210500,7.17,7.17,7.17,7.17,1468,0
ASLEW.US,5,20211208,211000,7.17,7.17,7.17,7.17,1300,0
ASLEW.US,5,20211208,211500,7.17,7.2,7.14,7.19,9626,0
ASLEW.US,5,20211208,212000,7.17,7.19,7.17,7.19,400,0
ASLEW.US,5,20211208,212500,7.19,7.19,7.19,7.19,865,0
ASLEW.US,5,20211208,213000,7.2,7.2,7.2,7.2,200,0
ASLEW.US,5,20211208,213500,7.19,7.2,7.19,7.2,2467,0
ASLEW.US,5,20211208,214000,7.19,7.19,7.18,7.19,3065,0
ASLEW.US,5,20211208,215000,7.19,7.23,7.19,7.21,9764,0
ASLEW.US,5,20211208,215500,7.17,7.25,7.17,7.19,4081,0
ASLEW.US,5,20211209,153000,7.12,7.12,7.03,7.03,3721,0
ASLEW.US,5,20211209,153500,7.08,7.12,7.08,7.08,1575,0
ASLEW.US,5,20211209,154000,7.17,7.24,7.17,7.2,1400,0
ASLEW.US,5,20211209,154500,7.15,7.15,7.05,7.05,6874,0
ASLEW.US,5,20211209,155000,7.06,7.1,7.03,7.1,21400,0
ASLEW.US,5,20211209,155500,7.1,7.13,7.05,7.0704,13482,0
ASLEW.US,5,20211209,160000,7.07,7.1,7.06,7.1,8201,0
ASLEW.US,5,20211209,160500,7.06,7.1,7.06,7.07,4700,0
ASLEW.US,5,20211209,161000,7.1,7.1,7.07,7.09,3303,0
ASLEW.US,5,20211209,161500,7.07,7.11,7.06,7.09,3700,0
ASLEW.US,5,20211209,162000,7.08,7.08,7.05,7.07,5383,0
ASLEW.US,5,20211209,162500,7.08,7.08,7.03,7.06,5400,0
ASLEW.US,5,20211209,163000,7.06,7.06,6.91,6.91,27502,0
ASLEW.US,5,20211209,163500,6.89,6.92,6.85,6.92,22481,0
ASLEW.US,5,20211209,164000,6.92,7.03,6.86,7.03,47241,0
ASLEW.US,5,20211209,164500,7,7,6.96,7,5272,0
ASLEW.US,5,20211209,165000,6.98,6.98,6.98,6.98,2261,0
ASLEW.US,5,20211209,165500,7.02,7.03,6.99,7.03,10078,0
ASLEW.US,5,20211209,170000,7.0001,7.0001,7,7.0001,450,0
ASLEW.US,5,20211209,170500,7,7.01,6.96,6.96,4391,0
ASLEW.US,5,20211209,171000,6.96,6.99,6.96,6.99,900,0
ASLEW.US,5,20211209,172500,7.06,7.06,7.06,7.06,39447,0
ASLEW.US,5,20211209,174000,7.08,7.08,7.03,7.03,20536,0
ASLEW.US,5,20211209,175000,7.06,7.06,7.06,7.06,200,0
ASLEW.US,5,20211209,180000,7.09,7.09,7.09,7.09,100,0
ASLEW.US,5,20211209,181000,7.08,7.08,7.08,7.08,800,0
ASLEW.US,5,20211209,182500,7.15,7.15,7.15,7.15,878,0
ASLEW.US,5,20211209,183500,7.14,7.22,7.14,7.22,700,0
ASLEW.US,5,20211209,191500,7.22,7.25,7.22,7.25,1800,0
ASLEW.US,5,20211209,192000,7.25,7.25,7.25,7.25,3300,0
ASLEW.US,5,20211209,193000,7.24,7.28,7.24,7.27,9351,0
ASLEW.US,5,20211209,193500,7.28,7.32,7.265,7.28,9192,0
ASLEW.US,5,20211209,200000,7.25,7.25,7.22,7.22,800,0
ASLEW.US,5,20211209,201000,7.17,7.1706,7.16,7.16,4296,0
ASLEW.US,5,20211209,201500,7.17,7.2,7.14,7.19,6725,0
ASLEW.US,5,20211209,202000,7.16,7.16,7.14,7.16,6992,0
ASLEW.US,5,20211209,203000,7.12,7.12,7.12,7.12,400,0
ASLEW.US,5,20211209,203500,7.15,7.15,7.15,7.15,100,0
ASLEW.US,5,20211209,204000,7.17,7.21,7.17,7.21,900,0
ASLEW.US,5,20211209,204500,7.2024,7.23,7.19,7.23,800,0
ASLEW.US,5,20211209,205000,7.1999,7.1999,7.1999,7.1999,300,0
ASLEW.US,5,20211209,214500,7.08,7.08,7.08,7.08,6004,0
ASLEW.US,5,20211209,215500,7.05,7.05,7.05,7.05,1700,0
ASLEW.US,5,20211210,153000,7,7,7,7,850,0
ASLEW.US,5,20211210,154000,7.1,7.1,7.0906,7.0906,342,0
ASLEW.US,5,20211210,154500,7.05,7.06,7.05,7.06,2924,0
ASLEW.US,5,20211210,172000,6.9006,6.9006,6.9006,6.9006,100,0
ASLEW.US,5,20211210,172500,6.88,6.88,6.88,6.88,400,0
ASLEW.US,5,20211210,175000,6.94,6.94,6.94,6.94,3000,0
ASLEW.US,5,20211210,175500,6.92,6.92,6.92,6.92,800,0
ASLEW.US,5,20211210,182500,6.93,6.9301,6.93,6.9301,500,0
ASLEW.US,5,20211210,184000,6.9,6.9,6.9,6.9,200,0
ASLEW.US,5,20211210,185000,6.9,6.9,6.9,6.9,1900,0
ASLEW.US,5,20211210,191500,6.9,6.9,6.9,6.9,2800,0
ASLEW.US,5,20211210,193000,6.89,6.91,6.88,6.88,2800,0
ASLEW.US,5,20211210,194500,6.8503,6.8503,6.8503,6.8503,300,0
ASLEW.US,5,20211210,195000,6.85,6.94,6.85,6.899,1780,0
ASLEW.US,5,20211210,200500,6.935,6.935,6.935,6.935,254,0
ASLEW.US,5,20211210,201500,6.938,6.94,6.938,6.94,322,0
ASLEW.US,5,20211210,202000,6.93,6.94,6.93,6.94,500,0
ASLEW.US,5,20211210,202500,6.92,6.9206,6.92,6.9206,1190,0
ASLEW.US,5,20211210,203000,6.95,6.95,6.95,6.95,1000,0
ASLEW.US,5,20211210,203500,7,7,7,7,1165,0
ASLEW.US,5,20211210,204000,6.97,6.97,6.96,6.96,8995,0
ASLEW.US,5,20211210,210000,6.92,6.92,6.88,6.8922,2006,0
ASLEW.US,5,20211210,212000,6.91,6.91,6.91,6.91,200,0
ASLEW.US,5,20211210,215500,6.97,6.97,6.96,6.96,577,0
ASLEW.US,5,20211213,153000,6.8,6.8,6.8,6.8,200,0
ASLEW.US,5,20211213,153500,6.9,6.9,6.9,6.9,160,0
ASLEW.US,5,20211213,155500,6.8401,6.8401,6.8401,6.8401,200,0
ASLEW.US,5,20211213,160000,6.85,6.86,6.85,6.86,5950,0
ASLEW.US,5,20211213,163000,6.76,6.76,6.76,6.76,500,0
ASLEW.US,5,20211213,163500,6.76,6.7953,6.74,6.74,6970,0
ASLEW.US,5,20211213,173500,6.65,6.69,6.64,6.641,2200,0
ASLEW.US,5,20211213,174000,6.63,6.63,6.63,6.63,953,0
ASLEW.US,5,20211213,175500,6.63,6.63,6.63,6.63,1100,0
ASLEW.US,5,20211213,183500,6.57,6.585,6.55,6.5701,1000,0
ASLEW.US,5,20211213,191000,6.51,6.5224,6.49,6.5224,3200,0
ASLEW.US,5,20211213,191500,6.505,6.505,6.505,6.505,100,0
ASLEW.US,5,20211213,192000,6.51,6.54,6.51,6.54,1200,0
ASLEW.US,5,20211213,192500,6.54,6.54,6.54,6.54,200,0
ASLEW.US,5,20211213,193000,6.5,6.53,6.5,6.53,1193,0
ASLEW.US,5,20211213,193500,6.52,6.58,6.52,6.58,3400,0
ASLEW.US,5,20211213,194000,6.48,6.48,6.48,6.48,100,0
ASLEW.US,5,20211213,202000,6.53,6.53,6.5,6.5,3242,0
ASLEW.US,5,20211213,202500,6.49,6.49,6.49,6.49,100,0
ASLEW.US,5,20211213,204000,6.5,6.53,6.5,6.53,1000,0
ASLEW.US,5,20211213,210000,6.5,6.52,6.5,6.52,1200,0
ASLEW.US,5,20211213,213500,6.45,6.45,6.45,6.45,1700,0
ASLEW.US,5,20211213,214500,6.41,6.41,6.41,6.41,428,0
ASLEW.US,5,20211213,215000,6.4,6.42,6.35,6.36,3690,0
ASLEW.US,5,20211213,215500,6.35,6.4,6.16,6.16,16634,0
ASLEW.US,5,20211214,153000,6.4199,6.4199,6.4199,6.4199,200,0
ASLEW.US,5,20211214,153500,6.31,6.31,6.31,6.31,155,0
ASLEW.US,5,20211214,154000,6.33,6.36,6.32,6.36,2211,0
ASLEW.US,5,20211214,154500,6.3201,6.3201,6.3201,6.3201,600,0
ASLEW.US,5,20211214,155000,6.34,6.34,6.3251,6.3251,1750,0
ASLEW.US,5,20211214,155500,6.34,6.38,6.34,6.34,7397,0
ASLEW.US,5,20211214,160000,6.3,6.3,6.27,6.27,2380,0
ASLEW.US,5,20211214,160500,6.27,6.27,6.27,6.27,100,0
ASLEW.US,5,20211214,161000,6.3,6.3,6.3,6.3,900,0
ASLEW.US,5,20211214,161500,6.3,6.3,6.29,6.3,3600,0
ASLEW.US,5,20211214,162500,6.3,6.35,6.3,6.34,4192,0
ASLEW.US,5,20211214,170000,6.25,6.25,6.25,6.25,1500,0
ASLEW.US,5,20211214,170500,6.22,6.22,6.22,6.22,1150,0
ASLEW.US,5,20211214,175000,6.15,6.15,6.15,6.15,200,0
ASLEW.US,5,20211214,175500,6.16,6.22,6.12,6.22,20938,0
ASLEW.US,5,20211214,180500,6.18,6.18,6.141,6.141,2800,0
ASLEW.US,5,20211214,181000,6.15,6.15,6.15,6.15,100,0
ASLEW.US,5,20211214,181500,6.13,6.13,6.12,6.12,9807,0
ASLEW.US,5,20211214,182500,6.17,6.21,6.16,6.21,5522,0
ASLEW.US,5,20211214,183500,6.205,6.205,6.205,6.205,500,0
ASLEW.US,5,20211214,184500,6.2,6.2,6.2,6.2,400,0
ASLEW.US,5,20211214,190000,6.18,6.18,6.18,6.18,400,0
ASLEW.US,5,20211214,193000,6.2,6.25,6.2,6.22,8800,0
ASLEW.US,5,20211214,200000,6.2,6.25,6.2,6.25,1901,0
ASLEW.US,5,20211214,202000,6.25,6.25,6.25,6.25,400,0
ASLEW.US,5,20211214,202500,6.27,6.3,6.27,6.3,1000,0
ASLEW.US,5,20211214,204500,6.29,6.34,6.29,6.34,1400,0
ASLEW.US,5,20211214,210000,6.34,6.34,6.34,6.34,2592,0
ASLEW.US,5,20211214,212000,6.32,6.32,6.32,6.32,500,0
ASLEW.US,5,20211214,213000,6.36,6.36,6.36,6.36,300,0
ASLEW.US,5,20211214,213500,6.37,6.37,6.37,6.37,350,0
ASLEW.US,5,20211214,214000,6.37,6.37,6.37,6.37,170,0
ASLEW.US,5,20211214,215000,6.38,6.4,6.38,6.4,1100,0
ASLEW.US,5,20211214,215500,6.4,6.4,6.4,6.4,500,0
ASLEW.US,5,20211215,153000,6.34,6.34,6.34,6.34,158,0
ASLEW.US,5,20211215,153500,6.35,6.35,6.35,6.35,524,0
ASLEW.US,5,20211215,154000,6.3,6.3,6.3,6.3,1800,0
ASLEW.US,5,20211215,154500,6.27,6.2822,6.27,6.2822,2649,0
ASLEW.US,5,20211215,160000,6.22,6.22,6.21,6.21,8100,0
ASLEW.US,5,20211215,160500,6.22,6.26,6.22,6.22,2100,0
ASLEW.US,5,20211215,161000,6.1701,6.1701,6.17,6.17,600,0
ASLEW.US,5,20211215,161500,6.17,6.2,6.17,6.17,2951,0
ASLEW.US,5,20211215,163500,6.2,6.2,6.15,6.15,8031,0
ASLEW.US,5,20211215,165000,6.2,6.2,6.2,6.2,309,0
ASLEW.US,5,20211215,171000,6.15,6.1612,6.15,6.1612,9390,0
ASLEW.US,5,20211215,172000,6.1501,6.1501,6.15,6.15,7606,0
ASLEW.US,5,20211215,181000,6.15,6.19,6.15,6.19,4000,0
ASLEW.US,5,20211215,183000,6.18,6.18,6.18,6.18,100,0
ASLEW.US,5,20211215,184000,6.175,6.175,6.175,6.175,100,0
ASLEW.US,5,20211215,190000,6.15,6.15,6.15,6.15,2300,0
ASLEW.US,5,20211215,192500,6.1664,6.1664,6.1664,6.1664,1800,0
ASLEW.US,5,20211215,195000,6.15,6.15,6.15,6.15,100,0
ASLEW.US,5,20211215,200000,6.19,6.22,6.19,6.22,4000,0
ASLEW.US,5,20211215,200500,6.23,6.23,6.23,6.23,1300,0
ASLEW.US,5,20211215,203000,6.24,6.2405,6.24,6.24,1300,0
ASLEW.US,5,20211215,210000,6.28,6.32,6.28,6.29,1100,0
ASLEW.US,5,20211215,210500,6.32,6.37,6.32,6.37,500,0
ASLEW.US,5,20211215,213000,6.38,6.38,6.38,6.38,250,0
ASLEW.US,5,20211215,214500,6.37,6.37,6.36,6.36,2203,0
ASLEW.US,5,20211215,215000,6.38,6.4,6.38,6.4,6600,0
ASLEW.US,5,20211215,215500,6.42,6.43,6.42,6.43,1300,0
ASLEW.US,5,20211216,153000,6.17,6.45,6.17,6.39,11726,0
ASLEW.US,5,20211216,153500,6.49,6.49,6.37,6.4183,900,0
ASLEW.US,5,20211216,154000,6.43,6.43,6.43,6.43,500,0
ASLEW.US,5,20211216,154500,6.39,6.44,6.39,6.44,1400,0
ASLEW.US,5,20211216,163500,6.3801,6.3801,6.38,6.38,400,0
ASLEW.US,5,20211216,164000,6.38,6.3801,6.38,6.3801,806,0
ASLEW.US,5,20211216,165000,6.34,6.34,6.34,6.34,850,0
ASLEW.US,5,20211216,170500,6.29,6.29,6.29,6.29,1900,0
ASLEW.US,5,20211216,173500,6.27,6.27,6.27,6.27,200,0
ASLEW.US,5,20211216,180500,6.23,6.2457,6.21,6.2457,5790,0
ASLEW.US,5,20211216,182000,6.24,6.24,6.24,6.24,300,0
ASLEW.US,5,20211216,183000,6.22,6.22,6.22,6.22,300,0
ASLEW.US,5,20211216,194000,6.19,6.19,6.19,6.19,200,0
ASLEW.US,5,20211216,205000,6.15,6.15,6.15,6.15,600,0
ASLEW.US,5,20211216,210500,6.17,6.1701,6.17,6.1701,300,0
ASLEW.US,5,20211216,212000,6.16,6.16,6.16,6.16,600,0
ASLEW.US,5,20211216,212500,6.17,6.17,6.17,6.17,133,0
ASLEW.US,5,20211216,215500,6.25,6.25,6.2,6.2,900,0
ASLEW.US,5,20211217,154000,6.09,6.09,6.09,6.09,200,0
ASLEW.US,5,20211217,160000,6.14,6.155,6.13,6.155,5100,0
ASLEW.US,5,20211217,161000,6.14,6.1415,6.14,6.1415,6976,0
ASLEW.US,5,20211217,162500,6.2,6.2,6.2,6.2,300,0
ASLEW.US,5,20211217,163000,6.2,6.2,6.2,6.2,2588,0
ASLEW.US,5,20211217,163500,6.2,6.23,6.2,6.23,1544,0
ASLEW.US,5,20211217,170500,6.31,6.37,6.3,6.31,3000,0
ASLEW.US,5,20211217,171500,6.31,6.31,6.27,6.27,11219,0
ASLEW.US,5,20211217,180000,6.3,6.3,6.3,6.3,1300,0
ASLEW.US,5,20211217,181500,6.25,6.25,6.25,6.25,100,0
ASLEW.US,5,20211217,182000,6.25,6.25,6.24,6.24,1750,0
ASLEW.US,5,20211217,182500,6.18,6.209,6.18,6.18,969,0
ASLEW.US,5,20211217,183000,6.24,6.28,6.24,6.24,800,0
ASLEW.US,5,20211217,191000,6.2,6.2,6.2,6.2,200,0
ASLEW.US,5,20211217,193500,6.26,6.26,6.26,6.26,200,0
ASLEW.US,5,20211217,194000,6.2652,6.2652,6.2652,6.2652,240,0
ASLEW.US,5,20211217,194500,6.23,6.23,6.23,6.23,300,0
ASLEW.US,5,20211217,195000,6.265,6.265,6.265,6.265,280,0
ASLEW.US,5,20211217,195500,6.2585,6.2585,6.2585,6.2585,675,0
ASLEW.US,5,20211217,212000,6.23,6.23,6.23,6.23,200,0
ASLEW.US,5,20211217,215000,6.2,6.2,6.2,6.2,1500,0
ASLEW.US,5,20211217,215500,6.2,6.2,6.17,6.17,2700,0
ASLEW.US,5,20211220,153000,6,6,6,6,157,0
ASLEW.US,5,20211220,160500,6.03,6.0301,6.03,6.0301,2200,0
ASLEW.US,5,20211220,161500,6.08,6.12,6.08,6.12,1600,0
ASLEW.US,5,20211220,163000,6.12,6.12,6.12,6.12,250,0
ASLEW.US,5,20211220,165000,6.09,6.09,6.09,6.09,1000,0
ASLEW.US,5,20211220,172500,6.06,6.06,6.06,6.06,400,0
ASLEW.US,5,20211220,173000,6.06,6.06,6.06,6.06,200,0
ASLEW.US,5,20211220,175000,6.06,6.06,6.06,6.06,100,0
ASLEW.US,5,20211220,182500,6.05,6.05,6.05,6.05,100,0
ASLEW.US,5,20211220,194000,6.0501,6.14,6.0501,6.1,4100,0
ASLEW.US,5,20211220,201500,6.13,6.1301,6.13,6.13,4400,0
ASLEW.US,5,20211220,202000,6.14,6.14,6.14,6.14,100,0
ASLEW.US,5,20211220,202500,6.1051,6.126,6.07,6.07,7496,0
ASLEW.US,5,20211220,203500,6.08,6.08,6.08,6.08,100,0
ASLEW.US,5,20211220,204500,6.07,6.07,6.07,6.07,300,0
ASLEW.US,5,20211220,205500,6.12,6.12,6.12,6.12,100,0
ASLEW.US,5,20211220,211000,6.14,6.15,6.14,6.15,1000,0
ASLEW.US,5,20211220,211500,6.15,6.15,6.15,6.15,2200,0
ASLEW.US,5,20211220,212500,6.15,6.2,6.15,6.2,1400,0
ASLEW.US,5,20211220,214000,6.18,6.18,6.18,6.18,1000,0
ASLEW.US,5,20211220,214500,6.19,6.19,6.19,6.19,200,0
ASLEW.US,5,20211220,215000,6.19,6.2,6.19,6.2,5200,0
ASLEW.US,5,20211220,215500,6.2,6.23,6.2,6.23,1758,0
ASLEW.US,5,20211221,153000,6.27,6.3,6.21,6.29,2538,0
ASLEW.US,5,20211221,153500,6.24,6.295,6.23,6.24,12419,0
ASLEW.US,5,20211221,154000,6.23,6.23,6.23,6.23,3200,0
ASLEW.US,5,20211221,155500,6.2,6.22,6.19,6.22,1100,0
ASLEW.US,5,20211221,160000,6.18,6.19,6.18,6.19,1000,0
ASLEW.US,5,20211221,160500,6.19,6.24,6.19,6.24,9800,0
ASLEW.US,5,20211221,161000,6.24,6.25,6.24,6.25,2890,0
ASLEW.US,5,20211221,161500,6.28,6.28,6.28,6.28,2688,0
ASLEW.US,5,20211221,162000,6.28,6.28,6.28,6.28,4229,0
ASLEW.US,5,20211221,162500,6.28,6.31,6.27,6.29,1299,0
ASLEW.US,5,20211221,163000,6.3,6.31,6.3,6.31,1504,0
ASLEW.US,5,20211221,164000,6.35,6.35,6.35,6.35,3800,0
ASLEW.US,5,20211221,164500,6.35,6.35,6.35,6.35,1400,0
ASLEW.US,5,20211221,170000,6.32,6.355,6.32,6.32,8840,0
ASLEW.US,5,20211221,170500,6.36,6.36,6.34,6.36,1400,0
ASLEW.US,5,20211221,171000,6.36,6.36,6.34,6.36,2100,0
ASLEW.US,5,20211221,174000,6.35,6.36,6.345,6.36,12976,0
ASLEW.US,5,20211221,180000,6.3569,6.3569,6.3569,6.3569,400,0
ASLEW.US,5,20211221,180500,6.39,6.39,6.39,6.39,400,0
ASLEW.US,5,20211221,183000,6.32,6.32,6.32,6.32,494,0
ASLEW.US,5,20211221,183500,6.35,6.44,6.35,6.44,3400,0
ASLEW.US,5,20211221,184500,6.4,6.41,6.39,6.41,3050,0
ASLEW.US,5,20211221,185000,6.41,6.46,6.4,6.42,12035,0
ASLEW.US,5,20211221,190500,6.43,6.43,6.39,6.4166,4614,0
ASLEW.US,5,20211221,191000,6.38,6.38,6.38,6.38,1076,0
ASLEW.US,5,20211221,193500,6.44,6.47,6.44,6.47,500,0
ASLEW.US,5,20211221,195000,6.47,6.47,6.47,6.47,300,0
ASLEW.US,5,20211221,200500,6.4105,6.42,6.39,6.39,4862,0
ASLEW.US,5,20211221,201000,6.35,6.35,6.35,6.35,5908,0
ASLEW.US,5,20211221,201500,6.36,6.36,6.36,6.36,5000,0
ASLEW.US,5,20211221,202000,6.44,6.48,6.44,6.45,2300,0
ASLEW.US,5,20211221,202500,6.44,6.44,6.44,6.44,900,0
ASLEW.US,5,20211221,203000,6.47,6.47,6.44,6.44,1669,0
ASLEW.US,5,20211221,203500,6.4,6.44,6.4,6.42,4981,0
ASLEW.US,5,20211221,213500,6.42,6.4267,6.42,6.4267,1500,0
ASLEW.US,5,20211221,214500,6.39,6.39,6.39,6.39,100,0
ASLEW.US,5,20211221,215000,6.4,6.4,6.39,6.4,5800,0
ASLEW.US,5,20211221,215500,6.4,6.4001,6.4,6.4001,200,0
ASLEW.US,5,20211222,153000,6.4,6.4,6.4,6.4,750,0
ASLEW.US,5,20211222,154500,6.3701,6.3701,6.3701,6.3701,300,0
ASLEW.US,5,20211222,161500,6.44,6.46,6.43,6.43,2869,0
ASLEW.US,5,20211222,162500,6.49,6.5,6.45,6.45,5906,0
ASLEW.US,5,20211222,175500,6.49,6.49,6.47,6.47,1800,0
ASLEW.US,5,20211222,181000,6.46,6.46,6.45,6.45,1538,0
ASLEW.US,5,20211222,182500,6.44,6.44,6.44,6.44,300,0
ASLEW.US,5,20211222,183000,6.43,6.43,6.39,6.43,3700,0
ASLEW.US,5,20211222,184000,6.39,6.39,6.39,6.39,200,0
ASLEW.US,5,20211222,185500,6.42,6.43,6.42,6.43,1200,0
ASLEW.US,5,20211222,191000,6.43,6.44,6.43,6.43,650,0
ASLEW.US,5,20211222,192000,6.425,6.425,6.4,6.4112,3200,0
ASLEW.US,5,20211222,194000,6.37,6.37,6.37,6.37,100,0
ASLEW.US,5,20211222,194500,6.37,6.37,6.37,6.37,200,0
ASLEW.US,5,20211222,195500,6.34,6.34,6.34,6.34,100,0
ASLEW.US,5,20211222,201500,6.35,6.35,6.35,6.35,600,0
ASLEW.US,5,20211222,203000,6.33,6.3555,6.33,6.3555,650,0
ASLEW.US,5,20211222,205500,6.3828,6.3828,6.3828,6.3828,500,0
ASLEW.US,5,20211222,212500,6.39,6.39,6.39,6.39,100,0
ASLEW.US,5,20211222,214000,6.37,6.37,6.32,6.32,1368,0
ASLEW.US,5,20211222,215000,6.385,6.39,6.385,6.39,1700,0
ASLEW.US,5,20211222,215500,6.39,6.4,6.38,6.4,3335,0
ASLEW.US,5,20211223,153000,6.27,6.35,6.27,6.35,2549,0
ASLEW.US,5,20211223,154000,6.35,6.35,6.35,6.35,1238,0
ASLEW.US,5,20211223,155000,6.3301,6.3301,6.3301,6.3301,400,0
ASLEW.US,5,20211223,155500,6.345,6.345,6.345,6.345,300,0
ASLEW.US,5,20211223,160000,6.35,6.35,6.3,6.3,621,0
ASLEW.US,5,20211223,161500,6.317,6.317,6.317,6.317,347,0
ASLEW.US,5,20211223,162500,6.3,6.3,6.28,6.3,3180,0
ASLEW.US,5,20211223,163000,6.3,6.3,6.3,6.3,300,0
ASLEW.US,5,20211223,164000,6.34,6.3401,6.34,6.3401,3147,0
ASLEW.US,5,20211223,164500,6.335,6.34,6.335,6.34,2708,0
ASLEW.US,5,20211223,172000,6.34,6.34,6.34,6.34,742,0
ASLEW.US,5,20211223,172500,6.35,6.35,6.35,6.35,600,0
ASLEW.US,5,20211223,173000,6.3301,6.3301,6.33,6.33,434,0
ASLEW.US,5,20211223,173500,6.35,6.3501,6.35,6.3501,214,0
ASLEW.US,5,20211223,175500,6.35,6.35,6.35,6.35,200,0
ASLEW.US,5,20211223,180000,6.36,6.36,6.36,6.36,100,0
ASLEW.US,5,20211223,180500,6.35,6.35,6.33,6.34,5506,0
ASLEW.US,5,20211223,185000,6.34,6.36,6.15,6.34,10778,0
ASLEW.US,5,20211223,190500,6.39,6.39,6.39,6.39,300,0
ASLEW.US,5,20211223,191000,6.4,6.4,6.365,6.39,2850,0
ASLEW.US,5,20211223,193000,6.4,6.4,6.38,6.38,4586,0
ASLEW.US,5,20211223,195500,6.39,6.4,6.39,6.4,725,0
ASLEW.US,5,20211223,200500,6.39,6.39,6.38,6.38,1900,0
ASLEW.US,5,20211223,201000,6.4,6.42,6.39,6.42,2769,0
ASLEW.US,5,20211223,201500,6.42,6.42,6.42,6.42,1600,0
ASLEW.US,5,20211223,202500,6.41,6.4101,6.41,6.4101,1575,0
ASLEW.US,5,20211223,203000,6.4,6.4,6.37,6.37,3567,0
ASLEW.US,5,20211223,213500,6.37,6.37,6.36,6.36,400,0
ASLEW.US,5,20211223,214000,6.38,6.38,6.38,6.38,100,0
ASLEW.US,5,20211223,214500,6.38,6.38,6.32,6.36,8050,0
ASLEW.US,5,20211223,215000,6.37,6.37,6.37,6.37,350,0
ASLEW.US,5,20211223,215500,6.37,6.39,6.37,6.39,2049,0
