<TICKER>,<PER>,<DATE>,<TIME>,<OPEN>,<HIGH>,<LOW>,<CLOSE>,<VOL>,<OPENINT>
CPZ.US,5,20211104,143000,20.441,20.511,20.441,20.463,1460,0
CPZ.US,5,20211104,145500,20.491,20.491,20.491,20.491,720,0
CPZ.US,5,20211104,151000,20.501,20.501,20.501,20.501,834,0
CPZ.US,5,20211104,152000,20.511,20.511,20.511,20.511,503,0
CPZ.US,5,20211104,152500,20.511,20.511,20.511,20.511,428,0
CPZ.US,5,20211104,153000,20.61,20.61,20.61,20.61,1158,0
CPZ.US,5,20211104,153500,20.61,20.61,20.61,20.61,2391,0
CPZ.US,5,20211104,154500,20.561,20.61,20.561,20.61,403,0
CPZ.US,5,20211104,155500,20.576,20.61,20.561,20.61,2265,0
CPZ.US,5,20211104,160000,20.561,20.561,20.561,20.561,503,0
CPZ.US,5,20211104,162500,20.571,20.581,20.561,20.573,1409,0
CPZ.US,5,20211104,163000,20.581,20.581,20.562,20.571,338,0
CPZ.US,5,20211104,163500,20.581,20.581,20.578,20.581,3272,0
CPZ.US,5,20211104,164000,20.581,20.581,20.581,20.581,956,0
CPZ.US,5,20211104,165000,20.576,20.576,20.571,20.571,1208,0
CPZ.US,5,20211104,170500,20.581,20.581,20.581,20.581,101,0
CPZ.US,5,20211104,171000,20.581,20.581,20.581,20.581,101,0
CPZ.US,5,20211104,171500,20.571,20.571,20.571,20.571,101,0
CPZ.US,5,20211104,172000,20.581,20.6,20.581,20.6,851,0
CPZ.US,5,20211104,172500,20.581,20.581,20.561,20.561,201,0
CPZ.US,5,20211104,173000,20.581,20.581,20.571,20.571,302,0
CPZ.US,5,20211104,173500,20.581,20.605,20.571,20.571,805,0
CPZ.US,5,20211104,174000,20.571,20.571,20.571,20.571,503,0
CPZ.US,5,20211104,174500,20.571,20.571,20.571,20.571,247,0
CPZ.US,5,20211104,175000,20.571,20.605,20.567,20.571,5844,0
CPZ.US,5,20211104,175500,20.571,20.605,20.571,20.571,1913,0
CPZ.US,5,20211104,180000,20.571,20.571,20.571,20.571,1007,0
CPZ.US,5,20211104,180500,20.571,20.61,20.571,20.61,1510,0
CPZ.US,5,20211104,181000,20.61,20.61,20.586,20.61,2014,0
CPZ.US,5,20211104,181500,20.61,20.61,20.61,20.61,403,0
CPZ.US,5,20211104,182000,20.61,20.61,20.61,20.61,403,0
CPZ.US,5,20211104,182500,20.61,20.61,20.61,20.61,201,0
CPZ.US,5,20211104,183000,20.61,20.61,20.61,20.61,302,0
CPZ.US,5,20211104,183500,20.61,20.65,20.586,20.61,1757,0
CPZ.US,5,20211104,184000,20.61,20.61,20.586,20.61,3071,0
CPZ.US,5,20211104,184500,20.62,20.62,20.62,20.62,201,0
CPZ.US,5,20211104,185000,20.62,20.62,20.561,20.62,433,0
CPZ.US,5,20211104,185500,20.62,20.62,20.561,20.62,534,0
CPZ.US,5,20211104,190000,20.62,20.62,20.62,20.62,201,0
CPZ.US,5,20211104,190500,20.62,20.62,20.62,20.62,201,0
CPZ.US,5,20211104,191000,20.62,20.62,20.62,20.62,201,0
CPZ.US,5,20211104,191500,20.62,20.62,20.61,20.61,302,0
CPZ.US,5,20211104,192000,20.62,20.62,20.603,20.62,1345,0
CPZ.US,5,20211104,192500,20.62,20.62,20.62,20.62,403,0
CPZ.US,5,20211104,193000,20.62,20.62,20.561,20.62,306,0
CPZ.US,5,20211104,193500,20.62,20.62,20.62,20.62,302,0
CPZ.US,5,20211104,194000,20.62,20.62,20.561,20.561,5235,0
CPZ.US,5,20211104,195000,20.561,20.561,20.561,20.561,101,0
CPZ.US,5,20211104,195500,20.561,20.561,20.561,20.561,705,0
CPZ.US,5,20211104,200000,20.561,20.561,20.561,20.561,1070,0
CPZ.US,5,20211104,200500,20.561,20.61,20.561,20.61,302,0
CPZ.US,5,20211104,201000,20.61,20.62,20.566,20.566,690,0
CPZ.US,5,20211104,201500,20.62,20.62,20.514,20.62,1712,0
CPZ.US,5,20211104,202000,20.61,20.61,20.61,20.61,302,0
CPZ.US,5,20211104,202500,20.561,20.61,20.561,20.61,1148,0
CPZ.US,5,20211104,203000,20.571,20.571,20.571,20.571,302,0
CPZ.US,5,20211104,203500,20.571,20.571,20.571,20.571,302,0
CPZ.US,5,20211104,204000,20.571,20.586,20.561,20.571,4128,0
CPZ.US,5,20211104,204500,20.571,20.571,20.571,20.571,101,0
CPZ.US,5,20211104,205000,20.571,20.571,20.571,20.571,604,0
CPZ.US,5,20211104,205500,20.571,20.571,20.571,20.571,701,0
CPZ.US,5,20211105,143000,20.6,20.65,20.6,20.65,727,0
CPZ.US,5,20211105,144000,20.65,20.65,20.65,20.65,604,0
CPZ.US,5,20211105,145000,20.61,20.659,20.61,20.659,2014,0
CPZ.US,5,20211105,151000,20.561,20.561,20.561,20.561,2014,0
CPZ.US,5,20211105,152500,20.572,20.68,20.572,20.68,2218,0
CPZ.US,5,20211105,153000,20.68,20.71,20.675,20.71,3675,0
CPZ.US,5,20211105,153500,20.72,20.73,20.71,20.73,1077,0
CPZ.US,5,20211105,154000,20.73,20.73,20.7,20.7,1409,0
CPZ.US,5,20211105,154500,20.73,20.73,20.73,20.73,101,0
CPZ.US,5,20211105,155000,20.734,20.734,20.734,20.734,1637,0
CPZ.US,5,20211105,160000,20.749,20.749,20.739,20.739,805,0
CPZ.US,5,20211105,160500,20.739,20.739,20.739,20.739,201,0
CPZ.US,5,20211105,161000,20.739,20.739,20.725,20.725,3664,0
CPZ.US,5,20211105,161500,20.72,20.72,20.71,20.71,3423,0
CPZ.US,5,20211105,172000,20.697,20.697,20.697,20.697,1007,0
CPZ.US,5,20211105,172500,20.691,20.691,20.691,20.691,151,0
CPZ.US,5,20211105,182000,20.621,20.7,20.62,20.621,1671,0
CPZ.US,5,20211105,182500,20.62,20.62,20.571,20.582,1007,0
CPZ.US,5,20211105,183500,20.561,20.563,20.561,20.561,584,0
CPZ.US,5,20211105,184500,20.57,20.57,20.511,20.57,403,0
CPZ.US,5,20211105,185000,20.481,20.481,20.481,20.481,101,0
CPZ.US,5,20211105,185500,20.584,20.584,20.584,20.584,1409,0
CPZ.US,5,20211105,190500,20.61,20.61,20.61,20.61,134,0
CPZ.US,5,20211105,191500,20.512,20.512,20.512,20.512,483,0
CPZ.US,5,20211105,192500,20.521,20.541,20.521,20.541,705,0
CPZ.US,5,20211105,194000,20.626,20.626,20.511,20.511,1651,0
CPZ.US,5,20211105,194500,20.571,20.571,20.521,20.521,403,0
CPZ.US,5,20211105,203500,20.581,20.581,20.581,20.581,201,0
CPZ.US,5,20211105,204000,20.636,20.636,20.636,20.636,218,0
CPZ.US,5,20211105,205000,20.615,20.645,20.615,20.645,503,0
CPZ.US,5,20211105,205500,20.59,20.65,20.59,20.61,654,0
CPZ.US,5,20211108,153000,20.859,20.859,20.849,20.849,6349,0
CPZ.US,5,20211108,153500,20.67,20.67,20.67,20.67,101,0
CPZ.US,5,20211108,154500,20.67,20.67,20.67,20.67,1119,0
CPZ.US,5,20211108,155000,20.66,20.66,20.66,20.66,2698,0
CPZ.US,5,20211108,155500,20.68,20.68,20.68,20.68,101,0
CPZ.US,5,20211108,160000,20.67,20.67,20.65,20.65,3302,0
CPZ.US,5,20211108,160500,20.68,20.68,20.68,20.68,2014,0
CPZ.US,5,20211108,161000,20.68,20.69,20.68,20.68,3020,0
CPZ.US,5,20211108,162000,20.665,20.68,20.665,20.68,403,0
CPZ.US,5,20211108,162500,20.679,20.68,20.679,20.68,503,0
CPZ.US,5,20211108,163500,20.68,20.68,20.68,20.68,101,0
CPZ.US,5,20211108,164000,20.68,20.68,20.68,20.68,1333,0
CPZ.US,5,20211108,164500,20.68,20.68,20.68,20.68,1007,0
CPZ.US,5,20211108,165000,20.68,20.68,20.68,20.68,1611,0
CPZ.US,5,20211108,165500,20.68,20.68,20.675,20.68,2441,0
CPZ.US,5,20211108,170000,20.807,20.807,20.807,20.807,302,0
CPZ.US,5,20211108,170500,20.764,20.779,20.764,20.779,1007,0
CPZ.US,5,20211108,171000,20.705,20.705,20.705,20.705,503,0
CPZ.US,5,20211108,171500,20.739,20.739,20.739,20.739,252,0
CPZ.US,5,20211108,173500,20.739,20.739,20.739,20.739,1510,0
CPZ.US,5,20211108,174500,20.739,20.739,20.739,20.739,403,0
CPZ.US,5,20211108,175000,20.739,20.739,20.68,20.68,201,0
CPZ.US,5,20211108,175500,20.695,20.72,20.695,20.72,1913,0
CPZ.US,5,20211108,180000,20.704,20.72,20.704,20.72,1510,0
CPZ.US,5,20211108,180500,20.71,20.72,20.71,20.72,1510,0
CPZ.US,5,20211108,181000,20.695,20.739,20.67,20.739,2215,0
CPZ.US,5,20211108,185000,20.67,20.72,20.67,20.72,1762,0
CPZ.US,5,20211108,185500,20.71,20.71,20.71,20.71,4530,0
CPZ.US,5,20211108,190000,20.69,20.71,20.676,20.71,2819,0
CPZ.US,5,20211108,193000,20.71,20.71,20.71,20.71,1007,0
CPZ.US,5,20211108,193500,20.703,20.703,20.703,20.703,302,0
CPZ.US,5,20211108,195000,20.683,20.683,20.683,20.683,537,0
CPZ.US,5,20211108,195500,20.69,20.69,20.69,20.69,634,0
CPZ.US,5,20211108,200500,20.69,20.69,20.69,20.69,1007,0
CPZ.US,5,20211108,201000,20.71,20.71,20.709,20.709,2718,0
CPZ.US,5,20211108,201500,20.71,20.72,20.71,20.72,1207,0
CPZ.US,5,20211108,202500,20.71,20.71,20.71,20.71,1007,0
CPZ.US,5,20211108,203000,20.71,20.71,20.709,20.709,1510,0
CPZ.US,5,20211108,203500,20.71,20.71,20.71,20.71,101,0
CPZ.US,5,20211108,205000,20.71,20.73,20.71,20.73,1007,0
CPZ.US,5,20211108,205500,20.71,20.71,20.71,20.71,302,0
CPZ.US,5,20211108,211000,20.71,20.819,20.71,20.759,4732,0
CPZ.US,5,20211108,211500,20.749,20.749,20.725,20.749,2618,0
CPZ.US,5,20211108,212000,20.749,20.749,20.749,20.749,914,0
CPZ.US,5,20211108,212500,20.749,20.749,20.749,20.749,503,0
CPZ.US,5,20211108,214500,20.749,20.749,20.749,20.749,403,0
CPZ.US,5,20211108,215000,20.738,20.749,20.738,20.749,1115,0
CPZ.US,5,20211108,215500,20.764,20.764,20.749,20.749,1844,0
CPZ.US,5,20211109,153000,20.809,20.809,20.809,20.809,1705,0
CPZ.US,5,20211109,154000,20.66,20.66,20.636,20.636,1084,0
CPZ.US,5,20211109,154500,20.566,20.66,20.566,20.566,1279,0
CPZ.US,5,20211109,155500,20.66,20.66,20.66,20.66,101,0
CPZ.US,5,20211109,160000,20.66,20.71,20.66,20.71,3366,0
CPZ.US,5,20211109,160500,20.581,20.581,20.581,20.581,337,0
CPZ.US,5,20211109,161000,20.7,20.7,20.7,20.7,101,0
CPZ.US,5,20211109,162500,20.619,20.703,20.619,20.703,2234,0
CPZ.US,5,20211109,163000,20.668,20.668,20.668,20.668,101,0
CPZ.US,5,20211109,163500,20.69,20.69,20.69,20.69,604,0
CPZ.US,5,20211109,164000,20.675,20.69,20.66,20.69,1510,0
CPZ.US,5,20211109,164500,20.69,20.69,20.69,20.69,1309,0
CPZ.US,5,20211109,165000,20.69,20.69,20.69,20.69,101,0
CPZ.US,5,20211109,170000,20.69,20.69,20.69,20.69,101,0
CPZ.US,5,20211109,170500,20.68,20.69,20.68,20.68,2921,0
CPZ.US,5,20211109,172000,20.69,20.69,20.69,20.69,201,0
CPZ.US,5,20211109,172500,20.7,20.7,20.68,20.68,453,0
CPZ.US,5,20211109,173000,20.68,20.68,20.68,20.68,503,0
CPZ.US,5,20211109,173500,20.68,20.68,20.68,20.68,805,0
CPZ.US,5,20211109,174000,20.67,20.67,20.67,20.67,1007,0
CPZ.US,5,20211109,175000,20.67,20.67,20.666,20.666,503,0
CPZ.US,5,20211109,175500,20.66,20.66,20.66,20.66,1189,0
CPZ.US,5,20211109,181500,20.62,20.66,20.62,20.66,1309,0
CPZ.US,5,20211109,182500,20.61,20.61,20.61,20.61,1465,0
CPZ.US,5,20211109,183000,20.61,20.61,20.61,20.61,141,0
CPZ.US,5,20211109,183500,20.61,20.61,20.61,20.61,735,0
CPZ.US,5,20211109,185000,20.61,20.61,20.61,20.61,342,0
CPZ.US,5,20211109,190000,20.61,20.61,20.61,20.61,1812,0
CPZ.US,5,20211109,191000,20.61,20.61,20.61,20.61,126,0
CPZ.US,5,20211109,192500,20.61,20.61,20.61,20.61,101,0
CPZ.US,5,20211109,193000,20.61,20.61,20.6,20.6,201,0
CPZ.US,5,20211109,194000,20.638,20.638,20.638,20.638,126,0
CPZ.US,5,20211109,194500,20.65,20.65,20.61,20.61,1149,0
CPZ.US,5,20211109,201000,20.612,20.612,20.612,20.612,453,0
CPZ.US,5,20211109,201500,20.73,20.73,20.63,20.63,1003,0
CPZ.US,5,20211109,204000,20.612,20.625,20.612,20.625,408,0
CPZ.US,5,20211109,205500,20.63,20.63,20.63,20.63,227,0
CPZ.US,5,20211109,210000,20.62,20.63,20.62,20.63,201,0
CPZ.US,5,20211109,210500,20.63,20.63,20.63,20.63,503,0
CPZ.US,5,20211109,211000,20.63,20.63,20.63,20.63,302,0
CPZ.US,5,20211109,211500,20.63,20.63,20.63,20.63,101,0
CPZ.US,5,20211109,212000,20.63,20.63,20.63,20.63,1309,0
CPZ.US,5,20211109,212500,20.63,20.63,20.621,20.621,1579,0
CPZ.US,5,20211109,213500,20.63,20.63,20.63,20.63,705,0
CPZ.US,5,20211109,214000,20.71,20.71,20.66,20.66,505,0
CPZ.US,5,20211109,214500,20.66,20.66,20.66,20.66,2424,0
CPZ.US,5,20211109,215000,20.66,20.66,20.66,20.66,710,0
CPZ.US,5,20211109,215500,20.66,20.66,20.63,20.66,4104,0
CPZ.US,5,20211110,153000,20.72,20.72,20.56,20.56,1025,0
CPZ.US,5,20211110,153500,20.56,20.56,20.56,20.56,400,0
CPZ.US,5,20211110,154000,20.56,20.56,20.56,20.56,1700,0
CPZ.US,5,20211110,155500,20.56,20.56,20.56,20.56,2000,0
CPZ.US,5,20211110,160000,20.56,20.56,20.56,20.56,1247,0
CPZ.US,5,20211110,160500,20.56,20.56,20.5563,20.56,1931,0
CPZ.US,5,20211110,162000,20.595,20.595,20.595,20.595,150,0
CPZ.US,5,20211110,163500,20.629,20.629,20.629,20.629,1000,0
CPZ.US,5,20211110,165000,20.62,20.62,20.62,20.62,223,0
CPZ.US,5,20211110,170000,20.63,20.64,20.63,20.64,931,0
CPZ.US,5,20211110,170500,20.63,20.63,20.63,20.63,100,0
CPZ.US,5,20211110,173500,20.63,20.63,20.62,20.6202,1856,0
CPZ.US,5,20211110,174500,20.63,20.63,20.63,20.63,100,0
CPZ.US,5,20211110,175000,20.63,20.63,20.62,20.62,300,0
CPZ.US,5,20211110,180500,20.63,20.63,20.6,20.6,400,0
CPZ.US,5,20211110,181000,20.62,20.625,20.62,20.625,200,0
CPZ.US,5,20211110,182000,20.6,20.6,20.6,20.6,100,0
CPZ.US,5,20211110,182500,20.62,20.62,20.61,20.61,900,0
CPZ.US,5,20211110,184000,20.61,20.61,20.6,20.6,917,0
CPZ.US,5,20211110,190500,20.55,20.55,20.55,20.55,300,0
CPZ.US,5,20211110,191500,20.6,20.6,20.6,20.6,659,0
CPZ.US,5,20211110,200500,20.55,20.55,20.53,20.53,400,0
CPZ.US,5,20211110,202500,20.51,20.51,20.5,20.5,400,0
CPZ.US,5,20211110,203000,20.555,20.555,20.555,20.555,200,0
CPZ.US,5,20211110,204000,20.555,20.6,20.555,20.6,1030,0
CPZ.US,5,20211110,211500,20.6016,20.6016,20.56,20.56,800,0
CPZ.US,5,20211110,212000,20.56,20.56,20.56,20.56,1000,0
CPZ.US,5,20211110,212500,20.54,20.54,20.54,20.54,100,0
CPZ.US,5,20211110,213000,20.54,20.54,20.54,20.54,200,0
CPZ.US,5,20211110,213500,20.54,20.57,20.54,20.56,1930,0
CPZ.US,5,20211110,214000,20.55,20.56,20.55,20.56,750,0
CPZ.US,5,20211110,215500,20.53,20.56,20.53,20.56,2403,0
CPZ.US,5,20211111,153000,20.63,20.63,20.63,20.63,765,0
CPZ.US,5,20211111,153500,20.66,20.66,20.6,20.62,1400,0
CPZ.US,5,20211111,154500,20.6,20.62,20.6,20.62,900,0
CPZ.US,5,20211111,161500,20.64,20.64,20.64,20.64,200,0
CPZ.US,5,20211111,162000,20.56,20.56,20.56,20.56,970,0
CPZ.US,5,20211111,165500,20.5408,20.5408,20.5408,20.5408,1283,0
CPZ.US,5,20211111,170500,20.565,20.565,20.565,20.565,144,0
CPZ.US,5,20211111,171000,20.61,20.61,20.6098,20.6098,2413,0
CPZ.US,5,20211111,172500,20.58,20.58,20.58,20.58,1314,0
CPZ.US,5,20211111,180000,20.6,20.6,20.6,20.6,540,0
CPZ.US,5,20211111,180500,20.58,20.58,20.58,20.58,255,0
CPZ.US,5,20211111,185000,20.6,20.6,20.5999,20.5999,5740,0
CPZ.US,5,20211111,193000,20.56,20.56,20.56,20.56,199,0
CPZ.US,5,20211111,195000,20.575,20.575,20.555,20.5601,3408,0
CPZ.US,5,20211111,200000,20.5581,20.5581,20.5581,20.5581,500,0
CPZ.US,5,20211111,202000,20.52,20.52,20.52,20.52,199,0
CPZ.US,5,20211111,202500,20.53,20.59,20.53,20.59,1200,0
CPZ.US,5,20211111,203000,20.51,20.51,20.51,20.51,200,0
CPZ.US,5,20211111,204000,20.6401,20.6401,20.6401,20.6401,870,0
CPZ.US,5,20211111,212500,20.5454,20.59,20.545,20.59,1150,0
CPZ.US,5,20211111,213500,20.59,20.59,20.59,20.59,3850,0
CPZ.US,5,20211111,214000,20.5899,20.59,20.53,20.59,760,0
CPZ.US,5,20211111,214500,20.59,20.59,20.59,20.59,100,0
CPZ.US,5,20211111,215000,20.65,20.66,20.65,20.66,200,0
CPZ.US,5,20211111,215500,20.66,20.66,20.56,20.66,1335,0
CPZ.US,5,20211112,153000,20.61,20.61,20.61,20.61,218,0
CPZ.US,5,20211112,161500,20.73,20.73,20.73,20.73,200,0
CPZ.US,5,20211112,162500,20.6998,20.6998,20.6998,20.6998,2000,0
CPZ.US,5,20211112,163000,20.67,20.67,20.67,20.67,100,0
CPZ.US,5,20211112,163500,20.69,20.7,20.69,20.6998,718,0
CPZ.US,5,20211112,165000,20.7,20.7,20.7,20.7,100,0
CPZ.US,5,20211112,170500,20.7,20.7,20.67,20.675,901,0
CPZ.US,5,20211112,171000,20.67,20.67,20.66,20.66,283,0
CPZ.US,5,20211112,171500,20.5983,20.5983,20.5402,20.55,8099,0
CPZ.US,5,20211112,172500,20.6946,20.6946,20.5614,20.5614,983,0
CPZ.US,5,20211112,173500,20.56,20.56,20.56,20.56,486,0
CPZ.US,5,20211112,174500,20.57,20.59,20.57,20.59,600,0
CPZ.US,5,20211112,180000,20.645,20.645,20.645,20.645,236,0
CPZ.US,5,20211112,182500,20.5789,20.5789,20.5789,20.5789,100,0
CPZ.US,5,20211112,183000,20.58,20.58,20.58,20.58,100,0
CPZ.US,5,20211112,184500,20.62,20.62,20.62,20.62,125,0
CPZ.US,5,20211112,185000,20.6355,20.6677,20.6355,20.6677,679,0
CPZ.US,5,20211112,190000,20.56,20.56,20.56,20.56,200,0
CPZ.US,5,20211112,192500,20.66,20.66,20.66,20.66,1250,0
CPZ.US,5,20211112,195000,20.6,20.6,20.6,20.6,380,0
CPZ.US,5,20211112,202500,20.5402,20.5402,20.5,20.5,2004,0
CPZ.US,5,20211112,213000,20.555,20.6,20.537,20.5999,4237,0
CPZ.US,5,20211112,213500,20.59,20.59,20.59,20.59,600,0
CPZ.US,5,20211112,215500,20.59,20.59,20.59,20.59,324,0
CPZ.US,5,20211115,153000,20.67,20.67,20.66,20.66,2464,0
CPZ.US,5,20211115,153500,20.74,20.74,20.69,20.69,1321,0
CPZ.US,5,20211115,154500,20.69,20.69,20.69,20.69,100,0
CPZ.US,5,20211115,161000,20.6505,20.6778,20.6505,20.6778,600,0
CPZ.US,5,20211115,162000,20.6808,20.6808,20.62,20.62,2470,0
CPZ.US,5,20211115,162500,20.645,20.65,20.645,20.645,2620,0
CPZ.US,5,20211115,163000,20.645,20.645,20.645,20.645,505,0
CPZ.US,5,20211115,163500,20.645,20.68,20.645,20.655,1786,0
CPZ.US,5,20211115,172500,20.645,20.645,20.645,20.645,400,0
CPZ.US,5,20211115,174000,20.6,20.6,20.56,20.57,2430,0
CPZ.US,5,20211115,174500,20.643,20.643,20.643,20.643,1200,0
CPZ.US,5,20211115,175000,20.58,20.58,20.58,20.58,1229,0
CPZ.US,5,20211115,175500,20.57,20.57,20.57,20.57,100,0
CPZ.US,5,20211115,180500,20.6288,20.6288,20.561,20.57,3400,0
CPZ.US,5,20211115,181000,20.6299,20.6299,20.6299,20.6299,5000,0
CPZ.US,5,20211115,182000,20.57,20.57,20.57,20.57,200,0
CPZ.US,5,20211115,182500,20.57,20.58,20.57,20.575,1880,0
CPZ.US,5,20211115,184500,20.575,20.575,20.575,20.575,4750,0
CPZ.US,5,20211115,185500,20.6289,20.6289,20.52,20.575,1057,0
CPZ.US,5,20211115,190000,20.63,20.63,20.63,20.63,400,0
CPZ.US,5,20211115,191000,20.575,20.575,20.575,20.575,800,0
CPZ.US,5,20211115,192500,20.5201,20.5201,20.5201,20.5201,2100,0
CPZ.US,5,20211115,193000,20.58,20.59,20.58,20.59,600,0
CPZ.US,5,20211115,195500,20.6084,20.6084,20.6084,20.6084,1030,0
CPZ.US,5,20211115,200500,20.53,20.53,20.53,20.53,200,0
CPZ.US,5,20211115,201000,20.5441,20.5441,20.5441,20.5441,424,0
CPZ.US,5,20211115,201500,20.58,20.58,20.58,20.58,200,0
CPZ.US,5,20211115,202000,20.6,20.629,20.6,20.629,1000,0
CPZ.US,5,20211115,203000,20.58,20.58,20.58,20.58,250,0
CPZ.US,5,20211115,203500,20.6014,20.65,20.59,20.605,1500,0
CPZ.US,5,20211115,210500,20.531,20.531,20.531,20.531,948,0
CPZ.US,5,20211115,211000,20.59,20.6015,20.59,20.6015,268,0
CPZ.US,5,20211115,211500,20.59,20.59,20.59,20.59,600,0
CPZ.US,5,20211115,212000,20.595,20.595,20.585,20.585,1200,0
CPZ.US,5,20211115,213000,20.6047,20.6047,20.6047,20.6047,190,0
CPZ.US,5,20211115,213500,20.6,20.62,20.6,20.62,840,0
CPZ.US,5,20211115,214000,20.59,20.59,20.59,20.59,484,0
CPZ.US,5,20211115,215000,20.6,20.6,20.57,20.57,1507,0
CPZ.US,5,20211115,215500,20.6299,20.6299,20.59,20.62,1955,0
CPZ.US,5,20211116,153000,20.64,20.64,20.64,20.64,558,0
CPZ.US,5,20211116,155000,20.65,20.7392,20.54,20.56,6375,0
CPZ.US,5,20211116,155500,20.56,20.56,20.56,20.56,100,0
CPZ.US,5,20211116,160000,20.54,20.54,20.54,20.54,200,0
CPZ.US,5,20211116,160500,20.585,20.585,20.55,20.55,350,0
CPZ.US,5,20211116,161000,20.53,20.53,20.51,20.51,1900,0
CPZ.US,5,20211116,161500,20.51,20.56,20.51,20.56,2100,0
CPZ.US,5,20211116,162000,20.51,20.55,20.51,20.55,200,0
CPZ.US,5,20211116,162500,20.53,20.54,20.53,20.54,350,0
CPZ.US,5,20211116,163000,20.53,20.53,20.53,20.53,100,0
CPZ.US,5,20211116,163500,20.53,20.53,20.53,20.53,2175,0
CPZ.US,5,20211116,164000,20.51,20.51,20.51,20.51,100,0
CPZ.US,5,20211116,164500,20.51,20.51,20.51,20.51,100,0
CPZ.US,5,20211116,165000,20.51,20.6499,20.5,20.6499,900,0
CPZ.US,5,20211116,170000,20.52,20.52,20.52,20.52,200,0
CPZ.US,5,20211116,170500,20.54,20.54,20.5398,20.5398,1277,0
CPZ.US,5,20211116,171500,20.52,20.53,20.52,20.53,300,0
CPZ.US,5,20211116,172500,20.52,20.52,20.52,20.52,100,0
CPZ.US,5,20211116,173000,20.51,20.52,20.51,20.52,300,0
CPZ.US,5,20211116,174500,20.53,20.53,20.5,20.5,1100,0
CPZ.US,5,20211116,175000,20.52,20.52,20.5127,20.5127,400,0
CPZ.US,5,20211116,175500,20.51,20.51,20.51,20.51,100,0
CPZ.US,5,20211116,180000,20.51,20.51,20.51,20.51,100,0
CPZ.US,5,20211116,180500,20.52,20.52,20.52,20.52,300,0
CPZ.US,5,20211116,181500,20.57,20.57,20.5694,20.5694,1000,0
CPZ.US,5,20211116,182000,20.56,20.56,20.56,20.56,600,0
CPZ.US,5,20211116,182500,20.55,20.55,20.55,20.55,100,0
CPZ.US,5,20211116,184000,20.55,20.56,20.55,20.56,300,0
CPZ.US,5,20211116,185500,20.55,20.55,20.55,20.55,100,0
CPZ.US,5,20211116,190000,20.55,20.55,20.55,20.55,300,0
CPZ.US,5,20211116,191000,20.55,20.55,20.55,20.55,300,0
CPZ.US,5,20211116,191500,20.5401,20.5401,20.5401,20.5401,1000,0
CPZ.US,5,20211116,192500,20.57,20.6,20.54,20.6,300,0
CPZ.US,5,20211116,193500,20.55,20.55,20.55,20.55,398,0
CPZ.US,5,20211116,194500,20.565,20.565,20.565,20.565,1000,0
CPZ.US,5,20211116,195000,20.55,20.55,20.54,20.54,1100,0
CPZ.US,5,20211116,200500,20.52,20.52,20.52,20.52,300,0
CPZ.US,5,20211116,201500,20.52,20.52,20.51,20.51,900,0
CPZ.US,5,20211116,202000,20.54,20.54,20.51,20.51,3835,0
CPZ.US,5,20211116,204000,20.52,20.52,20.51,20.51,400,0
CPZ.US,5,20211116,205000,20.52,20.53,20.5198,20.53,1434,0
CPZ.US,5,20211116,205500,20.6,20.6,20.6,20.6,390,0
CPZ.US,5,20211116,210000,20.59,20.5998,20.59,20.5998,2408,0
CPZ.US,5,20211116,210500,20.55,20.55,20.5002,20.51,1352,0
CPZ.US,5,20211116,211000,20.51,20.599,20.51,20.575,589,0
CPZ.US,5,20211116,211500,20.57,20.6,20.5695,20.6,700,0
CPZ.US,5,20211116,212000,20.59,20.59,20.59,20.59,100,0
CPZ.US,5,20211116,212500,20.57,20.59,20.5,20.5473,16375,0
CPZ.US,5,20211116,213000,20.545,20.58,20.545,20.58,580,0
CPZ.US,5,20211116,214000,20.51,20.56,20.51,20.5598,4877,0
CPZ.US,5,20211116,214500,20.5418,20.55,20.525,20.525,512,0
CPZ.US,5,20211116,215000,20.525,20.525,20.5,20.5,400,0
CPZ.US,5,20211116,215500,20.5,20.57,20.5,20.57,1716,0
CPZ.US,5,20211117,153000,20.59,20.59,20.59,20.59,1054,0
CPZ.US,5,20211117,154000,20.6009,20.6009,20.6009,20.6009,1000,0
CPZ.US,5,20211117,155500,20.51,20.51,20.47,20.49,495,0
CPZ.US,5,20211117,160000,20.6898,20.6898,20.6898,20.6898,2000,0
CPZ.US,5,20211117,160500,20.58,20.58,20.58,20.58,400,0
CPZ.US,5,20211117,161000,20.58,20.69,20.55,20.6,4275,0
CPZ.US,5,20211117,161500,20.55,20.55,20.55,20.55,200,0
CPZ.US,5,20211117,163000,20.4803,20.585,20.4803,20.585,324,0
CPZ.US,5,20211117,163500,20.4815,20.6469,20.4815,20.5,1366,0
CPZ.US,5,20211117,164000,20.49,20.49,20.41,20.41,2872,0
CPZ.US,5,20211117,165500,20.555,20.555,20.555,20.555,100,0
CPZ.US,5,20211117,171500,20.48,20.48,20.41,20.41,1110,0
CPZ.US,5,20211117,172000,20.54,20.54,20.54,20.54,100,0
CPZ.US,5,20211117,173000,20.4646,20.4646,20.4646,20.4646,150,0
CPZ.US,5,20211117,173500,20.45,20.45,20.44,20.44,550,0
CPZ.US,5,20211117,174500,20.45,20.45,20.45,20.45,500,0
CPZ.US,5,20211117,175000,20.53,20.54,20.53,20.54,1385,0
CPZ.US,5,20211117,175500,20.54,20.54,20.4501,20.4501,550,0
CPZ.US,5,20211117,180000,20.44,20.495,20.44,20.48,1350,0
CPZ.US,5,20211117,181000,20.468,20.48,20.468,20.48,954,0
CPZ.US,5,20211117,181500,20.42,20.4473,20.41,20.4473,500,0
CPZ.US,5,20211117,182000,20.4,20.4,20.38,20.38,1040,0
CPZ.US,5,20211117,183000,20.45,20.45,20.45,20.45,150,0
CPZ.US,5,20211117,184000,20.4,20.425,20.4,20.4001,3897,0
CPZ.US,5,20211117,185500,20.4,20.4,20.4,20.4,500,0
CPZ.US,5,20211117,190000,20.35,20.35,20.35,20.35,150,0
CPZ.US,5,20211117,190500,20.3047,20.3047,20.3047,20.3047,400,0
CPZ.US,5,20211117,191500,20.4,20.4,20.4,20.4,997,0
CPZ.US,5,20211117,192000,20.39,20.39,20.355,20.355,500,0
CPZ.US,5,20211117,192500,20.3257,20.3991,20.32,20.3991,3300,0
CPZ.US,5,20211117,193000,20.355,20.39,20.355,20.39,250,0
CPZ.US,5,20211117,194000,20.4,20.4,20.4,20.4,900,0
CPZ.US,5,20211117,194500,20.3816,20.42,20.3816,20.42,1355,0
CPZ.US,5,20211117,195500,20.46,20.46,20.46,20.46,100,0
CPZ.US,5,20211117,200000,20.46,20.46,20.3893,20.3893,250,0
CPZ.US,5,20211117,200500,20.47,20.47,20.47,20.47,830,0
CPZ.US,5,20211117,202000,20.4586,20.4586,20.4586,20.4586,2443,0
CPZ.US,5,20211117,203000,20.435,20.52,20.435,20.52,3182,0
CPZ.US,5,20211117,203500,20.51,20.52,20.51,20.52,3000,0
CPZ.US,5,20211117,204000,20.51,20.51,20.51,20.51,500,0
CPZ.US,5,20211117,204500,20.5119,20.5119,20.479,20.51,1630,0
CPZ.US,5,20211117,210000,20.5354,20.5354,20.5354,20.5354,150,0
CPZ.US,5,20211117,210500,20.49,20.49,20.47,20.47,1413,0
CPZ.US,5,20211117,211500,20.45,20.45,20.43,20.43,324,0
CPZ.US,5,20211117,212000,20.39,20.395,20.3,20.38,2546,0
CPZ.US,5,20211117,213000,20.4298,20.4298,20.4298,20.4298,150,0
CPZ.US,5,20211117,213500,20.55,20.55,20.485,20.485,2235,0
CPZ.US,5,20211117,214000,20.515,20.5493,20.515,20.5493,1700,0
CPZ.US,5,20211117,214500,20.515,20.515,20.445,20.48,1048,0
CPZ.US,5,20211117,215000,20.4331,20.4604,20.4331,20.4604,1294,0
CPZ.US,5,20211117,215500,20.44,20.45,20.44,20.45,575,0
CPZ.US,5,20211118,153000,20.56,20.56,20.56,20.56,3302,0
CPZ.US,5,20211118,153500,20.48,20.48,20.445,20.48,2840,0
CPZ.US,5,20211118,154500,20.445,20.445,20.41,20.41,1078,0
CPZ.US,5,20211118,160500,20.41,20.4155,20.41,20.4155,735,0
CPZ.US,5,20211118,161500,20.41,20.41,20.31,20.3971,2273,0
CPZ.US,5,20211118,162500,20.3,20.31,20.3,20.31,1100,0
CPZ.US,5,20211118,163000,20.274,20.274,20.274,20.274,200,0
CPZ.US,5,20211118,163500,20.2748,20.2748,20.2748,20.2748,243,0
CPZ.US,5,20211118,164000,20.29,20.3,20.29,20.298,3506,0
CPZ.US,5,20211118,164500,20.29,20.3,20.29,20.3,200,0
CPZ.US,5,20211118,170500,20.2981,20.2981,20.2981,20.2981,394,0
CPZ.US,5,20211118,171000,20.3,20.3,20.2999,20.2999,695,0
CPZ.US,5,20211118,171500,20.335,20.335,20.335,20.335,170,0
CPZ.US,5,20211118,172000,20.335,20.335,20.335,20.335,250,0
CPZ.US,5,20211118,174500,20.29,20.29,20.29,20.29,150,0
CPZ.US,5,20211118,180000,20.325,20.325,20.305,20.325,800,0
CPZ.US,5,20211118,180500,20.3395,20.3395,20.325,20.325,600,0
CPZ.US,5,20211118,184000,20.2947,20.2947,20.2947,20.2947,1000,0
CPZ.US,5,20211118,184500,20.3,20.3,20.2503,20.26,2744,0
CPZ.US,5,20211118,190000,20.3391,20.3391,20.3391,20.3391,500,0
CPZ.US,5,20211118,191500,20.3194,20.34,20.295,20.295,1435,0
CPZ.US,5,20211118,192000,20.295,20.295,20.26,20.27,500,0
CPZ.US,5,20211118,193000,20.26,20.26,20.16,20.16,9945,0
CPZ.US,5,20211118,193500,20.2371,20.2371,20.1583,20.1583,689,0
CPZ.US,5,20211118,194500,20.35,20.35,20.35,20.35,950,0
CPZ.US,5,20211118,195500,20.2,20.2,20.2,20.2,100,0
CPZ.US,5,20211118,201500,20.32,20.32,20.3,20.3,1641,0
CPZ.US,5,20211118,204000,20.29,20.29,20.29,20.29,200,0
CPZ.US,5,20211118,204500,20.273,20.2991,20.273,20.273,2350,0
CPZ.US,5,20211118,205000,20.2981,20.2981,20.2981,20.2981,1000,0
CPZ.US,5,20211118,210500,20.2076,20.2999,20.2076,20.2999,1975,0
CPZ.US,5,20211118,211000,20.2585,20.2585,20.2585,20.2585,100,0
CPZ.US,5,20211118,213000,20.28,20.28,20.28,20.28,1500,0
CPZ.US,5,20211118,213500,20.2605,20.2605,20.2605,20.2605,1000,0
CPZ.US,5,20211118,214000,20.28,20.28,20.26,20.26,1414,0
CPZ.US,5,20211118,214500,20.23,20.23,20.23,20.23,349,0
CPZ.US,5,20211118,215000,20.26,20.26,20.26,20.26,100,0
CPZ.US,5,20211118,215500,20.26,20.3,20.25,20.25,4808,0
CPZ.US,5,20211119,153000,20.33,20.59,20.1761,20.337,5001,0
CPZ.US,5,20211119,154000,20.24,20.24,20.2269,20.2397,7647,0
CPZ.US,5,20211119,155000,20.2385,20.2385,20.2385,20.2385,600,0
CPZ.US,5,20211119,155500,20.24,20.24,20.24,20.24,722,0
CPZ.US,5,20211119,160000,20.24,20.24,20.1978,20.1978,3965,0
CPZ.US,5,20211119,160500,20.1984,20.1984,20.195,20.195,1000,0
CPZ.US,5,20211119,161000,20.154,20.154,20.154,20.154,1000,0
CPZ.US,5,20211119,161500,20.2,20.23,20.2,20.23,300,0
CPZ.US,5,20211119,162000,20.23,20.23,20.23,20.23,100,0
CPZ.US,5,20211119,163000,20.195,20.195,20.15,20.15,817,0
CPZ.US,5,20211119,164500,20.1001,20.2102,20.1001,20.1001,1961,0
CPZ.US,5,20211119,165500,20.223,20.223,20.223,20.223,275,0
CPZ.US,5,20211119,173500,20.198,20.198,20.198,20.198,623,0
CPZ.US,5,20211119,175500,20.2092,20.2092,20.2092,20.2092,1000,0
CPZ.US,5,20211119,180500,20.2,20.2,20.2,20.2,1265,0
CPZ.US,5,20211119,181000,20.22,20.22,20.2,20.2,1999,0
CPZ.US,5,20211119,182000,20.2342,20.2342,20.2342,20.2342,245,0
CPZ.US,5,20211119,182500,20.22,20.22,20.22,20.22,140,0
CPZ.US,5,20211119,191000,20.21,20.21,20.2,20.2,548,0
CPZ.US,5,20211119,191500,20.2,20.205,20.2,20.205,1093,0
CPZ.US,5,20211119,195500,20.1836,20.1836,20.1836,20.1836,100,0
CPZ.US,5,20211119,200000,20.2,20.2,20.2,20.2,465,0
CPZ.US,5,20211119,202000,20.2,20.2,20.2,20.2,1000,0
CPZ.US,5,20211119,202500,20.15,20.15,20.15,20.15,395,0
CPZ.US,5,20211119,203000,20.155,20.155,20.11,20.15,1900,0
CPZ.US,5,20211119,205500,20.155,20.155,20.155,20.155,1000,0
CPZ.US,5,20211119,210000,20.1972,20.1972,20.1972,20.1972,500,0
CPZ.US,5,20211119,211500,20.19,20.19,20.19,20.19,400,0
CPZ.US,5,20211119,212000,20.1875,20.1875,20.1875,20.1875,1000,0
CPZ.US,5,20211119,213000,20.2,20.2,20.2,20.2,300,0
CPZ.US,5,20211119,214000,20.165,20.165,20.165,20.165,300,0
CPZ.US,5,20211119,215500,20.2,20.26,20.2,20.26,2885,0
CPZ.US,5,20211122,153000,20.27,20.27,20.27,20.27,2057,0
CPZ.US,5,20211122,153500,20.15,20.15,20.15,20.15,100,0
CPZ.US,5,20211122,154500,20.3199,20.3199,20.3199,20.3199,100,0
CPZ.US,5,20211122,155000,20.21,20.21,20.21,20.21,245,0
CPZ.US,5,20211122,160000,20.3199,20.3199,20.3199,20.3199,249,0
CPZ.US,5,20211122,160500,20.3,20.3,20.235,20.235,590,0
CPZ.US,5,20211122,161000,20.3352,20.35,20.3352,20.35,450,0
CPZ.US,5,20211122,162000,20.3,20.3,20.3,20.3,762,0
CPZ.US,5,20211122,162500,20.29,20.3,20.29,20.3,400,0
CPZ.US,5,20211122,163000,20.3,20.3,20.3,20.3,638,0
CPZ.US,5,20211122,164000,20.35,20.37,20.34,20.37,1640,0
CPZ.US,5,20211122,164500,20.37,20.37,20.37,20.37,100,0
CPZ.US,5,20211122,165000,20.3002,20.3002,20.3002,20.3002,200,0
CPZ.US,5,20211122,170500,20.265,20.36,20.265,20.36,240,0
CPZ.US,5,20211122,171000,20.3513,20.3513,20.1648,20.1648,507,0
CPZ.US,5,20211122,171500,20.25,20.25,20.25,20.25,100,0
CPZ.US,5,20211122,173000,20.347,20.48,20.347,20.48,4020,0
CPZ.US,5,20211122,173500,20.315,20.48,20.315,20.47,1807,0
CPZ.US,5,20211122,175500,20.34,20.34,20.27,20.34,3987,0
CPZ.US,5,20211122,180500,20.34,20.34,20.1601,20.34,1223,0
CPZ.US,5,20211122,181000,20.3044,20.3196,20.3044,20.3196,207,0
CPZ.US,5,20211122,181500,20.34,20.34,20.34,20.34,800,0
CPZ.US,5,20211122,182000,20.34,20.34,20.34,20.34,424,0
CPZ.US,5,20211122,182500,20.34,20.34,20.34,20.34,100,0
CPZ.US,5,20211122,184000,20.34,20.34,20.34,20.34,404,0
CPZ.US,5,20211122,184500,20.33,20.33,20.33,20.33,3351,0
CPZ.US,5,20211122,190000,20.3799,20.3799,20.3799,20.3799,133,0
CPZ.US,5,20211122,191000,20.31,20.31,20.31,20.31,200,0
CPZ.US,5,20211122,192000,20.2,20.2,20.16,20.16,425,0
CPZ.US,5,20211122,193000,20.3665,20.3665,20.3665,20.3665,200,0
CPZ.US,5,20211122,195000,20.38,20.38,20.38,20.38,1000,0
CPZ.US,5,20211122,195500,20.3645,20.3645,20.3645,20.3645,100,0
CPZ.US,5,20211122,200000,20.2001,20.2001,20.2001,20.2001,1352,0
CPZ.US,5,20211122,200500,20.22,20.22,20.2,20.2,3368,0
CPZ.US,5,20211122,201000,20.2,20.2,20.16,20.16,2820,0
CPZ.US,5,20211122,201500,20.1523,20.1523,20.15,20.15,5100,0
CPZ.US,5,20211122,202000,20.25,20.25,20.25,20.25,100,0
CPZ.US,5,20211122,203000,20.3057,20.3057,20.3057,20.3057,100,0
CPZ.US,5,20211122,204000,20.21,20.25,20.16,20.24,4642,0
CPZ.US,5,20211122,204500,20.25,20.25,20.24,20.24,600,0
CPZ.US,5,20211122,205000,20.17,20.17,20.1082,20.16,4692,0
CPZ.US,5,20211122,205500,20.2,20.2,20.2,20.2,100,0
CPZ.US,5,20211122,210000,20.11,20.111,20.02,20.02,2450,0
CPZ.US,5,20211122,210500,20.1858,20.1858,20.1858,20.1858,200,0
CPZ.US,5,20211122,211500,20.105,20.105,20.1,20.1,2100,0
CPZ.US,5,20211122,212000,20.1933,20.1933,20.1933,20.1933,1000,0
CPZ.US,5,20211122,212500,20.06,20.108,20,20.07,2100,0
CPZ.US,5,20211122,213000,20.09,20.09,20.09,20.09,500,0
CPZ.US,5,20211122,213500,20.0974,20.18,20.0974,20.12,1200,0
CPZ.US,5,20211122,214000,20.15,20.15,20.15,20.15,100,0
CPZ.US,5,20211122,215000,20.2,20.2,20.1735,20.1998,3410,0
CPZ.US,5,20211122,215500,20.175,20.19,20.12,20.12,2400,0
CPZ.US,5,20211123,153000,20.11,20.11,20.11,20.11,1818,0
CPZ.US,5,20211123,153500,20.06,20.06,20.06,20.06,200,0
CPZ.US,5,20211123,154000,20.1188,20.1188,20.1188,20.1188,170,0
CPZ.US,5,20211123,155500,20.1046,20.1046,20.1046,20.1046,500,0
CPZ.US,5,20211123,161000,20.12,20.13,20.11,20.13,400,0
CPZ.US,5,20211123,161500,20.13,20.13,20.11,20.11,300,0
CPZ.US,5,20211123,162500,20.11,20.11,20.11,20.11,100,0
CPZ.US,5,20211123,164000,20.13,20.13,20.13,20.13,744,0
CPZ.US,5,20211123,164500,20.1239,20.1239,20.1239,20.1239,439,0
CPZ.US,5,20211123,170000,20.12,20.13,20.12,20.13,735,0
CPZ.US,5,20211123,170500,20.0709,20.13,20.0709,20.1289,1800,0
CPZ.US,5,20211123,171000,20.07,20.09,20.07,20.07,5100,0
CPZ.US,5,20211123,171500,20.07,20.07,20.07,20.07,700,0
CPZ.US,5,20211123,172500,20.07,20.07,20.07,20.07,700,0
CPZ.US,5,20211123,173000,20.07,20.07,20.07,20.07,700,0
CPZ.US,5,20211123,173500,20.0696,20.0696,20.0696,20.0696,715,0
CPZ.US,5,20211123,174500,20.07,20.07,20.07,20.07,400,0
CPZ.US,5,20211123,175000,20.0666,20.0666,20.0666,20.0666,250,0
CPZ.US,5,20211123,182500,20.07,20.07,20.04,20.04,3001,0
CPZ.US,5,20211123,185000,20.06,20.07,20.06,20.07,400,0
CPZ.US,5,20211123,185500,20.07,20.07,20.0601,20.07,1490,0
CPZ.US,5,20211123,190000,20.07,20.07,20.07,20.07,100,0
CPZ.US,5,20211123,192000,20.06,20.07,20,20.07,2580,0
CPZ.US,5,20211123,193500,20.0101,20.0101,20.0101,20.0101,1000,0
CPZ.US,5,20211123,194500,20.04,20.07,20.0131,20.07,1511,0
CPZ.US,5,20211123,195500,20.01,20.07,20.01,20.07,1300,0
CPZ.US,5,20211123,200000,20.01,20.07,20.01,20.07,1400,0
CPZ.US,5,20211123,201500,20.02,20.02,19.9956,19.9956,1587,0
CPZ.US,5,20211123,204000,19.975,19.975,19.975,19.975,942,0
CPZ.US,5,20211123,205500,19.975,19.975,19.9,19.95,7389,0
CPZ.US,5,20211123,210500,19.935,19.95,19.91,19.91,6429,0
CPZ.US,5,20211123,211000,19.91,20,19.91,19.9538,4544,0
CPZ.US,5,20211123,211500,19.99,20,19.99,19.9998,2500,0
CPZ.US,5,20211123,212000,19.9999,19.9999,19.9999,19.9999,1000,0
CPZ.US,5,20211123,213000,19.99,20,19.99,20,2700,0
CPZ.US,5,20211123,213500,20,20,20,20,1000,0
CPZ.US,5,20211123,214000,20,20,19.96,20,1800,0
CPZ.US,5,20211123,214500,20,20.1,20,20.1,600,0
CPZ.US,5,20211123,215000,20.1,20.1,20.1,20.1,1200,0
CPZ.US,5,20211123,215500,20.1,20.1,20.02,20.1,1832,0
CPZ.US,5,20211124,153000,20.14,20.14,19.9896,19.9896,1661,0
CPZ.US,5,20211124,153500,20.47,20.47,20.01,20.01,922,0
CPZ.US,5,20211124,154000,19.9738,19.9738,19.9738,19.9738,400,0
CPZ.US,5,20211124,155000,20,20,20,20,100,0
CPZ.US,5,20211124,160500,20,20,20,20,376,0
CPZ.US,5,20211124,161000,19.98,20,19.8205,20,10796,0
CPZ.US,5,20211124,162500,19.905,19.925,19.905,19.925,1100,0
CPZ.US,5,20211124,163500,19.868,19.868,19.868,19.868,700,0
CPZ.US,5,20211124,164000,19.925,19.925,19.925,19.925,245,0
CPZ.US,5,20211124,172000,19.9918,19.9918,19.9918,19.9918,500,0
CPZ.US,5,20211124,172500,19.9826,19.9826,19.9826,19.9826,2475,0
CPZ.US,5,20211124,173000,19.955,19.9736,19.955,19.9736,1170,0
CPZ.US,5,20211124,173500,19.9918,19.9918,19.92,19.92,800,0
CPZ.US,5,20211124,174000,19.9771,19.9771,19.9771,19.9771,500,0
CPZ.US,5,20211124,174500,19.9751,19.9751,19.9751,19.9751,500,0
CPZ.US,5,20211124,175000,19.955,19.99,19.955,19.99,300,0
CPZ.US,5,20211124,175500,19.9645,19.967,19.9645,19.967,1553,0
CPZ.US,5,20211124,180500,19.993,19.997,19.993,19.997,400,0
CPZ.US,5,20211124,183000,20,20,20,20,100,0
CPZ.US,5,20211124,184500,19.99,20.01,19.99,20.01,1202,0
CPZ.US,5,20211124,194000,20,20,20,20,400,0
CPZ.US,5,20211124,194500,20.03,20.05,20.03,20.05,300,0
CPZ.US,5,20211124,195000,20.03,20.03,20.03,20.03,200,0
CPZ.US,5,20211124,201000,20.055,20.055,20.05,20.05,275,0
CPZ.US,5,20211124,202000,20.0362,20.0362,20.0362,20.0362,714,0
CPZ.US,5,20211124,202500,20,20,20,20,556,0
CPZ.US,5,20211124,203500,20.058,20.058,20.058,20.058,250,0
CPZ.US,5,20211124,204000,20.06,20.07,20.06,20.07,200,0
CPZ.US,5,20211124,204500,20.065,20.065,20.065,20.065,200,0
CPZ.US,5,20211124,205000,20.08,20.08,20.08,20.08,193,0
CPZ.US,5,20211124,205500,20.031,20.031,20.031,20.031,100,0
CPZ.US,5,20211124,211500,20.08,20.09,20.08,20.09,200,0
CPZ.US,5,20211124,212000,20.09,20.09,20.09,20.09,250,0
CPZ.US,5,20211124,213500,20.1,20.1,20.1,20.1,600,0
CPZ.US,5,20211124,214000,20.08,20.11,20.08,20.11,200,0
CPZ.US,5,20211124,215000,20.06,20.085,20.05,20.06,900,0
CPZ.US,5,20211124,215500,20.09,20.32,20.09,20.32,2205,0
CPZ.US,5,20211126,153000,20.05,20.05,20.05,20.05,3477,0
CPZ.US,5,20211126,153500,19.99,19.99,19.99,19.99,400,0
CPZ.US,5,20211126,154000,19.99,19.99,19.93,19.93,400,0
CPZ.US,5,20211126,160000,19.99,19.99,19.95,19.95,1021,0
CPZ.US,5,20211126,162000,19.95,19.95,19.91,19.91,1000,0
CPZ.US,5,20211126,163500,19.9299,19.9299,19.9299,19.9299,1000,0
CPZ.US,5,20211126,164000,19.9185,19.9185,19.9185,19.9185,950,0
CPZ.US,5,20211126,165000,19.9002,19.9002,19.9,19.9001,1456,0
CPZ.US,5,20211126,170500,19.89,19.89,19.85,19.89,3241,0
CPZ.US,5,20211126,171000,19.86,19.86,19.85,19.85,1100,0
CPZ.US,5,20211126,171500,19.8674,19.8674,19.8674,19.8674,950,0
CPZ.US,5,20211126,172000,19.91,19.91,19.91,19.91,150,0
CPZ.US,5,20211126,173500,19.8501,19.8501,19.8501,19.8501,1300,0
CPZ.US,5,20211126,174000,19.86,19.86,19.86,19.86,1000,0
CPZ.US,5,20211126,180500,19.92,19.92,19.92,19.92,300,0
CPZ.US,5,20211126,181000,19.92,19.92,19.86,19.89,4700,0
CPZ.US,5,20211126,182500,19.8974,19.8974,19.8974,19.8974,300,0
CPZ.US,5,20211126,183500,19.9,19.9,19.9,19.9,400,0
CPZ.US,5,20211126,184000,19.94,19.94,19.94,19.94,560,0
CPZ.US,5,20211126,185000,19.935,19.94,19.935,19.9376,800,0
CPZ.US,5,20211126,185500,19.87,19.9199,19.86,19.895,1247,0
CPZ.US,5,20211129,153000,20.02,20.0556,20.02,20.0556,1700,0
CPZ.US,5,20211129,154000,20.09,20.09,20.09,20.09,1000,0
CPZ.US,5,20211129,154500,20.0737,20.0796,20.0696,20.0696,3259,0
CPZ.US,5,20211129,155500,20,20,20,20,600,0
CPZ.US,5,20211129,160000,19.99,19.99,19.99,19.99,100,0
CPZ.US,5,20211129,161000,19.998,19.998,19.998,19.998,1000,0
CPZ.US,5,20211129,161500,19.9999,19.9999,19.9999,19.9999,1935,0
CPZ.US,5,20211129,162500,19.9804,19.9999,19.9804,19.9999,350,0
CPZ.US,5,20211129,164000,19.969,19.969,19.969,19.969,150,0
CPZ.US,5,20211129,165000,19.975,19.975,19.95,19.95,1696,0
CPZ.US,5,20211129,171000,19.9873,19.9873,19.9873,19.9873,100,0
CPZ.US,5,20211129,173000,19.9799,19.9799,19.9799,19.9799,235,0
CPZ.US,5,20211129,175500,19.8266,19.9653,19.8266,19.9653,1618,0
CPZ.US,5,20211129,180000,19.82,19.82,19.82,19.82,2634,0
CPZ.US,5,20211129,181500,19.915,19.915,19.915,19.915,100,0
CPZ.US,5,20211129,182000,19.9706,19.9706,19.9706,19.9706,200,0
CPZ.US,5,20211129,182500,19.9666,19.9666,19.9666,19.9666,7500,0
CPZ.US,5,20211129,183000,19.92,19.92,19.92,19.92,1497,0
CPZ.US,5,20211129,185000,19.925,19.935,19.92,19.92,400,0
CPZ.US,5,20211129,185500,19.95,19.95,19.95,19.95,900,0
CPZ.US,5,20211129,192000,19.9463,19.9463,19.9463,19.9463,365,0
CPZ.US,5,20211129,195000,19.92,19.92,19.92,19.92,200,0
CPZ.US,5,20211129,202500,19.93,19.93,19.86,19.916,1400,0
CPZ.US,5,20211129,204000,19.935,19.935,19.935,19.935,200,0
CPZ.US,5,20211129,205500,19.95,19.95,19.95,19.95,500,0
CPZ.US,5,20211129,210000,19.95,19.98,19.95,19.98,1050,0
CPZ.US,5,20211129,210500,20,20,19.98,19.98,1000,0
CPZ.US,5,20211129,211500,20.02,20.02,20.02,20.02,300,0
CPZ.US,5,20211129,212000,20.055,20.055,20.055,20.055,100,0
CPZ.US,5,20211129,212500,20.055,20.055,20.055,20.055,200,0
CPZ.US,5,20211129,213000,20.07,20.07,19.96,19.96,11905,0
CPZ.US,5,20211129,213500,20.035,20.04,19.91,19.92,1620,0
CPZ.US,5,20211129,214000,19.975,19.975,19.91,19.91,1600,0
CPZ.US,5,20211129,214500,19.96,19.96,19.96,19.96,200,0
CPZ.US,5,20211129,215000,19.935,19.935,19.87,19.88,2041,0
CPZ.US,5,20211129,215500,19.8815,19.9,19.86,19.86,2395,0
CPZ.US,5,20211130,153000,19.86,19.86,19.86,19.86,923,0
CPZ.US,5,20211130,153500,19.84,19.88,19.8,19.8002,5524,0
CPZ.US,5,20211130,154000,19.81,19.81,19.7,19.7,6010,0
CPZ.US,5,20211130,154500,19.664,19.664,19.45,19.45,16102,0
CPZ.US,5,20211130,155500,19.71,19.71,19.71,19.71,800,0
CPZ.US,5,20211130,161500,19.65,19.72,19.55,19.72,1552,0
CPZ.US,5,20211130,162500,19.71,19.71,19.55,19.55,600,0
CPZ.US,5,20211130,163500,19.55,19.7,19.5001,19.55,1600,0
CPZ.US,5,20211130,164000,19.7,19.7,19.55,19.55,300,0
CPZ.US,5,20211130,164500,19.55,19.55,19.49,19.52,2674,0
CPZ.US,5,20211130,165000,19.48,19.48,19.4,19.425,2748,0
CPZ.US,5,20211130,165500,19.45,19.45,19.45,19.45,200,0
CPZ.US,5,20211130,170000,19.45,19.45,19.4,19.4,924,0
CPZ.US,5,20211130,170500,19.39,19.4199,19.39,19.39,400,0
CPZ.US,5,20211130,171000,19.39,19.39,19.39,19.39,200,0
CPZ.US,5,20211130,171500,19.39,19.42,19.39,19.42,2850,0
CPZ.US,5,20211130,172000,19.41,19.41,19.41,19.41,100,0
CPZ.US,5,20211130,172500,19.37,19.4,19.36,19.4,1077,0
CPZ.US,5,20211130,173000,19.4,19.41,19.38,19.38,1100,0
CPZ.US,5,20211130,173500,19.3947,19.41,19.3894,19.4,5010,0
CPZ.US,5,20211130,174000,19.3535,19.3535,19.3014,19.3014,2066,0
CPZ.US,5,20211130,174500,19.32,19.32,19.3,19.3,650,0
CPZ.US,5,20211130,175000,19.3,19.33,19.3,19.33,1970,0
CPZ.US,5,20211130,175500,19.25,19.25,19.1,19.13,1303,0
CPZ.US,5,20211130,180000,19.13,19.16,19.13,19.16,874,0
CPZ.US,5,20211130,181000,19.22,19.24,19.22,19.24,300,0
CPZ.US,5,20211130,182500,19.31,19.3357,19.31,19.3357,737,0
CPZ.US,5,20211130,183000,19.33,19.33,19.2812,19.2812,350,0
CPZ.US,5,20211130,183500,19.21,19.21,19.2,19.2,1985,0
CPZ.US,5,20211130,190000,19.31,19.31,19.31,19.31,500,0
CPZ.US,5,20211130,190500,19.26,19.26,19.22,19.22,800,0
CPZ.US,5,20211130,191500,19.2101,19.29,19.2101,19.275,2517,0
CPZ.US,5,20211130,192000,19.2101,19.2101,19.2101,19.2101,500,0
CPZ.US,5,20211130,193000,19.255,19.255,19.165,19.22,2820,0
CPZ.US,5,20211130,193500,19.217,19.22,19.1201,19.1201,2874,0
CPZ.US,5,20211130,194000,19.175,19.175,19.1201,19.1201,947,0
CPZ.US,5,20211130,195000,19.19,19.22,19.19,19.22,700,0
CPZ.US,5,20211130,200000,19.215,19.26,19.215,19.26,1000,0
CPZ.US,5,20211130,200500,19.26,19.26,19.2097,19.2097,1025,0
CPZ.US,5,20211130,201000,19.215,19.26,19.17,19.26,1500,0
CPZ.US,5,20211130,201500,19.2543,19.2543,19.16,19.16,1725,0
CPZ.US,5,20211130,204500,19.18,19.2,19.16,19.18,1632,0
CPZ.US,5,20211130,205000,19.2,19.2,19.12,19.12,1195,0
CPZ.US,5,20211130,210500,19.1523,19.1523,19.12,19.1201,1159,0
CPZ.US,5,20211130,211000,19.11,19.1101,19.11,19.1101,244,0
CPZ.US,5,20211130,211500,19.16,19.16,19.16,19.16,197,0
CPZ.US,5,20211130,212000,19.12,19.145,19.11,19.145,1479,0
CPZ.US,5,20211130,212500,19.2,19.2,19.1,19.1,1120,0
CPZ.US,5,20211130,213000,19.2,19.2,19.14,19.145,700,0
CPZ.US,5,20211130,213500,19.2,19.2,19.2,19.2,255,0
CPZ.US,5,20211130,214000,19.1999,19.1999,19.1999,19.1999,196,0
CPZ.US,5,20211130,215000,19.2,19.2,19.15,19.15,400,0
CPZ.US,5,20211130,215500,19.19,19.24,19.19,19.19,2014,0
CPZ.US,5,20211201,153000,19.25,19.25,19.25,19.25,669,0
CPZ.US,5,20211201,153500,19.62,19.62,19.62,19.62,221,0
CPZ.US,5,20211201,154000,19.446,19.446,19.446,19.446,200,0
CPZ.US,5,20211201,154500,19.2909,19.2909,19.2909,19.2909,151,0
CPZ.US,5,20211201,160000,19.355,19.355,19.355,19.355,214,0
CPZ.US,5,20211201,161000,19.3845,19.3845,19.3845,19.3845,100,0
CPZ.US,5,20211201,161500,19.2903,19.2903,19.2903,19.2903,182,0
CPZ.US,5,20211201,162000,19.39,19.4459,19.39,19.4459,600,0
CPZ.US,5,20211201,162500,19.2823,19.2823,19.2823,19.2823,137,0
CPZ.US,5,20211201,164000,19.3,19.365,19.3,19.3,700,0
CPZ.US,5,20211201,170500,19.3,19.43,19.3,19.43,1250,0
CPZ.US,5,20211201,172500,19.4,19.4,19.4,19.4,405,0
CPZ.US,5,20211201,174500,19.4491,19.4491,19.4491,19.4491,1000,0
CPZ.US,5,20211201,181500,19.4452,19.4452,19.385,19.385,600,0
CPZ.US,5,20211201,182500,19.3572,19.44,19.34,19.44,3300,0
CPZ.US,5,20211201,183000,19.44,19.44,19.44,19.44,100,0
CPZ.US,5,20211201,183500,19.44,19.45,19.44,19.448,2100,0
CPZ.US,5,20211201,184000,19.46,19.46,19.46,19.46,100,0
CPZ.US,5,20211201,192000,19.335,19.335,19.335,19.335,302,0
CPZ.US,5,20211201,192500,19.4599,19.4599,19.4599,19.4599,700,0
CPZ.US,5,20211201,194500,19.4568,19.4568,19.4568,19.4568,400,0
CPZ.US,5,20211201,195000,19.33,19.35,19.32,19.35,1110,0
CPZ.US,5,20211201,200000,19.365,19.365,19.365,19.365,140,0
CPZ.US,5,20211201,201000,19.31,19.31,19.31,19.31,300,0
CPZ.US,5,20211201,201500,19.26,19.26,19.26,19.26,100,0
CPZ.US,5,20211201,202000,19.26,19.26,19.26,19.26,100,0
CPZ.US,5,20211201,203500,19.25,19.25,19.25,19.25,100,0
CPZ.US,5,20211201,204000,19.24,19.26,19.24,19.26,1241,0
CPZ.US,5,20211201,205000,19.23,19.23,19.23,19.23,100,0
CPZ.US,5,20211201,210500,19.2,19.205,19.2,19.205,900,0
CPZ.US,5,20211201,211500,19.15,19.16,19,19,4441,0
CPZ.US,5,20211201,212000,19.01,19.011,19,19,929,0
CPZ.US,5,20211201,212500,19,19,18.355,18.7,27699,0
CPZ.US,5,20211201,213000,18.7,18.81,18.61,18.81,21107,0
CPZ.US,5,20211201,213500,18.84,18.85,18.75,18.75,1150,0
CPZ.US,5,20211201,214000,18.84,18.84,18.79,18.79,800,0
CPZ.US,5,20211201,215000,18.82,18.82,18.78,18.81,1634,0
CPZ.US,5,20211201,215500,18.7952,18.815,18.79,18.81,3218,0
CPZ.US,5,20211202,153000,18.8,18.85,18.75,18.75,2231,0
CPZ.US,5,20211202,153500,18.75,18.75,18.74,18.75,8047,0
CPZ.US,5,20211202,154500,18.92,18.94,18.92,18.94,1800,0
CPZ.US,5,20211202,155000,18.94,18.94,18.9399,18.9399,3411,0
CPZ.US,5,20211202,155500,18.9399,18.94,18.91,18.91,8375,0
CPZ.US,5,20211202,160500,18.9297,18.9297,18.9297,18.9297,1500,0
CPZ.US,5,20211202,161000,19.0599,19.0599,19.0599,19.0599,358,0
CPZ.US,5,20211202,161500,18.9744,18.9744,18.9744,18.9744,314,0
CPZ.US,5,20211202,162000,18.98,18.98,18.98,18.98,100,0
CPZ.US,5,20211202,163000,18.98,18.98,18.95,18.95,355,0
CPZ.US,5,20211202,163500,18.95,18.95,18.92,18.92,2125,0
CPZ.US,5,20211202,164000,18.92,18.92,18.92,18.92,480,0
CPZ.US,5,20211202,165500,18.95,18.95,18.95,18.95,226,0
CPZ.US,5,20211202,170000,19,19,19,19,1000,0
CPZ.US,5,20211202,171500,18.93,18.93,18.93,18.93,500,0
CPZ.US,5,20211202,172000,18.8614,18.8614,18.8614,18.8614,545,0
CPZ.US,5,20211202,173000,18.94,18.94,18.94,18.94,500,0
CPZ.US,5,20211202,174000,18.9777,18.9777,18.9777,18.9777,100,0
CPZ.US,5,20211202,181000,18.966,18.9756,18.966,18.9756,604,0
CPZ.US,5,20211202,182500,18.9841,19,18.9841,18.9973,1887,0
CPZ.US,5,20211202,183500,18.91,18.91,18.91,18.91,2703,0
CPZ.US,5,20211202,184000,18.955,18.955,18.9392,18.94,1942,0
CPZ.US,5,20211202,190000,19.1,19.1,19.1,19.1,500,0
CPZ.US,5,20211202,190500,19.1,19.1,19.06,19.08,800,0
CPZ.US,5,20211202,193500,19.09,19.09,19.09,19.09,100,0
CPZ.US,5,20211202,194000,19.115,19.115,19.075,19.075,231,0
CPZ.US,5,20211202,200000,19.09,19.09,19.09,19.09,868,0
CPZ.US,5,20211202,201000,19.0612,19.0612,19.0612,19.0612,1000,0
CPZ.US,5,20211202,201500,19.1593,19.1593,19.1593,19.1593,104,0
CPZ.US,5,20211202,203500,19.135,19.135,19.135,19.135,328,0
CPZ.US,5,20211202,204000,19.17,19.17,19.17,19.17,300,0
CPZ.US,5,20211202,205500,19.1,19.1637,19.1,19.135,925,0
CPZ.US,5,20211202,210000,19.16,19.17,19.135,19.135,1500,0
CPZ.US,5,20211202,210500,19.135,19.135,19.135,19.135,100,0
CPZ.US,5,20211202,211000,19.1003,19.1003,19.1003,19.1003,1000,0
CPZ.US,5,20211202,211500,19.163,19.163,19.163,19.163,130,0
CPZ.US,5,20211202,212500,19.16,19.17,19.155,19.155,1000,0
CPZ.US,5,20211202,213500,19.17,19.17,19.17,19.17,1200,0
CPZ.US,5,20211202,214500,19.18,19.18,19.18,19.18,350,0
CPZ.US,5,20211202,215000,19.18,19.18,19.18,19.18,100,0
CPZ.US,5,20211202,215500,19.2,19.2,19.2,19.2,258,0
CPZ.US,5,20211203,153000,19.245,19.245,19.245,19.245,131,0
CPZ.US,5,20211203,153500,19.3,19.33,19.29,19.33,3854,0
CPZ.US,5,20211203,154000,19.29,19.3,19.29,19.2965,1591,0
CPZ.US,5,20211203,154500,19.19,19.2,19.19,19.2,2975,0
CPZ.US,5,20211203,155000,19.11,19.11,19.0475,19.0475,2990,0
CPZ.US,5,20211203,155500,19.0002,19.01,19.0002,19.0002,3343,0
CPZ.US,5,20211203,161500,19.09,19.09,19.09,19.09,200,0
CPZ.US,5,20211203,162000,19.05,19.05,19,19,1054,0
CPZ.US,5,20211203,163000,19.09,19.09,19.09,19.09,100,0
CPZ.US,5,20211203,164000,19,19,19,19,1000,0
CPZ.US,5,20211203,164500,19.011,19.011,19.0009,19.0009,1472,0
CPZ.US,5,20211203,165000,19.045,19.09,18.87,19.09,4450,0
CPZ.US,5,20211203,170500,18.91,18.91,18.84,18.9,775,0
CPZ.US,5,20211203,171000,18.9,18.9,18.9,18.9,200,0
CPZ.US,5,20211203,171500,18.84,18.87,18.75,18.7715,6313,0
CPZ.US,5,20211203,172000,18.8377,18.8377,18.68,18.72,7796,0
CPZ.US,5,20211203,172500,18.71,18.745,18.6,18.745,6095,0
CPZ.US,5,20211203,173000,18.62,18.755,18.6,18.755,1264,0
CPZ.US,5,20211203,175000,18.8,18.8,18.8,18.8,200,0
CPZ.US,5,20211203,175500,18.8,18.8012,18.77,18.7711,8120,0
CPZ.US,5,20211203,181000,18.85,18.8848,18.85,18.8848,743,0
CPZ.US,5,20211203,181500,18.85,18.85,18.85,18.85,100,0
CPZ.US,5,20211203,184000,18.8724,18.8724,18.85,18.85,735,0
CPZ.US,5,20211203,184500,18.8582,18.8582,18.85,18.85,1300,0
CPZ.US,5,20211203,190000,18.82,18.82,18.8,18.8,400,0
CPZ.US,5,20211203,192500,18.815,18.8376,18.815,18.8376,700,0
CPZ.US,5,20211203,195500,18.8429,18.8429,18.8429,18.8429,200,0
CPZ.US,5,20211203,200000,18.77,18.7775,18.75,18.7775,3177,0
CPZ.US,5,20211203,200500,18.78,18.7876,18.7799,18.7876,400,0
CPZ.US,5,20211203,201500,18.7893,18.7893,18.7893,18.7893,500,0
CPZ.US,5,20211203,203500,18.72,18.72,18.72,18.72,1000,0
CPZ.US,5,20211203,205000,18.7772,18.7772,18.7772,18.7772,250,0
CPZ.US,5,20211203,210000,18.7439,18.7439,18.7439,18.7439,250,0
CPZ.US,5,20211203,212000,18.7882,18.7882,18.7882,18.7882,267,0
CPZ.US,5,20211203,212500,18.7802,18.7899,18.7802,18.7899,2150,0
CPZ.US,5,20211203,213000,18.785,18.785,18.785,18.785,200,0
CPZ.US,5,20211203,214000,18.785,18.79,18.74,18.79,3602,0
CPZ.US,5,20211203,214500,18.7798,18.78,18.7798,18.78,3130,0
CPZ.US,5,20211203,215000,18.76,18.77,18.76,18.77,200,0
CPZ.US,5,20211203,215500,18.76,18.78,18.72,18.72,7148,0
CPZ.US,5,20211206,153000,18.73,18.79,18.73,18.79,1510,0
CPZ.US,5,20211206,154000,18.815,18.815,18.815,18.815,675,0
CPZ.US,5,20211206,154500,18.815,18.84,18.815,18.84,3410,0
CPZ.US,5,20211206,155000,19,19.105,18.9422,18.9422,729,0
CPZ.US,5,20211206,160000,19.05,19.05,19.03,19.03,300,0
CPZ.US,5,20211206,161000,18.79,19.15,18.79,19.15,1200,0
CPZ.US,5,20211206,162500,19.005,19.005,19.005,19.005,500,0
CPZ.US,5,20211206,163000,19.005,19.12,19.005,19.12,1900,0
CPZ.US,5,20211206,163500,19.12,19.12,19.12,19.12,100,0
CPZ.US,5,20211206,170500,19.17,19.17,19.17,19.17,100,0
CPZ.US,5,20211206,172500,19.15,19.15,19.15,19.15,3000,0
CPZ.US,5,20211206,173500,19.03,19.03,19.03,19.03,100,0
CPZ.US,5,20211206,174000,18.9332,18.99,18.9332,18.99,349,0
CPZ.US,5,20211206,181500,19.08,19.08,19.08,19.08,300,0
CPZ.US,5,20211206,183500,18.9935,18.9935,18.9935,18.9935,1784,0
CPZ.US,5,20211206,184500,18.985,18.985,18.985,18.985,300,0
CPZ.US,5,20211206,193500,18.985,18.985,18.985,18.985,175,0
CPZ.US,5,20211206,194000,19.0339,19.0339,19.0339,19.0339,100,0
CPZ.US,5,20211206,195500,19.0371,19.0371,19.0371,19.0371,250,0
CPZ.US,5,20211206,201000,19.005,19.05,18.9615,19.05,907,0
CPZ.US,5,20211206,201500,18.9903,18.9903,18.9701,18.9701,243,0
CPZ.US,5,20211206,202500,19.05,19.05,19.05,19.05,400,0
CPZ.US,5,20211206,203000,18.99,19.05,18.99,19.0497,1338,0
CPZ.US,5,20211206,203500,19.02,19.02,18.96,18.96,754,0
CPZ.US,5,20211206,204000,19.0685,19.0685,19.0685,19.0685,275,0
CPZ.US,5,20211206,205500,19.14,19.14,19.14,19.14,337,0
CPZ.US,5,20211206,210500,19.0727,19.0727,19.0727,19.0727,300,0
CPZ.US,5,20211206,212000,19,19,19,19,100,0
CPZ.US,5,20211206,212500,18.99,18.99,18.9899,18.9899,2917,0
CPZ.US,5,20211206,213000,19,19,19,19,2200,0
CPZ.US,5,20211206,214500,19.05,19.05,19.05,19.05,100,0
CPZ.US,5,20211206,215000,19.14,19.14,19.14,19.14,775,0
CPZ.US,5,20211206,215500,19.1174,19.1174,19.1,19.1,985,0
CPZ.US,5,20211207,153000,19.14,19.14,19.139,19.14,4718,0
CPZ.US,5,20211207,154000,19.26,19.26,19.26,19.26,100,0
CPZ.US,5,20211207,155500,19.1737,19.3376,19.1737,19.3376,7750,0
CPZ.US,5,20211207,160000,19.32,19.392,19.32,19.392,2600,0
CPZ.US,5,20211207,161500,19.35,19.3562,19.315,19.3562,750,0
CPZ.US,5,20211207,162000,19.4086,19.4086,19.4078,19.4078,2500,0
CPZ.US,5,20211207,163000,19.31,19.31,19.31,19.31,600,0
CPZ.US,5,20211207,163500,19.36,19.36,19.36,19.36,861,0
CPZ.US,5,20211207,164000,19.3899,19.39,19.3858,19.39,3900,0
CPZ.US,5,20211207,165000,19.35,19.35,19.35,19.35,248,0
CPZ.US,5,20211207,170000,19.35,19.35,19.3177,19.3177,3800,0
CPZ.US,5,20211207,170500,19.33,19.33,19.31,19.3102,3221,0
CPZ.US,5,20211207,171500,19.23,19.35,19.22,19.22,2182,0
CPZ.US,5,20211207,172500,19.33,19.34,19.33,19.33,1756,0
CPZ.US,5,20211207,175000,19.2201,19.2201,19.2201,19.2201,250,0
CPZ.US,5,20211207,175500,19.28,19.28,19.28,19.28,100,0
CPZ.US,5,20211207,182000,19.33,19.35,19.285,19.285,1503,0
CPZ.US,5,20211207,182500,19.3,19.35,19.3,19.35,1356,0
CPZ.US,5,20211207,183500,19.3078,19.3078,19.3078,19.3078,4210,0
CPZ.US,5,20211207,185000,19.2606,19.2606,19.2606,19.2606,1330,0
CPZ.US,5,20211207,190000,19.345,19.345,19.345,19.345,700,0
CPZ.US,5,20211207,190500,19.31,19.345,19.3,19.3,4453,0
CPZ.US,5,20211207,191500,19.3,19.3,19.3,19.3,400,0
CPZ.US,5,20211207,192000,19.2313,19.3,19.2313,19.3,6479,0
CPZ.US,5,20211207,192500,19.2201,19.2201,19.2201,19.2201,282,0
CPZ.US,5,20211207,193000,19.3,19.3,19.2201,19.2201,2170,0
CPZ.US,5,20211207,193500,19.3,19.3,19.3,19.3,300,0
CPZ.US,5,20211207,194000,19.2947,19.2947,19.2947,19.2947,1684,0
CPZ.US,5,20211207,195500,19.26,19.2992,19.26,19.26,706,0
CPZ.US,5,20211207,200500,19.26,19.26,19.26,19.26,200,0
CPZ.US,5,20211207,201500,19.22,19.26,19.22,19.26,3200,0
CPZ.US,5,20211207,202500,19.2711,19.2711,19.2711,19.2711,250,0
CPZ.US,5,20211207,204500,19.3,19.39,19.3,19.325,3965,0
CPZ.US,5,20211207,205000,19.39,19.39,19.39,19.39,100,0
CPZ.US,5,20211207,205500,19.39,19.39,19.33,19.33,200,0
CPZ.US,5,20211207,212000,19.38,19.38,19.38,19.38,100,0
CPZ.US,5,20211207,213500,19.38,19.38,19.38,19.38,300,0
CPZ.US,5,20211207,215000,19.335,19.335,19.3,19.3301,1513,0
CPZ.US,5,20211207,215500,19.3668,19.49,19.3321,19.49,1678,0
CPZ.US,5,20211208,153000,19.5,19.6825,19.5,19.6825,4085,0
CPZ.US,5,20211208,154000,19.595,19.595,19.595,19.595,240,0
CPZ.US,5,20211208,155000,19.595,19.68,19.595,19.67,700,0
CPZ.US,5,20211208,161500,19.53,19.53,19.37,19.37,771,0
CPZ.US,5,20211208,163000,19.69,19.69,19.41,19.545,1900,0
CPZ.US,5,20211208,163500,19.545,19.545,19.545,19.545,100,0
CPZ.US,5,20211208,165500,19.68,19.68,19.68,19.68,158,0
CPZ.US,5,20211208,172000,19.66,19.67,19.615,19.615,400,0
CPZ.US,5,20211208,173000,19.585,19.585,19.585,19.585,100,0
CPZ.US,5,20211208,174500,19.56,19.56,19.5488,19.5488,2275,0
CPZ.US,5,20211208,180000,19.41,19.41,19.41,19.41,100,0
CPZ.US,5,20211208,180500,19.42,19.42,19.41,19.41,200,0
CPZ.US,5,20211208,181500,19.42,19.42,19.42,19.42,200,0
CPZ.US,5,20211208,182000,19.5,19.5,19.42,19.42,450,0
CPZ.US,5,20211208,182500,19.4146,19.4146,19.4145,19.4145,1000,0
CPZ.US,5,20211208,183000,19.42,19.42,19.41,19.41,200,0
CPZ.US,5,20211208,183500,19.42,19.42,19.42,19.42,139,0
CPZ.US,5,20211208,184000,19.42,19.42,19.42,19.42,100,0
CPZ.US,5,20211208,184500,19.41,19.41,19.41,19.41,200,0
CPZ.US,5,20211208,185000,19.41,19.41,19.41,19.41,200,0
CPZ.US,5,20211208,190000,19.5,19.5,19.5,19.5,200,0
CPZ.US,5,20211208,190500,19.55,19.55,19.55,19.55,157,0
CPZ.US,5,20211208,191000,19.5999,19.5999,19.5999,19.5999,1000,0
CPZ.US,5,20211208,191500,19.5,19.6,19.5,19.6,2100,0
CPZ.US,5,20211208,192000,19.55,19.55,19.55,19.55,200,0
CPZ.US,5,20211208,192500,19.55,19.5502,19.51,19.51,1300,0
CPZ.US,5,20211208,193000,19.55,19.55,19.55,19.55,1000,0
CPZ.US,5,20211208,193500,19.51,19.5874,19.5,19.5874,450,0
CPZ.US,5,20211208,194000,19.5,19.5,19.5,19.5,300,0
CPZ.US,5,20211208,194500,19.5999,19.5999,19.5,19.5999,900,0
CPZ.US,5,20211208,195500,19.5,19.5,19.5,19.5,200,0
CPZ.US,5,20211208,200000,19.5,19.59,19.5,19.59,800,0
CPZ.US,5,20211208,200500,19.51,19.51,19.51,19.51,200,0
CPZ.US,5,20211208,202000,19.5,19.5,19.5,19.5,141,0
CPZ.US,5,20211208,202500,19.5,19.5,19.5,19.5,109,0
CPZ.US,5,20211208,203000,19.42,19.42,19.42,19.42,200,0
CPZ.US,5,20211208,203500,19.51,19.51,19.43,19.43,300,0
CPZ.US,5,20211208,204000,19.43,19.43,19.43,19.43,200,0
CPZ.US,5,20211208,204500,19.43,19.43,19.43,19.43,200,0
CPZ.US,5,20211208,205000,19.43,19.43,19.43,19.43,100,0
CPZ.US,5,20211208,205500,19.43,19.43,19.43,19.43,200,0
CPZ.US,5,20211208,210000,19.41,19.41,19.41,19.41,200,0
CPZ.US,5,20211208,211000,19.455,19.455,19.455,19.455,1010,0
CPZ.US,5,20211208,212500,19.4797,19.4797,19.4,19.4,260,0
CPZ.US,5,20211208,213500,19.4776,19.4776,19.4776,19.4776,250,0
CPZ.US,5,20211208,214000,19.38,19.38,19.38,19.38,430,0
CPZ.US,5,20211208,215000,19.37,19.43,19.3606,19.43,1070,0
CPZ.US,5,20211208,215500,19.4648,19.4648,19.37,19.44,2733,0
CPZ.US,5,20211209,153000,19.32,19.32,19.156,19.156,2793,0
CPZ.US,5,20211209,153500,19.2501,19.425,19.2501,19.425,902,0
CPZ.US,5,20211209,155000,19.26,19.26,19.26,19.26,250,0
CPZ.US,5,20211209,160000,19.42,19.4905,19.42,19.4905,376,0
CPZ.US,5,20211209,162500,19.31,19.425,19.31,19.425,200,0
CPZ.US,5,20211209,164000,19.5999,19.5999,19.5656,19.5656,327,0
CPZ.US,5,20211209,170500,19.6,19.6,19.26,19.42,1500,0
CPZ.US,5,20211209,171000,19.325,19.325,19.325,19.325,100,0
CPZ.US,5,20211209,171500,19.325,19.325,19.325,19.325,100,0
CPZ.US,5,20211209,172000,19.42,19.42,19.325,19.325,525,0
CPZ.US,5,20211209,173000,19.3903,19.3903,19.25,19.325,2357,0
CPZ.US,5,20211209,173500,19.4199,19.4199,19.345,19.408,3300,0
CPZ.US,5,20211209,174000,19.345,19.345,19.345,19.345,100,0
CPZ.US,5,20211209,174500,19.35,19.35,19.345,19.345,200,0
CPZ.US,5,20211209,175500,19.345,19.345,19.345,19.345,900,0
CPZ.US,5,20211209,180500,19.29,19.29,19.29,19.29,100,0
CPZ.US,5,20211209,181000,19.39,19.41,19.39,19.41,200,0
CPZ.US,5,20211209,181500,19.36,19.36,19.36,19.36,100,0
CPZ.US,5,20211209,182000,19.4,19.4,19.4,19.4,100,0
CPZ.US,5,20211209,182500,19.36,19.42,19.36,19.41,800,0
CPZ.US,5,20211209,183500,19.385,19.385,19.36,19.36,200,0
CPZ.US,5,20211209,184000,19.41,19.41,19.41,19.41,100,0
CPZ.US,5,20211209,184500,19.42,19.44,19.36,19.44,600,0
CPZ.US,5,20211209,185000,19.46,19.46,19.46,19.46,200,0
CPZ.US,5,20211209,185500,19.45,19.46,19.45,19.46,200,0
CPZ.US,5,20211209,190000,19.4799,19.48,19.4799,19.48,669,0
CPZ.US,5,20211209,191000,19.46,19.46,19.45,19.4503,973,0
CPZ.US,5,20211209,191500,19.49,19.49,19.49,19.49,300,0
CPZ.US,5,20211209,192000,19.49,19.5,19.4419,19.4419,381,0
CPZ.US,5,20211209,194000,19.48,19.48,19.48,19.48,529,0
CPZ.US,5,20211209,194500,19.3797,19.3797,19.3797,19.3797,284,0
CPZ.US,5,20211209,195000,19.37,19.37,19.37,19.37,100,0
CPZ.US,5,20211209,195500,19.49,19.49,19.49,19.49,385,0
CPZ.US,5,20211209,200000,19.48,19.49,19.4425,19.49,735,0
CPZ.US,5,20211209,201000,19.4986,19.4986,19.4986,19.4986,500,0
CPZ.US,5,20211209,201500,19.5,19.5024,19.4979,19.5,8363,0
CPZ.US,5,20211209,202000,19.36,19.36,19.36,19.36,301,0
CPZ.US,5,20211209,203000,19.51,19.54,19.51,19.54,740,0
CPZ.US,5,20211209,203500,19.55,19.56,19.55,19.56,770,0
CPZ.US,5,20211209,205500,19.5355,19.5355,19.5355,19.5355,100,0
CPZ.US,5,20211209,210500,19.54,19.6,19.5399,19.6,1337,0
CPZ.US,5,20211209,214000,19.4713,19.49,19.36,19.45,4183,0
CPZ.US,5,20211209,214500,19.4614,19.4614,19.4614,19.4614,200,0
CPZ.US,5,20211209,215500,19.38,19.5,19.38,19.46,965,0
CPZ.US,5,20211210,153000,19.6,19.6,19.6,19.6,1657,0
CPZ.US,5,20211210,154000,19.6199,19.6199,19.6199,19.6199,429,0
CPZ.US,5,20211210,154500,19.475,19.475,19.475,19.475,635,0
CPZ.US,5,20211210,155500,19.475,19.5789,19.475,19.5769,500,0
CPZ.US,5,20211210,160500,19.57,19.59,19.57,19.588,400,0
CPZ.US,5,20211210,161500,19.475,19.58,19.475,19.58,1700,0
CPZ.US,5,20211210,162500,19.3665,19.475,19.3665,19.475,449,0
CPZ.US,5,20211210,163500,19.6,19.6,19.5628,19.59,2200,0
CPZ.US,5,20211210,164000,19.6,19.6,19.58,19.6,600,0
CPZ.US,5,20211210,165000,19.525,19.59,19.525,19.569,1583,0
CPZ.US,5,20211210,165500,19.59,19.59,19.49,19.49,1548,0
CPZ.US,5,20211210,170000,19.59,19.59,19.59,19.59,400,0
CPZ.US,5,20211210,170500,19.59,19.59,19.59,19.59,500,0
CPZ.US,5,20211210,171000,19.59,19.59,19.59,19.59,500,0
CPZ.US,5,20211210,171500,19.59,19.6,19.59,19.6,600,0
CPZ.US,5,20211210,172000,19.65,19.75,19.65,19.75,841,0
CPZ.US,5,20211210,172500,19.84,19.87,19.84,19.87,500,0
CPZ.US,5,20211210,173000,19.58,19.86,19.58,19.86,927,0
CPZ.US,5,20211210,173500,19.85,19.86,19.85,19.86,300,0
CPZ.US,5,20211210,174000,19.83,19.83,19.83,19.83,697,0
CPZ.US,5,20211210,174500,19.82,19.82,19.82,19.82,100,0
CPZ.US,5,20211210,175000,19.76,19.78,19.76,19.78,300,0
CPZ.US,5,20211210,175500,19.77,19.77,19.6,19.6,374,0
CPZ.US,5,20211210,180500,19.63,19.66,19.58,19.58,3600,0
CPZ.US,5,20211210,181500,19.58,19.58,19.58,19.58,300,0
CPZ.US,5,20211210,182500,19.64,19.66,19.64,19.66,600,0
CPZ.US,5,20211210,183500,19.65,19.66,19.65,19.66,250,0
CPZ.US,5,20211210,184000,19.62,19.62,19.61,19.61,700,0
CPZ.US,5,20211210,185500,19.586,19.586,19.586,19.586,500,0
CPZ.US,5,20211210,190000,19.61,19.61,19.61,19.61,230,0
CPZ.US,5,20211210,191000,19.57,19.57,19.46,19.46,2600,0
CPZ.US,5,20211210,191500,19.49,19.49,19.49,19.49,175,0
CPZ.US,5,20211210,192000,19.535,19.535,19.535,19.535,500,0
CPZ.US,5,20211210,193000,19.61,19.61,19.61,19.61,500,0
CPZ.US,5,20211210,200000,19.5999,19.5999,19.5999,19.5999,1000,0
CPZ.US,5,20211210,201500,19.54,19.54,19.46,19.46,1067,0
CPZ.US,5,20211210,204500,19.56,19.58,19.56,19.58,2000,0
CPZ.US,5,20211210,205000,19.52,19.52,19.49,19.49,300,0
CPZ.US,5,20211210,205500,19.49,19.49,19.49,19.49,100,0
CPZ.US,5,20211210,210000,19.49,19.49,19.37,19.37,4048,0
CPZ.US,5,20211210,211000,19.4378,19.4378,19.4378,19.4378,500,0
CPZ.US,5,20211210,211500,19.42,19.46,19.42,19.46,500,0
CPZ.US,5,20211210,212000,19.387,19.447,19.387,19.447,1023,0
CPZ.US,5,20211210,212500,19.48,19.48,19.48,19.48,1575,0
CPZ.US,5,20211210,214500,19.4078,19.44,19.4,19.44,1068,0
CPZ.US,5,20211210,215000,19.47,19.48,19.37,19.37,4699,0
CPZ.US,5,20211210,215500,19.28,19.4,19.28,19.4,2018,0
CPZ.US,5,20211213,153000,19.21,19.21,19.21,19.21,533,0
CPZ.US,5,20211213,155000,19.16,19.16,19.12,19.12,301,0
CPZ.US,5,20211213,160000,19.16,19.16,19.12,19.137,3490,0
CPZ.US,5,20211213,160500,19.14,19.14,19.14,19.14,350,0
CPZ.US,5,20211213,161000,19.15,19.15,19.12,19.15,946,0
CPZ.US,5,20211213,161500,19.15,19.15,19.1409,19.15,1100,0
CPZ.US,5,20211213,162000,19.15,19.21,19.15,19.21,1500,0
CPZ.US,5,20211213,163000,19.15,19.21,19.1237,19.21,3127,0
CPZ.US,5,20211213,163500,19.135,19.16,19.135,19.15,2200,0
CPZ.US,5,20211213,164000,19.15,19.15,19.15,19.15,1460,0
CPZ.US,5,20211213,164500,19.15,19.15,19.1236,19.1236,800,0
CPZ.US,5,20211213,165500,19.13,19.15,19.13,19.15,900,0
CPZ.US,5,20211213,170000,19.15,19.15,19.12,19.12,6300,0
CPZ.US,5,20211213,170500,19.13,19.13,19.12,19.12,1005,0
CPZ.US,5,20211213,171000,19.13,19.13,19.12,19.12,16200,0
CPZ.US,5,20211213,171500,19.12,19.12,19.1,19.1,4100,0
CPZ.US,5,20211213,172000,19.11,19.13,19.11,19.13,500,0
CPZ.US,5,20211213,172500,19.13,19.18,19.12,19.1206,10150,0
CPZ.US,5,20211213,173000,19.19,19.19,19.19,19.19,600,0
CPZ.US,5,20211213,173500,19.19,19.19,19.19,19.19,800,0
CPZ.US,5,20211213,174000,19.19,19.19,19.19,19.19,2607,0
CPZ.US,5,20211213,174500,19.1733,19.1733,19.1733,19.1733,100,0
CPZ.US,5,20211213,175000,19.12,19.12,19.12,19.12,1270,0
CPZ.US,5,20211213,180000,19.12,19.13,19.12,19.1205,3345,0
CPZ.US,5,20211213,181500,19.08,19.1,19.08,19.1,523,0
CPZ.US,5,20211213,182500,19.0808,19.1,19.06,19.0601,2485,0
CPZ.US,5,20211213,183500,19.06,19.076,19.06,19.076,1600,0
CPZ.US,5,20211213,184000,19.06,19.1,19.06,19.1,1700,0
CPZ.US,5,20211213,185500,19.06,19.06,19.06,19.06,1265,0
CPZ.US,5,20211213,191000,19.1,19.1,19.08,19.08,368,0
CPZ.US,5,20211213,191500,19.1,19.1,19.1,19.1,500,0
CPZ.US,5,20211213,192500,19.1,19.1,19.1,19.1,100,0
CPZ.US,5,20211213,194000,19.1,19.1,19.08,19.08,1280,0
CPZ.US,5,20211213,194500,19.1,19.1,19.1,19.1,100,0
CPZ.US,5,20211213,195000,19.0601,19.0601,19.0601,19.0601,600,0
CPZ.US,5,20211213,200000,19.08,19.08,19.06,19.06,2500,0
CPZ.US,5,20211213,200500,19.06,19.06,19.06,19.06,2200,0
CPZ.US,5,20211213,204000,19.06,19.0601,19.06,19.06,4100,0
CPZ.US,5,20211213,205000,19.06,19.1,19.06,19.1,4400,0
CPZ.US,5,20211213,210500,19.06,19.08,19.06,19.06,2641,0
CPZ.US,5,20211213,211000,19.06,19.06,19.055,19.0575,2700,0
CPZ.US,5,20211213,212500,19.06,19.0913,19.06,19.0913,5600,0
CPZ.US,5,20211213,213000,19.09,19.1,19.09,19.1,650,0
CPZ.US,5,20211213,213500,19.06,19.06,19.0584,19.0584,5100,0
CPZ.US,5,20211213,215500,19.05,19.05,18.91,18.91,5403,0
CPZ.US,5,20211214,153000,18.91,18.91,18.91,18.91,1894,0
CPZ.US,5,20211214,153500,19.15,19.15,19.15,19.15,100,0
CPZ.US,5,20211214,154000,19.01,19.11,18.99,19.11,510,0
CPZ.US,5,20211214,154500,19.13,19.14,19.13,19.14,200,0
CPZ.US,5,20211214,155000,19.14,19.15,19.14,19.14,780,0
CPZ.US,5,20211214,155500,19.14,19.14,19.14,19.14,300,0
CPZ.US,5,20211214,160000,19.14,19.14,18.99,19.05,12059,0
CPZ.US,5,20211214,160500,19.05,19.05,19.05,19.05,300,0
CPZ.US,5,20211214,161000,19.05,19.05,19.03,19.03,4806,0
CPZ.US,5,20211214,161500,19.05,19.15,19.05,19.1,900,0
CPZ.US,5,20211214,162000,19.1,19.1,19.065,19.1,3000,0
CPZ.US,5,20211214,162500,19.1,19.1,19.03,19.03,3178,0
CPZ.US,5,20211214,163000,19.06,19.06,19.03,19.06,1300,0
CPZ.US,5,20211214,163500,19.06,19.07,19.06,19.07,1100,0
CPZ.US,5,20211214,164000,19.06,19.06,19.06,19.06,200,0
CPZ.US,5,20211214,164500,19.06,19.06,19.03,19.03,11440,0
CPZ.US,5,20211214,165000,19,19,19,19,250,0
CPZ.US,5,20211214,165500,19.0272,19.03,19.0272,19.03,750,0
CPZ.US,5,20211214,170000,19.03,19.03,19.02,19.02,500,0
CPZ.US,5,20211214,170500,18.97,19.02,18.97,19.02,900,0
CPZ.US,5,20211214,171000,18.97,19.03,18.97,19.03,3287,0
CPZ.US,5,20211214,171500,19.01,19.01,18.92,18.93,1900,0
CPZ.US,5,20211214,172000,18.92,18.92,18.9,18.9,2693,0
CPZ.US,5,20211214,172500,18.9,18.9,18.81,18.9,3222,0
CPZ.US,5,20211214,173000,18.89,18.89,18.89,18.89,200,0
CPZ.US,5,20211214,173500,18.98,18.98,18.9418,18.98,1000,0
CPZ.US,5,20211214,174000,18.99,18.99,18.98,18.99,500,0
CPZ.US,5,20211214,174500,18.99,19.09,18.99,19.09,500,0
CPZ.US,5,20211214,175000,19,19,18.99,18.99,1525,0
CPZ.US,5,20211214,175500,18.99,18.99,18.99,18.99,600,0
CPZ.US,5,20211214,180000,18.9,18.99,18.89,18.99,1100,0
CPZ.US,5,20211214,180500,18.99,18.99,18.99,18.99,100,0
CPZ.US,5,20211214,181000,18.99,18.99,18.99,18.99,400,0
CPZ.US,5,20211214,182500,18.92,18.92,18.91,18.91,400,0
CPZ.US,5,20211214,185500,18.95,18.95,18.95,18.95,600,0
CPZ.US,5,20211214,191000,18.92,18.92,18.92,18.92,300,0
CPZ.US,5,20211214,191500,18.92,18.92,18.8925,18.92,20121,0
CPZ.US,5,20211214,192000,18.88,18.88,18.88,18.88,1000,0
CPZ.US,5,20211214,193000,18.92,18.92,18.92,18.92,3760,0
CPZ.US,5,20211214,193500,18.84,18.85,18.76,18.81,5820,0
CPZ.US,5,20211214,194000,18.76,18.76,18.75,18.76,950,0
CPZ.US,5,20211214,194500,18.71,18.71,18.71,18.71,100,0
CPZ.US,5,20211214,195000,18.7899,18.7899,18.7899,18.7899,1278,0
CPZ.US,5,20211214,195500,18.7899,18.7899,18.7899,18.7899,1720,0
CPZ.US,5,20211214,200500,18.68,18.68,18.6601,18.6601,4962,0
CPZ.US,5,20211214,201500,18.67,18.715,18.67,18.715,2000,0
CPZ.US,5,20211214,202000,18.67,18.6702,18.65,18.6702,2988,0
CPZ.US,5,20211214,202500,18.7199,18.7199,18.66,18.66,7000,0
CPZ.US,5,20211214,203000,18.69,18.7199,18.64,18.7199,5550,0
CPZ.US,5,20211214,203500,18.64,18.64,18.64,18.64,772,0
CPZ.US,5,20211214,204000,18.6699,18.67,18.655,18.6692,2161,0
CPZ.US,5,20211214,210000,18.695,18.71,18.695,18.695,805,0
CPZ.US,5,20211214,210500,18.71,18.74,18.71,18.74,3450,0
CPZ.US,5,20211214,211000,18.74,18.75,18.703,18.703,23090,0
CPZ.US,5,20211214,212000,18.7342,18.76,18.7342,18.76,2969,0
CPZ.US,5,20211214,212500,18.74,18.74,18.74,18.74,126,0
CPZ.US,5,20211214,213000,18.82,18.82,18.82,18.82,400,0
CPZ.US,5,20211214,213500,18.7253,18.7253,18.67,18.67,2300,0
CPZ.US,5,20211214,214000,18.6701,18.7263,18.6701,18.7263,1185,0
CPZ.US,5,20211214,214500,18.8,18.8,18.7182,18.7182,651,0
CPZ.US,5,20211214,215000,18.68,18.84,18.61,18.725,3928,0
CPZ.US,5,20211214,215500,18.67,18.84,18.6,18.6,934,0
CPZ.US,5,20211215,153000,18.7,18.72,18.7,18.7,1362,0
CPZ.US,5,20211215,153500,18.8039,18.8039,18.8039,18.8039,1000,0
CPZ.US,5,20211215,154500,18.78,18.91,18.78,18.91,2193,0
CPZ.US,5,20211215,155500,18.6883,18.6883,18.6883,18.6883,100,0
CPZ.US,5,20211215,160500,18.96,18.96,18.96,18.96,800,0
CPZ.US,5,20211215,161000,18.9298,18.9298,18.9298,18.9298,1000,0
CPZ.US,5,20211215,161500,18.92,18.92,18.92,18.92,100,0
CPZ.US,5,20211215,162000,18.94,18.9587,18.94,18.94,659,0
CPZ.US,5,20211215,162500,18.93,18.93,18.93,18.93,100,0
CPZ.US,5,20211215,164000,18.96,18.96,18.85,18.855,2800,0
CPZ.US,5,20211215,164500,18.88,18.88,18.88,18.88,2000,0
CPZ.US,5,20211215,165000,18.96,18.96,18.96,18.96,100,0
CPZ.US,5,20211215,170000,18.96,18.96,18.96,18.96,100,0
CPZ.US,5,20211215,171000,18.96,18.96,18.89,18.89,1100,0
CPZ.US,5,20211215,171500,18.96,18.96,18.96,18.96,527,0
CPZ.US,5,20211215,172000,18.96,18.96,18.96,18.96,390,0
CPZ.US,5,20211215,172500,18.89,18.89,18.87,18.871,2611,0
CPZ.US,5,20211215,173000,18.87,18.87,18.87,18.87,1000,0
CPZ.US,5,20211215,173500,18.87,18.8713,18.87,18.8713,4221,0
CPZ.US,5,20211215,174000,18.96,18.96,18.96,18.96,250,0
CPZ.US,5,20211215,174500,18.915,18.915,18.915,18.915,445,0
CPZ.US,5,20211215,180500,18.96,18.96,18.96,18.96,515,0
CPZ.US,5,20211215,183500,18.915,18.915,18.8786,18.89,1300,0
CPZ.US,5,20211215,184500,18.96,18.96,18.95,18.95,364,0
CPZ.US,5,20211215,185000,18.96,18.96,18.96,18.96,200,0
CPZ.US,5,20211215,185500,18.96,18.96,18.9357,18.96,2691,0
CPZ.US,5,20211215,190000,18.96,18.98,18.96,18.9634,1271,0
CPZ.US,5,20211215,190500,18.99,18.99,18.99,18.99,136,0
CPZ.US,5,20211215,191000,18.9694,18.99,18.9694,18.99,859,0
CPZ.US,5,20211215,192000,18.9483,18.9483,18.9483,18.9483,100,0
CPZ.US,5,20211215,194500,18.965,18.99,18.965,18.99,649,0
CPZ.US,5,20211215,195000,18.99,18.99,18.9473,18.9473,251,0
CPZ.US,5,20211215,195500,18.99,18.99,18.99,18.99,755,0
CPZ.US,5,20211215,200000,18.96,18.99,18.94,18.99,1101,0
CPZ.US,5,20211215,200500,19,19,19,19,400,0
CPZ.US,5,20211215,201000,19,19.03,18.94,19.03,578,0
CPZ.US,5,20211215,202500,18.99,19.04,18.94,19.04,1216,0
CPZ.US,5,20211215,203000,19.03,19.03,19.03,19.03,100,0
CPZ.US,5,20211215,203500,19.03,19.04,19.03,19.04,920,0
CPZ.US,5,20211215,204000,19.1,19.1,19.1,19.1,100,0
CPZ.US,5,20211215,204500,19.1,19.15,19.1,19.135,1914,0
CPZ.US,5,20211215,205000,19.12,19.15,19.09,19.15,5676,0
CPZ.US,5,20211215,210000,19.15,19.17,19.15,19.17,1352,0
CPZ.US,5,20211215,210500,19.17,19.2,19.12,19.14,3806,0
CPZ.US,5,20211215,211000,19.15,19.17,19.01,19.01,1639,0
CPZ.US,5,20211215,211500,19,19.0002,19,19.0002,1537,0
CPZ.US,5,20211215,212000,19.045,19.09,19.045,19.09,3100,0
CPZ.US,5,20211215,212500,19.09,19.09,19.045,19.09,2500,0
CPZ.US,5,20211215,213000,19.09,19.09,19.0825,19.09,525,0
CPZ.US,5,20211215,213500,19.09,19.1,19.08,19.1,2166,0
CPZ.US,5,20211215,214000,19.09,19.13,19.09,19.13,1308,0
CPZ.US,5,20211215,214500,19.13,19.17,19.12,19.1201,9061,0
CPZ.US,5,20211215,215000,19.16,19.16,19.16,19.16,100,0
CPZ.US,5,20211215,215500,19.2,19.27,19.2,19.27,429,0
CPZ.US,5,20211216,153000,19.34,19.47,19.34,19.47,858,0
CPZ.US,5,20211216,153500,19.4953,19.4953,19.4953,19.4953,100,0
CPZ.US,5,20211216,155500,19.46,19.46,19.46,19.46,200,0
CPZ.US,5,20211216,160000,19.375,19.375,19.375,19.375,251,0
CPZ.US,5,20211216,160500,19.3439,19.345,19.2,19.2,1923,0
CPZ.US,5,20211216,161000,19.33,19.33,19.2,19.2001,30992,0
CPZ.US,5,20211216,162500,19.2,19.3,18.7852,19.1631,4280,0
CPZ.US,5,20211216,163000,19.1605,19.1605,19.1605,19.1605,1000,0
CPZ.US,5,20211216,163500,19.29,19.29,19.2,19.2,2065,0
CPZ.US,5,20211216,164500,19.25,19.25,19.25,19.25,100,0
CPZ.US,5,20211216,170000,18.85,19.18,18.77,18.7742,3388,0
CPZ.US,5,20211216,170500,18.9501,18.9501,18.9501,18.9501,1000,0
CPZ.US,5,20211216,171000,19.3,19.3,18.9541,19.0625,5656,0
CPZ.US,5,20211216,171500,19.3498,19.3498,19.3498,19.3498,205,0
CPZ.US,5,20211216,172500,18.96,19,18.79,18.868,3200,0
CPZ.US,5,20211216,173500,19.105,19.105,19.105,19.105,2100,0
CPZ.US,5,20211216,175500,19.12,19.12,19.025,19.025,2600,0
CPZ.US,5,20211216,181500,19.15,19.15,19.15,19.15,100,0
CPZ.US,5,20211216,183000,18.93,18.93,18.85,18.85,1458,0
CPZ.US,5,20211216,183500,18.98,18.98,18.98,18.98,100,0
CPZ.US,5,20211216,184000,18.9027,19,18.9027,19,298,0
CPZ.US,5,20211216,185000,18.92,18.92,18.92,18.92,300,0
CPZ.US,5,20211216,185500,18.8255,18.97,18.8255,18.97,200,0
CPZ.US,5,20211216,191500,18.895,18.895,18.895,18.895,3000,0
CPZ.US,5,20211216,192000,18.97,18.97,18.97,18.97,100,0
CPZ.US,5,20211216,192500,18.83,18.83,18.76,18.76,3249,0
CPZ.US,5,20211216,193000,18.9599,18.9599,18.9599,18.9599,200,0
CPZ.US,5,20211216,194000,18.94,18.94,18.94,18.94,100,0
CPZ.US,5,20211216,195000,18.96,18.96,18.96,18.96,360,0
CPZ.US,5,20211216,200000,18.93,18.93,18.93,18.93,100,0
CPZ.US,5,20211216,202000,18.94,18.94,18.8516,18.8516,3300,0
CPZ.US,5,20211216,202500,18.9699,18.9699,18.9699,18.9699,1600,0
CPZ.US,5,20211216,203500,18.81,18.81,18.81,18.81,203,0
CPZ.US,5,20211216,204000,18.93,18.93,18.87,18.93,1600,0
CPZ.US,5,20211216,204500,18.835,18.87,18.835,18.87,3090,0
CPZ.US,5,20211216,210000,18.905,18.905,18.905,18.905,100,0
CPZ.US,5,20211216,210500,18.88,18.88,18.81,18.81,1902,0
CPZ.US,5,20211216,211500,18.82,18.8453,18.81,18.8453,3600,0
CPZ.US,5,20211216,212000,18.83,18.83,18.83,18.83,300,0
CPZ.US,5,20211216,212500,18.82,18.82,18.81,18.81,1000,0
CPZ.US,5,20211216,213000,18.835,18.835,18.835,18.835,100,0
CPZ.US,5,20211216,213500,18.835,18.91,18.835,18.91,900,0
CPZ.US,5,20211216,214000,18.83,18.83,18.82,18.82,1500,0
CPZ.US,5,20211216,214500,18.82,18.9,18.82,18.82,6300,0
CPZ.US,5,20211216,215000,18.82,18.82,18.76,18.82,13544,0
CPZ.US,5,20211216,215500,18.82,18.88,18.75,18.75,8670,0
CPZ.US,5,20211217,153000,18.85,18.85,18.85,18.85,993,0
CPZ.US,5,20211217,153500,18.74,18.8371,18.74,18.74,500,0
CPZ.US,5,20211217,154500,18.72,18.81,18.72,18.81,1100,0
CPZ.US,5,20211217,155000,18.8,18.8,18.74,18.74,400,0
CPZ.US,5,20211217,155500,18.76,18.76,18.76,18.76,300,0
CPZ.US,5,20211217,160000,18.76,18.7959,18.698,18.698,6000,0
CPZ.US,5,20211217,161000,18.73,18.73,18.73,18.73,700,0
CPZ.US,5,20211217,161500,18.7213,18.7213,18.65,18.68,1350,0
CPZ.US,5,20211217,162000,18.7,18.7,18.67,18.6701,300,0
CPZ.US,5,20211217,162500,18.68,18.68,18.68,18.68,100,0
CPZ.US,5,20211217,163000,18.68,18.68,18.68,18.68,100,0
CPZ.US,5,20211217,163500,18.655,18.655,18.63,18.63,300,0
CPZ.US,5,20211217,164500,18.64,18.64,18.64,18.64,200,0
CPZ.US,5,20211217,165000,18.6799,18.6799,18.6799,18.6799,224,0
CPZ.US,5,20211217,165500,18.57,18.57,18.56,18.56,300,0
CPZ.US,5,20211217,170000,18.67,18.67,18.57,18.5702,765,0
CPZ.US,5,20211217,171000,18.67,18.68,18.645,18.6634,3141,0
CPZ.US,5,20211217,171500,18.675,18.675,18.675,18.675,1000,0
CPZ.US,5,20211217,172000,18.72,18.72,18.72,18.72,100,0
CPZ.US,5,20211217,172500,18.72,18.73,18.72,18.73,200,0
CPZ.US,5,20211217,173000,18.6934,18.6934,18.6934,18.6934,250,0
CPZ.US,5,20211217,173500,18.7197,18.7197,18.7197,18.7197,405,0
CPZ.US,5,20211217,174500,18.71,18.72,18.7,18.72,1100,0
CPZ.US,5,20211217,175000,18.675,18.675,18.675,18.675,200,0
CPZ.US,5,20211217,180500,18.66,18.66,18.63,18.63,1461,0
CPZ.US,5,20211217,183000,18.65,18.7085,18.63,18.7085,3174,0
CPZ.US,5,20211217,185000,18.6855,18.6855,18.6855,18.6855,100,0
CPZ.US,5,20211217,193000,18.64,18.6774,18.64,18.6774,860,0
CPZ.US,5,20211217,195000,18.64,18.7,18.63,18.7,1442,0
CPZ.US,5,20211217,205500,18.65,18.65,18.65,18.65,301,0
CPZ.US,5,20211217,210000,18.64,18.64,18.62,18.62,2030,0
CPZ.US,5,20211217,210500,18.65,18.65,18.635,18.635,2600,0
CPZ.US,5,20211217,211000,18.6943,18.6943,18.675,18.675,500,0
CPZ.US,5,20211217,213000,18.7171,18.73,18.675,18.675,1050,0
CPZ.US,5,20211217,213500,18.62,18.62,18.56,18.62,2320,0
CPZ.US,5,20211217,214000,18.6544,18.6544,18.6544,18.6544,500,0
CPZ.US,5,20211217,214500,18.73,18.73,18.57,18.57,1460,0
CPZ.US,5,20211217,215000,18.67,18.67,18.67,18.67,1000,0
CPZ.US,5,20211217,215500,18.67,18.73,18.61,18.71,873,0
CPZ.US,5,20211220,160000,18.5171,18.534,18.5171,18.534,14243,0
CPZ.US,5,20211220,160500,18.55,18.55,18.55,18.55,200,0
CPZ.US,5,20211220,161000,18.55,18.55,18.55,18.55,300,0
CPZ.US,5,20211220,162000,18.74,18.74,18.74,18.74,796,0
CPZ.US,5,20211220,163000,18.5207,18.5207,18.5207,18.5207,169,0
CPZ.US,5,20211220,164500,18.5,18.51,18.31,18.4002,5311,0
CPZ.US,5,20211220,170500,18.3,18.3878,18.26,18.3878,5967,0
CPZ.US,5,20211220,172000,18.3458,18.3458,18.3458,18.3458,196,0
CPZ.US,5,20211220,172500,18.3291,18.36,18.32,18.32,3200,0
CPZ.US,5,20211220,173500,18.32,18.32,18.32,18.32,300,0
CPZ.US,5,20211220,174000,18.32,18.32,18.3,18.3,1493,0
CPZ.US,5,20211220,175000,18.26,18.27,18.06,18.23,24670,0
CPZ.US,5,20211220,175500,18.24,18.2499,18.205,18.205,1800,0
CPZ.US,5,20211220,180000,18.205,18.205,18.1601,18.1601,1350,0
CPZ.US,5,20211220,180500,18.19,18.255,18.19,18.21,400,0
CPZ.US,5,20211220,181000,18.2999,18.2999,18.27,18.27,1150,0
CPZ.US,5,20211220,181500,18.27,18.2994,18.24,18.25,3415,0
CPZ.US,5,20211220,182000,18.24,18.3,18.2118,18.23,6099,0
CPZ.US,5,20211220,183000,18.2315,18.2315,18.2315,18.2315,200,0
CPZ.US,5,20211220,183500,18.1892,18.1892,18.1892,18.1892,7500,0
CPZ.US,5,20211220,184000,18.1825,18.1825,18.1825,18.1825,7500,0
CPZ.US,5,20211220,184500,18.21,18.25,18.21,18.25,1487,0
CPZ.US,5,20211220,190000,18.21,18.21,18.21,18.21,260,0
CPZ.US,5,20211220,191000,18.2411,18.2411,18.2411,18.2411,100,0
CPZ.US,5,20211220,191500,18.18,18.1844,18.16,18.16,5422,0
CPZ.US,5,20211220,192000,18.16,18.16,18.06,18.06,5083,0
CPZ.US,5,20211220,193000,18.1,18.1,18.06,18.0792,9649,0
CPZ.US,5,20211220,195000,18.205,18.205,18.205,18.205,500,0
CPZ.US,5,20211220,200000,18.24,18.25,18.24,18.25,4000,0
CPZ.US,5,20211220,200500,18.32,18.32,18.319,18.319,1012,0
CPZ.US,5,20211220,203000,18.28,18.28,18.27,18.27,200,0
CPZ.US,5,20211220,203500,18.37,18.39,18.329,18.38,1400,0
CPZ.US,5,20211220,204000,18.3583,18.3583,18.3583,18.3583,500,0
CPZ.US,5,20211220,210500,18.39,18.39,18.39,18.39,1170,0
CPZ.US,5,20211220,211000,18.39,18.39,18.3825,18.3825,1558,0
CPZ.US,5,20211220,211500,18.37,18.37,18.37,18.37,500,0
CPZ.US,5,20211220,212000,18.312,18.312,18.312,18.312,1000,0
CPZ.US,5,20211220,212500,18.345,18.3819,18.3419,18.3419,500,0
CPZ.US,5,20211220,213000,18.31,18.38,18.25,18.25,2665,0
CPZ.US,5,20211220,213500,18.25,18.34,18.16,18.235,5000,0
CPZ.US,5,20211220,214000,18.24,18.3843,18.24,18.305,9625,0
CPZ.US,5,20211220,214500,18.19,18.23,18.19,18.225,2800,0
CPZ.US,5,20211220,215000,18.2,18.3,18.2,18.29,9054,0
CPZ.US,5,20211220,215500,18.305,18.38,18.25,18.36,13611,0
CPZ.US,5,20211221,153000,18.62,18.7099,18.24,18.7099,1807,0
CPZ.US,5,20211221,153500,18.3,18.7,18.17,18.7,1448,0
CPZ.US,5,20211221,154000,18.4561,18.46,18.4561,18.46,1200,0
CPZ.US,5,20211221,154500,18.46,18.59,18.33,18.395,6430,0
CPZ.US,5,20211221,155500,18.325,18.4,18.325,18.4,2000,0
CPZ.US,5,20211221,160000,18.525,18.7675,18.305,18.73,3095,0
CPZ.US,5,20211221,161500,18.57,18.72,18.565,18.71,3800,0
CPZ.US,5,20211221,162500,18.66,18.72,18.61,18.72,1400,0
CPZ.US,5,20211221,163500,18.56,18.6,18.56,18.6,700,0
CPZ.US,5,20211221,164500,18.565,18.565,18.565,18.565,100,0
CPZ.US,5,20211221,165000,18.56,18.6,18.56,18.6,240,0
CPZ.US,5,20211221,165500,18.65,18.65,18.65,18.65,107,0
CPZ.US,5,20211221,170000,18.573,18.573,18.573,18.573,100,0
CPZ.US,5,20211221,170500,18.65,18.8,18.6217,18.8,2750,0
CPZ.US,5,20211221,171000,18.8,18.89,18.8,18.89,4000,0
CPZ.US,5,20211221,171500,18.8079,18.88,18.8079,18.88,525,0
CPZ.US,5,20211221,172000,18.8197,18.8197,18.8197,18.8197,350,0
CPZ.US,5,20211221,174500,18.73,18.8,18.73,18.7408,580,0
CPZ.US,5,20211221,175000,18.7131,18.75,18.71,18.7107,4115,0
CPZ.US,5,20211221,175500,18.755,18.755,18.7126,18.7126,560,0
CPZ.US,5,20211221,180000,18.755,18.8,18.7175,18.8,3160,0
CPZ.US,5,20211221,182000,18.8,18.8,18.8,18.8,685,0
CPZ.US,5,20211221,182500,18.76,18.8,18.76,18.8,972,0
CPZ.US,5,20211221,183000,18.8,18.8,18.8,18.8,100,0
CPZ.US,5,20211221,191500,18.85,18.88,18.85,18.88,400,0
CPZ.US,5,20211221,192500,18.89,18.89,18.85,18.85,1400,0
CPZ.US,5,20211221,193000,18.89,18.955,18.89,18.955,1119,0
CPZ.US,5,20211221,194000,18.97,18.97,18.93,18.96,1269,0
CPZ.US,5,20211221,195000,18.9597,18.9597,18.9597,18.9597,300,0
CPZ.US,5,20211221,200000,18.91,18.97,18.91,18.97,1480,0
CPZ.US,5,20211221,200500,18.9694,18.9694,18.94,18.94,400,0
CPZ.US,5,20211221,201000,18.97,18.97,18.97,18.97,1200,0
CPZ.US,5,20211221,202000,18.9345,19.0599,18.9345,19.0599,6645,0
CPZ.US,5,20211221,202500,19.06,19.06,19.06,19.06,100,0
CPZ.US,5,20211221,203500,19.15,19.15,19.15,19.15,100,0
CPZ.US,5,20211221,204000,19.15,19.15,19.14,19.14,200,0
CPZ.US,5,20211221,204500,19.105,19.105,18.96,18.96,1100,0
CPZ.US,5,20211221,205000,18.97,18.97,18.93,18.93,900,0
CPZ.US,5,20211221,212000,19,19.0687,18.9305,19.06,1942,0
CPZ.US,5,20211221,213500,19.04,19.04,19.04,19.04,400,0
CPZ.US,5,20211221,214000,19.04,19.04,19.04,19.04,250,0
CPZ.US,5,20211221,214500,18.99,18.99,18.94,18.94,900,0
CPZ.US,5,20211221,215000,18.93,18.97,18.92,18.96,2715,0
CPZ.US,5,20211221,215500,18.99,18.9937,18.92,18.92,850,0
CPZ.US,5,20211222,153000,19.07,19.111,19.025,19.025,1262,0
CPZ.US,5,20211222,154000,19.0595,19.0595,19.0595,19.0595,500,0
CPZ.US,5,20211222,154500,19.07,19.07,19.06,19.06,1300,0
CPZ.US,5,20211222,155500,19.0691,19.0691,19.06,19.06,1673,0
CPZ.US,5,20211222,160000,18.985,18.985,18.985,18.985,1450,0
CPZ.US,5,20211222,160500,19.04,19.0595,19.04,19.05,2450,0
CPZ.US,5,20211222,161000,19.05,19.06,19.05,19.0598,2590,0
CPZ.US,5,20211222,162000,19.13,19.14,19.13,19.13,600,0
CPZ.US,5,20211222,164500,19.11,19.2279,19.0801,19.2279,1400,0
CPZ.US,5,20211222,165500,19.0851,19.0851,19.0851,19.0851,2343,0
CPZ.US,5,20211222,171000,19.1143,19.165,19.1143,19.165,999,0
CPZ.US,5,20211222,171500,19.2048,19.2048,19.2048,19.2048,100,0
CPZ.US,5,20211222,172500,19.2132,19.2132,19.2132,19.2132,3000,0
CPZ.US,5,20211222,173000,19.165,19.19,19.155,19.155,1100,0
CPZ.US,5,20211222,173500,19.21,19.21,19.155,19.155,1500,0
CPZ.US,5,20211222,174500,19.2,19.38,19.19,19.285,11679,0
CPZ.US,5,20211222,175000,19.295,19.37,19.295,19.295,600,0
CPZ.US,5,20211222,175500,19.26,19.26,19.221,19.23,2800,0
CPZ.US,5,20211222,180000,19.3,19.3,19.23,19.28,1600,0
CPZ.US,5,20211222,182500,19.2357,19.2357,19.2357,19.2357,2999,0
CPZ.US,5,20211222,184000,19.23,19.32,19.2204,19.31,1639,0
CPZ.US,5,20211222,185000,19.32,19.38,19.3191,19.3191,3131,0
CPZ.US,5,20211222,185500,19.3862,19.3862,19.3862,19.3862,100,0
CPZ.US,5,20211222,191500,19.34,19.39,19.2812,19.39,1400,0
CPZ.US,5,20211222,193000,19.335,19.335,19.335,19.335,1491,0
CPZ.US,5,20211222,193500,19.34,19.34,19.29,19.3,3320,0
CPZ.US,5,20211222,194000,19.3,19.3,19.3,19.3,2800,0
CPZ.US,5,20211222,194500,19.29,19.3,19.29,19.3,1000,0
CPZ.US,5,20211222,195000,19.2815,19.2815,19.2815,19.2815,800,0
CPZ.US,5,20211222,195500,19.29,19.3,19.29,19.3,500,0
CPZ.US,5,20211222,200000,19.3283,19.3283,19.3283,19.3283,500,0
CPZ.US,5,20211222,201000,19.3327,19.3327,19.29,19.29,1100,0
CPZ.US,5,20211222,202000,19.33,19.33,19.31,19.33,400,0
CPZ.US,5,20211222,202500,19.3,19.3,19.16,19.16,3025,0
CPZ.US,5,20211222,205500,19.305,19.305,19.305,19.305,100,0
CPZ.US,5,20211222,210000,19.32,19.32,19.32,19.32,100,0
CPZ.US,5,20211222,210500,19.34,19.34,19.33,19.33,1100,0
CPZ.US,5,20211222,211500,19.33,19.335,19.33,19.33,4600,0
CPZ.US,5,20211222,212000,19.295,19.33,19.295,19.295,700,0
CPZ.US,5,20211222,213000,19.295,19.34,19.295,19.34,7001,0
CPZ.US,5,20211222,213500,19.36,19.39,19.345,19.39,800,0
CPZ.US,5,20211222,214000,19.37,19.4,19.37,19.3999,2000,0
CPZ.US,5,20211222,214500,19.36,19.3892,19.36,19.3892,400,0
CPZ.US,5,20211222,215000,19.3347,19.3347,19.3347,19.3347,200,0
CPZ.US,5,20211222,215500,19.39,19.44,19.36,19.36,782,0
CPZ.US,5,20211223,153000,19.42,19.42,19.42,19.42,525,0
CPZ.US,5,20211223,153500,19.4585,19.4585,19.4585,19.4585,844,0
CPZ.US,5,20211223,155500,19.4354,19.4354,19.4354,19.4354,1000,0
CPZ.US,5,20211223,160000,19.47,19.58,19.36,19.47,2120,0
CPZ.US,5,20211223,160500,19.525,19.525,19.36,19.47,663,0
CPZ.US,5,20211223,161500,19.4,19.456,19.36,19.456,1315,0
CPZ.US,5,20211223,162500,19.57,19.58,19.57,19.58,300,0
CPZ.US,5,20211223,163500,19.575,19.575,19.575,19.575,105,0
CPZ.US,5,20211223,165000,19.5955,19.6,19.575,19.59,1200,0
CPZ.US,5,20211223,170000,19.575,19.6,19.52,19.6,1650,0
CPZ.US,5,20211223,171000,19.65,19.65,19.65,19.65,1380,0
CPZ.US,5,20211223,171500,19.6499,19.6499,19.6499,19.6499,750,0
CPZ.US,5,20211223,172500,19.5315,19.5315,19.5315,19.5315,661,0
CPZ.US,5,20211223,173000,19.6399,19.64,19.63,19.63,3546,0
CPZ.US,5,20211223,174000,19.56,19.56,19.55,19.55,2245,0
CPZ.US,5,20211223,174500,19.6,19.6348,19.52,19.535,3484,0
CPZ.US,5,20211223,175500,19.5266,19.5266,19.5266,19.5266,100,0
CPZ.US,5,20211223,180500,19.52,19.52,19.52,19.52,1100,0
CPZ.US,5,20211223,181000,19.535,19.535,19.535,19.535,100,0
CPZ.US,5,20211223,182000,19.535,19.535,19.535,19.535,100,0
CPZ.US,5,20211223,184500,19.535,19.535,19.535,19.535,200,0
CPZ.US,5,20211223,185000,19.55,19.55,19.55,19.55,100,0
CPZ.US,5,20211223,192500,19.535,19.535,19.535,19.535,300,0
CPZ.US,5,20211223,193500,19.53,19.55,19.53,19.55,1700,0
CPZ.US,5,20211223,194500,19.535,19.535,19.52,19.52,1826,0
CPZ.US,5,20211223,195000,19.55,19.5728,19.535,19.5728,1618,0
CPZ.US,5,20211223,195500,19.5501,19.5501,19.5501,19.5501,2500,0
CPZ.US,5,20211223,201000,19.6,19.61,19.6,19.6,7018,0
CPZ.US,5,20211223,204000,19.58,19.61,19.58,19.61,450,0
CPZ.US,5,20211223,205000,19.615,19.69,19.615,19.69,620,0
CPZ.US,5,20211223,205500,19.5801,19.667,19.5801,19.6642,3335,0
CPZ.US,5,20211223,212000,19.71,19.71,19.65,19.65,967,0
CPZ.US,5,20211223,212500,19.7,19.71,19.6627,19.71,1500,0
CPZ.US,5,20211223,213500,19.6728,19.71,19.5289,19.71,3973,0
CPZ.US,5,20211223,214500,19.6804,19.6804,19.6804,19.6804,212,0
CPZ.US,5,20211223,215500,19.67,19.68,19.67,19.68,400,0
