<TICKER>,<PER>,<DATE>,<TIME>,<OPEN>,<HIGH>,<LOW>,<CLOSE>,<VOL>,<OPENINT>
CRXTW.US,5,20211104,143000,0.6998,0.6998,0.6998,0.6998,1010,0
CRXTW.US,5,20211104,143500,0.6998,0.6999,0.6996,0.6998,2055,0
CRXTW.US,5,20211104,144000,0.6998,0.6998,0.6998,0.6998,600,0
CRXTW.US,5,20211104,145500,0.6999,0.6999,0.6998,0.6998,1800,0
CRXTW.US,5,20211104,150000,0.651101,0.651101,0.651101,0.651101,1000,0
CRXTW.US,5,20211104,150500,0.651,0.651,0.651,0.651,13000,0
CRXTW.US,5,20211104,151000,0.6998,0.6998,0.6998,0.6998,100,0
CRXTW.US,5,20211104,152000,0.69,0.7,0.6896,0.7,11057,0
CRXTW.US,5,20211104,152500,0.7019,0.7019,0.6652,0.6954,8400,0
CRXTW.US,5,20211104,153000,0.7002,0.765,0.7002,0.7007,57988,0
CRXTW.US,5,20211104,153500,0.71535,0.73,0.7098,0.720248,18597,0
CRXTW.US,5,20211104,154000,0.7003,0.7003,0.6702,0.6801,6500,0
CRXTW.US,5,20211104,154500,0.68,0.68,0.6702,0.6702,700,0
CRXTW.US,5,20211104,155000,0.6532,0.6543,0.6532,0.653201,500,0
CRXTW.US,5,20211104,155500,0.669999,0.669999,0.6576,0.6577,600,0
CRXTW.US,5,20211104,161000,0.6586,0.6586,0.6579,0.6579,2000,0
CRXTW.US,5,20211104,162000,0.68,0.7099,0.68,0.7098,8400,0
CRXTW.US,5,20211104,163000,0.6803,0.6948,0.6632,0.6632,24600,0
CRXTW.US,5,20211104,163500,0.6601,0.6761,0.658,0.6761,700,0
CRXTW.US,5,20211104,165000,0.6892,0.6947,0.6892,0.6947,1700,0
CRXTW.US,5,20211104,165500,0.71,0.7398,0.71,0.7398,600,0
CRXTW.US,5,20211104,170000,0.7,0.7001,0.7,0.7001,684,0
CRXTW.US,5,20211104,170500,0.7,0.745,0.6998,0.745,29637,0
CRXTW.US,5,20211104,171000,0.74,0.75,0.6749,0.7295,23200,0
CRXTW.US,5,20211104,171500,0.7247,0.78,0.72,0.77,57620,0
CRXTW.US,5,20211104,172000,0.76,0.76,0.710101,0.73,7400,0
CRXTW.US,5,20211104,172500,0.725,0.725,0.715101,0.7201,4400,0
CRXTW.US,5,20211104,173000,0.7103,0.735,0.695,0.735,8900,0
CRXTW.US,5,20211104,173500,0.74,0.78,0.7101,0.7388,67123,0
CRXTW.US,5,20211104,174000,0.7388,0.7599,0.72,0.7598,7082,0
CRXTW.US,5,20211104,174500,0.740449,0.7597,0.735,0.7597,2750,0
CRXTW.US,5,20211104,175000,0.7598,0.84,0.7597,0.824396,150912,0
CRXTW.US,5,20211104,175500,0.81,0.8101,0.7925,0.809799,16100,0
CRXTW.US,5,20211104,180000,0.7925,0.8099,0.761,0.761,5500,0
CRXTW.US,5,20211104,181000,0.8059,0.81,0.7929,0.81,25942,0
CRXTW.US,5,20211104,181500,0.81,0.83,0.780001,0.817773,39272,0
CRXTW.US,5,20211104,182000,0.82,1.17,0.81505,1.12,454422,0
CRXTW.US,5,20211104,182500,1.12,1.17,0.941,1.0601,422890,0
CRXTW.US,5,20211104,183000,1.05,1.1,0.98,1.03,167903,0
CRXTW.US,5,20211104,183500,1.02,1.06,0.9801,1.0103,75405,0
CRXTW.US,5,20211104,184000,1.02,1.05,0.9611,0.9824,43827,0
CRXTW.US,5,20211104,184500,0.9706,1.03,0.9601,1,78904,0
CRXTW.US,5,20211104,185000,0.98,1.0301,0.979999,1.01,32390,0
CRXTW.US,5,20211104,185500,1.01,1.02,0.99,0.9952,29795,0
CRXTW.US,5,20211104,190000,0.9999,1.04,0.9702,0.994,79381,0
CRXTW.US,5,20211104,190500,0.9703,0.99,0.9005,0.9124,40692,0
CRXTW.US,5,20211104,191000,0.949502,0.95,0.9102,0.925132,10020,0
CRXTW.US,5,20211104,191500,0.943508,0.943508,0.8059,0.8102,71094,0
CRXTW.US,5,20211104,192000,0.85,0.86,0.8111,0.82524,5450,0
CRXTW.US,5,20211104,192500,0.849,0.85,0.8201,0.835,38764,0
CRXTW.US,5,20211104,193000,0.85,0.85,0.78,0.79,12455,0
CRXTW.US,5,20211104,193500,0.7904,0.8299,0.7903,0.80995,12727,0
CRXTW.US,5,20211104,194000,0.8,0.829601,0.7901,0.799503,18230,0
CRXTW.US,5,20211104,194500,0.8,0.8,0.7,0.79,52770,0
CRXTW.US,5,20211104,195000,0.7699,0.7787,0.7208,0.74,10288,0
CRXTW.US,5,20211104,195500,0.74,0.74,0.6801,0.7,17671,0
CRXTW.US,5,20211104,200000,0.7,0.7386,0.67,0.7294,27613,0
CRXTW.US,5,20211104,200500,0.7,0.739299,0.699753,0.7222,105200,0
CRXTW.US,5,20211104,201000,0.705,0.72055,0.67,0.69,116901,0
CRXTW.US,5,20211104,201500,0.69,0.699799,0.6409,0.67,141197,0
CRXTW.US,5,20211104,202000,0.675,0.6784,0.6244,0.65,14700,0
CRXTW.US,5,20211104,202500,0.628,0.65795,0.628,0.641293,45903,0
CRXTW.US,5,20211104,203000,0.65795,0.6699,0.65,0.6699,4500,0
CRXTW.US,5,20211104,203500,0.66795,0.6758,0.64,0.6599,3500,0
CRXTW.US,5,20211104,204000,0.64,0.6499,0.63,0.635,29922,0
CRXTW.US,5,20211104,204500,0.635,0.663,0.635,0.66,15700,0
CRXTW.US,5,20211104,205000,0.65,0.6689,0.65,0.6672,3530,0
CRXTW.US,5,20211104,205500,0.67,0.67,0.64,0.6633,3816,0
CRXTW.US,5,20211105,143000,0.641,0.641,0.6121,0.631,1023,0
CRXTW.US,5,20211105,144000,0.637899,0.637899,0.622649,0.63,5255,0
CRXTW.US,5,20211105,145000,0.6155,0.6155,0.611,0.611,15784,0
CRXTW.US,5,20211105,145500,0.6121,0.6121,0.6111,0.611101,10600,0
CRXTW.US,5,20211105,150000,0.62,0.6213,0.62,0.6213,5910,0
CRXTW.US,5,20211105,151500,0.6184,0.62,0.6111,0.6111,19050,0
CRXTW.US,5,20211105,152000,0.612,0.612,0.611,0.611,8500,0
CRXTW.US,5,20211105,152500,0.6111,0.620499,0.611,0.620499,5442,0
CRXTW.US,5,20211105,153000,0.63,0.63,0.628,0.62999,5001,0
CRXTW.US,5,20211105,155500,0.613,0.613,0.6111,0.6111,1100,0
CRXTW.US,5,20211105,160000,0.611101,0.611101,0.611101,0.611101,7000,0
CRXTW.US,5,20211105,161500,0.612,0.612,0.6,0.6,14146,0
CRXTW.US,5,20211105,162000,0.585,0.6,0.585,0.6,289,0
CRXTW.US,5,20211105,162500,0.6044,0.6044,0.6043,0.6044,5814,0
CRXTW.US,5,20211105,163000,0.5889,0.5989,0.5889,0.5989,2182,0
CRXTW.US,5,20211105,163500,0.582,0.582,0.5818,0.5818,1200,0
CRXTW.US,5,20211105,164000,0.5989,0.5989,0.5989,0.5989,1000,0
CRXTW.US,5,20211105,165500,0.593114,0.593114,0.593114,0.593114,3000,0
CRXTW.US,5,20211105,170000,0.581,0.5999,0.581,0.59045,2922,0
CRXTW.US,5,20211105,170500,0.59,0.59,0.5811,0.5811,800,0
CRXTW.US,5,20211105,171000,0.59,0.59,0.59,0.59,1706,0
CRXTW.US,5,20211105,171500,0.5999,0.5999,0.59,0.59,1240,0
CRXTW.US,5,20211105,172000,0.599799,0.599799,0.599799,0.599799,3000,0
CRXTW.US,5,20211105,172500,0.599799,0.599799,0.5979,0.5979,800,0
CRXTW.US,5,20211105,173000,0.592,0.5989,0.592,0.5989,9200,0
CRXTW.US,5,20211105,174500,0.5989,0.5989,0.595,0.595,5960,0
CRXTW.US,5,20211105,175500,0.5989,0.5989,0.5989,0.5989,997,0
CRXTW.US,5,20211105,180500,0.5989,0.5989,0.5989,0.5989,199,0
CRXTW.US,5,20211105,181000,0.5979,0.5979,0.5979,0.5979,300,0
CRXTW.US,5,20211105,181500,0.5979,0.5979,0.5979,0.5979,100,0
CRXTW.US,5,20211105,182500,0.5901,0.5901,0.588001,0.588001,2508,0
CRXTW.US,5,20211105,183000,0.588,0.588,0.588,0.588,100,0
CRXTW.US,5,20211105,183500,0.581,0.581,0.581,0.581,700,0
CRXTW.US,5,20211105,184000,0.581,0.581,0.581,0.581,100,0
CRXTW.US,5,20211105,185000,0.581,0.581,0.579,0.579,2985,0
CRXTW.US,5,20211105,185500,0.58205,0.58205,0.58205,0.58205,1000,0
CRXTW.US,5,20211105,191500,0.58,0.58,0.58,0.58,700,0
CRXTW.US,5,20211105,193000,0.580101,0.580101,0.580101,0.580101,150,0
CRXTW.US,5,20211105,193500,0.5899,0.5939,0.5899,0.5899,1710,0
CRXTW.US,5,20211105,194000,0.6228,0.6228,0.6213,0.6213,1024,0
CRXTW.US,5,20211105,194500,0.613449,0.613449,0.613449,0.613449,1000,0
CRXTW.US,5,20211105,195000,0.62,0.6298,0.62,0.6262,1600,0
CRXTW.US,5,20211105,195500,0.62,0.62,0.6,0.6,200,0
CRXTW.US,5,20211105,202000,0.6,0.6,0.6,0.6,400,0
CRXTW.US,5,20211105,202500,0.62,0.62,0.6001,0.6001,1100,0
CRXTW.US,5,20211105,203500,0.6269,0.6297,0.6253,0.6253,1400,0
CRXTW.US,5,20211105,204000,0.62,0.62,0.62,0.62,100,0
CRXTW.US,5,20211105,204500,0.620049,0.620049,0.6101,0.6101,1100,0
CRXTW.US,5,20211105,205500,0.6,0.6,0.6,0.6,456,0
CRXTW.US,5,20211108,153000,0.6006,0.6006,0.6006,0.6006,10023,0
CRXTW.US,5,20211108,153500,0.62,0.629799,0.6185,0.629799,5000,0
CRXTW.US,5,20211108,154000,0.6298,0.6298,0.6298,0.6298,5000,0
CRXTW.US,5,20211108,154500,0.62,0.625,0.62,0.625,1100,0
CRXTW.US,5,20211108,155500,0.6193,0.6193,0.6193,0.6193,1000,0
CRXTW.US,5,20211108,160000,0.6193,0.6199,0.61,0.61,3500,0
CRXTW.US,5,20211108,161000,0.6101,0.63,0.6101,0.63,2800,0
CRXTW.US,5,20211108,163500,0.63,0.6362,0.625,0.625,34900,0
CRXTW.US,5,20211108,170500,0.6011,0.6011,0.6011,0.6011,1003,0
CRXTW.US,5,20211108,171500,0.601201,0.601201,0.601201,0.601201,620,0
CRXTW.US,5,20211108,174500,0.610501,0.610501,0.610501,0.610501,570,0
CRXTW.US,5,20211108,175000,0.6105,0.6152,0.6105,0.6105,1784,0
CRXTW.US,5,20211108,180000,0.6099,0.6099,0.6099,0.6099,500,0
CRXTW.US,5,20211108,180500,0.6012,0.61,0.6,0.6075,9994,0
CRXTW.US,5,20211108,181000,0.605101,0.605101,0.605101,0.605101,200,0
CRXTW.US,5,20211108,193000,0.61,0.61,0.61,0.61,700,0
CRXTW.US,5,20211108,195000,0.63,0.638,0.63,0.63,500,0
CRXTW.US,5,20211108,201000,0.6108,0.6108,0.605,0.605,2980,0
CRXTW.US,5,20211108,201500,0.605,0.605,0.605,0.605,3500,0
CRXTW.US,5,20211108,202000,0.60504,0.60504,0.60504,0.60504,100,0
CRXTW.US,5,20211108,202500,0.6224,0.6224,0.605101,0.605101,2100,0
CRXTW.US,5,20211108,203000,0.605,0.605,0.5747,0.5747,29990,0
CRXTW.US,5,20211108,210000,0.586,0.586,0.586,0.586,10000,0
CRXTW.US,5,20211108,212500,0.598,0.598,0.598,0.598,200,0
CRXTW.US,5,20211108,213500,0.639899,0.639899,0.639899,0.639899,100,0
CRXTW.US,5,20211108,215000,0.6051,0.6051,0.6051,0.6051,100,0
CRXTW.US,5,20211108,215500,0.628,0.635,0.628,0.63,1000,0
CRXTW.US,5,20211109,153000,0.63,0.63,0.63,0.63,2000,0
CRXTW.US,5,20211109,153500,0.6299,0.63,0.6299,0.63,1000,0
CRXTW.US,5,20211109,154000,0.63,0.698599,0.63,0.698599,2536,0
CRXTW.US,5,20211109,160000,0.6285,0.6285,0.6,0.6,1094,0
CRXTW.US,5,20211109,161500,0.6256,0.6269,0.6256,0.6269,1200,0
CRXTW.US,5,20211109,163000,0.6111,0.6229,0.6,0.6,2106,0
CRXTW.US,5,20211109,170500,0.5999,0.6,0.5999,0.6,2122,0
CRXTW.US,5,20211109,172500,0.61,0.61,0.59,0.59,1060,0
CRXTW.US,5,20211109,173500,0.6,0.6,0.6,0.6,500,0
CRXTW.US,5,20211109,174000,0.59,0.6,0.59,0.6,3053,0
CRXTW.US,5,20211109,174500,0.59,0.59,0.586,0.586,10700,0
CRXTW.US,5,20211109,175000,0.575,0.575,0.575,0.575,500,0
CRXTW.US,5,20211109,175500,0.5899,0.5899,0.5899,0.5899,15000,0
CRXTW.US,5,20211109,180000,0.59,0.59,0.59,0.59,100,0
CRXTW.US,5,20211109,180500,0.59,0.59,0.59,0.59,100,0
CRXTW.US,5,20211109,181000,0.589899,0.59,0.589751,0.59,17445,0
CRXTW.US,5,20211109,190000,0.59,0.59,0.59,0.59,200,0
CRXTW.US,5,20211109,192500,0.59,0.592,0.59,0.592,1800,0
CRXTW.US,5,20211109,195000,0.5903,0.5903,0.5901,0.5901,1249,0
CRXTW.US,5,20211109,200000,0.5901,0.5901,0.5901,0.5901,200,0
CRXTW.US,5,20211109,202500,0.5901,0.5901,0.5901,0.5901,100,0
CRXTW.US,5,20211109,203500,0.608451,0.608451,0.608451,0.608451,200,0
CRXTW.US,5,20211109,215500,0.592,0.592,0.592,0.592,790,0
CRXTW.US,5,20211110,153000,0.575,0.575,0.575,0.575,10016,0
CRXTW.US,5,20211110,153500,0.6074,0.6074,0.6074,0.6074,1000,0
CRXTW.US,5,20211110,154000,0.58,0.58,0.575,0.575,2999,0
CRXTW.US,5,20211110,154500,0.5751,0.5751,0.5751,0.5751,200,0
CRXTW.US,5,20211110,160000,0.58,0.5992,0.58,0.5882,1300,0
CRXTW.US,5,20211110,160500,0.58,0.5801,0.575101,0.575101,500,0
CRXTW.US,5,20211110,161500,0.6073,0.6073,0.5998,0.5998,3000,0
CRXTW.US,5,20211110,163500,0.58,0.58,0.58,0.58,200,0
CRXTW.US,5,20211110,164000,0.579699,0.579699,0.579699,0.579699,900,0
CRXTW.US,5,20211110,164500,0.5798,0.5798,0.5774,0.5774,2887,0
CRXTW.US,5,20211110,165500,0.5798,0.5798,0.5798,0.5798,166,0
CRXTW.US,5,20211110,171500,0.59,0.64,0.59,0.6388,14439,0
CRXTW.US,5,20211110,172000,0.639899,0.6501,0.6209,0.6209,19000,0
CRXTW.US,5,20211110,172500,0.6319,0.6319,0.6101,0.6101,600,0
CRXTW.US,5,20211110,173000,0.6101,0.62,0.6101,0.62,458,0
CRXTW.US,5,20211110,173500,0.62,0.63,0.62,0.63,2300,0
CRXTW.US,5,20211110,174000,0.64,0.6499,0.64,0.649899,2980,0
CRXTW.US,5,20211110,174500,0.6301,0.6301,0.625051,0.625051,250,0
CRXTW.US,5,20211110,180000,0.6002,0.65,0.6002,0.65,31525,0
CRXTW.US,5,20211110,182000,0.6499,0.6499,0.6499,0.6499,200,0
CRXTW.US,5,20211110,184000,0.6399,0.6488,0.6002,0.6002,1100,0
CRXTW.US,5,20211110,191500,0.6,0.6006,0.6,0.6001,8895,0
CRXTW.US,5,20211110,192000,0.6149,0.6149,0.6149,0.6149,1500,0
CRXTW.US,5,20211110,193500,0.61,0.61,0.59,0.59,2800,0
CRXTW.US,5,20211110,194000,0.5901,0.5901,0.5877,0.59,6845,0
CRXTW.US,5,20211110,194500,0.5901,0.5901,0.5901,0.5901,1300,0
CRXTW.US,5,20211110,202000,0.5901,0.5901,0.57,0.5901,30950,0
CRXTW.US,5,20211110,203000,0.5701,0.5701,0.55,0.55,38853,0
CRXTW.US,5,20211110,204000,0.5455,0.55,0.545,0.55,33729,0
CRXTW.US,5,20211110,204500,0.5455,0.55,0.5455,0.5455,5700,0
CRXTW.US,5,20211110,205000,0.5455,0.5557,0.5455,0.5557,1000,0
CRXTW.US,5,20211110,210000,0.5446,0.5446,0.541,0.541,1275,0
CRXTW.US,5,20211110,211000,0.549899,0.549899,0.549899,0.549899,300,0
CRXTW.US,5,20211110,211500,0.541,0.541,0.541,0.541,880,0
CRXTW.US,5,20211110,212500,0.5451,0.5451,0.5451,0.5451,500,0
CRXTW.US,5,20211110,213500,0.55755,0.55755,0.55755,0.55755,650,0
CRXTW.US,5,20211110,215000,0.5451,0.5451,0.5451,0.5451,200,0
CRXTW.US,5,20211110,215500,0.55,0.55,0.545,0.55,3800,0
CRXTW.US,5,20211111,154500,0.624901,0.624901,0.624901,0.624901,650,0
CRXTW.US,5,20211111,171500,0.571,0.571,0.571,0.571,500,0
CRXTW.US,5,20211111,172000,0.57,0.57,0.55007,0.5501,1100,0
CRXTW.US,5,20211111,172500,0.55,0.55,0.55,0.55,10423,0
CRXTW.US,5,20211111,173500,0.5495,0.5495,0.5401,0.540299,4067,0
CRXTW.US,5,20211111,174500,0.5401,0.5402,0.5401,0.5401,833,0
CRXTW.US,5,20211111,175000,0.54,0.54,0.54,0.54,3000,0
CRXTW.US,5,20211111,175500,0.54,0.5401,0.54,0.5401,400,0
CRXTW.US,5,20211111,180500,0.5399,0.5399,0.53,0.53,500,0
CRXTW.US,5,20211111,181000,0.5301,0.5301,0.5202,0.5205,7000,0
CRXTW.US,5,20211111,194500,0.5434,0.5434,0.5434,0.5434,2000,0
CRXTW.US,5,20211111,200000,0.544,0.544,0.544,0.544,550,0
CRXTW.US,5,20211111,203000,0.549799,0.549799,0.549799,0.549799,8400,0
CRXTW.US,5,20211111,204000,0.535651,0.535651,0.535651,0.535651,2380,0
CRXTW.US,5,20211111,205000,0.525,0.55,0.525,0.544,5400,0
CRXTW.US,5,20211111,215000,0.549799,0.549799,0.549799,0.549799,1818,0
CRXTW.US,5,20211112,162000,0.5498,0.5498,0.545,0.545,395,0
CRXTW.US,5,20211112,162500,0.55,0.55,0.525,0.525,5899,0
CRXTW.US,5,20211112,173000,0.5349,0.5349,0.5349,0.5349,1000,0
CRXTW.US,5,20211112,180000,0.5316,0.5316,0.5316,0.5316,1000,0
CRXTW.US,5,20211112,181000,0.5349,0.5368,0.5349,0.5368,1400,0
CRXTW.US,5,20211112,182500,0.5429,0.5429,0.5368,0.5368,1000,0
CRXTW.US,5,20211112,183500,0.5489,0.5489,0.5489,0.5489,1000,0
CRXTW.US,5,20211112,184500,0.5392,0.5392,0.5368,0.5368,3000,0
CRXTW.US,5,20211112,193000,0.5399,0.5399,0.5398,0.5398,840,0
CRXTW.US,5,20211112,194500,0.5381,0.54,0.5111,0.54,10422,0
CRXTW.US,5,20211112,195000,0.511,0.511,0.511,0.511,7075,0
CRXTW.US,5,20211112,195500,0.5399,0.5399,0.5298,0.5298,7590,0
CRXTW.US,5,20211112,200500,0.53,0.53,0.5298,0.5298,10000,0
CRXTW.US,5,20211112,204000,0.539449,0.548711,0.539449,0.548711,2000,0
CRXTW.US,5,20211112,204500,0.530101,0.530101,0.530101,0.530101,100,0
CRXTW.US,5,20211112,213000,0.5489,0.549,0.5488,0.5489,2000,0
CRXTW.US,5,20211112,213500,0.549,0.55,0.540101,0.540101,3100,0
CRXTW.US,5,20211112,215000,0.542801,0.542801,0.542801,0.542801,7000,0
CRXTW.US,5,20211115,153000,0.5202,0.530001,0.5202,0.53,7830,0
CRXTW.US,5,20211115,154000,0.53,0.53,0.53,0.53,2928,0
CRXTW.US,5,20211115,160500,0.555366,0.555366,0.555366,0.555366,3000,0
CRXTW.US,5,20211115,172000,0.5231,0.5231,0.5231,0.5231,8806,0
CRXTW.US,5,20211115,174500,0.5399,0.5399,0.5396,0.5396,1500,0
CRXTW.US,5,20211115,175000,0.521301,0.521301,0.521301,0.521301,959,0
CRXTW.US,5,20211115,191000,0.53,0.53,0.5278,0.5278,1340,0
CRXTW.US,5,20211115,193500,0.5277,0.5277,0.5277,0.5277,250,0
CRXTW.US,5,20211115,194000,0.52475,0.52475,0.52475,0.52475,1000,0
CRXTW.US,5,20211115,195000,0.522,0.522,0.522,0.522,204,0
CRXTW.US,5,20211115,195500,0.5221,0.5221,0.5221,0.5221,300,0
CRXTW.US,5,20211115,200000,0.5221,0.5221,0.5221,0.5221,200,0
CRXTW.US,5,20211115,215500,0.523,0.5231,0.523,0.5231,2000,0
CRXTW.US,5,20211116,154000,0.5978,0.5978,0.5978,0.5978,167,0
CRXTW.US,5,20211116,161000,0.523,0.5231,0.523,0.5231,1996,0
CRXTW.US,5,20211116,162000,0.5238,0.5238,0.5237,0.5237,2000,0
CRXTW.US,5,20211116,163000,0.522,0.5223,0.522,0.5222,1496,0
CRXTW.US,5,20211116,165000,0.5223,0.5223,0.5223,0.5223,500,0
CRXTW.US,5,20211116,165500,0.5223,0.5223,0.52,0.52,451,0
CRXTW.US,5,20211116,170000,0.5206,0.5206,0.5206,0.5206,200,0
CRXTW.US,5,20211116,170500,0.5212,0.5212,0.5206,0.5212,801,0
CRXTW.US,5,20211116,182000,0.53,0.53,0.511,0.511,29900,0
CRXTW.US,5,20211116,182500,0.501,0.501,0.501,0.501,2400,0
CRXTW.US,5,20211116,204000,0.522,0.522,0.502,0.502,3200,0
CRXTW.US,5,20211116,205000,0.501,0.501,0.4977,0.4977,5240,0
CRXTW.US,5,20211116,205500,0.495,0.4951,0.495,0.4951,2802,0
CRXTW.US,5,20211116,210000,0.4952,0.5018,0.4951,0.4984,8800,0
CRXTW.US,5,20211116,210500,0.5018,0.5064,0.4985,0.499878,9700,0
CRXTW.US,5,20211116,211000,0.499899,0.5,0.499899,0.5,7890,0
CRXTW.US,5,20211116,212500,0.498,0.5,0.4951,0.4951,6200,0
CRXTW.US,5,20211116,213000,0.495,0.495,0.495,0.495,200,0
CRXTW.US,5,20211116,213500,0.499999,0.5,0.499266,0.499266,1600,0
CRXTW.US,5,20211116,214000,0.5201,0.5201,0.5005,0.51,6600,0
CRXTW.US,5,20211116,215000,0.55,0.55,0.55,0.55,4900,0
CRXTW.US,5,20211116,215500,0.54,0.55,0.5102,0.5102,1900,0
CRXTW.US,5,20211117,153000,0.52,0.55555,0.52,0.55555,1800,0
CRXTW.US,5,20211117,153500,0.548,0.548,0.5401,0.5402,2750,0
CRXTW.US,5,20211117,154000,0.5312,0.5312,0.5312,0.5312,100,0
CRXTW.US,5,20211117,154500,0.549,0.549,0.5475,0.549,1300,0
CRXTW.US,5,20211117,155000,0.55,0.55,0.55,0.55,400,0
CRXTW.US,5,20211117,155500,0.5401,0.5401,0.54,0.54,300,0
CRXTW.US,5,20211117,163000,0.532,0.532,0.5311,0.5311,1990,0
CRXTW.US,5,20211117,164500,0.534,0.534,0.534,0.534,200,0
CRXTW.US,5,20211117,171500,0.53,0.53,0.53,0.53,250,0
CRXTW.US,5,20211117,172000,0.5111,0.5111,0.5,0.5,7013,0
CRXTW.US,5,20211117,172500,0.49,0.49,0.49,0.49,100,0
CRXTW.US,5,20211117,173000,0.49,0.49,0.49,0.49,1600,0
CRXTW.US,5,20211117,182500,0.49,0.49,0.49,0.49,200,0
CRXTW.US,5,20211117,194500,0.491,0.491,0.491,0.491,100,0
CRXTW.US,5,20211117,204500,0.5,0.5,0.4911,0.4911,3600,0
CRXTW.US,5,20211117,205500,0.49,0.4901,0.49,0.4901,1900,0
CRXTW.US,5,20211117,211500,0.51,0.537999,0.51,0.537999,6451,0
CRXTW.US,5,20211117,212000,0.523999,0.5368,0.523999,0.5368,450,0
CRXTW.US,5,20211117,212500,0.519,0.5368,0.519,0.5368,5000,0
CRXTW.US,5,20211117,213500,0.535,0.535,0.535,0.535,160,0
CRXTW.US,5,20211118,161000,0.535,0.535,0.535,0.535,2000,0
CRXTW.US,5,20211118,162000,0.5198,0.52,0.5198,0.52,4830,0
CRXTW.US,5,20211118,162500,0.5299,0.5299,0.525144,0.525144,900,0
CRXTW.US,5,20211118,164500,0.510101,0.511,0.510101,0.511,2291,0
CRXTW.US,5,20211118,171000,0.511,0.511,0.51,0.51,8705,0
CRXTW.US,5,20211118,171500,0.51,0.51,0.509999,0.509999,1870,0
CRXTW.US,5,20211118,175000,0.5,0.5,0.5,0.5,2900,0
CRXTW.US,5,20211118,175500,0.49,0.49,0.4803,0.4803,1522,0
CRXTW.US,5,20211118,180000,0.4801,0.4801,0.480098,0.480098,1000,0
CRXTW.US,5,20211118,180500,0.49,0.49,0.48982,0.48982,500,0
CRXTW.US,5,20211118,181000,0.49,0.49,0.481,0.481,800,0
CRXTW.US,5,20211118,183000,0.4813,0.4813,0.481,0.481,1818,0
CRXTW.US,5,20211118,184000,0.5195,0.5195,0.5195,0.5195,1000,0
CRXTW.US,5,20211118,191000,0.51,0.51,0.51,0.51,1000,0
CRXTW.US,5,20211118,201500,0.518459,0.518459,0.518459,0.518459,3000,0
CRXTW.US,5,20211118,202000,0.5114,0.5114,0.5114,0.5114,300,0
CRXTW.US,5,20211118,211000,0.5195,0.5195,0.5195,0.5195,1000,0
CRXTW.US,5,20211118,212500,0.5118,0.5118,0.5117,0.5118,500,0
CRXTW.US,5,20211118,215500,0.51,0.51,0.51,0.51,400,0
CRXTW.US,5,20211119,153000,0.5105,0.5105,0.5,0.5,3000,0
CRXTW.US,5,20211119,155000,0.5534,0.5534,0.5001,0.5001,9000,0
CRXTW.US,5,20211119,162500,0.5389,0.5389,0.5389,0.5389,100,0
CRXTW.US,5,20211119,163000,0.539899,0.539899,0.539899,0.539899,1000,0
CRXTW.US,5,20211119,163500,0.5389,0.5389,0.52,0.52,1100,0
CRXTW.US,5,20211119,164000,0.5004,0.5013,0.5002,0.5013,1200,0
CRXTW.US,5,20211119,164500,0.517748,0.517748,0.5001,0.5001,10200,0
CRXTW.US,5,20211119,174500,0.501101,0.501101,0.501101,0.501101,300,0
CRXTW.US,5,20211119,182500,0.501,0.501,0.4509,0.46,11848,0
CRXTW.US,5,20211119,183000,0.47,0.47,0.47,0.47,1400,0
CRXTW.US,5,20211119,183500,0.47,0.47,0.47,0.47,500,0
CRXTW.US,5,20211119,184000,0.4552,0.4552,0.455,0.455,2100,0
CRXTW.US,5,20211119,190500,0.47,0.47,0.47,0.47,1000,0
CRXTW.US,5,20211119,191500,0.48,0.48,0.47,0.47,600,0
CRXTW.US,5,20211119,192000,0.4701,0.4701,0.47,0.4701,1100,0
CRXTW.US,5,20211119,200000,0.47,0.48,0.47,0.48,1100,0
CRXTW.US,5,20211119,200500,0.48,0.48,0.48,0.48,200,0
CRXTW.US,5,20211119,203000,0.472,0.472,0.47,0.4701,13100,0
CRXTW.US,5,20211119,204500,0.47,0.47,0.47,0.47,6700,0
CRXTW.US,5,20211119,205500,0.47,0.47,0.47,0.47,300,0
CRXTW.US,5,20211119,211500,0.47,0.47,0.47,0.47,500,0
CRXTW.US,5,20211119,214500,0.463369,0.4634,0.4502,0.4505,3582,0
CRXTW.US,5,20211122,153000,0.451,0.451,0.45,0.4501,741,0
CRXTW.US,5,20211122,154500,0.473951,0.473951,0.473951,0.473951,600,0
CRXTW.US,5,20211122,161500,0.451,0.451,0.451,0.451,100,0
CRXTW.US,5,20211122,170500,0.45,0.45,0.45,0.45,2148,0
CRXTW.US,5,20211122,171500,0.45,0.45,0.45,0.45,500,0
CRXTW.US,5,20211122,193000,0.474001,0.474001,0.474001,0.474001,1250,0
CRXTW.US,5,20211122,212500,0.475,0.475,0.46,0.46,1850,0
CRXTW.US,5,20211122,213500,0.4501,0.4501,0.45,0.45,1820,0
CRXTW.US,5,20211122,214500,0.497799,0.497799,0.497799,0.497799,167,0
CRXTW.US,5,20211122,215000,0.4739,0.4739,0.4739,0.4739,5000,0
CRXTW.US,5,20211122,215500,0.47395,0.47395,0.4739,0.4739,400,0
CRXTW.US,5,20211123,155500,0.495,0.495,0.495,0.495,3000,0
CRXTW.US,5,20211123,164000,0.4998,0.5,0.494,0.4998,10000,0
CRXTW.US,5,20211123,164500,0.4997,0.5131,0.488,0.499501,51733,0
CRXTW.US,5,20211123,165000,0.5155,0.57,0.5155,0.5699,60821,0
CRXTW.US,5,20211123,165500,0.5599,0.71,0.54,0.65,132676,0
CRXTW.US,5,20211123,170000,0.6495,0.7159,0.61,0.6998,101340,0
CRXTW.US,5,20211123,170500,0.6998,0.8303,0.65,0.71,718821,0
CRXTW.US,5,20211123,171000,0.7199,0.78,0.6604,0.6829,204452,0
CRXTW.US,5,20211123,171500,0.6829,0.6829,0.5511,0.63,131247,0
CRXTW.US,5,20211123,172000,0.6472,0.6998,0.6301,0.64,60892,0
CRXTW.US,5,20211123,172500,0.65,0.66,0.56,0.570101,36263,0
CRXTW.US,5,20211123,173000,0.5899,0.6099,0.5601,0.6,35040,0
CRXTW.US,5,20211123,173500,0.6099,0.62,0.605,0.6196,15732,0
CRXTW.US,5,20211123,174000,0.6173,0.6173,0.59,0.6,40670,0
CRXTW.US,5,20211123,174500,0.6,0.6015,0.57,0.5998,21080,0
CRXTW.US,5,20211123,175000,0.5706,0.5706,0.561,0.561,14761,0
CRXTW.US,5,20211123,175500,0.599799,0.599799,0.5645,0.5645,3800,0
CRXTW.US,5,20211123,180000,0.5647,0.575,0.5646,0.575,5200,0
CRXTW.US,5,20211123,180500,0.57365,0.57365,0.527,0.55855,11440,0
CRXTW.US,5,20211123,181000,0.589,0.5951,0.589,0.5951,33460,0
CRXTW.US,5,20211123,181500,0.6001,0.6001,0.5957,0.5957,2600,0
CRXTW.US,5,20211123,182000,0.6002,0.6029,0.59,0.59,16100,0
CRXTW.US,5,20211123,182500,0.567,0.57,0.567,0.57,1054,0
CRXTW.US,5,20211123,183500,0.574949,0.62,0.574949,0.6199,9162,0
CRXTW.US,5,20211123,184000,0.62,0.62,0.588,0.59385,790,0
CRXTW.US,5,20211123,184500,0.59385,0.63745,0.59385,0.61,71843,0
CRXTW.US,5,20211123,185000,0.619,0.619,0.5771,0.6003,18959,0
CRXTW.US,5,20211123,185500,0.6003,0.6375,0.6003,0.6375,31891,0
CRXTW.US,5,20211123,190000,0.6375,0.6375,0.57805,0.5903,37253,0
CRXTW.US,5,20211123,190500,0.5903,0.6374,0.5802,0.5802,68688,0
CRXTW.US,5,20211123,191000,0.5951,0.6199,0.58,0.5801,15300,0
CRXTW.US,5,20211123,191500,0.5812,0.598,0.5501,0.5501,11670,0
CRXTW.US,5,20211123,192000,0.5788,0.5788,0.5788,0.5788,1672,0
CRXTW.US,5,20211123,192500,0.5787,0.578701,0.5621,0.578701,15900,0
CRXTW.US,5,20211123,193000,0.58,0.58,0.55,0.5698,3300,0
CRXTW.US,5,20211123,193500,0.55,0.5621,0.55,0.5599,10754,0
CRXTW.US,5,20211123,194000,0.55,0.5599,0.55,0.559655,5338,0
CRXTW.US,5,20211123,194500,0.5788,0.5788,0.5788,0.5788,100,0
CRXTW.US,5,20211123,195000,0.56,0.56,0.5551,0.5551,14263,0
CRXTW.US,5,20211123,200000,0.5776,0.578,0.5776,0.578,1200,0
CRXTW.US,5,20211123,200500,0.5799,0.6199,0.578,0.6001,15822,0
CRXTW.US,5,20211123,201000,0.59,0.61,0.585,0.585,13378,0
CRXTW.US,5,20211123,201500,0.585,0.6287,0.582393,0.6001,20735,0
CRXTW.US,5,20211123,202000,0.61,0.6375,0.61,0.6201,10443,0
CRXTW.US,5,20211123,202500,0.6273,0.6372,0.6006,0.61,6922,0
CRXTW.US,5,20211123,203000,0.5901,0.605,0.5901,0.604999,6225,0
CRXTW.US,5,20211123,203500,0.619,0.6199,0.619,0.6199,8764,0
CRXTW.US,5,20211123,204000,0.59,0.593501,0.5552,0.5901,13575,0
CRXTW.US,5,20211123,204500,0.596597,0.6373,0.576849,0.6373,12678,0
CRXTW.US,5,20211123,205000,0.6201,0.63,0.62,0.62,22572,0
CRXTW.US,5,20211123,210000,0.59635,0.655,0.59635,0.6388,97747,0
CRXTW.US,5,20211123,210500,0.6404,0.6404,0.621001,0.621001,800,0
CRXTW.US,5,20211123,211000,0.623701,0.623701,0.6236,0.6236,2434,0
CRXTW.US,5,20211123,211500,0.60045,0.6194,0.6,0.6194,11900,0
CRXTW.US,5,20211123,212000,0.5963,0.607051,0.57,0.572,6128,0
CRXTW.US,5,20211123,212500,0.57,0.572,0.5699,0.5699,15000,0
CRXTW.US,5,20211123,213000,0.6098,0.6098,0.6098,0.6098,1000,0
CRXTW.US,5,20211123,214000,0.6098,0.6098,0.58995,0.609699,10400,0
CRXTW.US,5,20211123,214500,0.5971,0.6094,0.5809,0.5809,6512,0
CRXTW.US,5,20211123,215000,0.5701,0.5701,0.57,0.57,3110,0
CRXTW.US,5,20211123,215500,0.5554,0.57,0.53,0.5494,52044,0
CRXTW.US,5,20211124,153000,0.46,0.4896,0.45,0.450101,18400,0
CRXTW.US,5,20211124,153500,0.4501,0.46,0.44,0.44,14453,0
CRXTW.US,5,20211124,154000,0.44,0.4405,0.44,0.44,3599,0
CRXTW.US,5,20211124,154500,0.4499,0.4598,0.44,0.44,11987,0
CRXTW.US,5,20211124,155000,0.430101,0.4599,0.430101,0.4599,20798,0
CRXTW.US,5,20211124,155500,0.463,0.463,0.4599,0.4599,2900,0
CRXTW.US,5,20211124,160000,0.463,0.463,0.462,0.4627,1000,0
CRXTW.US,5,20211124,160500,0.451,0.451,0.431,0.431,6437,0
CRXTW.US,5,20211124,161000,0.43,0.43,0.43,0.43,500,0
CRXTW.US,5,20211124,161500,0.4378,0.4378,0.4311,0.4311,1550,0
CRXTW.US,5,20211124,162000,0.45,0.45,0.45,0.45,2665,0
CRXTW.US,5,20211124,162500,0.449,0.449,0.449,0.449,2536,0
CRXTW.US,5,20211124,163500,0.4324,0.440449,0.4324,0.440449,5198,0
CRXTW.US,5,20211124,164000,0.4489,0.4489,0.4459,0.4488,20000,0
CRXTW.US,5,20211124,164500,0.4405,0.4405,0.44,0.44,3600,0
CRXTW.US,5,20211124,165000,0.4324,0.436,0.43,0.43,6100,0
CRXTW.US,5,20211124,165500,0.4396,0.4399,0.4353,0.4392,52500,0
CRXTW.US,5,20211124,170000,0.4397,0.4397,0.4397,0.4397,200,0
CRXTW.US,5,20211124,171000,0.437501,0.4398,0.437501,0.4398,2800,0
CRXTW.US,5,20211124,172500,0.4338,0.4338,0.4338,0.4338,200,0
CRXTW.US,5,20211124,173000,0.4337,0.4337,0.43,0.43,46511,0
CRXTW.US,5,20211124,173500,0.4301,0.4338,0.4301,0.4338,1100,0
CRXTW.US,5,20211124,174000,0.435,0.435,0.435,0.435,2000,0
CRXTW.US,5,20211124,174500,0.4351,0.4351,0.435098,0.435098,400,0
CRXTW.US,5,20211124,175000,0.435,0.435,0.435,0.435,100,0
CRXTW.US,5,20211124,175500,0.4351,0.4351,0.4351,0.4351,100,0
CRXTW.US,5,20211124,180500,0.4351,0.4351,0.422,0.4257,25345,0
CRXTW.US,5,20211124,181000,0.4256,0.4256,0.4256,0.4256,100,0
CRXTW.US,5,20211124,181500,0.4256,0.4256,0.4256,0.4256,150,0
CRXTW.US,5,20211124,182000,0.4256,0.432799,0.4256,0.432799,2800,0
CRXTW.US,5,20211124,183500,0.4257,0.426,0.4257,0.4257,20100,0
CRXTW.US,5,20211124,184000,0.4258,0.459399,0.4258,0.459399,4400,0
CRXTW.US,5,20211124,184500,0.4448,0.4595,0.4448,0.4595,13800,0
CRXTW.US,5,20211124,185000,0.4595,0.4595,0.4595,0.4595,700,0
CRXTW.US,5,20211124,192000,0.459199,0.459199,0.459,0.459,1401,0
CRXTW.US,5,20211124,192500,0.4501,0.4502,0.45,0.45,3800,0
CRXTW.US,5,20211124,193000,0.4501,0.454999,0.450098,0.4512,4000,0
CRXTW.US,5,20211124,194500,0.4788,0.4788,0.4788,0.4788,664,0
CRXTW.US,5,20211124,195500,0.477,0.477,0.4663,0.477,2000,0
CRXTW.US,5,20211124,202000,0.4525,0.4525,0.448,0.448,3920,0
CRXTW.US,5,20211124,203000,0.4504,0.4504,0.4502,0.4502,2100,0
CRXTW.US,5,20211124,204000,0.4406,0.4406,0.4406,0.4406,100,0
CRXTW.US,5,20211124,204500,0.44,0.455,0.44,0.455,17888,0
CRXTW.US,5,20211124,205000,0.448,0.448,0.4461,0.4477,1000,0
CRXTW.US,5,20211124,205500,0.45,0.45,0.4488,0.45,2100,0
CRXTW.US,5,20211124,210500,0.45,0.45,0.45,0.45,800,0
CRXTW.US,5,20211124,213000,0.4501,0.4501,0.4501,0.4501,100,0
CRXTW.US,5,20211124,215000,0.4501,0.4501,0.45,0.45,2300,0
CRXTW.US,5,20211124,215500,0.45,0.4521,0.45,0.45,9200,0
CRXTW.US,5,20211126,154000,0.44,0.48,0.44,0.46,6581,0
CRXTW.US,5,20211126,155000,0.444537,0.444537,0.444537,0.444537,160,0
CRXTW.US,5,20211126,160500,0.46,0.46,0.46,0.46,1308,0
CRXTW.US,5,20211126,161000,0.4799,0.4799,0.4796,0.4796,1000,0
CRXTW.US,5,20211126,163500,0.47,0.47,0.46,0.46,5964,0
CRXTW.US,5,20211126,174500,0.4799,0.5099,0.4601,0.5099,58931,0
CRXTW.US,5,20211126,175000,0.460201,0.5099,0.45,0.4998,10495,0
CRXTW.US,5,20211126,181000,0.499899,0.499899,0.499899,0.499899,700,0
CRXTW.US,5,20211126,184000,0.498,0.4999,0.498,0.498,6100,0
CRXTW.US,5,20211126,184500,0.48,0.48,0.4302,0.4302,10306,0
CRXTW.US,5,20211126,185500,0.4504,0.4701,0.4504,0.4701,3194,0
CRXTW.US,5,20211126,190000,0.4701,0.4701,0.4701,0.4701,740,0
CRXTW.US,5,20211129,153500,0.4859,0.53,0.4774,0.53,19905,0
CRXTW.US,5,20211129,154000,0.450201,0.450201,0.450201,0.450201,100,0
CRXTW.US,5,20211129,155000,0.46,0.47,0.46,0.4699,2262,0
CRXTW.US,5,20211129,162500,0.4602,0.499,0.4602,0.499,6628,0
CRXTW.US,5,20211129,163000,0.4895,0.4895,0.4895,0.4895,1000,0
CRXTW.US,5,20211129,172500,0.4801,0.4801,0.4489,0.4489,3200,0
CRXTW.US,5,20211129,174000,0.498017,0.498017,0.498017,0.498017,300,0
CRXTW.US,5,20211129,174500,0.4984,0.4984,0.4984,0.4984,902,0
CRXTW.US,5,20211129,175000,0.4984,0.51,0.4984,0.51,3510,0
CRXTW.US,5,20211129,175500,0.5001,0.5004,0.49,0.49,14680,0
CRXTW.US,5,20211129,180000,0.4814,0.4814,0.4808,0.4814,1100,0
CRXTW.US,5,20211129,180500,0.4927,0.4927,0.482,0.482,1900,0
CRXTW.US,5,20211129,183000,0.522399,0.5224,0.5201,0.5201,3618,0
CRXTW.US,5,20211129,183500,0.4929,0.5011,0.485226,0.485226,4100,0
CRXTW.US,5,20211129,184000,0.4888,0.4888,0.4701,0.4701,2750,0
CRXTW.US,5,20211129,184500,0.4521,0.4521,0.4521,0.4521,2300,0
CRXTW.US,5,20211129,185000,0.4521,0.47,0.4521,0.47,7298,0
CRXTW.US,5,20211129,190000,0.469899,0.469899,0.4532,0.4542,3100,0
CRXTW.US,5,20211129,192000,0.47,0.47,0.4554,0.4554,1000,0
CRXTW.US,5,20211129,200500,0.455101,0.455101,0.455101,0.455101,1098,0
CRXTW.US,5,20211129,204000,0.4672,0.4672,0.4672,0.4672,300,0
CRXTW.US,5,20211129,210000,0.460001,0.460001,0.460001,0.460001,700,0
CRXTW.US,5,20211129,211500,0.46,0.46,0.46,0.46,100,0
CRXTW.US,5,20211129,212500,0.46,0.461103,0.46,0.461103,9800,0
CRXTW.US,5,20211129,213000,0.45505,0.4551,0.45505,0.4551,400,0
CRXTW.US,5,20211129,213500,0.4561,0.4561,0.4561,0.4561,100,0
CRXTW.US,5,20211129,214000,0.4551,0.4555,0.4551,0.4555,828,0
CRXTW.US,5,20211129,215500,0.4551,0.4551,0.455,0.455,2110,0
CRXTW.US,5,20211130,153000,0.6236,0.6499,0.5676,0.6498,116125,0
CRXTW.US,5,20211130,153500,0.6201,0.6201,0.5701,0.5993,47274,0
CRXTW.US,5,20211130,154000,0.5901,0.6479,0.5752,0.6099,177245,0
CRXTW.US,5,20211130,154500,0.6097,0.6474,0.6,0.6155,93700,0
CRXTW.US,5,20211130,155000,0.6026,0.62,0.5726,0.6197,39008,0
CRXTW.US,5,20211130,155500,0.62,0.64,0.5657,0.59,104130,0
CRXTW.US,5,20211130,160000,0.59,0.59,0.5728,0.5832,4549,0
CRXTW.US,5,20211130,160500,0.58,0.58,0.52,0.5675,49590,0
CRXTW.US,5,20211130,161000,0.537,0.537,0.525,0.525,8986,0
CRXTW.US,5,20211130,161500,0.5201,0.5301,0.51,0.5301,19376,0
CRXTW.US,5,20211130,162000,0.55,0.5695,0.5204,0.529101,28182,0
CRXTW.US,5,20211130,162500,0.55,0.55,0.5203,0.534,8510,0
CRXTW.US,5,20211130,163000,0.5212,0.5212,0.51,0.51,3000,0
CRXTW.US,5,20211130,163500,0.514899,0.525,0.5125,0.525,3375,0
CRXTW.US,5,20211130,164000,0.5336,0.54,0.525,0.539,13100,0
CRXTW.US,5,20211130,164500,0.5296,0.531,0.525,0.5297,13800,0
CRXTW.US,5,20211130,165000,0.525,0.5251,0.4651,0.48,32014,0
CRXTW.US,5,20211130,165500,0.489,0.5195,0.489,0.5019,15498,0
CRXTW.US,5,20211130,170000,0.5194,0.5194,0.472,0.482154,20235,0
CRXTW.US,5,20211130,170500,0.4831,0.509,0.4756,0.4768,3300,0
CRXTW.US,5,20211130,171500,0.49,0.504,0.49,0.493,6600,0
CRXTW.US,5,20211130,172000,0.4929,0.4929,0.4929,0.4929,100,0
CRXTW.US,5,20211130,172500,0.4929,0.4929,0.4911,0.4911,2799,0
CRXTW.US,5,20211130,173500,0.4983,0.4983,0.49,0.4901,4300,0
CRXTW.US,5,20211130,174000,0.4801,0.4801,0.48,0.4801,4000,0
CRXTW.US,5,20211130,174500,0.4801,0.49,0.48,0.49,2500,0
CRXTW.US,5,20211130,175500,0.483742,0.4947,0.483742,0.4934,815,0
CRXTW.US,5,20211130,180500,0.482,0.482,0.48,0.48,12400,0
CRXTW.US,5,20211130,181000,0.4697,0.470758,0.452,0.4529,14285,0
CRXTW.US,5,20211130,181500,0.4528,0.460053,0.4522,0.456,33180,0
CRXTW.US,5,20211130,182000,0.454,0.46,0.453,0.457,10980,0
CRXTW.US,5,20211130,182500,0.4556,0.4557,0.4556,0.4556,1600,0
CRXTW.US,5,20211130,184500,0.460201,0.460201,0.4601,0.4601,2700,0
CRXTW.US,5,20211130,190500,0.4601,0.4601,0.452,0.452,1901,0
CRXTW.US,5,20211130,193000,0.4795,0.48,0.4774,0.48,3500,0
CRXTW.US,5,20211130,194500,0.48,0.48,0.48,0.48,500,0
CRXTW.US,5,20211130,195000,0.4701,0.4701,0.47,0.47,2740,0
CRXTW.US,5,20211130,195500,0.456,0.456,0.44,0.44,34642,0
CRXTW.US,5,20211130,200000,0.457,0.465,0.457,0.46,3960,0
CRXTW.US,5,20211130,200500,0.4511,0.45555,0.4511,0.45555,700,0
CRXTW.US,5,20211130,201000,0.46,0.4751,0.459899,0.4751,13100,0
CRXTW.US,5,20211130,202000,0.475,0.48,0.4702,0.4702,6450,0
CRXTW.US,5,20211130,203000,0.479899,0.479899,0.4746,0.4746,1250,0
CRXTW.US,5,20211130,203500,0.4706,0.4706,0.4706,0.4706,400,0
CRXTW.US,5,20211130,213000,0.4611,0.4613,0.46,0.46,7499,0
CRXTW.US,5,20211130,214000,0.47,0.48,0.47,0.4725,4738,0
CRXTW.US,5,20211130,214500,0.4725,0.4796,0.4725,0.4796,4000,0
CRXTW.US,5,20211130,215000,0.48,0.49,0.4796,0.485,16010,0
CRXTW.US,5,20211130,215500,0.49,0.5015,0.4847,0.5,43437,0
CRXTW.US,5,20211201,153500,0.46155,0.47,0.46155,0.469899,12176,0
CRXTW.US,5,20211201,154000,0.47,0.47,0.47,0.47,200,0
CRXTW.US,5,20211201,154500,0.4534,0.4534,0.4534,0.4534,150,0
CRXTW.US,5,20211201,155000,0.4699,0.4699,0.4699,0.4699,150,0
CRXTW.US,5,20211201,164500,0.4551,0.4551,0.45,0.45,9280,0
CRXTW.US,5,20211201,165000,0.455109,0.455109,0.4501,0.4501,1274,0
CRXTW.US,5,20211201,165500,0.455,0.47,0.455,0.47,5929,0
CRXTW.US,5,20211201,170500,0.455,0.465,0.455,0.455,12835,0
CRXTW.US,5,20211201,171500,0.455101,0.455101,0.455101,0.455101,100,0
CRXTW.US,5,20211201,180000,0.46,0.46,0.46,0.46,310,0
CRXTW.US,5,20211201,180500,0.464369,0.464369,0.464369,0.464369,300,0
CRXTW.US,5,20211201,185000,0.48,0.48,0.48,0.48,300,0
CRXTW.US,5,20211201,191500,0.4601,0.4601,0.4601,0.4601,348,0
CRXTW.US,5,20211201,192000,0.4611,0.4611,0.46,0.46,24000,0
CRXTW.US,5,20211201,192500,0.46,0.46,0.46,0.46,400,0
CRXTW.US,5,20211201,193500,0.4601,0.4601,0.4601,0.4601,250,0
CRXTW.US,5,20211201,201500,0.4601,0.4602,0.4601,0.4601,3000,0
CRXTW.US,5,20211201,202000,0.469899,0.469899,0.469899,0.469899,100,0
CRXTW.US,5,20211201,203500,0.46,0.46,0.46,0.46,200,0
CRXTW.US,5,20211201,204500,0.46,0.46,0.46,0.46,100,0
CRXTW.US,5,20211201,211000,0.460101,0.460101,0.460101,0.460101,100,0
CRXTW.US,5,20211201,211500,0.4601,0.4601,0.4601,0.4601,190,0
CRXTW.US,5,20211201,212000,0.4601,0.4601,0.45,0.45,3810,0
CRXTW.US,5,20211201,213500,0.451,0.451,0.45,0.45,20100,0
CRXTW.US,5,20211201,214500,0.46,0.46,0.4559,0.46,5145,0
CRXTW.US,5,20211201,215500,0.455,0.455,0.455,0.455,200,0
CRXTW.US,5,20211202,153000,0.44,0.44,0.43,0.431,2861,0
CRXTW.US,5,20211202,153500,0.4324,0.4474,0.431,0.4324,1429,0
CRXTW.US,5,20211202,154000,0.4324,0.4372,0.431,0.431,2800,0
CRXTW.US,5,20211202,161000,0.432101,0.432101,0.432101,0.432101,1349,0
CRXTW.US,5,20211202,161500,0.432,0.432,0.422,0.422,18948,0
CRXTW.US,5,20211202,162000,0.42,0.4209,0.4192,0.42,5966,0
CRXTW.US,5,20211202,162500,0.42,0.42,0.42,0.42,340,0
CRXTW.US,5,20211202,163000,0.4201,0.4201,0.4201,0.4201,950,0
CRXTW.US,5,20211202,163500,0.4201,0.4201,0.4201,0.4201,1000,0
CRXTW.US,5,20211202,164000,0.42,0.42,0.42,0.42,1000,0
CRXTW.US,5,20211202,164500,0.42,0.42,0.42,0.42,120,0
CRXTW.US,5,20211202,170000,0.4201,0.4201,0.4201,0.4201,1000,0
CRXTW.US,5,20211202,171000,0.42,0.42,0.42,0.42,999,0
CRXTW.US,5,20211202,171500,0.4201,0.4201,0.4201,0.4201,1000,0
CRXTW.US,5,20211202,172500,0.4201,0.4201,0.42,0.42,1100,0
CRXTW.US,5,20211202,182500,0.4201,0.4201,0.4201,0.4201,300,0
CRXTW.US,5,20211202,191000,0.4201,0.4201,0.4201,0.4201,2500,0
CRXTW.US,5,20211202,193500,0.42,0.42,0.42,0.42,1056,0
CRXTW.US,5,20211202,195000,0.42,0.42,0.411,0.411,1219,0
CRXTW.US,5,20211202,201500,0.419799,0.419799,0.419799,0.419799,1000,0
CRXTW.US,5,20211202,202000,0.4199,0.4199,0.4198,0.4198,2000,0
CRXTW.US,5,20211202,203000,0.4198,0.4198,0.415399,0.4198,2700,0
CRXTW.US,5,20211202,204000,0.422,0.422,0.4211,0.4211,3200,0
CRXTW.US,5,20211202,204500,0.422,0.4221,0.4211,0.4221,20100,0
CRXTW.US,5,20211202,205000,0.4222,0.4222,0.4222,0.4222,500,0
CRXTW.US,5,20211202,205500,0.4221,0.4501,0.4221,0.4501,3000,0
CRXTW.US,5,20211202,212500,0.425401,0.425401,0.425401,0.425401,700,0
CRXTW.US,5,20211202,215000,0.43,0.43,0.4253,0.4253,3100,0
CRXTW.US,5,20211203,155000,0.4451,0.4451,0.4451,0.4451,900,0
CRXTW.US,5,20211203,161000,0.45,0.45,0.45,0.45,2979,0
CRXTW.US,5,20211203,163500,0.43,0.43,0.43,0.43,1000,0
CRXTW.US,5,20211203,165000,0.43,0.43,0.42,0.42,17287,0
CRXTW.US,5,20211203,165500,0.4221,0.4221,0.4221,0.4221,103,0
CRXTW.US,5,20211203,171500,0.425,0.425,0.425,0.425,200,0
CRXTW.US,5,20211203,173000,0.425,0.425,0.425,0.425,100,0
CRXTW.US,5,20211203,174500,0.425,0.425,0.42,0.42,5799,0
CRXTW.US,5,20211203,181000,0.412,0.412,0.411,0.411,5000,0
CRXTW.US,5,20211203,182500,0.4197,0.4197,0.4197,0.4197,100,0
CRXTW.US,5,20211203,190000,0.411301,0.4199,0.411301,0.4199,700,0
CRXTW.US,5,20211203,190500,0.4113,0.4113,0.4113,0.4113,500,0
CRXTW.US,5,20211203,192000,0.4156,0.4156,0.4156,0.4156,100,0
CRXTW.US,5,20211203,194000,0.4112,0.4112,0.411,0.411,14800,0
CRXTW.US,5,20211203,195500,0.405,0.405,0.405,0.405,700,0
CRXTW.US,5,20211203,200000,0.4111,0.4111,0.4111,0.4111,5000,0
CRXTW.US,5,20211203,202000,0.4111,0.4111,0.4111,0.4111,7815,0
CRXTW.US,5,20211203,203000,0.4198,0.4198,0.4198,0.4198,185,0
CRXTW.US,5,20211203,204000,0.4199,0.4199,0.4199,0.4199,1300,0
CRXTW.US,5,20211203,215000,0.4051,0.4051,0.4051,0.4051,100,0
CRXTW.US,5,20211206,153500,0.405,0.405,0.405,0.405,11000,0
CRXTW.US,5,20211206,154000,0.405,0.405,0.4001,0.4001,17000,0
CRXTW.US,5,20211206,155000,0.4001,0.4001,0.4001,0.4001,1500,0
CRXTW.US,5,20211206,155500,0.37,0.375,0.37,0.37,1720,0
CRXTW.US,5,20211206,160000,0.3674,0.3674,0.365,0.365,3224,0
CRXTW.US,5,20211206,160500,0.3674,0.3674,0.3674,0.3674,906,0
CRXTW.US,5,20211206,161000,0.3673,0.3673,0.3662,0.367,1500,0
CRXTW.US,5,20211206,161500,0.3675,0.3688,0.3675,0.3688,1900,0
CRXTW.US,5,20211206,162000,0.365,0.365,0.365,0.365,1499,0
CRXTW.US,5,20211206,163500,0.365,0.3775,0.365,0.3775,6957,0
CRXTW.US,5,20211206,164000,0.377299,0.377299,0.377299,0.377299,500,0
CRXTW.US,5,20211206,164500,0.3774,0.4002,0.3774,0.4002,10000,0
CRXTW.US,5,20211206,171000,0.3874,0.3874,0.3874,0.3874,2000,0
CRXTW.US,5,20211206,172000,0.3874,0.3874,0.3874,0.3874,700,0
CRXTW.US,5,20211206,181500,0.3998,0.3998,0.3998,0.3998,1000,0
CRXTW.US,5,20211206,184500,0.3998,0.4013,0.3998,0.4013,2100,0
CRXTW.US,5,20211206,194500,0.399,0.399,0.399,0.399,1702,0
CRXTW.US,5,20211206,200000,0.3974,0.3974,0.3974,0.3974,300,0
CRXTW.US,5,20211206,201000,0.3979,0.3979,0.3979,0.3979,200,0
CRXTW.US,5,20211206,204500,0.4,0.4,0.4,0.4,2000,0
CRXTW.US,5,20211206,205500,0.4,0.4001,0.399878,0.399878,5590,0
CRXTW.US,5,20211206,215000,0.392,0.392,0.392,0.392,500,0
CRXTW.US,5,20211206,215500,0.392,0.4,0.392,0.4,6700,0
CRXTW.US,5,20211207,160000,0.4598,0.4598,0.4598,0.4598,100,0
CRXTW.US,5,20211207,160500,0.459799,0.459799,0.3788,0.3788,659,0
CRXTW.US,5,20211207,161500,0.3791,0.3791,0.3757,0.3758,9753,0
CRXTW.US,5,20211207,162000,0.3899,0.3899,0.3899,0.3899,1000,0
CRXTW.US,5,20211207,162500,0.39,0.39,0.38,0.38,4678,0
CRXTW.US,5,20211207,163000,0.38,0.41,0.38,0.4,1500,0
CRXTW.US,5,20211207,163500,0.3879,0.3879,0.3879,0.3879,500,0
CRXTW.US,5,20211207,164500,0.39,0.3999,0.39,0.3999,3025,0
CRXTW.US,5,20211207,165000,0.398,0.3998,0.398,0.398,1000,0
CRXTW.US,5,20211207,165500,0.3764,0.3764,0.3759,0.3759,6301,0
CRXTW.US,5,20211207,172500,0.39,0.39,0.39,0.39,410,0
CRXTW.US,5,20211207,174000,0.3999,0.3999,0.3999,0.3999,100,0
CRXTW.US,5,20211207,185000,0.390049,0.390049,0.390049,0.390049,1000,0
CRXTW.US,5,20211207,194000,0.390049,0.4142,0.390049,0.4142,16918,0
CRXTW.US,5,20211207,195000,0.4101,0.4142,0.4101,0.4142,703,0
CRXTW.US,5,20211207,201500,0.41,0.41,0.41,0.41,800,0
CRXTW.US,5,20211208,153000,0.382,0.382,0.382,0.382,1000,0
CRXTW.US,5,20211208,154000,0.401,0.401,0.39,0.39,1100,0
CRXTW.US,5,20211208,154500,0.391,0.391,0.391,0.391,102,0
CRXTW.US,5,20211208,161000,0.391,0.391,0.391,0.391,398,0
CRXTW.US,5,20211208,164500,0.39,0.39,0.39,0.39,1000,0
CRXTW.US,5,20211208,170500,0.385499,0.385499,0.385499,0.385499,1000,0
CRXTW.US,5,20211208,171000,0.3855,0.3855,0.3855,0.3855,1000,0
CRXTW.US,5,20211208,172000,0.381101,0.382,0.381101,0.382,1200,0
CRXTW.US,5,20211208,181000,0.39,0.39,0.3899,0.39,4002,0
CRXTW.US,5,20211208,194500,0.39,0.39,0.39,0.39,400,0
CRXTW.US,5,20211208,195000,0.4,0.4,0.3998,0.4,1000,0
CRXTW.US,5,20211208,213000,0.4099,0.4099,0.4,0.4,6100,0
CRXTW.US,5,20211208,214500,0.3901,0.3901,0.3901,0.3901,250,0
CRXTW.US,5,20211208,215000,0.4,0.4,0.4,0.4,957,0
CRXTW.US,5,20211208,215500,0.4,0.4,0.4,0.4,134,0
CRXTW.US,5,20211209,153000,0.4,0.4,0.4,0.4,4977,0
CRXTW.US,5,20211209,154000,0.4,0.4,0.4,0.4,4677,0
CRXTW.US,5,20211209,155000,0.4,0.4,0.4,0.4,1124,0
CRXTW.US,5,20211209,163000,0.396,0.396,0.396,0.396,500,0
CRXTW.US,5,20211209,170000,0.399599,0.399599,0.399599,0.399599,2000,0
CRXTW.US,5,20211209,170500,0.3997,0.3997,0.3997,0.3997,1100,0
CRXTW.US,5,20211209,171500,0.3997,0.41,0.3997,0.4,4100,0
CRXTW.US,5,20211209,172000,0.42,0.42,0.4,0.4,4000,0
CRXTW.US,5,20211209,172500,0.4,0.4,0.4,0.4,638,0
CRXTW.US,5,20211209,173000,0.4001,0.400201,0.4001,0.400201,5448,0
CRXTW.US,5,20211209,173500,0.4001,0.4001,0.4001,0.4001,700,0
CRXTW.US,5,20211209,175000,0.4001,0.4001,0.4001,0.4001,100,0
CRXTW.US,5,20211209,193000,0.41,0.41,0.41,0.41,1000,0
CRXTW.US,5,20211209,201000,0.4001,0.4001,0.4,0.4,1500,0
CRXTW.US,5,20211209,211000,0.4001,0.4006,0.4001,0.4006,200,0
CRXTW.US,5,20211209,215500,0.404,0.404,0.404,0.404,100,0
CRXTW.US,5,20211210,165500,0.4049,0.4049,0.4048,0.4048,3033,0
CRXTW.US,5,20211210,173000,0.4,0.4,0.4,0.4,2000,0
CRXTW.US,5,20211210,174000,0.403195,0.403195,0.403195,0.403195,500,0
CRXTW.US,5,20211210,181500,0.4049,0.42,0.4049,0.42,2400,0
CRXTW.US,5,20211210,182000,0.42,0.42,0.42,0.42,1293,0
CRXTW.US,5,20211210,190000,0.418,0.42,0.418,0.4199,12000,0
CRXTW.US,5,20211210,193000,0.42,0.42,0.42,0.42,300,0
CRXTW.US,5,20211213,164000,0.4101,0.4101,0.4,0.4,2200,0
CRXTW.US,5,20211213,211500,0.408899,0.408899,0.408899,0.408899,1000,0
CRXTW.US,5,20211213,214000,0.3921,0.3921,0.392099,0.3921,4600,0
CRXTW.US,5,20211213,214500,0.392,0.392,0.39,0.392,2480,0
CRXTW.US,5,20211213,215000,0.3921,0.3921,0.3921,0.3921,100,0
CRXTW.US,5,20211214,153000,0.39,0.39,0.39,0.39,800,0
CRXTW.US,5,20211214,154000,0.39,0.39,0.38,0.39,10100,0
CRXTW.US,5,20211214,155000,0.39,0.39,0.39,0.39,7271,0
CRXTW.US,5,20211214,155500,0.39,0.39,0.39,0.39,500,0
CRXTW.US,5,20211214,160500,0.39,0.39,0.385,0.3889,3229,0
CRXTW.US,5,20211214,162500,0.3887,0.3887,0.3887,0.3887,200,0
CRXTW.US,5,20211214,165500,0.38,0.38,0.38,0.38,2500,0
CRXTW.US,5,20211214,171500,0.3843,0.3843,0.380101,0.380101,2700,0
CRXTW.US,5,20211214,173000,0.3821,0.3821,0.38,0.38,1200,0
CRXTW.US,5,20211214,175500,0.38,0.3801,0.38,0.3801,400,0
CRXTW.US,5,20211214,180500,0.3821,0.3821,0.3821,0.3821,100,0
CRXTW.US,5,20211214,181500,0.38,0.38,0.38,0.38,700,0
CRXTW.US,5,20211214,182000,0.38,0.38,0.38,0.38,1072,0
CRXTW.US,5,20211214,182500,0.38,0.381,0.38,0.38,4000,0
CRXTW.US,5,20211214,193000,0.3809,0.3866,0.3808,0.3866,4500,0
CRXTW.US,5,20211214,194000,0.3866,0.389799,0.3866,0.389799,2100,0
CRXTW.US,5,20211214,194500,0.3825,0.3825,0.38,0.38,6600,0
CRXTW.US,5,20211214,195000,0.3812,0.381639,0.37,0.37,21127,0
CRXTW.US,5,20211214,200500,0.3739,0.3739,0.3739,0.3739,100,0
CRXTW.US,5,20211214,201000,0.374799,0.374799,0.374799,0.374799,1000,0
CRXTW.US,5,20211214,204500,0.3737,0.3737,0.35,0.3555,40200,0
CRXTW.US,5,20211214,205500,0.3587,0.3587,0.3587,0.3587,100,0
CRXTW.US,5,20211214,211000,0.3598,0.3598,0.3587,0.3587,3100,0
CRXTW.US,5,20211214,212000,0.3575,0.3575,0.355,0.355,7000,0
CRXTW.US,5,20211214,212500,0.3593,0.3593,0.3593,0.3593,100,0
CRXTW.US,5,20211214,213000,0.3599,0.3599,0.3596,0.3596,700,0
CRXTW.US,5,20211214,215500,0.3591,0.3593,0.3591,0.3593,300,0
CRXTW.US,5,20211215,164000,0.356,0.3563,0.356,0.3563,936,0
CRXTW.US,5,20211215,164500,0.3598,0.3598,0.3598,0.3598,1000,0
CRXTW.US,5,20211215,170000,0.359749,0.359749,0.359749,0.359749,1000,0
CRXTW.US,5,20211215,170500,0.3598,0.3598,0.3598,0.3598,100,0
CRXTW.US,5,20211215,185500,0.3599,0.3599,0.3599,0.3599,1500,0
CRXTW.US,5,20211215,211500,0.3679,0.3679,0.3679,0.3679,100,0
CRXTW.US,5,20211215,212000,0.367,0.367,0.367,0.367,100,0
CRXTW.US,5,20211215,213000,0.3601,0.3601,0.3601,0.3601,280,0
CRXTW.US,5,20211216,153000,0.370001,0.370001,0.3601,0.3601,5991,0
CRXTW.US,5,20211216,154500,0.3511,0.3511,0.3501,0.3501,1160,0
CRXTW.US,5,20211216,160000,0.3579,0.3579,0.3579,0.3579,300,0
CRXTW.US,5,20211216,161500,0.35,0.35,0.35,0.35,200,0
CRXTW.US,5,20211216,162000,0.34,0.34,0.34,0.34,1800,0
CRXTW.US,5,20211216,162500,0.32,0.33,0.32,0.3299,5719,0
CRXTW.US,5,20211216,163000,0.329899,0.33,0.328326,0.33,2700,0
CRXTW.US,5,20211216,163500,0.349,0.349,0.349,0.349,600,0
CRXTW.US,5,20211216,165500,0.34485,0.347,0.34485,0.347,2400,0
CRXTW.US,5,20211216,170000,0.347,0.347,0.347,0.347,300,0
CRXTW.US,5,20211216,172000,0.3488,0.3497,0.3488,0.3497,1730,0
CRXTW.US,5,20211216,172500,0.3495,0.3496,0.3495,0.3496,1200,0
CRXTW.US,5,20211216,173000,0.3497,0.358,0.3497,0.357899,1900,0
CRXTW.US,5,20211216,200000,0.357899,0.357899,0.357899,0.357899,2000,0
CRXTW.US,5,20211216,201500,0.3579,0.3579,0.3579,0.3579,1800,0
CRXTW.US,5,20211216,210500,0.349,0.3579,0.349,0.3579,1800,0
CRXTW.US,5,20211216,213000,0.34,0.34,0.34,0.34,1300,0
CRXTW.US,5,20211216,215500,0.349,0.349,0.349,0.349,121,0
CRXTW.US,5,20211217,184500,0.35,0.35,0.335,0.335,4782,0
CRXTW.US,5,20211217,185500,0.3734,0.3734,0.3734,0.3734,800,0
CRXTW.US,5,20211217,190000,0.362451,0.362451,0.362451,0.362451,1000,0
CRXTW.US,5,20211217,190500,0.335,0.347167,0.335,0.347167,2000,0
CRXTW.US,5,20211217,191000,0.335,0.335,0.335,0.335,2000,0
CRXTW.US,5,20211217,215500,0.34,0.34,0.3399,0.3399,4000,0
CRXTW.US,5,20211220,161000,0.2823,0.2824,0.2823,0.2823,1900,0
CRXTW.US,5,20211220,161500,0.2825,0.2975,0.2825,0.2975,11020,0
CRXTW.US,5,20211220,162000,0.2913,0.32,0.2913,0.2974,9900,0
CRXTW.US,5,20211220,163000,0.307299,0.3075,0.307299,0.3075,5840,0
CRXTW.US,5,20211220,163500,0.316,0.3174,0.3037,0.3137,9200,0
CRXTW.US,5,20211220,164000,0.3,0.3,0.3,0.3,100,0
CRXTW.US,5,20211220,173500,0.3,0.3,0.3,0.3,1000,0
CRXTW.US,5,20211220,180000,0.3018,0.3018,0.3,0.3,600,0
CRXTW.US,5,20211220,195500,0.3024,0.34,0.3024,0.3115,10100,0
CRXTW.US,5,20211220,212000,0.312451,0.312451,0.312451,0.312451,789,0
CRXTW.US,5,20211220,213000,0.3,0.3,0.3,0.3,7700,0
CRXTW.US,5,20211220,214500,0.3081,0.3081,0.3081,0.3081,600,0
CRXTW.US,5,20211220,215500,0.3056,0.3061,0.3056,0.3061,2700,0
CRXTW.US,5,20211221,154000,0.3,0.3002,0.28,0.28,10472,0
CRXTW.US,5,20211221,154500,0.28,0.28,0.28,0.28,1100,0
CRXTW.US,5,20211221,155500,0.29,0.29,0.29,0.29,349,0
CRXTW.US,5,20211221,160000,0.295,0.2988,0.295,0.2988,2964,0
CRXTW.US,5,20211221,160500,0.3,0.3088,0.2994,0.3088,12800,0
CRXTW.US,5,20211221,161500,0.3099,0.3099,0.3099,0.3099,400,0
CRXTW.US,5,20211221,163500,0.298,0.2983,0.298,0.2983,1468,0
CRXTW.US,5,20211221,165000,0.29,0.29,0.29,0.29,4000,0
CRXTW.US,5,20211221,165500,0.29001,0.29001,0.29001,0.29001,4000,0
CRXTW.US,5,20211221,170500,0.29,0.2903,0.29,0.2903,3949,0
CRXTW.US,5,20211221,171500,0.298,0.31,0.298,0.31,2700,0
CRXTW.US,5,20211221,172000,0.31,0.31,0.3077,0.3077,3500,0
CRXTW.US,5,20211221,172500,0.31,0.31,0.31,0.31,501,0
CRXTW.US,5,20211221,175000,0.311199,0.311199,0.311199,0.311199,1000,0
CRXTW.US,5,20211221,180000,0.312299,0.312299,0.312299,0.312299,4399,0
CRXTW.US,5,20211221,184500,0.31,0.31,0.31,0.31,181,0
CRXTW.US,5,20211221,185000,0.3124,0.3125,0.3123,0.3125,2400,0
CRXTW.US,5,20211221,190500,0.3199,0.3262,0.3199,0.3225,2636,0
CRXTW.US,5,20211221,193000,0.3225,0.3225,0.3225,0.3225,783,0
CRXTW.US,5,20211221,195000,0.3101,0.3101,0.3,0.3,3000,0
CRXTW.US,5,20211221,202000,0.3099,0.3099,0.3099,0.3099,123,0
CRXTW.US,5,20211221,203500,0.3,0.3,0.3,0.3,500,0
CRXTW.US,5,20211221,210500,0.3,0.3,0.3,0.3,5000,0
CRXTW.US,5,20211221,211000,0.3,0.3,0.3,0.3,1200,0
CRXTW.US,5,20211221,214500,0.298101,0.298101,0.298101,0.298101,2000,0
CRXTW.US,5,20211221,215000,0.298,0.298,0.2901,0.2901,1400,0
CRXTW.US,5,20211222,153000,0.2902,0.2902,0.2902,0.2902,100,0
CRXTW.US,5,20211222,160500,0.2903,0.2903,0.2903,0.2903,141,0
CRXTW.US,5,20211222,161000,0.2913,0.2913,0.2901,0.2901,5800,0
CRXTW.US,5,20211222,162000,0.2802,0.2802,0.28,0.28,1482,0
CRXTW.US,5,20211222,162500,0.28,0.28,0.28,0.28,900,0
CRXTW.US,5,20211222,170000,0.29,0.29,0.29,0.29,100,0
CRXTW.US,5,20211222,173500,0.2901,0.2901,0.2901,0.2901,257,0
CRXTW.US,5,20211222,180500,0.3,0.3001,0.3,0.3,5400,0
CRXTW.US,5,20211222,181500,0.31,0.31,0.31,0.31,4110,0
CRXTW.US,5,20211222,190500,0.3,0.3001,0.3,0.3,2100,0
CRXTW.US,5,20211222,192500,0.304949,0.304949,0.304949,0.304949,1000,0
CRXTW.US,5,20211222,195500,0.3099,0.3099,0.3099,0.3099,1800,0
CRXTW.US,5,20211222,203000,0.314951,0.3151,0.3,0.3001,12001,0
CRXTW.US,5,20211222,205000,0.31,0.31,0.31,0.31,5000,0
CRXTW.US,5,20211222,205500,0.31,0.31,0.31,0.31,2600,0
CRXTW.US,5,20211222,212500,0.312449,0.312449,0.312449,0.312449,3000,0
CRXTW.US,5,20211222,213000,0.3175,0.3175,0.3175,0.3175,200,0
CRXTW.US,5,20211222,214000,0.3198,0.3198,0.3198,0.3198,100,0
CRXTW.US,5,20211222,214500,0.315,0.315,0.315,0.315,300,0
CRXTW.US,5,20211223,160000,0.305,0.32,0.305,0.32,5694,0
CRXTW.US,5,20211223,161500,0.315,0.315,0.315,0.315,200,0
CRXTW.US,5,20211223,180500,0.32,0.3203,0.32,0.3203,3000,0
CRXTW.US,5,20211223,183500,0.33,0.3375,0.3298,0.3375,2800,0
CRXTW.US,5,20211223,184000,0.3496,0.3498,0.3474,0.3474,4900,0
CRXTW.US,5,20211223,184500,0.34,0.34,0.34,0.34,1000,0
CRXTW.US,5,20211223,190000,0.32,0.32,0.32,0.32,350,0
CRXTW.US,5,20211223,210500,0.32,0.32,0.32,0.32,100,0
CRXTW.US,5,20211223,212000,0.3417,0.3417,0.341,0.341,2100,0
CRXTW.US,5,20211223,212500,0.3201,0.3213,0.301,0.3212,9770,0
