<TICKER>,<PER>,<DATE>,<TIME>,<OPEN>,<HIGH>,<LOW>,<CLOSE>,<VOL>,<OPENINT>
CYXTW.US,5,20211104,143000,2.71,2.71,2.52,2.52,913,0
CYXTW.US,5,20211104,144500,2.5101,2.5101,2.5101,2.5101,400,0
CYXTW.US,5,20211104,145000,2.5238,2.5238,2.5238,2.5238,162,0
CYXTW.US,5,20211104,145500,2.51,2.51,2.51,2.51,100,0
CYXTW.US,5,20211104,150000,2.37,2.37,2.25,2.27,5462,0
CYXTW.US,5,20211104,151000,2.2601,2.2757,2.2601,2.2757,426,0
CYXTW.US,5,20211104,152000,2.35,2.35,2.35,2.35,100,0
CYXTW.US,5,20211104,152500,2.38,2.38,2.38,2.38,500,0
CYXTW.US,5,20211104,153000,2.33,2.34,2.27,2.33,2583,0
CYXTW.US,5,20211104,160000,2.27,2.27,2.27,2.27,100,0
CYXTW.US,5,20211104,160500,2.28,2.28,2.27,2.27,1297,0
CYXTW.US,5,20211104,161500,2.35,2.35,2.35,2.35,885,0
CYXTW.US,5,20211104,162500,2.35,2.35,2.35,2.35,925,0
CYXTW.US,5,20211104,171500,2.31,2.31,2.31,2.31,100,0
CYXTW.US,5,20211104,172500,2.33,2.3343,2.33,2.3343,1129,0
CYXTW.US,5,20211104,174000,2.36,2.36,2.36,2.36,107,0
CYXTW.US,5,20211104,174500,2.37,2.37,2.37,2.37,325,0
CYXTW.US,5,20211104,181500,2.43,2.45,2.43,2.45,2041,0
CYXTW.US,5,20211104,184000,2.42,2.42,2.42,2.42,100,0
CYXTW.US,5,20211104,185000,2.4129,2.45,2.4129,2.45,5485,0
CYXTW.US,5,20211104,191000,2.43,2.43,2.43,2.43,200,0
CYXTW.US,5,20211104,201000,2.43,2.43,2.39,2.39,1328,0
CYXTW.US,5,20211105,144000,2.365,2.365,2.365,2.365,137,0
CYXTW.US,5,20211105,145000,2.3,2.3,2.3,2.3,440,0
CYXTW.US,5,20211105,145500,2.365,2.365,2.365,2.365,239,0
CYXTW.US,5,20211105,160000,2.33,2.346,2.33,2.346,4056,0
CYXTW.US,5,20211105,173500,2.3103,2.3103,2.3103,2.3103,337,0
CYXTW.US,5,20211105,182500,2.36,2.37,2.28,2.37,2118,0
CYXTW.US,5,20211105,184000,2.37,2.37,2.37,2.37,220,0
CYXTW.US,5,20211105,192000,2.37,2.37,2.37,2.37,697,0
CYXTW.US,5,20211105,195000,2.36,2.36,2.36,2.36,200,0
CYXTW.US,5,20211105,203500,2.37,2.37,2.37,2.37,100,0
CYXTW.US,5,20211108,153000,2.27,2.27,2.27,2.27,205,0
CYXTW.US,5,20211108,155000,2.38,2.38,2.38,2.38,100,0
CYXTW.US,5,20211108,160500,2.4,2.4,2.4,2.4,500,0
CYXTW.US,5,20211108,161000,2.435,2.435,2.435,2.435,100,0
CYXTW.US,5,20211108,164500,2.44,2.44,2.44,2.44,242,0
CYXTW.US,5,20211108,165500,2.44,2.44,2.43,2.43,1188,0
CYXTW.US,5,20211108,170000,2.45,2.45,2.45,2.45,400,0
CYXTW.US,5,20211108,171000,2.44,2.44,2.43,2.43,359,0
CYXTW.US,5,20211108,171500,2.43,2.43,2.35,2.43,1350,0
CYXTW.US,5,20211108,172500,2.4305,2.4305,2.4305,2.4305,342,0
CYXTW.US,5,20211108,180500,2.45,2.45,2.45,2.45,373,0
CYXTW.US,5,20211108,190000,2.47,2.5,2.4698,2.47,5931,0
CYXTW.US,5,20211108,192000,2.45,2.45,2.45,2.45,3704,0
CYXTW.US,5,20211108,192500,2.44,2.44,2.44,2.44,1100,0
CYXTW.US,5,20211108,193000,2.45,2.45,2.45,2.45,300,0
CYXTW.US,5,20211108,201000,2.4619,2.4619,2.46,2.46,202,0
CYXTW.US,5,20211108,202500,2.465,2.465,2.465,2.465,100,0
CYXTW.US,5,20211108,205500,2.4601,2.4601,2.46,2.46,200,0
CYXTW.US,5,20211108,210000,2.48,2.48,2.48,2.48,2926,0
CYXTW.US,5,20211108,210500,2.47,2.48,2.47,2.48,3600,0
CYXTW.US,5,20211108,212000,2.49,2.49,2.49,2.49,100,0
CYXTW.US,5,20211108,213000,2.48,2.5,2.45,2.4999,6023,0
CYXTW.US,5,20211108,213500,2.5,2.5,2.4966,2.4966,2460,0
CYXTW.US,5,20211108,214000,2.515,2.56,2.515,2.56,4853,0
CYXTW.US,5,20211108,214500,2.56,2.56,2.56,2.56,100,0
CYXTW.US,5,20211108,215000,2.565,2.565,2.5103,2.525,2195,0
CYXTW.US,5,20211108,215500,2.52,2.53,2.5,2.5,5400,0
CYXTW.US,5,20211109,153000,2.44,2.44,2.44,2.44,196,0
CYXTW.US,5,20211109,153500,2.47,2.47,2.47,2.47,400,0
CYXTW.US,5,20211109,160000,2.5258,2.5258,2.5258,2.5258,171,0
CYXTW.US,5,20211109,160500,2.49,2.49,2.49,2.49,100,0
CYXTW.US,5,20211109,161000,2.48,2.5067,2.48,2.5067,1200,0
CYXTW.US,5,20211109,162000,2.51,2.51,2.51,2.51,171,0
CYXTW.US,5,20211109,162500,2.51,2.51,2.47,2.47,1000,0
CYXTW.US,5,20211109,163500,2.47,2.47,2.47,2.47,100,0
CYXTW.US,5,20211109,164000,2.48,2.52,2.48,2.4899,1206,0
CYXTW.US,5,20211109,164500,2.51,2.51,2.51,2.51,200,0
CYXTW.US,5,20211109,171000,2.51,2.51,2.51,2.51,100,0
CYXTW.US,5,20211109,172000,2.53,2.53,2.53,2.53,564,0
CYXTW.US,5,20211109,172500,2.48,2.48,2.48,2.48,100,0
CYXTW.US,5,20211109,175000,2.49,2.49,2.49,2.49,100,0
CYXTW.US,5,20211109,180000,2.4801,2.4801,2.4801,2.4801,1000,0
CYXTW.US,5,20211109,180500,2.48,2.4801,2.48,2.4801,800,0
CYXTW.US,5,20211109,181500,2.49,2.49,2.49,2.49,100,0
CYXTW.US,5,20211109,185000,2.48,2.48,2.48,2.48,100,0
CYXTW.US,5,20211109,195000,2.48,2.48,2.48,2.48,100,0
CYXTW.US,5,20211109,195500,2.5,2.5,2.5,2.5,199,0
CYXTW.US,5,20211109,204000,2.48,2.4801,2.48,2.4801,200,0
CYXTW.US,5,20211109,204500,2.49,2.49,2.48,2.48,237,0
CYXTW.US,5,20211109,205000,2.49,2.49,2.48,2.49,2016,0
CYXTW.US,5,20211109,210000,2.48,2.49,2.48,2.49,1218,0
CYXTW.US,5,20211109,214000,2.495,2.495,2.48,2.4917,686,0
CYXTW.US,5,20211109,215000,2.49,2.49,2.46,2.46,433,0
CYXTW.US,5,20211109,215500,2.49,2.5,2.49,2.5,306,0
CYXTW.US,5,20211110,153000,2.45,2.5,2.45,2.5,207,0
CYXTW.US,5,20211110,155000,2.45,2.4501,2.45,2.4501,450,0
CYXTW.US,5,20211110,165000,2.395,2.395,2.395,2.395,308,0
CYXTW.US,5,20211110,172000,2.45,2.45,2.44,2.45,758,0
CYXTW.US,5,20211110,172500,2.45,2.45,2.45,2.45,3000,0
CYXTW.US,5,20211110,173000,2.45,2.45,2.45,2.45,400,0
CYXTW.US,5,20211110,173500,2.45,2.47,2.45,2.47,22510,0
CYXTW.US,5,20211110,174500,2.47,2.47,2.47,2.47,1600,0
CYXTW.US,5,20211110,175000,2.49,2.49,2.49,2.49,400,0
CYXTW.US,5,20211110,183000,2.48,2.48,2.48,2.48,600,0
CYXTW.US,5,20211110,191000,2.48,2.48,2.34,2.34,960,0
CYXTW.US,5,20211110,191500,2.45,2.4624,2.425,2.4624,1400,0
CYXTW.US,5,20211110,193500,2.45,2.4517,2.45,2.4517,500,0
CYXTW.US,5,20211110,195500,2.45,2.45,2.45,2.45,744,0
CYXTW.US,5,20211110,201500,2.42,2.42,2.38,2.38,1000,0
CYXTW.US,5,20211110,202000,2.38,2.38,2.38,2.38,600,0
CYXTW.US,5,20211110,202500,2.41,2.41,2.38,2.38,2234,0
CYXTW.US,5,20211110,205000,2.38,2.38,2.38,2.38,100,0
CYXTW.US,5,20211110,210500,2.38,2.38,2.3,2.35,500,0
CYXTW.US,5,20211110,215000,2.33,2.34,2.33,2.34,715,0
CYXTW.US,5,20211110,215500,2.34,2.39,2.3358,2.39,2025,0
CYXTW.US,5,20211111,153000,2.35,2.35,2.35,2.35,200,0
CYXTW.US,5,20211111,160500,2.34,2.345,2.34,2.345,608,0
CYXTW.US,5,20211111,162000,2.345,2.345,2.345,2.345,400,0
CYXTW.US,5,20211111,165000,2.34,2.3401,2.34,2.3401,1832,0
CYXTW.US,5,20211111,165500,2.31,2.34,2.31,2.34,439,0
CYXTW.US,5,20211111,172000,2.32,2.32,2.27,2.27,514,0
CYXTW.US,5,20211111,172500,2.2893,2.2893,2.2893,2.2893,147,0
CYXTW.US,5,20211111,175500,2.3396,2.34,2.3396,2.34,1528,0
CYXTW.US,5,20211111,180500,2.345,2.345,2.34,2.34,1234,0
CYXTW.US,5,20211111,185500,2.34,2.34,2.34,2.34,100,0
CYXTW.US,5,20211111,194000,2.34,2.34,2.34,2.34,101,0
CYXTW.US,5,20211111,205500,2.34,2.34,2.34,2.34,1713,0
CYXTW.US,5,20211111,210000,2.345,2.345,2.34,2.3415,3283,0
CYXTW.US,5,20211111,212000,2.3192,2.32,2.31,2.32,500,0
CYXTW.US,5,20211111,212500,2.32,2.32,2.31,2.3117,400,0
CYXTW.US,5,20211111,214000,2.28,2.28,2.28,2.28,475,0
CYXTW.US,5,20211111,215000,2.28,2.305,2.28,2.305,807,0
CYXTW.US,5,20211111,215500,2.29,2.2907,2.29,2.2907,900,0
CYXTW.US,5,20211112,153000,2.4,2.4,2.4,2.4,102,0
CYXTW.US,5,20211112,160000,2.28,2.28,2.28,2.28,274,0
CYXTW.US,5,20211112,160500,2.3899,2.3899,2.3899,2.3899,100,0
CYXTW.US,5,20211112,163500,2.2601,2.2601,2.2601,2.2601,171,0
CYXTW.US,5,20211112,164000,2.3699,2.3699,2.3699,2.3699,100,0
CYXTW.US,5,20211112,184000,2.26,2.26,2.26,2.26,101,0
CYXTW.US,5,20211112,184500,2.2741,2.2741,2.2741,2.2741,191,0
CYXTW.US,5,20211112,185000,2.2817,2.2817,2.2817,2.2817,100,0
CYXTW.US,5,20211112,185500,2.3,2.3,2.3,2.3,500,0
CYXTW.US,5,20211112,194000,2.3392,2.3392,2.316,2.316,1400,0
CYXTW.US,5,20211112,195500,2.26,2.26,2.26,2.26,342,0
CYXTW.US,5,20211112,202500,2.34,2.37,2.34,2.37,590,0
CYXTW.US,5,20211112,210000,2.27,2.315,2.27,2.315,1415,0
CYXTW.US,5,20211112,211500,2.27,2.27,2.27,2.27,154,0
CYXTW.US,5,20211112,213500,2.3,2.3,2.3,2.3,2382,0
CYXTW.US,5,20211112,215000,2.2701,2.28,2.2701,2.28,344,0
CYXTW.US,5,20211112,215500,2.27,2.27,2.27,2.27,200,0
CYXTW.US,5,20211115,153000,2.27,2.27,2.27,2.27,290,0
CYXTW.US,5,20211115,153500,2.44,2.44,2.44,2.44,200,0
CYXTW.US,5,20211115,154000,2.45,2.45,2.45,2.45,1000,0
CYXTW.US,5,20211115,154500,2.5,2.5,2.4769,2.4769,1498,0
CYXTW.US,5,20211115,160000,2.47,2.47,2.47,2.47,200,0
CYXTW.US,5,20211115,160500,2.47,2.47,2.44,2.44,349,0
CYXTW.US,5,20211115,161000,2.44,2.44,2.44,2.44,300,0
CYXTW.US,5,20211115,162500,2.44,2.44,2.44,2.44,1000,0
CYXTW.US,5,20211115,163000,2.47,2.5,2.47,2.49,3927,0
CYXTW.US,5,20211115,163500,2.5,2.55,2.5,2.51,1618,0
CYXTW.US,5,20211115,164000,2.53,2.535,2.51,2.51,2917,0
CYXTW.US,5,20211115,164500,2.505,2.53,2.5,2.5,2800,0
CYXTW.US,5,20211115,165000,2.52,2.54,2.5,2.54,3600,0
CYXTW.US,5,20211115,170000,2.53,2.53,2.53,2.53,600,0
CYXTW.US,5,20211115,170500,2.53,2.53,2.5,2.51,4692,0
CYXTW.US,5,20211115,171000,2.52,2.52,2.5,2.5,3900,0
CYXTW.US,5,20211115,173500,2.515,2.515,2.5,2.5,200,0
CYXTW.US,5,20211115,174000,2.5,2.5,2.5,2.5,100,0
CYXTW.US,5,20211115,174500,2.48,2.49,2.48,2.49,1299,0
CYXTW.US,5,20211115,175500,2.475,2.475,2.44,2.44,1628,0
CYXTW.US,5,20211115,180000,2.44,2.4442,2.4,2.4,1090,0
CYXTW.US,5,20211115,181500,2.43,2.43,2.43,2.43,300,0
CYXTW.US,5,20211115,182000,2.43,2.4301,2.4,2.4,10400,0
CYXTW.US,5,20211115,183000,2.425,2.425,2.39,2.39,1398,0
CYXTW.US,5,20211115,184000,2.41,2.45,2.41,2.45,795,0
CYXTW.US,5,20211115,184500,2.45,2.45,2.45,2.45,500,0
CYXTW.US,5,20211115,190000,2.44,2.44,2.44,2.44,200,0
CYXTW.US,5,20211115,190500,2.45,2.4501,2.45,2.4501,200,0
CYXTW.US,5,20211115,191500,2.45,2.48,2.45,2.48,319,0
CYXTW.US,5,20211115,192000,2.47,2.47,2.47,2.47,112,0
CYXTW.US,5,20211115,192500,2.47,2.4701,2.47,2.4701,342,0
CYXTW.US,5,20211115,193500,2.47,2.4835,2.47,2.4835,200,0
CYXTW.US,5,20211115,200000,2.467,2.467,2.467,2.467,1129,0
CYXTW.US,5,20211115,201500,2.47,2.47,2.47,2.47,200,0
CYXTW.US,5,20211115,203000,2.51,2.51,2.51,2.51,200,0
CYXTW.US,5,20211115,204000,2.5028,2.5028,2.5028,2.5028,205,0
CYXTW.US,5,20211115,204500,2.5,2.5,2.5,2.5,100,0
CYXTW.US,5,20211115,210000,2.4905,2.53,2.4905,2.53,438,0
CYXTW.US,5,20211115,213000,2.4902,2.505,2.4902,2.505,985,0
CYXTW.US,5,20211115,214500,2.49,2.4907,2.49,2.49,1717,0
CYXTW.US,5,20211115,215000,2.5,2.5,2.49,2.49,400,0
CYXTW.US,5,20211115,215500,2.5,2.5,2.5,2.5,236,0
CYXTW.US,5,20211116,153000,2.42,2.4345,2.41,2.4345,428,0
CYXTW.US,5,20211116,153500,2.5,2.5,2.5,2.5,100,0
CYXTW.US,5,20211116,155500,2.5,2.52,2.5,2.52,692,0
CYXTW.US,5,20211116,160500,2.5,2.5,2.5,2.5,250,0
CYXTW.US,5,20211116,161000,2.5,2.5042,2.5,2.5042,1270,0
CYXTW.US,5,20211116,162000,2.52,2.5201,2.52,2.5201,2477,0
CYXTW.US,5,20211116,163000,2.535,2.535,2.52,2.52,200,0
CYXTW.US,5,20211116,164000,2.52,2.52,2.52,2.52,400,0
CYXTW.US,5,20211116,165000,2.4601,2.4601,2.4601,2.4601,754,0
CYXTW.US,5,20211116,165500,2.481,2.481,2.481,2.481,100,0
CYXTW.US,5,20211116,171000,2.46,2.46,2.46,2.46,126,0
CYXTW.US,5,20211116,172500,2.5,2.5,2.5,2.5,100,0
CYXTW.US,5,20211116,173000,2.45,2.49,2.42,2.49,893,0
CYXTW.US,5,20211116,173500,2.5,2.5,2.5,2.5,300,0
CYXTW.US,5,20211116,174000,2.52,2.52,2.52,2.52,696,0
CYXTW.US,5,20211116,175000,2.5,2.5005,2.5,2.5,850,0
CYXTW.US,5,20211116,182000,2.5,2.5,2.46,2.46,2300,0
CYXTW.US,5,20211116,183000,2.49,2.5,2.49,2.5,3040,0
CYXTW.US,5,20211116,183500,2.5001,2.51,2.5,2.5,2047,0
CYXTW.US,5,20211116,184000,2.5,2.5,2.5,2.5,200,0
CYXTW.US,5,20211116,185000,2.5001,2.5001,2.5001,2.5001,100,0
CYXTW.US,5,20211116,185500,2.5,2.5041,2.485,2.485,7109,0
CYXTW.US,5,20211116,190000,2.46,2.46,2.45,2.45,200,0
CYXTW.US,5,20211116,190500,2.44,2.44,2.42,2.44,2150,0
CYXTW.US,5,20211116,191000,2.4401,2.4401,2.42,2.44,5200,0
CYXTW.US,5,20211116,191500,2.42,2.42,2.42,2.42,400,0
CYXTW.US,5,20211116,192000,2.43,2.4999,2.43,2.47,7636,0
CYXTW.US,5,20211116,192500,2.4536,2.4536,2.4536,2.4536,171,0
CYXTW.US,5,20211116,193000,2.47,2.485,2.47,2.485,400,0
CYXTW.US,5,20211116,193500,2.51,2.52,2.51,2.52,637,0
CYXTW.US,5,20211116,194000,2.52,2.52,2.5177,2.5177,834,0
CYXTW.US,5,20211116,194500,2.53,2.53,2.5,2.5,16112,0
CYXTW.US,5,20211116,195000,2.485,2.485,2.485,2.485,500,0
CYXTW.US,5,20211116,195500,2.495,2.495,2.495,2.495,171,0
CYXTW.US,5,20211116,200000,2.5,2.5,2.5,2.5,400,0
CYXTW.US,5,20211116,201500,2.49,2.5,2.49,2.5,11060,0
CYXTW.US,5,20211116,202500,2.51,2.51,2.5,2.5,500,0
CYXTW.US,5,20211116,203500,2.49,2.49,2.49,2.49,200,0
CYXTW.US,5,20211116,204500,2.48,2.4809,2.4009,2.47,1874,0
CYXTW.US,5,20211116,205000,2.49,2.5,2.49,2.5,10500,0
CYXTW.US,5,20211116,205500,2.5,2.5,2.5,2.5,200,0
CYXTW.US,5,20211116,210000,2.5,2.5,2.5,2.5,900,0
CYXTW.US,5,20211116,211000,2.48,2.48,2.48,2.48,100,0
CYXTW.US,5,20211116,211500,2.47,2.5,2.47,2.5,10600,0
CYXTW.US,5,20211116,212500,2.46,2.48,2.46,2.48,650,0
CYXTW.US,5,20211116,213000,2.48,2.48,2.4799,2.4799,9962,0
CYXTW.US,5,20211116,213500,2.46,2.46,2.46,2.46,600,0
CYXTW.US,5,20211116,214500,2.465,2.47,2.46,2.46,825,0
CYXTW.US,5,20211116,215000,2.48,2.485,2.48,2.485,1060,0
CYXTW.US,5,20211116,215500,2.48,2.51,2.47,2.48,29280,0
CYXTW.US,5,20211117,153000,2.37,2.37,2.37,2.37,500,0
CYXTW.US,5,20211117,153500,2.38,2.38,2.34,2.34,5250,0
CYXTW.US,5,20211117,155500,2.38,2.38,2.38,2.38,308,0
CYXTW.US,5,20211117,160000,2.38,2.38,2.38,2.38,101,0
CYXTW.US,5,20211117,160500,2.38,2.38,2.33,2.38,991,0
CYXTW.US,5,20211117,164500,2.35,2.35,2.35,2.35,150,0
CYXTW.US,5,20211117,165000,2.315,2.4,2.31,2.4,3983,0
CYXTW.US,5,20211117,165500,2.45,2.45,2.45,2.45,4970,0
CYXTW.US,5,20211117,170000,2.462,2.462,2.462,2.462,171,0
CYXTW.US,5,20211117,170500,2.45,2.47,2.4,2.4,6100,0
CYXTW.US,5,20211117,171000,2.44,2.45,2.44,2.45,8245,0
CYXTW.US,5,20211117,171500,2.45,2.45,2.45,2.45,10000,0
CYXTW.US,5,20211117,172000,2.45,2.4501,2.45,2.45,11232,0
CYXTW.US,5,20211117,180500,2.49,2.49,2.49,2.49,1533,0
CYXTW.US,5,20211117,182000,2.44,2.44,2.44,2.44,5840,0
CYXTW.US,5,20211117,182500,2.4,2.4,2.4,2.4,890,0
CYXTW.US,5,20211117,185000,2.4,2.4,2.4,2.4,724,0
CYXTW.US,5,20211117,190500,2.4,2.4001,2.4,2.4001,684,0
CYXTW.US,5,20211117,195000,2.44,2.44,2.44,2.44,3900,0
CYXTW.US,5,20211117,200500,2.4,2.4,2.4,2.4,5551,0
CYXTW.US,5,20211117,203000,2.3101,2.3101,2.3101,2.3101,200,0
CYXTW.US,5,20211117,204500,2.445,2.445,2.445,2.445,100,0
CYXTW.US,5,20211117,212500,2.4,2.4,2.4,2.4,1682,0
CYXTW.US,5,20211117,214000,2.4,2.425,2.4,2.425,3117,0
CYXTW.US,5,20211117,215500,2.42,2.42,2.42,2.42,301,0
CYXTW.US,5,20211118,153000,2.48,2.48,2.48,2.48,100,0
CYXTW.US,5,20211118,154000,2.35,2.35,2.33,2.33,700,0
CYXTW.US,5,20211118,161000,2.34,2.34,2.34,2.34,100,0
CYXTW.US,5,20211118,161500,2.435,2.435,2.435,2.435,100,0
CYXTW.US,5,20211118,162500,2.4,2.4001,2.4,2.4001,916,0
CYXTW.US,5,20211118,164000,2.4001,2.4016,2.4,2.4016,6798,0
CYXTW.US,5,20211118,172500,2.4001,2.4001,2.4,2.4001,4000,0
CYXTW.US,5,20211118,173000,2.4001,2.4001,2.4,2.4,342,0
CYXTW.US,5,20211118,180000,2.42,2.42,2.42,2.42,100,0
CYXTW.US,5,20211118,180500,2.41,2.42,2.41,2.42,421,0
CYXTW.US,5,20211118,182000,2.41,2.41,2.41,2.41,200,0
CYXTW.US,5,20211118,182500,2.4,2.4,2.4,2.4,140,0
CYXTW.US,5,20211118,183000,2.4,2.4001,2.4,2.4001,351,0
CYXTW.US,5,20211118,183500,2.4,2.4,2.4,2.4,608,0
CYXTW.US,5,20211118,184000,2.405,2.405,2.4,2.4,450,0
CYXTW.US,5,20211118,185000,2.4,2.4,2.4,2.4,200,0
CYXTW.US,5,20211118,192500,2.4045,2.4045,2.4045,2.4045,102,0
CYXTW.US,5,20211118,193500,2.4,2.4002,2.4,2.4002,1995,0
CYXTW.US,5,20211118,195500,2.3201,2.3201,2.3201,2.3201,342,0
CYXTW.US,5,20211118,201000,2.32,2.32,2.32,2.32,1268,0
CYXTW.US,5,20211118,201500,2.32,2.32,2.3,2.3,3200,0
CYXTW.US,5,20211118,202000,2.27,2.3542,2.2,2.305,35020,0
CYXTW.US,5,20211118,202500,2.29,2.3,2.2899,2.2899,59970,0
CYXTW.US,5,20211118,204500,2.275,2.275,2.275,2.275,100,0
CYXTW.US,5,20211118,205000,2.275,2.275,2.275,2.275,100,0
CYXTW.US,5,20211118,210000,2.29,2.29,2.275,2.275,200,0
CYXTW.US,5,20211118,211000,2.29,2.29,2.29,2.29,740,0
CYXTW.US,5,20211118,212000,2.26,2.275,2.26,2.275,408,0
CYXTW.US,5,20211118,213500,2.287,2.29,2.28,2.29,18998,0
CYXTW.US,5,20211118,215500,2.22,2.29,2.18,2.18,14356,0
CYXTW.US,5,20211119,153000,2.25,2.25,2.25,2.25,100,0
CYXTW.US,5,20211119,154500,2.333,2.333,2.333,2.333,1018,0
CYXTW.US,5,20211119,160000,2.3001,2.377,2.3,2.377,2935,0
CYXTW.US,5,20211119,161000,2.345,2.345,2.345,2.345,200,0
CYXTW.US,5,20211119,164000,2.3,2.3122,2.3,2.3,5758,0
CYXTW.US,5,20211119,165000,2.36,2.36,2.36,2.36,300,0
CYXTW.US,5,20211119,181500,2.34,2.37,2.34,2.36,9658,0
CYXTW.US,5,20211119,183500,2.363,2.363,2.363,2.363,2546,0
CYXTW.US,5,20211119,203000,2.365,2.365,2.36,2.36,1000,0
CYXTW.US,5,20211119,204000,2.36,2.36,2.36,2.36,507,0
CYXTW.US,5,20211119,205000,2.3601,2.3601,2.3601,2.3601,6534,0
CYXTW.US,5,20211119,211500,2.37,2.37,2.36,2.3618,3274,0
CYXTW.US,5,20211119,213000,2.37,2.37,2.36,2.36,2150,0
CYXTW.US,5,20211119,213500,2.3716,2.3716,2.36,2.36,2500,0
CYXTW.US,5,20211119,214500,2.36,2.36,2.36,2.36,140,0
CYXTW.US,5,20211119,215500,2.38,2.4,2.37,2.37,2478,0
CYXTW.US,5,20211122,153000,2.27,2.27,2.27,2.27,2547,0
CYXTW.US,5,20211122,163000,2.33,2.33,2.32,2.32,332,0
CYXTW.US,5,20211122,171000,2.296,2.3,2.296,2.3,973,0
CYXTW.US,5,20211122,172500,2.3,2.3,2.23,2.23,3714,0
CYXTW.US,5,20211122,173000,2.31,2.31,2.31,2.31,500,0
CYXTW.US,5,20211122,174000,2.31,2.31,2.31,2.31,100,0
CYXTW.US,5,20211122,175000,2.3,2.3,2.3,2.3,444,0
CYXTW.US,5,20211122,181000,2.3,2.3,2.3,2.3,1209,0
CYXTW.US,5,20211122,183500,2.33,2.33,2.33,2.33,536,0
CYXTW.US,5,20211122,190500,2.3,2.31,2.3,2.31,864,0
CYXTW.US,5,20211122,191000,2.33,2.33,2.3,2.3,12000,0
CYXTW.US,5,20211122,194500,2.33,2.33,2.33,2.33,137,0
CYXTW.US,5,20211122,200000,2.3,2.3,2.3,2.3,1647,0
CYXTW.US,5,20211122,202500,2.23,2.23,2.23,2.23,305,0
CYXTW.US,5,20211122,204500,2.3,2.3,2.3,2.3,500,0
CYXTW.US,5,20211122,205000,2.23,2.23,2.23,2.23,1300,0
CYXTW.US,5,20211122,205500,2.16,2.16,2.16,2.16,200,0
CYXTW.US,5,20211122,210500,2.2999,2.3599,2.23,2.3599,40361,0
CYXTW.US,5,20211122,215000,2.3,2.3,2.22,2.2984,7239,0
CYXTW.US,5,20211122,215500,2.28,2.28,2.2,2.2,400,0
CYXTW.US,5,20211123,161000,2.3,2.305,2.27,2.27,9200,0
CYXTW.US,5,20211123,162000,2.27,2.27,2.25,2.25,10600,0
CYXTW.US,5,20211123,165500,2.1809,2.1809,2.1809,2.1809,1200,0
CYXTW.US,5,20211123,172500,2.15,2.15,2.12,2.12,23262,0
CYXTW.US,5,20211123,173000,2.1,2.1,2.1,2.1,680,0
CYXTW.US,5,20211123,174000,2.1199,2.12,2.09,2.12,11955,0
CYXTW.US,5,20211123,174500,2.12,2.12,2.12,2.12,1000,0
CYXTW.US,5,20211123,175000,2.11,2.2399,2.11,2.2399,21708,0
CYXTW.US,5,20211123,180500,2.16,2.16,2.16,2.16,100,0
CYXTW.US,5,20211123,182500,2.1742,2.1742,2.1742,2.1742,100,0
CYXTW.US,5,20211123,183000,2.16,2.16,2.16,2.16,100,0
CYXTW.US,5,20211123,185500,2.15,2.15,2.15,2.15,100,0
CYXTW.US,5,20211123,191000,2.15,2.15,2.15,2.15,171,0
CYXTW.US,5,20211123,192000,2.16,2.16,2.16,2.16,100,0
CYXTW.US,5,20211123,192500,2.2399,2.2399,2.15,2.15,5100,0
CYXTW.US,5,20211123,194500,2.2179,2.2179,2.2179,2.2179,300,0
CYXTW.US,5,20211123,200000,2.215,2.215,2.2,2.2,500,0
CYXTW.US,5,20211123,201000,2.2,2.2,2.2,2.2,100,0
CYXTW.US,5,20211123,202500,2.2,2.2,2.2,2.2,100,0
CYXTW.US,5,20211123,203000,2.2,2.2,2.2,2.2,100,0
CYXTW.US,5,20211123,204500,2.2,2.2,2.19,2.19,400,0
CYXTW.US,5,20211123,205500,2.2,2.2,2.2,2.2,100,0
CYXTW.US,5,20211123,210000,2.2,2.2,2.2,2.2,100,0
CYXTW.US,5,20211123,211000,2.2,2.2,2.2,2.2,100,0
CYXTW.US,5,20211123,212000,2.19,2.2,2.19,2.2,1090,0
CYXTW.US,5,20211123,212500,2.19,2.19,2.19,2.19,200,0
CYXTW.US,5,20211123,214500,2.19,2.19,2.19,2.19,100,0
CYXTW.US,5,20211123,215000,2.19,2.2,2.16,2.16,5562,0
CYXTW.US,5,20211123,215500,2.17,2.2,2.17,2.2,700,0
CYXTW.US,5,20211124,153000,2.09,2.09,2.09,2.09,100,0
CYXTW.US,5,20211124,163500,2.17,2.17,2.17,2.17,100,0
CYXTW.US,5,20211124,165000,2.25,2.25,2.25,2.25,1900,0
CYXTW.US,5,20211124,180500,2.16,2.16,2.16,2.16,100,0
CYXTW.US,5,20211124,192000,2.15,2.15,2.15,2.15,100,0
CYXTW.US,5,20211124,200500,2.15,2.15,2.15,2.15,300,0
CYXTW.US,5,20211124,205000,2.15,2.15,2.15,2.15,980,0
CYXTW.US,5,20211124,213500,2.15,2.19,2.15,2.19,650,0
CYXTW.US,5,20211124,215000,2.18,2.18,2.18,2.18,100,0
CYXTW.US,5,20211124,215500,2.18,2.18,2.18,2.18,400,0
CYXTW.US,5,20211126,153000,2.03,2.1001,2.03,2.1001,944,0
CYXTW.US,5,20211126,153500,2.1,2.1,2.1,2.1,695,0
CYXTW.US,5,20211126,154500,2.1,2.1,2.1,2.1,205,0
CYXTW.US,5,20211126,155000,2.1107,2.1107,2.11,2.1101,1100,0
CYXTW.US,5,20211126,155500,2.1217,2.1217,2.12,2.1201,3600,0
CYXTW.US,5,20211126,160000,2.1,2.1,2.1,2.1,100,0
CYXTW.US,5,20211126,160500,2.09,2.09,2.09,2.09,500,0
CYXTW.US,5,20211126,161000,2.08,2.08,2.07,2.08,700,0
CYXTW.US,5,20211126,162500,2.12,2.12,2.12,2.12,2028,0
CYXTW.US,5,20211126,163000,2.12,2.12,2.12,2.12,3400,0
CYXTW.US,5,20211126,164000,2.11,2.11,2.11,2.11,610,0
CYXTW.US,5,20211126,165500,2.1,2.1,2.1,2.1,300,0
CYXTW.US,5,20211126,170000,2.14,2.15,2.14,2.15,4968,0
CYXTW.US,5,20211126,170500,2.1,2.1,2.1,2.1,100,0
CYXTW.US,5,20211126,171000,2.18,2.18,2.178,2.18,12000,0
CYXTW.US,5,20211126,172000,2.14,2.14,2.12,2.12,905,0
CYXTW.US,5,20211126,172500,2.14,2.14,2.14,2.14,200,0
CYXTW.US,5,20211126,173000,2.14,2.14,2.14,2.14,200,0
CYXTW.US,5,20211126,174000,2.1799,2.1799,2.13,2.1332,7040,0
CYXTW.US,5,20211126,174500,2.152,2.152,2.152,2.152,5900,0
CYXTW.US,5,20211126,180500,2.18,2.18,2.18,2.18,5729,0
CYXTW.US,5,20211126,181500,2.305,2.305,2.305,2.305,100,0
CYXTW.US,5,20211126,185500,2.25,2.25,2.25,2.25,100,0
CYXTW.US,5,20211129,153000,2.15,2.37,2.15,2.37,217,0
CYXTW.US,5,20211129,154500,2.2501,2.325,2.2501,2.325,5176,0
CYXTW.US,5,20211129,170500,2.305,2.305,2.305,2.305,137,0
CYXTW.US,5,20211129,175000,2.27,2.27,2.27,2.27,100,0
CYXTW.US,5,20211129,180000,2.26,2.26,2.26,2.26,408,0
CYXTW.US,5,20211129,181000,2.27,2.27,2.26,2.26,600,0
CYXTW.US,5,20211129,181500,2.26,2.26,2.26,2.26,2767,0
CYXTW.US,5,20211129,182000,2.26,2.26,2.26,2.26,6150,0
CYXTW.US,5,20211129,182500,2.26,2.26,2.25,2.25,3100,0
CYXTW.US,5,20211129,183000,2.27,2.27,2.27,2.27,2500,0
CYXTW.US,5,20211129,183500,2.27,2.27,2.27,2.27,500,0
CYXTW.US,5,20211129,185000,2.235,2.235,2.235,2.235,100,0
CYXTW.US,5,20211129,185500,2.26,2.26,2.26,2.26,100,0
CYXTW.US,5,20211129,191000,2.26,2.315,2.26,2.315,1705,0
CYXTW.US,5,20211129,191500,2.252,2.252,2.25,2.25,305,0
CYXTW.US,5,20211129,192500,2.25,2.25,2.25,2.25,120,0
CYXTW.US,5,20211129,193000,2.275,2.275,2.25,2.25,4110,0
CYXTW.US,5,20211129,193500,2.275,2.275,2.275,2.275,171,0
CYXTW.US,5,20211129,194000,2.26,2.28,2.25,2.26,8307,0
CYXTW.US,5,20211129,194500,2.3,2.3,2.28,2.28,500,0
CYXTW.US,5,20211129,195000,2.27,2.27,2.27,2.27,200,0
CYXTW.US,5,20211129,202500,2.27,2.27,2.27,2.27,100,0
CYXTW.US,5,20211129,204000,2.28,2.28,2.28,2.28,100,0
CYXTW.US,5,20211129,205000,2.27,2.27,2.27,2.27,100,0
CYXTW.US,5,20211129,212500,2.27,2.27,2.27,2.27,300,0
CYXTW.US,5,20211129,213000,2.27,2.27,2.26,2.27,653,0
CYXTW.US,5,20211129,213500,2.27,2.275,2.27,2.27,7500,0
CYXTW.US,5,20211129,214000,2.27,2.27,2.27,2.27,450,0
CYXTW.US,5,20211129,215000,2.26,2.26,2.26,2.26,102,0
CYXTW.US,5,20211129,215500,2.29,2.29,2.29,2.29,300,0
CYXTW.US,5,20211130,153000,2.09,2.09,2.09,2.09,100,0
CYXTW.US,5,20211130,160500,2.16,2.16,2.16,2.16,100,0
CYXTW.US,5,20211130,164500,2.16,2.16,2.16,2.16,100,0
CYXTW.US,5,20211130,180500,2.25,2.25,2.25,2.25,3200,0
CYXTW.US,5,20211130,183500,2.35,2.35,2.35,2.35,318,0
CYXTW.US,5,20211130,191000,2.21,2.28,2.21,2.28,770,0
CYXTW.US,5,20211130,192000,2.21,2.21,2.16,2.16,400,0
CYXTW.US,5,20211130,192500,2.25,2.25,2.25,2.25,1000,0
CYXTW.US,5,20211130,204000,2.2362,2.2362,2.2362,2.2362,291,0
CYXTW.US,5,20211130,214500,2.21,2.21,2.21,2.21,126,0
CYXTW.US,5,20211130,215500,2.23,2.23,2.21,2.23,1000,0
CYXTW.US,5,20211201,153000,2.14,2.3,2.14,2.3,6121,0
CYXTW.US,5,20211201,154500,2.3,2.3,2.29,2.3,4515,0
CYXTW.US,5,20211201,155000,2.3,2.3,2.3,2.3,2900,0
CYXTW.US,5,20211201,160000,2.33,2.33,2.33,2.33,100,0
CYXTW.US,5,20211201,160500,2.34,2.34,2.34,2.34,137,0
CYXTW.US,5,20211201,161500,2.34,2.34,2.28,2.28,1813,0
CYXTW.US,5,20211201,163500,2.32,2.32,2.3,2.3146,400,0
CYXTW.US,5,20211201,164000,2.32,2.32,2.32,2.32,100,0
CYXTW.US,5,20211201,165000,2.34,2.34,2.33,2.34,950,0
CYXTW.US,5,20211201,165500,2.34,2.3405,2.33,2.33,1355,0
CYXTW.US,5,20211201,171000,2.33,2.3401,2.33,2.3401,1019,0
CYXTW.US,5,20211201,172500,2.34,2.34,2.33,2.33,550,0
CYXTW.US,5,20211201,173500,2.32,2.32,2.32,2.32,100,0
CYXTW.US,5,20211201,174500,2.31,2.31,2.31,2.31,200,0
CYXTW.US,5,20211201,175500,2.34,2.34,2.34,2.34,2300,0
CYXTW.US,5,20211201,181500,2.34,2.34,2.34,2.34,400,0
CYXTW.US,5,20211201,182000,2.34,2.3401,2.34,2.34,1265,0
CYXTW.US,5,20211201,184500,2.33,2.33,2.33,2.33,300,0
CYXTW.US,5,20211201,190000,2.3,2.3,2.3,2.3,200,0
CYXTW.US,5,20211201,191000,2.32,2.33,2.24,2.32,1785,0
CYXTW.US,5,20211201,192000,2.32,2.33,2.31,2.33,4263,0
CYXTW.US,5,20211201,192500,2.32,2.32,2.32,2.32,2950,0
CYXTW.US,5,20211201,201500,2.3,2.3,2.29,2.29,623,0
CYXTW.US,5,20211201,202500,2.31,2.31,2.21,2.31,3349,0
CYXTW.US,5,20211201,203000,2.34,2.34,2.33,2.34,300,0
CYXTW.US,5,20211201,205000,2.34,2.34,2.34,2.34,449,0
CYXTW.US,5,20211201,210000,2.32,2.32,2.32,2.32,3440,0
CYXTW.US,5,20211201,212000,2.3,2.3003,2.3,2.3003,479,0
CYXTW.US,5,20211201,212500,2.32,2.32,2.32,2.32,500,0
CYXTW.US,5,20211201,213000,2.33,2.33,2.32,2.33,3156,0
CYXTW.US,5,20211201,213500,2.33,2.33,2.32,2.3201,2567,0
CYXTW.US,5,20211201,214000,2.34,2.34,2.33,2.33,3450,0
CYXTW.US,5,20211201,214500,2.33,2.33,2.33,2.33,464,0
CYXTW.US,5,20211201,215500,2.33,2.33,2.33,2.33,150,0
CYXTW.US,5,20211202,153500,2.33,2.33,2.33,2.33,1500,0
CYXTW.US,5,20211202,154000,2.3401,2.3401,2.34,2.3401,600,0
CYXTW.US,5,20211202,155000,2.4001,2.4001,2.4001,2.4001,1000,0
CYXTW.US,5,20211202,155500,2.4,2.42,2.4,2.4,450,0
CYXTW.US,5,20211202,160000,2.39,2.39,2.39,2.39,1950,0
CYXTW.US,5,20211202,160500,2.39,2.4,2.39,2.4,1427,0
CYXTW.US,5,20211202,161000,2.39,2.39,2.39,2.39,100,0
CYXTW.US,5,20211202,162000,2.41,2.44,2.41,2.44,2210,0
CYXTW.US,5,20211202,163000,2.41,2.41,2.41,2.41,1803,0
CYXTW.US,5,20211202,164000,2.3996,2.3996,2.39,2.39,1541,0
CYXTW.US,5,20211202,164500,2.3901,2.3901,2.3901,2.3901,602,0
CYXTW.US,5,20211202,175500,2.39,2.3901,2.39,2.3901,2554,0
CYXTW.US,5,20211202,183500,2.34,2.34,2.14,2.33,3700,0
CYXTW.US,5,20211202,184000,2.32,2.34,2.32,2.34,350,0
CYXTW.US,5,20211202,184500,2.34,2.34,2.34,2.34,100,0
CYXTW.US,5,20211202,190000,2.3501,2.3501,2.3501,2.3501,685,0
CYXTW.US,5,20211202,190500,2.36,2.36,2.35,2.36,2038,0
CYXTW.US,5,20211202,194500,2.34,2.34,2.34,2.34,102,0
CYXTW.US,5,20211202,195000,2.35,2.35,2.35,2.35,214,0
CYXTW.US,5,20211202,200500,2.3501,2.3501,2.3501,2.3501,200,0
CYXTW.US,5,20211202,213500,2.36,2.36,2.355,2.36,8893,0
CYXTW.US,5,20211202,214000,2.36,2.36,2.36,2.36,4250,0
CYXTW.US,5,20211202,215500,2.385,2.385,2.385,2.385,100,0
CYXTW.US,5,20211203,161500,2.1801,2.1801,2.1801,2.1801,342,0
CYXTW.US,5,20211203,162500,2.38,2.38,2.38,2.38,506,0
CYXTW.US,5,20211203,163000,2.37,2.37,2.37,2.37,600,0
CYXTW.US,5,20211203,164000,2.37,2.37,2.34,2.34,408,0
CYXTW.US,5,20211203,165500,2.38,2.38,2.38,2.38,250,0
CYXTW.US,5,20211203,170500,2.36,2.36,2.36,2.36,600,0
CYXTW.US,5,20211203,171500,2.35,2.35,2.35,2.35,102,0
CYXTW.US,5,20211203,172000,2.36,2.36,2.36,2.36,6556,0
CYXTW.US,5,20211203,175500,2.3538,2.3538,2.3538,2.3538,171,0
CYXTW.US,5,20211203,181000,2.35,2.35,2.35,2.35,100,0
CYXTW.US,5,20211203,181500,2.32,2.34,2.32,2.34,200,0
CYXTW.US,5,20211203,182000,2.34,2.34,2.34,2.34,100,0
CYXTW.US,5,20211203,182500,2.36,2.36,2.35,2.3505,1852,0
CYXTW.US,5,20211203,183000,2.36,2.36,2.36,2.36,500,0
CYXTW.US,5,20211203,183500,2.36,2.36,2.36,2.36,250,0
CYXTW.US,5,20211203,184000,2.36,2.36,2.36,2.36,1092,0
CYXTW.US,5,20211203,191000,2.39,2.39,2.39,2.39,638,0
CYXTW.US,5,20211203,191500,2.38,2.38,2.37,2.38,1056,0
CYXTW.US,5,20211203,200000,2.38,2.3805,2.38,2.38,796,0
CYXTW.US,5,20211203,201500,2.4,2.4,2.39,2.39,271,0
CYXTW.US,5,20211203,210000,2.33,2.33,2.33,2.33,1018,0
CYXTW.US,5,20211203,211000,2.33,2.33,2.31,2.31,300,0
CYXTW.US,5,20211203,211500,2.31,2.3201,2.31,2.32,474,0
CYXTW.US,5,20211203,212000,2.33,2.3446,2.32,2.3446,600,0
CYXTW.US,5,20211203,214000,2.32,2.32,2.32,2.32,100,0
CYXTW.US,5,20211203,215000,2.34,2.3401,2.3,2.3,1242,0
CYXTW.US,5,20211203,215500,2.36,2.3615,2.36,2.3615,466,0
CYXTW.US,5,20211206,153000,2.3,2.3,2.3,2.3,103,0
CYXTW.US,5,20211206,154500,2.3,2.3049,2.28,2.3049,1071,0
CYXTW.US,5,20211206,170000,2.35,2.35,2.31,2.31,322,0
CYXTW.US,5,20211206,173000,2.36,2.36,2.36,2.36,100,0
CYXTW.US,5,20211206,173500,2.36,2.36,2.36,2.36,399,0
CYXTW.US,5,20211206,181000,2.3542,2.3542,2.35,2.35,478,0
CYXTW.US,5,20211206,183000,2.3501,2.3501,2.35,2.35,200,0
CYXTW.US,5,20211206,185000,2.35,2.35,2.35,2.35,412,0
CYXTW.US,5,20211206,191500,2.34,2.34,2.33,2.34,2700,0
CYXTW.US,5,20211206,192500,2.34,2.34,2.34,2.34,200,0
CYXTW.US,5,20211206,193000,2.34,2.34,2.34,2.34,859,0
CYXTW.US,5,20211206,193500,2.34,2.34,2.34,2.34,400,0
CYXTW.US,5,20211206,194500,2.34,2.34,2.34,2.34,200,0
CYXTW.US,5,20211206,200000,2.35,2.3583,2.35,2.3583,554,0
CYXTW.US,5,20211206,200500,2.365,2.37,2.36,2.36,450,0
CYXTW.US,5,20211206,201500,2.35,2.37,2.35,2.37,500,0
CYXTW.US,5,20211206,203000,2.36,2.36,2.35,2.36,2661,0
CYXTW.US,5,20211206,205000,2.36,2.36,2.35,2.35,1187,0
CYXTW.US,5,20211206,210000,2.34,2.34,2.34,2.34,150,0
CYXTW.US,5,20211206,210500,2.35,2.35,2.35,2.35,300,0
CYXTW.US,5,20211206,211500,2.36,2.361,2.36,2.361,580,0
CYXTW.US,5,20211206,212000,2.36,2.36,2.36,2.36,200,0
CYXTW.US,5,20211206,212500,2.36,2.37,2.36,2.37,900,0
CYXTW.US,5,20211206,213000,2.37,2.37,2.37,2.37,100,0
CYXTW.US,5,20211206,213500,2.36,2.36,2.35,2.36,2485,0
CYXTW.US,5,20211206,214500,2.37,2.37,2.37,2.37,132,0
CYXTW.US,5,20211206,215000,2.37,2.38,2.37,2.38,2568,0
CYXTW.US,5,20211206,215500,2.37,2.38,2.37,2.38,1439,0
CYXTW.US,5,20211207,153000,2.43,2.49,2.43,2.49,807,0
CYXTW.US,5,20211207,153500,2.43,2.43,2.43,2.43,1150,0
CYXTW.US,5,20211207,154000,2.49,2.55,2.48,2.54,1868,0
CYXTW.US,5,20211207,154500,2.56,2.6,2.52,2.6,6325,0
CYXTW.US,5,20211207,155000,2.65,2.69,2.62,2.69,1132,0
CYXTW.US,5,20211207,155500,2.6,2.6,2.56,2.56,600,0
CYXTW.US,5,20211207,160000,2.62,2.64,2.55,2.64,1025,0
CYXTW.US,5,20211207,161500,2.49,2.49,2.46,2.46,603,0
CYXTW.US,5,20211207,162000,2.46,2.65,2.46,2.65,1797,0
CYXTW.US,5,20211207,163000,2.58,2.58,2.55,2.55,1259,0
CYXTW.US,5,20211207,163500,2.55,2.57,2.5,2.57,1139,0
CYXTW.US,5,20211207,164000,2.56,2.56,2.56,2.56,700,0
CYXTW.US,5,20211207,164500,2.56,2.58,2.56,2.58,383,0
CYXTW.US,5,20211207,165000,2.55,2.55,2.53,2.53,200,0
CYXTW.US,5,20211207,165500,2.55,2.5501,2.55,2.5501,300,0
CYXTW.US,5,20211207,170000,2.57,2.57,2.57,2.57,100,0
CYXTW.US,5,20211207,170500,2.59,2.59,2.59,2.59,400,0
CYXTW.US,5,20211207,171000,2.57,2.57,2.57,2.57,102,0
CYXTW.US,5,20211207,172500,2.57,2.57,2.57,2.57,1618,0
CYXTW.US,5,20211207,173500,2.5401,2.5401,2.54,2.54,1000,0
CYXTW.US,5,20211207,174000,2.54,2.54,2.54,2.54,200,0
CYXTW.US,5,20211207,180000,2.5628,2.59,2.5628,2.59,1139,0
CYXTW.US,5,20211207,181000,2.54,2.54,2.47,2.47,304,0
CYXTW.US,5,20211207,181500,2.54,2.54,2.54,2.54,100,0
CYXTW.US,5,20211207,183500,2.5501,2.56,2.5501,2.56,374,0
CYXTW.US,5,20211207,185000,2.57,2.58,2.57,2.58,450,0
CYXTW.US,5,20211207,190000,2.58,2.58,2.58,2.58,100,0
CYXTW.US,5,20211207,192000,2.59,2.59,2.58,2.58,650,0
CYXTW.US,5,20211207,192500,2.58,2.58,2.58,2.58,1200,0
CYXTW.US,5,20211207,193500,2.525,2.525,2.525,2.525,200,0
CYXTW.US,5,20211207,194500,2.57,2.5736,2.57,2.57,514,0
CYXTW.US,5,20211207,195000,2.57,2.57,2.46,2.47,7932,0
CYXTW.US,5,20211207,195500,2.5889,2.5889,2.47,2.47,200,0
CYXTW.US,5,20211207,201000,2.5,2.5,2.5,2.5,315,0
CYXTW.US,5,20211207,202000,2.49,2.5,2.47,2.49,1700,0
CYXTW.US,5,20211207,203000,2.58,2.58,2.55,2.55,600,0
CYXTW.US,5,20211207,210000,2.525,2.55,2.525,2.55,350,0
CYXTW.US,5,20211207,211000,2.5758,2.58,2.56,2.56,371,0
CYXTW.US,5,20211207,212000,2.56,2.5652,2.49,2.49,926,0
CYXTW.US,5,20211207,212500,2.56,2.56,2.56,2.56,100,0
CYXTW.US,5,20211207,213000,2.57,2.57,2.5681,2.5681,302,0
CYXTW.US,5,20211207,214500,2.57,2.57,2.56,2.56,564,0
CYXTW.US,5,20211207,215000,2.58,2.58,2.56,2.56,271,0
CYXTW.US,5,20211207,215500,2.57,2.57,2.57,2.57,100,0
CYXTW.US,5,20211208,153000,2.45,2.48,2.45,2.48,854,0
CYXTW.US,5,20211208,154000,2.55,2.56,2.55,2.56,10236,0
CYXTW.US,5,20211208,154500,2.56,2.56,2.555,2.56,1743,0
CYXTW.US,5,20211208,155000,2.55,2.56,2.49,2.55,2900,0
CYXTW.US,5,20211208,161000,2.51,2.51,2.51,2.51,100,0
CYXTW.US,5,20211208,163000,2.55,2.56,2.55,2.56,735,0
CYXTW.US,5,20211208,163500,2.565,2.57,2.565,2.57,634,0
CYXTW.US,5,20211208,165500,2.6,2.6,2.59,2.59,200,0
CYXTW.US,5,20211208,170000,2.61,2.61,2.61,2.61,420,0
CYXTW.US,5,20211208,171500,2.62,2.63,2.62,2.63,802,0
CYXTW.US,5,20211208,172000,2.665,2.665,2.665,2.665,342,0
CYXTW.US,5,20211208,172500,2.67,2.67,2.67,2.67,600,0
CYXTW.US,5,20211208,173500,2.63,2.6302,2.62,2.62,1987,0
CYXTW.US,5,20211208,174500,2.6473,2.6473,2.6473,2.6473,1913,0
CYXTW.US,5,20211208,175000,2.6001,2.6001,2.6001,2.6001,241,0
CYXTW.US,5,20211208,180500,2.62,2.62,2.62,2.62,100,0
CYXTW.US,5,20211208,185500,2.635,2.635,2.635,2.635,1000,0
CYXTW.US,5,20211208,190500,2.63,2.63,2.63,2.63,900,0
CYXTW.US,5,20211208,191500,2.64,2.645,2.64,2.645,208,0
CYXTW.US,5,20211208,192000,2.6499,2.65,2.64,2.65,2400,0
CYXTW.US,5,20211208,192500,2.63,2.63,2.61,2.63,1200,0
CYXTW.US,5,20211208,193000,2.62,2.62,2.61,2.61,492,0
CYXTW.US,5,20211208,193500,2.62,2.62,2.62,2.62,700,0
CYXTW.US,5,20211208,194500,2.62,2.62,2.62,2.62,400,0
CYXTW.US,5,20211208,195000,2.59,2.59,2.57,2.57,600,0
CYXTW.US,5,20211208,195500,2.57,2.6,2.57,2.6,1183,0
CYXTW.US,5,20211208,200000,2.59,2.59,2.59,2.59,400,0
CYXTW.US,5,20211208,201500,2.57,2.57,2.57,2.57,300,0
CYXTW.US,5,20211208,202000,2.59,2.59,2.59,2.59,100,0
CYXTW.US,5,20211208,202500,2.56,2.5667,2.56,2.5667,557,0
CYXTW.US,5,20211208,203000,2.53,2.56,2.53,2.56,500,0
CYXTW.US,5,20211208,203500,2.56,2.59,2.56,2.59,600,0
CYXTW.US,5,20211208,204000,2.59,2.59,2.59,2.59,600,0
CYXTW.US,5,20211208,205000,2.5101,2.5101,2.51,2.51,202,0
CYXTW.US,5,20211208,205500,2.54,2.5773,2.54,2.57,1100,0
CYXTW.US,5,20211208,210500,2.59,2.59,2.585,2.59,791,0
CYXTW.US,5,20211208,211000,2.59,2.59,2.56,2.59,7867,0
CYXTW.US,5,20211208,211500,2.58,2.58,2.58,2.58,200,0
CYXTW.US,5,20211208,212000,2.58,2.58,2.58,2.58,100,0
CYXTW.US,5,20211208,213500,2.51,2.56,2.51,2.56,1700,0
CYXTW.US,5,20211208,214000,2.555,2.5892,2.5187,2.5892,542,0
CYXTW.US,5,20211208,215500,2.535,2.535,2.535,2.535,100,0
CYXTW.US,5,20211209,154000,2.4987,2.4987,2.4987,2.4987,500,0
CYXTW.US,5,20211209,161000,2.5,2.51,2.49,2.51,2249,0
CYXTW.US,5,20211209,162000,2.55,2.55,2.55,2.55,361,0
CYXTW.US,5,20211209,164000,2.52,2.52,2.52,2.52,1018,0
CYXTW.US,5,20211209,165000,2.55,2.55,2.55,2.55,904,0
CYXTW.US,5,20211209,172000,2.55,2.55,2.55,2.55,218,0
CYXTW.US,5,20211209,172500,2.55,2.55,2.55,2.55,250,0
CYXTW.US,5,20211209,173000,2.55,2.55,2.55,2.55,250,0
CYXTW.US,5,20211209,174500,2.53,2.53,2.53,2.53,500,0
CYXTW.US,5,20211209,184000,2.54,2.5401,2.54,2.5401,200,0
CYXTW.US,5,20211209,185000,2.55,2.55,2.545,2.55,1892,0
CYXTW.US,5,20211209,185500,2.55,2.55,2.545,2.55,1210,0
CYXTW.US,5,20211209,190000,2.55,2.55,2.55,2.55,247,0
CYXTW.US,5,20211209,190500,2.55,2.55,2.55,2.55,750,0
CYXTW.US,5,20211209,191000,2.545,2.55,2.545,2.55,4462,0
CYXTW.US,5,20211209,192000,2.59,2.59,2.59,2.59,300,0
CYXTW.US,5,20211209,195500,2.6,2.6,2.595,2.6,8232,0
CYXTW.US,5,20211209,200000,2.6,2.6,2.6,2.6,1677,0
CYXTW.US,5,20211209,200500,2.6,2.6,2.6,2.6,997,0
CYXTW.US,5,20211209,201000,2.6,2.6,2.6,2.6,250,0
CYXTW.US,5,20211209,204000,2.58,2.59,2.55,2.59,1029,0
CYXTW.US,5,20211209,204500,2.59,2.6,2.59,2.6,250,0
CYXTW.US,5,20211209,210000,2.59,2.59,2.59,2.59,100,0
CYXTW.US,5,20211209,211000,2.5901,2.5901,2.59,2.59,200,0
CYXTW.US,5,20211209,213000,2.58,2.58,2.58,2.58,1400,0
CYXTW.US,5,20211209,213500,2.58,2.58,2.49,2.58,6190,0
CYXTW.US,5,20211209,214000,2.55,2.58,2.55,2.58,741,0
CYXTW.US,5,20211209,214500,2.58,2.5801,2.49,2.58,2921,0
CYXTW.US,5,20211209,215000,2.57,2.6,2.55,2.58,1390,0
CYXTW.US,5,20211209,215500,2.57,2.59,2.57,2.58,3560,0
CYXTW.US,5,20211210,153000,2.61,2.64,2.61,2.64,700,0
CYXTW.US,5,20211210,153500,2.68,2.7,2.68,2.7,4233,0
CYXTW.US,5,20211210,154000,2.69,2.69,2.69,2.69,250,0
CYXTW.US,5,20211210,160000,2.67,2.67,2.63,2.67,5782,0
CYXTW.US,5,20211210,161000,2.68,2.69,2.68,2.69,2650,0
CYXTW.US,5,20211210,161500,2.69,2.69,2.64,2.69,8500,0
CYXTW.US,5,20211210,162000,2.69,2.69,2.68,2.69,400,0
CYXTW.US,5,20211210,162500,2.68,2.68,2.64,2.67,1300,0
CYXTW.US,5,20211210,163000,2.67,2.68,2.67,2.67,3950,0
CYXTW.US,5,20211210,163500,2.67,2.67,2.62,2.65,4450,0
CYXTW.US,5,20211210,164000,2.65,2.65,2.65,2.65,2100,0
CYXTW.US,5,20211210,164500,2.55,2.55,2.53,2.53,1091,0
CYXTW.US,5,20211210,165000,2.6047,2.6047,2.6047,2.6047,100,0
CYXTW.US,5,20211210,165500,2.65,2.66,2.62,2.66,600,0
CYXTW.US,5,20211210,170500,2.56,2.66,2.56,2.66,587,0
CYXTW.US,5,20211210,171500,2.65,2.65,2.64,2.64,550,0
CYXTW.US,5,20211210,172500,2.66,2.66,2.61,2.66,26380,0
CYXTW.US,5,20211210,173000,2.63,2.63,2.6,2.6,1400,0
CYXTW.US,5,20211210,173500,2.63,2.63,2.58,2.5898,3444,0
CYXTW.US,5,20211210,174000,2.63,2.63,2.6,2.62,12409,0
CYXTW.US,5,20211210,174500,2.65,2.66,2.64,2.66,804,0
CYXTW.US,5,20211210,175000,2.65,2.65,2.6,2.65,5508,0
CYXTW.US,5,20211210,175500,2.67,2.67,2.62,2.62,700,0
CYXTW.US,5,20211210,180500,2.63,2.68,2.63,2.68,650,0
CYXTW.US,5,20211210,182000,2.64,2.67,2.635,2.64,400,0
CYXTW.US,5,20211210,183500,2.65,2.67,2.65,2.67,500,0
CYXTW.US,5,20211210,184500,2.64,2.68,2.64,2.68,734,0
CYXTW.US,5,20211210,185500,2.65,2.68,2.65,2.68,2000,0
CYXTW.US,5,20211210,190000,2.64,2.655,2.64,2.655,787,0
CYXTW.US,5,20211210,192000,2.645,2.645,2.64,2.64,1209,0
CYXTW.US,5,20211210,194500,2.65,2.65,2.645,2.65,400,0
CYXTW.US,5,20211210,195000,2.65,2.65,2.65,2.65,100,0
CYXTW.US,5,20211210,200000,2.6672,2.6672,2.6672,2.6672,203,0
CYXTW.US,5,20211210,200500,2.67,2.68,2.67,2.68,1200,0
CYXTW.US,5,20211210,202000,2.67,2.67,2.67,2.67,300,0
CYXTW.US,5,20211210,203000,2.665,2.665,2.665,2.665,800,0
CYXTW.US,5,20211210,210000,2.64,2.64,2.6,2.63,11890,0
CYXTW.US,5,20211210,210500,2.62,2.62,2.58,2.62,18050,0
CYXTW.US,5,20211210,211500,2.61,2.62,2.6,2.62,1070,0
CYXTW.US,5,20211210,213500,2.65,2.66,2.65,2.66,471,0
CYXTW.US,5,20211210,215500,2.59,2.59,2.59,2.59,100,0
CYXTW.US,5,20211213,153000,2.6,2.87,2.6,2.87,13437,0
CYXTW.US,5,20211213,153500,2.89,2.99,2.88,2.97,7780,0
CYXTW.US,5,20211213,154000,2.99,3.01,2.98,3.01,3351,0
CYXTW.US,5,20211213,154500,2.99,2.99,2.99,2.99,1140,0
CYXTW.US,5,20211213,155000,2.98,3,2.97,2.97,846,0
CYXTW.US,5,20211213,161000,2.9,2.9,2.9,2.9,850,0
CYXTW.US,5,20211213,161500,2.8935,2.8935,2.89,2.89,217,0
CYXTW.US,5,20211213,163500,2.85,2.86,2.83,2.86,2400,0
CYXTW.US,5,20211213,170000,2.8114,2.8114,2.8114,2.8114,685,0
CYXTW.US,5,20211213,171500,2.81,2.81,2.78,2.78,690,0
CYXTW.US,5,20211213,172000,2.8,2.87,2.795,2.87,3397,0
CYXTW.US,5,20211213,173000,2.86,2.86,2.86,2.86,170,0
CYXTW.US,5,20211213,173500,2.88,2.88,2.88,2.88,769,0
CYXTW.US,5,20211213,174000,2.8902,2.8902,2.8902,2.8902,171,0
CYXTW.US,5,20211213,175500,2.9,2.9,2.9,2.9,342,0
CYXTW.US,5,20211213,180000,2.935,2.935,2.88,2.89,1497,0
CYXTW.US,5,20211213,181000,2.9262,2.9262,2.9262,2.9262,102,0
CYXTW.US,5,20211213,182500,2.88,2.88,2.88,2.88,150,0
CYXTW.US,5,20211213,185500,2.84,2.8546,2.8,2.8546,871,0
CYXTW.US,5,20211213,191000,2.83,2.83,2.83,2.83,400,0
CYXTW.US,5,20211213,194500,2.81,2.847,2.81,2.847,571,0
CYXTW.US,5,20211213,200500,2.8108,2.8108,2.8108,2.8108,137,0
CYXTW.US,5,20211213,201500,2.83,2.83,2.83,2.83,300,0
CYXTW.US,5,20211213,205000,2.84,2.86,2.84,2.86,700,0
CYXTW.US,5,20211213,210000,2.87,2.87,2.87,2.87,200,0
CYXTW.US,5,20211213,212500,2.865,2.865,2.865,2.865,100,0
CYXTW.US,5,20211213,213000,2.87,2.9,2.87,2.9,332,0
CYXTW.US,5,20211213,213500,2.8814,2.8814,2.8814,2.8814,100,0
CYXTW.US,5,20211213,214500,2.8801,2.8801,2.8801,2.8801,175,0
CYXTW.US,5,20211213,215000,2.9,2.9,2.85,2.9,700,0
CYXTW.US,5,20211213,215500,2.9214,2.9214,2.9214,2.9214,100,0
CYXTW.US,5,20211214,153000,2.71,2.71,2.56,2.56,1220,0
CYXTW.US,5,20211214,153500,2.56,2.78,2.56,2.78,926,0
CYXTW.US,5,20211214,154500,2.85,2.85,2.85,2.85,250,0
CYXTW.US,5,20211214,155500,2.83,2.83,2.785,2.8,3200,0
CYXTW.US,5,20211214,160500,2.84,2.84,2.84,2.84,200,0
CYXTW.US,5,20211214,161000,2.85,2.85,2.84,2.84,950,0
CYXTW.US,5,20211214,161500,2.83,2.83,2.81,2.81,2412,0
CYXTW.US,5,20211214,162500,2.85,2.85,2.84,2.84,750,0
CYXTW.US,5,20211214,163500,2.87,2.87,2.87,2.87,171,0
CYXTW.US,5,20211214,164500,2.86,2.86,2.86,2.86,150,0
CYXTW.US,5,20211214,165500,2.86,2.86,2.82,2.82,1100,0
CYXTW.US,5,20211214,170000,2.83,2.8324,2.82,2.8324,1200,0
CYXTW.US,5,20211214,171500,2.84,2.84,2.84,2.84,200,0
CYXTW.US,5,20211214,172000,2.84,2.85,2.84,2.84,52594,0
CYXTW.US,5,20211214,172500,2.84,2.84,2.84,2.84,607,0
CYXTW.US,5,20211214,174000,2.82,2.82,2.82,2.82,1018,0
CYXTW.US,5,20211214,174500,2.86,2.86,2.86,2.86,100,0
CYXTW.US,5,20211214,181500,2.81,2.81,2.81,2.81,200,0
CYXTW.US,5,20211214,203500,2.83,2.83,2.825,2.825,920,0
CYXTW.US,5,20211214,204000,2.83,2.83,2.81,2.8171,1065,0
CYXTW.US,5,20211214,211500,2.85,2.86,2.85,2.85,1943,0
CYXTW.US,5,20211214,212500,2.85,2.86,2.84,2.84,3524,0
CYXTW.US,5,20211214,213000,2.84,2.84,2.83,2.83,5000,0
CYXTW.US,5,20211214,214500,2.83,2.84,2.83,2.83,3150,0
CYXTW.US,5,20211214,215000,2.82,2.83,2.81,2.81,4350,0
CYXTW.US,5,20211214,215500,2.8,2.81,2.79,2.79,905,0
CYXTW.US,5,20211215,155000,2.84,2.85,2.75,2.835,1489,0
CYXTW.US,5,20211215,160000,2.85,2.85,2.84,2.84,1900,0
CYXTW.US,5,20211215,160500,2.785,2.85,2.785,2.83,679,0
CYXTW.US,5,20211215,161500,2.83,2.84,2.75,2.82,2076,0
CYXTW.US,5,20211215,162000,2.82,2.82,2.81,2.81,697,0
CYXTW.US,5,20211215,163000,2.77,2.77,2.76,2.76,362,0
CYXTW.US,5,20211215,163500,2.82,2.82,2.82,2.82,290,0
CYXTW.US,5,20211215,164000,2.785,2.81,2.76,2.81,4681,0
CYXTW.US,5,20211215,164500,2.77,2.77,2.77,2.77,137,0
CYXTW.US,5,20211215,165000,2.76,2.76,2.59,2.63,966,0
CYXTW.US,5,20211215,165500,2.75,2.8,2.75,2.8,850,0
CYXTW.US,5,20211215,170000,2.78,2.83,2.7,2.75,1800,0
CYXTW.US,5,20211215,170500,2.79,2.82,2.75,2.82,1600,0
CYXTW.US,5,20211215,171000,2.79,2.8,2.79,2.79,700,0
CYXTW.US,5,20211215,172000,2.79,2.79,2.775,2.775,300,0
CYXTW.US,5,20211215,172500,2.81,2.81,2.81,2.81,200,0
CYXTW.US,5,20211215,174500,2.8,2.8,2.8,2.8,100,0
CYXTW.US,5,20211215,181000,2.81,2.81,2.81,2.81,300,0
CYXTW.US,5,20211215,185000,2.79,2.79,2.79,2.79,596,0
CYXTW.US,5,20211215,185500,2.79,2.79,2.79,2.79,100,0
CYXTW.US,5,20211215,190000,2.79,2.79,2.79,2.79,100,0
CYXTW.US,5,20211215,191500,2.82,2.82,2.82,2.82,200,0
CYXTW.US,5,20211215,193000,2.81,2.81,2.81,2.81,350,0
CYXTW.US,5,20211215,194000,2.81,2.81,2.81,2.81,100,0
CYXTW.US,5,20211215,200000,2.85,2.85,2.72,2.8,8882,0
CYXTW.US,5,20211215,200500,2.78,2.79,2.75,2.76,5694,0
CYXTW.US,5,20211215,201000,2.77,2.77,2.77,2.77,100,0
CYXTW.US,5,20211215,201500,2.79,2.8,2.79,2.8,1425,0
CYXTW.US,5,20211215,202000,2.8,2.83,2.74,2.79,5424,0
CYXTW.US,5,20211215,203000,2.76,2.76,2.75,2.75,500,0
CYXTW.US,5,20211215,203500,2.75,2.81,2.75,2.79,3205,0
CYXTW.US,5,20211215,204000,2.75,2.78,2.75,2.75,2962,0
CYXTW.US,5,20211215,204500,2.75,2.76,2.74,2.76,888,0
CYXTW.US,5,20211215,205000,2.75,2.75,2.73,2.73,1450,0
CYXTW.US,5,20211215,205500,2.75,2.75,2.73,2.73,2080,0
CYXTW.US,5,20211215,210000,2.79,2.82,2.74,2.74,3382,0
CYXTW.US,5,20211215,210500,2.78,2.78,2.74,2.76,3791,0
CYXTW.US,5,20211215,211000,2.7708,2.78,2.75,2.78,5378,0
CYXTW.US,5,20211215,211500,2.765,2.8,2.765,2.8,1897,0
CYXTW.US,5,20211215,212000,2.8,2.83,2.75,2.75,3745,0
CYXTW.US,5,20211215,212500,2.75,2.8,2.75,2.8,1657,0
CYXTW.US,5,20211215,213000,2.775,2.8,2.76,2.76,3893,0
CYXTW.US,5,20211215,213500,2.77,2.78,2.73,2.75,5098,0
CYXTW.US,5,20211215,214000,2.725,2.7593,2.72,2.73,2247,0
CYXTW.US,5,20211215,214500,2.73,2.73,2.67,2.73,4847,0
CYXTW.US,5,20211215,215000,2.72,2.8,2.71,2.75,1682,0
CYXTW.US,5,20211215,215500,2.75,2.75,2.68,2.74,6826,0
CYXTW.US,5,20211216,153000,2.82,3.02,2.82,2.99,13898,0
CYXTW.US,5,20211216,153500,2.9643,3,2.9643,2.99,1897,0
CYXTW.US,5,20211216,154000,2.98,3.02,2.98,2.99,6367,0
CYXTW.US,5,20211216,154500,2.9,2.95,2.9,2.94,4674,0
CYXTW.US,5,20211216,155000,2.955,2.97,2.85,2.97,5949,0
CYXTW.US,5,20211216,155500,2.99,3,2.94,2.98,3600,0
CYXTW.US,5,20211216,160000,2.99,3.01,2.98,3,2242,0
CYXTW.US,5,20211216,160500,3,3,2.9,3,2582,0
CYXTW.US,5,20211216,161000,2.99,3,2.965,2.98,17017,0
CYXTW.US,5,20211216,161500,2.99,3.01,2.98,3,47288,0
CYXTW.US,5,20211216,162000,2.89,2.89,2.89,2.89,100,0
CYXTW.US,5,20211216,162500,2.89,3.02,2.89,3.02,10300,0
CYXTW.US,5,20211216,163000,3.0101,3.0101,2.99,3,18820,0
CYXTW.US,5,20211216,163500,2.98,2.98,2.98,2.98,7402,0
CYXTW.US,5,20211216,164000,2.97,2.97,2.97,2.97,250,0
CYXTW.US,5,20211216,164500,2.9681,2.9681,2.95,2.95,458,0
CYXTW.US,5,20211216,165000,2.96,2.96,2.96,2.96,600,0
CYXTW.US,5,20211216,165500,2.96,2.96,2.95,2.95,1250,0
CYXTW.US,5,20211216,170000,2.95,2.95,2.95,2.95,200,0
CYXTW.US,5,20211216,170500,2.95,2.99,2.92,2.99,1683,0
CYXTW.US,5,20211216,171000,2.97,2.98,2.92,2.94,2145,0
CYXTW.US,5,20211216,171500,2.94,2.95,2.94,2.94,1050,0
CYXTW.US,5,20211216,172000,2.94,2.94,2.94,2.94,200,0
CYXTW.US,5,20211216,172500,2.95,2.95,2.95,2.95,1395,0
CYXTW.US,5,20211216,173000,2.96,2.98,2.96,2.98,756,0
CYXTW.US,5,20211216,173500,2.97,2.98,2.97,2.98,1245,0
CYXTW.US,5,20211216,174000,2.97,2.98,2.97,2.98,998,0
CYXTW.US,5,20211216,174500,2.98,2.98,2.93,2.96,2590,0
CYXTW.US,5,20211216,175000,2.945,2.97,2.945,2.97,1398,0
CYXTW.US,5,20211216,175500,2.97,2.97,2.97,2.97,702,0
CYXTW.US,5,20211216,180000,2.97,2.98,2.93,2.93,591,0
CYXTW.US,5,20211216,180500,2.96,2.98,2.945,2.98,8520,0
CYXTW.US,5,20211216,182000,2.97,2.97,2.97,2.97,200,0
CYXTW.US,5,20211216,182500,2.97,2.97,2.955,2.97,750,0
CYXTW.US,5,20211216,183000,2.97,2.99,2.95,2.97,6000,0
CYXTW.US,5,20211216,183500,2.98,2.98,2.97,2.97,4850,0
CYXTW.US,5,20211216,184000,2.98,2.98,2.95,2.96,12270,0
CYXTW.US,5,20211216,184500,2.97,3,2.97,2.99,25604,0
CYXTW.US,5,20211216,185000,2.9921,3,2.9921,3,930,0
CYXTW.US,5,20211216,185500,3,3,3,3,400,0
CYXTW.US,5,20211216,190500,3,3,3,3,1000,0
CYXTW.US,5,20211216,191000,3,3,2.995,3,5273,0
CYXTW.US,5,20211216,191500,3,3,2.95,3,10600,0
CYXTW.US,5,20211216,192000,3,3,3,3,10720,0
CYXTW.US,5,20211216,192500,3,3.01,3,3,4790,0
CYXTW.US,5,20211216,193000,3,3.02,2.975,2.975,6850,0
CYXTW.US,5,20211216,194000,2.99,2.99,2.99,2.99,950,0
CYXTW.US,5,20211216,194500,2.99,2.99,2.96,2.99,3832,0
CYXTW.US,5,20211216,195000,2.99,2.99,2.97,2.97,2785,0
CYXTW.US,5,20211216,195500,2.97,2.99,2.97,2.99,3442,0
CYXTW.US,5,20211216,200000,2.99,3,2.96,2.97,3707,0
CYXTW.US,5,20211216,200500,2.96,2.96,2.95,2.96,4190,0
CYXTW.US,5,20211216,201000,2.96,2.96,2.95,2.95,3287,0
CYXTW.US,5,20211216,201500,2.95,2.95,2.95,2.95,650,0
CYXTW.US,5,20211216,202000,2.94,2.94,2.94,2.94,797,0
CYXTW.US,5,20211216,202500,2.93,2.93,2.93,2.93,196,0
CYXTW.US,5,20211216,203500,2.93,2.95,2.89,2.94,11833,0
CYXTW.US,5,20211216,204500,2.93,2.93,2.93,2.93,2057,0
CYXTW.US,5,20211216,205000,2.95,2.95,2.95,2.95,2221,0
CYXTW.US,5,20211216,205500,2.95,2.965,2.9014,2.95,5593,0
CYXTW.US,5,20211216,210000,2.965,2.97,2.95,2.965,13096,0
CYXTW.US,5,20211216,210500,2.965,2.97,2.945,2.97,7412,0
CYXTW.US,5,20211216,211000,2.97,2.97,2.95,2.97,3217,0
CYXTW.US,5,20211216,211500,2.98,2.98,2.95,2.95,4515,0
CYXTW.US,5,20211216,212000,2.95,2.95,2.94,2.94,3753,0
CYXTW.US,5,20211216,212500,2.94,2.95,2.94,2.95,3000,0
CYXTW.US,5,20211216,213000,2.92,2.95,2.92,2.95,3600,0
CYXTW.US,5,20211216,213500,2.95,2.95,2.95,2.95,3500,0
CYXTW.US,5,20211216,214000,2.95,2.95,2.885,2.8993,4150,0
CYXTW.US,5,20211216,214500,2.9,2.95,2.9,2.91,4989,0
CYXTW.US,5,20211216,215000,2.9,2.9,2.8,2.8,13916,0
CYXTW.US,5,20211216,215500,2.8,2.8,2.75,2.75,7576,0
CYXTW.US,5,20211217,153000,2.75,2.98,2.75,2.96,1817,0
CYXTW.US,5,20211217,153500,2.94,2.94,2.87,2.93,1722,0
CYXTW.US,5,20211217,154000,2.94,2.9403,2.825,2.92,6371,0
CYXTW.US,5,20211217,154500,2.95,2.98,2.94,2.98,1900,0
CYXTW.US,5,20211217,155000,2.98,3,2.97,3,1700,0
CYXTW.US,5,20211217,155500,2.98,2.98,2.94,2.98,1800,0
CYXTW.US,5,20211217,160000,2.97,2.98,2.94,2.98,3377,0
CYXTW.US,5,20211217,160500,2.99,3,2.99,3,702,0
CYXTW.US,5,20211217,161000,3.02,3.03,3.02,3.03,400,0
CYXTW.US,5,20211217,161500,3.05,3.05,3.05,3.05,400,0
CYXTW.US,5,20211217,162000,3.06,3.1,3.05,3.09,1500,0
CYXTW.US,5,20211217,162500,3.1,3.16,3.1,3.16,2929,0
CYXTW.US,5,20211217,163000,3.14,3.14,3.12,3.12,1200,0
CYXTW.US,5,20211217,163500,3.11,3.12,2.98,2.98,900,0
CYXTW.US,5,20211217,164000,3.07,3.07,3.04,3.05,2500,0
CYXTW.US,5,20211217,164500,3.05,3.05,3.04,3.05,1138,0
CYXTW.US,5,20211217,165000,3.02,3.05,3.02,3.03,7936,0
CYXTW.US,5,20211217,165500,3.04,3.04,3.02,3.03,1200,0
CYXTW.US,5,20211217,170000,3.03,3.05,3.0204,3.04,2596,0
CYXTW.US,5,20211217,170500,3.035,3.09,3.03,3.04,8167,0
CYXTW.US,5,20211217,171000,3.04,3.05,3.04,3.05,3200,0
CYXTW.US,5,20211217,171500,3.03,3.0301,3.01,3.01,1800,0
CYXTW.US,5,20211217,172000,3,3.01,3,3,4100,0
CYXTW.US,5,20211217,173000,3,3.01,3,3,6100,0
CYXTW.US,5,20211217,174000,2.97,2.97,2.97,2.97,700,0
CYXTW.US,5,20211217,174500,2.97,2.9702,2.97,2.97,1300,0
CYXTW.US,5,20211217,175000,2.97,2.97,2.97,2.97,4762,0
CYXTW.US,5,20211217,181000,2.95,2.95,2.95,2.95,100,0
CYXTW.US,5,20211217,181500,2.97,2.98,2.96,2.98,686,0
CYXTW.US,5,20211217,182000,3,3.01,2.98,2.98,5701,0
CYXTW.US,5,20211217,182500,2.98,3,2.97,3,11700,0
CYXTW.US,5,20211217,183000,3,3,3,3,4689,0
CYXTW.US,5,20211217,183500,3,3.01,2.99,3,12300,0
CYXTW.US,5,20211217,184000,3,3,3,3,2746,0
CYXTW.US,5,20211217,184500,3,3,2.99,2.99,546,0
CYXTW.US,5,20211217,190000,3,3,3,3,1909,0
CYXTW.US,5,20211217,191000,2.9801,2.9801,2.9633,2.97,12988,0
CYXTW.US,5,20211217,191500,3,3,3,3,348,0
CYXTW.US,5,20211217,192000,2.99,2.99,2.98,2.99,2870,0
CYXTW.US,5,20211217,192500,2.99,3.01,2.99,3.01,698,0
CYXTW.US,5,20211217,193500,3,3,2.92,2.9997,3838,0
CYXTW.US,5,20211217,194000,3,3,3,3,100,0
CYXTW.US,5,20211217,194500,3.03,3.03,3.0201,3.03,3675,0
CYXTW.US,5,20211217,195000,3.02,3.02,3.02,3.02,300,0
CYXTW.US,5,20211217,195500,3.02,3.02,3.02,3.02,100,0
CYXTW.US,5,20211217,200000,3.02,3.02,3.02,3.02,498,0
CYXTW.US,5,20211217,201500,3.01,3.12,3.01,3.12,3789,0
CYXTW.US,5,20211217,202000,3.09,3.1,3.09,3.1,388,0
CYXTW.US,5,20211217,202500,3.12,3.12,3.09,3.09,600,0
CYXTW.US,5,20211217,203000,3.09,3.1,3.08,3.1,700,0
CYXTW.US,5,20211217,203500,3.09,3.1,3.09,3.09,2000,0
CYXTW.US,5,20211217,204000,3.08,3.08,3.04,3.04,3892,0
CYXTW.US,5,20211217,204500,3.05,3.06,3.05,3.06,5268,0
CYXTW.US,5,20211217,205000,3.08,3.08,3.07,3.07,4353,0
CYXTW.US,5,20211217,205500,3.07,3.07,3.06,3.06,5087,0
CYXTW.US,5,20211217,210000,3.04,3.04,3,3,17600,0
CYXTW.US,5,20211217,210500,3.02,3.06,3.01,3.06,4902,0
CYXTW.US,5,20211217,211000,3.055,3.055,3.015,3.035,3300,0
CYXTW.US,5,20211217,211500,3.02,3.02,3,3,5300,0
CYXTW.US,5,20211217,212000,3,3.04,3,3.04,8800,0
CYXTW.US,5,20211217,212500,3.04,3.04,3.04,3.04,100,0
CYXTW.US,5,20211217,213000,3.04,3.04,3.04,3.04,500,0
CYXTW.US,5,20211217,213500,3.04,3.04,3.04,3.04,871,0
CYXTW.US,5,20211217,214000,3.04,3.06,3,3.05,27400,0
CYXTW.US,5,20211217,214500,3.04,3.06,3.04,3.05,2200,0
CYXTW.US,5,20211217,215000,3.04,3.04,3.01,3.04,8849,0
CYXTW.US,5,20211217,215500,3.05,3.15,3,3.15,14154,0
CYXTW.US,5,20211220,160000,3.24,3.24,3.2399,3.2399,200,0
CYXTW.US,5,20211220,160500,3.24,3.3,3.24,3.29,2143,0
CYXTW.US,5,20211220,161500,3.32,3.4,3.3,3.3,4076,0
CYXTW.US,5,20211220,162000,3.32,3.32,3.32,3.32,300,0
CYXTW.US,5,20211220,163500,3.29,3.29,3.29,3.29,696,0
CYXTW.US,5,20211220,164500,3.27,3.3,3.16,3.29,11894,0
CYXTW.US,5,20211220,165000,3.27,3.27,3.26,3.26,597,0
CYXTW.US,5,20211220,165500,3.25,3.25,3.25,3.25,100,0
CYXTW.US,5,20211220,170000,3.2,3.23,3.2,3.23,900,0
CYXTW.US,5,20211220,170500,3.2,3.2134,3.19,3.19,2000,0
CYXTW.US,5,20211220,173000,3.19,3.19,3.18,3.19,2200,0
CYXTW.US,5,20211220,173500,3.17,3.18,3.17,3.18,900,0
CYXTW.US,5,20211220,174000,3.17,3.17,3.13,3.13,300,0
CYXTW.US,5,20211220,175000,3.15,3.15,3.13,3.13,6290,0
CYXTW.US,5,20211220,181500,3.2,3.2,3.19,3.2,1000,0
CYXTW.US,5,20211220,182000,3.18,3.18,3.18,3.18,100,0
CYXTW.US,5,20211220,182500,3.17,3.17,3.17,3.17,100,0
CYXTW.US,5,20211220,183500,3.16,3.16,3.15,3.15,2300,0
CYXTW.US,5,20211220,184000,3.15,3.15,3.02,3.02,2300,0
CYXTW.US,5,20211220,184500,3.15,3.15,3.15,3.15,700,0
CYXTW.US,5,20211220,185000,3.06,3.17,3.06,3.15,1810,0
CYXTW.US,5,20211220,185500,3.15,3.16,3.15,3.15,1900,0
CYXTW.US,5,20211220,190000,3.15,3.16,3.06,3.15,2363,0
CYXTW.US,5,20211220,190500,3.15,3.16,3.15,3.16,2300,0
CYXTW.US,5,20211220,191000,3.16,3.17,3.14,3.14,2000,0
CYXTW.US,5,20211220,191500,3.14,3.14,3.1,3.1,1700,0
CYXTW.US,5,20211220,192000,3.11,3.12,3.11,3.12,300,0
CYXTW.US,5,20211220,192500,3.12,3.12,3.12,3.12,100,0
CYXTW.US,5,20211220,193000,3.12,3.12,3.12,3.12,100,0
CYXTW.US,5,20211220,193500,3.13,3.13,3.13,3.13,100,0
CYXTW.US,5,20211220,195000,3.15,3.15,3.13,3.13,705,0
CYXTW.US,5,20211220,200000,3.18,3.18,3.18,3.18,100,0
CYXTW.US,5,20211220,201000,3.19,3.19,3.19,3.19,170,0
CYXTW.US,5,20211220,201500,3.18,3.18,3.18,3.18,493,0
CYXTW.US,5,20211220,203500,3.06,3.06,3.06,3.06,2240,0
CYXTW.US,5,20211220,204000,3.1115,3.12,3.1115,3.12,462,0
CYXTW.US,5,20211220,204500,3.02,3.12,3.02,3.12,1216,0
CYXTW.US,5,20211220,205500,3.16,3.17,3.16,3.17,300,0
CYXTW.US,5,20211220,212000,3.16,3.17,3.16,3.17,200,0
CYXTW.US,5,20211220,213000,3.19,3.2,3.19,3.2,518,0
CYXTW.US,5,20211220,215000,3.25,3.25,3.25,3.25,300,0
CYXTW.US,5,20211221,153000,3.15,3.15,3.1,3.1,726,0
CYXTW.US,5,20211221,153500,3.12,3.15,3.11,3.15,2867,0
CYXTW.US,5,20211221,154000,3.2,3.2,3.2,3.2,3203,0
CYXTW.US,5,20211221,155000,3.19,3.21,3.17,3.19,31692,0
CYXTW.US,5,20211221,155500,3.19,3.1922,3.19,3.19,4552,0
CYXTW.US,5,20211221,160000,3.19,3.2,3.11,3.18,18761,0
CYXTW.US,5,20211221,160500,3.18,3.2,3.18,3.19,12479,0
CYXTW.US,5,20211221,161000,3.18,3.19,3.18,3.19,2800,0
CYXTW.US,5,20211221,161500,3.19,3.1903,3.17,3.18,5624,0
CYXTW.US,5,20211221,162000,3.17,3.18,3.16,3.16,17724,0
CYXTW.US,5,20211221,162500,3.15,3.18,3.14,3.18,27463,0
CYXTW.US,5,20211221,163500,3.17,3.17,3.16,3.16,16842,0
CYXTW.US,5,20211221,164000,3.15,3.16,3.12,3.14,27437,0
CYXTW.US,5,20211221,164500,3.154,3.154,3.13,3.144,8243,0
CYXTW.US,5,20211221,165000,3.15,3.15,3.15,3.15,1200,0
CYXTW.US,5,20211221,165500,3.15,3.15,3.14,3.14,7804,0
CYXTW.US,5,20211221,170000,3.14,3.15,3.14,3.15,3402,0
CYXTW.US,5,20211221,170500,3.15,3.1632,3.15,3.1632,2899,0
CYXTW.US,5,20211221,171000,3.17,3.17,3.15,3.17,101529,0
CYXTW.US,5,20211221,171500,3.17,3.17,3.16,3.16,5721,0
CYXTW.US,5,20211221,172000,3.16,3.17,3.16,3.1602,3982,0
CYXTW.US,5,20211221,172500,3.16,3.17,3.16,3.17,2282,0
CYXTW.US,5,20211221,173000,3.16,3.17,3.16,3.1601,3946,0
CYXTW.US,5,20211221,173500,3.17,3.17,3.16,3.16,7101,0
CYXTW.US,5,20211221,174000,3.16,3.16,3.16,3.16,2576,0
CYXTW.US,5,20211221,174500,3.16,3.16,3.16,3.16,700,0
CYXTW.US,5,20211221,175000,3.15,3.16,3.15,3.16,3085,0
CYXTW.US,5,20211221,175500,3.16,3.17,3.16,3.16,1300,0
CYXTW.US,5,20211221,180000,3.16,3.16,3.16,3.16,700,0
CYXTW.US,5,20211221,180500,3.16,3.16,3.16,3.16,4280,0
CYXTW.US,5,20211221,181000,3.16,3.1612,3.16,3.16,1002,0
CYXTW.US,5,20211221,181500,3.16,3.165,3.15,3.16,1900,0
CYXTW.US,5,20211221,182000,3.16,3.16,3.14,3.14,3652,0
CYXTW.US,5,20211221,182500,3.15,3.15,3.135,3.15,18774,0
CYXTW.US,5,20211221,183000,3.14,3.15,3.14,3.15,3062,0
CYXTW.US,5,20211221,183500,3.15,3.15,3.13,3.15,3477,0
CYXTW.US,5,20211221,184000,3.15,3.15,3.15,3.15,1100,0
CYXTW.US,5,20211221,184500,3.15,3.15,3.14,3.14,3720,0
CYXTW.US,5,20211221,185000,3.15,3.15,3.15,3.15,5148,0
CYXTW.US,5,20211221,185500,3.16,3.16,3.15,3.15,1055,0
CYXTW.US,5,20211221,190000,3.155,3.16,3.15,3.15,15991,0
CYXTW.US,5,20211221,190500,3.15,3.15,3.1401,3.1401,1930,0
CYXTW.US,5,20211221,191000,3.15,3.15,3.14,3.14,3683,0
CYXTW.US,5,20211221,191500,3.14,3.14,3.14,3.14,200,0
CYXTW.US,5,20211221,192000,3.14,3.15,3.1,3.12,83512,0
CYXTW.US,5,20211221,192500,3.12,3.13,3.12,3.13,3567,0
CYXTW.US,5,20211221,193000,3.13,3.13,3.13,3.13,342,0
CYXTW.US,5,20211221,195000,3.14,3.14,3.14,3.14,800,0
CYXTW.US,5,20211221,195500,3.145,3.15,3.14,3.15,500,0
CYXTW.US,5,20211221,200000,3.14,3.15,3.14,3.15,2646,0
CYXTW.US,5,20211221,200500,3.15,3.1541,3.14,3.14,4025,0
CYXTW.US,5,20211221,201000,3.15,3.15,3.12,3.15,400,0
CYXTW.US,5,20211221,201500,3.15,3.1536,3.15,3.1536,1142,0
CYXTW.US,5,20211221,202500,3.15,3.15,3.15,3.15,300,0
CYXTW.US,5,20211221,203000,3.15,3.16,3.13,3.15,11073,0
CYXTW.US,5,20211221,203500,3.15,3.1501,3.15,3.15,1500,0
CYXTW.US,5,20211221,204000,3.15,3.155,2.99,3.14,95779,0
CYXTW.US,5,20211221,204500,3.1403,3.145,3.13,3.14,1400,0
CYXTW.US,5,20211221,205000,3.1444,3.1444,3.05,3.13,5652,0
CYXTW.US,5,20211221,205500,3.13,3.16,3.13,3.16,2250,0
CYXTW.US,5,20211221,210000,3.16,3.17,3.14,3.15,5600,0
CYXTW.US,5,20211221,210500,3.14,3.145,3.12,3.1201,4379,0
CYXTW.US,5,20211221,211000,3.12,3.12,3.12,3.12,2268,0
CYXTW.US,5,20211221,211500,3.12,3.125,2.95,3.125,42774,0
CYXTW.US,5,20211221,212000,3.12,3.12,3.1,3.11,7093,0
CYXTW.US,5,20211221,212500,3.11,3.14,3.11,3.14,1007,0
CYXTW.US,5,20211221,213000,3.14,3.15,3.14,3.1402,4908,0
CYXTW.US,5,20211221,213500,3.145,3.15,3.14,3.15,7516,0
CYXTW.US,5,20211221,214000,3.1501,3.1501,3.15,3.15,1376,0
CYXTW.US,5,20211221,214500,3.15,3.15,3.1,3.14,2751,0
CYXTW.US,5,20211221,215000,3.15,3.16,3.115,3.14,72564,0
CYXTW.US,5,20211221,215500,3.14,3.1601,3.14,3.16,16426,0
CYXTW.US,5,20211222,153000,2.88,3.0703,2.86,3.07,14975,0
CYXTW.US,5,20211222,154000,3.07,3.1001,3.07,3.1001,5475,0
CYXTW.US,5,20211222,154500,3.1031,3.1031,3.09,3.09,602,0
CYXTW.US,5,20211222,155000,3.09,3.105,3.07,3.105,3551,0
CYXTW.US,5,20211222,155500,3.09,3.09,3.09,3.09,300,0
CYXTW.US,5,20211222,160000,3.1001,3.1001,3.1,3.1,3255,0
CYXTW.US,5,20211222,160500,3.09,3.09,3.09,3.09,100,0
CYXTW.US,5,20211222,161000,3.09,3.1,3.09,3.1,2649,0
CYXTW.US,5,20211222,161500,3.09,3.0916,3.09,3.0916,1408,0
CYXTW.US,5,20211222,162000,3.0901,3.1,3.0901,3.1,1081,0
CYXTW.US,5,20211222,162500,3.1,3.1,3.1,3.1,100,0
CYXTW.US,5,20211222,163500,3.11,3.11,3.105,3.11,552,0
CYXTW.US,5,20211222,164500,3.1003,3.1003,3.1,3.1,800,0
CYXTW.US,5,20211222,165000,3.1,3.1003,3.1,3.1003,4659,0
CYXTW.US,5,20211222,165500,3.11,3.11,3.11,3.11,500,0
CYXTW.US,5,20211222,170000,3.09,3.1,3.08,3.08,5880,0
CYXTW.US,5,20211222,170500,3.08,3.0801,3.08,3.08,536,0
CYXTW.US,5,20211222,171000,3.08,3.09,3.08,3.09,1590,0
CYXTW.US,5,20211222,171500,3.09,3.0922,3.09,3.09,800,0
CYXTW.US,5,20211222,172000,3.09,3.09,3.09,3.09,471,0
CYXTW.US,5,20211222,172500,3.09,3.09,3.09,3.09,100,0
CYXTW.US,5,20211222,173000,3.1,3.1,3.1,3.1,4066,0
CYXTW.US,5,20211222,173500,3.1,3.1001,3.1,3.1001,600,0
CYXTW.US,5,20211222,174000,3.1001,3.1017,3.1,3.1,6570,0
CYXTW.US,5,20211222,174500,3.1,3.1021,3.1,3.1,2400,0
CYXTW.US,5,20211222,175000,3.1,3.11,3.08,3.09,14148,0
CYXTW.US,5,20211222,175500,3.09,3.1,3.09,3.1,3458,0
CYXTW.US,5,20211222,180000,3.09,3.09,3.08,3.09,41380,0
CYXTW.US,5,20211222,180500,3.09,3.09,3.09,3.09,100,0
CYXTW.US,5,20211222,181000,3.09,3.09,3.09,3.09,100,0
CYXTW.US,5,20211222,181500,3.09,3.09,3.09,3.09,200,0
CYXTW.US,5,20211222,182000,3.09,3.09,3.08,3.08,4030,0
CYXTW.US,5,20211222,182500,3.08,3.0801,3.08,3.08,3600,0
CYXTW.US,5,20211222,183000,3.07,3.07,3.07,3.07,200,0
CYXTW.US,5,20211222,183500,3.08,3.08,3.08,3.08,300,0
CYXTW.US,5,20211222,184000,3.08,3.08,3.08,3.08,100,0
CYXTW.US,5,20211222,184500,3.08,3.0801,3.08,3.08,4284,0
CYXTW.US,5,20211222,185000,3.08,3.08,3.08,3.08,100,0
CYXTW.US,5,20211222,185500,3.08,3.0801,3.08,3.08,1700,0
CYXTW.US,5,20211222,190000,3.08,3.08,3.08,3.08,200,0
CYXTW.US,5,20211222,190500,3.08,3.08,3.08,3.08,100,0
CYXTW.US,5,20211222,191000,3.08,3.08,3.08,3.08,200,0
CYXTW.US,5,20211222,191500,3.08,3.08,3.08,3.08,100,0
CYXTW.US,5,20211222,192000,3.08,3.08,3.08,3.08,100,0
CYXTW.US,5,20211222,192500,3.08,3.08,3.07,3.07,1518,0
CYXTW.US,5,20211222,193000,3.07,3.07,3.07,3.07,200,0
CYXTW.US,5,20211222,193500,3.07,3.07,3.07,3.07,100,0
CYXTW.US,5,20211222,194000,3.07,3.07,3.07,3.07,300,0
CYXTW.US,5,20211222,194500,3.07,3.07,3.07,3.07,100,0
CYXTW.US,5,20211222,195000,3.07,3.07,3.07,3.07,100,0
CYXTW.US,5,20211222,195500,3.07,3.07,3.07,3.07,200,0
CYXTW.US,5,20211222,200000,3.07,3.07,3.07,3.07,100,0
CYXTW.US,5,20211222,200500,3.07,3.07,3.07,3.07,100,0
CYXTW.US,5,20211222,201000,3.08,3.108,3.07,3.108,7148,0
CYXTW.US,5,20211222,202000,3.08,3.08,3.08,3.08,100,0
CYXTW.US,5,20211222,202500,3.08,3.08,3.08,3.08,100,0
CYXTW.US,5,20211222,203000,3.0943,3.0943,3.0943,3.0943,254,0
CYXTW.US,5,20211222,204000,3.1,3.14,3.1,3.14,1642,0
CYXTW.US,5,20211222,210000,3.12,3.12,3.12,3.12,100,0
CYXTW.US,5,20211222,210500,3.13,3.15,3.12,3.15,1691,0
CYXTW.US,5,20211222,211000,3.15,3.19,3.15,3.19,11716,0
CYXTW.US,5,20211222,211500,3.15,3.15,3.15,3.15,100,0
CYXTW.US,5,20211222,212000,3.15,3.15,3.15,3.15,200,0
CYXTW.US,5,20211222,212500,3.15,3.1753,3.15,3.1753,1100,0
CYXTW.US,5,20211222,213000,3.17,3.17,3.16,3.1622,3534,0
CYXTW.US,5,20211222,213500,3.16,3.1723,3.16,3.1723,745,0
CYXTW.US,5,20211222,214000,3.17,3.18,3.17,3.17,7219,0
CYXTW.US,5,20211222,214500,3.17,3.17,3.16,3.17,5834,0
CYXTW.US,5,20211222,215000,3.16,3.16,3.141,3.141,471,0
CYXTW.US,5,20211222,215500,3.14,3.14,3.13,3.13,400,0
CYXTW.US,5,20211223,153000,3.06,3.06,3.05,3.05,10241,0
CYXTW.US,5,20211223,153500,3.08,3.1,3.08,3.1,1116,0
CYXTW.US,5,20211223,154000,3.11,3.1102,3.11,3.1102,354,0
CYXTW.US,5,20211223,154500,3.12,3.12,3.12,3.12,200,0
CYXTW.US,5,20211223,155000,3.11,3.11,3.09,3.11,5981,0
CYXTW.US,5,20211223,155500,3.12,3.12,3.12,3.12,400,0
CYXTW.US,5,20211223,160000,3.11,3.12,3.11,3.11,5207,0
CYXTW.US,5,20211223,160500,3.11,3.13,3.11,3.13,7278,0
CYXTW.US,5,20211223,161500,3.14,3.14,3.14,3.14,100,0
CYXTW.US,5,20211223,162000,3.14,3.14,3.13,3.13,13620,0
CYXTW.US,5,20211223,162500,3.13,3.15,3.12,3.15,6373,0
CYXTW.US,5,20211223,163000,3.15,3.17,3.14,3.14,9912,0
CYXTW.US,5,20211223,163500,3.14,3.14,3.14,3.14,200,0
CYXTW.US,5,20211223,164000,3.14,3.14,3.14,3.14,100,0
CYXTW.US,5,20211223,164500,3.14,3.15,3.13,3.15,1849,0
CYXTW.US,5,20211223,165000,3.1501,3.1505,3.15,3.15,5504,0
CYXTW.US,5,20211223,165500,3.17,3.18,3.17,3.18,2484,0
CYXTW.US,5,20211223,170500,3.15,3.15,3.15,3.15,400,0
CYXTW.US,5,20211223,171000,3.15,3.15,3.15,3.15,312,0
CYXTW.US,5,20211223,171500,3.14,3.16,3.13,3.14,20288,0
CYXTW.US,5,20211223,172000,3.15,3.15,3.14,3.15,6385,0
CYXTW.US,5,20211223,172500,3.15,3.15,3.15,3.15,100,0
CYXTW.US,5,20211223,173000,3.1503,3.1567,3.15,3.1567,11872,0
CYXTW.US,5,20211223,173500,3.1591,3.1591,3.15,3.1585,1739,0
CYXTW.US,5,20211223,174000,3.15,3.165,3.15,3.15,607,0
CYXTW.US,5,20211223,174500,3.15,3.15,3.15,3.15,785,0
CYXTW.US,5,20211223,175000,3.16,3.16,3.14,3.14,454,0
CYXTW.US,5,20211223,175500,3.14,3.14,3.14,3.14,300,0
CYXTW.US,5,20211223,180000,3.14,3.1401,3.14,3.14,708,0
CYXTW.US,5,20211223,180500,3.13,3.14,3.12,3.14,12059,0
CYXTW.US,5,20211223,181000,3.13,3.13,3.13,3.13,6816,0
CYXTW.US,5,20211223,181500,3.1414,3.1414,3.12,3.12,5037,0
CYXTW.US,5,20211223,182000,3.14,3.14,3.13,3.14,2504,0
CYXTW.US,5,20211223,182500,3.14,3.14,3.12,3.14,8578,0
CYXTW.US,5,20211223,183000,3.14,3.14,3.14,3.14,1493,0
CYXTW.US,5,20211223,183500,3.14,3.14,3.12,3.14,5800,0
CYXTW.US,5,20211223,184000,3.13,3.13,3.12,3.12,9662,0
CYXTW.US,5,20211223,184500,3.12,3.12,3.11,3.12,3960,0
CYXTW.US,5,20211223,185000,3.11,3.12,3.11,3.12,800,0
CYXTW.US,5,20211223,185500,3.12,3.13,3.12,3.13,1400,0
CYXTW.US,5,20211223,190000,3.12,3.13,3.12,3.13,500,0
CYXTW.US,5,20211223,191000,3.11,3.11,3.11,3.11,1000,0
CYXTW.US,5,20211223,191500,3.12,3.14,3.1119,3.14,1600,0
CYXTW.US,5,20211223,192000,3.1257,3.1257,3.1257,3.1257,671,0
CYXTW.US,5,20211223,192500,3.13,3.13,3.13,3.13,200,0
CYXTW.US,5,20211223,193000,3.13,3.13,3.13,3.13,100,0
CYXTW.US,5,20211223,193500,3.13,3.13,3.13,3.13,100,0
CYXTW.US,5,20211223,194000,3.135,3.135,3.13,3.135,467,0
CYXTW.US,5,20211223,194500,3.12,3.12,3.12,3.12,100,0
CYXTW.US,5,20211223,195000,3.13,3.13,3.13,3.13,100,0
CYXTW.US,5,20211223,195500,3.13,3.14,3.13,3.14,1814,0
CYXTW.US,5,20211223,201000,3.155,3.155,3.155,3.155,342,0
CYXTW.US,5,20211223,201500,3.14,3.14,3.14,3.14,390,0
CYXTW.US,5,20211223,202000,3.15,3.15,3.15,3.15,50000,0
CYXTW.US,5,20211223,202500,3.14,3.14,3.14,3.14,100,0
CYXTW.US,5,20211223,203000,3.14,3.14,3.14,3.14,100,0
CYXTW.US,5,20211223,203500,3.14,3.14,3.14,3.14,200,0
CYXTW.US,5,20211223,204000,3.14,3.15,3.14,3.15,1334,0
CYXTW.US,5,20211223,205500,3.15,3.15,3.15,3.15,500,0
CYXTW.US,5,20211223,210500,3.14,3.14,3.14,3.14,100,0
CYXTW.US,5,20211223,211000,3.14,3.15,3.14,3.15,400,0
CYXTW.US,5,20211223,212000,3.15,3.15,3.15,3.15,200,0
CYXTW.US,5,20211223,212500,3.15,3.15,3.15,3.15,100,0
CYXTW.US,5,20211223,213000,3.15,3.15,3.15,3.15,1200,0
CYXTW.US,5,20211223,213500,3.16,3.18,3.15,3.18,400,0
CYXTW.US,5,20211223,214000,3.17,3.17,3.17,3.17,400,0
CYXTW.US,5,20211223,214500,3.17,3.18,3.16,3.18,1508,0
CYXTW.US,5,20211223,215000,3.18,3.18,3.17,3.18,775,0
CYXTW.US,5,20211223,215500,3.19,3.19,3.17,3.17,1700,0
