<TICKER>,<PER>,<DATE>,<TIME>,<OPEN>,<HIGH>,<LOW>,<CLOSE>,<VOL>,<OPENINT>
DAIO.US,5,20211104,143000,5.76,5.79,5.76,5.78,1568,0
DAIO.US,5,20211104,143500,5.57,5.57,5.57,5.57,400,0
DAIO.US,5,20211104,144000,5.66,5.75,5.66,5.75,1340,0
DAIO.US,5,20211104,144500,5.89,5.89,5.8273,5.8273,750,0
DAIO.US,5,20211104,145000,5.8228,5.87,5.8228,5.87,1000,0
DAIO.US,5,20211104,145500,5.825,5.825,5.825,5.825,409,0
DAIO.US,5,20211104,150000,5.8162,5.82,5.81,5.81,500,0
DAIO.US,5,20211104,150500,5.77,5.79,5.73,5.79,2099,0
DAIO.US,5,20211104,151000,5.7493,5.79,5.7493,5.79,600,0
DAIO.US,5,20211104,151500,5.73,5.73,5.73,5.73,100,0
DAIO.US,5,20211104,152500,5.7,5.8,5.699,5.8,6396,0
DAIO.US,5,20211104,160500,5.68,5.69,5.68,5.69,500,0
DAIO.US,5,20211104,161000,5.68,5.68,5.68,5.68,100,0
DAIO.US,5,20211104,161500,5.68,5.68,5.68,5.68,200,0
DAIO.US,5,20211104,164500,5.67,5.67,5.67,5.67,300,0
DAIO.US,5,20211104,165000,5.61,5.6135,5.6,5.6,400,0
DAIO.US,5,20211104,171000,5.52,5.52,5.51,5.51,200,0
DAIO.US,5,20211104,171500,5.6499,5.6499,5.6499,5.6499,100,0
DAIO.US,5,20211104,174500,5.6039,5.63,5.6039,5.63,1200,0
DAIO.US,5,20211104,175000,5.63,5.63,5.5111,5.5111,600,0
DAIO.US,5,20211104,180500,5.56,5.56,5.56,5.56,500,0
DAIO.US,5,20211104,182000,5.55,5.559,5.55,5.559,800,0
DAIO.US,5,20211104,184000,5.59,5.59,5.555,5.555,1480,0
DAIO.US,5,20211104,191000,5.58,5.58,5.58,5.58,180,0
DAIO.US,5,20211104,192000,5.55,5.55,5.55,5.55,1150,0
DAIO.US,5,20211104,194000,5.634,5.634,5.634,5.634,7250,0
DAIO.US,5,20211104,195000,5.61,5.61,5.61,5.61,500,0
DAIO.US,5,20211104,195500,5.55,5.585,5.55,5.585,2048,0
DAIO.US,5,20211104,200000,5.585,5.65,5.585,5.65,2300,0
DAIO.US,5,20211104,200500,5.52,5.65,5.5,5.64,6146,0
DAIO.US,5,20211104,201000,5.55,5.55,5.55,5.55,600,0
DAIO.US,5,20211104,202000,5.51,5.55,5.505,5.55,5300,0
DAIO.US,5,20211104,202500,5.54,5.55,5.54,5.55,400,0
DAIO.US,5,20211104,203500,5.495,5.495,5.495,5.495,200,0
DAIO.US,5,20211104,204000,5.495,5.52,5.495,5.52,504,0
DAIO.US,5,20211104,204500,5.4705,5.52,5.4705,5.52,1300,0
DAIO.US,5,20211104,205500,5.53,5.56,5.47,5.56,8657,0
DAIO.US,5,20211105,143000,5.6,5.6,5.6,5.6,616,0
DAIO.US,5,20211105,145000,5.59,5.6,5.545,5.545,700,0
DAIO.US,5,20211105,151500,5.6677,5.6677,5.6677,5.6677,881,0
DAIO.US,5,20211105,152000,5.6479,5.6479,5.6479,5.6479,250,0
DAIO.US,5,20211105,155000,5.5839,5.5839,5.5839,5.5839,100,0
DAIO.US,5,20211105,161000,5.56,5.56,5.56,5.56,100,0
DAIO.US,5,20211105,163000,5.5,5.548,5.5,5.548,200,0
DAIO.US,5,20211105,164000,5.42,5.42,5.4,5.4,500,0
DAIO.US,5,20211105,170000,5.465,5.58,5.465,5.58,1410,0
DAIO.US,5,20211105,170500,5.4501,5.6,5.4501,5.6,11723,0
DAIO.US,5,20211105,173000,5.59,5.59,5.59,5.59,500,0
DAIO.US,5,20211105,184000,5.54,5.6,5.54,5.54,1500,0
DAIO.US,5,20211105,190000,5.55,5.58,5.55,5.58,500,0
DAIO.US,5,20211105,191000,5.565,5.565,5.565,5.565,200,0
DAIO.US,5,20211105,192500,5.59,5.59,5.5898,5.5898,500,0
DAIO.US,5,20211105,193000,5.6309,5.64,5.6309,5.64,1200,0
DAIO.US,5,20211105,193500,5.5,5.5,5.5,5.5,200,0
DAIO.US,5,20211105,195000,5.55,5.55,5.55,5.55,200,0
DAIO.US,5,20211105,200000,5.62,5.62,5.62,5.62,100,0
DAIO.US,5,20211105,200500,5.55,5.55,5.47,5.47,400,0
DAIO.US,5,20211105,203000,5.59,5.59,5.58,5.59,2650,0
DAIO.US,5,20211105,204500,5.5672,5.59,5.55,5.55,450,0
DAIO.US,5,20211105,205500,5.58,5.58,5.55,5.58,691,0
DAIO.US,5,20211108,153000,5.57,5.57,5.57,5.57,1552,0
DAIO.US,5,20211108,153500,5.5699,5.57,5.52,5.57,3000,0
DAIO.US,5,20211108,154000,5.57,5.57,5.5101,5.57,1177,0
DAIO.US,5,20211108,154500,5.57,5.57,5.54,5.57,1040,0
DAIO.US,5,20211108,160000,5.558,5.57,5.558,5.57,250,0
DAIO.US,5,20211108,161000,5.565,5.57,5.54,5.57,2680,0
DAIO.US,5,20211108,161500,5.54,5.57,5.45,5.51,15959,0
DAIO.US,5,20211108,162000,5.515,5.515,5.515,5.515,200,0
DAIO.US,5,20211108,162500,5.56,5.57,5.56,5.57,400,0
DAIO.US,5,20211108,164000,5.5,5.5,5.5,5.5,300,0
DAIO.US,5,20211108,171500,5.57,5.66,5.46,5.6,9335,0
DAIO.US,5,20211108,175000,5.6552,5.6552,5.6552,5.6552,100,0
DAIO.US,5,20211108,180500,5.65,5.68,5.65,5.6642,1925,0
DAIO.US,5,20211108,183500,5.65,5.66,5.65,5.66,1750,0
DAIO.US,5,20211108,185500,5.6599,5.66,5.6599,5.66,1150,0
DAIO.US,5,20211108,202000,5.65,5.65,5.65,5.65,100,0
DAIO.US,5,20211108,202500,5.61,5.61,5.6,5.6,300,0
DAIO.US,5,20211108,203000,5.6595,5.66,5.6595,5.66,1200,0
DAIO.US,5,20211108,203500,5.59,5.61,5.59,5.61,950,0
DAIO.US,5,20211108,204000,5.58,5.58,5.58,5.58,100,0
DAIO.US,5,20211108,205000,5.58,5.58,5.58,5.58,155,0
DAIO.US,5,20211108,205500,5.58,5.6,5.58,5.6,331,0
DAIO.US,5,20211108,211500,5.6,5.6,5.6,5.6,100,0
DAIO.US,5,20211108,212500,5.6385,5.6385,5.63,5.63,850,0
DAIO.US,5,20211108,213500,5.62,5.62,5.62,5.62,500,0
DAIO.US,5,20211108,214000,5.6,5.6,5.6,5.6,200,0
DAIO.US,5,20211108,214500,5.6,5.61,5.56,5.61,2300,0
DAIO.US,5,20211108,215000,5.56,5.6,5.56,5.6,300,0
DAIO.US,5,20211108,215500,5.52,5.52,5.5,5.5,1916,0
DAIO.US,5,20211109,153000,5.54,5.55,5.54,5.55,535,0
DAIO.US,5,20211109,153500,5.57,5.57,5.49,5.57,500,0
DAIO.US,5,20211109,161000,5.5561,5.5561,5.5561,5.5561,100,0
DAIO.US,5,20211109,163500,5.4611,5.57,5.4611,5.57,260,0
DAIO.US,5,20211109,172000,5.58,5.59,5.58,5.59,500,0
DAIO.US,5,20211109,172500,5.58,5.58,5.58,5.58,100,0
DAIO.US,5,20211109,173000,5.58,5.58,5.58,5.58,200,0
DAIO.US,5,20211109,174000,5.52,5.58,5.52,5.58,240,0
DAIO.US,5,20211109,180000,5.58,5.58,5.58,5.58,300,0
DAIO.US,5,20211109,180500,5.58,5.58,5.58,5.58,100,0
DAIO.US,5,20211109,181000,5.5767,5.5767,5.5767,5.5767,270,0
DAIO.US,5,20211109,181500,5.5789,5.59,5.5789,5.59,709,0
DAIO.US,5,20211109,182500,5.575,5.58,5.575,5.58,400,0
DAIO.US,5,20211109,183000,5.58,5.58,5.58,5.58,300,0
DAIO.US,5,20211109,183500,5.58,5.58,5.58,5.58,100,0
DAIO.US,5,20211109,185000,5.4712,5.4712,5.4712,5.4712,1000,0
DAIO.US,5,20211109,190000,5.4777,5.4777,5.4777,5.4777,500,0
DAIO.US,5,20211109,190500,5.5493,5.57,5.5493,5.57,907,0
DAIO.US,5,20211109,193500,5.58,5.59,5.58,5.59,820,0
DAIO.US,5,20211109,195000,5.56,5.57,5.56,5.56,400,0
DAIO.US,5,20211109,200000,5.61,5.61,5.61,5.61,200,0
DAIO.US,5,20211109,201000,5.66,5.66,5.66,5.66,100,0
DAIO.US,5,20211109,202500,5.58,5.58,5.58,5.58,200,0
DAIO.US,5,20211109,204500,5.62,5.62,5.62,5.62,1000,0
DAIO.US,5,20211109,205500,5.6262,5.6262,5.6262,5.6262,177,0
DAIO.US,5,20211109,210500,5.6,5.65,5.6,5.65,200,0
DAIO.US,5,20211109,211000,5.625,5.625,5.625,5.625,379,0
DAIO.US,5,20211109,212000,5.65,5.65,5.62,5.65,300,0
DAIO.US,5,20211109,212500,5.61,5.61,5.61,5.61,200,0
DAIO.US,5,20211109,215000,5.6,5.6006,5.55,5.55,5797,0
DAIO.US,5,20211109,215500,5.51,5.6,5.5,5.59,1070,0
DAIO.US,5,20211110,154000,5.54,5.56,5.5,5.56,6246,0
DAIO.US,5,20211110,161000,5.58,5.58,5.58,5.58,100,0
DAIO.US,5,20211110,161500,5.55,5.55,5.55,5.55,246,0
DAIO.US,5,20211110,163500,5.53,5.53,5.47,5.47,9204,0
DAIO.US,5,20211110,164000,5.47,5.47,5.47,5.47,1100,0
DAIO.US,5,20211110,173500,5.43,5.463,5.43,5.463,1581,0
DAIO.US,5,20211110,175500,5.49,5.49,5.47,5.47,300,0
DAIO.US,5,20211110,181000,5.5,5.5,5.5,5.5,100,0
DAIO.US,5,20211110,183000,5.49,5.49,5.49,5.49,200,0
DAIO.US,5,20211110,194000,5.41,5.41,5.41,5.41,180,0
DAIO.US,5,20211110,195000,5.42,5.42,5.3433,5.3527,2389,0
DAIO.US,5,20211110,195500,5.3108,5.38,5.3108,5.38,1904,0
DAIO.US,5,20211110,200000,5.33,5.33,5.33,5.33,200,0
DAIO.US,5,20211110,203000,5.36,5.36,5.36,5.36,100,0
DAIO.US,5,20211110,203500,5.32,5.32,5.3,5.3,2050,0
DAIO.US,5,20211110,204000,5.3599,5.3599,5.3599,5.3599,2000,0
DAIO.US,5,20211110,211500,5.33,5.33,5.33,5.33,200,0
DAIO.US,5,20211110,212000,5.28,5.28,5.21,5.25,4335,0
DAIO.US,5,20211110,212500,5.22,5.22,5.22,5.22,200,0
DAIO.US,5,20211110,213500,5.24,5.25,5.24,5.24,601,0
DAIO.US,5,20211110,214000,5.26,5.26,5.26,5.26,300,0
DAIO.US,5,20211110,215000,5.2522,5.2522,5.2522,5.2522,380,0
DAIO.US,5,20211110,215500,5.27,5.27,5.26,5.27,733,0
DAIO.US,5,20211111,153000,5.35,5.35,5.35,5.35,416,0
DAIO.US,5,20211111,154000,5.5559,5.5559,5.5559,5.5559,180,0
DAIO.US,5,20211111,160500,5.413,5.413,5.413,5.413,100,0
DAIO.US,5,20211111,161000,5.4199,5.4199,5.4199,5.4199,500,0
DAIO.US,5,20211111,161500,5.37,5.37,5.37,5.37,400,0
DAIO.US,5,20211111,164500,5.41,5.41,5.41,5.41,100,0
DAIO.US,5,20211111,170000,5.3001,5.42,5.3,5.42,8500,0
DAIO.US,5,20211111,172000,5.3914,5.3914,5.3914,5.3914,1000,0
DAIO.US,5,20211111,174000,5.41,5.41,5.41,5.41,500,0
DAIO.US,5,20211111,180000,5.4149,5.42,5.4149,5.42,1300,0
DAIO.US,5,20211111,180500,5.37,5.42,5.3233,5.42,1250,0
DAIO.US,5,20211111,190000,5.3341,5.3341,5.3341,5.3341,500,0
DAIO.US,5,20211111,190500,5.47,5.47,5.47,5.47,200,0
DAIO.US,5,20211111,193500,5.46,5.5,5.4556,5.47,2909,0
DAIO.US,5,20211111,195500,5.49,5.49,5.49,5.49,1000,0
DAIO.US,5,20211111,200000,5.435,5.435,5.435,5.435,380,0
DAIO.US,5,20211111,202000,5.43,5.43,5.43,5.43,400,0
DAIO.US,5,20211111,203500,5.43,5.43,5.35,5.392,4467,0
DAIO.US,5,20211111,204500,5.3418,5.3418,5.3418,5.3418,718,0
DAIO.US,5,20211111,205000,5.34,5.45,5.34,5.45,300,0
DAIO.US,5,20211111,212500,5.32,5.43,5.27,5.43,16929,0
DAIO.US,5,20211111,213500,5.2782,5.33,5.2736,5.33,1218,0
DAIO.US,5,20211111,214000,5.3122,5.3944,5.3122,5.3944,848,0
DAIO.US,5,20211111,214500,5.3017,5.3017,5.3017,5.3017,114,0
DAIO.US,5,20211111,215000,5.3216,5.3216,5.3008,5.3008,1442,0
DAIO.US,5,20211111,215500,5.37,5.38,5.26,5.35,2420,0
DAIO.US,5,20211112,153000,5.28,5.28,5.28,5.28,2184,0
DAIO.US,5,20211112,162500,5.33,5.33,5.3,5.3,800,0
DAIO.US,5,20211112,171000,5.4185,5.4185,5.4185,5.4185,700,0
DAIO.US,5,20211112,172500,5.28,5.28,5.28,5.28,300,0
DAIO.US,5,20211112,181000,5.29,5.29,5.2702,5.2702,1493,0
DAIO.US,5,20211112,181500,5.34,5.34,5.332,5.332,200,0
DAIO.US,5,20211112,185000,5.3409,5.3409,5.3409,5.3409,300,0
DAIO.US,5,20211112,192000,5.3,5.31,5.3,5.31,200,0
DAIO.US,5,20211112,192500,5.31,5.31,5.31,5.31,100,0
DAIO.US,5,20211112,195500,5.34,5.34,5.34,5.34,100,0
DAIO.US,5,20211112,201500,5.35,5.35,5.33,5.33,900,0
DAIO.US,5,20211112,210500,5.36,5.36,5.36,5.36,200,0
DAIO.US,5,20211112,211000,5.31,5.31,5.29,5.29,500,0
DAIO.US,5,20211112,212500,5.31,5.31,5.29,5.29,300,0
DAIO.US,5,20211112,213000,5.31,5.31,5.31,5.31,100,0
DAIO.US,5,20211112,213500,5.32,5.32,5.32,5.32,100,0
DAIO.US,5,20211112,214500,5.3199,5.32,5.28,5.28,500,0
DAIO.US,5,20211112,215000,5.28,5.28,5.28,5.28,200,0
DAIO.US,5,20211112,215500,5.27,5.27,5.27,5.27,1330,0
DAIO.US,5,20211115,153000,5.35,5.4,5.35,5.4,310,0
DAIO.US,5,20211115,155500,5.365,5.4099,5.365,5.4099,300,0
DAIO.US,5,20211115,160000,5.41,5.41,5.41,5.41,185,0
DAIO.US,5,20211115,165000,5.32,5.32,5.32,5.32,300,0
DAIO.US,5,20211115,170500,5.31,5.31,5.31,5.31,1989,0
DAIO.US,5,20211115,172500,5.31,5.31,5.295,5.295,810,0
DAIO.US,5,20211115,173500,5.26,5.26,5.22,5.22,400,0
DAIO.US,5,20211115,174000,5.22,5.22,5.21,5.21,800,0
DAIO.US,5,20211115,174500,5.21,5.21,5.21,5.21,118,0
DAIO.US,5,20211115,181500,5.27,5.27,5.27,5.27,900,0
DAIO.US,5,20211115,182500,5.2101,5.2165,5.2101,5.2165,1500,0
DAIO.US,5,20211115,184500,5.21,5.21,5.17,5.17,2506,0
DAIO.US,5,20211115,185000,5.16,5.16,5.14,5.1418,2000,0
DAIO.US,5,20211115,190000,5.2,5.2,5.2,5.2,200,0
DAIO.US,5,20211115,194000,5.16,5.16,5.14,5.14,3046,0
DAIO.US,5,20211115,194500,5.12,5.26,5.12,5.12,740,0
DAIO.US,5,20211115,204500,5.25,5.25,5.25,5.25,100,0
DAIO.US,5,20211115,210500,5.28,5.28,5.22,5.2494,3000,0
DAIO.US,5,20211115,211000,5.24,5.24,5.24,5.24,100,0
DAIO.US,5,20211115,213500,5.16,5.16,5.16,5.16,100,0
DAIO.US,5,20211115,215500,5.26,5.27,5.25,5.26,571,0
DAIO.US,5,20211116,153000,5.23,5.23,5.23,5.23,121,0
DAIO.US,5,20211116,162500,5.1711,5.1711,5.1711,5.1711,160,0
DAIO.US,5,20211116,163000,5.165,5.165,5.165,5.165,1000,0
DAIO.US,5,20211116,164000,5.14,5.14,5.14,5.14,900,0
DAIO.US,5,20211116,165000,5.1898,5.1898,5.1898,5.1898,2000,0
DAIO.US,5,20211116,170000,5.1888,5.1888,5.1888,5.1888,1000,0
DAIO.US,5,20211116,170500,5.155,5.155,5.155,5.155,2000,0
DAIO.US,5,20211116,171000,5.1899,5.1899,5.1899,5.1899,1000,0
DAIO.US,5,20211116,171500,5.19,5.19,5.19,5.19,1000,0
DAIO.US,5,20211116,172000,5.155,5.155,5.155,5.155,1000,0
DAIO.US,5,20211116,173000,5.19,5.19,5.19,5.19,150,0
DAIO.US,5,20211116,174500,5.13,5.13,5.12,5.12,344,0
DAIO.US,5,20211116,182000,5.17,5.17,5.17,5.17,1000,0
DAIO.US,5,20211116,194000,5.1208,5.1208,5.1208,5.1208,150,0
DAIO.US,5,20211116,195000,5.16,5.16,5.16,5.16,100,0
DAIO.US,5,20211116,195500,5.12,5.12,5.12,5.12,200,0
DAIO.US,5,20211116,200000,5.11,5.11,5.11,5.11,225,0
DAIO.US,5,20211116,200500,5.06,5.0799,5.0445,5.05,5265,0
DAIO.US,5,20211116,201000,5.05,5.05,5.02,5.02,1182,0
DAIO.US,5,20211116,201500,5.01,5.02,5.01,5.02,1325,0
DAIO.US,5,20211116,202000,5.015,5.02,5.01,5.02,7806,0
DAIO.US,5,20211116,202500,5.02,5.02,5.01,5.02,3600,0
DAIO.US,5,20211116,203000,5.02,5.02,5.02,5.02,1300,0
DAIO.US,5,20211116,203500,5.02,5.02,5.01,5.01,899,0
DAIO.US,5,20211116,204500,5.0499,5.05,5.0499,5.0499,5774,0
DAIO.US,5,20211116,205000,5.0241,5.0241,4.985,5.01,3429,0
DAIO.US,5,20211116,205500,5.01,5.01,5.01,5.01,100,0
DAIO.US,5,20211116,210000,5.0145,5.0194,5.0145,5.0194,1100,0
DAIO.US,5,20211116,210500,5.02,5.02,5.02,5.02,5956,0
DAIO.US,5,20211116,211000,5.03,5.03,5.01,5.02,300,0
DAIO.US,5,20211116,211500,5.01,5.01,5,5.01,800,0
DAIO.US,5,20211116,212000,5,5.01,4.98,4.995,1845,0
DAIO.US,5,20211116,213000,5.01,5.01,5.01,5.01,500,0
DAIO.US,5,20211116,213500,5.01,5.02,4.99,5.02,4198,0
DAIO.US,5,20211116,214000,5,5.01,5,5,1812,0
DAIO.US,5,20211116,214500,4.99,5,4.99,5,800,0
DAIO.US,5,20211116,215000,4.99,5.03,4.98,5.02,32269,0
DAIO.US,5,20211116,215500,5.02,5.05,5,5.04,2980,0
DAIO.US,5,20211117,153000,4.98,4.98,4.98,4.98,770,0
DAIO.US,5,20211117,155000,5.095,5.095,5.095,5.095,500,0
DAIO.US,5,20211117,155500,5.1894,5.1894,5.1894,5.1894,600,0
DAIO.US,5,20211117,161500,5.01,5.01,4.99,4.99,722,0
DAIO.US,5,20211117,162000,5.01,5.01,5.01,5.01,100,0
DAIO.US,5,20211117,164500,5,5,5,5,1000,0
DAIO.US,5,20211117,165500,5.0238,5.0238,4.9991,4.9991,1200,0
DAIO.US,5,20211117,170500,5.01,5.01,5.01,5.01,1200,0
DAIO.US,5,20211117,171000,4.99,5.05,4.99,5.05,500,0
DAIO.US,5,20211117,173500,5.07,5.07,5.07,5.07,200,0
DAIO.US,5,20211117,174000,5.05,5.05,5.05,5.05,400,0
DAIO.US,5,20211117,175000,4.98,5,4.98,5,3331,0
DAIO.US,5,20211117,175500,5.01,5.02,5,5.01,800,0
DAIO.US,5,20211117,181000,5.005,5.0175,4.99,5.0175,2749,0
DAIO.US,5,20211117,183500,4.999,4.999,4.99,4.99,2100,0
DAIO.US,5,20211117,190500,4.98,4.98,4.98,4.98,1000,0
DAIO.US,5,20211117,192000,4.975,4.975,4.975,4.975,200,0
DAIO.US,5,20211117,193000,4.975,4.975,4.95,4.95,1225,0
DAIO.US,5,20211117,194500,4.9501,4.9501,4.9501,4.9501,1000,0
DAIO.US,5,20211117,195500,4.9899,4.99,4.9899,4.99,1100,0
DAIO.US,5,20211117,201000,5,5,5,5,952,0
DAIO.US,5,20211117,205000,4.97,4.97,4.97,4.97,100,0
DAIO.US,5,20211117,205500,4.984,4.984,4.984,4.984,167,0
DAIO.US,5,20211117,210500,4.995,4.995,4.995,4.995,600,0
DAIO.US,5,20211117,211000,5.0061,5.0061,4.98,4.98,300,0
DAIO.US,5,20211117,211500,4.96,4.96,4.96,4.96,623,0
DAIO.US,5,20211117,213000,4.96,4.96,4.96,4.96,200,0
DAIO.US,5,20211117,214000,4.97,4.97,4.97,4.97,100,0
DAIO.US,5,20211117,215500,4.97,5.02,4.97,5.02,800,0
DAIO.US,5,20211118,153000,5,5,5,5,273,0
DAIO.US,5,20211118,153500,5.2,5.2,5.2,5.2,100,0
DAIO.US,5,20211118,154500,5,5,4.98,4.98,300,0
DAIO.US,5,20211118,161500,5,5.065,5,5.065,657,0
DAIO.US,5,20211118,170000,5.07,5.07,5.07,5.07,1600,0
DAIO.US,5,20211118,173000,5.07,5.07,5.07,5.07,200,0
DAIO.US,5,20211118,174000,5.035,5.035,5.035,5.035,400,0
DAIO.US,5,20211118,174500,5.01,5.04,5,5.04,500,0
DAIO.US,5,20211118,175500,5,5,4.99,4.99,449,0
DAIO.US,5,20211118,180000,5.04,5.04,5.04,5.04,100,0
DAIO.US,5,20211118,185000,5,5,5,5,1000,0
DAIO.US,5,20211118,185500,5.02,5.02,5.02,5.02,200,0
DAIO.US,5,20211118,192000,4.98,4.99,4.95,4.95,1371,0
DAIO.US,5,20211118,192500,4.98,4.98,4.98,4.98,100,0
DAIO.US,5,20211118,193000,4.96,4.96,4.95,4.95,200,0
DAIO.US,5,20211118,194500,4.96,4.96,4.95,4.95,200,0
DAIO.US,5,20211118,200000,4.93,4.93,4.93,4.93,1100,0
DAIO.US,5,20211118,203500,4.95,4.96,4.95,4.96,1185,0
DAIO.US,5,20211118,205000,4.93,4.93,4.8013,4.85,3999,0
DAIO.US,5,20211118,210000,4.81,4.93,4.81,4.93,1224,0
DAIO.US,5,20211118,210500,4.93,4.94,4.93,4.94,300,0
DAIO.US,5,20211118,211000,4.93,4.94,4.93,4.94,300,0
DAIO.US,5,20211118,211500,4.875,4.875,4.875,4.875,1200,0
DAIO.US,5,20211118,212000,4.93,4.93,4.92,4.93,300,0
DAIO.US,5,20211118,212500,4.8964,4.8964,4.8964,4.8964,500,0
DAIO.US,5,20211118,214000,4.9,4.9,4.9,4.9,400,0
DAIO.US,5,20211118,214500,4.82,4.82,4.82,4.82,100,0
DAIO.US,5,20211118,215500,4.9,4.9,4.87,4.87,488,0
DAIO.US,5,20211119,153000,4.89,4.89,4.89,4.89,207,0
DAIO.US,5,20211119,163500,4.95,4.95,4.92,4.92,2307,0
DAIO.US,5,20211119,165500,4.9412,4.95,4.9412,4.95,700,0
DAIO.US,5,20211119,170000,4.9898,4.9898,4.9898,4.9898,1000,0
DAIO.US,5,20211119,170500,4.89,4.89,4.89,4.89,164,0
DAIO.US,5,20211119,171000,4.99,4.99,4.99,4.99,1200,0
DAIO.US,5,20211119,172500,4.9899,4.9899,4.9899,4.9899,1000,0
DAIO.US,5,20211119,173500,4.96,4.96,4.96,4.96,1200,0
DAIO.US,5,20211119,174500,5.02,5.02,5.02,5.02,100,0
DAIO.US,5,20211119,175500,5.02,5.02,5.02,5.02,1200,0
DAIO.US,5,20211119,180500,5.0081,5.0081,5.0081,5.0081,196,0
DAIO.US,5,20211119,182500,5.01,5.01,5.01,5.01,200,0
DAIO.US,5,20211119,184000,4.955,4.955,4.955,4.955,100,0
DAIO.US,5,20211119,185000,5.0174,5.0174,5.0174,5.0174,1000,0
DAIO.US,5,20211119,190000,4.96,4.96,4.95,4.95,502,0
DAIO.US,5,20211119,190500,4.89,4.89,4.89,4.89,282,0
DAIO.US,5,20211119,193500,4.9,4.9,4.89,4.89,400,0
DAIO.US,5,20211119,194500,4.8993,4.8993,4.8993,4.8993,450,0
DAIO.US,5,20211119,195000,4.9024,4.9024,4.9024,4.9024,160,0
DAIO.US,5,20211119,195500,4.9677,4.9677,4.9677,4.9677,100,0
DAIO.US,5,20211119,200000,4.98,4.98,4.98,4.98,100,0
DAIO.US,5,20211119,200500,4.9779,4.9779,4.9779,4.9779,1139,0
DAIO.US,5,20211119,201000,4.9,4.9,4.83,4.89,6330,0
DAIO.US,5,20211119,201500,4.87,4.88,4.85,4.85,2100,0
DAIO.US,5,20211119,204000,4.87,4.88,4.85,4.87,1100,0
DAIO.US,5,20211119,204500,4.87,4.87,4.8695,4.8695,500,0
DAIO.US,5,20211119,205000,4.87,4.88,4.87,4.88,800,0
DAIO.US,5,20211119,205500,4.88,4.88,4.88,4.88,199,0
DAIO.US,5,20211119,210000,4.87,4.88,4.8545,4.8545,900,0
DAIO.US,5,20211119,210500,4.87,4.88,4.8551,4.8551,1306,0
DAIO.US,5,20211119,211500,4.87,4.88,4.86,4.8634,1900,0
DAIO.US,5,20211119,212000,4.87,4.88,4.87,4.8788,2000,0
DAIO.US,5,20211119,214500,4.89,4.89,4.89,4.89,200,0
DAIO.US,5,20211119,215000,4.86,4.87,4.85,4.87,1100,0
DAIO.US,5,20211119,215500,4.87,4.87,4.82,4.87,2665,0
DAIO.US,5,20211122,153500,4.9001,4.9001,4.9001,4.9001,100,0
DAIO.US,5,20211122,154000,4.9,4.9,4.9,4.9,900,0
DAIO.US,5,20211122,154500,4.85,4.85,4.85,4.85,200,0
DAIO.US,5,20211122,155500,4.8201,4.8201,4.8201,4.8201,3000,0
DAIO.US,5,20211122,160000,4.83,4.848,4.8201,4.8201,4650,0
DAIO.US,5,20211122,161000,4.8201,4.8201,4.8201,4.8201,2298,0
DAIO.US,5,20211122,164500,4.855,4.855,4.855,4.855,400,0
DAIO.US,5,20211122,165500,4.84,4.86,4.84,4.86,325,0
DAIO.US,5,20211122,170500,4.85,4.85,4.85,4.85,100,0
DAIO.US,5,20211122,171000,4.85,4.85,4.85,4.85,100,0
DAIO.US,5,20211122,172000,4.865,4.865,4.859,4.859,1800,0
DAIO.US,5,20211122,172500,4.88,4.88,4.85,4.85,887,0
DAIO.US,5,20211122,173500,4.87,4.87,4.8698,4.8698,800,0
DAIO.US,5,20211122,174000,4.85,4.85,4.85,4.85,800,0
DAIO.US,5,20211122,175500,4.85,4.85,4.81,4.81,1124,0
DAIO.US,5,20211122,181000,4.8,4.8,4.8,4.8,200,0
DAIO.US,5,20211122,181500,4.78,4.78,4.78,4.78,1200,0
DAIO.US,5,20211122,182000,4.7987,4.7987,4.7987,4.7987,800,0
DAIO.US,5,20211122,185500,4.76,4.76,4.75,4.75,575,0
DAIO.US,5,20211122,191000,4.71,4.71,4.685,4.685,1340,0
DAIO.US,5,20211122,191500,4.699,4.7,4.67,4.67,1391,0
DAIO.US,5,20211122,192000,4.6907,4.7,4.6907,4.7,1000,0
DAIO.US,5,20211122,192500,4.6897,4.6897,4.6897,4.6897,500,0
DAIO.US,5,20211122,193000,4.69,4.69,4.69,4.69,100,0
DAIO.US,5,20211122,194500,4.67,4.67,4.67,4.67,1100,0
DAIO.US,5,20211122,195000,4.6815,4.6815,4.6815,4.6815,1000,0
DAIO.US,5,20211122,201000,4.6848,4.71,4.6848,4.71,2650,0
DAIO.US,5,20211122,202000,4.7,4.7,4.7,4.7,100,0
DAIO.US,5,20211122,202500,4.7,4.7,4.7,4.7,200,0
DAIO.US,5,20211122,203500,4.69,4.7,4.68,4.68,2175,0
DAIO.US,5,20211122,204000,4.6936,4.7,4.685,4.7,2300,0
DAIO.US,5,20211122,204500,4.7,4.7,4.7,4.7,4839,0
DAIO.US,5,20211122,205000,4.72,4.72,4.71,4.71,200,0
DAIO.US,5,20211122,205500,4.72,4.72,4.72,4.72,1000,0
DAIO.US,5,20211122,210000,4.7439,4.7439,4.7439,4.7439,500,0
DAIO.US,5,20211122,210500,4.77,4.79,4.77,4.79,721,0
DAIO.US,5,20211122,211000,4.68,4.68,4.68,4.68,100,0
DAIO.US,5,20211122,212500,4.6849,4.6849,4.6849,4.6849,100,0
DAIO.US,5,20211122,213000,4.79,4.8,4.79,4.8,1000,0
DAIO.US,5,20211122,214000,4.77,4.77,4.77,4.77,600,0
DAIO.US,5,20211122,214500,4.76,4.76,4.76,4.76,100,0
DAIO.US,5,20211122,215500,4.69,4.69,4.69,4.69,300,0
DAIO.US,5,20211123,154500,4.6883,4.6883,4.6883,4.6883,180,0
DAIO.US,5,20211123,155500,4.68,4.68,4.68,4.68,5000,0
DAIO.US,5,20211123,160500,4.67,4.67,4.67,4.67,250,0
DAIO.US,5,20211123,162000,4.6697,4.69,4.6697,4.68,800,0
DAIO.US,5,20211123,163000,4.66,4.6804,4.66,4.6804,3500,0
DAIO.US,5,20211123,163500,4.6899,4.6899,4.6899,4.6899,100,0
DAIO.US,5,20211123,164500,4.6301,4.6301,4.6301,4.6301,500,0
DAIO.US,5,20211123,170000,4.69,4.69,4.63,4.6302,4500,0
DAIO.US,5,20211123,170500,4.69,4.69,4.69,4.69,2500,0
DAIO.US,5,20211123,171000,4.63,4.63,4.53,4.53,2999,0
DAIO.US,5,20211123,175500,4.6,4.6,4.6,4.6,100,0
DAIO.US,5,20211123,180000,4.6054,4.6054,4.6054,4.6054,978,0
DAIO.US,5,20211123,180500,4.6002,4.67,4.6002,4.67,6384,0
DAIO.US,5,20211123,191000,4.6369,4.6369,4.6369,4.6369,150,0
DAIO.US,5,20211123,192000,4.65,4.65,4.65,4.65,208,0
DAIO.US,5,20211123,193000,4.6069,4.6069,4.6069,4.6069,200,0
DAIO.US,5,20211123,193500,4.6,4.6,4.6,4.6,350,0
DAIO.US,5,20211123,194500,4.6,4.6,4.6,4.6,900,0
DAIO.US,5,20211123,195500,4.62,4.62,4.5705,4.6,5223,0
DAIO.US,5,20211123,200000,4.62,4.64,4.62,4.64,300,0
DAIO.US,5,20211123,200500,4.6295,4.6399,4.6295,4.6399,1600,0
DAIO.US,5,20211123,201500,4.6,4.6,4.6,4.6,600,0
DAIO.US,5,20211123,202500,4.595,4.595,4.595,4.595,400,0
DAIO.US,5,20211123,203500,4.595,4.595,4.595,4.595,700,0
DAIO.US,5,20211123,204500,4.59,4.59,4.59,4.59,500,0
DAIO.US,5,20211123,205000,4.57,4.61,4.57,4.61,1700,0
DAIO.US,5,20211123,210000,4.5769,4.5769,4.5769,4.5769,500,0
DAIO.US,5,20211123,211000,4.62,4.62,4.62,4.62,234,0
DAIO.US,5,20211123,212000,4.62,4.62,4.62,4.62,200,0
DAIO.US,5,20211123,212500,4.5808,4.5808,4.5808,4.5808,1000,0
DAIO.US,5,20211123,213500,4.5888,4.615,4.5888,4.615,550,0
DAIO.US,5,20211123,214000,4.6,4.6,4.6,4.6,200,0
DAIO.US,5,20211123,215500,4.64,4.69,4.59,4.59,872,0
DAIO.US,5,20211124,153000,4.6,4.6,4.6,4.6,877,0
DAIO.US,5,20211124,154000,4.61,4.61,4.61,4.61,259,0
DAIO.US,5,20211124,154500,4.61,4.61,4.51,4.51,2410,0
DAIO.US,5,20211124,155000,4.59,4.59,4.515,4.515,500,0
DAIO.US,5,20211124,160000,4.59,4.59,4.59,4.59,100,0
DAIO.US,5,20211124,160500,4.5577,4.5577,4.525,4.525,600,0
DAIO.US,5,20211124,161500,4.58,4.6,4.54,4.6,700,0
DAIO.US,5,20211124,162000,4.6,4.6,4.6,4.6,7300,0
DAIO.US,5,20211124,162500,4.5999,4.6,4.54,4.6,4600,0
DAIO.US,5,20211124,163000,4.6,4.6,4.6,4.6,1262,0
DAIO.US,5,20211124,163500,4.6101,4.6101,4.6101,4.6101,500,0
DAIO.US,5,20211124,170000,4.69,4.6957,4.69,4.6957,700,0
DAIO.US,5,20211124,173000,4.7743,4.78,4.7743,4.78,1200,0
DAIO.US,5,20211124,174500,4.78,4.78,4.78,4.78,400,0
DAIO.US,5,20211124,181000,4.78,4.7834,4.78,4.7834,1819,0
DAIO.US,5,20211124,182000,4.79,4.8,4.7486,4.8,15657,0
DAIO.US,5,20211124,182500,4.87,4.88,4.83,4.88,1311,0
DAIO.US,5,20211124,184500,4.87,4.87,4.87,4.87,300,0
DAIO.US,5,20211124,185000,4.96,4.96,4.96,4.96,200,0
DAIO.US,5,20211124,190000,4.96,4.96,4.92,4.92,589,0
DAIO.US,5,20211124,190500,4.78,4.78,4.75,4.75,200,0
DAIO.US,5,20211124,191000,4.845,4.845,4.845,4.845,100,0
DAIO.US,5,20211124,194000,4.77,4.77,4.77,4.77,300,0
DAIO.US,5,20211124,212500,4.9,4.9,4.9,4.9,100,0
DAIO.US,5,20211124,213000,4.9,4.9,4.9,4.9,210,0
DAIO.US,5,20211124,215500,4.8,4.95,4.8,4.95,324,0
DAIO.US,5,20211126,153000,4.95,4.99,4.95,4.99,528,0
DAIO.US,5,20211126,153500,4.7501,4.7501,4.7501,4.7501,200,0
DAIO.US,5,20211126,154000,4.9498,4.9498,4.9498,4.9498,2000,0
DAIO.US,5,20211126,163500,4.79,4.79,4.76,4.76,200,0
DAIO.US,5,20211126,164000,4.76,4.78,4.63,4.63,5280,0
DAIO.US,5,20211126,165500,4.87,4.87,4.87,4.87,500,0
DAIO.US,5,20211126,170000,4.8263,4.8263,4.65,4.65,1432,0
DAIO.US,5,20211126,174500,4.7469,4.7469,4.7469,4.7469,500,0
DAIO.US,5,20211126,180000,4.73,4.73,4.73,4.73,400,0
DAIO.US,5,20211126,181500,4.79,4.81,4.79,4.8,400,0
DAIO.US,5,20211126,184500,4.7086,4.7086,4.7086,4.7086,500,0
DAIO.US,5,20211126,185500,4.7389,4.7389,4.68,4.68,568,0
DAIO.US,5,20211126,190000,4.8,4.8,4.8,4.8,291,0
DAIO.US,5,20211129,153000,4.96,4.96,4.96,4.96,4036,0
DAIO.US,5,20211129,154000,4.915,4.96,4.915,4.96,500,0
DAIO.US,5,20211129,155500,4.8703,4.96,4.8703,4.96,300,0
DAIO.US,5,20211129,160000,4.9,4.9,4.9,4.9,200,0
DAIO.US,5,20211129,160500,4.885,4.885,4.885,4.885,200,0
DAIO.US,5,20211129,164000,4.9334,4.9334,4.9334,4.9334,409,0
DAIO.US,5,20211129,165000,4.94,4.94,4.94,4.94,100,0
DAIO.US,5,20211129,165500,4.97,4.97,4.8901,4.8901,710,0
DAIO.US,5,20211129,171500,4.892,4.925,4.8903,4.925,1505,0
DAIO.US,5,20211129,172000,4.9456,4.9456,4.9456,4.9456,175,0
DAIO.US,5,20211129,173000,4.9456,4.9456,4.9456,4.9456,175,0
DAIO.US,5,20211129,180000,4.82,4.82,4.82,4.82,150,0
DAIO.US,5,20211129,180500,4.9529,4.9529,4.9529,4.9529,900,0
DAIO.US,5,20211129,183500,4.85,4.85,4.85,4.85,100,0
DAIO.US,5,20211129,185500,4.9376,4.95,4.9376,4.95,1000,0
DAIO.US,5,20211129,193500,4.82,4.82,4.82,4.82,200,0
DAIO.US,5,20211129,195500,4.82,4.84,4.82,4.84,200,0
DAIO.US,5,20211129,200000,4.8,4.8,4.8,4.8,498,0
DAIO.US,5,20211129,201000,4.78,4.78,4.78,4.78,200,0
DAIO.US,5,20211129,204000,4.6701,4.6701,4.6701,4.6701,500,0
DAIO.US,5,20211129,211000,4.75,4.75,4.75,4.75,100,0
DAIO.US,5,20211129,211500,4.69,4.69,4.69,4.69,179,0
DAIO.US,5,20211129,212500,4.65,4.73,4.65,4.72,4334,0
DAIO.US,5,20211129,213500,4.65,4.65,4.62,4.63,1200,0
DAIO.US,5,20211129,215000,4.6742,4.6742,4.57,4.59,2791,0
DAIO.US,5,20211129,215500,4.5892,4.75,4.5892,4.75,2044,0
DAIO.US,5,20211130,153000,4.77,4.77,4.77,4.77,915,0
DAIO.US,5,20211130,155500,4.67,4.67,4.67,4.67,100,0
DAIO.US,5,20211130,161000,4.67,4.67,4.67,4.67,1500,0
DAIO.US,5,20211130,161500,4.67,4.67,4.67,4.67,209,0
DAIO.US,5,20211130,163500,4.58,4.58,4.58,4.58,3000,0
DAIO.US,5,20211130,172000,4.6007,4.6007,4.6007,4.6007,100,0
DAIO.US,5,20211130,173500,4.64,4.64,4.64,4.64,800,0
DAIO.US,5,20211130,175000,4.6898,4.6898,4.6898,4.6898,1100,0
DAIO.US,5,20211130,175500,4.63,4.63,4.62,4.62,400,0
DAIO.US,5,20211130,185000,4.63,4.68,4.63,4.68,200,0
DAIO.US,5,20211130,190000,4.63,4.63,4.6,4.6,1150,0
DAIO.US,5,20211130,192000,4.5302,4.5302,4.5302,4.5302,5500,0
DAIO.US,5,20211130,195000,4.52,4.52,4.52,4.52,1000,0
DAIO.US,5,20211130,200000,4.655,4.66,4.65,4.65,400,0
DAIO.US,5,20211130,204500,4.6832,4.6832,4.6832,4.6832,426,0
DAIO.US,5,20211130,212000,4.67,4.67,4.64,4.66,1300,0
DAIO.US,5,20211130,213500,4.62,4.62,4.62,4.62,100,0
DAIO.US,5,20211130,214000,4.63,4.63,4.63,4.63,900,0
DAIO.US,5,20211130,215500,4.69,4.69,4.69,4.69,606,0
DAIO.US,5,20211201,153000,4.72,4.72,4.72,4.72,664,0
DAIO.US,5,20211201,154500,4.67,4.69,4.67,4.69,1800,0
DAIO.US,5,20211201,155000,4.62,4.62,4.62,4.62,106,0
DAIO.US,5,20211201,155500,4.74,4.74,4.74,4.74,250,0
DAIO.US,5,20211201,165500,4.73,4.73,4.73,4.73,100,0
DAIO.US,5,20211201,183500,4.75,4.75,4.75,4.75,200,0
DAIO.US,5,20211201,184500,4.7,4.7,4.7,4.7,200,0
DAIO.US,5,20211201,190500,4.68,4.68,4.66,4.66,689,0
DAIO.US,5,20211201,191500,4.6215,4.6215,4.6215,4.6215,500,0
DAIO.US,5,20211201,194500,4.67,4.67,4.67,4.67,400,0
DAIO.US,5,20211201,200000,4.67,4.67,4.67,4.67,200,0
DAIO.US,5,20211201,202000,4.6,4.6,4.48,4.54,8131,0
DAIO.US,5,20211201,204500,4.52,4.52,4.51,4.512,2800,0
DAIO.US,5,20211201,205000,4.54,4.6,4.54,4.6,1300,0
DAIO.US,5,20211201,210500,4.6,4.62,4.6,4.61,2240,0
DAIO.US,5,20211201,212000,4.47,4.47,4.44,4.44,400,0
DAIO.US,5,20211201,214000,4.6046,4.6046,4.6046,4.6046,300,0
DAIO.US,5,20211201,215000,4.4595,4.4595,4.4595,4.4595,300,0
DAIO.US,5,20211201,215500,4.45,4.6182,4.45,4.61,900,0
DAIO.US,5,20211202,153000,4.46,4.5,4.46,4.5,782,0
DAIO.US,5,20211202,154500,4.6264,4.6264,4.6264,4.6264,125,0
DAIO.US,5,20211202,155500,4.535,4.69,4.535,4.69,6653,0
DAIO.US,5,20211202,161000,4.66,4.66,4.66,4.66,200,0
DAIO.US,5,20211202,161500,4.67,4.67,4.64,4.65,700,0
DAIO.US,5,20211202,162000,4.7173,4.7173,4.7173,4.7173,100,0
DAIO.US,5,20211202,163000,4.73,4.73,4.73,4.73,100,0
DAIO.US,5,20211202,171500,4.7109,4.7109,4.7109,4.7109,500,0
DAIO.US,5,20211202,173500,4.6607,4.6607,4.6607,4.6607,672,0
DAIO.US,5,20211202,185000,4.67,4.7,4.55,4.55,6400,0
DAIO.US,5,20211202,200000,4.6975,4.6975,4.6975,4.6975,108,0
DAIO.US,5,20211202,204500,4.55,4.55,4.55,4.55,100,0
DAIO.US,5,20211202,210000,4.65,4.7,4.63,4.67,2719,0
DAIO.US,5,20211202,211500,4.69,4.69,4.69,4.69,200,0
DAIO.US,5,20211202,212000,4.67,4.7,4.56,4.65,2500,0
DAIO.US,5,20211202,213000,4.59,4.6,4.589,4.589,2665,0
DAIO.US,5,20211202,215000,4.58,4.58,4.56,4.56,300,0
DAIO.US,5,20211202,215500,4.64,4.72,4.64,4.72,418,0
DAIO.US,5,20211203,153000,4.68,4.68,4.68,4.68,146,0
DAIO.US,5,20211203,154000,4.57,4.58,4.57,4.58,1200,0
DAIO.US,5,20211203,155000,4.61,4.61,4.61,4.61,300,0
DAIO.US,5,20211203,155500,4.62,4.62,4.5,4.5,1200,0
DAIO.US,5,20211203,160000,4.69,4.69,4.69,4.69,100,0
DAIO.US,5,20211203,170500,4.58,4.58,4.58,4.58,250,0
DAIO.US,5,20211203,172000,4.51,4.51,4.5,4.5,1255,0
DAIO.US,5,20211203,174000,4.5,4.5,4.5,4.5,622,0
DAIO.US,5,20211203,174500,4.44,4.44,4.44,4.44,525,0
DAIO.US,5,20211203,175000,4.41,4.41,4.372,4.372,1790,0
DAIO.US,5,20211203,180500,4.4898,4.4898,4.4898,4.4898,334,0
DAIO.US,5,20211203,183500,4.37,4.37,4.37,4.37,300,0
DAIO.US,5,20211203,184500,4.54,4.56,4.465,4.5552,3300,0
DAIO.US,5,20211203,191500,4.5843,4.5843,4.5843,4.5843,100,0
DAIO.US,5,20211203,192000,4.61,4.62,4.57,4.57,795,0
DAIO.US,5,20211203,195000,4.51,4.51,4.51,4.51,500,0
DAIO.US,5,20211203,202000,4.54,4.57,4.54,4.55,1225,0
DAIO.US,5,20211203,203500,4.51,4.54,4.5,4.5,4700,0
DAIO.US,5,20211203,204500,4.49,4.49,4.49,4.49,100,0
DAIO.US,5,20211203,205500,4.51,4.51,4.51,4.51,100,0
DAIO.US,5,20211203,213000,4.47,4.47,4.45,4.45,400,0
DAIO.US,5,20211203,214500,4.45,4.45,4.45,4.45,100,0
DAIO.US,5,20211203,215500,4.5895,4.59,4.52,4.59,1055,0
DAIO.US,5,20211206,153000,4.59,4.65,4.49,4.49,5780,0
DAIO.US,5,20211206,155500,4.53,4.53,4.53,4.53,200,0
DAIO.US,5,20211206,160000,4.632,4.632,4.632,4.632,150,0
DAIO.US,5,20211206,164500,4.5,4.5,4.5,4.5,280,0
DAIO.US,5,20211206,165000,4.5017,4.5017,4.5017,4.5017,100,0
DAIO.US,5,20211206,180500,4.65,4.65,4.64,4.64,500,0
DAIO.US,5,20211206,182000,4.64,4.64,4.608,4.608,4197,0
DAIO.US,5,20211206,182500,4.5056,4.5056,4.5056,4.5056,800,0
DAIO.US,5,20211206,183500,4.51,4.51,4.51,4.51,250,0
DAIO.US,5,20211206,185500,4.59,4.59,4.59,4.59,200,0
DAIO.US,5,20211206,191000,4.59,4.59,4.59,4.59,100,0
DAIO.US,5,20211206,192000,4.4973,4.4973,4.4973,4.4973,800,0
DAIO.US,5,20211206,192500,4.6,4.6,4.5777,4.5777,355,0
DAIO.US,5,20211206,204500,4.5983,4.5983,4.5983,4.5983,120,0
DAIO.US,5,20211206,211500,4.585,4.585,4.585,4.585,100,0
DAIO.US,5,20211206,212500,4.52,4.52,4.51,4.51,300,0
DAIO.US,5,20211206,213000,4.5,4.5,4.5,4.5,700,0
DAIO.US,5,20211206,214000,4.52,4.54,4.52,4.54,500,0
DAIO.US,5,20211206,215500,4.65,4.65,4.65,4.65,196,0
DAIO.US,5,20211207,153000,4.65,4.69,4.65,4.69,245,0
DAIO.US,5,20211207,155500,4.6135,4.6135,4.56,4.56,3100,0
DAIO.US,5,20211207,160000,4.6797,4.6797,4.6797,4.6797,100,0
DAIO.US,5,20211207,160500,4.7,4.72,4.7,4.72,714,0
DAIO.US,5,20211207,161000,4.7199,4.72,4.716,4.72,1200,0
DAIO.US,5,20211207,161500,4.72,4.72,4.71,4.71,474,0
DAIO.US,5,20211207,162000,4.7389,4.7389,4.7389,4.7389,1000,0
DAIO.US,5,20211207,163000,4.75,4.75,4.74,4.75,2497,0
DAIO.US,5,20211207,163500,4.75,4.75,4.75,4.75,400,0
DAIO.US,5,20211207,164500,4.6766,4.6817,4.6701,4.6817,1880,0
DAIO.US,5,20211207,165000,4.6701,4.6701,4.6701,4.6701,750,0
DAIO.US,5,20211207,170000,4.6773,4.6773,4.6773,4.6773,750,0
DAIO.US,5,20211207,174000,4.8185,4.8185,4.79,4.81,700,0
DAIO.US,5,20211207,175000,4.745,4.745,4.745,4.745,500,0
DAIO.US,5,20211207,180500,4.82,4.82,4.6801,4.6801,3100,0
DAIO.US,5,20211207,181500,4.6801,4.6801,4.6801,4.6801,1250,0
DAIO.US,5,20211207,182000,4.73,4.75,4.73,4.74,600,0
DAIO.US,5,20211207,182500,4.6715,4.6715,4.6715,4.6715,1250,0
DAIO.US,5,20211207,185500,4.705,4.705,4.705,4.705,500,0
DAIO.US,5,20211207,190500,4.815,4.815,4.81,4.81,200,0
DAIO.US,5,20211207,194500,4.81,4.81,4.81,4.81,200,0
DAIO.US,5,20211207,195500,4.725,4.725,4.725,4.725,100,0
DAIO.US,5,20211207,200000,4.7093,4.7093,4.7093,4.7093,356,0
DAIO.US,5,20211207,201000,4.73,4.73,4.73,4.73,300,0
DAIO.US,5,20211207,201500,4.69,4.69,4.66,4.66,200,0
DAIO.US,5,20211207,203000,4.71,4.74,4.71,4.71,400,0
DAIO.US,5,20211207,203500,4.72,4.82,4.72,4.8,4574,0
DAIO.US,5,20211207,204000,4.76,4.76,4.7,4.74,1200,0
DAIO.US,5,20211207,204500,4.77,4.8,4.76,4.77,900,0
DAIO.US,5,20211207,205000,4.77,4.77,4.77,4.77,400,0
DAIO.US,5,20211207,205500,4.7294,4.735,4.71,4.73,1600,0
DAIO.US,5,20211207,210500,4.79,4.83,4.79,4.82,1000,0
DAIO.US,5,20211207,211000,4.775,4.775,4.72,4.72,600,0
DAIO.US,5,20211207,211500,4.73,4.8199,4.73,4.805,1100,0
DAIO.US,5,20211207,212000,4.83,4.83,4.69,4.69,2000,0
DAIO.US,5,20211207,212500,4.6101,4.6101,4.6101,4.6101,1210,0
DAIO.US,5,20211207,213000,4.695,4.75,4.695,4.74,1700,0
DAIO.US,5,20211207,213500,4.72,4.73,4.69,4.73,400,0
DAIO.US,5,20211207,215500,4.68,4.73,4.63,4.63,825,0
DAIO.US,5,20211208,153000,4.7,4.7,4.7,4.7,375,0
DAIO.US,5,20211208,155000,4.8677,4.8677,4.6201,4.6201,2000,0
DAIO.US,5,20211208,160000,4.6201,4.6201,4.6201,4.6201,1250,0
DAIO.US,5,20211208,160500,4.621,4.621,4.621,4.621,1050,0
DAIO.US,5,20211208,162500,4.59,4.59,4.59,4.59,200,0
DAIO.US,5,20211208,163000,4.54,4.54,4.54,4.54,170,0
DAIO.US,5,20211208,163500,4.53,4.53,4.53,4.53,876,0
DAIO.US,5,20211208,164000,4.555,4.62,4.555,4.555,700,0
DAIO.US,5,20211208,165000,4.555,4.62,4.555,4.62,600,0
DAIO.US,5,20211208,171000,4.74,4.74,4.72,4.73,641,0
DAIO.US,5,20211208,172500,4.7,4.7,4.7,4.7,100,0
DAIO.US,5,20211208,175000,4.69,4.74,4.69,4.74,600,0
DAIO.US,5,20211208,175500,4.67,4.67,4.6501,4.6501,600,0
DAIO.US,5,20211208,180000,4.6501,4.6501,4.6501,4.6501,250,0
DAIO.US,5,20211208,180500,4.65,4.6522,4.5001,4.5001,8550,0
DAIO.US,5,20211208,181000,4.535,4.57,4.435,4.435,5910,0
DAIO.US,5,20211208,182000,4.44,4.44,4.44,4.44,1000,0
DAIO.US,5,20211208,183000,4.4544,4.4544,4.4544,4.4544,450,0
DAIO.US,5,20211208,183500,4.465,4.5,4.465,4.5,1000,0
DAIO.US,5,20211208,185500,4.5701,4.5701,4.5701,4.5701,433,0
DAIO.US,5,20211208,195000,4.675,4.675,4.675,4.675,100,0
DAIO.US,5,20211208,195500,4.6765,4.69,4.6765,4.69,10000,0
DAIO.US,5,20211208,202000,4.65,4.65,4.65,4.65,590,0
DAIO.US,5,20211208,204500,4.6301,4.6301,4.6301,4.6301,500,0
DAIO.US,5,20211208,205000,4.7,4.7,4.7,4.7,1000,0
DAIO.US,5,20211208,210500,4.71,4.71,4.71,4.71,700,0
DAIO.US,5,20211208,211500,4.71,4.79,4.71,4.77,2848,0
DAIO.US,5,20211208,213000,4.8672,4.8672,4.8672,4.8672,500,0
DAIO.US,5,20211208,215500,4.67,4.86,4.67,4.86,481,0
DAIO.US,5,20211209,153000,4.77,4.77,4.77,4.77,308,0
DAIO.US,5,20211209,154500,4.62,4.62,4.62,4.62,100,0
DAIO.US,5,20211209,155500,4.8,4.8,4.8,4.8,100,0
DAIO.US,5,20211209,160000,4.6,4.6,4.6,4.6,100,0
DAIO.US,5,20211209,160500,4.5792,4.5792,4.5792,4.5792,410,0
DAIO.US,5,20211209,161000,4.745,4.745,4.745,4.745,410,0
DAIO.US,5,20211209,162000,4.68,4.68,4.64,4.64,400,0
DAIO.US,5,20211209,164000,4.67,4.67,4.66,4.66,200,0
DAIO.US,5,20211209,171000,4.7137,4.7137,4.708,4.708,750,0
DAIO.US,5,20211209,171500,4.7001,4.7001,4.7001,4.7001,500,0
DAIO.US,5,20211209,175500,4.7201,4.7201,4.7201,4.7201,500,0
DAIO.US,5,20211209,181000,4.75,4.7501,4.75,4.7501,1923,0
DAIO.US,5,20211209,181500,4.71,4.71,4.7,4.7,2403,0
DAIO.US,5,20211209,201000,4.75,4.75,4.7377,4.7377,2000,0
DAIO.US,5,20211209,201500,4.705,4.75,4.705,4.75,2400,0
DAIO.US,5,20211209,202500,4.705,4.7465,4.705,4.7465,1987,0
DAIO.US,5,20211209,203500,4.74,4.8,4.74,4.7501,6676,0
DAIO.US,5,20211209,204000,4.7501,4.8582,4.7501,4.8568,2350,0
DAIO.US,5,20211209,205500,4.7503,4.76,4.7503,4.76,2800,0
DAIO.US,5,20211209,211000,4.7002,4.72,4.7,4.704,6133,0
DAIO.US,5,20211209,213000,4.75,4.75,4.75,4.75,100,0
DAIO.US,5,20211209,214500,4.7,4.7,4.7,4.7,996,0
DAIO.US,5,20211209,215500,4.78,4.7921,4.7,4.7,3413,0
DAIO.US,5,20211210,153000,4.85,4.85,4.73,4.73,6413,0
DAIO.US,5,20211210,154500,4.69,4.805,4.66,4.805,600,0
DAIO.US,5,20211210,155000,4.77,4.77,4.77,4.77,100,0
DAIO.US,5,20211210,160000,4.81,4.81,4.8,4.8,1089,0
DAIO.US,5,20211210,161000,4.7093,4.79,4.7093,4.79,2250,0
DAIO.US,5,20211210,165000,4.71,4.71,4.71,4.71,100,0
DAIO.US,5,20211210,175500,4.7,4.7,4.7,4.7,100,0
DAIO.US,5,20211210,192500,4.7894,4.7894,4.7894,4.7894,500,0
DAIO.US,5,20211210,204000,4.8,4.8,4.79,4.79,825,0
DAIO.US,5,20211210,210500,4.87,4.87,4.87,4.87,384,0
DAIO.US,5,20211210,212000,4.855,4.855,4.855,4.855,100,0
DAIO.US,5,20211210,212500,4.88,4.94,4.88,4.94,1212,0
DAIO.US,5,20211210,213000,4.96,4.96,4.96,4.96,600,0
DAIO.US,5,20211210,213500,4.99,5.02,4.975,5,4663,0
DAIO.US,5,20211210,214500,4.9825,5,4.98,4.98,12710,0
DAIO.US,5,20211210,215000,5.12,5.16,5.115,5.115,1300,0
DAIO.US,5,20211210,215500,5.2,5.2,5.2,5.2,1488,0
DAIO.US,5,20211213,153000,4.96,5.07,4.96,5.02,2743,0
DAIO.US,5,20211213,161000,5.07,5.07,5.07,5.07,100,0
DAIO.US,5,20211213,164500,5,5,5,5,100,0
DAIO.US,5,20211213,173000,5,5.09,4.92,5.09,4699,0
DAIO.US,5,20211213,173500,4.8901,4.8901,4.8901,4.8901,1000,0
DAIO.US,5,20211213,185500,4.96,4.96,4.93,4.93,2700,0
DAIO.US,5,20211213,192000,4.95,4.95,4.95,4.95,100,0
DAIO.US,5,20211213,192500,4.95,4.95,4.95,4.95,100,0
DAIO.US,5,20211213,200000,4.935,4.935,4.9,4.935,400,0
DAIO.US,5,20211213,200500,4.97,4.97,4.97,4.97,100,0
DAIO.US,5,20211213,202000,4.93,5,4.93,4.98,3402,0
DAIO.US,5,20211213,202500,5.0589,5.0589,5.0589,5.0589,100,0
DAIO.US,5,20211213,203500,5.05,5.05,5.05,5.05,500,0
DAIO.US,5,20211213,204500,5.09,5.09,5.08,5.09,3201,0
DAIO.US,5,20211213,205500,5.0781,5.0781,5.0781,5.0781,100,0
DAIO.US,5,20211213,210500,5.07,5.07,5.07,5.07,100,0
DAIO.US,5,20211213,211500,5.07,5.11,5.0682,5.11,1879,0
DAIO.US,5,20211213,212000,5.11,5.12,5.11,5.12,300,0
DAIO.US,5,20211213,214000,5.12,5.12,5.12,5.12,499,0
DAIO.US,5,20211213,215500,5.185,5.19,5.13,5.13,3116,0
DAIO.US,5,20211214,153000,5.04,5.05,5.04,5.05,400,0
DAIO.US,5,20211214,154500,4.975,4.975,4.9001,4.9001,2171,0
DAIO.US,5,20211214,162000,4.9,4.9,4.9,4.9,200,0
DAIO.US,5,20211214,163000,4.965,4.965,4.9,4.9,300,0
DAIO.US,5,20211214,164000,4.95,4.95,4.95,4.95,300,0
DAIO.US,5,20211214,165500,4.938,4.938,4.938,4.938,1000,0
DAIO.US,5,20211214,181500,4.95,4.95,4.95,4.95,200,0
DAIO.US,5,20211214,182000,4.9159,4.9159,4.9159,4.9159,600,0
DAIO.US,5,20211214,182500,4.92,4.9396,4.92,4.9343,800,0
DAIO.US,5,20211214,183000,4.9378,4.9378,4.92,4.92,1000,0
DAIO.US,5,20211214,190500,4.9,4.9,4.9,4.9,700,0
DAIO.US,5,20211214,191500,4.92,4.92,4.91,4.92,1000,0
DAIO.US,5,20211214,193000,4.7957,4.7957,4.7957,4.7957,1770,0
DAIO.US,5,20211214,194500,4.88,4.89,4.88,4.89,400,0
DAIO.US,5,20211214,195000,4.895,4.895,4.895,4.895,200,0
DAIO.US,5,20211214,200500,4.87,4.87,4.87,4.87,200,0
DAIO.US,5,20211214,203000,4.87,4.87,4.87,4.87,300,0
DAIO.US,5,20211214,205500,4.79,4.92,4.79,4.915,2511,0
DAIO.US,5,20211214,212000,4.94,4.94,4.92,4.92,300,0
DAIO.US,5,20211214,215500,4.91,4.93,4.77,4.77,400,0
DAIO.US,5,20211215,153000,4.75,4.75,4.75,4.75,540,0
DAIO.US,5,20211215,161000,4.55,4.55,4.55,4.55,270,0
DAIO.US,5,20211215,162000,4.625,4.625,4.625,4.625,445,0
DAIO.US,5,20211215,165000,4.52,4.52,4.52,4.52,500,0
DAIO.US,5,20211215,172500,4.56,4.56,4.52,4.56,300,0
DAIO.US,5,20211215,174000,4.64,4.66,4.64,4.65,2198,0
DAIO.US,5,20211215,182000,4.66,4.66,4.66,4.66,500,0
DAIO.US,5,20211215,183000,4.6321,4.6321,4.6321,4.6321,100,0
DAIO.US,5,20211215,190000,4.628,4.628,4.628,4.628,150,0
DAIO.US,5,20211215,191000,4.6001,4.6001,4.6001,4.6001,900,0
DAIO.US,5,20211215,192000,4.63,4.66,4.63,4.66,794,0
DAIO.US,5,20211215,200500,4.64,4.64,4.64,4.64,100,0
DAIO.US,5,20211215,213000,5.05,5.05,5.05,5.05,392,0
DAIO.US,5,20211215,214000,5.0017,5.0017,5.0017,5.0017,100,0
DAIO.US,5,20211215,215500,4.75,4.75,4.75,4.75,538,0
DAIO.US,5,20211216,153000,4.83,4.83,4.83,4.83,100,0
DAIO.US,5,20211216,163500,4.83,4.83,4.83,4.83,1000,0
DAIO.US,5,20211216,164000,4.7295,4.7295,4.7295,4.7295,500,0
DAIO.US,5,20211216,164500,4.8087,4.8087,4.8087,4.8087,250,0
DAIO.US,5,20211216,165000,4.81,4.8102,4.73,4.73,1050,0
DAIO.US,5,20211216,165500,4.7823,4.7823,4.7823,4.7823,350,0
DAIO.US,5,20211216,170500,4.73,4.73,4.73,4.73,500,0
DAIO.US,5,20211216,171500,4.719,4.719,4.719,4.719,225,0
DAIO.US,5,20211216,172500,4.7146,4.7146,4.7146,4.7146,325,0
DAIO.US,5,20211216,173000,4.6317,4.6317,4.6317,4.6317,175,0
DAIO.US,5,20211216,173500,4.62,4.62,4.62,4.62,100,0
DAIO.US,5,20211216,174000,4.72,4.72,4.72,4.72,200,0
DAIO.US,5,20211216,181000,4.65,4.68,4.65,4.68,400,0
DAIO.US,5,20211216,183500,4.61,4.66,4.61,4.66,466,0
DAIO.US,5,20211216,184000,4.66,4.66,4.66,4.66,100,0
DAIO.US,5,20211216,192500,4.5318,4.5318,4.5318,4.5318,2000,0
DAIO.US,5,20211216,200000,4.645,4.645,4.5503,4.5503,775,0
DAIO.US,5,20211216,200500,4.56,4.56,4.56,4.56,185,0
DAIO.US,5,20211216,201000,4.634,4.634,4.634,4.634,300,0
DAIO.US,5,20211216,202500,4.625,4.625,4.625,4.625,325,0
DAIO.US,5,20211216,203000,4.625,4.625,4.625,4.625,220,0
DAIO.US,5,20211216,204500,4.62,4.62,4.62,4.62,175,0
DAIO.US,5,20211216,205500,4.6899,4.6899,4.6899,4.6899,100,0
DAIO.US,5,20211216,210000,4.5484,4.5484,4.5484,4.5484,400,0
DAIO.US,5,20211216,212000,4.55,4.55,4.55,4.55,100,0
DAIO.US,5,20211216,213000,4.55,4.5787,4.5322,4.5787,685,0
DAIO.US,5,20211216,213500,4.5315,4.62,4.5315,4.62,1720,0
DAIO.US,5,20211216,214500,4.57,4.63,4.57,4.62,2350,0
DAIO.US,5,20211216,215500,4.63,4.63,4.59,4.59,454,0
DAIO.US,5,20211217,153000,4.52,4.52,4.52,4.52,429,0
DAIO.US,5,20211217,153500,4.54,4.54,4.54,4.54,100,0
DAIO.US,5,20211217,161000,4.58,4.655,4.5,4.655,2057,0
DAIO.US,5,20211217,163500,4.665,4.665,4.665,4.665,150,0
DAIO.US,5,20211217,165000,4.6674,4.6674,4.6674,4.6674,1000,0
DAIO.US,5,20211217,171000,4.54,4.54,4.54,4.54,200,0
DAIO.US,5,20211217,173000,4.66,4.66,4.6237,4.6237,225,0
DAIO.US,5,20211217,174000,4.569,4.569,4.569,4.569,100,0
DAIO.US,5,20211217,175500,4.645,4.645,4.645,4.645,430,0
DAIO.US,5,20211217,181500,4.63,4.64,4.63,4.64,406,0
DAIO.US,5,20211217,182500,4.5797,4.63,4.5797,4.63,396,0
DAIO.US,5,20211217,184000,4.61,4.62,4.585,4.6,600,0
DAIO.US,5,20211217,191000,4.5683,4.5683,4.5683,4.5683,141,0
DAIO.US,5,20211217,192000,4.5776,4.5776,4.5776,4.5776,100,0
DAIO.US,5,20211217,194000,4.585,4.63,4.585,4.63,5675,0
DAIO.US,5,20211217,194500,4.6,4.6,4.6,4.6,200,0
DAIO.US,5,20211217,195000,4.6,4.6,4.6,4.6,100,0
DAIO.US,5,20211217,202500,4.6,4.6,4.6,4.6,100,0
DAIO.US,5,20211217,203500,4.5865,4.5865,4.5865,4.5865,125,0
DAIO.US,5,20211217,205000,4.58,4.61,4.58,4.61,4400,0
DAIO.US,5,20211217,211500,4.68,4.68,4.68,4.68,150,0
DAIO.US,5,20211217,214000,4.66,4.66,4.66,4.66,325,0
DAIO.US,5,20211217,214500,4.645,4.645,4.645,4.645,275,0
DAIO.US,5,20211217,215000,4.56,4.56,4.56,4.56,175,0
DAIO.US,5,20211220,153000,4.64,4.64,4.64,4.64,295,0
DAIO.US,5,20211220,161500,4.6,4.6,4.6,4.6,100,0
DAIO.US,5,20211220,162500,4.57,4.57,4.57,4.57,150,0
DAIO.US,5,20211220,163500,4.57,4.57,4.57,4.57,100,0
DAIO.US,5,20211220,164500,4.73,4.73,4.73,4.73,100,0
DAIO.US,5,20211220,165000,4.5715,4.5715,4.5715,4.5715,750,0
DAIO.US,5,20211220,171000,4.62,4.62,4.62,4.62,3000,0
DAIO.US,5,20211220,172000,4.655,4.655,4.655,4.655,250,0
DAIO.US,5,20211220,173500,4.5693,4.5693,4.5693,4.5693,200,0
DAIO.US,5,20211220,182000,4.6,4.6,4.6,4.6,1000,0
DAIO.US,5,20211220,184000,4.56,4.56,4.56,4.56,100,0
DAIO.US,5,20211220,184500,4.5741,4.5741,4.5741,4.5741,150,0
DAIO.US,5,20211220,194000,4.57,4.57,4.57,4.57,433,0
DAIO.US,5,20211220,195500,4.5973,4.61,4.43,4.61,8233,0
DAIO.US,5,20211220,200000,4.6,4.6,4.6,4.6,400,0
DAIO.US,5,20211220,201000,4.58,4.59,4.415,4.4198,3743,0
DAIO.US,5,20211220,201500,4.44,4.44,4.44,4.44,500,0
DAIO.US,5,20211220,202000,4.45,4.45,4.4487,4.4499,3458,0
DAIO.US,5,20211220,203500,4.46,4.46,4.45,4.45,528,0
DAIO.US,5,20211220,204000,4.485,4.485,4.485,4.485,150,0
DAIO.US,5,20211220,205500,4.485,4.485,4.485,4.485,100,0
DAIO.US,5,20211220,210000,4.46,4.46,4.42,4.42,800,0
DAIO.US,5,20211220,210500,4.4,4.4,4.37,4.4,2489,0
DAIO.US,5,20211220,211000,4.37,4.37,4.35,4.35,925,0
DAIO.US,5,20211220,211500,4.39,4.39,4.38,4.38,600,0
DAIO.US,5,20211220,212500,4.385,4.385,4.385,4.385,200,0
DAIO.US,5,20211220,213000,4.44,4.44,4.44,4.44,300,0
DAIO.US,5,20211220,214000,4.374,4.374,4.374,4.374,500,0
DAIO.US,5,20211220,214500,4.35,4.35,4.35,4.35,840,0
DAIO.US,5,20211220,215000,4.3173,4.3173,4.3116,4.3116,933,0
DAIO.US,5,20211220,215500,4.36,4.44,4.36,4.4,2703,0
DAIO.US,5,20211221,154000,4.364,4.52,4.364,4.52,2273,0
DAIO.US,5,20211221,160000,4.5,4.5,4.5,4.5,100,0
DAIO.US,5,20211221,160500,4.5,4.5,4.38,4.38,4357,0
DAIO.US,5,20211221,161000,4.37,4.41,4.34,4.41,1805,0
DAIO.US,5,20211221,162000,4.35,4.41,4.35,4.41,1202,0
DAIO.US,5,20211221,163500,4.34,4.34,4.26,4.28,9224,0
DAIO.US,5,20211221,164000,4.28,4.32,4.27,4.27,2406,0
DAIO.US,5,20211221,164500,4.305,4.305,4.21,4.21,8000,0
DAIO.US,5,20211221,170000,4.19,4.21,4.19,4.21,3102,0
DAIO.US,5,20211221,170500,4.35,4.35,4.28,4.28,1524,0
DAIO.US,5,20211221,171000,4.374,4.374,4.374,4.374,1168,0
DAIO.US,5,20211221,175500,4.36,4.37,4.36,4.36,593,0
DAIO.US,5,20211221,180000,4.38,4.38,4.38,4.38,515,0
DAIO.US,5,20211221,181500,4.325,4.325,4.325,4.325,2400,0
DAIO.US,5,20211221,182500,4.32,4.32,4.32,4.32,100,0
DAIO.US,5,20211221,184000,4.3299,4.3299,4.3299,4.3299,500,0
DAIO.US,5,20211221,190000,4.33,4.38,4.28,4.28,7036,0
DAIO.US,5,20211221,190500,4.325,4.4,4.325,4.4,5367,0
DAIO.US,5,20211221,191000,4.365,4.4,4.365,4.39,1300,0
DAIO.US,5,20211221,192000,4.39,4.4,4.39,4.4,460,0
DAIO.US,5,20211221,193000,4.46,4.5744,4.45,4.5744,1600,0
DAIO.US,5,20211221,193500,4.5715,4.5715,4.42,4.4487,5100,0
DAIO.US,5,20211221,194500,4.39,4.39,4.39,4.39,500,0
DAIO.US,5,20211221,195500,4.43,4.43,4.43,4.43,100,0
DAIO.US,5,20211221,200000,4.465,4.465,4.37,4.37,1600,0
DAIO.US,5,20211221,201000,4.35,4.365,4.3145,4.3641,10257,0
DAIO.US,5,20211221,204000,4.46,4.47,4.405,4.405,2400,0
DAIO.US,5,20211221,204500,4.39,4.39,4.39,4.39,100,0
DAIO.US,5,20211221,205000,4.4,4.4,4.4,4.4,260,0
DAIO.US,5,20211221,205500,4.37,4.4,4.37,4.4,1200,0
DAIO.US,5,20211221,213000,4.45,4.47,4.45,4.47,400,0
DAIO.US,5,20211221,215000,4.47,4.47,4.47,4.47,400,0
DAIO.US,5,20211221,215500,4.4,4.48,4.3302,4.4,10157,0
DAIO.US,5,20211222,160500,4.5529,4.5529,4.5529,4.5529,114,0
DAIO.US,5,20211222,164500,4.58,4.58,4.58,4.58,200,0
DAIO.US,5,20211222,171500,4.5555,4.5555,4.5555,4.5555,100,0
DAIO.US,5,20211222,190000,4.5234,4.5234,4.5234,4.5234,100,0
DAIO.US,5,20211222,193000,4.5199,4.55,4.505,4.55,4845,0
DAIO.US,5,20211222,194000,4.5301,4.5301,4.5301,4.5301,1000,0
DAIO.US,5,20211222,201000,4.52,4.52,4.52,4.52,300,0
DAIO.US,5,20211222,205500,4.585,4.585,4.5001,4.5001,1418,0
DAIO.US,5,20211222,210000,4.51,4.51,4.49,4.5,1000,0
DAIO.US,5,20211222,212000,4.5,4.5933,4.5,4.5933,2771,0
DAIO.US,5,20211222,214500,4.63,4.63,4.63,4.63,100,0
DAIO.US,5,20211222,215500,4.6214,4.63,4.58,4.58,347,0
DAIO.US,5,20211223,154000,4.3972,4.3972,4.3972,4.3972,974,0
DAIO.US,5,20211223,161000,4.4983,4.4983,4.4983,4.4983,400,0
DAIO.US,5,20211223,162000,4.56,4.56,4.56,4.56,2400,0
DAIO.US,5,20211223,164500,4.68,4.71,4.565,4.565,4700,0
DAIO.US,5,20211223,172500,4.51,4.51,4.48,4.51,300,0
DAIO.US,5,20211223,181000,4.6943,4.6943,4.6943,4.6943,750,0
DAIO.US,5,20211223,182000,4.69,4.71,4.68,4.7,1200,0
DAIO.US,5,20211223,184000,4.6882,4.6882,4.6882,4.6882,104,0
DAIO.US,5,20211223,184500,4.71,4.72,4.71,4.72,1666,0
DAIO.US,5,20211223,185500,4.72,4.72,4.605,4.68,4700,0
DAIO.US,5,20211223,190000,4.679,4.679,4.6,4.6,500,0
DAIO.US,5,20211223,190500,4.58,4.58,4.58,4.58,300,0
DAIO.US,5,20211223,200000,4.62,4.62,4.61,4.61,764,0
DAIO.US,5,20211223,200500,4.62,4.62,4.62,4.62,100,0
DAIO.US,5,20211223,203000,4.61,4.61,4.61,4.61,1864,0
DAIO.US,5,20211223,213000,4.54,4.54,4.47,4.51,2500,0
DAIO.US,5,20211223,213500,4.485,4.52,4.485,4.51,400,0
DAIO.US,5,20211223,214500,4.51,4.52,4.51,4.52,300,0
DAIO.US,5,20211223,215500,4.49,4.49,4.49,4.49,106,0
