<TICKER>,<PER>,<DATE>,<TIME>,<OPEN>,<HIGH>,<LOW>,<CLOSE>,<VOL>,<OPENINT>
FANH.US,5,20211104,143000,13.17,13.17,13.17,13.17,100,0
FANH.US,5,20211104,143500,13.39,13.43,13.08,13.08,11017,0
FANH.US,5,20211104,144000,13.2017,13.2017,13.2017,13.2017,100,0
FANH.US,5,20211104,151000,13.23,13.28,13.23,13.23,3067,0
FANH.US,5,20211104,151500,13.25,13.3,13.25,13.25,5322,0
FANH.US,5,20211104,152000,13.1999,13.1999,13.17,13.17,700,0
FANH.US,5,20211104,154000,13.15,13.15,13.15,13.15,600,0
FANH.US,5,20211104,160500,13.1,13.11,13.07,13.07,2300,0
FANH.US,5,20211104,164500,13.01,13.03,12.94,13.03,3700,0
FANH.US,5,20211104,165000,13.05,13.05,13.03,13.03,302,0
FANH.US,5,20211104,170000,13.015,13.015,13.015,13.015,100,0
FANH.US,5,20211104,171000,13.02,13.02,13.02,13.02,100,0
FANH.US,5,20211104,173000,13.02,13.07,12.995,13.065,1968,0
FANH.US,5,20211104,173500,13.085,13.1,13.05,13.1,300,0
FANH.US,5,20211104,184500,12.98,13.02,12.965,12.965,4800,0
FANH.US,5,20211104,185000,13,13.01,12.945,12.945,700,0
FANH.US,5,20211104,185500,12.955,13.07,12.93,13.02,7898,0
FANH.US,5,20211104,190500,13.04,13.04,13.04,13.04,100,0
FANH.US,5,20211104,191000,12.97,13.03,12.97,13.015,6200,0
FANH.US,5,20211104,191500,12.97,13.09,12.95,13.035,5504,0
FANH.US,5,20211104,192000,13.025,13.025,13.01,13.02,400,0
FANH.US,5,20211104,192500,12.95,12.95,12.95,12.95,1300,0
FANH.US,5,20211104,193000,13.01,13.02,13.01,13.02,1400,0
FANH.US,5,20211104,194000,12.94,12.94,12.94,12.94,100,0
FANH.US,5,20211104,195000,12.96,13.01,12.955,13.01,3840,0
FANH.US,5,20211104,200000,12.948,12.99,12.948,12.99,3700,0
FANH.US,5,20211104,200500,12.99,12.99,12.93,12.97,5844,0
FANH.US,5,20211104,201000,12.97,12.97,12.97,12.97,100,0
FANH.US,5,20211104,203000,12.99,13,12.99,13,600,0
FANH.US,5,20211104,204500,12.96,13,12.95,12.95,1393,0
FANH.US,5,20211104,205500,12.95,13.04,12.95,12.95,3142,0
FANH.US,5,20211105,143500,13.05,13.14,13,13,7300,0
FANH.US,5,20211105,145000,13.09,13.09,12.98,13.02,600,0
FANH.US,5,20211105,145500,12.97,12.97,12.97,12.97,100,0
FANH.US,5,20211105,150000,12.95,13,12.95,13,360,0
FANH.US,5,20211105,155500,13.04,13.08,13.04,13.08,500,0
FANH.US,5,20211105,162500,13.11,13.2,13.1,13.1,5830,0
FANH.US,5,20211105,163000,13.11,13.11,13.04,13.11,3300,0
FANH.US,5,20211105,163500,13.12,13.18,13.12,13.18,400,0
FANH.US,5,20211105,164000,13.16,13.17,13.16,13.16,600,0
FANH.US,5,20211105,164500,13.2,13.2,13.16,13.16,800,0
FANH.US,5,20211105,165000,13.16,13.16,13.16,13.16,200,0
FANH.US,5,20211105,165500,13.16,13.16,13.16,13.16,100,0
FANH.US,5,20211105,170000,13.19,13.2,13.15,13.15,1900,0
FANH.US,5,20211105,173000,13.145,13.15,13.145,13.15,612,0
FANH.US,5,20211105,173500,13.1499,13.1499,13.1499,13.1499,274,0
FANH.US,5,20211105,174000,13.15,13.2,13.13,13.16,3821,0
FANH.US,5,20211105,175000,13.19,13.19,13.16,13.16,200,0
FANH.US,5,20211105,175500,13.17,13.17,13.17,13.17,100,0
FANH.US,5,20211105,180000,13.155,13.155,13.155,13.155,100,0
FANH.US,5,20211105,180500,13.12,13.12,13.11,13.11,500,0
FANH.US,5,20211105,181500,13.12,13.12,13.12,13.12,100,0
FANH.US,5,20211105,182000,13.1,13.1,13.1,13.1,1098,0
FANH.US,5,20211105,191000,13.05,13.09,13.05,13.09,660,0
FANH.US,5,20211105,193000,13.055,13.055,13.055,13.055,100,0
FANH.US,5,20211105,193500,13.04,13.11,13.04,13.11,500,0
FANH.US,5,20211105,195500,13.115,13.115,13.03,13.03,5739,0
FANH.US,5,20211105,200000,13.09,13.09,13.09,13.09,100,0
FANH.US,5,20211105,200500,13.09,13.09,13.09,13.09,200,0
FANH.US,5,20211105,201000,13.0666,13.1,13.06,13.06,5800,0
FANH.US,5,20211105,201500,13.01,13.14,13,13.14,3500,0
FANH.US,5,20211105,202000,13.2,13.2,13.16,13.16,1861,0
FANH.US,5,20211105,202500,13.14,13.16,13.1,13.14,5600,0
FANH.US,5,20211105,203000,13.15,13.155,13.13,13.155,11000,0
FANH.US,5,20211105,203500,13.155,13.18,13.15,13.15,6276,0
FANH.US,5,20211105,204000,13.15,13.15,13.145,13.145,839,0
FANH.US,5,20211105,204500,13.145,13.15,13.145,13.145,1680,0
FANH.US,5,20211105,205000,13.145,13.145,13.12,13.14,4402,0
FANH.US,5,20211105,205500,13.13,13.135,13.1,13.1,2734,0
FANH.US,5,20211108,153000,13.06,13.1,13.06,13.1,6817,0
FANH.US,5,20211108,153500,13.09,13.09,13.06,13.06,200,0
FANH.US,5,20211108,155500,13.1,13.1,13.1,13.1,200,0
FANH.US,5,20211108,163000,13.1,13.1,13.1,13.1,100,0
FANH.US,5,20211108,164500,13.1,13.1,13.1,13.1,100,0
FANH.US,5,20211108,165500,13.1,13.1,13.1,13.1,100,0
FANH.US,5,20211108,170000,13.17,13.17,13.17,13.17,100,0
FANH.US,5,20211108,170500,13.15,13.18,13.15,13.18,200,0
FANH.US,5,20211108,171000,13.18,13.18,13.18,13.18,200,0
FANH.US,5,20211108,171500,13.16,13.17,13.12,13.12,1400,0
FANH.US,5,20211108,173500,13.16,13.16,13.16,13.16,100,0
FANH.US,5,20211108,174000,13.16,13.16,13.16,13.16,100,0
FANH.US,5,20211108,174500,13.16,13.29,13.16,13.2,8300,0
FANH.US,5,20211108,175000,13.17,13.17,13.17,13.17,100,0
FANH.US,5,20211108,175500,13.17,13.17,13.17,13.17,100,0
FANH.US,5,20211108,180500,13.16,13.2099,13.16,13.2099,773,0
FANH.US,5,20211108,183500,13.1933,13.1933,13.1933,13.1933,132,0
FANH.US,5,20211108,184500,13.13,13.2,13.13,13.2,300,0
FANH.US,5,20211108,185000,13.14,13.15,13.14,13.15,5967,0
FANH.US,5,20211108,185500,13.14,13.15,13.14,13.15,269,0
FANH.US,5,20211108,190000,13.16,13.16,13.15,13.15,5867,0
FANH.US,5,20211108,190500,13.07,13.07,13.07,13.07,100,0
FANH.US,5,20211108,191000,13.12,13.16,13.1139,13.1139,6100,0
FANH.US,5,20211108,191500,13.11,13.14,13.03,13.03,6200,0
FANH.US,5,20211108,192000,13.04,13.04,13.04,13.04,100,0
FANH.US,5,20211108,192500,13.03,13.1,13.01,13.1,6201,0
FANH.US,5,20211108,193500,13.11,13.11,13.09,13.09,5000,0
FANH.US,5,20211108,195000,13.09,13.09,13.08,13.08,300,0
FANH.US,5,20211108,204000,13.1047,13.1047,13.1047,13.1047,100,0
FANH.US,5,20211108,204500,13.11,13.11,13.11,13.11,300,0
FANH.US,5,20211108,205000,13.15,13.15,13.15,13.15,100,0
FANH.US,5,20211108,211000,13.15,13.15,13.15,13.15,300,0
FANH.US,5,20211108,211500,13.125,13.125,13.125,13.125,500,0
FANH.US,5,20211108,212000,13.15,13.15,13.15,13.15,200,0
FANH.US,5,20211108,212500,13.19,13.19,13.12,13.19,400,0
FANH.US,5,20211108,214500,13.19,13.19,13.19,13.19,300,0
FANH.US,5,20211108,215000,13.19,13.19,13.18,13.18,300,0
FANH.US,5,20211108,215500,13.19,13.23,13.15,13.17,2265,0
FANH.US,5,20211109,153000,13.23,13.23,13.23,13.23,135,0
FANH.US,5,20211109,153500,13.3,13.36,13.18,13.235,7733,0
FANH.US,5,20211109,155000,13.19,13.19,13.1,13.1,3767,0
FANH.US,5,20211109,161000,13.22,13.3,13.19,13.3,1495,0
FANH.US,5,20211109,161500,13.3,13.3,13.2,13.2674,3473,0
FANH.US,5,20211109,162500,13.279,13.279,13.279,13.279,100,0
FANH.US,5,20211109,163000,13.255,13.255,13.255,13.255,1000,0
FANH.US,5,20211109,163500,13.28,13.28,13.28,13.28,475,0
FANH.US,5,20211109,170500,13.23,13.23,13.23,13.23,409,0
FANH.US,5,20211109,171000,13.26,13.29,13.25,13.25,1900,0
FANH.US,5,20211109,171500,13.285,13.33,13.28,13.33,9603,0
FANH.US,5,20211109,173500,13.34,13.34,13.27,13.27,4111,0
FANH.US,5,20211109,174000,13.285,13.3,13.285,13.3,3442,0
FANH.US,5,20211109,180000,13.316,13.316,13.316,13.316,500,0
FANH.US,5,20211109,182000,13.345,13.345,13.345,13.345,165,0
FANH.US,5,20211109,191500,13.37,13.37,13.37,13.37,100,0
FANH.US,5,20211109,192000,13.3997,13.3997,13.39,13.39,922,0
FANH.US,5,20211109,194000,13.43,13.43,13.43,13.43,100,0
FANH.US,5,20211109,195000,13.47,13.5,13.46,13.46,1300,0
FANH.US,5,20211109,200000,13.43,13.43,13.41,13.41,600,0
FANH.US,5,20211109,203500,13.41,13.42,13.41,13.41,600,0
FANH.US,5,20211109,204500,13.37,13.37,13.37,13.37,200,0
FANH.US,5,20211109,205500,13.39,13.39,13.39,13.39,200,0
FANH.US,5,20211109,211000,13.49,13.49,13.49,13.49,100,0
FANH.US,5,20211109,211500,13.45,13.45,13.45,13.45,1947,0
FANH.US,5,20211109,212000,13.45,13.45,13.45,13.45,172,0
FANH.US,5,20211109,213000,13.5,13.5,13.5,13.5,100,0
FANH.US,5,20211109,213500,13.49,13.5,13.47,13.49,2057,0
FANH.US,5,20211109,214000,13.5,13.56,13.5,13.56,4671,0
FANH.US,5,20211109,215000,13.55,13.55,13.5,13.5,1000,0
FANH.US,5,20211109,215500,13.5,13.57,13.48,13.55,3827,0
FANH.US,5,20211110,153000,13.42,13.42,13.42,13.42,426,0
FANH.US,5,20211110,153500,13.54,13.63,13.5,13.5,7900,0
FANH.US,5,20211110,155500,13.57,13.57,13.57,13.57,100,0
FANH.US,5,20211110,160000,13.59,13.7,13.59,13.7,4914,0
FANH.US,5,20211110,160500,13.7,13.78,13.7,13.78,6534,0
FANH.US,5,20211110,161000,13.77,13.77,13.75,13.77,300,0
FANH.US,5,20211110,161500,13.78,13.79,13.75,13.75,2458,0
FANH.US,5,20211110,162000,13.81,13.9,13.77,13.88,12868,0
FANH.US,5,20211110,163000,13.95,14,13.95,13.97,11528,0
FANH.US,5,20211110,163500,13.96,13.96,13.9,13.9,1300,0
FANH.US,5,20211110,164000,13.86,13.86,13.84,13.84,1000,0
FANH.US,5,20211110,164500,13.82,13.82,13.82,13.82,100,0
FANH.US,5,20211110,171500,13.865,13.865,13.865,13.865,100,0
FANH.US,5,20211110,174000,13.88,13.88,13.88,13.88,100,0
FANH.US,5,20211110,174500,13.875,13.875,13.875,13.875,100,0
FANH.US,5,20211110,180000,13.92,13.92,13.92,13.92,100,0
FANH.US,5,20211110,181500,13.88,13.92,13.88,13.92,1897,0
FANH.US,5,20211110,182000,13.98,14,13.94,13.945,9171,0
FANH.US,5,20211110,182500,13.96,14.03,13.96,14.03,9270,0
FANH.US,5,20211110,183500,14.04,14.04,14.03,14.03,200,0
FANH.US,5,20211110,184000,14.05,14.05,14,14,1600,0
FANH.US,5,20211110,185000,14.01,14.01,13.97,13.97,1130,0
FANH.US,5,20211110,191000,13.96,13.96,13.95,13.95,1243,0
FANH.US,5,20211110,191500,13.95,13.95,13.9,13.9,300,0
FANH.US,5,20211110,192500,13.94,13.94,13.94,13.94,100,0
FANH.US,5,20211110,195000,13.91,13.91,13.9,13.9,1100,0
FANH.US,5,20211110,200000,13.94,13.94,13.94,13.94,141,0
FANH.US,5,20211110,200500,13.89,13.89,13.89,13.89,100,0
FANH.US,5,20211110,202500,13.85,13.91,13.85,13.87,2735,0
FANH.US,5,20211110,203000,13.87,13.87,13.82,13.82,600,0
FANH.US,5,20211110,203500,13.83,13.83,13.81,13.81,400,0
FANH.US,5,20211110,204000,13.81,13.84,13.76,13.76,2410,0
FANH.US,5,20211110,204500,13.83,13.83,13.8,13.8,200,0
FANH.US,5,20211110,205000,13.8,13.8,13.73,13.75,5900,0
FANH.US,5,20211110,205500,13.85,13.85,13.72,13.75,4200,0
FANH.US,5,20211110,210500,13.79,13.85,13.69,13.75,18000,0
FANH.US,5,20211110,211000,13.8,13.81,13.79,13.81,920,0
FANH.US,5,20211110,211500,13.8,13.815,13.8,13.815,200,0
FANH.US,5,20211110,212000,13.8,13.8,13.745,13.75,9090,0
FANH.US,5,20211110,212500,13.75,13.81,13.75,13.81,3300,0
FANH.US,5,20211110,213000,13.8,13.91,13.79,13.9,14321,0
FANH.US,5,20211110,213500,13.86,13.86,13.86,13.86,2277,0
FANH.US,5,20211110,214500,13.889,13.889,13.83,13.83,300,0
FANH.US,5,20211110,215000,13.84,13.85,13.83,13.85,1200,0
FANH.US,5,20211110,215500,13.87,13.9,13.8,13.89,9307,0
FANH.US,5,20211111,153000,14,14,14,14,1168,0
FANH.US,5,20211111,153500,13.94,14,13.89,13.99,8298,0
FANH.US,5,20211111,154000,13.89,14,13.88,13.95,2400,0
FANH.US,5,20211111,155000,13.96,14,13.96,13.99,6533,0
FANH.US,5,20211111,155500,14.114,14.114,14.114,14.114,142,0
FANH.US,5,20211111,160000,14.1099,14.1099,14.1099,14.1099,141,0
FANH.US,5,20211111,160500,14,14,13.95,13.98,4092,0
FANH.US,5,20211111,161000,13.98,14.01,13.98,13.99,1000,0
FANH.US,5,20211111,161500,14.04,14.05,14.04,14.05,300,0
FANH.US,5,20211111,162000,14.04,14.11,14.04,14.09,1099,0
FANH.US,5,20211111,162500,14.09,14.2,14.07,14.16,6174,0
FANH.US,5,20211111,163000,14.19,14.21,14.15,14.18,11164,0
FANH.US,5,20211111,163500,14.2,14.25,14.2,14.25,2300,0
FANH.US,5,20211111,164000,14.3,14.3,14.24,14.28,16397,0
FANH.US,5,20211111,164500,14.29,14.35,14.28,14.35,12100,0
FANH.US,5,20211111,165000,14.37,14.37,14.3,14.3,11027,0
FANH.US,5,20211111,170500,14.2472,14.2472,14.2472,14.2472,823,0
FANH.US,5,20211111,172500,14.275,14.275,14.275,14.275,100,0
FANH.US,5,20211111,173500,14.23,14.45,14.23,14.45,3370,0
FANH.US,5,20211111,174000,14.48,14.5,14.43,14.43,12199,0
FANH.US,5,20211111,175500,14.45,14.45,14.45,14.45,100,0
FANH.US,5,20211111,180000,14.45,14.45,14.36,14.36,1672,0
FANH.US,5,20211111,181000,14.38,14.45,14.38,14.45,1200,0
FANH.US,5,20211111,181500,14.44,14.45,14.43,14.45,2143,0
FANH.US,5,20211111,182000,14.45,14.45,14.35,14.35,12203,0
FANH.US,5,20211111,184000,14.36,14.36,14.32,14.32,900,0
FANH.US,5,20211111,184500,14.3644,14.3644,14.3644,14.3644,500,0
FANH.US,5,20211111,185000,14.38,14.38,14.38,14.38,100,0
FANH.US,5,20211111,190000,14.32,14.32,14.3,14.32,800,0
FANH.US,5,20211111,191000,14.32,14.32,14.32,14.32,400,0
FANH.US,5,20211111,193000,14.37,14.37,14.37,14.37,100,0
FANH.US,5,20211111,193500,14.4,14.44,14.4,14.4,1200,0
FANH.US,5,20211111,194000,14.4,14.41,14.35,14.41,1937,0
FANH.US,5,20211111,195000,14.44,14.44,14.44,14.44,100,0
FANH.US,5,20211111,195500,14.45,14.48,14.44,14.48,8094,0
FANH.US,5,20211111,200000,14.5,14.52,14.48,14.48,18370,0
FANH.US,5,20211111,200500,14.475,14.48,14.475,14.48,700,0
FANH.US,5,20211111,201500,14.44,14.44,14.37,14.37,2000,0
FANH.US,5,20211111,202000,14.37,14.38,14.37,14.38,925,0
FANH.US,5,20211111,202500,14.355,14.355,14.355,14.355,100,0
FANH.US,5,20211111,203000,14.395,14.395,14.32,14.36,2000,0
FANH.US,5,20211111,210000,14.3,14.3,14.3,14.3,600,0
FANH.US,5,20211111,210500,14.25,14.28,14.23,14.25,2042,0
FANH.US,5,20211111,211000,14.25,14.25,14.25,14.25,100,0
FANH.US,5,20211111,212000,14.23,14.23,14.23,14.23,100,0
FANH.US,5,20211111,212500,14.25,14.25,14.24,14.25,850,0
FANH.US,5,20211111,213000,14.25,14.26,14.07,14.09,6137,0
FANH.US,5,20211111,213500,14.12,14.19,14.1,14.19,2300,0
FANH.US,5,20211111,214000,14.22,14.22,14.14,14.17,3700,0
FANH.US,5,20211111,214500,14.16,14.18,14.16,14.16,1100,0
FANH.US,5,20211111,215000,14.17,14.18,14.14,14.17,3235,0
FANH.US,5,20211111,215500,14.16,14.22,14.13,14.22,4468,0
FANH.US,5,20211112,153000,14.28,14.48,14.22,14.46,15201,0
FANH.US,5,20211112,153500,14.47,14.5,14.47,14.5,13093,0
FANH.US,5,20211112,154000,14.5,14.65,14.5,14.65,15654,0
FANH.US,5,20211112,154500,14.65,14.65,14.62,14.62,600,0
FANH.US,5,20211112,155000,14.59,14.59,14.5,14.5,1733,0
FANH.US,5,20211112,160000,14.46,14.46,14.45,14.45,1100,0
FANH.US,5,20211112,160500,14.3,14.37,14.3,14.37,1300,0
FANH.US,5,20211112,161500,14.32,14.37,14.285,14.285,2200,0
FANH.US,5,20211112,162000,14.25,14.285,14.25,14.285,1380,0
FANH.US,5,20211112,170000,14.31,14.31,14.31,14.31,100,0
FANH.US,5,20211112,180000,14.29,14.33,14.25,14.33,14286,0
FANH.US,5,20211112,180500,14.4,14.43,14.4,14.43,600,0
FANH.US,5,20211112,181000,14.4,14.45,14.37,14.44,1609,0
FANH.US,5,20211112,181500,14.55,14.5532,14.44,14.44,3900,0
FANH.US,5,20211112,182000,14.45,14.47,14.425,14.47,6400,0
FANH.US,5,20211112,182500,14.49,14.49,14.48,14.48,200,0
FANH.US,5,20211112,183000,14.46,14.47,14.44,14.44,1687,0
FANH.US,5,20211112,184000,14.45,14.515,14.38,14.47,3525,0
FANH.US,5,20211112,184500,14.49,14.59,14.49,14.59,2049,0
FANH.US,5,20211112,185000,14.598,14.8,14.58,14.8,23971,0
FANH.US,5,20211112,185500,14.8,14.83,14.72,14.72,8847,0
FANH.US,5,20211112,190000,14.71,14.75,14.67,14.67,3100,0
FANH.US,5,20211112,190500,14.66,14.71,14.66,14.71,700,0
FANH.US,5,20211112,191000,14.71,14.71,14.7,14.7,900,0
FANH.US,5,20211112,191500,14.71,14.71,14.7,14.7,300,0
FANH.US,5,20211112,192000,14.7,14.7,14.69,14.7,400,0
FANH.US,5,20211112,193500,14.56,14.56,14.56,14.56,222,0
FANH.US,5,20211112,194500,14.56,14.62,14.56,14.62,1180,0
FANH.US,5,20211112,195000,14.56,14.62,14.56,14.62,500,0
FANH.US,5,20211112,204000,14.6007,14.6007,14.6007,14.6007,117,0
FANH.US,5,20211112,205500,14.63,14.63,14.57,14.58,684,0
FANH.US,5,20211112,210000,14.54,14.54,14.5,14.5,2044,0
FANH.US,5,20211112,211000,14.57,14.57,14.52,14.56,700,0
FANH.US,5,20211112,211500,14.59,14.59,14.59,14.59,100,0
FANH.US,5,20211112,212000,14.485,14.485,14.485,14.485,100,0
FANH.US,5,20211112,212500,14.475,14.549,14.475,14.54,500,0
FANH.US,5,20211112,213000,14.455,14.455,14.39,14.45,300,0
FANH.US,5,20211112,213500,14.41,14.41,14.3,14.3119,4500,0
FANH.US,5,20211112,214000,14.33,14.37,14.29,14.32,17388,0
FANH.US,5,20211112,214500,14.325,14.41,14.325,14.37,10227,0
FANH.US,5,20211112,215000,14.385,14.51,14.385,14.51,3067,0
FANH.US,5,20211112,215500,14.5,14.53,14.41,14.41,6828,0
FANH.US,5,20211115,153000,14.42,14.42,14.31,14.31,451,0
FANH.US,5,20211115,153500,14.3,14.49,14.3,14.44,16523,0
FANH.US,5,20211115,154500,14.42,14.47,14.28,14.28,23039,0
FANH.US,5,20211115,162500,14.32,14.32,14.24,14.24,3890,0
FANH.US,5,20211115,163000,14.225,14.225,14.225,14.225,100,0
FANH.US,5,20211115,165500,14.29,14.29,14.29,14.29,100,0
FANH.US,5,20211115,170000,14.1813,14.28,14.1813,14.23,2900,0
FANH.US,5,20211115,171000,14.22,14.31,14.22,14.31,500,0
FANH.US,5,20211115,172500,14.35,14.4,14.35,14.4,300,0
FANH.US,5,20211115,174000,14.44,14.44,14.44,14.44,300,0
FANH.US,5,20211115,175000,14.425,14.45,14.4,14.41,1271,0
FANH.US,5,20211115,175500,14.4,14.4,14.4,14.4,100,0
FANH.US,5,20211115,180000,14.39,14.4,14.38,14.38,1300,0
FANH.US,5,20211115,180500,14.32,14.33,14.3,14.31,1200,0
FANH.US,5,20211115,181000,14.33,14.44,14.29,14.44,8406,0
FANH.US,5,20211115,181500,14.46,14.55,14.44,14.55,8782,0
FANH.US,5,20211115,182000,14.59,14.62,14.51,14.51,18741,0
FANH.US,5,20211115,182500,14.55,14.55,14.535,14.535,300,0
FANH.US,5,20211115,184000,14.55,14.55,14.55,14.55,244,0
FANH.US,5,20211115,185000,14.6,14.63,14.6,14.63,200,0
FANH.US,5,20211115,185500,14.63,14.73,14.63,14.73,2580,0
FANH.US,5,20211115,190000,14.76,14.8,14.7,14.79,11108,0
FANH.US,5,20211115,190500,14.8,14.81,14.69,14.74,8056,0
FANH.US,5,20211115,191000,14.73,14.73,14.61,14.66,12449,0
FANH.US,5,20211115,191500,14.66,14.69,14.66,14.69,200,0
FANH.US,5,20211115,192000,14.67,14.72,14.67,14.72,2000,0
FANH.US,5,20211115,194000,14.675,14.675,14.675,14.675,100,0
FANH.US,5,20211115,194500,14.7,14.735,14.69,14.735,2490,0
FANH.US,5,20211115,195000,14.73,14.73,14.71,14.72,500,0
FANH.US,5,20211115,195500,14.69,14.69,14.68,14.68,200,0
FANH.US,5,20211115,200000,14.72,14.72,14.72,14.72,100,0
FANH.US,5,20211115,200500,14.75,14.8,14.75,14.8,5240,0
FANH.US,5,20211115,201000,14.8,14.81,14.78,14.79,12981,0
FANH.US,5,20211115,201500,14.8,14.8,14.78,14.8,8045,0
FANH.US,5,20211115,202000,14.81,14.83,14.77,14.8,4162,0
FANH.US,5,20211115,202500,14.82,14.9,14.8,14.83,6460,0
FANH.US,5,20211115,203000,14.83,14.83,14.75,14.79,11094,0
FANH.US,5,20211115,203500,14.83,14.84,14.75,14.8,10507,0
FANH.US,5,20211115,204000,14.75,14.78,14.73,14.73,600,0
FANH.US,5,20211115,205000,14.76,14.76,14.76,14.76,1000,0
FANH.US,5,20211115,205500,14.75,14.81,14.75,14.81,300,0
FANH.US,5,20211115,210000,14.76,14.76,14.73,14.73,11028,0
FANH.US,5,20211115,210500,14.73,14.73,14.62,14.62,10745,0
FANH.US,5,20211115,211000,14.6,14.635,14.6,14.6,579,0
FANH.US,5,20211115,211500,14.53,14.54,14.53,14.54,650,0
FANH.US,5,20211115,212000,14.55,14.6,14.55,14.6,1000,0
FANH.US,5,20211115,212500,14.61,14.64,14.53,14.53,15184,0
FANH.US,5,20211115,213500,14.5,14.52,14.48,14.49,12853,0
FANH.US,5,20211115,214000,14.48,14.48,14.43,14.47,2110,0
FANH.US,5,20211115,214500,14.46,14.545,14.46,14.51,22706,0
FANH.US,5,20211115,215000,14.535,14.535,14.505,14.505,734,0
FANH.US,5,20211115,215500,14.5,14.52,14.45,14.51,6619,0
FANH.US,5,20211116,153000,14.41,14.41,14.41,14.41,165,0
FANH.US,5,20211116,154000,14.2225,14.4,14.15,14.4,9925,0
FANH.US,5,20211116,154500,14.42,14.42,14.29,14.35,20240,0
FANH.US,5,20211116,155000,14.27,14.48,14.27,14.48,900,0
FANH.US,5,20211116,160000,14.49,14.49,14.47,14.47,1100,0
FANH.US,5,20211116,160500,14.46,14.46,14.45,14.46,600,0
FANH.US,5,20211116,161000,14.46,14.46,14.3,14.3,1683,0
FANH.US,5,20211116,162500,14.5,14.5,14.5,14.5,100,0
FANH.US,5,20211116,163000,14.5,14.5,14.5,14.5,100,0
FANH.US,5,20211116,163500,14.41,14.41,14.4,14.4,800,0
FANH.US,5,20211116,165500,14.37,14.48,14.37,14.48,1811,0
FANH.US,5,20211116,170000,14.54,14.59,14.52,14.59,2344,0
FANH.US,5,20211116,170500,14.6,14.6,14.56,14.58,18495,0
FANH.US,5,20211116,171000,14.58,14.7,14.58,14.7,1300,0
FANH.US,5,20211116,171500,14.7,14.7,14.655,14.655,5507,0
FANH.US,5,20211116,172000,14.65,14.65,14.5,14.56,4531,0
FANH.US,5,20211116,172500,14.55,14.57,14.53,14.57,500,0
FANH.US,5,20211116,175000,14.64,14.64,14.64,14.64,100,0
FANH.US,5,20211116,180000,14.65,14.66,14.65,14.66,300,0
FANH.US,5,20211116,180500,14.66,14.755,14.66,14.72,7667,0
FANH.US,5,20211116,191500,14.7,14.71,14.7,14.7,700,0
FANH.US,5,20211116,192000,14.65,14.65,14.65,14.65,100,0
FANH.US,5,20211116,194000,14.6995,14.71,14.69,14.71,568,0
FANH.US,5,20211116,200500,14.72,14.72,14.72,14.72,200,0
FANH.US,5,20211116,201500,14.7,14.7,14.69,14.69,300,0
FANH.US,5,20211116,202000,14.7,14.8,14.69,14.79,10093,0
FANH.US,5,20211116,202500,14.8,14.81,14.74,14.74,3000,0
FANH.US,5,20211116,203000,14.73,14.74,14.72,14.72,1000,0
FANH.US,5,20211116,210000,14.735,14.77,14.735,14.735,606,0
FANH.US,5,20211116,210500,14.71,14.71,14.63,14.63,1300,0
FANH.US,5,20211116,211000,14.62,14.65,14.62,14.65,300,0
FANH.US,5,20211116,211500,14.68,14.69,14.67,14.67,696,0
FANH.US,5,20211116,212500,14.7,14.7,14.7,14.7,200,0
FANH.US,5,20211116,213000,14.66,14.74,14.65,14.735,2201,0
FANH.US,5,20211116,213500,14.74,14.74,14.7,14.7,600,0
FANH.US,5,20211116,214500,14.68,14.75,14.68,14.74,5255,0
FANH.US,5,20211116,215000,14.71,14.77,14.7,14.72,844,0
FANH.US,5,20211116,215500,14.71,14.76,14.68,14.75,3589,0
FANH.US,5,20211117,153000,14.76,14.95,14.76,14.95,2421,0
FANH.US,5,20211117,153500,14.92,14.93,14.82,14.93,3195,0
FANH.US,5,20211117,154000,14.91,15.04,14.91,15.04,20250,0
FANH.US,5,20211117,154500,15.1,15.2,15.1,15.15,9191,0
FANH.US,5,20211117,155000,15.14,15.25,15,15,22610,0
FANH.US,5,20211117,155500,14.99,15,14.99,15,3500,0
FANH.US,5,20211117,160500,14.88,14.88,14.88,14.88,100,0
FANH.US,5,20211117,161500,14.86,14.87,14.8,14.8,1800,0
FANH.US,5,20211117,162500,14.8,14.81,14.6,14.6,2045,0
FANH.US,5,20211117,163000,14.55,14.67,14.55,14.66,1100,0
FANH.US,5,20211117,163500,14.75,14.75,14.75,14.75,100,0
FANH.US,5,20211117,164000,14.63,14.63,14.54,14.54,600,0
FANH.US,5,20211117,164500,14.54,14.54,14.54,14.54,100,0
FANH.US,5,20211117,165000,14.51,14.51,14.45,14.49,300,0
FANH.US,5,20211117,165500,14.41,14.5,14.4,14.5,2137,0
FANH.US,5,20211117,180000,14.455,14.455,14.455,14.455,214,0
FANH.US,5,20211117,181000,14.4,14.4,14.4,14.4,100,0
FANH.US,5,20211117,181500,14.38,14.38,14.38,14.38,100,0
FANH.US,5,20211117,182000,14.35,14.35,14.35,14.35,100,0
FANH.US,5,20211117,183000,14.35,14.36,14.3,14.3,1200,0
FANH.US,5,20211117,184000,14.3,14.3,14.3,14.3,2100,0
FANH.US,5,20211117,191500,14.2577,14.2577,14.2577,14.2577,142,0
FANH.US,5,20211117,195000,14.25,14.25,14.25,14.25,255,0
FANH.US,5,20211117,200000,14.26,14.285,14.21,14.21,1478,0
FANH.US,5,20211117,201000,14.2,14.37,14.2,14.37,2241,0
FANH.US,5,20211117,201500,14.35,14.36,14.33,14.35,1100,0
FANH.US,5,20211117,204000,14.25,14.25,14.15,14.21,8237,0
FANH.US,5,20211117,204500,14.19,14.28,14.19,14.28,3900,0
FANH.US,5,20211117,205000,14.27,14.27,14.27,14.27,400,0
FANH.US,5,20211117,211000,14.33,14.33,14.32,14.325,555,0
FANH.US,5,20211117,212000,14.33,14.33,14.33,14.33,600,0
FANH.US,5,20211117,213000,14.29,14.33,14.25,14.33,15194,0
FANH.US,5,20211117,213500,14.32,14.32,14.16,14.29,11630,0
FANH.US,5,20211117,215000,14.285,14.285,14.285,14.285,300,0
FANH.US,5,20211117,215500,14.26,14.32,14.25,14.32,1747,0
FANH.US,5,20211118,153000,14.23,14.5,13.9,14.5,15702,0
FANH.US,5,20211118,153500,14.44,14.54,14.4,14.54,1100,0
FANH.US,5,20211118,154000,14.54,14.55,14.4,14.54,5695,0
FANH.US,5,20211118,154500,14.54,14.55,14.4,14.49,15989,0
FANH.US,5,20211118,155000,14.46,14.47,14.46,14.47,300,0
FANH.US,5,20211118,160500,14.48,14.48,14.48,14.48,100,0
FANH.US,5,20211118,161000,14.485,14.5,14.46,14.485,4808,0
FANH.US,5,20211118,161500,14.48,14.51,14.4455,14.4455,1170,0
FANH.US,5,20211118,170000,14.48,14.48,14.48,14.48,200,0
FANH.US,5,20211118,170500,14.49,14.5,14.3754,14.45,2399,0
FANH.US,5,20211118,171000,14.31,14.31,14.31,14.31,100,0
FANH.US,5,20211118,171500,14.37,14.37,14.36,14.36,500,0
FANH.US,5,20211118,172000,14.36,14.37,14.36,14.37,411,0
FANH.US,5,20211118,174500,14.37,14.37,14.37,14.37,8000,0
FANH.US,5,20211118,175000,14.31,14.31,14.25,14.25,3120,0
FANH.US,5,20211118,175500,14.22,14.24,14.2,14.2,508,0
FANH.US,5,20211118,180500,14.28,14.28,14.28,14.28,100,0
FANH.US,5,20211118,181500,14.29,14.3,14.29,14.3,1903,0
FANH.US,5,20211118,182000,14.3,14.3,14.3,14.3,100,0
FANH.US,5,20211118,182500,14.29,14.29,14.26,14.26,2096,0
FANH.US,5,20211118,185000,14.25,14.25,14.25,14.25,843,0
FANH.US,5,20211118,190500,14.21,14.21,14.2,14.2,1200,0
FANH.US,5,20211118,192000,14.18,14.18,14.18,14.18,100,0
FANH.US,5,20211118,193500,14.24,14.24,14.24,14.24,100,0
FANH.US,5,20211118,195000,14.24,14.24,14.24,14.24,300,0
FANH.US,5,20211118,195500,14.21,14.32,14.21,14.32,12016,0
FANH.US,5,20211118,200500,14.36,14.48,14.35,14.48,1800,0
FANH.US,5,20211118,201000,14.5,14.5,14.39,14.45,6419,0
FANH.US,5,20211118,201500,14.46,14.55,14.46,14.51,15147,0
FANH.US,5,20211118,202500,14.5,14.5,14.5,14.5,100,0
FANH.US,5,20211118,203000,14.5,14.5,14.48,14.49,3436,0
FANH.US,5,20211118,204000,14.38,14.38,14.38,14.38,100,0
FANH.US,5,20211118,213500,14.36,14.36,14.3,14.3,929,0
FANH.US,5,20211118,214500,14.3,14.3,14.24,14.3,1622,0
FANH.US,5,20211118,215000,14.265,14.265,14.265,14.265,100,0
FANH.US,5,20211118,215500,14.35,14.41,14.33,14.33,1807,0
FANH.US,5,20211119,153000,14.39,14.47,14.39,14.45,8141,0
FANH.US,5,20211119,155000,14.4,14.4,14.4,14.4,100,0
FANH.US,5,20211119,160500,14.45,14.45,14.45,14.45,100,0
FANH.US,5,20211119,161000,14.41,14.45,14.41,14.45,200,0
FANH.US,5,20211119,161500,14.41,14.45,14.38,14.45,2673,0
FANH.US,5,20211119,162500,14.45,14.47,14.45,14.47,225,0
FANH.US,5,20211119,163500,14.43,14.46,14.38,14.46,1137,0
FANH.US,5,20211119,164000,14.43,14.43,14.43,14.43,100,0
FANH.US,5,20211119,164500,14.44,14.5,14.4,14.4,19163,0
FANH.US,5,20211119,165000,14.5,14.5,14.5,14.5,494,0
FANH.US,5,20211119,165500,14.42,14.42,14.42,14.42,900,0
FANH.US,5,20211119,171500,14.52,14.52,14.52,14.52,100,0
FANH.US,5,20211119,175000,14.47,14.47,14.45,14.45,8999,0
FANH.US,5,20211119,180000,14.31,14.32,14.31,14.32,300,0
FANH.US,5,20211119,181000,14.43,14.43,14.43,14.43,100,0
FANH.US,5,20211119,181500,14.43,14.43,14.4,14.4,431,0
FANH.US,5,20211119,185500,14.29,14.3,14.25,14.28,1574,0
FANH.US,5,20211119,190000,14.25,14.25,14.25,14.25,1114,0
FANH.US,5,20211119,191000,14.26,14.26,14.26,14.26,200,0
FANH.US,5,20211119,192500,14.25,14.25,14.25,14.25,3465,0
FANH.US,5,20211119,194500,14.15,14.15,14.1,14.1,5967,0
FANH.US,5,20211119,195000,14.18,14.22,14.18,14.22,2654,0
FANH.US,5,20211119,202000,14.17,14.17,14.15,14.15,2901,0
FANH.US,5,20211119,204000,14.17,14.17,14.17,14.17,100,0
FANH.US,5,20211119,210500,14.295,14.368,14.295,14.368,1356,0
FANH.US,5,20211119,211000,14.35,14.37,14.29,14.37,1890,0
FANH.US,5,20211119,211500,14.37,14.43,14.3,14.43,4334,0
FANH.US,5,20211119,212000,14.44,14.45,14.38,14.38,2954,0
FANH.US,5,20211119,212500,14.4,14.45,14.33,14.4,6083,0
FANH.US,5,20211119,213500,14.37,14.4,14.33,14.33,8209,0
FANH.US,5,20211119,214000,14.31,14.31,14.31,14.31,9900,0
FANH.US,5,20211119,214500,14.36,14.37,14.3,14.3,3250,0
FANH.US,5,20211119,215000,14.32,14.34,14.27,14.27,942,0
FANH.US,5,20211119,215500,14.34,14.36,14.3,14.3,11380,0
FANH.US,5,20211122,153000,14.2,14.2,14.2,14.2,1504,0
FANH.US,5,20211122,153500,14.15,14.15,14.08,14.14,7600,0
FANH.US,5,20211122,154000,14.1,14.21,14.1,14.21,400,0
FANH.US,5,20211122,155000,14.14,14.14,14.14,14.14,100,0
FANH.US,5,20211122,160000,14.25,14.4,14.25,14.36,12913,0
FANH.US,5,20211122,160500,14.34,14.4,14.32,14.32,4311,0
FANH.US,5,20211122,161000,14.31,14.35,14.22,14.25,11745,0
FANH.US,5,20211122,163500,14.2485,14.2485,14.2485,14.2485,150,0
FANH.US,5,20211122,171500,14.3,14.3,14.3,14.3,415,0
FANH.US,5,20211122,173000,14.241,14.3,14.241,14.3,700,0
FANH.US,5,20211122,173500,14.25,14.25,14.25,14.25,100,0
FANH.US,5,20211122,175500,14.29,14.3,14.29,14.3,200,0
FANH.US,5,20211122,180500,14.27,14.27,14.21,14.21,1300,0
FANH.US,5,20211122,181000,14.216,14.216,14.12,14.12,2712,0
FANH.US,5,20211122,183500,14.1,14.1,14.1,14.1,100,0
FANH.US,5,20211122,184500,14.14,14.14,14.1,14.1,3663,0
FANH.US,5,20211122,185000,14.1,14.15,14.09,14.14,4534,0
FANH.US,5,20211122,185500,14.18,14.18,14.18,14.18,100,0
FANH.US,5,20211122,195000,14.14,14.14,14.1,14.1,626,0
FANH.US,5,20211122,195500,14.1,14.15,14.09,14.14,7400,0
FANH.US,5,20211122,203000,14.16,14.16,14.16,14.16,100,0
FANH.US,5,20211122,204000,14.16,14.16,14.16,14.16,1511,0
FANH.US,5,20211122,204500,14.16,14.16,14.16,14.16,100,0
FANH.US,5,20211122,210000,14.16,14.16,14.16,14.16,200,0
FANH.US,5,20211122,211500,14.16,14.16,14.16,14.16,100,0
FANH.US,5,20211122,212500,14.16,14.16,14.16,14.16,200,0
FANH.US,5,20211122,213000,14.16,14.16,14.16,14.16,100,0
FANH.US,5,20211122,213500,14.16,14.16,14.16,14.16,126,0
FANH.US,5,20211122,214000,14.145,14.145,14.1,14.12,2502,0
FANH.US,5,20211122,214500,14.1,14.13,14.1,14.13,1300,0
FANH.US,5,20211122,215000,14.11,14.14,14.08,14.13,1507,0
FANH.US,5,20211122,215500,14.17,14.18,14.07,14.13,6955,0
FANH.US,5,20211123,153000,14.13,14.13,14.13,14.13,212,0
FANH.US,5,20211123,153500,14.08,14.08,14.03,14.03,8650,0
FANH.US,5,20211123,160000,14.09,14.1,14.085,14.085,1142,0
FANH.US,5,20211123,160500,14.085,14.28,14.05,14.28,3979,0
FANH.US,5,20211123,162000,14.29,14.29,14.27,14.27,200,0
FANH.US,5,20211123,165000,14.1,14.1,14.1,14.1,1100,0
FANH.US,5,20211123,171500,14.06,14.09,14.05,14.09,600,0
FANH.US,5,20211123,172500,14.085,14.11,14.085,14.11,1520,0
FANH.US,5,20211123,180500,14.12,14.12,14.12,14.12,100,0
FANH.US,5,20211123,181000,14.08,14.09,14.08,14.09,300,0
FANH.US,5,20211123,183500,14.15,14.15,14.15,14.15,100,0
FANH.US,5,20211123,184500,14.12,14.12,14.08,14.08,1182,0
FANH.US,5,20211123,185000,14.15,14.15,14.15,14.15,200,0
FANH.US,5,20211123,190000,14.15,14.15,14.15,14.15,100,0
FANH.US,5,20211123,190500,14.155,14.16,14.155,14.16,200,0
FANH.US,5,20211123,191500,14.15,14.25,14.15,14.25,5819,0
FANH.US,5,20211123,192000,14.32,14.32,14.21,14.21,2100,0
FANH.US,5,20211123,192500,14.22,14.39,14.2,14.39,5888,0
FANH.US,5,20211123,193000,14.39,14.4,14.34,14.36,9590,0
FANH.US,5,20211123,193500,14.35,14.36,14.34,14.34,5378,0
FANH.US,5,20211123,194500,14.34,14.34,14.34,14.34,1994,0
FANH.US,5,20211123,195500,14.365,14.365,14.365,14.365,100,0
FANH.US,5,20211123,200000,14.3327,14.35,14.3,14.34,5310,0
FANH.US,5,20211123,200500,14.3,14.3,14.3,14.3,1600,0
FANH.US,5,20211123,202500,14.38,14.38,14.38,14.38,100,0
FANH.US,5,20211123,203000,14.26,14.26,14.25,14.25,300,0
FANH.US,5,20211123,205500,14.34,14.34,14.34,14.34,100,0
FANH.US,5,20211123,211000,14.4,14.4,14.4,14.4,300,0
FANH.US,5,20211123,211500,14.3,14.3,14.26,14.26,1085,0
FANH.US,5,20211123,212000,14.26,14.26,14.26,14.26,300,0
FANH.US,5,20211123,212500,14.35,14.35,14.25,14.31,18170,0
FANH.US,5,20211123,213000,14.32,14.32,14.32,14.32,100,0
FANH.US,5,20211123,213500,14.295,14.295,14.295,14.295,500,0
FANH.US,5,20211123,214500,14.335,14.34,14.33,14.33,300,0
FANH.US,5,20211123,215000,14.26,14.26,14.26,14.26,100,0
FANH.US,5,20211123,215500,14.3,14.42,14.3,14.34,4919,0
FANH.US,5,20211124,153000,14.36,14.36,14.27,14.27,224,0
FANH.US,5,20211124,153500,14.25,14.25,14.25,14.25,8100,0
FANH.US,5,20211124,162500,14.105,14.105,14.105,14.105,200,0
FANH.US,5,20211124,164000,14.11,14.11,14.11,14.11,100,0
FANH.US,5,20211124,165000,14.0824,14.0824,14.0824,14.0824,428,0
FANH.US,5,20211124,170000,14.17,14.17,14.17,14.17,100,0
FANH.US,5,20211124,170500,14.17,14.25,14.15,14.18,15106,0
FANH.US,5,20211124,171000,14.15,14.16,14.15,14.15,2625,0
FANH.US,5,20211124,173000,14.155,14.155,14.1,14.1,2036,0
FANH.US,5,20211124,173500,14.1,14.1,14.09,14.09,9700,0
FANH.US,5,20211124,174500,14.06,14.06,14,14,2297,0
FANH.US,5,20211124,175000,14,14,14,14,100,0
FANH.US,5,20211124,175500,14.03,14.03,13.98,14.03,500,0
FANH.US,5,20211124,184500,13.98,13.9943,13.98,13.9943,9100,0
FANH.US,5,20211124,185000,13.99,14.02,13.99,14.02,400,0
FANH.US,5,20211124,190500,13.98,13.98,13.95,13.95,1880,0
FANH.US,5,20211124,191500,13.921,13.921,13.921,13.921,253,0
FANH.US,5,20211124,192000,13.95,13.95,13.94,13.94,1435,0
FANH.US,5,20211124,193500,13.92,13.92,13.92,13.92,100,0
FANH.US,5,20211124,194000,13.9,13.9,13.9,13.9,500,0
FANH.US,5,20211124,195500,13.95,14.03,13.93,14.03,2196,0
FANH.US,5,20211124,200000,14.03,14.05,13.99,14.04,18375,0
FANH.US,5,20211124,201000,13.97,13.97,13.97,13.97,100,0
FANH.US,5,20211124,201500,13.97,14,13.84,13.84,21967,0
FANH.US,5,20211124,203500,13.92,13.93,13.92,13.93,200,0
FANH.US,5,20211124,204000,13.93,13.96,13.93,13.94,300,0
FANH.US,5,20211124,204500,13.91,13.91,13.91,13.91,200,0
FANH.US,5,20211124,210000,13.92,13.93,13.92,13.93,200,0
FANH.US,5,20211124,211500,13.93,13.93,13.93,13.93,100,0
FANH.US,5,20211124,212000,13.93,13.93,13.93,13.93,300,0
FANH.US,5,20211124,212500,13.94,13.94,13.94,13.94,200,0
FANH.US,5,20211124,213000,13.97,13.97,13.91,13.91,400,0
FANH.US,5,20211124,213500,13.93,13.93,13.92,13.92,200,0
FANH.US,5,20211124,214000,13.96,13.97,13.94,13.94,430,0
FANH.US,5,20211124,214500,13.95,13.95,13.95,13.95,275,0
FANH.US,5,20211124,215000,13.92,13.97,13.91,13.91,800,0
FANH.US,5,20211124,215500,13.91,13.95,13.87,13.87,1230,0
FANH.US,5,20211126,153000,13.74,13.74,13.59,13.59,375,0
FANH.US,5,20211126,154000,13.56,13.56,13.43,13.43,8652,0
FANH.US,5,20211126,155000,13.3,13.3,13.3,13.3,1142,0
FANH.US,5,20211126,155500,13.36,13.36,13.36,13.36,825,0
FANH.US,5,20211126,160500,13.39,13.39,13.39,13.39,100,0
FANH.US,5,20211126,161500,13.3,13.3,13.2,13.2,1559,0
FANH.US,5,20211126,163500,13.23,13.25,13.2,13.25,2428,0
FANH.US,5,20211126,172000,13.15,13.15,13.06,13.06,735,0
FANH.US,5,20211126,173500,13.12,13.12,13.06,13.07,8537,0
FANH.US,5,20211126,174000,13.11,13.11,13.11,13.11,519,0
FANH.US,5,20211126,174500,13.1,13.1,13.09,13.09,200,0
FANH.US,5,20211126,175500,13.09,13.09,13.09,13.09,230,0
FANH.US,5,20211126,180500,13.12,13.12,13.12,13.12,914,0
FANH.US,5,20211126,181000,13.13,13.13,13.13,13.13,100,0
FANH.US,5,20211126,183000,13.21,13.21,13.21,13.21,100,0
FANH.US,5,20211126,183500,13.21,13.21,13.21,13.21,100,0
FANH.US,5,20211126,184500,13.2,13.2,13.15,13.18,1305,0
FANH.US,5,20211126,185000,13.18,13.2,13.18,13.2,200,0
FANH.US,5,20211126,185500,13.16,13.2,13.12,13.2,7302,0
FANH.US,5,20211126,190000,13.19,13.19,13.19,13.19,300,0
FANH.US,5,20211129,153000,13.165,13.165,13.165,13.165,132,0
FANH.US,5,20211129,153500,13,13.02,13,13.02,200,0
FANH.US,5,20211129,154000,13.06,13.1,13.04,13.1,16850,0
FANH.US,5,20211129,155000,13.11,13.11,13.11,13.11,400,0
FANH.US,5,20211129,160000,13.115,13.165,13.115,13.14,900,0
FANH.US,5,20211129,160500,13.16,13.16,13.1,13.135,1200,0
FANH.US,5,20211129,161000,13.1,13.135,13.1,13.1,300,0
FANH.US,5,20211129,161500,13.135,13.135,13.135,13.135,100,0
FANH.US,5,20211129,162000,13.13,13.14,13.13,13.13,400,0
FANH.US,5,20211129,162500,13.14,13.14,13.14,13.14,100,0
FANH.US,5,20211129,163000,13.13,13.13,13.12,13.12,200,0
FANH.US,5,20211129,163500,13.13,13.13,13.13,13.13,700,0
FANH.US,5,20211129,164000,13.1,13.13,13.1,13.13,200,0
FANH.US,5,20211129,165000,13.13,13.13,13.13,13.13,100,0
FANH.US,5,20211129,170000,13.14,13.205,13.13,13.205,7767,0
FANH.US,5,20211129,171500,13.185,13.23,13.185,13.23,700,0
FANH.US,5,20211129,172500,13.24,13.415,13.24,13.415,346,0
FANH.US,5,20211129,173000,13.4,13.4,13.4,13.4,100,0
FANH.US,5,20211129,174000,13.42,13.42,13.31,13.31,300,0
FANH.US,5,20211129,175500,13.29,13.29,13.29,13.29,500,0
FANH.US,5,20211129,180000,13.3,13.36,13.3,13.36,400,0
FANH.US,5,20211129,182000,13.38,13.38,13.38,13.38,100,0
FANH.US,5,20211129,183500,13.38,13.38,13.38,13.38,100,0
FANH.US,5,20211129,184000,13.31,13.31,13.31,13.31,100,0
FANH.US,5,20211129,184500,13.39,13.49,13.39,13.49,1463,0
FANH.US,5,20211129,185000,13.5,13.51,13.49,13.51,13489,0
FANH.US,5,20211129,185500,13.51,13.51,13.51,13.51,100,0
FANH.US,5,20211129,190000,13.51,13.51,13.505,13.505,300,0
FANH.US,5,20211129,190500,13.48,13.48,13.44,13.465,1400,0
FANH.US,5,20211129,191500,13.47,13.48,13.47,13.48,400,0
FANH.US,5,20211129,193000,13.51,13.51,13.51,13.51,100,0
FANH.US,5,20211129,194000,13.49,13.49,13.49,13.49,200,0
FANH.US,5,20211129,195000,13.48,13.48,13.48,13.48,100,0
FANH.US,5,20211129,195500,13.46,13.49,13.46,13.48,300,0
FANH.US,5,20211129,200500,13.5,13.52,13.5,13.52,500,0
FANH.US,5,20211129,201500,13.58,13.58,13.58,13.58,100,0
FANH.US,5,20211129,202000,13.59,13.59,13.59,13.59,100,0
FANH.US,5,20211129,202500,13.54,13.54,13.54,13.54,100,0
FANH.US,5,20211129,203000,13.54,13.54,13.54,13.54,400,0
FANH.US,5,20211129,204000,13.51,13.51,13.51,13.51,100,0
FANH.US,5,20211129,205500,13.5,13.5,13.5,13.5,100,0
FANH.US,5,20211129,210000,13.51,13.51,13.51,13.51,100,0
FANH.US,5,20211129,210500,13.455,13.455,13.455,13.455,100,0
FANH.US,5,20211129,211000,13.49,13.49,13.43,13.47,8700,0
FANH.US,5,20211129,211500,13.46,13.48,13.45,13.45,1300,0
FANH.US,5,20211129,212000,13.45,13.45,13.43,13.44,8521,0
FANH.US,5,20211129,212500,13.37,13.37,13.37,13.37,248,0
FANH.US,5,20211129,213000,13.375,13.375,13.375,13.375,100,0
FANH.US,5,20211129,213500,13.38,13.43,13.38,13.43,400,0
FANH.US,5,20211129,214500,13.35,13.39,13.35,13.39,400,0
FANH.US,5,20211129,215000,13.37,13.39,13.31,13.35,1000,0
FANH.US,5,20211129,215500,13.4,13.4,13.31,13.32,1766,0
FANH.US,5,20211130,153000,13.28,13.28,13.14,13.14,869,0
FANH.US,5,20211130,153500,13.12,13.25,13.1,13.1,10700,0
FANH.US,5,20211130,154000,13.19,13.19,13.19,13.19,100,0
FANH.US,5,20211130,154500,13.12,13.14,13.1,13.11,2318,0
FANH.US,5,20211130,155000,13.15,13.15,13.13,13.13,3600,0
FANH.US,5,20211130,155500,13.11,13.11,13.11,13.11,100,0
FANH.US,5,20211130,160000,13.12,13.13,13.1,13.13,4192,0
FANH.US,5,20211130,160500,13.16,13.195,13.13,13.195,1845,0
FANH.US,5,20211130,161000,13.16,13.16,13.11,13.12,1000,0
FANH.US,5,20211130,162000,13.16,13.16,13.12,13.145,900,0
FANH.US,5,20211130,163500,13.12,13.165,13.01,13.11,17267,0
FANH.US,5,20211130,164000,13.09,13.09,13.05,13.05,200,0
FANH.US,5,20211130,164500,13.05,13.05,13,13,1533,0
FANH.US,5,20211130,165000,13,13,12.995,13,2753,0
FANH.US,5,20211130,170000,12.96,12.995,12.9,12.945,8247,0
FANH.US,5,20211130,170500,12.96,12.96,12.9,12.9,4189,0
FANH.US,5,20211130,171000,12.9,12.97,12.86,12.97,4500,0
FANH.US,5,20211130,171500,12.975,13.1,12.975,13.05,9926,0
FANH.US,5,20211130,172000,13.04,13.1,13.03,13.1,13840,0
FANH.US,5,20211130,172500,13.1,13.16,13.08,13.1,4383,0
FANH.US,5,20211130,173000,13.125,13.25,13.125,13.25,16038,0
FANH.US,5,20211130,173500,13.24,13.25,13.125,13.125,6249,0
FANH.US,5,20211130,174000,13.1,13.1,12.95,12.95,3739,0
FANH.US,5,20211130,174500,12.95,12.955,12.9,12.9,1125,0
FANH.US,5,20211130,175000,12.9,12.9,12.9,12.9,475,0
FANH.US,5,20211130,175500,12.86,12.87,12.86,12.86,591,0
FANH.US,5,20211130,181000,12.95,12.95,12.86,12.86,600,0
FANH.US,5,20211130,182000,12.861,12.861,12.861,12.861,200,0
FANH.US,5,20211130,183500,12.94,12.94,12.94,12.94,100,0
FANH.US,5,20211130,184500,12.87,12.87,12.87,12.87,230,0
FANH.US,5,20211130,191000,12.86,12.86,12.86,12.86,100,0
FANH.US,5,20211130,191500,12.9,12.9,12.9,12.9,397,0
FANH.US,5,20211130,192000,12.9,12.92,12.9,12.92,300,0
FANH.US,5,20211130,192500,12.87,12.87,12.86,12.87,400,0
FANH.US,5,20211130,193000,12.86,12.86,12.86,12.86,1308,0
FANH.US,5,20211130,194500,12.85,12.875,12.85,12.875,466,0
FANH.US,5,20211130,195000,12.86,12.9,12.86,12.89,2056,0
FANH.US,5,20211130,195500,12.9,12.9,12.9,12.9,200,0
FANH.US,5,20211130,202500,12.8701,12.8701,12.8701,12.8701,200,0
FANH.US,5,20211130,203000,12.895,12.895,12.895,12.895,100,0
FANH.US,5,20211130,204000,12.89,12.92,12.89,12.92,2300,0
FANH.US,5,20211130,204500,12.93,12.93,12.93,12.93,695,0
FANH.US,5,20211130,205000,12.93,12.93,12.93,12.93,200,0
FANH.US,5,20211130,210000,12.96,12.96,12.96,12.96,100,0
FANH.US,5,20211130,210500,12.97,12.97,12.97,12.97,100,0
FANH.US,5,20211130,212500,12.92,12.9744,12.91,12.945,1433,0
FANH.US,5,20211130,213000,12.91,12.92,12.91,12.92,300,0
FANH.US,5,20211130,213500,12.9,12.9,12.895,12.895,1300,0
FANH.US,5,20211130,214000,12.87,12.87,12.87,12.87,100,0
FANH.US,5,20211130,214500,12.93,12.96,12.9,12.92,6052,0
FANH.US,5,20211130,215000,12.9,12.9,12.7,12.715,16086,0
FANH.US,5,20211130,215500,12.82,12.85,12.77,12.8,10589,0
FANH.US,5,20211201,153000,12.91,12.91,12.89,12.89,7500,0
FANH.US,5,20211201,153500,12.85,12.85,12.68,12.68,3400,0
FANH.US,5,20211201,154000,12.76,12.76,12.71,12.71,1414,0
FANH.US,5,20211201,154500,12.9096,12.9096,12.74,12.74,600,0
FANH.US,5,20211201,155000,12.76,12.76,12.7,12.72,1554,0
FANH.US,5,20211201,155500,12.79,12.79,12.63,12.78,2550,0
FANH.US,5,20211201,160000,12.695,12.7,12.695,12.7,500,0
FANH.US,5,20211201,160500,12.7,12.855,12.67,12.855,1200,0
FANH.US,5,20211201,163000,12.98,12.98,12.97,12.97,200,0
FANH.US,5,20211201,165500,12.895,12.895,12.895,12.895,200,0
FANH.US,5,20211201,170000,12.92,12.92,12.92,12.92,100,0
FANH.US,5,20211201,170500,12.88,12.88,12.87,12.88,400,0
FANH.US,5,20211201,171000,12.92,12.92,12.92,12.92,147,0
FANH.US,5,20211201,172000,12.91,12.91,12.89,12.895,400,0
FANH.US,5,20211201,175000,12.9192,12.9192,12.82,12.82,570,0
FANH.US,5,20211201,180500,12.91,12.91,12.91,12.91,100,0
FANH.US,5,20211201,181000,12.92,12.94,12.87,12.92,9000,0
FANH.US,5,20211201,181500,12.92,12.92,12.77,12.77,4477,0
FANH.US,5,20211201,182000,12.75,12.75,12.75,12.75,400,0
FANH.US,5,20211201,182500,12.75,12.76,12.75,12.75,1400,0
FANH.US,5,20211201,183000,12.72,12.8,12.7,12.8,1100,0
FANH.US,5,20211201,183500,12.71,12.75,12.7,12.75,500,0
FANH.US,5,20211201,184000,12.75,12.8,12.75,12.8,300,0
FANH.US,5,20211201,184500,12.75,12.75,12.71,12.71,500,0
FANH.US,5,20211201,185000,12.73,12.73,12.73,12.73,100,0
FANH.US,5,20211201,185500,12.7,12.74,12.7,12.735,1976,0
FANH.US,5,20211201,190000,12.735,12.735,12.735,12.735,300,0
FANH.US,5,20211201,190500,12.74,12.76,12.74,12.75,1962,0
FANH.US,5,20211201,191500,12.7,12.7,12.7,12.7,100,0
FANH.US,5,20211201,192000,12.75,12.75,12.75,12.75,500,0
FANH.US,5,20211201,192500,12.74,12.74,12.74,12.74,100,0
FANH.US,5,20211201,193000,12.78,12.78,12.78,12.78,279,0
FANH.US,5,20211201,193500,12.76,12.76,12.76,12.76,100,0
FANH.US,5,20211201,194000,12.7,12.7,12.65,12.66,9950,0
FANH.US,5,20211201,194500,12.6,12.6,12.6,12.6,2200,0
FANH.US,5,20211201,195000,12.51,12.55,12.5,12.5,1600,0
FANH.US,5,20211201,195500,12.5,12.56,12.5,12.53,6796,0
FANH.US,5,20211201,200000,12.63,12.64,12.63,12.64,200,0
FANH.US,5,20211201,201000,12.64,12.685,12.6,12.62,900,0
FANH.US,5,20211201,201500,12.585,12.585,12.585,12.585,300,0
FANH.US,5,20211201,202000,12.62,12.62,12.62,12.62,100,0
FANH.US,5,20211201,202500,12.63,12.68,12.63,12.68,400,0
FANH.US,5,20211201,203000,12.67,12.67,12.67,12.67,100,0
FANH.US,5,20211201,203500,12.715,12.715,12.715,12.715,100,0
FANH.US,5,20211201,205000,12.64,12.64,12.64,12.64,100,0
FANH.US,5,20211201,205500,12.6,12.61,12.58,12.61,1600,0
FANH.US,5,20211201,210500,12.59,12.62,12.555,12.555,300,0
FANH.US,5,20211201,211000,12.54,12.58,12.54,12.58,400,0
FANH.US,5,20211201,212500,12.53,12.53,12.5,12.5,1570,0
FANH.US,5,20211201,213000,12.54,12.54,12.45,12.45,1548,0
FANH.US,5,20211201,213500,12.52,12.53,12.47,12.47,1400,0
FANH.US,5,20211201,214000,12.49,12.55,12.49,12.55,7555,0
FANH.US,5,20211201,214500,12.51,12.52,12.51,12.52,820,0
FANH.US,5,20211201,215000,12.49,12.49,12.38,12.49,8633,0
FANH.US,5,20211201,215500,12.54,12.54,12.4,12.47,2922,0
FANH.US,5,20211202,153000,12.36,12.36,12.36,12.36,1881,0
FANH.US,5,20211202,153500,12.74,12.74,12.3,12.34,1700,0
FANH.US,5,20211202,154000,12.345,12.41,12.34,12.41,2400,0
FANH.US,5,20211202,154500,12.35,12.35,12.3,12.3,200,0
FANH.US,5,20211202,155000,12.355,12.355,12.35,12.35,700,0
FANH.US,5,20211202,155500,12.35,12.58,12.35,12.57,1900,0
FANH.US,5,20211202,160000,12.485,12.485,12.485,12.485,100,0
FANH.US,5,20211202,161500,12.4494,12.4494,12.4494,12.4494,100,0
FANH.US,5,20211202,162000,12.62,12.62,12.47,12.47,200,0
FANH.US,5,20211202,163500,12.48,12.48,12.345,12.345,2200,0
FANH.US,5,20211202,164000,12.44,12.44,12.41,12.41,200,0
FANH.US,5,20211202,165500,12.345,12.48,12.345,12.45,1450,0
FANH.US,5,20211202,170500,12.45,12.45,12.45,12.45,100,0
FANH.US,5,20211202,171000,12.49,12.49,12.485,12.485,300,0
FANH.US,5,20211202,172500,12.53,12.53,12.53,12.53,100,0
FANH.US,5,20211202,173500,12.44,12.44,12.44,12.44,200,0
FANH.US,5,20211202,174000,12.38,12.43,12.37,12.43,1100,0
FANH.US,5,20211202,174500,12.31,12.31,12.31,12.31,785,0
FANH.US,5,20211202,175500,12.32,12.32,12.31,12.31,400,0
FANH.US,5,20211202,180000,12.365,12.365,12.365,12.365,100,0
FANH.US,5,20211202,181500,12.34,12.35,12.34,12.34,300,0
FANH.US,5,20211202,182000,12.4,12.4,12.385,12.4,1000,0
FANH.US,5,20211202,183000,12.56,12.62,12.56,12.62,255,0
FANH.US,5,20211202,183500,12.49,12.55,12.49,12.55,200,0
FANH.US,5,20211202,184500,12.56,12.56,12.54,12.555,1995,0
FANH.US,5,20211202,185000,12.55,12.55,12.45,12.45,1350,0
FANH.US,5,20211202,185500,12.45,12.45,12.45,12.45,400,0
FANH.US,5,20211202,190000,12.45,12.45,12.45,12.45,399,0
FANH.US,5,20211202,191000,12.445,12.445,12.445,12.445,100,0
FANH.US,5,20211202,192000,12.475,12.475,12.475,12.475,100,0
FANH.US,5,20211202,192500,12.435,12.435,12.35,12.35,200,0
FANH.US,5,20211202,193000,12.31,12.3963,12.31,12.3963,273,0
FANH.US,5,20211202,195000,12.38,12.38,12.38,12.38,100,0
FANH.US,5,20211202,202500,12.3804,12.3804,12.33,12.38,780,0
FANH.US,5,20211202,204500,12.38,12.38,12.38,12.38,200,0
FANH.US,5,20211202,205500,12.41,12.41,12.395,12.395,400,0
FANH.US,5,20211202,210000,12.395,12.395,12.35,12.35,1498,0
FANH.US,5,20211202,210500,12.38,12.38,12.31,12.33,11564,0
FANH.US,5,20211202,211000,12.32,12.37,12.32,12.37,14572,0
FANH.US,5,20211202,211500,12.37,12.49,12.37,12.45,9936,0
FANH.US,5,20211202,212000,12.44,12.44,12.34,12.345,1800,0
FANH.US,5,20211202,212500,12.345,12.38,12.3,12.31,1835,0
FANH.US,5,20211202,213000,12.32,12.335,12.32,12.335,300,0
FANH.US,5,20211202,213500,12.335,12.37,12.28,12.37,13058,0
FANH.US,5,20211202,214000,12.365,12.37,12.35,12.37,4339,0
FANH.US,5,20211202,214500,12.37,12.42,12.37,12.42,1290,0
FANH.US,5,20211202,215000,12.48,12.48,12.35,12.43,4635,0
FANH.US,5,20211202,215500,12.43,12.46,12.35,12.4,2825,0
FANH.US,5,20211203,153000,12.42,12.42,12.325,12.325,741,0
FANH.US,5,20211203,153500,12.33,12.33,12.09,12.11,8190,0
FANH.US,5,20211203,154000,12.105,12.105,12.105,12.105,100,0
FANH.US,5,20211203,154500,12.08,12.08,11.91,11.91,2880,0
FANH.US,5,20211203,155000,11.93,12.07,11.92,12.07,1678,0
FANH.US,5,20211203,155500,12.065,12.23,12.065,12.2,7806,0
FANH.US,5,20211203,160000,12.22,12.37,12.195,12.31,22308,0
FANH.US,5,20211203,160500,12.47,12.47,12.2,12.225,11333,0
FANH.US,5,20211203,161000,12.26,12.26,12.01,12.145,5011,0
FANH.US,5,20211203,161500,12.21,12.21,12.125,12.125,200,0
FANH.US,5,20211203,162000,12.06,12.06,12.04,12.04,400,0
FANH.US,5,20211203,162500,12.05,12.08,12,12.08,1100,0
FANH.US,5,20211203,163500,12,12,11.95,11.98,1400,0
FANH.US,5,20211203,164000,11.95,11.95,11.95,11.95,100,0
FANH.US,5,20211203,165000,11.9,12,11.9,11.97,990,0
FANH.US,5,20211203,165500,11.95,11.95,11.95,11.95,100,0
FANH.US,5,20211203,170000,11.95,11.95,11.88,11.915,4808,0
FANH.US,5,20211203,171000,11.9,11.9,11.9,11.9,100,0
FANH.US,5,20211203,171500,11.85,11.85,11.84,11.84,1410,0
FANH.US,5,20211203,172000,11.84,11.845,11.82,11.845,600,0
FANH.US,5,20211203,172500,11.87,11.895,11.87,11.895,700,0
FANH.US,5,20211203,173000,11.885,11.885,11.885,11.885,100,0
FANH.US,5,20211203,173500,11.94,11.94,11.82,11.85,800,0
FANH.US,5,20211203,175000,11.865,11.865,11.865,11.865,100,0
FANH.US,5,20211203,175500,11.915,11.915,11.915,11.915,100,0
FANH.US,5,20211203,180500,11.89,11.89,11.885,11.89,1200,0
FANH.US,5,20211203,182000,11.94,11.94,11.81,11.81,900,0
FANH.US,5,20211203,183000,11.8686,11.8686,11.82,11.85,1948,0
FANH.US,5,20211203,184000,11.85,11.89,11.85,11.89,200,0
FANH.US,5,20211203,185000,11.91,11.91,11.91,11.91,300,0
FANH.US,5,20211203,190000,11.88,11.89,11.88,11.88,700,0
FANH.US,5,20211203,190500,11.86,11.88,11.86,11.88,700,0
FANH.US,5,20211203,191000,11.88,11.93,11.88,11.93,800,0
FANH.US,5,20211203,192000,11.93,11.94,11.88,11.88,500,0
FANH.US,5,20211203,193000,11.87,11.87,11.86,11.86,500,0
FANH.US,5,20211203,193500,11.84,11.84,11.84,11.84,690,0
FANH.US,5,20211203,195000,11.8262,11.83,11.815,11.83,1900,0
FANH.US,5,20211203,195500,11.82,11.82,11.82,11.82,200,0
FANH.US,5,20211203,200500,11.88,11.88,11.88,11.88,300,0
FANH.US,5,20211203,201500,11.81,11.81,11.78,11.79,1790,0
FANH.US,5,20211203,202500,11.7835,11.7835,11.7835,11.7835,400,0
FANH.US,5,20211203,203000,11.78,11.79,11.78,11.79,400,0
FANH.US,5,20211203,203500,11.78,11.78,11.77,11.78,1124,0
FANH.US,5,20211203,204000,11.77,11.77,11.77,11.77,200,0
FANH.US,5,20211203,210000,11.7363,11.78,11.73,11.73,1170,0
FANH.US,5,20211203,210500,11.74,11.74,11.7214,11.7214,466,0
FANH.US,5,20211203,211000,11.74,11.74,11.7,11.72,600,0
FANH.US,5,20211203,211500,11.73,11.73,11.73,11.73,256,0
FANH.US,5,20211203,212000,11.69,11.69,11.69,11.69,140,0
FANH.US,5,20211203,212500,11.73,11.73,11.73,11.73,300,0
FANH.US,5,20211203,213000,11.73,11.77,11.73,11.74,600,0
FANH.US,5,20211203,213500,11.78,11.79,11.78,11.79,520,0
FANH.US,5,20211203,214000,11.77,11.79,11.74,11.79,900,0
FANH.US,5,20211203,214500,11.75,11.75,11.74,11.745,1810,0
FANH.US,5,20211203,215000,11.75,11.79,11.75,11.75,3273,0
FANH.US,5,20211203,215500,11.79,11.805,11.74,11.8,10327,0
FANH.US,5,20211206,153000,11.8,11.8,11.8,11.8,131,0
FANH.US,5,20211206,153500,11.8,11.8,11.34,11.4,11041,0
FANH.US,5,20211206,154000,11.22,11.315,11.14,11.18,1231,0
FANH.US,5,20211206,154500,11.315,11.315,11.15,11.15,600,0
FANH.US,5,20211206,155000,11.34,11.36,11.34,11.35,800,0
FANH.US,5,20211206,155500,11.39,11.41,11.39,11.41,200,0
FANH.US,5,20211206,160000,11.38,11.39,11.38,11.39,200,0
FANH.US,5,20211206,160500,11.4784,11.4784,11.33,11.33,300,0
FANH.US,5,20211206,161000,11.39,11.39,11.33,11.36,600,0
FANH.US,5,20211206,162500,11.34,11.385,11.34,11.385,377,0
FANH.US,5,20211206,163000,11.34,11.34,11.34,11.34,100,0
FANH.US,5,20211206,163500,11.365,11.365,11.365,11.365,112,0
FANH.US,5,20211206,164000,11.42,11.43,11.41,11.42,900,0
FANH.US,5,20211206,164500,11.49,11.49,11.4,11.41,1096,0
FANH.US,5,20211206,165500,11.4,11.4871,11.4,11.4,305,0
FANH.US,5,20211206,170000,11.39,11.39,11.39,11.39,100,0
FANH.US,5,20211206,170500,11.39,11.39,11.35,11.35,1275,0
FANH.US,5,20211206,171000,11.35,11.36,11.3,11.3,10638,0
FANH.US,5,20211206,171500,11.35,11.35,11.22,11.22,1200,0
FANH.US,5,20211206,172000,11.25,11.3668,11.25,11.26,1351,0
FANH.US,5,20211206,172500,11.27,11.27,11.21,11.25,708,0
FANH.US,5,20211206,173000,11.22,11.255,11.22,11.255,300,0
FANH.US,5,20211206,173500,11.25,11.29,11.2,11.2,774,0
FANH.US,5,20211206,174000,11.235,11.235,11.235,11.235,300,0
FANH.US,5,20211206,175500,11.191,11.191,11.191,11.191,170,0
FANH.US,5,20211206,180000,11.235,11.235,11.235,11.235,338,0
FANH.US,5,20211206,181000,11.26,11.29,11.26,11.28,1076,0
FANH.US,5,20211206,181500,11.26,11.2955,11.25,11.2955,810,0
FANH.US,5,20211206,182000,11.265,11.265,11.21,11.21,700,0
FANH.US,5,20211206,183500,11.25,11.26,11.2,11.2,7000,0
FANH.US,5,20211206,184000,11.19,11.19,11.05,11.05,4443,0
FANH.US,5,20211206,184500,11.09,11.09,11.09,11.09,100,0
FANH.US,5,20211206,185000,11.04,11.06,11.01,11.06,1992,0
FANH.US,5,20211206,185500,11.09,11.12,11.06,11.09,3000,0
FANH.US,5,20211206,190000,11.08,11.08,11.08,11.08,200,0
FANH.US,5,20211206,190500,11.075,11.13,11.04,11.095,19709,0
FANH.US,5,20211206,191000,11.075,11.075,11.075,11.075,400,0
FANH.US,5,20211206,191500,11.02,11.04,10.91,10.99,11927,0
FANH.US,5,20211206,192000,11,11,10.92,10.92,1500,0
FANH.US,5,20211206,193000,10.965,10.97,10.965,10.97,867,0
FANH.US,5,20211206,193500,10.97,11.015,10.95,10.95,5638,0
FANH.US,5,20211206,194000,10.975,11.01,10.975,11,1839,0
FANH.US,5,20211206,194500,11,11.05,11,11.05,2666,0
FANH.US,5,20211206,195000,10.99,11.1,10.92,11.07,10495,0
FANH.US,5,20211206,195500,11.1,11.1201,11.1,11.1201,1020,0
FANH.US,5,20211206,200000,11.12,11.13,11.1,11.11,2739,0
FANH.US,5,20211206,200500,11.168,11.168,11.168,11.168,110,0
FANH.US,5,20211206,201000,11.18,11.19,11.18,11.19,200,0
FANH.US,5,20211206,201500,11.2,11.28,11.2,11.28,300,0
FANH.US,5,20211206,202500,11.27,11.27,11.27,11.27,100,0
FANH.US,5,20211206,203500,11.28,11.31,11.24,11.31,1200,0
FANH.US,5,20211206,204000,11.27,11.27,11.27,11.27,100,0
FANH.US,5,20211206,204500,11.27,11.36,11.2575,11.28,9412,0
FANH.US,5,20211206,205000,11.3,11.32,11.12,11.25,7346,0
FANH.US,5,20211206,205500,11.27,11.33,11.21,11.255,18487,0
FANH.US,5,20211206,210000,11.25,11.25,11.19,11.19,1700,0
FANH.US,5,20211206,210500,11.15,11.165,11.08,11.08,1000,0
FANH.US,5,20211206,211000,11.175,11.175,11.1,11.15,538,0
FANH.US,5,20211206,211500,11.12,11.2,11.12,11.18,700,0
FANH.US,5,20211206,212000,11.21,11.21,11.21,11.21,100,0
FANH.US,5,20211206,212500,11.195,11.195,11.195,11.195,200,0
FANH.US,5,20211206,213000,11.21,11.21,11.21,11.21,100,0
FANH.US,5,20211206,213500,11.19,11.19,11.08,11.115,1598,0
FANH.US,5,20211206,214000,11.12,11.23,11.12,11.205,1110,0
FANH.US,5,20211206,214500,11.205,11.22,11.16,11.16,5710,0
FANH.US,5,20211206,215000,11.14,11.23,11.1,11.175,4503,0
FANH.US,5,20211206,215500,11.15,11.23,11.13,11.21,8695,0
FANH.US,5,20211207,153000,11.18,11.21,10.76,10.76,14014,0
FANH.US,5,20211207,153500,11.02,11.02,10.8,10.85,15109,0
FANH.US,5,20211207,154000,10.96,10.96,10.8899,10.96,1408,0
FANH.US,5,20211207,154500,10.935,11,10.935,10.99,1296,0
FANH.US,5,20211207,155000,11.02,11.04,10.96,10.96,2633,0
FANH.US,5,20211207,155500,11,11.05,10.91,11.02,4442,0
FANH.US,5,20211207,160000,10.975,10.975,10.92,10.92,2400,0
FANH.US,5,20211207,161000,10.92,10.92,10.92,10.92,100,0
FANH.US,5,20211207,161500,10.92,10.96,10.92,10.96,600,0
FANH.US,5,20211207,162000,10.96,11.015,10.91,10.92,3276,0
FANH.US,5,20211207,162500,10.9999,11.1,10.91,11.1,15020,0
FANH.US,5,20211207,163000,11.09,11.13,11.08,11.1,1700,0
FANH.US,5,20211207,163500,11.2,11.29,11.18,11.255,4317,0
FANH.US,5,20211207,164000,11.255,11.255,11.17,11.23,7445,0
FANH.US,5,20211207,165000,11.245,11.29,11.245,11.275,1802,0
FANH.US,5,20211207,165500,11.31,11.31,11.305,11.31,600,0
FANH.US,5,20211207,170000,11.28,11.35,11.28,11.35,787,0
FANH.US,5,20211207,170500,11.36,11.43,11.36,11.43,3497,0
FANH.US,5,20211207,171000,11.42,11.46,11.42,11.45,4700,0
FANH.US,5,20211207,171500,11.46,11.54,11.385,11.45,31447,0
FANH.US,5,20211207,172000,11.41,11.45,11.4,11.44,19685,0
FANH.US,5,20211207,173000,11.4,11.4,11.4,11.4,1965,0
FANH.US,5,20211207,174000,11.4,11.4,11.35,11.35,2447,0
FANH.US,5,20211207,174500,11.35,11.35,11.305,11.35,1290,0
FANH.US,5,20211207,175000,11.31,11.31,11.31,11.31,100,0
FANH.US,5,20211207,175500,11.33,11.4,11.33,11.4,2262,0
FANH.US,5,20211207,180000,11.41,11.55,11.41,11.44,21657,0
FANH.US,5,20211207,181000,11.43,11.43,11.305,11.305,4792,0
FANH.US,5,20211207,181500,11.3,11.37,11.3,11.355,700,0
FANH.US,5,20211207,182000,11.32,11.32,11.32,11.32,200,0
FANH.US,5,20211207,182500,11.32,11.3493,11.21,11.28,3040,0
FANH.US,5,20211207,183000,11.28,11.28,11.22,11.22,1675,0
FANH.US,5,20211207,183500,11.23,11.275,11.23,11.275,300,0
FANH.US,5,20211207,184000,11.23,11.245,11.13,11.2,4499,0
FANH.US,5,20211207,184500,11.2,11.253,11.2,11.2,800,0
FANH.US,5,20211207,185000,11.245,11.2692,11.245,11.2692,325,0
FANH.US,5,20211207,185500,11.21,11.245,11.19,11.19,1300,0
FANH.US,5,20211207,190000,11.21,11.21,11.17,11.17,1100,0
FANH.US,5,20211207,190500,11.17,11.255,11.17,11.24,1300,0
FANH.US,5,20211207,191000,11.23,11.2679,11.23,11.2679,467,0
FANH.US,5,20211207,191500,11.23,11.31,11.23,11.3,1300,0
FANH.US,5,20211207,192500,11.28,11.28,11.28,11.28,100,0
FANH.US,5,20211207,193000,11.325,11.33,11.325,11.33,600,0
FANH.US,5,20211207,193500,11.29,11.29,11.29,11.29,100,0
FANH.US,5,20211207,194000,11.3295,11.3295,11.29,11.2908,1067,0
FANH.US,5,20211207,194500,11.29,11.29,11.29,11.29,100,0
FANH.US,5,20211207,195000,11.3,11.335,11.3,11.3,1311,0
FANH.US,5,20211207,195500,11.315,11.315,11.29,11.29,322,0
FANH.US,5,20211207,200000,11.29,11.3,11.29,11.3,300,0
FANH.US,5,20211207,200500,11.315,11.315,11.29,11.29,700,0
FANH.US,5,20211207,201000,11.29,11.29,11.29,11.29,100,0
FANH.US,5,20211207,201500,11.29,11.31,11.26,11.285,4631,0
FANH.US,5,20211207,202000,11.28,11.33,11.28,11.33,2738,0
FANH.US,5,20211207,202500,11.435,11.435,11.435,11.435,300,0
FANH.US,5,20211207,203500,11.415,11.415,11.27,11.27,1068,0
FANH.US,5,20211207,204000,11.33,11.35,11.28,11.35,1000,0
FANH.US,5,20211207,204500,11.36,11.36,11.33,11.33,500,0
FANH.US,5,20211207,205000,11.36,11.36,11.33,11.33,200,0
FANH.US,5,20211207,205500,11.33,11.36,11.33,11.35,400,0
FANH.US,5,20211207,210000,11.35,11.35,11.35,11.35,100,0
FANH.US,5,20211207,210500,11.32,11.32,11.32,11.32,100,0
FANH.US,5,20211207,211000,11.32,11.39,11.32,11.39,449,0
FANH.US,5,20211207,211500,11.32,11.355,11.32,11.355,1200,0
FANH.US,5,20211207,212000,11.355,11.355,11.33,11.33,200,0
FANH.US,5,20211207,212500,11.33,11.365,11.33,11.34,400,0
FANH.US,5,20211207,213000,11.38,11.39,11.365,11.37,2200,0
FANH.US,5,20211207,213500,11.41,11.41,11.41,11.41,103,0
FANH.US,5,20211207,214000,11.44,11.44,11.43,11.43,978,0
FANH.US,5,20211207,214500,11.39,11.405,11.32,11.405,2400,0
FANH.US,5,20211207,215000,11.37,11.37,11.25,11.29,7129,0
FANH.US,5,20211207,215500,11.325,11.37,11.25,11.29,15899,0
FANH.US,5,20211208,153000,11.18,11.18,11.18,11.18,100,0
FANH.US,5,20211208,153500,11.35,11.351,11.21,11.215,14728,0
FANH.US,5,20211208,154000,11.24,11.24,11.01,11.13,4913,0
FANH.US,5,20211208,154500,11.17,11.25,11.12,11.16,3600,0
FANH.US,5,20211208,155000,11.16,11.2,11.12,11.17,5212,0
FANH.US,5,20211208,155500,11.17,11.17,11.03,11.075,4097,0
FANH.US,5,20211208,160000,11.075,11.14,11.075,11.14,1300,0
FANH.US,5,20211208,160500,11.2,11.2,11.09,11.145,600,0
FANH.US,5,20211208,161000,11.2,11.22,11.13,11.155,1100,0
FANH.US,5,20211208,161500,11.2,11.2,11.2,11.2,100,0
FANH.US,5,20211208,162000,11.22,11.22,11.1,11.1,500,0
FANH.US,5,20211208,163000,11.2,11.2,11.2,11.2,100,0
FANH.US,5,20211208,163500,11.2,11.21,11.15,11.15,300,0
FANH.US,5,20211208,164000,11.16,11.18,11.11,11.16,6069,0
FANH.US,5,20211208,164500,11.15,11.17,11.07,11.15,7712,0
FANH.US,5,20211208,165000,11.17,11.225,11.155,11.22,2499,0
FANH.US,5,20211208,165500,11.24,11.36,11.24,11.28,1232,0
FANH.US,5,20211208,170000,11.35,11.4,11.31,11.33,13949,0
FANH.US,5,20211208,170500,11.34,11.4,11.31,11.39,17211,0
FANH.US,5,20211208,171000,11.4,11.45,11.35,11.36,43859,0
FANH.US,5,20211208,171500,11.33,11.33,11.19,11.19,1600,0
FANH.US,5,20211208,172000,11.13,11.15,11.07,11.11,4760,0
FANH.US,5,20211208,172500,11.11,11.11,11,11,1959,0
FANH.US,5,20211208,173000,11.035,11.11,11,11.11,5058,0
FANH.US,5,20211208,173500,11.1,11.11,11.1,11.11,200,0
FANH.US,5,20211208,174500,11.11,11.11,11.11,11.11,100,0
FANH.US,5,20211208,175000,11.14,11.15,11.12,11.15,860,0
FANH.US,5,20211208,180000,11.22,11.22,11.22,11.22,100,0
FANH.US,5,20211208,181000,11.26,11.26,11.23,11.23,3900,0
FANH.US,5,20211208,182000,11.26,11.27,11.26,11.26,600,0
FANH.US,5,20211208,183500,11.27,11.27,11.27,11.27,100,0
FANH.US,5,20211208,184500,11.28,11.28,11.28,11.28,100,0
FANH.US,5,20211208,190000,11.37,11.38,11.37,11.38,200,0
FANH.US,5,20211208,190500,11.39,11.39,11.39,11.39,100,0
FANH.US,5,20211208,191500,11.39,11.39,11.39,11.39,100,0
FANH.US,5,20211208,192500,11.42,11.42,11.42,11.42,100,0
FANH.US,5,20211208,193000,11.42,11.42,11.42,11.42,100,0
FANH.US,5,20211208,194000,11.43,11.43,11.43,11.43,200,0
FANH.US,5,20211208,195000,11.46,11.46,11.41,11.41,1379,0
FANH.US,5,20211208,195500,11.51,11.55,11.51,11.55,1494,0
FANH.US,5,20211208,200500,11.53,11.53,11.53,11.53,100,0
FANH.US,5,20211208,201000,11.49,11.49,11.43,11.43,200,0
FANH.US,5,20211208,201500,11.47,11.48,11.43,11.48,300,0
FANH.US,5,20211208,202500,11.43,11.43,11.43,11.43,100,0
FANH.US,5,20211208,203000,11.48,11.48,11.48,11.48,100,0
FANH.US,5,20211208,203500,11.44,11.44,11.44,11.44,100,0
FANH.US,5,20211208,204000,11.465,11.465,11.38,11.38,2200,0
FANH.US,5,20211208,204500,11.37,11.37,11.37,11.37,100,0
FANH.US,5,20211208,205000,11.4,11.4,11.37,11.37,200,0
FANH.US,5,20211208,210000,11.35,11.37,11.35,11.37,200,0
FANH.US,5,20211208,210500,11.37,11.379,11.34,11.36,700,0
FANH.US,5,20211208,211000,11.38,11.38,11.38,11.38,100,0
FANH.US,5,20211208,211500,11.385,11.385,11.385,11.385,200,0
FANH.US,5,20211208,212000,11.4,11.4,11.385,11.385,400,0
FANH.US,5,20211208,212500,11.385,11.385,11.385,11.385,100,0
FANH.US,5,20211208,213000,11.385,11.385,11.26,11.26,5051,0
FANH.US,5,20211208,213500,11.285,11.29,11.24,11.29,5120,0
FANH.US,5,20211208,214000,11.28,11.295,11.27,11.27,1200,0
FANH.US,5,20211208,214500,11.33,11.33,11.33,11.33,100,0
FANH.US,5,20211208,215000,11.305,11.315,11.28,11.315,500,0
FANH.US,5,20211208,215500,11.3,11.3,11.18,11.28,18911,0
FANH.US,5,20211209,153000,11.27,11.302,11.025,11.045,11704,0
FANH.US,5,20211209,153500,11.065,11.1,11,11.01,4044,0
FANH.US,5,20211209,154000,11,11.01,10.82,11.01,5216,0
FANH.US,5,20211209,154500,11.01,11.01,11.01,11.01,300,0
FANH.US,5,20211209,155000,11.01,11.01,11.01,11.01,100,0
FANH.US,5,20211209,160500,11.01,11.05,10.94,10.97,2821,0
FANH.US,5,20211209,161000,10.9,10.9,10.83,10.895,2799,0
FANH.US,5,20211209,161500,10.97,10.97,10.97,10.97,100,0
FANH.US,5,20211209,162000,10.94,10.94,10.94,10.94,200,0
FANH.US,5,20211209,162500,10.9138,10.93,10.885,10.885,1097,0
FANH.US,5,20211209,165000,10.92,10.92,10.87,10.87,500,0
FANH.US,5,20211209,170500,10.9,10.9,10.9,10.9,100,0
FANH.US,5,20211209,171500,10.905,10.905,10.905,10.905,100,0
FANH.US,5,20211209,172000,10.87,10.87,10.87,10.87,100,0
FANH.US,5,20211209,172500,10.91,10.91,10.87,10.87,300,0
FANH.US,5,20211209,175000,10.8701,10.95,10.87,10.95,1383,0
FANH.US,5,20211209,181500,10.95,10.95,10.95,10.95,100,0
FANH.US,5,20211209,184500,10.95,10.95,10.95,10.95,400,0
FANH.US,5,20211209,185000,10.98,10.98,10.98,10.98,300,0
FANH.US,5,20211209,185500,10.921,10.98,10.9,10.9,10541,0
FANH.US,5,20211209,191500,10.91,10.91,10.91,10.91,200,0
FANH.US,5,20211209,192000,10.91,10.91,10.91,10.91,622,0
FANH.US,5,20211209,193000,10.9249,10.9249,10.9249,10.9249,117,0
FANH.US,5,20211209,193500,10.95,10.95,10.92,10.95,1100,0
FANH.US,5,20211209,194000,10.94,10.94,10.86,10.89,18198,0
FANH.US,5,20211209,194500,10.92,10.945,10.92,10.945,1000,0
FANH.US,5,20211209,195000,10.9,10.9,10.865,10.9,671,0
FANH.US,5,20211209,200500,10.94,10.94,10.94,10.94,100,0
FANH.US,5,20211209,201000,10.92,10.92,10.9,10.9,300,0
FANH.US,5,20211209,201500,10.9,10.93,10.88,10.93,9700,0
FANH.US,5,20211209,202000,10.93,10.93,10.93,10.93,100,0
FANH.US,5,20211209,202500,10.905,10.905,10.88,10.88,200,0
FANH.US,5,20211209,203000,10.9,10.9,10.89,10.9,300,0
FANH.US,5,20211209,203500,10.905,10.905,10.905,10.905,100,0
FANH.US,5,20211209,204000,10.9,10.9,10.88,10.9,884,0
FANH.US,5,20211209,204500,10.89,10.9,10.89,10.9,500,0
FANH.US,5,20211209,205500,10.9,10.9,10.9,10.9,100,0
FANH.US,5,20211209,210000,10.905,10.905,10.9,10.9,200,0
FANH.US,5,20211209,211000,10.89,10.9,10.89,10.9,322,0
FANH.US,5,20211209,211500,10.89,10.92,10.87,10.9,1358,0
FANH.US,5,20211209,212000,10.89,10.91,10.86,10.89,24803,0
FANH.US,5,20211209,213000,10.915,10.915,10.905,10.905,200,0
FANH.US,5,20211209,214500,10.9,10.9,10.88,10.88,1694,0
FANH.US,5,20211209,215000,10.86,10.86,10.81,10.81,7462,0
FANH.US,5,20211209,215500,10.835,10.835,10.73,10.8,13204,0
FANH.US,5,20211210,153000,10.96,10.96,10.82,10.82,9652,0
FANH.US,5,20211210,153500,10.86,10.86,10.795,10.795,1737,0
FANH.US,5,20211210,154000,10.81,10.81,10.81,10.81,100,0
FANH.US,5,20211210,155000,10.81,10.81,10.81,10.81,100,0
FANH.US,5,20211210,155500,10.77,10.77,10.705,10.705,400,0
FANH.US,5,20211210,161000,10.73,10.73,10.73,10.73,100,0
FANH.US,5,20211210,161500,10.72,10.8,10.7,10.8,7551,0
FANH.US,5,20211210,162000,10.8,10.91,10.8,10.91,1200,0
FANH.US,5,20211210,163500,10.8,10.8,10.745,10.745,309,0
FANH.US,5,20211210,164000,10.79,10.85,10.79,10.85,8813,0
FANH.US,5,20211210,164500,10.83,10.83,10.83,10.83,426,0
FANH.US,5,20211210,165500,10.83,10.83,10.83,10.83,100,0
FANH.US,5,20211210,171000,10.8,10.8,10.8,10.8,598,0
FANH.US,5,20211210,171500,10.82,10.82,10.79,10.79,300,0
FANH.US,5,20211210,172000,10.79,10.81,10.79,10.81,437,0
FANH.US,5,20211210,172500,10.81,10.81,10.81,10.81,100,0
FANH.US,5,20211210,173000,10.8,10.8,10.8,10.8,300,0
FANH.US,5,20211210,173500,10.8,10.83,10.75,10.83,9343,0
FANH.US,5,20211210,180500,10.86,10.86,10.86,10.86,183,0
FANH.US,5,20211210,182500,10.82,10.82,10.75,10.75,1325,0
FANH.US,5,20211210,183000,10.75,10.75,10.725,10.75,900,0
FANH.US,5,20211210,183500,10.74,10.74,10.74,10.74,100,0
FANH.US,5,20211210,184000,10.74,10.75,10.74,10.75,200,0
FANH.US,5,20211210,185500,10.725,10.725,10.725,10.725,200,0
FANH.US,5,20211210,191000,10.74,10.74,10.74,10.74,200,0
FANH.US,5,20211210,191500,10.74,10.75,10.71,10.725,1875,0
FANH.US,5,20211210,192500,10.8,10.8,10.77,10.77,379,0
FANH.US,5,20211210,193500,10.75,10.75,10.72,10.74,1600,0
FANH.US,5,20211210,194000,10.74,10.74,10.74,10.74,100,0
FANH.US,5,20211210,194500,10.74,10.74,10.74,10.74,100,0
FANH.US,5,20211210,195500,10.7628,10.7699,10.7628,10.7699,300,0
FANH.US,5,20211210,200000,10.7699,10.77,10.7699,10.77,400,0
FANH.US,5,20211210,200500,10.75,10.75,10.75,10.75,200,0
FANH.US,5,20211210,201000,10.75,10.75,10.75,10.75,200,0
FANH.US,5,20211210,202000,10.755,10.755,10.755,10.755,300,0
FANH.US,5,20211210,202500,10.76,10.76,10.71,10.71,2900,0
FANH.US,5,20211210,203500,10.74,10.77,10.74,10.77,200,0
FANH.US,5,20211210,204000,10.77,10.77,10.75,10.75,1208,0
FANH.US,5,20211210,204500,10.72,10.72,10.71,10.71,600,0
FANH.US,5,20211210,210000,10.74,10.74,10.74,10.74,113,0
FANH.US,5,20211210,210500,10.77,10.77,10.71,10.74,1058,0
FANH.US,5,20211210,211500,10.74,10.77,10.74,10.77,996,0
FANH.US,5,20211210,212000,10.77,10.77,10.77,10.77,100,0
FANH.US,5,20211210,212500,10.77,10.77,10.765,10.765,700,0
FANH.US,5,20211210,213000,10.76,10.76,10.75,10.76,587,0
FANH.US,5,20211210,213500,10.76,10.76,10.76,10.76,100,0
FANH.US,5,20211210,214000,10.76,10.76,10.76,10.76,100,0
FANH.US,5,20211210,214500,10.76,10.76,10.76,10.76,617,0
FANH.US,5,20211210,215000,10.78,10.78,10.75,10.78,965,0
FANH.US,5,20211210,215500,10.77,10.78,10.71,10.72,6292,0
FANH.US,5,20211213,153000,10.72,10.79,10.5,10.51,12970,0
FANH.US,5,20211213,154000,10.55,10.655,10.44,10.65,2599,0
FANH.US,5,20211213,154500,10.69,10.8,10.68,10.7,21020,0
FANH.US,5,20211213,155000,10.71,10.73,10.7,10.73,922,0
FANH.US,5,20211213,160000,10.74,10.75,10.74,10.75,1038,0
FANH.US,5,20211213,161500,10.74,10.74,10.73,10.73,700,0
FANH.US,5,20211213,162500,10.715,10.75,10.66,10.67,3900,0
FANH.US,5,20211213,163000,10.6518,10.6518,10.6,10.6,1205,0
FANH.US,5,20211213,163500,10.6,10.6004,10.59,10.6004,2460,0
FANH.US,5,20211213,164500,10.56,10.56,10.45,10.45,9000,0
FANH.US,5,20211213,171000,10.49,10.5,10.49,10.5,500,0
FANH.US,5,20211213,173000,10.48,10.48,10.33,10.355,5652,0
FANH.US,5,20211213,174500,10.365,10.365,10.365,10.365,300,0
FANH.US,5,20211213,175000,10.32,10.32,10.32,10.32,158,0
FANH.US,5,20211213,175500,10.3,10.3,10.21,10.24,3891,0
FANH.US,5,20211213,180000,10.29,10.29,10.29,10.29,100,0
FANH.US,5,20211213,180500,10.29,10.45,10.29,10.4,8305,0
FANH.US,5,20211213,181000,10.43,10.495,10.4,10.45,25703,0
FANH.US,5,20211213,181500,10.4,10.4,10.36,10.36,266,0
FANH.US,5,20211213,184000,10.4,10.4,10.4,10.4,162,0
FANH.US,5,20211213,190500,10.3603,10.3603,10.3603,10.3603,127,0
FANH.US,5,20211213,191000,10.36,10.38,10.36,10.375,1279,0
FANH.US,5,20211213,191500,10.38,10.39,10.38,10.39,700,0
FANH.US,5,20211213,192000,10.37,10.37,10.34,10.34,779,0
FANH.US,5,20211213,193000,10.3907,10.3907,10.38,10.38,463,0
FANH.US,5,20211213,193500,10.36,10.36,10.36,10.36,100,0
FANH.US,5,20211213,194000,10.36,10.36,10.32,10.32,1873,0
FANH.US,5,20211213,194500,10.32,10.32,10.27,10.27,866,0
FANH.US,5,20211213,195500,10.29,10.29,10.27,10.27,255,0
FANH.US,5,20211213,200000,10.31,10.31,10.31,10.31,100,0
FANH.US,5,20211213,200500,10.29,10.3,10.29,10.3,200,0
FANH.US,5,20211213,201000,10.32,10.32,10.3,10.31,300,0
FANH.US,5,20211213,202000,10.31,10.31,10.21,10.25,1552,0
FANH.US,5,20211213,203000,10.27,10.28,10.27,10.28,500,0
FANH.US,5,20211213,203500,10.31,10.31,10.24,10.24,200,0
FANH.US,5,20211213,204000,10.275,10.275,10.275,10.275,100,0
FANH.US,5,20211213,204500,10.309,10.309,10.309,10.309,100,0
FANH.US,5,20211213,205000,10.3,10.3,10.24,10.25,2317,0
FANH.US,5,20211213,205500,10.26,10.26,10.26,10.26,100,0
FANH.US,5,20211213,210000,10.3,10.3,10.3,10.3,200,0
FANH.US,5,20211213,210500,10.29,10.31,10.29,10.3,330,0
FANH.US,5,20211213,211000,10.31,10.31,10.29,10.31,570,0
FANH.US,5,20211213,211500,10.29,10.305,10.27,10.305,1131,0
FANH.US,5,20211213,212000,10.33,10.33,10.27,10.27,852,0
FANH.US,5,20211213,212500,10.24,10.31,10.24,10.24,1104,0
FANH.US,5,20211213,213000,10.26,10.27,10.23,10.27,414,0
FANH.US,5,20211213,213500,10.24,10.25,10.22,10.23,1351,0
FANH.US,5,20211213,214000,10.235,10.235,10.185,10.185,3272,0
FANH.US,5,20211213,214500,10.2,10.2,10.1,10.16,3453,0
FANH.US,5,20211213,215000,10.17,10.17,10.08,10.11,5388,0
FANH.US,5,20211213,215500,10.13,10.15,10.08,10.09,8690,0
FANH.US,5,20211214,153000,10.12,10.12,10.12,10.12,1185,0
FANH.US,5,20211214,153500,10.035,10.035,10.035,10.035,100,0
FANH.US,5,20211214,155000,9.96,10.1,9.96,10.1,1280,0
FANH.US,5,20211214,160500,10.17,10.17,10.17,10.17,467,0
FANH.US,5,20211214,162500,10.16,10.19,10.155,10.18,1081,0
FANH.US,5,20211214,163000,10.17,10.17,10.11,10.11,319,0
FANH.US,5,20211214,165000,10.07,10.07,9.99,10.06,1904,0
FANH.US,5,20211214,165500,10.08,10.08,10.04,10.04,200,0
FANH.US,5,20211214,170000,10.08,10.16,10.08,10.11,1244,0
FANH.US,5,20211214,170500,10.11,10.11,10.11,10.11,100,0
FANH.US,5,20211214,171000,10.13,10.13,10.01,10.01,8214,0
FANH.US,5,20211214,171500,10.05,10.05,10.0141,10.05,600,0
FANH.US,5,20211214,172500,10.09,10.11,10.09,10.11,400,0
FANH.US,5,20211214,173000,10.1,10.1,10.09,10.09,600,0
FANH.US,5,20211214,174000,10.1,10.1,10.09,10.09,800,0
FANH.US,5,20211214,174500,10.06,10.075,9.98,9.985,3302,0
FANH.US,5,20211214,180500,10.02,10.02,10.02,10.02,100,0
FANH.US,5,20211214,181500,10.02,10.02,9.96,9.96,330,0
FANH.US,5,20211214,183500,10,10.02,9.91,9.92,1586,0
FANH.US,5,20211214,184000,9.9,9.915,9.9,9.9,1547,0
FANH.US,5,20211214,184500,9.9,9.915,9.85,9.85,1602,0
FANH.US,5,20211214,185000,9.8629,9.8629,9.85,9.85,800,0
FANH.US,5,20211214,185500,9.85,9.85,9.85,9.85,100,0
FANH.US,5,20211214,190000,9.89,9.89,9.85,9.85,400,0
FANH.US,5,20211214,190500,9.86,9.86,9.86,9.86,200,0
FANH.US,5,20211214,191000,9.85,9.885,9.85,9.885,300,0
FANH.US,5,20211214,192500,9.8807,9.8807,9.88,9.88,1000,0
FANH.US,5,20211214,193000,9.885,9.9045,9.875,9.875,600,0
FANH.US,5,20211214,193500,9.86,9.86,9.8,9.81,1486,0
FANH.US,5,20211214,194000,9.8,9.8,9.8,9.8,100,0
FANH.US,5,20211214,194500,9.8,9.825,9.8,9.8,1092,0
FANH.US,5,20211214,195500,9.82,9.82,9.82,9.82,100,0
FANH.US,5,20211214,200000,9.82,9.835,9.79,9.81,1000,0
FANH.US,5,20211214,200500,9.86,9.86,9.86,9.86,309,0
FANH.US,5,20211214,201000,9.86,9.86,9.84,9.84,600,0
FANH.US,5,20211214,201500,9.87,9.87,9.86,9.86,214,0
FANH.US,5,20211214,202000,9.86,9.86,9.77,9.815,1050,0
FANH.US,5,20211214,203000,9.84,9.84,9.84,9.84,100,0
FANH.US,5,20211214,204000,9.84,9.84,9.84,9.84,230,0
FANH.US,5,20211214,205000,9.84,9.84,9.74,9.74,1753,0
FANH.US,5,20211214,210000,9.68,9.73,9.68,9.73,761,0
FANH.US,5,20211214,211000,9.77,9.795,9.74,9.795,3797,0
FANH.US,5,20211214,211500,9.81,9.82,9.79,9.82,1242,0
FANH.US,5,20211214,212000,9.81,9.81,9.81,9.81,132,0
FANH.US,5,20211214,212500,9.79,9.83,9.79,9.8,900,0
FANH.US,5,20211214,213000,9.79,9.79,9.79,9.79,100,0
FANH.US,5,20211214,213500,9.825,9.83,9.74,9.74,2346,0
FANH.US,5,20211214,214500,9.75,9.75,9.75,9.75,398,0
FANH.US,5,20211214,215000,9.75,9.75,9.725,9.75,1003,0
FANH.US,5,20211214,215500,9.74,9.74,9.65,9.71,7966,0
FANH.US,5,20211215,153000,9.7,9.71,9.62,9.71,774,0
FANH.US,5,20211215,153500,9.61,9.61,9.605,9.605,200,0
FANH.US,5,20211215,154500,9.48,9.49,9.44,9.44,1247,0
FANH.US,5,20211215,155000,9.49,9.5,9.45,9.45,300,0
FANH.US,5,20211215,155500,9.42,9.42,9.395,9.4,1690,0
FANH.US,5,20211215,160000,9.45,9.49,9.44,9.44,973,0
FANH.US,5,20211215,163000,9.455,9.46,9.33,9.355,2997,0
FANH.US,5,20211215,163500,9.3435,9.3435,9.3435,9.3435,123,0
FANH.US,5,20211215,170000,9.27,9.27,9.27,9.27,1100,0
FANH.US,5,20211215,170500,9.25,9.26,9.25,9.26,1100,0
FANH.US,5,20211215,174500,9.24,9.24,9.2,9.2,2350,0
FANH.US,5,20211215,175000,9.2,9.2,9.06,9.1,2812,0
FANH.US,5,20211215,175500,9.1,9.13,9.03,9.04,3518,0
FANH.US,5,20211215,180000,9.05,9.06,9.05,9.06,1700,0
FANH.US,5,20211215,180500,9.01,9.045,9,9.01,1741,0
FANH.US,5,20211215,181000,9,9,9,9,300,0
FANH.US,5,20211215,181500,9,9,9,9,1024,0
FANH.US,5,20211215,182000,8.93,9.04,8.87,8.97,2200,0
FANH.US,5,20211215,182500,9,9.04,8.96,9,3388,0
FANH.US,5,20211215,183000,9.03,9.08,9.03,9.08,1300,0
FANH.US,5,20211215,183500,9.08,9.08,8.99,9,1300,0
FANH.US,5,20211215,184000,9.0005,9.0005,8.875,8.88,2001,0
FANH.US,5,20211215,184500,8.92,8.93,8.85,8.9,3150,0
FANH.US,5,20211215,185000,8.93,8.97,8.93,8.95,1500,0
FANH.US,5,20211215,185500,8.98,8.98,8.93,8.93,796,0
FANH.US,5,20211215,190000,8.93,8.93,8.83,8.83,700,0
FANH.US,5,20211215,190500,8.84,8.84,8.84,8.84,200,0
FANH.US,5,20211215,191000,8.88,9,8.81,9,2948,0
FANH.US,5,20211215,191500,9,9,8.94,8.94,500,0
FANH.US,5,20211215,192000,8.95,8.95,8.94,8.94,200,0
FANH.US,5,20211215,192500,8.94,8.94,8.94,8.94,300,0
FANH.US,5,20211215,193000,8.9,8.9,8.9,8.9,200,0
FANH.US,5,20211215,193500,8.85,8.87,8.85,8.87,230,0
FANH.US,5,20211215,194000,8.86,8.86,8.81,8.81,200,0
FANH.US,5,20211215,194500,8.85,8.89,8.805,8.89,393,0
FANH.US,5,20211215,195000,8.89,8.96,8.86,8.905,1797,0
FANH.US,5,20211215,195500,8.91,8.91,8.91,8.91,200,0
FANH.US,5,20211215,200000,8.91,8.91,8.815,8.86,1000,0
FANH.US,5,20211215,200500,8.92,8.96,8.85,8.88,4460,0
FANH.US,5,20211215,201000,8.89,8.89,8.81,8.84,1100,0
FANH.US,5,20211215,201500,8.82,8.855,8.8,8.81,4150,0
FANH.US,5,20211215,202000,8.845,8.89,8.84,8.865,2100,0
FANH.US,5,20211215,202500,8.83,8.83,8.735,8.775,1933,0
FANH.US,5,20211215,203000,8.81,8.87,8.76,8.77,2500,0
FANH.US,5,20211215,203500,8.82,8.82,8.77,8.77,700,0
FANH.US,5,20211215,204000,8.84,8.85,8.745,8.84,2120,0
FANH.US,5,20211215,204500,8.84,8.85,8.76,8.785,857,0
FANH.US,5,20211215,205000,8.78,8.86,8.78,8.83,800,0
FANH.US,5,20211215,205500,8.85,8.85,8.85,8.85,100,0
FANH.US,5,20211215,210000,8.83,8.86,8.8,8.84,900,0
FANH.US,5,20211215,210500,8.83,8.94,8.81,8.94,1681,0
FANH.US,5,20211215,211000,8.94,8.95,8.94,8.95,300,0
FANH.US,5,20211215,211500,8.97,8.98,8.9,8.95,10238,0
FANH.US,5,20211215,212000,8.9542,9.04,8.94,9.03,5483,0
FANH.US,5,20211215,212500,9.03,9.03,9.0175,9.0175,200,0
FANH.US,5,20211215,213000,9.03,9.08,9.01,9.015,2690,0
FANH.US,5,20211215,213500,9.1,9.1,9.06,9.1,1100,0
FANH.US,5,20211215,214000,9.03,9.1,9.02,9.02,2000,0
FANH.US,5,20211215,214500,9.02,9.08,8.91,8.91,8611,0
FANH.US,5,20211215,215000,8.945,8.98,8.88,8.885,7102,0
FANH.US,5,20211215,215500,8.88,8.96,8.87,8.89,18591,0
FANH.US,5,20211216,153000,9.37,9.51,9.37,9.4,2943,0
FANH.US,5,20211216,153500,9.41,9.46,9.25,9.45,6135,0
FANH.US,5,20211216,154000,9.43,9.6001,9.43,9.6,6656,0
FANH.US,5,20211216,154500,9.6965,10.2,9.68,10.18,8157,0
FANH.US,5,20211216,155000,10.16,10.43,9.98,10.08,8138,0
FANH.US,5,20211216,155500,10.025,10.2646,10,10.2646,1833,0
FANH.US,5,20211216,160000,10.27,10.2732,9.935,9.935,1825,0
FANH.US,5,20211216,160500,9.93,9.93,9.79,9.79,2700,0
FANH.US,5,20211216,161000,9.68,9.78,9.6201,9.6201,2000,0
FANH.US,5,20211216,162500,9.655,9.655,9.655,9.655,100,0
FANH.US,5,20211216,164500,9.69,9.69,9.65,9.65,700,0
FANH.US,5,20211216,165000,9.625,9.625,9.61,9.615,609,0
FANH.US,5,20211216,165500,9.615,9.615,9.49,9.52,7911,0
FANH.US,5,20211216,170000,9.52,9.52,9.4701,9.4701,728,0
FANH.US,5,20211216,170500,9.47,9.52,9.47,9.5,1200,0
FANH.US,5,20211216,171000,9.485,9.49,9.46,9.46,1000,0
FANH.US,5,20211216,171500,9.465,9.465,9.45,9.45,494,0
FANH.US,5,20211216,172000,9.45,9.45,9.41,9.41,700,0
FANH.US,5,20211216,172500,9.41,9.41,9.41,9.41,400,0
FANH.US,5,20211216,173000,9.41,9.42,9.3901,9.42,700,0
FANH.US,5,20211216,173500,9.41,9.41,9.405,9.41,1199,0
FANH.US,5,20211216,174000,9.45,9.45,9.425,9.4467,700,0
FANH.US,5,20211216,174500,9.455,9.455,9.455,9.455,100,0
FANH.US,5,20211216,175000,9.455,9.455,9.4201,9.455,500,0
FANH.US,5,20211216,175500,9.455,9.455,9.4,9.4,1745,0
FANH.US,5,20211216,180000,9.38,9.38,9.35,9.36,1049,0
FANH.US,5,20211216,180500,9.36,9.37,9.35,9.35,1697,0
FANH.US,5,20211216,181000,9.2801,9.31,9.2801,9.31,1100,0
FANH.US,5,20211216,181500,9.2801,9.31,9.24,9.275,1100,0
FANH.US,5,20211216,182000,9.24,9.275,9.24,9.2401,900,0
FANH.US,5,20211216,182500,9.3,9.51,9.275,9.51,14800,0
FANH.US,5,20211216,183000,9.52,9.565,9.5,9.56,2100,0
FANH.US,5,20211216,183500,9.56,9.58,9.39,9.44,7223,0
FANH.US,5,20211216,184000,9.37,9.4,9.34,9.345,1673,0
FANH.US,5,20211216,184500,9.355,9.355,9.31,9.34,1390,0
FANH.US,5,20211216,185000,9.33,9.34,9.33,9.33,1400,0
FANH.US,5,20211216,185500,9.365,9.365,9.33,9.355,700,0
FANH.US,5,20211216,190000,9.34,9.34,9.34,9.34,600,0
FANH.US,5,20211216,190500,9.33,9.355,9.33,9.35,1500,0
FANH.US,5,20211216,191000,9.35,9.365,9.35,9.365,1150,0
FANH.US,5,20211216,191500,9.35,9.35,9.29,9.29,794,0
FANH.US,5,20211216,192000,9.29,9.29,9.23,9.23,2252,0
FANH.US,5,20211216,192500,9.23,9.25,9.21,9.22,3700,0
FANH.US,5,20211216,193000,9.21,9.265,9.21,9.265,1648,0
FANH.US,5,20211216,193500,9.265,9.265,9.2,9.21,1465,0
FANH.US,5,20211216,194000,9.23,9.24,9.14,9.14,5177,0
FANH.US,5,20211216,194500,9.15,9.16,9.08,9.085,5478,0
FANH.US,5,20211216,195000,9.08,9.21,9.07,9.12,17215,0
FANH.US,5,20211216,195500,9.09,9.15,9.05,9.06,4047,0
FANH.US,5,20211216,200000,9.05,9.06,9,9,3060,0
FANH.US,5,20211216,200500,9.02,9.05,9,9,4846,0
FANH.US,5,20211216,201000,9.01,9.06,9,9.045,3057,0
FANH.US,5,20211216,201500,9.045,9.05,8.93,8.94,5376,0
FANH.US,5,20211216,202000,8.93,8.98,8.86,8.935,3855,0
FANH.US,5,20211216,202500,8.95,9.03,8.95,9.03,3267,0
FANH.US,5,20211216,203000,9.015,9.05,8.995,9.01,3294,0
FANH.US,5,20211216,203500,8.96,9.005,8.96,9,2100,0
FANH.US,5,20211216,204000,9.005,9.03,8.98,9.005,1100,0
FANH.US,5,20211216,204500,9.005,9.035,8.98,9.005,9877,0
FANH.US,5,20211216,205000,8.97,9.01,8.97,8.995,2500,0
FANH.US,5,20211216,205500,8.995,9,8.89,8.89,5249,0
FANH.US,5,20211216,210000,8.89,8.97,8.87,8.92,7464,0
FANH.US,5,20211216,210500,8.93,8.97,8.92,8.97,7317,0
FANH.US,5,20211216,211000,8.97,8.97,8.88,8.93,8170,0
FANH.US,5,20211216,211500,8.935,8.95,8.85,8.89,8771,0
FANH.US,5,20211216,212000,8.86,8.92,8.83,8.9,8176,0
FANH.US,5,20211216,212500,8.86,8.92,8.84,8.92,9993,0
FANH.US,5,20211216,213000,8.93,8.94,8.85,8.86,3747,0
FANH.US,5,20211216,213500,8.86,8.89,8.85,8.87,7161,0
FANH.US,5,20211216,214000,8.91,8.91,8.885,8.91,5890,0
FANH.US,5,20211216,214500,8.9,8.9,8.85,8.88,4695,0
FANH.US,5,20211216,215000,8.9,9,8.88,9,5218,0
FANH.US,5,20211216,215500,8.95,8.99,8.9,8.99,27762,0
FANH.US,5,20211217,153000,9.09,9.09,8.76,8.88,6305,0
FANH.US,5,20211217,153500,8.92,8.95,8.83,8.95,1113,0
FANH.US,5,20211217,154000,8.87,8.9,8.835,8.9,1646,0
FANH.US,5,20211217,154500,8.86,9.01,8.86,9.01,708,0
FANH.US,5,20211217,155000,8.77,8.98,8.77,8.86,1694,0
FANH.US,5,20211217,155500,8.86,8.91,8.84,8.84,1304,0
FANH.US,5,20211217,160000,8.85,8.85,8.85,8.85,305,0
FANH.US,5,20211217,160500,8.84,8.88,8.84,8.88,2022,0
FANH.US,5,20211217,161000,8.89,8.94,8.89,8.94,700,0
FANH.US,5,20211217,161500,8.91,8.91,8.91,8.91,100,0
FANH.US,5,20211217,162000,8.885,8.885,8.885,8.885,100,0
FANH.US,5,20211217,162500,8.92,8.92,8.92,8.92,500,0
FANH.US,5,20211217,163000,8.88,8.93,8.87,8.93,500,0
FANH.US,5,20211217,164000,8.9,8.9,8.9,8.9,100,0
FANH.US,5,20211217,164500,8.88,8.88,8.88,8.88,333,0
FANH.US,5,20211217,165000,8.91,8.91,8.91,8.91,400,0
FANH.US,5,20211217,165500,8.88,8.97,8.88,8.97,640,0
FANH.US,5,20211217,170500,8.96,8.96,8.9,8.9,799,0
FANH.US,5,20211217,171000,8.96,8.96,8.96,8.96,191,0
FANH.US,5,20211217,171500,8.9,8.95,8.9,8.95,790,0
FANH.US,5,20211217,172000,8.95,8.96,8.87,8.955,1279,0
FANH.US,5,20211217,172500,8.91,8.96,8.9,8.96,1534,0
FANH.US,5,20211217,173000,8.96,8.96,8.9,8.91,510,0
FANH.US,5,20211217,173500,8.93,8.93,8.895,8.895,1122,0
FANH.US,5,20211217,174500,8.91,8.91,8.9,8.91,1017,0
FANH.US,5,20211217,175000,8.92,8.92,8.86,8.9,1525,0
FANH.US,5,20211217,175500,8.88,8.89,8.88,8.89,600,0
FANH.US,5,20211217,180500,8.88,8.88,8.88,8.88,100,0
FANH.US,5,20211217,181500,8.92,9,8.92,9,708,0
FANH.US,5,20211217,182000,8.98,8.98,8.9386,8.9386,213,0
FANH.US,5,20211217,182500,8.96,8.96,8.96,8.96,100,0
FANH.US,5,20211217,185000,8.91,8.92,8.91,8.92,400,0
FANH.US,5,20211217,185500,8.94,8.94,8.86,8.9,1406,0
FANH.US,5,20211217,190000,8.91,8.93,8.9,8.91,919,0
FANH.US,5,20211217,190500,8.915,8.915,8.915,8.915,100,0
FANH.US,5,20211217,191000,8.91,8.94,8.88,8.94,852,0
FANH.US,5,20211217,192000,8.89,8.89,8.89,8.89,100,0
FANH.US,5,20211217,192500,8.91,8.91,8.91,8.91,100,0
FANH.US,5,20211217,193000,8.9,8.9,8.9,8.9,700,0
FANH.US,5,20211217,193500,8.92,8.92,8.92,8.92,260,0
FANH.US,5,20211217,194000,8.93,8.93,8.86,8.9,2100,0
FANH.US,5,20211217,194500,8.895,8.895,8.895,8.895,122,0
FANH.US,5,20211217,195000,8.9,8.9,8.9,8.9,200,0
FANH.US,5,20211217,195500,8.85,8.87,8.84,8.87,900,0
FANH.US,5,20211217,200500,8.85,8.855,8.845,8.845,1339,0
FANH.US,5,20211217,201000,8.85,8.855,8.78,8.78,6371,0
FANH.US,5,20211217,201500,8.78,8.78,8.65,8.67,5604,0
FANH.US,5,20211217,202000,8.68,8.71,8.67,8.705,2847,0
FANH.US,5,20211217,202500,8.67,8.75,8.65,8.7,4100,0
FANH.US,5,20211217,203000,8.73,8.77,8.7171,8.72,4550,0
FANH.US,5,20211217,203500,8.7,8.73,8.68,8.685,3173,0
FANH.US,5,20211217,204000,8.68,8.72,8.655,8.72,4315,0
FANH.US,5,20211217,204500,8.74,8.74,8.7,8.7,2152,0
FANH.US,5,20211217,205000,8.68,8.74,8.66,8.69,2805,0
FANH.US,5,20211217,205500,8.695,8.72,8.61,8.66,4494,0
FANH.US,5,20211217,210000,8.61,8.66,8.61,8.63,2500,0
FANH.US,5,20211217,210500,8.61,8.67,8.6,8.67,5074,0
FANH.US,5,20211217,211000,8.62,8.64,8.5,8.535,7533,0
FANH.US,5,20211217,211500,8.5,8.61,8.47,8.59,9849,0
FANH.US,5,20211217,212000,8.59,8.595,8.49,8.49,2983,0
FANH.US,5,20211217,212500,8.53,8.53,8.43,8.51,6010,0
FANH.US,5,20211217,213000,8.475,8.59,8.475,8.58,5703,0
FANH.US,5,20211217,213500,8.56,8.64,8.55,8.595,10141,0
FANH.US,5,20211217,214000,8.595,8.65,8.56,8.595,10326,0
FANH.US,5,20211217,214500,8.56,8.575,8.45,8.45,5297,0
FANH.US,5,20211217,215000,8.51,8.57,8.43,8.555,9900,0
FANH.US,5,20211217,215500,8.57,8.58,8.47,8.5,13638,0
FANH.US,5,20211220,153000,8.51,8.51,8.5,8.5,3135,0
FANH.US,5,20211220,160000,8.22,8.22,8.22,8.22,100,0
FANH.US,5,20211220,160500,8.22,8.23,8.21,8.21,1718,0
FANH.US,5,20211220,161000,8.21,8.21,8.1083,8.21,1140,0
FANH.US,5,20211220,161500,8.205,8.25,8.1659,8.2173,1900,0
FANH.US,5,20211220,162000,8.25,8.25,8.22,8.22,600,0
FANH.US,5,20211220,162500,8.21,8.21,8.21,8.21,286,0
FANH.US,5,20211220,163000,8.25,8.3,8.25,8.3,500,0
FANH.US,5,20211220,163500,8.26,8.28,8.25,8.28,400,0
FANH.US,5,20211220,164000,8.25,8.25,8.23,8.25,950,0
FANH.US,5,20211220,164500,8.25,8.25,8.2,8.2,400,0
FANH.US,5,20211220,170500,8.25,8.29,8.25,8.28,1300,0
FANH.US,5,20211220,171000,8.245,8.27,8.245,8.27,300,0
FANH.US,5,20211220,171500,8.25,8.25,8.245,8.245,200,0
FANH.US,5,20211220,172000,8.25,8.25,8.25,8.25,100,0
FANH.US,5,20211220,172500,8.25,8.25,8.21,8.25,300,0
FANH.US,5,20211220,173000,8.235,8.25,8.21,8.21,1300,0
FANH.US,5,20211220,173500,8.2,8.2,8.12,8.12,1200,0
FANH.US,5,20211220,174000,8.155,8.16,8.155,8.155,1300,0
FANH.US,5,20211220,174500,8.145,8.15,8.11,8.145,1700,0
FANH.US,5,20211220,175000,8.11,8.15,8.11,8.14,1600,0
FANH.US,5,20211220,175500,8.14,8.14,8.085,8.095,1150,0
FANH.US,5,20211220,180000,8.05,8.08,8,8.04,2739,0
FANH.US,5,20211220,180500,8.04,8.04,8,8,1300,0
FANH.US,5,20211220,181000,8.04,8.04,8,8,2100,0
FANH.US,5,20211220,181500,8.04,8.04,7.98,7.98,1200,0
FANH.US,5,20211220,182000,7.955,7.99,7.92,7.93,4651,0
FANH.US,5,20211220,182500,7.91,7.9908,7.86,7.87,2949,0
FANH.US,5,20211220,183000,7.87,7.915,7.83,7.87,1246,0
FANH.US,5,20211220,183500,7.82,7.86,7.775,7.775,1700,0
FANH.US,5,20211220,184000,7.77,7.8,7.75,7.75,1300,0
FANH.US,5,20211220,184500,7.75,7.75,7.7,7.7,1902,0
FANH.US,5,20211220,185000,7.7,7.88,7.7,7.845,2803,0
FANH.US,5,20211220,185500,7.845,7.845,7.71,7.75,2048,0
FANH.US,5,20211220,190000,7.755,7.755,7.7,7.72,1609,0
FANH.US,5,20211220,190500,7.73,7.84,7.69,7.825,3669,0
FANH.US,5,20211220,191000,7.84,7.84,7.77,7.77,1046,0
FANH.US,5,20211220,191500,7.785,7.785,7.68,7.7,1400,0
FANH.US,5,20211220,192000,7.76,7.795,7.74,7.795,1700,0
FANH.US,5,20211220,192500,7.81,7.82,7.78,7.78,1510,0
FANH.US,5,20211220,193000,7.76,7.76,7.7,7.74,2000,0
FANH.US,5,20211220,193500,7.73,7.77,7.71,7.77,1900,0
FANH.US,5,20211220,194000,7.83,7.83,7.71,7.765,1000,0
FANH.US,5,20211220,194500,7.72,7.72,7.69,7.715,800,0
FANH.US,5,20211220,195000,7.74,7.75,7.72,7.73,1000,0
FANH.US,5,20211220,195500,7.71,7.77,7.71,7.75,1800,0
FANH.US,5,20211220,200000,7.7,7.75,7.7,7.71,687,0
FANH.US,5,20211220,200500,7.71,7.7724,7.71,7.71,550,0
FANH.US,5,20211220,201000,7.71,7.7827,7.71,7.71,800,0
FANH.US,5,20211220,201500,7.79,7.82,7.78,7.8,1065,0
FANH.US,5,20211220,202000,7.76,7.76,7.76,7.76,144,0
FANH.US,5,20211220,202500,7.76,7.8,7.76,7.76,5842,0
FANH.US,5,20211220,203000,7.77,7.77,7.69,7.76,1900,0
FANH.US,5,20211220,203500,7.74,7.78,7.74,7.75,1100,0
FANH.US,5,20211220,204000,7.72,7.78,7.7,7.76,1300,0
FANH.US,5,20211220,204500,7.71,7.72,7.7,7.72,2792,0
FANH.US,5,20211220,205000,7.7,7.75,7.7,7.7,700,0
FANH.US,5,20211220,205500,7.7,7.76,7.7,7.75,1500,0
FANH.US,5,20211220,210000,7.76,7.76,7.71,7.71,300,0
FANH.US,5,20211220,210500,7.75,7.75,7.74,7.74,1000,0
FANH.US,5,20211220,211000,7.73,7.73,7.73,7.73,300,0
FANH.US,5,20211220,211500,7.73,7.75,7.69,7.735,1900,0
FANH.US,5,20211220,212000,7.735,7.78,7.72,7.78,1495,0
FANH.US,5,20211220,212500,7.76,7.76,7.73,7.745,1000,0
FANH.US,5,20211220,213000,7.73,7.76,7.73,7.74,2750,0
FANH.US,5,20211220,213500,7.73,7.73,7.7,7.705,2207,0
FANH.US,5,20211220,214000,7.69,7.705,7.68,7.7,2100,0
FANH.US,5,20211220,214500,7.705,7.73,7.68,7.73,5303,0
FANH.US,5,20211220,215000,7.72,7.74,7.72,7.74,3169,0
FANH.US,5,20211220,215500,7.74,7.81,7.74,7.8,10069,0
FANH.US,5,20211221,153000,7.85,8.135,7.85,8,1332,0
FANH.US,5,20211221,153500,7.98,7.98,7.98,7.98,100,0
FANH.US,5,20211221,154000,7.89,7.94,7.89,7.94,800,0
FANH.US,5,20211221,154500,7.89,7.89,7.89,7.89,791,0
FANH.US,5,20211221,155000,7.89,8.18,7.89,8.13,5354,0
FANH.US,5,20211221,160000,8.01,8.01,8,8,800,0
FANH.US,5,20211221,160500,8.01,8.12,8.01,8.12,300,0
FANH.US,5,20211221,162500,8.09,8.09,8.06,8.06,1061,0
FANH.US,5,20211221,163500,8.05,8.05,7.99,7.99,200,0
FANH.US,5,20211221,164000,8.07,8.11,8.03,8.03,2105,0
FANH.US,5,20211221,164500,8.0745,8.16,8.0745,8.155,1200,0
FANH.US,5,20211221,165000,8.08,8.08,8.08,8.08,200,0
FANH.US,5,20211221,170000,8.08,8.08,8.08,8.08,200,0
FANH.US,5,20211221,170500,8.11,8.11,8.11,8.11,100,0
FANH.US,5,20211221,171000,8.12,8.51,8.12,8.41,36008,0
FANH.US,5,20211221,171500,8.39,8.5,8.39,8.48,6972,0
FANH.US,5,20211221,172000,8.47,8.47,8.35,8.425,23411,0
FANH.US,5,20211221,172500,8.45,8.51,8.36,8.385,13310,0
FANH.US,5,20211221,173000,8.42,8.45,8.29,8.29,14140,0
FANH.US,5,20211221,174000,8.35,8.35,8.35,8.35,200,0
FANH.US,5,20211221,174500,8.35,8.35,8.29,8.29,576,0
FANH.US,5,20211221,175500,8.26,8.27,8.2595,8.27,2099,0
FANH.US,5,20211221,180000,8.245,8.245,8.245,8.245,100,0
FANH.US,5,20211221,181000,8.255,8.27,8.19,8.19,500,0
FANH.US,5,20211221,181500,8.3,8.32,8.28,8.32,900,0
FANH.US,5,20211221,182500,8.28,8.29,8.28,8.29,700,0
FANH.US,5,20211221,183500,8.29,8.29,8.285,8.285,200,0
FANH.US,5,20211221,184500,8.3,8.3,8.3,8.3,500,0
FANH.US,5,20211221,185500,8.3,8.3,8.29,8.29,500,0
FANH.US,5,20211221,190000,8.29,8.3,8.29,8.3,1573,0
FANH.US,5,20211221,191000,8.31,8.31,8.31,8.31,200,0
FANH.US,5,20211221,191500,8.31,8.31,8.31,8.31,200,0
FANH.US,5,20211221,192000,8.31,8.35,8.31,8.35,200,0
FANH.US,5,20211221,192500,8.31,8.31,8.3,8.3,300,0
FANH.US,5,20211221,193000,8.3,8.3,8.3,8.3,203,0
FANH.US,5,20211221,194000,8.28,8.28,8.28,8.28,200,0
FANH.US,5,20211221,194500,8.25,8.25,8.25,8.25,300,0
FANH.US,5,20211221,195000,8.27,8.27,8.27,8.27,100,0
FANH.US,5,20211221,195500,8.23,8.25,8.2,8.225,1192,0
FANH.US,5,20211221,200500,8.2,8.2,8.18,8.18,700,0
FANH.US,5,20211221,201000,8.16,8.19,8.16,8.19,597,0
FANH.US,5,20211221,202000,8.19,8.19,8.19,8.19,200,0
FANH.US,5,20211221,202500,8.23,8.23,8.23,8.23,236,0
FANH.US,5,20211221,203000,8.21,8.21,8.21,8.21,200,0
FANH.US,5,20211221,204000,8.22,8.22,8.22,8.22,1087,0
FANH.US,5,20211221,204500,8.21,8.23,8.21,8.23,855,0
FANH.US,5,20211221,205000,8.23,8.23,8.23,8.23,100,0
FANH.US,5,20211221,205500,8.26,8.26,8.26,8.26,200,0
FANH.US,5,20211221,210000,8.23,8.23,8.23,8.23,851,0
FANH.US,5,20211221,210500,8.2,8.2,8.2,8.2,200,0
FANH.US,5,20211221,211000,8.22,8.22,8.15,8.15,1268,0
FANH.US,5,20211221,211500,8.19,8.2137,8.19,8.2137,549,0
FANH.US,5,20211221,212000,8.2,8.2,8.2,8.2,100,0
FANH.US,5,20211221,212500,8.21,8.26,8.2,8.2,8206,0
FANH.US,5,20211221,213500,8.23,8.275,8.23,8.275,1100,0
FANH.US,5,20211221,214000,8.26,8.26,8.23,8.23,582,0
FANH.US,5,20211221,214500,8.23,8.26,8.23,8.23,1400,0
FANH.US,5,20211221,215000,8.25,8.25,8.2,8.2,1900,0
FANH.US,5,20211221,215500,8.21,8.21,8.16,8.2,8003,0
FANH.US,5,20211222,153000,8.09,8.09,8.09,8.09,221,0
FANH.US,5,20211222,154000,8,8.015,7.98,8.015,5842,0
FANH.US,5,20211222,154500,7.89,7.89,7.7013,7.72,8449,0
FANH.US,5,20211222,155000,7.72,7.79,7.72,7.77,2446,0
FANH.US,5,20211222,155500,7.7964,7.7964,7.7964,7.7964,200,0
FANH.US,5,20211222,161000,7.7951,7.8499,7.79,7.79,1200,0
FANH.US,5,20211222,162000,7.79,7.815,7.79,7.815,3110,0
FANH.US,5,20211222,162500,7.77,7.77,7.735,7.735,1378,0
FANH.US,5,20211222,163000,7.72,7.75,7.65,7.66,4508,0
FANH.US,5,20211222,164000,7.615,7.615,7.615,7.615,100,0
FANH.US,5,20211222,164500,7.585,7.6,7.57,7.57,1195,0
FANH.US,5,20211222,165000,7.5106,7.52,7.51,7.51,3845,0
FANH.US,5,20211222,165500,7.51,7.51,7.51,7.51,100,0
FANH.US,5,20211222,170000,7.5,7.53,7.38,7.48,7089,0
FANH.US,5,20211222,170500,7.46,7.46,7.46,7.46,100,0
FANH.US,5,20211222,171500,7.58,7.6,7.58,7.6,200,0
FANH.US,5,20211222,172500,7.52,7.53,7.52,7.53,300,0
FANH.US,5,20211222,174000,7.5999,7.5999,7.5999,7.5999,1000,0
FANH.US,5,20211222,175000,7.43,7.43,7.43,7.43,100,0
FANH.US,5,20211222,180000,7.415,7.56,7.415,7.4899,5763,0
FANH.US,5,20211222,180500,7.47,7.49,7.47,7.49,200,0
FANH.US,5,20211222,181000,7.41,7.45,7.4,7.45,700,0
FANH.US,5,20211222,181500,7.37,7.37,7.37,7.37,100,0
FANH.US,5,20211222,182000,7.415,7.4228,7.36,7.36,3407,0
FANH.US,5,20211222,182500,7.44,7.44,7.44,7.44,100,0
FANH.US,5,20211222,183000,7.35,7.41,7.35,7.3554,1300,0
FANH.US,5,20211222,183500,7.375,7.375,7.375,7.375,100,0
FANH.US,5,20211222,184500,7.36,7.36,7.36,7.36,100,0
FANH.US,5,20211222,185000,7.38,7.38,7.3501,7.3501,500,0
FANH.US,5,20211222,190500,7.39,7.39,7.39,7.39,773,0
FANH.US,5,20211222,191500,7.38,7.4297,7.37,7.37,3021,0
FANH.US,5,20211222,192000,7.39,7.39,7.35,7.35,1737,0
FANH.US,5,20211222,192500,7.34,7.35,7.335,7.35,1400,0
FANH.US,5,20211222,193500,7.35,7.35,7.35,7.35,200,0
FANH.US,5,20211222,194000,7.35,7.35,7.33,7.33,600,0
FANH.US,5,20211222,194500,7.31,7.31,7.31,7.31,200,0
FANH.US,5,20211222,195000,7.33,7.34,7.33,7.34,200,0
FANH.US,5,20211222,195500,7.32,7.32,7.32,7.32,400,0
FANH.US,5,20211222,200500,7.33,7.33,7.3176,7.325,1585,0
FANH.US,5,20211222,201000,7.3222,7.3222,7.3,7.305,4469,0
FANH.US,5,20211222,201500,7.29,7.29,7.28,7.28,400,0
FANH.US,5,20211222,202000,7.29,7.3,7.27,7.3,4551,0
FANH.US,5,20211222,202500,7.31,7.31,7.31,7.31,200,0
FANH.US,5,20211222,203000,7.32,7.32,7.32,7.32,100,0
FANH.US,5,20211222,203500,7.29,7.31,7.25,7.26,783,0
FANH.US,5,20211222,204000,7.26,7.27,7.26,7.27,400,0
FANH.US,5,20211222,204500,7.2612,7.27,7.2612,7.27,200,0
FANH.US,5,20211222,205500,7.27,7.275,7.27,7.27,500,0
FANH.US,5,20211222,210500,7.27,7.27,7.27,7.27,800,0
FANH.US,5,20211222,211000,7.3,7.32,7.285,7.285,1425,0
FANH.US,5,20211222,211500,7.33,7.33,7.305,7.33,2680,0
FANH.US,5,20211222,212000,7.335,7.36,7.335,7.35,1596,0
FANH.US,5,20211222,213500,7.3622,7.3622,7.33,7.345,2813,0
FANH.US,5,20211222,214000,7.345,7.345,7.315,7.315,805,0
FANH.US,5,20211222,214500,7.315,7.37,7.315,7.355,6896,0
FANH.US,5,20211222,215000,7.355,7.355,7.35,7.35,400,0
FANH.US,5,20211222,215500,7.3489,7.36,7.33,7.34,5202,0
FANH.US,5,20211223,153000,7.27,7.58,7.27,7.42,7038,0
FANH.US,5,20211223,153500,7.425,7.425,7.425,7.425,120,0
FANH.US,5,20211223,154000,7.37,7.37,7.31,7.36,2646,0
FANH.US,5,20211223,154500,7.4,7.44,7.375,7.41,6168,0
FANH.US,5,20211223,155000,7.42,7.46,7.42,7.46,500,0
FANH.US,5,20211223,155500,7.5,7.5,7.5,7.5,125,0
FANH.US,5,20211223,160500,7.45,7.45,7.44,7.44,200,0
FANH.US,5,20211223,161500,7.41,7.41,7.41,7.41,200,0
FANH.US,5,20211223,162000,7.41,7.41,7.41,7.41,100,0
FANH.US,5,20211223,162500,7.42,7.42,7.42,7.42,1000,0
FANH.US,5,20211223,163000,7.4342,7.4342,7.4342,7.4342,120,0
FANH.US,5,20211223,163500,7.39,7.3913,7.39,7.3913,1960,0
FANH.US,5,20211223,164500,7.38,7.38,7.38,7.38,200,0
FANH.US,5,20211223,170000,7.305,7.32,7.27,7.305,2568,0
FANH.US,5,20211223,170500,7.325,7.34,7.325,7.33,333,0
FANH.US,5,20211223,171000,7.2694,7.2694,7.2694,7.2694,133,0
FANH.US,5,20211223,172000,7.32,7.33,7.27,7.27,2300,0
FANH.US,5,20211223,173500,7.26,7.29,7.26,7.29,213,0
FANH.US,5,20211223,174000,7.27,7.28,7.27,7.28,986,0
FANH.US,5,20211223,174500,7.28,7.28,7.28,7.28,400,0
FANH.US,5,20211223,175000,7.26,7.26,7.26,7.26,565,0
FANH.US,5,20211223,175500,7.2575,7.2575,7.2575,7.2575,120,0
FANH.US,5,20211223,180000,7.2667,7.2667,7.2667,7.2667,100,0
FANH.US,5,20211223,180500,7.25,7.25,7.21,7.2154,3341,0
FANH.US,5,20211223,181000,7.2064,7.2064,7.17,7.17,3833,0
FANH.US,5,20211223,181500,7.15,7.15,7.12,7.12,300,0
FANH.US,5,20211223,182000,7.12,7.12,7.11,7.11,200,0
FANH.US,5,20211223,182500,7.17,7.2,7.17,7.19,2400,0
FANH.US,5,20211223,183000,7.17,7.17,7.17,7.17,193,0
FANH.US,5,20211223,183500,7.18,7.18,7.18,7.18,100,0
FANH.US,5,20211223,184000,7.1647,7.1647,7.145,7.145,300,0
FANH.US,5,20211223,184500,7.11,7.11,7.11,7.11,100,0
FANH.US,5,20211223,185000,7.1,7.1,7.1,7.1,100,0
FANH.US,5,20211223,185500,7.08,7.13,7.05,7.13,2000,0
FANH.US,5,20211223,190500,7.0943,7.1288,7.0943,7.1288,1083,0
FANH.US,5,20211223,191000,7.13,7.13,7.13,7.13,100,0
FANH.US,5,20211223,191500,7.12,7.15,7.12,7.15,1833,0
FANH.US,5,20211223,192000,7.15,7.16,7.13,7.13,600,0
FANH.US,5,20211223,192500,7.12,7.12,7.12,7.12,300,0
FANH.US,5,20211223,193000,7.1,7.1,7.1,7.1,100,0
FANH.US,5,20211223,193500,7.09,7.09,7.09,7.09,100,0
FANH.US,5,20211223,194000,7.09,7.09,7.09,7.09,500,0
FANH.US,5,20211223,195000,7.16,7.16,7.11,7.11,200,0
FANH.US,5,20211223,195500,7.12,7.12,7.11,7.11,200,0
FANH.US,5,20211223,200000,7.16,7.16,7.11,7.14,442,0
FANH.US,5,20211223,200500,7.13,7.15,7.13,7.15,700,0
FANH.US,5,20211223,201000,7.12,7.12,7.12,7.12,300,0
FANH.US,5,20211223,201500,7.12,7.12,7.12,7.12,1877,0
FANH.US,5,20211223,202000,7.16,7.16,7.16,7.16,694,0
FANH.US,5,20211223,202500,7.1005,7.1682,7.1005,7.1682,200,0
FANH.US,5,20211223,203000,7.1005,7.17,7.1,7.1062,925,0
FANH.US,5,20211223,204500,7.12,7.13,7.12,7.13,1193,0
FANH.US,5,20211223,205000,7.12,7.12,7.12,7.12,100,0
FANH.US,5,20211223,210000,7.139,7.14,7.13,7.14,900,0
FANH.US,5,20211223,211000,7.13,7.18,7.11,7.1773,4692,0
FANH.US,5,20211223,211500,7.18,7.18,7.165,7.17,468,0
FANH.US,5,20211223,212000,7.18,7.18,7.175,7.175,3294,0
FANH.US,5,20211223,212500,7.175,7.21,7.175,7.21,600,0
FANH.US,5,20211223,213000,7.2,7.2,7.2,7.2,100,0
FANH.US,5,20211223,213500,7.21,7.22,7.205,7.22,809,0
FANH.US,5,20211223,214000,7.23,7.26,7.23,7.26,1165,0
FANH.US,5,20211223,214500,7.27,7.3,7.27,7.3,700,0
FANH.US,5,20211223,215000,7.3066,7.31,7.3066,7.31,800,0
FANH.US,5,20211223,215500,7.3,7.32,7.25,7.25,3497,0
