<TICKER>,<PER>,<DATE>,<TIME>,<OPEN>,<HIGH>,<LOW>,<CLOSE>,<VOL>,<OPENINT>
FCBC.US,5,20211104,143000,34.03,34.03,34.03,34.03,432,0
FCBC.US,5,20211104,144000,33.8,33.8,33.8,33.8,100,0
FCBC.US,5,20211104,145000,33.8,33.8,33.73,33.73,500,0
FCBC.US,5,20211104,145500,33.73,33.73,33.73,33.73,100,0
FCBC.US,5,20211104,150000,33.73,33.73,33.73,33.73,100,0
FCBC.US,5,20211104,150500,33.5,33.5,33.13,33.13,500,0
FCBC.US,5,20211104,152000,33.3,33.3,32.9,32.9,376,0
FCBC.US,5,20211104,154500,32.95,32.95,32.95,32.95,100,0
FCBC.US,5,20211104,155000,32.95,32.95,32.95,32.95,100,0
FCBC.US,5,20211104,155500,32.95,32.95,32.95,32.95,100,0
FCBC.US,5,20211104,160500,32.99,32.99,32.98,32.98,400,0
FCBC.US,5,20211104,161000,32.81,32.81,32.81,32.81,100,0
FCBC.US,5,20211104,162000,32.83,32.83,32.83,32.83,100,0
FCBC.US,5,20211104,163000,32.83,32.85,32.83,32.85,3736,0
FCBC.US,5,20211104,163500,32.85,32.85,32.85,32.85,600,0
FCBC.US,5,20211104,164000,32.83,32.83,32.83,32.83,100,0
FCBC.US,5,20211104,165000,33,33,33,33,200,0
FCBC.US,5,20211104,165500,33.02,33.02,33,33,300,0
FCBC.US,5,20211104,170500,33,33,32.605,32.605,200,0
FCBC.US,5,20211104,172500,32.6653,32.6653,32.6653,32.6653,300,0
FCBC.US,5,20211104,173000,32.675,32.675,32.675,32.675,100,0
FCBC.US,5,20211104,175500,32.71,32.71,32.71,32.71,100,0
FCBC.US,5,20211104,182000,32.79,32.79,32.79,32.79,100,0
FCBC.US,5,20211104,184500,32.87,32.87,32.79,32.79,322,0
FCBC.US,5,20211104,185000,32.79,32.87,32.79,32.87,300,0
FCBC.US,5,20211104,190500,33.01,33.01,33.01,33.01,100,0
FCBC.US,5,20211104,191000,33,33.06,33,33.06,700,0
FCBC.US,5,20211104,191500,33.02,33.02,33.01,33.01,700,0
FCBC.US,5,20211104,192500,33.01,33.01,33.01,33.01,700,0
FCBC.US,5,20211104,193500,33.02,33.02,32.77,32.85,1122,0
FCBC.US,5,20211104,194000,32.97,32.99,32.695,32.695,500,0
FCBC.US,5,20211104,195000,32.81,32.81,32.81,32.81,100,0
FCBC.US,5,20211104,201000,33.02,33.02,32.98,32.98,200,0
FCBC.US,5,20211104,201500,33.16,33.16,33.16,33.16,100,0
FCBC.US,5,20211104,202000,33.32,33.32,33.24,33.26,600,0
FCBC.US,5,20211104,203000,33.3242,33.3242,33.3242,33.3242,500,0
FCBC.US,5,20211104,204500,33.27,33.31,33.27,33.31,400,0
FCBC.US,5,20211104,205500,33.24,33.51,33.24,33.48,3116,0
FCBC.US,5,20211105,143000,33.78,33.78,33.78,33.78,289,0
FCBC.US,5,20211105,143500,34.04,34.04,34.04,34.04,100,0
FCBC.US,5,20211105,145500,33.97,34.05,33.96,34.05,500,0
FCBC.US,5,20211105,150500,34.13,34.14,34.13,34.14,400,0
FCBC.US,5,20211105,152000,34.0647,34.0647,34.0647,34.0647,100,0
FCBC.US,5,20211105,152500,33.99,33.99,33.85,33.85,300,0
FCBC.US,5,20211105,153500,34.03,34.03,34.03,34.03,100,0
FCBC.US,5,20211105,154000,34.12,34.12,34.12,34.12,201,0
FCBC.US,5,20211105,154500,34.29,34.3,34.29,34.3,400,0
FCBC.US,5,20211105,155000,34.38,34.38,34.31,34.31,418,0
FCBC.US,5,20211105,155500,34.49,34.52,34.49,34.49,300,0
FCBC.US,5,20211105,160000,34.51,34.62,34.5,34.57,600,0
FCBC.US,5,20211105,161000,34.66,34.68,34.66,34.68,500,0
FCBC.US,5,20211105,161500,34.78,34.85,34.78,34.84,500,0
FCBC.US,5,20211105,162000,34.945,34.945,34.945,34.945,100,0
FCBC.US,5,20211105,162500,34.72,34.77,34.72,34.77,300,0
FCBC.US,5,20211105,163000,34.475,34.475,34.475,34.475,293,0
FCBC.US,5,20211105,163500,34.6,34.6,34.6,34.6,100,0
FCBC.US,5,20211105,164500,34.265,34.265,34.265,34.265,200,0
FCBC.US,5,20211105,165500,34.28,34.51,34.28,34.51,300,0
FCBC.US,5,20211105,170000,34.51,34.51,34.405,34.5,500,0
FCBC.US,5,20211105,170500,34.4,34.48,34.31,34.335,700,0
FCBC.US,5,20211105,171000,34.33,34.33,34.33,34.33,200,0
FCBC.US,5,20211105,171500,34.33,34.33,34.33,34.33,100,0
FCBC.US,5,20211105,172000,34.33,34.33,34.33,34.33,100,0
FCBC.US,5,20211105,172500,34.33,34.33,34.33,34.33,100,0
FCBC.US,5,20211105,173000,34.33,34.44,34.33,34.44,200,0
FCBC.US,5,20211105,173500,34.21,34.21,34.21,34.21,100,0
FCBC.US,5,20211105,175500,34.29,34.29,34.29,34.29,200,0
FCBC.US,5,20211105,180000,34.43,34.43,34.43,34.43,200,0
FCBC.US,5,20211105,180500,34.43,34.43,34.43,34.43,100,0
FCBC.US,5,20211105,181000,34.14,34.14,34.14,34.14,178,0
FCBC.US,5,20211105,181500,34.255,34.38,34.205,34.205,600,0
FCBC.US,5,20211105,182000,34.27,34.27,34.2,34.2,200,0
FCBC.US,5,20211105,182500,34.2,34.2,34.2,34.2,100,0
FCBC.US,5,20211105,183000,34.37,34.37,34.37,34.37,200,0
FCBC.US,5,20211105,183500,34.37,34.37,34.37,34.37,100,0
FCBC.US,5,20211105,184000,34.27,34.29,34.26,34.26,600,0
FCBC.US,5,20211105,184500,34.26,34.26,34.26,34.26,100,0
FCBC.US,5,20211105,185000,34.26,34.26,34.26,34.26,100,0
FCBC.US,5,20211105,185500,34.25,34.4,34.25,34.4,200,0
FCBC.US,5,20211105,190000,34.4,34.4,34.4,34.4,100,0
FCBC.US,5,20211105,190500,34.4,34.51,34.295,34.295,300,0
FCBC.US,5,20211105,191500,34.59,34.59,34.12,34.46,1566,0
FCBC.US,5,20211105,192000,34.24,34.24,34.24,34.24,100,0
FCBC.US,5,20211105,192500,34.24,34.51,34.24,34.51,400,0
FCBC.US,5,20211105,194000,34.3,34.46,34.3,34.46,300,0
FCBC.US,5,20211105,195000,34.27,34.4,34.27,34.4,600,0
FCBC.US,5,20211105,195500,34.4,34.4,34.4,34.4,100,0
FCBC.US,5,20211105,200000,34.39,34.45,34.39,34.41,892,0
FCBC.US,5,20211105,200500,34.61,34.61,34.61,34.61,100,0
FCBC.US,5,20211105,201000,34.61,34.61,34.61,34.61,100,0
FCBC.US,5,20211105,201500,34.69,34.69,34.69,34.69,100,0
FCBC.US,5,20211105,202000,34.56,34.56,34.56,34.56,100,0
FCBC.US,5,20211105,202500,34.56,34.74,34.56,34.74,1130,0
FCBC.US,5,20211105,203000,34.77,34.79,34.77,34.79,788,0
FCBC.US,5,20211105,203500,34.8,34.8,34.8,34.8,100,0
FCBC.US,5,20211105,204000,34.605,34.605,34.605,34.605,100,0
FCBC.US,5,20211105,204500,34.68,34.78,34.67,34.68,700,0
FCBC.US,5,20211105,205000,34.5998,34.7,34.595,34.6,1200,0
FCBC.US,5,20211105,205500,34.61,34.73,34.54,34.72,7543,0
FCBC.US,5,20211108,153000,34.92,34.92,34.92,34.92,166,0
FCBC.US,5,20211108,154500,34.9162,34.9162,34.9162,34.9162,110,0
FCBC.US,5,20211108,160000,34.75,34.75,34.75,34.75,100,0
FCBC.US,5,20211108,160500,34.65,34.65,34.65,34.65,100,0
FCBC.US,5,20211108,161500,34.79,34.79,34.75,34.79,400,0
FCBC.US,5,20211108,162000,34.9,34.9,34.9,34.9,200,0
FCBC.US,5,20211108,162500,34.755,34.755,34.755,34.755,597,0
FCBC.US,5,20211108,163500,34.76,34.76,34.76,34.76,100,0
FCBC.US,5,20211108,164500,34.87,34.87,34.87,34.87,100,0
FCBC.US,5,20211108,170000,34.89,34.89,34.89,34.89,100,0
FCBC.US,5,20211108,170500,34.88,34.88,34.87,34.87,300,0
FCBC.US,5,20211108,172500,34.89,34.89,34.89,34.89,100,0
FCBC.US,5,20211108,173000,34.89,34.89,34.89,34.89,100,0
FCBC.US,5,20211108,180000,34.89,34.89,34.89,34.89,416,0
FCBC.US,5,20211108,183000,34.77,34.77,34.77,34.77,100,0
FCBC.US,5,20211108,184000,34.75,34.75,34.7,34.7,1668,0
FCBC.US,5,20211108,185500,34.58,34.58,34.58,34.58,100,0
FCBC.US,5,20211108,194500,34.5,34.59,34.5,34.59,200,0
FCBC.US,5,20211108,201500,34.5,34.5,34.5,34.5,300,0
FCBC.US,5,20211108,202000,34.4101,34.4101,34.4,34.4,682,0
FCBC.US,5,20211108,203000,34.5,34.5,34.5,34.5,100,0
FCBC.US,5,20211108,204000,34.57,34.57,34.43,34.43,300,0
FCBC.US,5,20211108,204500,34.48,34.48,34.42,34.42,400,0
FCBC.US,5,20211108,212500,34.42,34.42,34.42,34.42,518,0
FCBC.US,5,20211108,213000,34.55,34.58,34.55,34.58,428,0
FCBC.US,5,20211108,213500,34.7,35.02,34.7,35.02,500,0
FCBC.US,5,20211108,214000,34.74,34.74,34.74,34.74,400,0
FCBC.US,5,20211108,214500,34.62,34.64,34.62,34.64,300,0
FCBC.US,5,20211108,215000,34.795,34.795,34.68,34.68,200,0
FCBC.US,5,20211108,215500,34.52,34.71,34.52,34.65,3917,0
FCBC.US,5,20211109,153000,34.44,34.44,34.44,34.44,111,0
FCBC.US,5,20211109,154500,34.25,34.28,34.25,34.28,400,0
FCBC.US,5,20211109,161000,34.25,34.48,34.25,34.48,200,0
FCBC.US,5,20211109,161500,34.33,34.34,34.3,34.3,600,0
FCBC.US,5,20211109,162000,34.31,34.31,34.3,34.3,200,0
FCBC.US,5,20211109,162500,34.26,34.26,34.26,34.26,100,0
FCBC.US,5,20211109,164000,34.25,34.25,34.25,34.25,100,0
FCBC.US,5,20211109,165000,34.24,34.25,34.125,34.125,1700,0
FCBC.US,5,20211109,170500,34.11,34.25,34.11,34.25,200,0
FCBC.US,5,20211109,173000,34.1,34.1,34.1,34.1,100,0
FCBC.US,5,20211109,174000,34.24,34.25,34.24,34.25,3278,0
FCBC.US,5,20211109,175000,34.25,34.25,34.25,34.25,2400,0
FCBC.US,5,20211109,175500,34.33,34.33,34.33,34.33,100,0
FCBC.US,5,20211109,183000,34.3682,34.3682,34.3682,34.3682,1000,0
FCBC.US,5,20211109,183500,34.18,34.18,34.18,34.18,100,0
FCBC.US,5,20211109,184000,34.34,34.35,34.34,34.35,300,0
FCBC.US,5,20211109,185000,34.37,34.37,34.34,34.34,400,0
FCBC.US,5,20211109,191000,34.42,34.42,34.42,34.42,100,0
FCBC.US,5,20211109,193500,34.37,34.37,34.37,34.37,100,0
FCBC.US,5,20211109,201500,34.355,34.355,34.31,34.31,240,0
FCBC.US,5,20211109,202000,34.3,34.35,34.27,34.35,300,0
FCBC.US,5,20211109,203000,34.4,34.4,34.4,34.4,100,0
FCBC.US,5,20211109,203500,34.42,34.42,34.4,34.4,500,0
FCBC.US,5,20211109,204000,34.39,34.39,34.39,34.39,100,0
FCBC.US,5,20211109,210000,34.39,34.39,34.39,34.39,343,0
FCBC.US,5,20211109,210500,34.4,34.4,34.4,34.4,300,0
FCBC.US,5,20211109,212500,34.4706,34.4706,34.4706,34.4706,176,0
FCBC.US,5,20211109,213000,34.4,34.4,34.4,34.4,100,0
FCBC.US,5,20211109,213500,34.49,34.49,34.49,34.49,100,0
FCBC.US,5,20211109,214000,34.42,34.42,34.415,34.415,200,0
FCBC.US,5,20211109,214500,34.36,34.36,34.36,34.36,100,0
FCBC.US,5,20211109,215000,34.31,34.32,34.2275,34.2275,1000,0
FCBC.US,5,20211109,215500,34.255,34.39,34.23,34.32,7005,0
FCBC.US,5,20211110,163500,34.32,34.32,34.32,34.32,100,0
FCBC.US,5,20211110,170000,34.2,34.245,34.2,34.245,700,0
FCBC.US,5,20211110,170500,34.26,34.26,34.26,34.26,100,0
FCBC.US,5,20211110,200500,34.29,34.3305,34.29,34.3305,200,0
FCBC.US,5,20211110,201500,34.39,34.42,34.39,34.42,468,0
FCBC.US,5,20211110,203500,34.42,34.42,34.42,34.42,576,0
FCBC.US,5,20211110,210500,34.65,34.65,34.49,34.54,600,0
FCBC.US,5,20211110,211000,34.5,34.5,34.5,34.5,462,0
FCBC.US,5,20211110,212000,34.5,34.5,34.5,34.5,100,0
FCBC.US,5,20211110,212500,34.5,34.5,34.5,34.5,103,0
FCBC.US,5,20211110,214500,34.63,34.63,34.63,34.63,100,0
FCBC.US,5,20211110,215000,34.53,34.59,34.43,34.46,1200,0
FCBC.US,5,20211110,215500,34.55,34.55,34.41,34.41,5061,0
FCBC.US,5,20211111,153000,34.52,34.52,34.52,34.52,102,0
FCBC.US,5,20211111,154500,34.4,34.41,34.4,34.41,200,0
FCBC.US,5,20211111,155500,34.4,34.4,34.4,34.4,400,0
FCBC.US,5,20211111,161500,34.45,34.45,34.45,34.45,200,0
FCBC.US,5,20211111,164500,34.49,34.49,34.49,34.49,100,0
FCBC.US,5,20211111,165000,34.49,34.49,34.49,34.49,100,0
FCBC.US,5,20211111,171000,34.52,34.56,34.52,34.56,300,0
FCBC.US,5,20211111,173000,34.6,34.65,34.6,34.65,600,0
FCBC.US,5,20211111,180000,34.71,34.71,34.71,34.71,100,0
FCBC.US,5,20211111,180500,34.79,34.79,34.79,34.79,100,0
FCBC.US,5,20211111,181500,34.81,34.81,34.81,34.81,100,0
FCBC.US,5,20211111,182500,34.88,34.88,34.88,34.88,100,0
FCBC.US,5,20211111,183000,34.87,34.87,34.85,34.85,300,0
FCBC.US,5,20211111,183500,34.89,34.89,34.87,34.89,600,0
FCBC.US,5,20211111,185000,34.72,34.72,34.72,34.72,100,0
FCBC.US,5,20211111,185500,34.84,34.84,34.84,34.84,100,0
FCBC.US,5,20211111,190000,34.78,34.78,34.78,34.78,100,0
FCBC.US,5,20211111,192000,34.78,34.78,34.78,34.78,100,0
FCBC.US,5,20211111,192500,34.73,34.73,34.73,34.73,100,0
FCBC.US,5,20211111,193000,34.73,34.73,34.73,34.73,100,0
FCBC.US,5,20211111,193500,34.67,34.67,34.67,34.67,200,0
FCBC.US,5,20211111,194500,34.67,34.67,34.66,34.67,1290,0
FCBC.US,5,20211111,195500,34.68,34.68,34.68,34.68,200,0
FCBC.US,5,20211111,200500,34.68,34.68,34.68,34.68,100,0
FCBC.US,5,20211111,202500,34.69,34.69,34.68,34.68,500,0
FCBC.US,5,20211111,204000,34.68,34.7,34.68,34.7,305,0
FCBC.US,5,20211111,212000,34.72,34.72,34.72,34.72,100,0
FCBC.US,5,20211111,213000,34.72,34.72,34.72,34.72,100,0
FCBC.US,5,20211111,214500,34.72,34.73,34.72,34.73,300,0
FCBC.US,5,20211111,215000,34.73,34.73,34.73,34.73,100,0
FCBC.US,5,20211111,215500,34.65,34.75,34.6,34.63,3456,0
FCBC.US,5,20211112,153000,34.345,34.345,34.345,34.345,200,0
FCBC.US,5,20211112,154000,34.67,34.67,34.67,34.67,100,0
FCBC.US,5,20211112,161500,34.59,34.65,34.59,34.65,800,0
FCBC.US,5,20211112,162000,34.44,34.44,34.44,34.44,300,0
FCBC.US,5,20211112,162500,34.45,34.45,34.45,34.45,278,0
FCBC.US,5,20211112,163500,34.4,34.41,34.4,34.41,200,0
FCBC.US,5,20211112,164000,34.41,34.41,34.41,34.41,300,0
FCBC.US,5,20211112,171500,34.44,34.46,34.44,34.46,300,0
FCBC.US,5,20211112,173000,34.53,34.53,34.53,34.53,200,0
FCBC.US,5,20211112,175500,34.53,34.53,34.53,34.53,400,0
FCBC.US,5,20211112,180000,34.56,34.58,34.56,34.58,200,0
FCBC.US,5,20211112,180500,34.58,34.58,34.58,34.58,300,0
FCBC.US,5,20211112,184500,34.49,34.49,34.49,34.49,100,0
FCBC.US,5,20211112,185000,34.47,34.47,34.44,34.44,200,0
FCBC.US,5,20211112,193000,34.44,34.44,34.44,34.44,300,0
FCBC.US,5,20211112,194000,34.44,34.46,34.44,34.44,700,0
FCBC.US,5,20211112,195500,34.4,34.4,34.4,34.4,100,0
FCBC.US,5,20211112,201000,34.4,34.4,34.395,34.395,600,0
FCBC.US,5,20211112,203500,34.49,34.53,34.49,34.5,300,0
FCBC.US,5,20211112,204000,34.5,34.5,34.49,34.49,300,0
FCBC.US,5,20211112,210500,34.37,34.37,34.37,34.37,100,0
FCBC.US,5,20211112,211500,34.43,34.43,34.42,34.42,200,0
FCBC.US,5,20211112,214000,34.34,34.34,34.34,34.34,100,0
FCBC.US,5,20211112,215000,34.33,34.33,34.33,34.33,200,0
FCBC.US,5,20211112,215500,34.28,34.29,34.22,34.29,4170,0
FCBC.US,5,20211115,153000,34.105,34.46,34.105,34.46,338,0
FCBC.US,5,20211115,153500,34.45,34.6,34.45,34.6,500,0
FCBC.US,5,20211115,155000,34.09,34.09,34.09,34.09,100,0
FCBC.US,5,20211115,160500,34.13,34.13,34.13,34.13,100,0
FCBC.US,5,20211115,162000,34.25,34.25,34.25,34.25,100,0
FCBC.US,5,20211115,171000,34.3823,34.3823,34.3823,34.3823,116,0
FCBC.US,5,20211115,171500,34.26,34.28,34.25,34.28,400,0
FCBC.US,5,20211115,172000,34.315,34.315,34.315,34.315,100,0
FCBC.US,5,20211115,175000,34.35,34.35,34.35,34.35,100,0
FCBC.US,5,20211115,175500,34.195,34.29,34.19,34.19,400,0
FCBC.US,5,20211115,181000,34.28,34.28,34.28,34.28,100,0
FCBC.US,5,20211115,183000,34.41,34.41,34.41,34.41,100,0
FCBC.US,5,20211115,184500,34.37,34.37,34.37,34.37,100,0
FCBC.US,5,20211115,185000,34.3,34.3,34.3,34.3,100,0
FCBC.US,5,20211115,185500,34.33,34.33,34.33,34.33,100,0
FCBC.US,5,20211115,192000,34.38,34.38,34.38,34.38,600,0
FCBC.US,5,20211115,193500,34.38,34.38,34.38,34.38,100,0
FCBC.US,5,20211115,195000,34.4,34.4,34.39,34.39,400,0
FCBC.US,5,20211115,201000,34.49,34.5,34.37,34.39,400,0
FCBC.US,5,20211115,204000,34.49,34.49,34.49,34.49,100,0
FCBC.US,5,20211115,205000,34.4,34.4,34.4,34.4,200,0
FCBC.US,5,20211115,212000,34.4,34.4,34.4,34.4,495,0
FCBC.US,5,20211115,213000,34.42,34.42,34.42,34.42,156,0
FCBC.US,5,20211115,213500,34.59,34.59,34.59,34.59,100,0
FCBC.US,5,20211115,215000,34.59,34.61,34.57,34.61,700,0
FCBC.US,5,20211115,215500,34.69,34.71,34.54,34.69,5678,0
FCBC.US,5,20211116,153000,34.46,34.6,34.46,34.6,291,0
FCBC.US,5,20211116,153500,34.45,34.45,34.45,34.45,100,0
FCBC.US,5,20211116,154000,34.45,34.45,34.45,34.45,500,0
FCBC.US,5,20211116,155500,34.45,34.45,34.29,34.29,200,0
FCBC.US,5,20211116,160500,34.31,34.31,34.31,34.31,100,0
FCBC.US,5,20211116,163500,34.4,34.4,34.31,34.31,400,0
FCBC.US,5,20211116,164000,34.31,34.31,34.3,34.3,634,0
FCBC.US,5,20211116,164500,34.31,34.31,34.31,34.31,100,0
FCBC.US,5,20211116,165500,34.33,34.33,34.33,34.33,100,0
FCBC.US,5,20211116,172500,34.32,34.32,34.19,34.19,200,0
FCBC.US,5,20211116,173000,34.07,34.07,34.07,34.07,100,0
FCBC.US,5,20211116,174000,34.08,34.08,34.05,34.05,200,0
FCBC.US,5,20211116,174500,34.07,34.07,34.07,34.07,100,0
FCBC.US,5,20211116,181500,34.36,34.36,34.36,34.36,200,0
FCBC.US,5,20211116,182500,34.3,34.35,34.3,34.35,200,0
FCBC.US,5,20211116,192500,34.45,34.45,34.45,34.45,100,0
FCBC.US,5,20211116,193500,34.44,34.44,34.44,34.44,100,0
FCBC.US,5,20211116,200000,34.42,34.42,34.42,34.42,300,0
FCBC.US,5,20211116,200500,34.42,34.44,34.42,34.44,800,0
FCBC.US,5,20211116,201500,34.26,34.26,34.26,34.26,100,0
FCBC.US,5,20211116,202000,34.21,34.21,34.21,34.21,609,0
FCBC.US,5,20211116,203000,34.52,34.52,34.52,34.52,200,0
FCBC.US,5,20211116,204000,34.47,34.62,34.47,34.62,533,0
FCBC.US,5,20211116,210000,34.515,34.62,34.515,34.6,672,0
FCBC.US,5,20211116,211500,34.47,34.47,34.47,34.47,100,0
FCBC.US,5,20211116,213000,34.33,34.33,34.33,34.33,100,0
FCBC.US,5,20211116,214000,34.42,34.44,34.42,34.44,400,0
FCBC.US,5,20211116,214500,34.46,34.46,34.46,34.46,100,0
FCBC.US,5,20211116,215000,34.34,34.39,34.34,34.39,300,0
FCBC.US,5,20211116,215500,34.37,34.49,34.36,34.36,5121,0
FCBC.US,5,20211117,153000,34.4,34.4,34.4,34.4,158,0
FCBC.US,5,20211117,155500,34.07,34.1,34,34,1100,0
FCBC.US,5,20211117,160000,33.97,33.97,33.97,33.97,100,0
FCBC.US,5,20211117,162000,33.85,33.88,33.85,33.88,700,0
FCBC.US,5,20211117,165000,33.96,33.96,33.96,33.96,100,0
FCBC.US,5,20211117,165500,34.04,34.04,34,34,200,0
FCBC.US,5,20211117,171000,34.09,34.09,34.09,34.09,100,0
FCBC.US,5,20211117,172500,33.84,34.06,33.84,34.06,254,0
FCBC.US,5,20211117,181500,33.94,33.94,33.94,33.94,100,0
FCBC.US,5,20211117,182000,33.93,33.93,33.93,33.93,100,0
FCBC.US,5,20211117,183500,33.97,33.97,33.97,33.97,100,0
FCBC.US,5,20211117,184500,33.97,33.97,33.97,33.97,200,0
FCBC.US,5,20211117,185500,34.01,34.05,33.99,33.99,600,0
FCBC.US,5,20211117,194000,34.06,34.1,34.04,34.04,700,0
FCBC.US,5,20211117,194500,34.15,34.15,34.14,34.14,200,0
FCBC.US,5,20211117,195500,34.14,34.14,34.14,34.14,100,0
FCBC.US,5,20211117,202500,34.02,34.02,34.02,34.02,100,0
FCBC.US,5,20211117,203000,34.11,34.12,34,34,900,0
FCBC.US,5,20211117,203500,34.015,34.015,34.015,34.015,100,0
FCBC.US,5,20211117,204500,34.14,34.14,34.14,34.14,100,0
FCBC.US,5,20211117,205000,34.14,34.14,34.14,34.14,200,0
FCBC.US,5,20211117,205500,34.14,34.14,34.11,34.11,200,0
FCBC.US,5,20211117,210500,34.24,34.25,34.24,34.25,510,0
FCBC.US,5,20211117,213000,34.27,34.27,34.27,34.27,100,0
FCBC.US,5,20211117,213500,34.22,34.22,34.22,34.22,100,0
FCBC.US,5,20211117,214000,34.2833,34.2833,34.145,34.145,1600,0
FCBC.US,5,20211117,215000,34.28,34.28,34.28,34.28,100,0
FCBC.US,5,20211117,215500,34.19,34.28,34.19,34.28,2568,0
FCBC.US,5,20211118,153000,34.2,34.2,34.2,34.2,148,0
FCBC.US,5,20211118,153500,34.11,34.11,34.11,34.11,100,0
FCBC.US,5,20211118,155000,34.05,34.05,34.05,34.05,100,0
FCBC.US,5,20211118,160500,34,34,34,34,300,0
FCBC.US,5,20211118,161500,34,34.08,34,34.08,200,0
FCBC.US,5,20211118,163000,34.15,34.16,34.15,34.16,200,0
FCBC.US,5,20211118,164000,34.2,34.21,34.2,34.21,200,0
FCBC.US,5,20211118,165000,34.24,34.24,34.24,34.24,100,0
FCBC.US,5,20211118,170500,34.33,34.34,34.33,34.34,252,0
FCBC.US,5,20211118,174500,34.28,34.28,34.28,34.28,102,0
FCBC.US,5,20211118,175500,34.29,34.29,34.29,34.29,100,0
FCBC.US,5,20211118,180500,34.38,34.51,34.38,34.51,800,0
FCBC.US,5,20211118,181000,34.6,34.6,34.6,34.6,100,0
FCBC.US,5,20211118,183000,34.58,34.61,34.46,34.46,800,0
FCBC.US,5,20211118,190000,34.48,34.48,34.48,34.48,200,0
FCBC.US,5,20211118,190500,34.61,34.61,34.61,34.61,100,0
FCBC.US,5,20211118,193500,34.55,34.61,34.55,34.61,700,0
FCBC.US,5,20211118,194500,34.64,34.64,34.63,34.63,200,0
FCBC.US,5,20211118,195000,34.5,34.5,34.5,34.5,100,0
FCBC.US,5,20211118,202000,34.58,34.58,34.35,34.53,2373,0
FCBC.US,5,20211118,203000,34.36,34.36,34.36,34.36,100,0
FCBC.US,5,20211118,204000,34.42,34.42,34.42,34.42,100,0
FCBC.US,5,20211118,204500,34.56,34.57,34.56,34.57,200,0
FCBC.US,5,20211118,205000,34.59,34.59,34.59,34.59,200,0
FCBC.US,5,20211118,210500,34.7,34.7,34.7,34.7,100,0
FCBC.US,5,20211118,212000,34.7,34.71,34.66,34.66,600,0
FCBC.US,5,20211118,213000,34.68,34.72,34.68,34.7,400,0
FCBC.US,5,20211118,214000,34.65,34.68,34.65,34.68,400,0
FCBC.US,5,20211118,214500,34.65,34.72,34.61,34.61,500,0
FCBC.US,5,20211118,215000,34.66,34.67,34.66,34.67,300,0
FCBC.US,5,20211118,215500,34.68,34.84,34.645,34.79,12460,0
FCBC.US,5,20211119,153000,34.43,34.43,34.43,34.43,2047,0
FCBC.US,5,20211119,154000,34.7486,34.7486,34.7486,34.7486,217,0
FCBC.US,5,20211119,154500,34.72,34.72,34.32,34.32,200,0
FCBC.US,5,20211119,160500,34.32,34.44,34.26,34.27,1584,0
FCBC.US,5,20211119,165000,34.51,34.51,34.51,34.51,100,0
FCBC.US,5,20211119,165500,34.48,34.82,34.48,34.7,800,0
FCBC.US,5,20211119,171000,34.6,34.6,34.6,34.6,100,0
FCBC.US,5,20211119,171500,34.64,34.66,34.64,34.66,200,0
FCBC.US,5,20211119,173000,34.675,34.675,34.675,34.675,100,0
FCBC.US,5,20211119,173500,34.6,34.6,34.6,34.6,100,0
FCBC.US,5,20211119,174000,34.57,34.67,34.57,34.67,200,0
FCBC.US,5,20211119,175500,34.685,34.7,34.56,34.7,332,0
FCBC.US,5,20211119,180500,34.7,34.79,34.7,34.79,400,0
FCBC.US,5,20211119,182500,34.825,35,34.825,35,770,0
FCBC.US,5,20211119,185000,35,35.23,35,35.23,282,0
FCBC.US,5,20211119,190000,34.96,34.96,34.96,34.96,100,0
FCBC.US,5,20211119,192000,35.08,35.08,35.08,35.08,100,0
FCBC.US,5,20211119,193000,35.08,35.28,35.08,35.28,502,0
FCBC.US,5,20211119,193500,35.08,35.08,35.08,35.08,400,0
FCBC.US,5,20211119,195500,34.95,35.12,34.95,35.12,300,0
FCBC.US,5,20211119,200500,35.28,35.28,35.28,35.28,100,0
FCBC.US,5,20211119,203000,35.11,35.11,35.11,35.11,100,0
FCBC.US,5,20211119,204000,35.01,35.01,35.01,35.01,100,0
FCBC.US,5,20211119,204500,35.02,35.02,35.02,35.02,100,0
FCBC.US,5,20211119,205500,35.01,35.07,35.01,35.07,627,0
FCBC.US,5,20211119,211000,35.05,35.05,35.05,35.05,100,0
FCBC.US,5,20211119,212000,35.05,35.05,35.05,35.05,442,0
FCBC.US,5,20211119,213500,34.99,34.99,34.99,34.99,153,0
FCBC.US,5,20211119,215000,35.06,35.08,35,35.08,600,0
FCBC.US,5,20211119,215500,35.09,35.19,34.97,35.1,5736,0
FCBC.US,5,20211122,153000,35.38,35.52,34.9,34.9,1571,0
FCBC.US,5,20211122,153500,34.98,35.335,34.98,35.335,1100,0
FCBC.US,5,20211122,160000,35.485,35.485,35.485,35.485,443,0
FCBC.US,5,20211122,160500,35.63,35.63,35.63,35.63,100,0
FCBC.US,5,20211122,163500,36.07,36.07,36.07,36.07,100,0
FCBC.US,5,20211122,164500,36.1,36.43,36.1,36.35,1143,0
FCBC.US,5,20211122,170000,36.36,36.37,36.36,36.37,500,0
FCBC.US,5,20211122,170500,36.36,36.36,36.25,36.25,700,0
FCBC.US,5,20211122,171500,36.21,36.21,36.21,36.21,200,0
FCBC.US,5,20211122,172500,36.255,36.435,36.25,36.435,1203,0
FCBC.US,5,20211122,173000,36.23,36.23,36.23,36.23,100,0
FCBC.US,5,20211122,180000,36.29,36.29,36.29,36.29,178,0
FCBC.US,5,20211122,180500,36.01,36.01,36.01,36.01,200,0
FCBC.US,5,20211122,185000,36.03,36.03,36,36,1990,0
FCBC.US,5,20211122,193500,35.77,35.78,35.75,35.75,1000,0
FCBC.US,5,20211122,195500,35.835,35.835,35.835,35.835,500,0
FCBC.US,5,20211122,201500,35.92,35.92,35.9,35.92,600,0
FCBC.US,5,20211122,202000,35.96,35.97,35.96,35.96,300,0
FCBC.US,5,20211122,204000,36.025,36.025,36.025,36.025,100,0
FCBC.US,5,20211122,205500,36.17,36.17,35.87,35.87,200,0
FCBC.US,5,20211122,210000,35.95,35.95,35.95,35.95,300,0
FCBC.US,5,20211122,210500,35.97,35.97,35.96,35.96,300,0
FCBC.US,5,20211122,211000,36.05,36.06,36.05,36.06,200,0
FCBC.US,5,20211122,211500,36.03,36.03,35.96,35.96,300,0
FCBC.US,5,20211122,212500,35.96,35.96,35.96,35.96,896,0
FCBC.US,5,20211122,213000,35.99,36.09,35.96,36.09,873,0
FCBC.US,5,20211122,213500,36.09,36.09,36.09,36.09,100,0
FCBC.US,5,20211122,214000,36.02,36.02,36.02,36.02,400,0
FCBC.US,5,20211122,214500,35.96,35.96,35.96,35.96,100,0
FCBC.US,5,20211122,215000,35.99,36,35.93,36,900,0
FCBC.US,5,20211122,215500,35.91,35.91,35.77,35.77,5845,0
FCBC.US,5,20211123,153000,35.87,36.07,35.87,36.07,359,0
FCBC.US,5,20211123,160000,35.91,36.1,35.795,36.1,2280,0
FCBC.US,5,20211123,160500,36.1,36.15,36.1,36.15,200,0
FCBC.US,5,20211123,162000,36.19,36.31,36.19,36.31,1200,0
FCBC.US,5,20211123,162500,36.27,36.27,36.26,36.26,358,0
FCBC.US,5,20211123,163000,36.29,36.29,36.26,36.26,500,0
FCBC.US,5,20211123,163500,36.26,36.26,36.13,36.13,1100,0
FCBC.US,5,20211123,171000,36.11,36.11,36.11,36.11,100,0
FCBC.US,5,20211123,173500,36.06,36.11,36.06,36.11,644,0
FCBC.US,5,20211123,174500,36.1968,36.1968,36.1968,36.1968,137,0
FCBC.US,5,20211123,175000,36.25,36.26,36.25,36.26,2360,0
FCBC.US,5,20211123,180000,36.31,36.31,36.31,36.31,200,0
FCBC.US,5,20211123,182000,36.1386,36.1386,36.1386,36.1386,222,0
FCBC.US,5,20211123,183500,36.13,36.175,36.13,36.175,500,0
FCBC.US,5,20211123,185500,36.21,36.21,36.21,36.21,400,0
FCBC.US,5,20211123,194000,36.4364,36.4364,36.4364,36.4364,200,0
FCBC.US,5,20211123,194500,36.4,36.41,36.4,36.41,457,0
FCBC.US,5,20211123,200000,36.42,36.42,36.42,36.42,150,0
FCBC.US,5,20211123,202000,36.42,36.44,36.42,36.43,635,0
FCBC.US,5,20211123,203000,36.35,36.35,36.35,36.35,100,0
FCBC.US,5,20211123,204500,36.47,36.47,36.47,36.47,200,0
FCBC.US,5,20211123,210000,36.51,36.51,36.51,36.51,300,0
FCBC.US,5,20211123,210500,36.51,36.51,36.51,36.51,250,0
FCBC.US,5,20211123,211000,36.51,36.51,36.51,36.51,125,0
FCBC.US,5,20211123,211500,36.51,36.51,36.51,36.51,600,0
FCBC.US,5,20211123,212000,36.55,36.55,36.55,36.55,100,0
FCBC.US,5,20211123,212500,36.46,36.65,36.3986,36.3986,700,0
FCBC.US,5,20211123,214000,36.5,36.59,36.5,36.59,200,0
FCBC.US,5,20211123,214500,36.73,36.73,36.72,36.72,200,0
FCBC.US,5,20211123,215000,36.56,36.59,36.56,36.59,900,0
FCBC.US,5,20211123,215500,36.57,36.66,36.5,36.63,6659,0
FCBC.US,5,20211124,153000,36.6,36.6,36.6,36.6,100,0
FCBC.US,5,20211124,155500,36.27,36.28,36.1,36.13,1100,0
FCBC.US,5,20211124,160500,36.33,36.33,36.33,36.33,100,0
FCBC.US,5,20211124,161000,36.38,36.38,36.38,36.38,100,0
FCBC.US,5,20211124,161500,36.5,36.5,36.5,36.5,879,0
FCBC.US,5,20211124,173000,36.575,36.575,36.5,36.5,795,0
FCBC.US,5,20211124,173500,36.31,36.41,36.31,36.41,200,0
FCBC.US,5,20211124,183000,36.39,36.39,36.39,36.39,100,0
FCBC.US,5,20211124,194000,36.39,36.39,36.39,36.39,400,0
FCBC.US,5,20211124,200500,36.39,36.39,36.39,36.39,100,0
FCBC.US,5,20211124,201000,36.39,36.39,36.39,36.39,100,0
FCBC.US,5,20211124,201500,36.39,36.39,36.39,36.39,100,0
FCBC.US,5,20211124,202500,36.31,36.33,36.31,36.33,1116,0
FCBC.US,5,20211124,213000,36.29,36.29,36.29,36.29,100,0
FCBC.US,5,20211124,213500,36.3,36.3,36.21,36.21,400,0
FCBC.US,5,20211124,214000,36.125,36.2,36.125,36.2,200,0
FCBC.US,5,20211124,215000,36.21,36.21,36.21,36.21,100,0
FCBC.US,5,20211124,215500,36.11,36.12,36.05,36.05,3372,0
FCBC.US,5,20211126,153000,35.11,35.11,35.11,35.11,433,0
FCBC.US,5,20211126,154000,35,35,34.82,34.82,200,0
FCBC.US,5,20211126,154500,34.34,34.77,34.34,34.77,300,0
FCBC.US,5,20211126,155000,34.76,34.76,34.76,34.76,100,0
FCBC.US,5,20211126,155500,34.45,34.45,34.26,34.26,600,0
FCBC.US,5,20211126,160000,34.26,34.26,34.26,34.26,100,0
FCBC.US,5,20211126,160500,34.26,34.37,34.18,34.27,900,0
FCBC.US,5,20211126,161000,34.18,34.19,34.18,34.19,300,0
FCBC.US,5,20211126,161500,34,34.035,33.67,33.67,800,0
FCBC.US,5,20211126,162000,33.89,33.935,33.89,33.89,852,0
FCBC.US,5,20211126,162500,34.17,34.17,34.17,34.17,200,0
FCBC.US,5,20211126,163000,34.03,34.1,34.03,34.1,400,0
FCBC.US,5,20211126,163500,34.07,34.07,34.07,34.07,100,0
FCBC.US,5,20211126,164000,33.86,33.86,33.86,33.86,100,0
FCBC.US,5,20211126,164500,33.87,33.87,33.87,33.87,300,0
FCBC.US,5,20211126,165000,33.88,33.88,33.88,33.88,100,0
FCBC.US,5,20211126,170000,33.88,33.88,33.16,33.16,200,0
FCBC.US,5,20211126,170500,33.43,33.43,33.43,33.43,100,0
FCBC.US,5,20211126,171000,33.54,33.755,33.54,33.755,200,0
FCBC.US,5,20211126,171500,33.54,33.54,33.44,33.44,800,0
FCBC.US,5,20211126,172500,33.47,33.725,33.47,33.56,900,0
FCBC.US,5,20211126,173000,33.57,33.625,33.57,33.62,350,0
FCBC.US,5,20211126,173500,33.72,33.72,33.72,33.72,100,0
FCBC.US,5,20211126,174000,33.72,33.75,33.72,33.75,200,0
FCBC.US,5,20211126,175000,33.7,33.7,33.55,33.55,700,0
FCBC.US,5,20211126,175500,33.8539,33.8539,33.7,33.7,1100,0
FCBC.US,5,20211126,180000,33.7,33.7,33.7,33.7,200,0
FCBC.US,5,20211126,181000,33.86,33.91,33.86,33.91,300,0
FCBC.US,5,20211126,181500,33.91,33.91,33.91,33.91,464,0
FCBC.US,5,20211126,182000,33.78,33.78,33.63,33.63,400,0
FCBC.US,5,20211126,182500,33.68,33.71,33.55,33.71,300,0
FCBC.US,5,20211126,184000,33.8,33.86,33.75,33.75,1057,0
FCBC.US,5,20211126,184500,33.61,33.61,33.61,33.61,100,0
FCBC.US,5,20211126,185000,33.58,33.66,33.58,33.65,464,0
FCBC.US,5,20211126,185500,33.65,33.72,33.6,33.72,700,0
FCBC.US,5,20211126,190000,33.59,33.59,33.59,33.59,5613,0
FCBC.US,5,20211129,153000,33.9,34.79,33.9,34.79,1235,0
FCBC.US,5,20211129,154000,34.2,34.26,34.2,34.26,215,0
FCBC.US,5,20211129,155000,34.15,34.15,34,34.13,300,0
FCBC.US,5,20211129,161000,34.12,34.13,34.11,34.11,500,0
FCBC.US,5,20211129,162000,34.12,34.12,34.12,34.12,200,0
FCBC.US,5,20211129,163000,33.795,33.795,33.795,33.795,100,0
FCBC.US,5,20211129,165000,33.79,33.79,33.79,33.79,400,0
FCBC.US,5,20211129,170500,33.74,33.74,33.74,33.74,300,0
FCBC.US,5,20211129,171000,33.7806,33.7806,33.7806,33.7806,270,0
FCBC.US,5,20211129,172000,33.76,33.76,33.76,33.76,100,0
FCBC.US,5,20211129,181000,33.83,33.83,33.83,33.83,100,0
FCBC.US,5,20211129,182000,33.83,33.83,33.665,33.665,200,0
FCBC.US,5,20211129,191500,33.89,33.89,33.89,33.89,200,0
FCBC.US,5,20211129,192500,33.89,33.89,33.72,33.72,500,0
FCBC.US,5,20211129,193000,33.63,33.63,33.49,33.5,2200,0
FCBC.US,5,20211129,200000,33.56,33.56,33.33,33.33,600,0
FCBC.US,5,20211129,201500,33.36,33.36,33.36,33.36,200,0
FCBC.US,5,20211129,203000,33.31,33.31,33.31,33.31,100,0
FCBC.US,5,20211129,203500,33.225,33.225,33.225,33.225,100,0
FCBC.US,5,20211129,204000,33.32,33.32,33.32,33.32,100,0
FCBC.US,5,20211129,204500,33.32,33.36,33.32,33.36,400,0
FCBC.US,5,20211129,205000,33.36,33.36,33.35,33.35,920,0
FCBC.US,5,20211129,205500,33.42,33.42,33.42,33.42,100,0
FCBC.US,5,20211129,210000,33.42,33.42,33.42,33.42,100,0
FCBC.US,5,20211129,211500,33.42,33.42,33.34,33.34,400,0
FCBC.US,5,20211129,212000,33.38,33.38,33.38,33.38,100,0
FCBC.US,5,20211129,212500,33.3,33.3,33.21,33.21,300,0
FCBC.US,5,20211129,213000,33.28,33.28,33.14,33.14,400,0
FCBC.US,5,20211129,213500,33.1,33.1,33.1,33.1,100,0
FCBC.US,5,20211129,214000,33.19,33.22,33.19,33.21,400,0
FCBC.US,5,20211129,214500,33.14,33.14,33.14,33.14,100,0
FCBC.US,5,20211129,215000,33.07,33.07,32.815,32.82,1776,0
FCBC.US,5,20211129,215500,32.84,33.01,32.825,32.93,9352,0
FCBC.US,5,20211130,153000,32.52,32.52,32.52,32.52,417,0
FCBC.US,5,20211130,154000,32.5,32.5,32.5,32.5,100,0
FCBC.US,5,20211130,154500,32.45,32.45,32.45,32.45,100,0
FCBC.US,5,20211130,155500,32.52,32.61,32.52,32.61,300,0
FCBC.US,5,20211130,160000,32.59,32.59,32.59,32.59,200,0
FCBC.US,5,20211130,165000,32.88,32.88,32.88,32.88,100,0
FCBC.US,5,20211130,165500,32.79,32.79,32.79,32.79,100,0
FCBC.US,5,20211130,170000,32.65,32.75,32.65,32.75,752,0
FCBC.US,5,20211130,171500,32.77,32.77,32.77,32.77,100,0
FCBC.US,5,20211130,173000,32.79,32.79,32.79,32.79,200,0
FCBC.US,5,20211130,175500,32.62,32.62,32.62,32.62,200,0
FCBC.US,5,20211130,185500,32.66,32.66,32.65,32.65,200,0
FCBC.US,5,20211130,190000,32.68,32.68,32.68,32.68,100,0
FCBC.US,5,20211130,190500,32.65,32.65,32.65,32.65,100,0
FCBC.US,5,20211130,191000,32.65,32.65,32.65,32.65,100,0
FCBC.US,5,20211130,192000,32.67,32.73,32.665,32.73,300,0
FCBC.US,5,20211130,192500,32.73,32.73,32.73,32.73,100,0
FCBC.US,5,20211130,193000,32.68,32.68,32.68,32.68,100,0
FCBC.US,5,20211130,193500,32.73,32.79,32.68,32.79,550,0
FCBC.US,5,20211130,195000,32.84,32.84,32.84,32.84,243,0
FCBC.US,5,20211130,200000,32.88,32.88,32.85,32.85,200,0
FCBC.US,5,20211130,201500,32.97,32.98,32.97,32.98,300,0
FCBC.US,5,20211130,203000,32.94,32.98,32.94,32.98,200,0
FCBC.US,5,20211130,203500,32.94,32.94,32.94,32.94,100,0
FCBC.US,5,20211130,204500,32.95,32.95,32.95,32.95,200,0
FCBC.US,5,20211130,205000,32.95,32.95,32.95,32.95,500,0
FCBC.US,5,20211130,210000,33.04,33.05,32.98,33.05,400,0
FCBC.US,5,20211130,211500,33.09,33.09,33.06,33.06,500,0
FCBC.US,5,20211130,212500,33.07,33.07,33.07,33.07,147,0
FCBC.US,5,20211130,213000,33.13,33.13,33.12,33.12,200,0
FCBC.US,5,20211130,214000,33.07,33.07,33.07,33.07,100,0
FCBC.US,5,20211130,214500,33.23,33.23,33.23,33.23,200,0
FCBC.US,5,20211130,215000,33.18,33.18,32.43,32.755,936,0
FCBC.US,5,20211130,215500,32.45,32.84,32.45,32.7,17267,0
FCBC.US,5,20211201,153000,33.35,33.35,33.35,33.35,571,0
FCBC.US,5,20211201,163500,33.47,33.51,33.47,33.51,400,0
FCBC.US,5,20211201,172000,33.74,33.74,33.74,33.74,100,0
FCBC.US,5,20211201,174000,33.74,33.74,33.74,33.74,400,0
FCBC.US,5,20211201,174500,33.77,33.78,33.73,33.75,500,0
FCBC.US,5,20211201,175000,33.76,33.76,33.76,33.76,100,0
FCBC.US,5,20211201,180000,33.68,33.72,33.68,33.72,200,0
FCBC.US,5,20211201,181500,33.86,33.86,33.825,33.825,300,0
FCBC.US,5,20211201,183000,33.82,33.82,33.76,33.76,600,0
FCBC.US,5,20211201,184000,33.8,33.8,33.77,33.77,300,0
FCBC.US,5,20211201,185000,33.69,33.69,33.57,33.57,701,0
FCBC.US,5,20211201,190500,33.5,33.5,33.5,33.5,300,0
FCBC.US,5,20211201,191000,33.53,33.53,33.53,33.53,100,0
FCBC.US,5,20211201,191500,33.53,33.55,33.53,33.55,500,0
FCBC.US,5,20211201,193000,33.66,33.66,33.66,33.66,100,0
FCBC.US,5,20211201,194000,33.53,33.53,33.39,33.39,300,0
FCBC.US,5,20211201,195000,33.3,33.3,33.3,33.3,300,0
FCBC.US,5,20211201,195500,33.25,33.3,33.02,33.02,849,0
FCBC.US,5,20211201,201000,33.23,33.23,33.23,33.23,413,0
FCBC.US,5,20211201,201500,33.06,33.06,33.035,33.035,300,0
FCBC.US,5,20211201,202500,33.25,33.25,33.21,33.21,300,0
FCBC.US,5,20211201,203000,33.24,33.24,33.24,33.24,100,0
FCBC.US,5,20211201,203500,33.315,33.315,33.21,33.21,370,0
FCBC.US,5,20211201,204000,33.18,33.18,33.18,33.18,100,0
FCBC.US,5,20211201,205500,33.16,33.16,32.99,33.11,1641,0
FCBC.US,5,20211201,210500,33.01,33.02,33.01,33.02,300,0
FCBC.US,5,20211201,212500,32.96,33.005,32.96,33.005,504,0
FCBC.US,5,20211201,213000,32.97,32.97,32.97,32.97,100,0
FCBC.US,5,20211201,214500,32.88,32.88,32.88,32.88,200,0
FCBC.US,5,20211201,215000,32.93,32.93,32.85,32.85,200,0
FCBC.US,5,20211201,215500,32.82,32.82,32.68,32.72,6699,0
FCBC.US,5,20211202,153000,32.99,33.435,32.99,33.435,230,0
FCBC.US,5,20211202,153500,33.27,33.28,33.27,33.28,200,0
FCBC.US,5,20211202,154000,33.1,33.1,33.1,33.1,100,0
FCBC.US,5,20211202,154500,33.19,33.19,33.19,33.19,100,0
FCBC.US,5,20211202,155000,33.26,33.26,33.26,33.26,100,0
FCBC.US,5,20211202,161000,33.72,33.75,33.36,33.36,300,0
FCBC.US,5,20211202,165000,33.46,33.46,33.46,33.46,100,0
FCBC.US,5,20211202,170000,33.57,33.57,33.57,33.57,150,0
FCBC.US,5,20211202,170500,33.64,33.69,33.64,33.69,388,0
FCBC.US,5,20211202,171000,33.66,33.67,33.64,33.67,300,0
FCBC.US,5,20211202,172000,33.7675,33.7675,33.7675,33.7675,100,0
FCBC.US,5,20211202,184000,33.76,33.7825,33.76,33.7825,1500,0
FCBC.US,5,20211202,190000,33.84,33.84,33.84,33.84,100,0
FCBC.US,5,20211202,193000,33.76,33.76,33.74,33.74,700,0
FCBC.US,5,20211202,194000,33.9181,33.9181,33.9181,33.9181,300,0
FCBC.US,5,20211202,200500,33.84,33.85,33.84,33.85,200,0
FCBC.US,5,20211202,201500,33.9,33.9,33.9,33.9,304,0
FCBC.US,5,20211202,202500,34.04,34.04,34.04,34.04,100,0
FCBC.US,5,20211202,203000,34.0238,34.07,34.0238,34.07,200,0
FCBC.US,5,20211202,204000,34.07,34.07,34.04,34.04,800,0
FCBC.US,5,20211202,205000,34.195,34.195,34.07,34.18,300,0
FCBC.US,5,20211202,205500,34.11,34.22,34.11,34.21,700,0
FCBC.US,5,20211202,210500,34.2073,34.2073,34.2073,34.2073,151,0
FCBC.US,5,20211202,211000,33.965,34.16,33.95,34.16,500,0
FCBC.US,5,20211202,213000,33.86,33.86,33.86,33.86,100,0
FCBC.US,5,20211202,213500,33.85,34,33.85,34,600,0
FCBC.US,5,20211202,214000,33.9,33.9,33.9,33.9,237,0
FCBC.US,5,20211202,214500,33.94,33.94,33.865,33.865,200,0
FCBC.US,5,20211202,215000,33.89,33.89,33.89,33.89,1293,0
FCBC.US,5,20211202,215500,33.9,33.92,33.8,33.92,6312,0
FCBC.US,5,20211203,155500,33.15,33.15,33.15,33.15,100,0
FCBC.US,5,20211203,162500,33.57,33.57,33.57,33.57,100,0
FCBC.US,5,20211203,164000,33.53,33.53,33.36,33.36,400,0
FCBC.US,5,20211203,171000,33.43,33.43,33.43,33.43,100,0
FCBC.US,5,20211203,183000,33.5,33.5,33.5,33.5,100,0
FCBC.US,5,20211203,185000,33.51,33.51,33.5,33.5,200,0
FCBC.US,5,20211203,185500,33.5,33.55,33.5,33.55,700,0
FCBC.US,5,20211203,191500,33.51,33.51,33.51,33.51,100,0
FCBC.US,5,20211203,193000,33.45,33.45,33.45,33.45,188,0
FCBC.US,5,20211203,193500,33.43,33.46,33.43,33.46,500,0
FCBC.US,5,20211203,194500,33.5,33.5,33.46,33.46,500,0
FCBC.US,5,20211203,195000,33.53,33.54,33.53,33.54,200,0
FCBC.US,5,20211203,200500,33.5117,33.5117,33.5117,33.5117,261,0
FCBC.US,5,20211203,202000,33.53,33.53,33.53,33.53,100,0
FCBC.US,5,20211203,202500,33.54,33.54,33.53,33.53,500,0
FCBC.US,5,20211203,203500,33.53,33.58,33.53,33.58,800,0
FCBC.US,5,20211203,204000,33.59,33.59,33.59,33.59,100,0
FCBC.US,5,20211203,205000,33.59,33.59,33.59,33.59,400,0
FCBC.US,5,20211203,205500,33.67,33.68,33.67,33.68,800,0
FCBC.US,5,20211203,210000,33.68,33.68,33.66,33.66,200,0
FCBC.US,5,20211203,210500,33.67,33.74,33.67,33.73,800,0
FCBC.US,5,20211203,212000,33.54,33.54,33.54,33.54,100,0
FCBC.US,5,20211203,214500,33.41,33.46,33.4,33.4,800,0
FCBC.US,5,20211203,215000,33.53,33.53,33.53,33.53,300,0
FCBC.US,5,20211203,215500,33.49,33.49,33.39,33.48,5766,0
FCBC.US,5,20211206,153000,33.94,33.94,32.94,33.325,922,0
FCBC.US,5,20211206,153500,33.3,33.3,33.18,33.18,600,0
FCBC.US,5,20211206,154000,33.61,33.7,33.41,33.7,370,0
FCBC.US,5,20211206,154500,34.11,34.11,33.87,33.87,228,0
FCBC.US,5,20211206,155000,33.92,33.92,33.76,33.84,500,0
FCBC.US,5,20211206,160500,33.854,33.854,33.854,33.854,200,0
FCBC.US,5,20211206,162000,33.815,33.815,33.815,33.815,100,0
FCBC.US,5,20211206,163000,33.965,33.965,33.965,33.965,100,0
FCBC.US,5,20211206,165000,33.97,33.97,33.97,33.97,100,0
FCBC.US,5,20211206,170000,33.98,33.98,33.98,33.98,100,0
FCBC.US,5,20211206,174000,33.98,34.04,33.98,34.04,500,0
FCBC.US,5,20211206,174500,33.98,33.98,33.98,33.98,300,0
FCBC.US,5,20211206,175500,33.91,33.93,33.91,33.93,400,0
FCBC.US,5,20211206,180500,33.9,33.9,33.9,33.9,200,0
FCBC.US,5,20211206,183500,33.9,33.9,33.9,33.9,100,0
FCBC.US,5,20211206,185000,33.9,33.9,33.9,33.9,300,0
FCBC.US,5,20211206,191000,33.95,33.96,33.95,33.96,400,0
FCBC.US,5,20211206,193000,33.9,33.9,33.9,33.9,100,0
FCBC.US,5,20211206,195000,34.09,34.1,34.09,34.1,200,0
FCBC.US,5,20211206,200000,34.1,34.1,34.1,34.1,800,0
FCBC.US,5,20211206,201000,34.1,34.1,34.1,34.1,100,0
FCBC.US,5,20211206,201500,34.17,34.17,34.17,34.17,100,0
FCBC.US,5,20211206,202500,34.13,34.13,34.1,34.1,200,0
FCBC.US,5,20211206,203500,34.11,34.11,34.11,34.11,100,0
FCBC.US,5,20211206,205000,34.12,34.12,34.12,34.12,100,0
FCBC.US,5,20211206,205500,34.19,34.21,34.19,34.21,1000,0
FCBC.US,5,20211206,210000,34.21,34.21,34.21,34.21,200,0
FCBC.US,5,20211206,210500,34.21,34.21,34.18,34.18,200,0
FCBC.US,5,20211206,211000,34.24,34.24,34.24,34.24,100,0
FCBC.US,5,20211206,212000,34.24,34.24,34.115,34.115,200,0
FCBC.US,5,20211206,213500,33.92,33.93,33.92,33.93,300,0
FCBC.US,5,20211206,214000,33.99,33.99,33.95,33.95,700,0
FCBC.US,5,20211206,215000,33.96,33.96,33.96,33.96,100,0
FCBC.US,5,20211206,215500,33.97,33.97,33.81,33.82,7017,0
FCBC.US,5,20211207,153000,34.26,34.705,30.83,33.73,1944,0
FCBC.US,5,20211207,155500,34.1,34.15,34.05,34.05,300,0
FCBC.US,5,20211207,160000,33.8,33.8,33.8,33.8,100,0
FCBC.US,5,20211207,160500,34.12,34.365,34.08,34.25,820,0
FCBC.US,5,20211207,170000,34.23,34.23,34.23,34.23,100,0
FCBC.US,5,20211207,170500,34.23,34.47,34.23,34.47,1003,0
FCBC.US,5,20211207,171500,34.335,34.62,34.33,34.62,1285,0
FCBC.US,5,20211207,173000,34.24,34.4,34.24,34.4,500,0
FCBC.US,5,20211207,173500,34.07,34.07,34.07,34.07,100,0
FCBC.US,5,20211207,174000,34.28,34.28,34.28,34.28,100,0
FCBC.US,5,20211207,182500,34.28,34.28,34.28,34.28,100,0
FCBC.US,5,20211207,185000,34.28,34.47,34.28,34.47,900,0
FCBC.US,5,20211207,191500,34.01,34.01,34.01,34.01,100,0
FCBC.US,5,20211207,195000,34.125,34.125,34.125,34.125,100,0
FCBC.US,5,20211207,195500,34.01,34.01,34.01,34.01,100,0
FCBC.US,5,20211207,201000,34.14,34.14,34.14,34.14,100,0
FCBC.US,5,20211207,203000,34.14,34.15,34.14,34.15,400,0
FCBC.US,5,20211207,205500,34.03,34.03,34.02,34.02,200,0
FCBC.US,5,20211207,211000,34.125,34.125,34.125,34.125,100,0
FCBC.US,5,20211207,211500,34.215,34.215,34.215,34.215,100,0
FCBC.US,5,20211207,212000,34.27,34.32,34.21,34.32,1900,0
FCBC.US,5,20211207,213000,34.3,34.3,34.3,34.3,100,0
FCBC.US,5,20211207,213500,34.18,34.19,34.18,34.19,200,0
FCBC.US,5,20211207,214000,34.16,34.18,34.16,34.16,900,0
FCBC.US,5,20211207,214500,34.09,34.09,34.09,34.09,400,0
FCBC.US,5,20211207,215000,34.1,34.1,34.025,34.045,500,0
FCBC.US,5,20211207,215500,34.19,34.19,34.01,34.1,5868,0
FCBC.US,5,20211208,153500,33.86,33.86,33.86,33.86,100,0
FCBC.US,5,20211208,154000,33.86,33.86,33.73,33.73,1000,0
FCBC.US,5,20211208,155500,34.22,34.22,34.22,34.22,100,0
FCBC.US,5,20211208,163000,33.7825,33.7825,33.7825,33.7825,100,0
FCBC.US,5,20211208,163500,33.76,33.79,33.73,33.73,1200,0
FCBC.US,5,20211208,164500,33.73,33.73,33.73,33.73,100,0
FCBC.US,5,20211208,171000,33.73,33.74,33.73,33.74,200,0
FCBC.US,5,20211208,172500,33.7,33.73,33.7,33.7,2100,0
FCBC.US,5,20211208,174500,33.68,33.68,33.68,33.68,100,0
FCBC.US,5,20211208,175000,33.68,33.68,33.68,33.68,500,0
FCBC.US,5,20211208,175500,33.68,33.68,33.6,33.6,400,0
FCBC.US,5,20211208,181000,33.52,33.52,33.52,33.52,100,0
FCBC.US,5,20211208,182000,33.55,33.55,33.55,33.55,200,0
FCBC.US,5,20211208,183000,33.55,33.58,33.55,33.58,900,0
FCBC.US,5,20211208,195500,33.4,33.4,33.39,33.4,500,0
FCBC.US,5,20211208,200000,33.47,33.47,33.47,33.47,100,0
FCBC.US,5,20211208,200500,33.48,33.52,33.48,33.52,200,0
FCBC.US,5,20211208,205000,33.5219,33.5219,33.5219,33.5219,500,0
FCBC.US,5,20211208,210000,33.55,33.55,33.52,33.52,300,0
FCBC.US,5,20211208,210500,33.52,33.67,33.52,33.54,300,0
FCBC.US,5,20211208,211000,33.54,33.54,33.54,33.54,100,0
FCBC.US,5,20211208,211500,33.6,33.6,33.55,33.55,489,0
FCBC.US,5,20211208,212000,33.665,33.665,33.57,33.57,500,0
FCBC.US,5,20211208,214000,33.53,33.53,33.5,33.5,200,0
FCBC.US,5,20211208,214500,33.55,33.55,33.5,33.5,500,0
FCBC.US,5,20211208,215000,33.43,33.43,33.43,33.43,100,0
FCBC.US,5,20211208,215500,33.37,33.52,33.37,33.51,4151,0
FCBC.US,5,20211209,153000,33.19,33.19,33.19,33.19,456,0
FCBC.US,5,20211209,153500,33.19,33.19,33.06,33.08,900,0
FCBC.US,5,20211209,154500,33.07,33.07,33.07,33.07,100,0
FCBC.US,5,20211209,161000,33.11,33.11,33.11,33.11,101,0
FCBC.US,5,20211209,165000,33.11,33.11,33.11,33.11,100,0
FCBC.US,5,20211209,171000,33.11,33.11,33.11,33.11,300,0
FCBC.US,5,20211209,174500,33.11,33.11,33.11,33.11,200,0
FCBC.US,5,20211209,175000,33.11,33.11,33.11,33.11,100,0
FCBC.US,5,20211209,175500,33.15,33.22,33.15,33.22,200,0
FCBC.US,5,20211209,180500,33.21,33.21,33.21,33.21,100,0
FCBC.US,5,20211209,182000,33.28,33.28,33.28,33.28,100,0
FCBC.US,5,20211209,190500,33.39,33.39,33.39,33.39,100,0
FCBC.US,5,20211209,192500,33.35,33.35,33.35,33.35,100,0
FCBC.US,5,20211209,195500,33.24,33.24,33.24,33.24,100,0
FCBC.US,5,20211209,203500,33.25,33.28,33.25,33.27,800,0
FCBC.US,5,20211209,204000,33.26,33.26,33.26,33.26,100,0
FCBC.US,5,20211209,205500,33.26,33.3,33.26,33.3,200,0
FCBC.US,5,20211209,212000,33.26,33.26,33.26,33.26,300,0
FCBC.US,5,20211209,212500,33.24,33.3,33.24,33.2825,846,0
FCBC.US,5,20211209,214000,33.345,33.345,33.345,33.345,700,0
FCBC.US,5,20211209,215000,33.23,33.23,33.23,33.23,100,0
FCBC.US,5,20211209,215500,33.23,33.29,33.21,33.28,8272,0
FCBC.US,5,20211210,153500,32.58,32.945,32.58,32.945,300,0
FCBC.US,5,20211210,155000,33.05,33.07,33.05,33.07,200,0
FCBC.US,5,20211210,160500,32.94,32.94,32.94,32.94,410,0
FCBC.US,5,20211210,161500,32.98,32.98,32.98,32.98,100,0
FCBC.US,5,20211210,174000,32.86,32.86,32.86,32.86,100,0
FCBC.US,5,20211210,180500,33.1,33.1,33.1,33.1,100,0
FCBC.US,5,20211210,181000,33.1,33.1,33.1,33.1,100,0
FCBC.US,5,20211210,182500,32.93,32.93,32.93,32.93,100,0
FCBC.US,5,20211210,184000,33,33,33,33,100,0
FCBC.US,5,20211210,185000,32.83,32.83,32.83,32.83,100,0
FCBC.US,5,20211210,192500,33.24,33.42,33.15,33.15,626,0
FCBC.US,5,20211210,194000,33.07,33.07,33.07,33.07,100,0
FCBC.US,5,20211210,201000,33.19,33.19,33.08,33.08,200,0
FCBC.US,5,20211210,205000,33.1,33.1,33.08,33.08,1578,0
FCBC.US,5,20211210,205500,33.07,33.08,32.85,32.85,397,0
FCBC.US,5,20211210,211000,33.04,33.04,33.04,33.04,266,0
FCBC.US,5,20211210,212500,32.98,32.98,32.98,32.98,100,0
FCBC.US,5,20211210,213500,33,33,33,33,100,0
FCBC.US,5,20211210,214000,32.99,32.99,32.95,32.95,200,0
FCBC.US,5,20211210,215500,32.98,33.14,32.97,33,9593,0
FCBC.US,5,20211213,153000,33.79,33.79,32.77,32.77,425,0
FCBC.US,5,20211213,153500,32.95,32.95,32.85,32.85,200,0
FCBC.US,5,20211213,155000,32.695,32.695,32.6,32.64,700,0
FCBC.US,5,20211213,155500,32.4,32.4,32.4,32.4,300,0
FCBC.US,5,20211213,160000,32.46,32.5,32.355,32.355,500,0
FCBC.US,5,20211213,160500,32.38,32.5,32.38,32.5,1579,0
FCBC.US,5,20211213,161500,32.685,32.9,32.52,32.52,350,0
FCBC.US,5,20211213,163000,32.31,32.31,32.31,32.31,100,0
FCBC.US,5,20211213,165500,32.605,32.605,32.605,32.605,100,0
FCBC.US,5,20211213,170000,32.53,32.53,32.42,32.42,200,0
FCBC.US,5,20211213,170500,32.43,32.43,32.43,32.43,100,0
FCBC.US,5,20211213,172000,32.33,32.33,32.33,32.33,100,0
FCBC.US,5,20211213,172500,32.5,32.5,32.5,32.5,500,0
FCBC.US,5,20211213,173000,32.435,32.435,32.435,32.435,500,0
FCBC.US,5,20211213,174000,32.67,32.67,32.67,32.67,100,0
FCBC.US,5,20211213,174500,32.56,32.56,32.56,32.56,100,0
FCBC.US,5,20211213,184500,33.0299,33.0299,33.0299,33.0299,141,0
FCBC.US,5,20211213,191000,32.765,32.765,32.765,32.765,100,0
FCBC.US,5,20211213,192500,32.84,32.84,32.84,32.84,100,0
FCBC.US,5,20211213,193000,32.73,32.73,32.73,32.73,100,0
FCBC.US,5,20211213,194500,32.88,32.88,32.88,32.88,100,0
FCBC.US,5,20211213,195000,32.83,32.83,32.66,32.66,238,0
FCBC.US,5,20211213,202500,32.85,32.945,32.85,32.945,200,0
FCBC.US,5,20211213,203000,32.9989,32.9989,32.9989,32.9989,326,0
FCBC.US,5,20211213,203500,32.95,32.96,32.95,32.96,400,0
FCBC.US,5,20211213,204000,32.93,33.15,32.93,33.15,300,0
FCBC.US,5,20211213,204500,33.15,33.15,33.15,33.15,200,0
FCBC.US,5,20211213,205000,33.15,33.15,33.15,33.15,300,0
FCBC.US,5,20211213,205500,33.075,33.075,33.075,33.075,100,0
FCBC.US,5,20211213,210000,33.015,33.015,33.015,33.015,100,0
FCBC.US,5,20211213,210500,33.07,33.07,33.07,33.07,100,0
FCBC.US,5,20211213,211000,33.06,33.06,33.06,33.06,100,0
FCBC.US,5,20211213,211500,33.045,33.045,33.045,33.045,100,0
FCBC.US,5,20211213,212000,33.05,33.105,33.05,33.105,300,0
FCBC.US,5,20211213,213500,33.14,33.14,33.14,33.14,100,0
FCBC.US,5,20211213,214500,33.01,33.01,33.01,33.01,100,0
FCBC.US,5,20211213,215000,32.92,32.92,32.885,32.885,300,0
FCBC.US,5,20211213,215500,32.9,32.94,32.78,32.82,9725,0
FCBC.US,5,20211214,153000,32.76,32.76,32.76,32.76,230,0
FCBC.US,5,20211214,153500,32.71,32.71,31.51,31.96,300,0
FCBC.US,5,20211214,155000,32.65,32.75,32.64,32.75,400,0
FCBC.US,5,20211214,155500,32.9,33.19,32.9,33.19,200,0
FCBC.US,5,20211214,160000,33,33,33,33,100,0
FCBC.US,5,20211214,161500,33,33,33,33,500,0
FCBC.US,5,20211214,173500,33.02,33.04,32.99,33,1300,0
FCBC.US,5,20211214,174000,32.99,33,32.99,33,263,0
FCBC.US,5,20211214,175500,32.9,32.9,32.83,32.83,200,0
FCBC.US,5,20211214,181500,32.77,32.77,32.77,32.77,100,0
FCBC.US,5,20211214,184500,32.9,32.9,32.9,32.9,158,0
FCBC.US,5,20211214,185000,32.89,32.89,32.89,32.89,100,0
FCBC.US,5,20211214,190000,32.88,32.88,32.88,32.88,100,0
FCBC.US,5,20211214,194500,32.82,32.82,32.82,32.82,100,0
FCBC.US,5,20211214,201500,32.82,32.82,32.82,32.82,200,0
FCBC.US,5,20211214,202000,32.88,32.88,32.88,32.88,100,0
FCBC.US,5,20211214,202500,32.82,32.82,32.82,32.82,548,0
FCBC.US,5,20211214,204000,32.69,32.69,32.69,32.69,100,0
FCBC.US,5,20211214,204500,32.825,32.825,32.825,32.825,100,0
FCBC.US,5,20211214,205000,32.64,32.64,32.64,32.64,100,0
FCBC.US,5,20211214,210000,32.6,32.6,32.6,32.6,100,0
FCBC.US,5,20211214,210500,32.54,32.54,32.54,32.54,100,0
FCBC.US,5,20211214,211000,32.48,32.48,32.48,32.48,199,0
FCBC.US,5,20211214,211500,32.43,32.43,32.41,32.41,200,0
FCBC.US,5,20211214,212000,32.46,32.47,32.46,32.47,200,0
FCBC.US,5,20211214,213000,32.36,32.4,32.36,32.36,400,0
FCBC.US,5,20211214,213500,32.49,32.49,32.445,32.445,200,0
FCBC.US,5,20211214,214000,32.445,32.445,32.445,32.445,200,0
FCBC.US,5,20211214,214500,32.43,32.44,32.43,32.44,204,0
FCBC.US,5,20211214,215000,32.34,32.35,32.18,32.18,300,0
FCBC.US,5,20211214,215500,32.25,32.37,32.01,32.26,11729,0
FCBC.US,5,20211215,153000,32.5,32.53,32.5,32.53,417,0
FCBC.US,5,20211215,153500,32.55,32.55,32.55,32.55,200,0
FCBC.US,5,20211215,155000,32.29,32.29,32.29,32.29,100,0
FCBC.US,5,20211215,161500,32.29,32.29,32.13,32.22,2905,0
FCBC.US,5,20211215,162000,32.33,32.33,32.33,32.33,100,0
FCBC.US,5,20211215,163500,32.555,32.555,32.555,32.555,100,0
FCBC.US,5,20211215,165000,32.555,32.555,32.555,32.555,100,0
FCBC.US,5,20211215,171500,32.65,32.65,32.65,32.65,134,0
FCBC.US,5,20211215,173500,32.65,32.65,32.65,32.65,100,0
FCBC.US,5,20211215,175000,32.64,32.64,32.61,32.61,1000,0
FCBC.US,5,20211215,180500,32.715,32.715,32.715,32.715,100,0
FCBC.US,5,20211215,182500,32.71,32.8,32.71,32.78,889,0
FCBC.US,5,20211215,185000,32.83,32.83,32.79,32.79,200,0
FCBC.US,5,20211215,192000,32.8,32.8,32.8,32.8,100,0
FCBC.US,5,20211215,194000,32.77,32.78,32.77,32.78,204,0
FCBC.US,5,20211215,195000,32.82,32.82,32.82,32.82,100,0
FCBC.US,5,20211215,200000,32.79,32.79,32.73,32.79,500,0
FCBC.US,5,20211215,200500,32.78,32.78,32.78,32.78,100,0
FCBC.US,5,20211215,201000,33.1,33.12,32.92,33,900,0
FCBC.US,5,20211215,202000,33,33,33,33,300,0
FCBC.US,5,20211215,202500,32.78,32.78,32.78,32.78,100,0
FCBC.US,5,20211215,203000,32.83,32.84,32.82,32.83,500,0
FCBC.US,5,20211215,203500,32.48,32.48,32.48,32.48,100,0
FCBC.US,5,20211215,204000,33.12,33.12,33.12,33.12,100,0
FCBC.US,5,20211215,204500,33.115,33.115,33.115,33.115,100,0
FCBC.US,5,20211215,205000,32.9529,33.145,32.9529,33.145,400,0
FCBC.US,5,20211215,205500,32.96,32.96,32.93,32.93,800,0
FCBC.US,5,20211215,210000,32.9,32.9,32.9,32.9,100,0
FCBC.US,5,20211215,211000,33.13,33.13,33.13,33.13,200,0
FCBC.US,5,20211215,212000,33.32,33.33,33.14,33.14,500,0
FCBC.US,5,20211215,212500,33.14,33.14,33.14,33.14,100,0
FCBC.US,5,20211215,213000,33.14,33.14,33.14,33.14,100,0
FCBC.US,5,20211215,213500,33.27,33.27,33.17,33.265,300,0
FCBC.US,5,20211215,214000,33.14,33.15,33.07,33.07,400,0
FCBC.US,5,20211215,214500,33.125,33.135,33.125,33.135,4400,0
FCBC.US,5,20211215,215000,33.43,33.43,33.07,33.19,6204,0
FCBC.US,5,20211215,215500,33.1,33.31,32.86,33.3,24383,0
FCBC.US,5,20211216,153000,33.74,33.74,33.345,33.345,1062,0
FCBC.US,5,20211216,160500,33.675,33.86,33.675,33.86,200,0
FCBC.US,5,20211216,162000,33.64,33.64,33.64,33.64,100,0
FCBC.US,5,20211216,163500,33.74,33.74,33.74,33.74,100,0
FCBC.US,5,20211216,164000,33.76,33.79,33.76,33.79,300,0
FCBC.US,5,20211216,171500,34.03,34.04,34.02,34.04,400,0
FCBC.US,5,20211216,172000,34.06,34.06,34.06,34.06,100,0
FCBC.US,5,20211216,173000,34.01,34.01,34.01,34.01,100,0
FCBC.US,5,20211216,174500,34.03,34.04,33.88,33.88,400,0
FCBC.US,5,20211216,175500,33.89,33.96,33.89,33.96,400,0
FCBC.US,5,20211216,180500,33.89,33.89,33.89,33.89,100,0
FCBC.US,5,20211216,182000,33.98,33.98,33.95,33.95,200,0
FCBC.US,5,20211216,182500,34.08,34.29,34.08,34.13,2547,0
FCBC.US,5,20211216,190500,33.85,33.85,33.85,33.85,200,0
FCBC.US,5,20211216,191000,33.89,33.89,33.89,33.89,200,0
FCBC.US,5,20211216,191500,33.83,33.83,33.83,33.83,100,0
FCBC.US,5,20211216,192000,33.79,33.79,33.79,33.79,200,0
FCBC.US,5,20211216,193000,33.87,33.87,33.87,33.87,100,0
FCBC.US,5,20211216,193500,33.75,33.75,33.75,33.75,100,0
FCBC.US,5,20211216,200500,33.8,33.8,33.8,33.8,100,0
FCBC.US,5,20211216,201500,33.64,33.64,33.59,33.59,350,0
FCBC.US,5,20211216,203000,33.41,33.41,33.41,33.41,100,0
FCBC.US,5,20211216,203500,33.4,33.4,33.39,33.39,200,0
FCBC.US,5,20211216,204500,33.42,33.42,33.34,33.34,200,0
FCBC.US,5,20211216,205000,33.42,33.42,33.42,33.42,100,0
FCBC.US,5,20211216,205500,33.51,33.51,33.51,33.51,200,0
FCBC.US,5,20211216,210000,33.55,33.55,33.43,33.51,400,0
FCBC.US,5,20211216,210500,33.51,33.51,33.465,33.465,400,0
FCBC.US,5,20211216,211000,33.25,33.25,33.25,33.25,100,0
FCBC.US,5,20211216,211500,33.415,33.48,33.395,33.48,700,0
FCBC.US,5,20211216,212500,33.49,33.57,33.49,33.57,300,0
FCBC.US,5,20211216,213000,33.625,33.625,33.53,33.55,400,0
FCBC.US,5,20211216,213500,33.46,33.46,33.46,33.46,100,0
FCBC.US,5,20211216,214000,33.49,33.52,33.49,33.49,300,0
FCBC.US,5,20211216,214500,33.42,33.42,33.35,33.35,400,0
FCBC.US,5,20211216,215500,33.5,33.53,33.44,33.44,10305,0
FCBC.US,5,20211217,153000,33.39,33.65,33.2,33.65,13607,0
FCBC.US,5,20211217,153500,33.18,33.18,33.15,33.15,200,0
FCBC.US,5,20211217,154500,33,33,32.77,32.87,612,0
FCBC.US,5,20211217,155000,32.77,32.82,32.77,32.82,300,0
FCBC.US,5,20211217,162000,32.68,32.81,32.68,32.77,300,0
FCBC.US,5,20211217,162500,32.75,32.75,32.75,32.75,100,0
FCBC.US,5,20211217,165000,33.36,33.67,33.36,33.5,1108,0
FCBC.US,5,20211217,165500,33.54,33.54,33.54,33.54,200,0
FCBC.US,5,20211217,170000,33.45,33.45,33.45,33.45,100,0
FCBC.US,5,20211217,173500,33.19,33.19,33.19,33.19,100,0
FCBC.US,5,20211217,174000,33.13,33.13,33.13,33.13,100,0
FCBC.US,5,20211217,175000,33.1,33.1,33.1,33.1,100,0
FCBC.US,5,20211217,181000,33.1497,33.1497,33.1497,33.1497,142,0
FCBC.US,5,20211217,181500,33.1,33.1,33.1,33.1,100,0
FCBC.US,5,20211217,182000,33.01,33.06,33.01,33.06,200,0
FCBC.US,5,20211217,182500,33,33,33,33,100,0
FCBC.US,5,20211217,183500,32.975,32.975,32.975,32.975,100,0
FCBC.US,5,20211217,184000,33.16,33.16,33.16,33.16,100,0
FCBC.US,5,20211217,190500,33.09,33.09,32.99,32.99,579,0
FCBC.US,5,20211217,192000,33.075,33.075,33.075,33.075,100,0
FCBC.US,5,20211217,192500,33.06,33.06,33,33,3064,0
FCBC.US,5,20211217,193500,33.05,33.16,33.05,33.16,200,0
FCBC.US,5,20211217,194500,33.2,33.2,33.2,33.2,100,0
FCBC.US,5,20211217,200000,33.1276,33.1276,33.1276,33.1276,200,0
FCBC.US,5,20211217,202000,33.13,33.13,33.07,33.07,400,0
FCBC.US,5,20211217,202500,33.11,33.11,33.11,33.11,100,0
FCBC.US,5,20211217,204000,32.98,32.98,32.98,32.98,100,0
FCBC.US,5,20211217,204500,33.02,33.02,33.02,33.02,100,0
FCBC.US,5,20211217,210000,33,33,33,33,200,0
FCBC.US,5,20211217,210500,33.025,33.025,33.025,33.025,100,0
FCBC.US,5,20211217,211000,33.08,33.11,33.08,33.11,300,0
FCBC.US,5,20211217,211500,32.995,32.995,32.995,32.995,100,0
FCBC.US,5,20211217,212000,33.005,33.005,33.005,33.005,100,0
FCBC.US,5,20211217,212500,32.94,32.94,32.94,32.94,100,0
FCBC.US,5,20211217,213000,32.855,32.855,32.81,32.81,300,0
FCBC.US,5,20211217,213500,32.83,32.93,32.83,32.93,1300,0
FCBC.US,5,20211217,214000,32.935,32.935,32.935,32.935,100,0
FCBC.US,5,20211217,214500,32.86,32.86,32.85,32.85,200,0
FCBC.US,5,20211217,215000,32.91,33.16,32.86,33.16,1600,0
FCBC.US,5,20211217,215500,33.06,33.25,33.04,33.2,52649,0
FCBC.US,5,20211220,153000,33.355,33.355,33.355,33.355,100,0
FCBC.US,5,20211220,160500,32.35,32.35,32.26,32.26,200,0
FCBC.US,5,20211220,161000,32.37,32.37,32.35,32.35,400,0
FCBC.US,5,20211220,163000,32.44,32.44,32.44,32.44,100,0
FCBC.US,5,20211220,165000,32.35,32.35,32.35,32.35,330,0
FCBC.US,5,20211220,170500,31.97,31.97,31.32,31.53,500,0
FCBC.US,5,20211220,171000,30.98,31.32,30.94,31.32,300,0
FCBC.US,5,20211220,171500,31.55,31.55,31.44,31.54,647,0
FCBC.US,5,20211220,172000,31.55,31.55,31.55,31.55,300,0
FCBC.US,5,20211220,172500,31.44,31.56,31.44,31.56,300,0
FCBC.US,5,20211220,173000,31.58,31.58,31.56,31.56,500,0
FCBC.US,5,20211220,173500,31.69,31.69,31.56,31.57,600,0
FCBC.US,5,20211220,174000,31.59,31.59,31.57,31.57,500,0
FCBC.US,5,20211220,174500,31.69,31.82,31.69,31.82,700,0
FCBC.US,5,20211220,175000,32.065,32.16,32.065,32.16,350,0
FCBC.US,5,20211220,182500,31.89,31.89,31.89,31.89,100,0
FCBC.US,5,20211220,183000,31.94,31.94,31.87,31.87,300,0
FCBC.US,5,20211220,191000,31.8,31.8,31.8,31.8,100,0
FCBC.US,5,20211220,193000,31.9,31.9,31.9,31.9,100,0
FCBC.US,5,20211220,200000,32.14,32.14,32.14,32.14,100,0
FCBC.US,5,20211220,202000,32.07,32.07,32.07,32.07,300,0
FCBC.US,5,20211220,202500,32.22,32.22,32.22,32.22,100,0
FCBC.US,5,20211220,203500,32.21,32.21,32.21,32.21,200,0
FCBC.US,5,20211220,204000,32.21,32.21,32.21,32.21,300,0
FCBC.US,5,20211220,204500,32.18,32.18,32.18,32.18,100,0
FCBC.US,5,20211220,205500,32.21,32.21,32.21,32.21,100,0
FCBC.US,5,20211220,210000,32.17,32.17,32.17,32.17,200,0
FCBC.US,5,20211220,211000,32.15,32.15,32.15,32.15,100,0
FCBC.US,5,20211220,211500,32.16,32.16,32.16,32.16,200,0
FCBC.US,5,20211220,212000,32.25,32.25,32.25,32.25,100,0
FCBC.US,5,20211220,212500,32.25,32.3,32.25,32.29,781,0
FCBC.US,5,20211220,213000,32.27,32.27,32.17,32.17,700,0
FCBC.US,5,20211220,213500,32.185,32.23,32.13,32.23,1300,0
FCBC.US,5,20211220,214500,32.12,32.22,32.12,32.22,200,0
FCBC.US,5,20211220,215000,32.225,32.35,32.22,32.295,985,0
FCBC.US,5,20211220,215500,32.37,32.46,32.32,32.34,11860,0
FCBC.US,5,20211221,153000,32.8,32.8,32.8,32.8,349,0
FCBC.US,5,20211221,160500,32.81,32.85,32.8,32.8,500,0
FCBC.US,5,20211221,170500,32.83,32.83,32.83,32.83,100,0
FCBC.US,5,20211221,184500,32.86,32.86,32.86,32.86,200,0
FCBC.US,5,20211221,191500,32.93,32.93,32.93,32.93,100,0
FCBC.US,5,20211221,195000,32.68,32.855,32.68,32.855,900,0
FCBC.US,5,20211221,201500,32.75,32.75,32.75,32.75,100,0
FCBC.US,5,20211221,204000,32.54,32.54,32.54,32.54,100,0
FCBC.US,5,20211221,204500,32.58,32.66,32.58,32.66,200,0
FCBC.US,5,20211221,205000,32.56,32.56,32.56,32.56,100,0
FCBC.US,5,20211221,210000,32.56,32.56,32.56,32.56,352,0
FCBC.US,5,20211221,210500,32.6,32.6,32.6,32.6,100,0
FCBC.US,5,20211221,212500,32.69,32.69,32.69,32.69,1448,0
FCBC.US,5,20211221,214500,32.7,32.7,32.7,32.7,100,0
FCBC.US,5,20211221,215000,32.7,32.7,32.7,32.7,100,0
FCBC.US,5,20211221,215500,32.67,32.84,32.65,32.84,9612,0
FCBC.US,5,20211222,153000,32.83,32.83,32.83,32.83,521,0
FCBC.US,5,20211222,155000,32.83,32.83,32.83,32.83,200,0
FCBC.US,5,20211222,161500,33.03,33.03,33.03,33.03,500,0
FCBC.US,5,20211222,173000,33.01,33.01,33.01,33.01,100,0
FCBC.US,5,20211222,183000,33.05,33.05,33.05,33.05,100,0
FCBC.US,5,20211222,184000,33.05,33.05,33.05,33.05,416,0
FCBC.US,5,20211222,185000,33.11,33.11,33.08,33.08,200,0
FCBC.US,5,20211222,194500,33.08,33.08,33.08,33.08,100,0
FCBC.US,5,20211222,201500,33.14,33.14,33.14,33.14,100,0
FCBC.US,5,20211222,202500,33.09,33.09,33.02,33.02,700,0
FCBC.US,5,20211222,203000,33.07,33.07,33.06,33.06,200,0
FCBC.US,5,20211222,203500,33.11,33.12,33.07,33.07,300,0
FCBC.US,5,20211222,204000,33.07,33.07,33.06,33.06,700,0
FCBC.US,5,20211222,210000,33.13,33.13,33.13,33.13,100,0
FCBC.US,5,20211222,210500,33.12,33.25,33.12,33.25,340,0
FCBC.US,5,20211222,212500,33.17,33.17,33.17,33.17,100,0
FCBC.US,5,20211222,213500,33.1,33.1,33.06,33.06,200,0
FCBC.US,5,20211222,214000,33.15,33.15,33.06,33.06,700,0
FCBC.US,5,20211222,215000,33.08,33.08,33.06,33.06,200,0
FCBC.US,5,20211222,215500,33.12,33.34,33.12,33.34,6244,0
FCBC.US,5,20211223,153000,33.35,33.35,33.06,33.2,1742,0
FCBC.US,5,20211223,162000,33.46,33.46,33.46,33.46,100,0
FCBC.US,5,20211223,163000,33.56,33.56,33.56,33.56,100,0
FCBC.US,5,20211223,164500,33.55,33.56,33.41,33.41,300,0
FCBC.US,5,20211223,181000,33.4101,33.4101,33.4101,33.4101,182,0
FCBC.US,5,20211223,183500,33.49,33.49,33.49,33.49,100,0
FCBC.US,5,20211223,184500,33.48,33.48,33.48,33.48,300,0
FCBC.US,5,20211223,185500,33.48,33.48,33.48,33.48,100,0
FCBC.US,5,20211223,190500,33.49,33.49,33.49,33.49,100,0
FCBC.US,5,20211223,191000,33.49,33.49,33.49,33.49,200,0
FCBC.US,5,20211223,191500,33.38,33.38,33.38,33.38,100,0
FCBC.US,5,20211223,193000,33.445,33.445,33.445,33.445,158,0
FCBC.US,5,20211223,202500,33.55,33.55,33.55,33.55,100,0
FCBC.US,5,20211223,211000,33.55,33.55,33.55,33.55,500,0
FCBC.US,5,20211223,211500,33.55,33.55,33.55,33.55,200,0
FCBC.US,5,20211223,212500,33.44,33.44,33.44,33.44,100,0
FCBC.US,5,20211223,215000,33.48,33.48,33.48,33.48,100,0
FCBC.US,5,20211223,215500,33.48,33.48,33.42,33.48,3893,0
