<TICKER>,<PER>,<DATE>,<TIME>,<OPEN>,<HIGH>,<LOW>,<CLOSE>,<VOL>,<OPENINT>
GDEV.US,5,20211104,155500,8.26,8.26,8.07,8.07,1100,0
GDEV.US,5,20211104,161500,8.04,8.04,8.04,8.04,100,0
GDEV.US,5,20211104,164000,8.06,8.06,8.06,8.06,100,0
GDEV.US,5,20211104,170000,8.03,8.03,8.03,8.03,100,0
GDEV.US,5,20211104,172500,8.0101,8.02,8.0101,8.02,600,0
GDEV.US,5,20211104,173500,8.02,8.04,8,8.04,1463,0
GDEV.US,5,20211104,175500,7.83,7.83,7.83,7.83,100,0
GDEV.US,5,20211104,183000,7.81,7.81,7.81,7.81,100,0
GDEV.US,5,20211104,190000,7.82,7.82,7.82,7.82,100,0
GDEV.US,5,20211104,192500,7.82,7.82,7.82,7.82,100,0
GDEV.US,5,20211104,195000,7.91,7.91,7.91,7.91,211,0
GDEV.US,5,20211104,195500,7.81,7.81,7.81,7.81,100,0
GDEV.US,5,20211104,200000,7.8,8,7.8,8,300,0
GDEV.US,5,20211104,201000,7.83,7.99,7.83,7.99,200,0
GDEV.US,5,20211104,202500,7.83,7.83,7.83,7.83,100,0
GDEV.US,5,20211104,203000,7.92,7.92,7.92,7.92,100,0
GDEV.US,5,20211104,203500,7.92,7.92,7.92,7.92,425,0
GDEV.US,5,20211104,205000,7.92,8.01,7.92,8.01,400,0
GDEV.US,5,20211104,205500,8,8.1,7.96,8.06,7094,0
GDEV.US,5,20211105,144000,8.51,8.51,8.51,8.51,100,0
GDEV.US,5,20211105,144500,8.52,8.52,8.52,8.52,500,0
GDEV.US,5,20211105,145000,8.84,8.84,8.84,8.84,100,0
GDEV.US,5,20211105,145500,8.84,8.84,8.525,8.525,711,0
GDEV.US,5,20211105,150000,8.84,8.84,8.78,8.84,700,0
GDEV.US,5,20211105,150500,8.65,8.65,8.65,8.65,100,0
GDEV.US,5,20211105,151000,8.59,8.59,8.57,8.57,200,0
GDEV.US,5,20211105,152000,8.64,8.79,8.64,8.79,1100,0
GDEV.US,5,20211105,152500,8.78,9.1,8.77,9.1,1381,0
GDEV.US,5,20211105,153000,8.99,9.31,8.99,9.2053,4846,0
GDEV.US,5,20211105,153500,9.31,9.43,9.2017,9.34,1309,0
GDEV.US,5,20211105,154000,9.3001,9.38,9.3001,9.38,200,0
GDEV.US,5,20211105,154500,9.353,9.353,9.01,9.16,2895,0
GDEV.US,5,20211105,155000,9,9,9,9,430,0
GDEV.US,5,20211105,155500,9.0338,9.0338,9.0338,9.0338,127,0
GDEV.US,5,20211105,160000,9.09,9.09,9.02,9.0814,400,0
GDEV.US,5,20211105,160500,8.97,9.02,8.88,8.88,600,0
GDEV.US,5,20211105,161000,8.89,8.9,8.88,8.9,400,0
GDEV.US,5,20211105,163500,9,9,9,9,100,0
GDEV.US,5,20211105,164500,9,9,9,9,215,0
GDEV.US,5,20211105,165500,9.05,9.05,9.05,9.05,100,0
GDEV.US,5,20211105,170000,9.05,9.05,9.05,9.05,100,0
GDEV.US,5,20211105,171500,9,9,9,9,100,0
GDEV.US,5,20211105,172000,9,9,9,9,100,0
GDEV.US,5,20211105,172500,9,9,9,9,100,0
GDEV.US,5,20211105,173000,9,9,8.78,8.78,3300,0
GDEV.US,5,20211105,173500,8.78,8.78,8.56,8.56,3008,0
GDEV.US,5,20211105,174000,8.44,8.44,8.23,8.23,2828,0
GDEV.US,5,20211105,174500,8.8,8.8,8.23,8.23,1180,0
GDEV.US,5,20211105,175000,8.28,8.28,8.12,8.12,2720,0
GDEV.US,5,20211105,175500,8.12,8.28,8.12,8.28,717,0
GDEV.US,5,20211105,180000,8.12,8.2,8.1,8.1,300,0
GDEV.US,5,20211105,180500,8.1,8.2,8.1,8.2,1795,0
GDEV.US,5,20211105,181000,8.07,8.16,8.025,8.04,2414,0
GDEV.US,5,20211105,181500,8.04,8.04,8.025,8.025,600,0
GDEV.US,5,20211105,182000,8.04,8.04,8.025,8.04,500,0
GDEV.US,5,20211105,182500,8.025,8.135,8.025,8.03,800,0
GDEV.US,5,20211105,183000,8.03,8.16,8.01,8.13,800,0
GDEV.US,5,20211105,184000,8.44,8.44,8.44,8.44,100,0
GDEV.US,5,20211105,184500,8.69,8.69,8.69,8.69,100,0
GDEV.US,5,20211105,185500,7.87,7.87,7.87,7.87,128,0
GDEV.US,5,20211105,192000,8.15,8.15,7.95,7.95,1200,0
GDEV.US,5,20211105,192500,7.86,7.87,7.835,7.85,10100,0
GDEV.US,5,20211105,193000,7.85,7.86,7.835,7.835,1000,0
GDEV.US,5,20211105,193500,7.86,7.86,7.835,7.845,1600,0
GDEV.US,5,20211105,194000,7.85,7.95,7.85,7.89,1101,0
GDEV.US,5,20211105,194500,7.95,8.27,7.95,8.27,3300,0
GDEV.US,5,20211105,195500,8.51,8.51,8.51,8.51,100,0
GDEV.US,5,20211105,200000,8.67,8.67,8.67,8.67,100,0
GDEV.US,5,20211105,200500,8.67,8.67,8.67,8.67,100,0
GDEV.US,5,20211105,201000,8.74,8.74,8.4,8.4,300,0
GDEV.US,5,20211105,201500,8.75,8.75,8.75,8.75,100,0
GDEV.US,5,20211105,202000,8.29,8.535,8.29,8.535,300,0
GDEV.US,5,20211105,202500,8.8,8.8,8.49,8.49,6307,0
GDEV.US,5,20211105,203000,8.61,8.61,8.56,8.57,5405,0
GDEV.US,5,20211105,203500,8.63,8.63,8.592,8.592,200,0
GDEV.US,5,20211105,204000,8.695,8.79,8.695,8.78,300,0
GDEV.US,5,20211105,204500,8.78,8.78,8.61,8.61,309,0
GDEV.US,5,20211105,205000,8.78,8.78,8.78,8.78,200,0
GDEV.US,5,20211105,205500,8.78,8.79,8.44,8.45,2512,0
GDEV.US,5,20211108,153000,8.2,8.2,8.2,8.2,279,0
GDEV.US,5,20211108,155500,8.15,8.15,8.1499,8.1499,823,0
GDEV.US,5,20211108,161000,8.14,8.15,8.14,8.14,3033,0
GDEV.US,5,20211108,165500,8.83,8.83,8.83,8.83,100,0
GDEV.US,5,20211108,170000,8.47,8.47,8.47,8.47,100,0
GDEV.US,5,20211108,174000,8.26,8.42,8.215,8.42,1800,0
GDEV.US,5,20211108,175000,8.45,8.45,8.45,8.45,200,0
GDEV.US,5,20211108,180000,8.75,8.75,8.38,8.3845,2000,0
GDEV.US,5,20211108,180500,8.41,8.412,8.39,8.39,635,0
GDEV.US,5,20211108,181000,8.59,8.59,8.59,8.59,100,0
GDEV.US,5,20211108,181500,8.54,8.59,8.53,8.53,400,0
GDEV.US,5,20211108,182500,8.208,8.25,8.208,8.25,1000,0
GDEV.US,5,20211108,183500,8.42,8.45,8.42,8.45,900,0
GDEV.US,5,20211108,184000,8.481,8.481,8.481,8.481,100,0
GDEV.US,5,20211108,190500,8.59,8.665,8.58,8.6,900,0
GDEV.US,5,20211108,191000,8.59,8.64,8.2501,8.4,2984,0
GDEV.US,5,20211108,191500,8.4,8.4,8.32,8.38,1300,0
GDEV.US,5,20211108,192000,8.41,8.6,8.41,8.52,1900,0
GDEV.US,5,20211108,192500,8.54,8.55,8.54,8.55,200,0
GDEV.US,5,20211108,193000,8.52,8.52,8.51,8.51,200,0
GDEV.US,5,20211108,194500,8.4,8.4,8.32,8.34,800,0
GDEV.US,5,20211108,195000,8.34,8.34,8.34,8.34,100,0
GDEV.US,5,20211108,201000,8.34,8.47,8.34,8.47,500,0
GDEV.US,5,20211108,201500,8.48,8.48,8.48,8.48,400,0
GDEV.US,5,20211108,202000,8.44,8.44,8.44,8.44,100,0
GDEV.US,5,20211108,212000,8.575,8.575,8.575,8.575,100,0
GDEV.US,5,20211108,214000,8.32,8.32,8.32,8.32,100,0
GDEV.US,5,20211108,214500,8.79,8.8,8.78,8.8,300,0
GDEV.US,5,20211108,215500,8.24,8.24,8.18,8.19,818,0
GDEV.US,5,20211109,153000,8.46,8.77,8.46,8.565,618,0
GDEV.US,5,20211109,153500,8.565,8.73,8.565,8.73,200,0
GDEV.US,5,20211109,163000,8.4372,8.4372,8.4372,8.4372,500,0
GDEV.US,5,20211109,175500,8.6,8.6,8.6,8.6,100,0
GDEV.US,5,20211109,183000,8.55,8.55,8.55,8.55,150,0
GDEV.US,5,20211109,185500,8.55,8.55,8.55,8.55,139,0
GDEV.US,5,20211109,205000,8.55,8.55,8.55,8.55,300,0
GDEV.US,5,20211109,214000,8.53,8.53,8.53,8.53,158,0
GDEV.US,5,20211109,215500,8.58,8.58,8.58,8.58,170,0
GDEV.US,5,20211110,154000,8.38,8.38,8.38,8.38,100,0
GDEV.US,5,20211110,160000,8.3,8.3,8.3,8.3,453,0
GDEV.US,5,20211110,161000,8.3,8.3,8.3,8.3,270,0
GDEV.US,5,20211110,161500,8.3,8.3,8.29,8.29,523,0
GDEV.US,5,20211110,162500,8.3,8.3,8.29,8.29,312,0
GDEV.US,5,20211110,164000,8.35,8.35,8.25,8.25,300,0
GDEV.US,5,20211110,171500,8.3985,8.3985,8.3985,8.3985,200,0
GDEV.US,5,20211110,210500,8.26,8.26,8.25,8.25,4000,0
GDEV.US,5,20211110,211000,8.25,8.25,8.25,8.25,215,0
GDEV.US,5,20211110,212500,8.25,8.25,8.25,8.25,200,0
GDEV.US,5,20211110,213500,8.21,8.21,8.21,8.21,100,0
GDEV.US,5,20211110,214500,8.2,8.23,8.18,8.2,719,0
GDEV.US,5,20211110,215000,8.25,8.25,8.25,8.25,300,0
GDEV.US,5,20211110,215500,8.15,8.15,8.15,8.15,527,0
GDEV.US,5,20211111,153000,8.47,8.47,8.47,8.47,315,0
GDEV.US,5,20211111,153500,8.58,8.58,8.58,8.58,300,0
GDEV.US,5,20211111,154000,8.81,8.83,8.81,8.83,220,0
GDEV.US,5,20211111,165500,8.15,8.39,8.15,8.285,3478,0
GDEV.US,5,20211111,170000,8.21,8.44,8.21,8.44,2036,0
GDEV.US,5,20211111,170500,8.84,8.92,8.44,8.44,1136,0
GDEV.US,5,20211111,171000,8.9,8.9,8.4,8.45,4543,0
GDEV.US,5,20211111,171500,8.47,8.47,8.4,8.4,200,0
GDEV.US,5,20211111,172000,8.4,8.4,8.4,8.4,100,0
GDEV.US,5,20211111,183000,8.4,8.4,8.4,8.4,100,0
GDEV.US,5,20211111,213000,8.37,8.37,8.37,8.37,100,0
GDEV.US,5,20211111,215500,8.23,8.45,8.23,8.45,893,0
GDEV.US,5,20211112,162500,8.26,9,8.16,8.9245,1400,0
GDEV.US,5,20211112,165500,9,9.09,9,9.09,700,0
GDEV.US,5,20211112,170500,8.58,8.58,8.58,8.58,200,0
GDEV.US,5,20211112,171000,8.63,9.01,8.63,9.01,400,0
GDEV.US,5,20211112,175000,8.735,8.735,8.735,8.735,100,0
GDEV.US,5,20211112,180000,8.79,8.79,8.75,8.75,300,0
GDEV.US,5,20211112,182000,8.7,8.8,8.43,8.8,10001,0
GDEV.US,5,20211112,182500,8.615,8.8,8.01,8.01,17029,0
GDEV.US,5,20211112,183000,8.38,8.4,8.38,8.4,300,0
GDEV.US,5,20211112,183500,8.4,8.44,8.4,8.43,1809,0
GDEV.US,5,20211112,184000,8.44,8.44,8.37,8.37,702,0
GDEV.US,5,20211112,184500,8.4,8.44,8.4,8.44,793,0
GDEV.US,5,20211112,185500,8.235,8.35,8.21,8.22,654,0
GDEV.US,5,20211112,193500,8.43,8.43,8.43,8.43,463,0
GDEV.US,5,20211112,195500,8.42,8.42,8.42,8.42,150,0
GDEV.US,5,20211112,200500,8.41,8.44,8.41,8.44,409,0
GDEV.US,5,20211112,202500,8.4,8.4,8.4,8.4,208,0
GDEV.US,5,20211112,203500,8.4,8.42,8.4,8.42,406,0
GDEV.US,5,20211112,204500,8.42,8.42,8.42,8.42,100,0
GDEV.US,5,20211112,210000,8.4,8.4,8.4,8.4,162,0
GDEV.US,5,20211112,211000,8.44,8.545,8.4,8.545,2113,0
GDEV.US,5,20211112,211500,8.75,8.75,8.55,8.75,600,0
GDEV.US,5,20211112,212000,8.75,8.75,8.75,8.75,200,0
GDEV.US,5,20211112,213000,8.74,8.75,8.74,8.75,600,0
GDEV.US,5,20211112,215500,8.49,8.71,8.45,8.71,700,0
GDEV.US,5,20211115,190500,8.4,8.41,8.26,8.41,2025,0
GDEV.US,5,20211115,195000,8.58,8.58,8.57,8.57,542,0
GDEV.US,5,20211115,203000,8.69,8.69,8.69,8.69,500,0
GDEV.US,5,20211115,205000,8.6,8.6,8.59,8.59,600,0
GDEV.US,5,20211115,211500,8.695,8.71,8.695,8.71,200,0
GDEV.US,5,20211115,213000,8.83,8.83,8.8,8.8,284,0
GDEV.US,5,20211115,214000,8.715,8.715,8.715,8.715,169,0
GDEV.US,5,20211115,215000,8.715,8.715,8.715,8.715,100,0
GDEV.US,5,20211115,215500,8.56,8.84,8.56,8.84,300,0
GDEV.US,5,20211116,160500,8.84,8.84,8.84,8.84,198,0
GDEV.US,5,20211116,161000,8.57,8.57,8.57,8.57,101,0
GDEV.US,5,20211116,162500,8.63,8.75,8.63,8.75,800,0
GDEV.US,5,20211116,212000,8.83,8.83,8.83,8.83,300,0
GDEV.US,5,20211116,213000,8.59,8.59,8.57,8.57,200,0
GDEV.US,5,20211116,215000,8.726,8.726,8.71,8.71,855,0
GDEV.US,5,20211116,215500,8.6,8.71,8.6,8.71,218,0
GDEV.US,5,20211117,155000,8.95,8.96,8.95,8.96,700,0
GDEV.US,5,20211117,155500,8.96,8.96,8.61,8.61,1012,0
GDEV.US,5,20211117,184000,8.735,8.735,8.735,8.735,100,0
GDEV.US,5,20211117,185000,8.61,8.6777,8.61,8.6777,200,0
GDEV.US,5,20211117,194500,8.64,8.64,8.64,8.64,100,0
GDEV.US,5,20211117,211500,8.65,8.88,8.65,8.88,739,0
GDEV.US,5,20211117,213000,8.87,8.88,8.86,8.88,500,0
GDEV.US,5,20211117,213500,8.57,8.57,8.57,8.57,100,0
GDEV.US,5,20211117,215500,8.56,8.87,8.56,8.87,401,0
GDEV.US,5,20211118,161000,8.14,8.71,8.14,8.29,10208,0
GDEV.US,5,20211118,161500,8.445,8.75,8.445,8.75,200,0
GDEV.US,5,20211118,162000,8.75,8.75,8.75,8.75,200,0
GDEV.US,5,20211118,163000,8.75,8.75,8.75,8.75,200,0
GDEV.US,5,20211118,163500,8.21,8.75,8.21,8.75,600,0
GDEV.US,5,20211118,171500,8.3,8.3,8.3,8.3,100,0
GDEV.US,5,20211118,175000,8.34,8.34,8.34,8.34,100,0
GDEV.US,5,20211118,181000,8.2154,8.2154,8.2154,8.2154,190,0
GDEV.US,5,20211118,183000,8.21,8.6,8.2,8.6,400,0
GDEV.US,5,20211118,184000,8.24,8.24,8.24,8.24,100,0
GDEV.US,5,20211118,185000,8.2,8.6,8.2,8.6,904,0
GDEV.US,5,20211118,200500,8.6,8.6,8.6,8.6,26238,0
GDEV.US,5,20211118,201500,8.6,8.6,8.6,8.6,200,0
GDEV.US,5,20211118,202000,8.55,8.55,8.3,8.3,600,0
GDEV.US,5,20211118,202500,8.4,8.55,8.355,8.55,300,0
GDEV.US,5,20211118,203500,8.62,8.62,8.62,8.62,200,0
GDEV.US,5,20211118,204500,8.64,8.64,8.64,8.64,200,0
GDEV.US,5,20211118,205500,8.64,8.64,8.64,8.64,200,0
GDEV.US,5,20211118,210500,8.64,8.64,8.64,8.64,200,0
GDEV.US,5,20211118,211500,8.63,8.63,8.63,8.63,200,0
GDEV.US,5,20211118,212500,8.395,8.62,8.395,8.62,200,0
GDEV.US,5,20211118,213000,8.67,8.67,8.67,8.67,200,0
GDEV.US,5,20211118,214000,8.67,8.67,8.67,8.67,200,0
GDEV.US,5,20211118,214500,8.67,8.67,8.67,8.67,200,0
GDEV.US,5,20211118,215000,8.365,8.365,8.365,8.365,100,0
GDEV.US,5,20211118,215500,8.35,8.5,8.1,8.5,619,0
GDEV.US,5,20211119,160500,8.3,8.3,8.3,8.3,113,0
GDEV.US,5,20211119,163500,8.3,8.3,8.3,8.3,100,0
GDEV.US,5,20211119,170500,8.29,8.29,8.29,8.29,200,0
GDEV.US,5,20211119,172000,8.28,8.29,8.22,8.29,500,0
GDEV.US,5,20211119,172500,8.29,8.29,8.29,8.29,520,0
GDEV.US,5,20211119,175500,8.23,8.23,8.23,8.23,100,0
GDEV.US,5,20211119,181000,8.22,8.23,8.06,8.06,1181,0
GDEV.US,5,20211119,183000,8.24,8.24,8.24,8.24,200,0
GDEV.US,5,20211119,184500,8.14,8.14,8.14,8.14,300,0
GDEV.US,5,20211119,185500,8.14,8.15,8.14,8.15,200,0
GDEV.US,5,20211119,190000,8.1625,8.1625,8.1625,8.1625,494,0
GDEV.US,5,20211119,191000,8.2,8.2,8.2,8.2,100,0
GDEV.US,5,20211119,191500,8.24,8.24,8.24,8.24,500,0
GDEV.US,5,20211119,192500,8.26,8.26,8.16,8.26,1800,0
GDEV.US,5,20211119,193000,8.22,8.22,8.01,8.04,3376,0
GDEV.US,5,20211119,193500,8.02,8.03,8.02,8.03,200,0
GDEV.US,5,20211119,195000,8.02,8.02,8.02,8.02,200,0
GDEV.US,5,20211119,202500,8.2,8.24,8.2,8.24,2050,0
GDEV.US,5,20211119,203500,8.2,8.2,8.2,8.2,505,0
GDEV.US,5,20211119,204500,8.26,8.26,8.26,8.26,400,0
GDEV.US,5,20211119,205500,8.25,8.25,8.25,8.25,200,0
GDEV.US,5,20211119,210000,8.23,8.23,8.23,8.23,2600,0
GDEV.US,5,20211119,210500,8.23,8.23,8.23,8.23,1950,0
GDEV.US,5,20211119,212000,8.03,8.1,8.03,8.1,500,0
GDEV.US,5,20211119,212500,8.09,8.09,8.09,8.09,350,0
GDEV.US,5,20211119,213000,8.075,8.075,8.01,8.01,348,0
GDEV.US,5,20211119,214500,8.15,8.15,8.15,8.15,350,0
GDEV.US,5,20211119,215000,8.15,8.15,8.15,8.15,450,0
GDEV.US,5,20211119,215500,8.13,8.2,8.08,8.2,2150,0
GDEV.US,5,20211122,153000,8.1222,8.1222,8.1222,8.1222,193,0
GDEV.US,5,20211122,155500,8.12,8.12,8.12,8.12,100,0
GDEV.US,5,20211122,180500,8.12,8.12,8.12,8.12,100,0
GDEV.US,5,20211122,181500,8.05,8.06,7.97,7.985,7772,0
GDEV.US,5,20211122,182000,8,8,7.925,7.925,650,0
GDEV.US,5,20211122,183000,8,8,8,8,100,0
GDEV.US,5,20211122,184000,8,8,8,8,400,0
GDEV.US,5,20211122,184500,8,8,8,8,100,0
GDEV.US,5,20211122,185500,7.9894,7.9894,7.9894,7.9894,500,0
GDEV.US,5,20211122,191000,8,8,7.9,7.92,2826,0
GDEV.US,5,20211122,200500,8,8,8,8,600,0
GDEV.US,5,20211122,201000,8,8,8,8,790,0
GDEV.US,5,20211122,201500,8,8,8,8,225,0
GDEV.US,5,20211122,212000,7.75,7.75,7.75,7.75,100,0
GDEV.US,5,20211122,212500,7.79,7.79,7.79,7.79,100,0
GDEV.US,5,20211122,215000,7.98,8,7.95,8,2347,0
GDEV.US,5,20211122,215500,7.97,8,7.8,7.81,936,0
GDEV.US,5,20211123,155500,7.9001,7.9001,7.9001,7.9001,100,0
GDEV.US,5,20211123,163500,7.9001,7.9001,7.9001,7.9001,665,0
GDEV.US,5,20211123,172000,8,8,8,8,100,0
GDEV.US,5,20211123,194500,7.9,7.9,7.9,7.9,872,0
GDEV.US,5,20211123,215500,7.99,8,7.97,7.97,500,0
GDEV.US,5,20211124,163500,7.91,7.92,7.76,7.92,1800,0
GDEV.US,5,20211124,164000,7.81,8.1,7.76,7.97,3855,0
GDEV.US,5,20211124,192500,7.94,7.94,7.93,7.93,400,0
GDEV.US,5,20211124,194000,7.92,7.99,7.88,7.88,836,0
GDEV.US,5,20211124,200000,7.91,7.93,7.91,7.926,1300,0
GDEV.US,5,20211124,200500,7.94,7.96,7.8,7.94,4020,0
GDEV.US,5,20211124,201000,7.81,8.35,7.81,8.35,4867,0
GDEV.US,5,20211124,201500,8.16,8.16,8.03,8.04,4814,0
GDEV.US,5,20211124,202000,8.38,8.38,8.25,8.25,200,0
GDEV.US,5,20211124,203000,8.285,8.38,8.14,8.28,10019,0
GDEV.US,5,20211124,205500,8.065,8.065,8.065,8.065,400,0
GDEV.US,5,20211124,212500,8.27,8.27,8.24,8.24,200,0
GDEV.US,5,20211124,215500,7.8,8.13,7.77,8.13,706,0
GDEV.US,5,20211126,153500,8.36,8.36,8.36,8.36,800,0
GDEV.US,5,20211126,163000,7.76,7.76,7.76,7.76,118,0
GDEV.US,5,20211126,170000,7.88,7.88,7.4116,7.4116,14385,0
GDEV.US,5,20211126,170500,7.5,7.5,7.49,7.49,300,0
GDEV.US,5,20211126,171000,7.49,7.5,7.4745,7.4745,757,0
GDEV.US,5,20211126,171500,7.48,7.48,7.48,7.48,220,0
GDEV.US,5,20211126,172000,7.5,7.5,7.49,7.5,813,0
GDEV.US,5,20211126,173000,7.5,7.5,7.5,7.5,303,0
GDEV.US,5,20211126,173500,7.455,7.455,7.455,7.455,306,0
GDEV.US,5,20211126,174000,7.4826,7.4826,7.4826,7.4826,200,0
GDEV.US,5,20211126,181000,7.49,7.5,7.49,7.5,1187,0
GDEV.US,5,20211126,182000,7.5,7.5,7.5,7.5,200,0
GDEV.US,5,20211126,182500,7.49,7.49,7.49,7.49,100,0
GDEV.US,5,20211126,183000,7.44,7.5,7.44,7.44,3298,0
GDEV.US,5,20211126,184000,7.5,7.5,7.4998,7.5,5623,0
GDEV.US,5,20211126,185000,7.5,7.5,7.5,7.5,272,0
GDEV.US,5,20211126,185500,7.4,7.497,7.3,7.497,700,0
GDEV.US,5,20211126,190000,7.5,7.5,7.5,7.5,308,0
GDEV.US,5,20211129,153000,7.5,7.5,7.5,7.5,524,0
GDEV.US,5,20211129,191000,7.98,7.98,7.98,7.98,100,0
GDEV.US,5,20211129,191500,7.9799,7.9799,7.9799,7.9799,100,0
GDEV.US,5,20211129,192500,7.98,7.98,7.98,7.98,267,0
GDEV.US,5,20211129,194000,7.93,7.93,7.93,7.93,500,0
GDEV.US,5,20211129,194500,7.84,7.84,7.74,7.74,1105,0
GDEV.US,5,20211129,211500,7.72,7.72,7.6,7.6,4870,0
GDEV.US,5,20211129,212500,7.96,7.98,7.93,7.98,500,0
GDEV.US,5,20211129,214500,7.94,7.94,7.94,7.94,100,0
GDEV.US,5,20211129,215000,7.63,7.63,7.61,7.61,200,0
GDEV.US,5,20211129,215500,7.89,7.9,7.65,7.86,2056,0
GDEV.US,5,20211130,153500,7.59,7.59,7.5,7.5,1000,0
GDEV.US,5,20211130,161500,7.78,7.78,7.78,7.78,130,0
GDEV.US,5,20211130,164500,7.7,7.7,7.7,7.7,100,0
GDEV.US,5,20211130,170000,7.5001,7.5001,7.5001,7.5001,499,0
GDEV.US,5,20211130,171500,7.79,7.79,7.79,7.79,206,0
GDEV.US,5,20211130,172500,7.73,7.73,7.73,7.73,8791,0
GDEV.US,5,20211130,173500,7.68,7.68,7.68,7.68,200,0
GDEV.US,5,20211130,174000,7.65,7.65,7.65,7.65,700,0
GDEV.US,5,20211130,174500,7.62,7.62,7.62,7.62,100,0
GDEV.US,5,20211130,175000,7.51,7.57,7.5,7.5,3091,0
GDEV.US,5,20211130,175500,7.5,7.5,7.5,7.5,875,0
GDEV.US,5,20211130,180500,7.5,7.5,7.5,7.5,200,0
GDEV.US,5,20211130,181500,7.4362,7.45,7.4362,7.45,652,0
GDEV.US,5,20211130,182000,7.42,7.42,7.42,7.42,711,0
GDEV.US,5,20211130,184000,7.24,7.24,7.24,7.24,100,0
GDEV.US,5,20211130,185500,7.5,7.5,7.5,7.5,120,0
GDEV.US,5,20211130,204500,7.42,7.42,7.42,7.42,500,0
GDEV.US,5,20211130,205000,7.47,7.47,7.47,7.47,200,0
GDEV.US,5,20211130,210000,7.395,7.395,7.395,7.395,600,0
GDEV.US,5,20211130,210500,7.3,7.31,7.25,7.25,450,0
GDEV.US,5,20211130,211500,7.25,7.25,7.25,7.25,500,0
GDEV.US,5,20211130,212000,7.19,7.2,7.17,7.2,10888,0
GDEV.US,5,20211130,213000,7.2,7.2,7.2,7.2,450,0
GDEV.US,5,20211130,213500,7.2,7.2,7.2,7.2,200,0
GDEV.US,5,20211130,214500,7.2,7.2,7.19,7.19,1050,0
GDEV.US,5,20211130,215000,7.19,7.19,7.145,7.145,400,0
GDEV.US,5,20211130,215500,7.1,7.2,7.05,7.2,14387,0
GDEV.US,5,20211201,153000,7.14,7.14,7.14,7.14,213,0
GDEV.US,5,20211201,155000,7.1,7.1,7.1,7.1,700,0
GDEV.US,5,20211201,160000,7.405,7.405,7.405,7.405,100,0
GDEV.US,5,20211201,162000,7.2,7.2,7.2,7.2,100,0
GDEV.US,5,20211201,163500,7.21,7.21,7.21,7.21,100,0
GDEV.US,5,20211201,165500,7.2075,7.2075,7.03,7.135,400,0
GDEV.US,5,20211201,170500,7.25,7.25,7.25,7.25,229,0
GDEV.US,5,20211201,171500,7.24,7.24,7.24,7.24,300,0
GDEV.US,5,20211201,172000,7.24,7.24,7.24,7.24,1100,0
GDEV.US,5,20211201,172500,7.24,7.24,7.125,7.125,727,0
GDEV.US,5,20211201,175500,7.03,7.03,7.03,7.03,300,0
GDEV.US,5,20211201,185500,7.22,7.22,7.22,7.22,370,0
GDEV.US,5,20211201,193000,7.16,7.23,7.16,7.23,400,0
GDEV.US,5,20211201,194500,7.22,7.22,7.22,7.22,493,0
GDEV.US,5,20211201,201000,7.1524,7.1524,7.1524,7.1524,100,0
GDEV.US,5,20211201,205000,7.05,7.05,7.05,7.05,100,0
GDEV.US,5,20211201,210000,7.22,7.23,7.22,7.23,600,0
GDEV.US,5,20211201,210500,7.23,7.23,7.22,7.22,5300,0
GDEV.US,5,20211201,212500,7.0467,7.23,7.0467,7.23,400,0
GDEV.US,5,20211201,213000,7.01,7.01,7.01,7.01,100,0
GDEV.US,5,20211201,213500,7.0135,7.05,6.98,7,4814,0
GDEV.US,5,20211201,215500,7,7,6.83,6.98,554,0
GDEV.US,5,20211202,153000,7.7,7.7,7.7,7.7,100,0
GDEV.US,5,20211202,154500,7.0361,7.0361,7.0361,7.0361,137,0
GDEV.US,5,20211202,172000,6.85,6.99,6.85,6.99,300,0
GDEV.US,5,20211202,173000,6.99,7,6.99,7,500,0
GDEV.US,5,20211202,173500,6.99,6.99,6.98,6.98,300,0
GDEV.US,5,20211202,174000,6.99,7,6.96,6.96,2951,0
GDEV.US,5,20211202,174500,6.89,6.89,6.89,6.89,100,0
GDEV.US,5,20211202,175000,6.93,7,6.93,7,7050,0
GDEV.US,5,20211202,175500,7,7,7,7,600,0
GDEV.US,5,20211202,180000,7,7,6.99,6.99,750,0
GDEV.US,5,20211202,180500,6.9634,6.9634,6.9634,6.9634,300,0
GDEV.US,5,20211202,182500,7,7,7,7,1400,0
GDEV.US,5,20211202,183000,7,7,7,7,600,0
GDEV.US,5,20211202,183500,6.985,6.985,6.985,6.985,300,0
GDEV.US,5,20211202,191000,7,7,7,7,8528,0
GDEV.US,5,20211202,191500,7,7,6.985,7,1510,0
GDEV.US,5,20211202,192000,7,7,7,7,100,0
GDEV.US,5,20211202,193000,7,7,7,7,202,0
GDEV.US,5,20211202,193500,6.96,6.99,6.96,6.99,300,0
GDEV.US,5,20211202,194000,6.99,6.99,6.99,6.99,200,0
GDEV.US,5,20211202,195000,6.95,6.96,6.95,6.95,400,0
GDEV.US,5,20211202,200000,6.94,7,6.94,7,3304,0
GDEV.US,5,20211202,201500,7.085,7.16,7.036,7.036,2817,0
GDEV.US,5,20211202,212000,7.165,7.165,7.15,7.16,404,0
GDEV.US,5,20211202,213000,7.17,7.19,7.17,7.19,2800,0
GDEV.US,5,20211202,213500,7.18,7.5398,7.18,7.5398,12242,0
GDEV.US,5,20211202,214000,7.33,7.435,7.33,7.435,4546,0
GDEV.US,5,20211202,215000,7.49,7.51,7.49,7.51,655,0
GDEV.US,5,20211202,215500,7.52,7.52,7.5,7.5,943,0
GDEV.US,5,20211203,153000,7.5,7.55,7.47,7.5,10870,0
GDEV.US,5,20211203,153500,7.52,7.52,7.52,7.52,100,0
GDEV.US,5,20211203,155000,7.5,7.5,7.5,7.5,900,0
GDEV.US,5,20211203,155500,7.5,7.5,7.5,7.5,5300,0
GDEV.US,5,20211203,160000,7.5,7.5,7.5,7.5,661,0
GDEV.US,5,20211203,161500,7.5,7.5,7.5,7.5,100,0
GDEV.US,5,20211203,164000,7.5,7.55,7.5,7.55,948,0
GDEV.US,5,20211203,170500,7.5133,7.5133,7.5133,7.5133,200,0
GDEV.US,5,20211203,181500,7.5,7.55,7.5,7.55,246,0
GDEV.US,5,20211203,183000,7.6,7.62,7.6,7.62,397,0
GDEV.US,5,20211203,190000,7.55,7.55,7.5,7.5,811,0
GDEV.US,5,20211203,190500,7.54,7.55,7.51,7.55,1364,0
GDEV.US,5,20211203,191000,7.55,7.58,7.51,7.56,54300,0
GDEV.US,5,20211203,191500,7.63,7.63,7.51,7.51,21798,0
GDEV.US,5,20211203,192000,7.5,7.59,7.5,7.59,21511,0
GDEV.US,5,20211203,194000,7.5,7.64,7.5,7.64,700,0
GDEV.US,5,20211203,194500,7.55,7.61,7.53,7.6,5167,0
GDEV.US,5,20211203,195500,7.56,7.56,7.56,7.56,178,0
GDEV.US,5,20211203,204500,7.5,7.51,7.5,7.5,900,0
GDEV.US,5,20211203,211000,7.5,7.5,7.5,7.5,100,0
GDEV.US,5,20211203,211500,7.5214,7.5214,7.5214,7.5214,160,0
GDEV.US,5,20211203,212000,7.5149,7.57,7.48,7.57,1230,0
GDEV.US,5,20211203,213000,7.635,7.64,7.635,7.64,400,0
GDEV.US,5,20211203,214500,7.62,7.62,7.5,7.5,200,0
GDEV.US,5,20211203,215000,7.57,7.57,7.57,7.57,597,0
GDEV.US,5,20211203,215500,7.63,7.63,7.5,7.5,600,0
GDEV.US,5,20211206,153000,7.64,7.66,7.64,7.66,500,0
GDEV.US,5,20211206,153500,7.26,7.26,7.18,7.25,66116,0
GDEV.US,5,20211206,154000,7.6,7.91,7.465,7.86,67000,0
GDEV.US,5,20211206,154500,7.155,7.39,7.155,7.39,601,0
GDEV.US,5,20211206,155000,7.4,7.64,7.4,7.64,1302,0
GDEV.US,5,20211206,155500,7.61,7.61,7.48,7.48,456,0
GDEV.US,5,20211206,160000,7.45,7.5,7.45,7.5,300,0
GDEV.US,5,20211206,161500,7.53,7.53,7.53,7.53,100,0
GDEV.US,5,20211206,162000,7.8,7.8,7.8,7.8,230,0
GDEV.US,5,20211206,162500,7.54,7.67,7.54,7.67,300,0
GDEV.US,5,20211206,163000,7.54,7.63,7.54,7.63,1100,0
GDEV.US,5,20211206,163500,7.7,7.702,7.56,7.56,300,0
GDEV.US,5,20211206,165000,7.55,7.55,7.54,7.55,400,0
GDEV.US,5,20211206,173000,7.78,7.78,7.78,7.78,858,0
GDEV.US,5,20211206,181000,7.6,7.6,7.6,7.6,600,0
GDEV.US,5,20211206,181500,7.4,7.6,7.4,7.6,300,0
GDEV.US,5,20211206,185000,7.55,7.55,7.55,7.55,289,0
GDEV.US,5,20211206,210500,7.55,7.55,7.15,7.15,1000,0
GDEV.US,5,20211206,212000,7.52,7.525,7.52,7.525,200,0
GDEV.US,5,20211206,215500,7.12,7.14,7.11,7.14,573,0
GDEV.US,5,20211207,153500,7.85,7.85,7.85,7.85,300,0
GDEV.US,5,20211207,154000,7.53,7.8,7.53,7.56,124900,0
GDEV.US,5,20211207,163500,7.67,7.67,7.58,7.6,500,0
GDEV.US,5,20211207,164000,7.59,7.75,7.5,7.6599,130200,0
GDEV.US,5,20211207,164500,7.62,7.655,7.62,7.62,1700,0
GDEV.US,5,20211207,165000,7.72,7.72,7.63,7.63,700,0
GDEV.US,5,20211207,165500,7.66,7.75,7.66,7.7,600,0
GDEV.US,5,20211207,170000,7.5444,7.5444,7.43,7.48,790,0
GDEV.US,5,20211207,170500,7.48,7.5,7.48,7.49,623,0
GDEV.US,5,20211207,172000,7.44,7.44,7.44,7.44,100,0
GDEV.US,5,20211207,193000,7.5227,7.5227,7.5227,7.5227,100,0
GDEV.US,5,20211207,193500,7.7,7.78,7.52,7.52,1150,0
GDEV.US,5,20211207,194000,7.5,7.56,7.5,7.5,949,0
GDEV.US,5,20211207,194500,7.6,7.6,7.4,7.4,30200,0
GDEV.US,5,20211207,195000,7.46,7.46,7.45,7.45,30200,0
GDEV.US,5,20211207,195500,7.78,7.78,7.37,7.37,62530,0
GDEV.US,5,20211207,200000,7.5,7.5,7.39,7.39,87341,0
GDEV.US,5,20211207,202500,7.45,7.45,7.39,7.39,1400,0
GDEV.US,5,20211207,203000,7.595,7.6,7.49,7.6,27598,0
GDEV.US,5,20211207,203500,7.4,7.63,7.4,7.63,1000,0
GDEV.US,5,20211207,204000,7.6,7.6,7.45,7.5195,2100,0
GDEV.US,5,20211207,204500,7.52,7.6,7.44,7.44,1800,0
GDEV.US,5,20211207,205000,7.44,7.62,7.43,7.6,3700,0
GDEV.US,5,20211207,205500,7.46,7.52,7.43,7.52,900,0
GDEV.US,5,20211207,210000,7.52,7.5796,7.43,7.44,3400,0
GDEV.US,5,20211207,210500,7.43,7.52,7.375,7.4,6100,0
GDEV.US,5,20211207,211000,7.38,7.5,7.38,7.5,5900,0
GDEV.US,5,20211207,211500,7.6,7.6,7.3706,7.52,2900,0
GDEV.US,5,20211207,212000,7.4,7.44,7.3404,7.38,500,0
GDEV.US,5,20211207,212500,7.55,7.55,7.47,7.47,800,0
GDEV.US,5,20211207,213000,7.375,7.51,7.34,7.36,6600,0
GDEV.US,5,20211207,213500,7.48,7.5,7.34,7.5,3020,0
GDEV.US,5,20211207,214000,7.43,7.5,7.36,7.45,1396,0
GDEV.US,5,20211207,215500,7.59,7.62,7.26,7.26,500,0
GDEV.US,5,20211208,153000,7.48,7.48,7.48,7.48,145,0
GDEV.US,5,20211208,155500,7.56,7.6,7.56,7.6,5709,0
GDEV.US,5,20211208,164500,7.6,7.6,7.47,7.5,1571,0
GDEV.US,5,20211208,165000,7.46,7.59,7.46,7.59,64400,0
GDEV.US,5,20211208,165500,7.52,7.52,7.52,7.52,1100,0
GDEV.US,5,20211208,170000,7.55,7.55,7.55,7.55,100,0
GDEV.US,5,20211208,170500,7.54,7.6,7.5,7.59,1287,0
GDEV.US,5,20211208,171000,7.47,7.47,7.47,7.47,100,0
GDEV.US,5,20211208,173000,7.4803,7.4803,7.4803,7.4803,1000,0
GDEV.US,5,20211208,192000,7.55,7.55,7.55,7.55,470,0
GDEV.US,5,20211208,201000,7.6,7.6,7.6,7.6,110,0
GDEV.US,5,20211208,203500,7.6,7.6,7.6,7.6,400,0
GDEV.US,5,20211208,204000,7.51,7.51,7.51,7.51,200,0
GDEV.US,5,20211208,215500,7.55,7.6,7.5,7.6,665,0
GDEV.US,5,20211209,153000,7.565,7.565,7.565,7.565,121,0
GDEV.US,5,20211209,154500,7.9,7.91,7.9,7.91,400,0
GDEV.US,5,20211209,155000,7.6,7.6,7.6,7.6,100,0
GDEV.US,5,20211209,155500,7.6,7.61,7.6,7.61,200,0
GDEV.US,5,20211209,160000,7.8,7.8,7.65,7.66,62800,0
GDEV.US,5,20211209,172000,7.75,7.85,7.75,7.85,200,0
GDEV.US,5,20211209,172500,7.59,7.7,7.59,7.7,200,0
GDEV.US,5,20211209,180500,7.65,7.65,7.62,7.62,300,0
GDEV.US,5,20211209,192500,7.58,7.58,7.47,7.47,945,0
GDEV.US,5,20211209,205000,7.64,7.64,7.64,7.64,100,0
GDEV.US,5,20211209,210000,7.65,7.65,7.63,7.63,200,0
GDEV.US,5,20211209,210500,7.63,7.63,7.63,7.63,100,0
GDEV.US,5,20211209,211000,7.66,7.66,7.66,7.66,100,0
GDEV.US,5,20211209,211500,7.66,7.66,7.36,7.65,300,0
GDEV.US,5,20211209,212000,7.66,7.66,7.66,7.66,100,0
GDEV.US,5,20211209,212500,7.68,7.69,7.68,7.69,200,0
GDEV.US,5,20211209,213000,7.69,7.69,7.39,7.64,400,0
GDEV.US,5,20211209,213500,7.63,7.69,7.44,7.44,300,0
GDEV.US,5,20211209,214000,7.64,7.64,7.64,7.64,100,0
GDEV.US,5,20211209,214500,7.7,7.7,7.48,7.7,300,0
GDEV.US,5,20211209,215000,7.68,7.7,7.52,7.69,600,0
GDEV.US,5,20211209,215500,7.7,7.7,7.56,7.69,645,0
GDEV.US,5,20211210,153000,7.98,7.98,7.3048,7.3048,306,0
GDEV.US,5,20211210,160500,7.7,7.7,7.7,7.7,400,0
GDEV.US,5,20211210,162000,7.645,7.645,7.645,7.645,172,0
GDEV.US,5,20211210,170500,7.645,7.645,7.645,7.645,100,0
GDEV.US,5,20211210,184500,7.49,7.49,7.49,7.49,100,0
GDEV.US,5,20211210,210000,7.74,7.74,7.74,7.74,100,0
GDEV.US,5,20211210,215500,7.5551,7.8,7.5551,7.58,622,0
GDEV.US,5,20211213,153000,7.3007,7.3007,7.3007,7.3007,122,0
GDEV.US,5,20211213,154000,7.35,7.35,7.2,7.2,1800,0
GDEV.US,5,20211213,200000,7.36,7.36,7.36,7.36,200,0
GDEV.US,5,20211213,202000,7.38,7.38,7.38,7.38,100,0
GDEV.US,5,20211213,203000,7.38,7.4,7.38,7.4,350,0
GDEV.US,5,20211213,213000,7.9,7.9,7.9,7.9,200,0
GDEV.US,5,20211213,214500,7.85,7.89,7.85,7.89,1316,0
GDEV.US,5,20211213,215500,7.737,7.9,7.63,7.63,301,0
GDEV.US,5,20211214,153000,7.1402,7.1402,7.1402,7.1402,101,0
GDEV.US,5,20211214,153500,7.6,7.6,7.6,7.6,100,0
GDEV.US,5,20211214,155500,7.8,7.8,7.65,7.65,200,0
GDEV.US,5,20211214,160000,7.7,7.7,7.46,7.46,200,0
GDEV.US,5,20211214,160500,7.75,7.75,7.75,7.75,100,0
GDEV.US,5,20211214,161000,7.98,8.1,7.82,8.01,3496,0
GDEV.US,5,20211214,161500,7.84,7.84,7.84,7.84,110,0
GDEV.US,5,20211214,173000,7.73,7.73,7.71,7.71,400,0
GDEV.US,5,20211214,174500,7.43,7.43,7.43,7.43,1000,0
GDEV.US,5,20211214,175000,7.58,7.58,7.4,7.4,500,0
GDEV.US,5,20211214,180000,7.6,7.6,7.5,7.5,1500,0
GDEV.US,5,20211214,183000,7.41,7.41,7.41,7.41,100,0
GDEV.US,5,20211214,215500,7.41,7.61,7.41,7.61,271,0
GDEV.US,5,20211215,154500,7.62,7.62,7.6,7.6,200,0
GDEV.US,5,20211215,161500,7.84,7.84,7.84,7.84,100,0
GDEV.US,5,20211215,172500,7.5267,7.5267,7.5267,7.5267,300,0
GDEV.US,5,20211215,173500,7.7,7.7,7.52,7.52,3168,0
GDEV.US,5,20211215,174000,7.53,7.54,7.53,7.54,200,0
GDEV.US,5,20211215,185000,7.5896,7.5896,7.58,7.58,600,0
GDEV.US,5,20211215,191500,7.5801,7.5801,7.58,7.58,370,0
GDEV.US,5,20211215,192500,7.58,7.58,7.58,7.58,100,0
GDEV.US,5,20211215,195500,7.68,7.68,7.68,7.68,100,0
GDEV.US,5,20211215,200500,7.7,7.7,7.5,7.5,2240,0
GDEV.US,5,20211215,201000,7.66,7.66,7.66,7.66,100,0
GDEV.US,5,20211215,210500,7.69,7.7,7.65,7.65,808,0
GDEV.US,5,20211215,214000,7.6,7.6,7.51,7.51,600,0
GDEV.US,5,20211215,215000,7.51,7.51,7.51,7.51,100,0
GDEV.US,5,20211215,215500,7.52,7.52,7.5,7.5,502,0
GDEV.US,5,20211216,153000,7.18,7.18,7.18,7.18,5000,0
GDEV.US,5,20211216,165500,7.42,7.63,7.42,7.63,528,0
GDEV.US,5,20211216,170500,7.7,7.7,7.7,7.7,100,0
GDEV.US,5,20211216,182500,7.35,7.35,7.35,7.35,100,0
GDEV.US,5,20211216,183000,7.35,7.35,7.35,7.35,200,0
GDEV.US,5,20211216,183500,7.34,7.36,7.32,7.35,400,0
GDEV.US,5,20211216,184000,7.32,7.32,7.32,7.32,200,0
GDEV.US,5,20211216,184500,7.32,7.32,7.32,7.32,100,0
GDEV.US,5,20211216,203500,7.34,7.495,7.34,7.495,2500,0
GDEV.US,5,20211216,204000,7.44,7.44,7.44,7.44,100,0
GDEV.US,5,20211216,204500,7.45,7.45,7.39,7.39,2000,0
GDEV.US,5,20211216,205000,7.36,7.36,7.36,7.36,737,0
GDEV.US,5,20211216,215000,7.69,8.5,7.67,8.5,26898,0
GDEV.US,5,20211216,215500,8.54,8.85,8.47,8.75,47532,0
GDEV.US,5,20211217,153000,8.34,8.4,8.34,8.34,476,0
GDEV.US,5,20211217,153500,8.19,8.19,8,8,250,0
GDEV.US,5,20211217,154000,8.2,8.2,8.2,8.2,648,0
GDEV.US,5,20211217,173500,8.01,8.01,8.01,8.01,100,0
GDEV.US,5,20211217,174500,7.93,8.157,7.93,8.157,203,0
GDEV.US,5,20211217,175000,8.09,8.25,8.09,8.25,300,0
GDEV.US,5,20211217,175500,8.08,8.08,8.08,8.08,100,0
GDEV.US,5,20211217,183000,8.2,8.3,8.16,8.3,1407,0
GDEV.US,5,20211217,183500,8.14,8.3,8.14,8.23,500,0
GDEV.US,5,20211217,184000,8.18,8.18,8.18,8.18,132,0
GDEV.US,5,20211217,193500,8.23,8.23,8.23,8.23,200,0
GDEV.US,5,20211217,204000,8.23,8.23,8.23,8.23,100,0
GDEV.US,5,20211217,215500,8.42,8.45,7.96,7.99,1115,0
GDEV.US,5,20211220,153000,8,8,8,8,200,0
GDEV.US,5,20211220,193000,7.98,8,7.94,8,4661,0
GDEV.US,5,20211220,194500,8,8,8,8,2983,0
GDEV.US,5,20211220,215500,7.94,7.94,7.94,7.94,100,0
GDEV.US,5,20211221,161500,7.7702,7.7702,7.7702,7.7702,500,0
GDEV.US,5,20211221,165500,8,8,8,8,100,0
GDEV.US,5,20211221,171000,7.875,7.875,7.865,7.865,500,0
GDEV.US,5,20211221,182500,7.85,7.85,7.85,7.85,100,0
GDEV.US,5,20211221,184000,7.8339,7.8339,7.8339,7.8339,100,0
GDEV.US,5,20211221,184500,7.85,7.85,7.8,7.8,200,0
GDEV.US,5,20211221,185000,7.8,7.81,7.75,7.81,400,0
GDEV.US,5,20211221,185500,7.9027,7.9027,7.9027,7.9027,3015,0
GDEV.US,5,20211221,194000,7.9,7.9,7.9,7.9,100,0
GDEV.US,5,20211221,200000,7.9691,7.9691,7.9691,7.9691,847,0
GDEV.US,5,20211221,201000,7.9,7.9,7.9,7.9,100,0
GDEV.US,5,20211221,205000,7.9,7.9,7.9,7.9,100,0
GDEV.US,5,20211221,211500,7.9,7.9,7.9,7.9,100,0
GDEV.US,5,20211221,213000,7.9,7.9,7.9,7.9,100,0
GDEV.US,5,20211221,214500,7.9839,7.9839,7.9839,7.9839,2138,0
GDEV.US,5,20211221,215500,7.82,7.82,7.8,7.8,617,0
GDEV.US,5,20211222,160000,8,8,7.9,7.9,2403,0
GDEV.US,5,20211222,164500,7.85,7.85,7.79,7.85,2821,0
GDEV.US,5,20211222,165000,7.71,7.71,7.7,7.71,720,0
GDEV.US,5,20211222,174500,7.5049,7.5049,7.5049,7.5049,168,0
GDEV.US,5,20211222,175500,8,8,7.82,7.82,1537,0
GDEV.US,5,20211222,192000,8.09,8.09,8.09,8.09,188,0
GDEV.US,5,20211222,204500,8.2,8.38,8.14,8.2,3170,0
GDEV.US,5,20211222,205000,8.25,8.49,8.06,8.13,6597,0
GDEV.US,5,20211222,205500,8.12,8.375,8.11,8.375,1600,0
GDEV.US,5,20211222,210000,8.22,8.26,8.21,8.21,900,0
GDEV.US,5,20211222,210500,8.17,8.1982,8.17,8.1982,500,0
GDEV.US,5,20211222,211000,8.419,8.419,8.419,8.419,999,0
GDEV.US,5,20211222,212000,8.41,8.41,8.41,8.41,100,0
GDEV.US,5,20211222,212500,8.54,8.54,8.27,8.31,400,0
GDEV.US,5,20211222,215500,8.41,8.41,8.39,8.39,765,0
GDEV.US,5,20211223,153000,8.479,8.479,8.479,8.479,121,0
GDEV.US,5,20211223,154500,8.063,8.063,8.063,8.063,118,0
GDEV.US,5,20211223,172000,8,8,8,8,100,0
GDEV.US,5,20211223,180000,8.0077,8.0077,8.0077,8.0077,2138,0
GDEV.US,5,20211223,213000,8.385,8.385,8.385,8.385,821,0
GDEV.US,5,20211223,215500,8.01,8.01,8.01,8.01,861,0
