<TICKER>,<PER>,<DATE>,<TIME>,<OPEN>,<HIGH>,<LOW>,<CLOSE>,<VOL>,<OPENINT>
GIIXU.US,5,20211108,154500,9.95,9.95,9.95,9.95,100,0
GIIXU.US,5,20211109,195000,10.04,10.04,9.98,10.04,1000,0
GIIXU.US,5,20211109,210000,10.04,10.04,10.04,10.04,100,0
GIIXU.US,5,20211109,210500,10.05,10.05,10.05,10.05,100,0
GIIXU.US,5,20211110,163500,10.05,10.05,10.05,10.05,200,0
GIIXU.US,5,20211110,202500,9.99,9.99,9.98,9.99,578,0
GIIXU.US,5,20211110,211000,9.97,9.97,9.97,9.97,100,0
GIIXU.US,5,20211111,171000,10,10,10,10,100,0
GIIXU.US,5,20211111,202500,10.07,10.07,10.07,10.07,100,0
GIIXU.US,5,20211111,213000,10.06,10.06,10.06,10.06,200,0
GIIXU.US,5,20211111,215000,10.09,10.1,10.09,10.1,12670,0
GIIXU.US,5,20211112,160000,10.04,10.04,10.02,10.02,1000,0
GIIXU.US,5,20211115,170500,10.09,10.09,10.09,10.09,100,0
GIIXU.US,5,20211115,195500,10.09,10.09,10.09,10.09,200,0
GIIXU.US,5,20211115,215000,10.07,10.07,10,10.005,123432,0
GIIXU.US,5,20211115,215500,10.005,10.02,10.005,10.02,13300,0
GIIXU.US,5,20211116,211500,10.03,10.03,10.03,10.03,100,0
GIIXU.US,5,20211117,183500,10.04,10.04,10.04,10.04,100,0
GIIXU.US,5,20211117,191500,10.06,10.06,10.06,10.06,100,0
GIIXU.US,5,20211117,192000,10.06,10.06,10.06,10.06,200,0
GIIXU.US,5,20211117,192500,10.06,10.06,10.06,10.06,300,0
GIIXU.US,5,20211117,193000,10.06,10.06,10.06,10.06,100,0
GIIXU.US,5,20211117,194000,10.06,10.06,10.06,10.06,100,0
GIIXU.US,5,20211117,200000,10.06,10.06,10.06,10.06,100,0
GIIXU.US,5,20211117,212500,10.02,10.03,10.02,10.03,200,0
GIIXU.US,5,20211117,213000,10.03,10.03,10.03,10.03,300,0
GIIXU.US,5,20211117,213500,10.03,10.03,10.03,10.03,400,0
GIIXU.US,5,20211117,214000,10.03,10.03,10.03,10.03,300,0
GIIXU.US,5,20211117,214500,10.03,10.03,10.03,10.03,200,0
GIIXU.US,5,20211117,215000,10.03,10.03,10.03,10.03,200,0
GIIXU.US,5,20211117,215500,10.01,10.01,10.01,10.01,800,0
GIIXU.US,5,20211118,164500,10.09,10.1,10.09,10.1,2400,0
GIIXU.US,5,20211118,165000,10.1,10.1,10.1,10.1,1000,0
GIIXU.US,5,20211118,170500,10.1,10.1,10.1,10.1,1600,0
GIIXU.US,5,20211118,181000,10.1,10.1,10.1,10.1,200,0
GIIXU.US,5,20211118,182500,10.1,10.1,10.1,10.1,600,0
GIIXU.US,5,20211118,183000,10.1,10.1,10.1,10.1,400,0
GIIXU.US,5,20211118,193500,10.02,10.02,10.02,10.02,100,0
GIIXU.US,5,20211118,204500,10.1,10.1,10.1,10.1,4000,0
GIIXU.US,5,20211118,210500,10.09,10.1,10.09,10.092,2200,0
GIIXU.US,5,20211118,211000,10.09,10.09,10.09,10.09,100,0
GIIXU.US,5,20211118,215000,10.09,10.09,10.09,10.09,400,0
GIIXU.US,5,20211119,163500,10.09,10.09,10.09,10.09,169,0
GIIXU.US,5,20211119,190500,10.08,10.09,10.08,10.09,200,0
GIIXU.US,5,20211122,162500,10.09,10.09,10.09,10.09,100,0
GIIXU.US,5,20211122,211000,10.07,10.07,10.07,10.07,100,0
GIIXU.US,5,20211124,160500,10.13,10.13,10.13,10.13,100,0
GIIXU.US,5,20211124,211500,10.085,10.085,10.085,10.085,100,0
GIIXU.US,5,20211126,155500,10.15,10.15,10.15,10.15,10280,0
GIIXU.US,5,20211126,160500,10.15,10.15,10.15,10.15,1100,0
GIIXU.US,5,20211126,162500,10.15,10.15,10.15,10.15,800,0
GIIXU.US,5,20211126,164500,10.145,10.15,10.145,10.15,500,0
GIIXU.US,5,20211126,184500,10.14,10.14,10.14,10.14,120,0
GIIXU.US,5,20211129,155500,10.11,10.114,10.11,10.114,400,0
GIIXU.US,5,20211129,211500,10.09,10.09,10.09,10.09,100,0
GIIXU.US,5,20211129,212500,10.115,10.14,10.115,10.14,400,0
GIIXU.US,5,20211201,215500,10.065,10.065,10.065,10.065,100,0
GIIXU.US,5,20211203,155500,10.03,10.03,10.03,10.03,100,0
GIIXU.US,5,20211207,191000,10.0247,10.0247,10.0247,10.0247,20000,0
GIIXU.US,5,20211207,215500,10.02,10.02,10.02,10.02,100,0
GIIXU.US,5,20211208,174000,10.07,10.08,10.07,10.08,400,0
GIIXU.US,5,20211208,211500,10.07,10.07,10.07,10.07,200,0
GIIXU.US,5,20211209,154000,10.05,10.05,10.05,10.05,200,0
GIIXU.US,5,20211209,214500,10.04,10.04,10.04,10.04,100,0
GIIXU.US,5,20211210,215500,10.04,10.04,10.04,10.04,100,0
GIIXU.US,5,20211213,153000,10.05,10.05,10.05,10.05,200,0
GIIXU.US,5,20211213,162000,10.02,10.03,10.02,10.03,1000,0
GIIXU.US,5,20211214,153000,10.14,10.15,10.14,10.15,1400,0
GIIXU.US,5,20211214,154000,10.1104,10.1104,10.1104,10.1104,100,0
GIIXU.US,5,20211214,154500,10.13,10.13,10.13,10.13,295,0
GIIXU.US,5,20211214,160000,10.1204,10.13,10.1,10.11,8000,0
GIIXU.US,5,20211214,161000,10.115,10.13,10.115,10.13,18674,0
GIIXU.US,5,20211214,161500,10.13,10.14,10.12,10.13,19581,0
GIIXU.US,5,20211214,162000,10.13,10.14,10.1298,10.13,7925,0
GIIXU.US,5,20211214,163000,10.13,10.14,10.125,10.13,8025,0
GIIXU.US,5,20211214,164000,10.13,10.15,10.13,10.15,25389,0
GIIXU.US,5,20211214,170500,10.165,10.19,10.165,10.19,10859,0
GIIXU.US,5,20211214,171000,10.1995,10.2,10.1995,10.1995,1975,0
GIIXU.US,5,20211214,171500,10.17,10.17,10.17,10.17,100,0
GIIXU.US,5,20211214,172500,10.2,10.2,10.19,10.2,13500,0
GIIXU.US,5,20211214,173000,10.25,10.25,10.25,10.25,197,0
GIIXU.US,5,20211214,173500,10.225,10.225,10.225,10.225,1300,0
GIIXU.US,5,20211214,174000,10.225,10.2495,10.225,10.24,2775,0
GIIXU.US,5,20211214,174500,10.2,10.21,10.2,10.2,1000,0
GIIXU.US,5,20211214,175000,10.2,10.2,10.2,10.2,100,0
GIIXU.US,5,20211214,182500,10.23,10.24,10.21,10.24,1100,0
GIIXU.US,5,20211214,183000,10.23,10.23,10.22,10.22,2850,0
GIIXU.US,5,20211214,183500,10.22,10.23,10.22,10.22,8950,0
GIIXU.US,5,20211214,184000,10.22,10.23,10.22,10.22,8811,0
GIIXU.US,5,20211214,184500,10.24,10.24,10.225,10.24,11087,0
GIIXU.US,5,20211214,192500,10.23,10.23,10.23,10.23,1800,0
GIIXU.US,5,20211214,193000,10.25,10.25,10.235,10.25,5992,0
GIIXU.US,5,20211214,195000,10.2201,10.2201,10.2201,10.2201,100,0
GIIXU.US,5,20211214,195500,10.225,10.2532,10.225,10.2532,14493,0
GIIXU.US,5,20211214,200500,10.24,10.25,10.24,10.25,900,0
GIIXU.US,5,20211214,201000,10.25,10.25,10.25,10.25,1600,0
GIIXU.US,5,20211214,202000,10.24,10.25,10.23,10.23,1615,0
GIIXU.US,5,20211214,204500,10.24,10.24,10.24,10.24,604,0
GIIXU.US,5,20211214,205500,10.24,10.24,10.2301,10.24,3180,0
GIIXU.US,5,20211214,210000,10.24,10.26,10.235,10.24,10807,0
GIIXU.US,5,20211214,210500,10.24,10.24,10.24,10.24,1300,0
GIIXU.US,5,20211214,211000,10.24,10.25,10.235,10.25,3325,0
GIIXU.US,5,20211214,211500,10.25,10.25,10.25,10.25,1000,0
GIIXU.US,5,20211214,212000,10.25,10.25,10.25,10.25,1700,0
GIIXU.US,5,20211214,212500,10.25,10.25,10.25,10.25,1300,0
GIIXU.US,5,20211214,213500,10.24,10.26,10.24,10.26,3400,0
GIIXU.US,5,20211214,214000,10.23,10.24,10.22,10.22,17914,0
GIIXU.US,5,20211214,214500,10.24,10.25,10.24,10.24,4228,0
GIIXU.US,5,20211214,215000,10.24,10.24,10.24,10.24,2351,0
GIIXU.US,5,20211214,215500,10.24,10.25,10.24,10.24,13977,0
GIIXU.US,5,20211215,153000,10.24,10.3,10.24,10.3,4600,0
GIIXU.US,5,20211215,155500,10.25,10.25,10.25,10.25,400,0
GIIXU.US,5,20211215,160000,10.25,10.27,10.25,10.255,5500,0
GIIXU.US,5,20211215,160500,10.24,10.24,10.24,10.24,900,0
GIIXU.US,5,20211215,161000,10.25,10.25,10.24,10.25,1400,0
GIIXU.US,5,20211215,161500,10.26,10.26,10.25,10.25,1500,0
GIIXU.US,5,20211215,162000,10.25,10.25,10.25,10.25,600,0
GIIXU.US,5,20211215,163000,10.26,10.26,10.26,10.26,200,0
GIIXU.US,5,20211215,164000,10.26,10.26,10.26,10.26,100,0
GIIXU.US,5,20211215,165000,10.25,10.25,10.25,10.25,400,0
GIIXU.US,5,20211215,165500,10.25,10.255,10.25,10.255,3500,0
GIIXU.US,5,20211215,170000,10.26,10.26,10.26,10.26,100,0
GIIXU.US,5,20211215,171500,10.26,10.3,10.26,10.3,29896,0
GIIXU.US,5,20211215,172000,10.275,10.3,10.275,10.3,10497,0
GIIXU.US,5,20211215,174000,10.3,10.3,10.3,10.3,1090,0
GIIXU.US,5,20211215,175000,10.295,10.3316,10.295,10.3316,8400,0
GIIXU.US,5,20211215,175500,10.33,10.34,10.33,10.34,10513,0
GIIXU.US,5,20211215,180000,10.33,10.45,10.33,10.45,23666,0
GIIXU.US,5,20211215,180500,10.4,10.4,10.4,10.4,304,0
GIIXU.US,5,20211215,181500,10.5,10.5152,10.465,10.5,26765,0
GIIXU.US,5,20211215,182000,10.4439,10.4439,10.42,10.42,2374,0
GIIXU.US,5,20211215,182500,10.42,10.42,10.42,10.42,100,0
GIIXU.US,5,20211215,183000,10.42,10.42,10.42,10.42,3100,0
GIIXU.US,5,20211215,190000,10.385,10.4,10.385,10.4,1000,0
GIIXU.US,5,20211215,192000,10.34,10.34,10.34,10.34,450,0
GIIXU.US,5,20211215,200500,10.35,10.375,10.35,10.375,7300,0
GIIXU.US,5,20211215,201000,10.38,10.41,10.38,10.39,1300,0
GIIXU.US,5,20211215,201500,10.39,10.39,10.39,10.39,500,0
GIIXU.US,5,20211215,203000,10.4,10.41,10.4,10.41,1001,0
GIIXU.US,5,20211215,211000,10.3618,10.3618,10.3618,10.3618,1000,0
GIIXU.US,5,20211215,211500,10.33,10.37,10.33,10.3347,1086,0
GIIXU.US,5,20211215,212000,10.37,10.37,10.3662,10.3662,785,0
GIIXU.US,5,20211215,213500,10.355,10.37,10.355,10.37,2700,0
GIIXU.US,5,20211215,214000,10.37,10.37,10.37,10.37,5200,0
GIIXU.US,5,20211215,215000,10.35,10.37,10.35,10.35,720,0
GIIXU.US,5,20211215,215500,10.37,10.37,10.37,10.37,284,0
GIIXU.US,5,20211216,153000,10.5,10.5,10.5,10.5,776,0
GIIXU.US,5,20211216,154000,10.4999,10.5,10.4999,10.4999,1400,0
GIIXU.US,5,20211216,161500,10.45,10.4882,10.45,10.45,1325,0
GIIXU.US,5,20211216,162000,10.45,10.48,10.45,10.45,1200,0
GIIXU.US,5,20211216,162500,10.41,10.41,10.41,10.41,400,0
GIIXU.US,5,20211216,163500,10.44,10.44,10.44,10.44,200,0
GIIXU.US,5,20211216,165000,10.425,10.425,10.425,10.425,1000,0
GIIXU.US,5,20211216,165500,10.4499,10.4499,10.44,10.44,1100,0
GIIXU.US,5,20211216,173500,10.4,10.4,10.4,10.4,200,0
GIIXU.US,5,20211216,185500,10.4234,10.4234,10.4234,10.4234,100,0
GIIXU.US,5,20211216,190500,10.4,10.4,10.4,10.4,2885,0
GIIXU.US,5,20211216,200500,10.375,10.375,10.375,10.375,100,0
GIIXU.US,5,20211216,205000,10.4,10.4,10.4,10.4,902,0
GIIXU.US,5,20211216,211000,10.36,10.36,10.36,10.36,100,0
GIIXU.US,5,20211216,212000,10.4,10.4,10.4,10.4,4400,0
GIIXU.US,5,20211216,212500,10.4,10.43,10.4,10.43,12743,0
GIIXU.US,5,20211216,213000,10.43,10.44,10.43,10.43,2978,0
GIIXU.US,5,20211216,213500,10.43,10.43,10.43,10.43,3500,0
GIIXU.US,5,20211216,214000,10.43,10.45,10.43,10.45,5550,0
GIIXU.US,5,20211216,214500,10.43,10.43,10.43,10.43,4476,0
GIIXU.US,5,20211216,215000,10.42,10.42,10.42,10.42,815,0
GIIXU.US,5,20211216,215500,10.435,10.44,10.4,10.4,796,0
GIIXU.US,5,20211217,153000,10.37,10.375,10.37,10.37,3000,0
GIIXU.US,5,20211217,154000,10.4,10.4,10.4,10.4,900,0
GIIXU.US,5,20211217,155000,10.43,10.43,10.43,10.43,2300,0
GIIXU.US,5,20211217,155500,10.41,10.41,10.41,10.41,100,0
GIIXU.US,5,20211217,161000,10.49,10.49,10.44,10.44,200,0
GIIXU.US,5,20211217,161500,10.44,10.44,10.44,10.44,100,0
GIIXU.US,5,20211217,162000,10.44,10.44,10.4344,10.44,1400,0
GIIXU.US,5,20211217,163000,10.44,10.44,10.44,10.44,1400,0
GIIXU.US,5,20211217,164500,10.44,10.44,10.43,10.43,2300,0
GIIXU.US,5,20211217,165000,10.44,10.44,10.44,10.44,600,0
GIIXU.US,5,20211217,171500,10.44,10.44,10.44,10.44,3800,0
GIIXU.US,5,20211217,172500,10.46,10.46,10.46,10.46,161,0
GIIXU.US,5,20211217,173500,10.46,10.46,10.46,10.46,790,0
GIIXU.US,5,20211217,174000,10.46,10.46,10.46,10.46,700,0
GIIXU.US,5,20211217,174500,10.46,10.46,10.46,10.46,200,0
GIIXU.US,5,20211217,175000,10.46,10.46,10.46,10.46,400,0
GIIXU.US,5,20211217,175500,10.46,10.46,10.46,10.46,400,0
GIIXU.US,5,20211217,180000,10.46,10.46,10.46,10.46,400,0
GIIXU.US,5,20211217,180500,10.46,10.46,10.46,10.46,400,0
GIIXU.US,5,20211217,181000,10.46,10.46,10.46,10.46,900,0
GIIXU.US,5,20211217,181500,10.46,10.46,10.46,10.46,400,0
GIIXU.US,5,20211217,182000,10.46,10.46,10.46,10.46,400,0
GIIXU.US,5,20211217,182500,10.46,10.46,10.46,10.46,902,0
GIIXU.US,5,20211217,183000,10.46,10.51,10.46,10.5,19160,0
GIIXU.US,5,20211217,184000,10.5002,10.5002,10.5,10.5,1776,0
GIIXU.US,5,20211217,184500,10.5,10.5,10.5,10.5,900,0
GIIXU.US,5,20211217,185000,10.5,10.5,10.5,10.5,400,0
GIIXU.US,5,20211217,185500,10.5,10.5,10.5,10.5,792,0
GIIXU.US,5,20211217,190000,10.5,10.5,10.5,10.5,400,0
GIIXU.US,5,20211217,190500,10.5,10.5,10.47,10.47,3659,0
GIIXU.US,5,20211217,191000,10.47,10.47,10.47,10.47,400,0
GIIXU.US,5,20211217,191500,10.47,10.47,10.47,10.47,200,0
GIIXU.US,5,20211217,192000,10.47,10.47,10.46,10.46,400,0
GIIXU.US,5,20211217,193000,10.46,10.46,10.46,10.46,800,0
GIIXU.US,5,20211217,194000,10.46,10.46,10.46,10.46,400,0
GIIXU.US,5,20211217,194500,10.46,10.46,10.46,10.46,400,0
GIIXU.US,5,20211217,195000,10.46,10.46,10.46,10.46,300,0
GIIXU.US,5,20211217,195500,10.46,10.46,10.46,10.46,300,0
GIIXU.US,5,20211217,200000,10.46,10.46,10.46,10.46,400,0
GIIXU.US,5,20211217,200500,10.46,10.47,10.46,10.47,400,0
GIIXU.US,5,20211217,201000,10.46,10.46,10.46,10.46,100,0
GIIXU.US,5,20211217,201500,10.46,10.47,10.46,10.47,700,0
GIIXU.US,5,20211217,202000,10.46,10.46,10.46,10.46,400,0
GIIXU.US,5,20211217,202500,10.46,10.46,10.46,10.46,400,0
GIIXU.US,5,20211217,203000,10.46,10.46,10.46,10.46,300,0
GIIXU.US,5,20211217,205500,10.46,10.46,10.46,10.46,1500,0
GIIXU.US,5,20211217,210000,10.46,10.46,10.46,10.46,500,0
GIIXU.US,5,20211217,210500,10.46,10.47,10.46,10.46,499,0
GIIXU.US,5,20211217,211000,10.46,10.47,10.46,10.46,600,0
GIIXU.US,5,20211217,211500,10.46,10.47,10.46,10.47,1400,0
GIIXU.US,5,20211217,212500,10.46,10.46,10.46,10.46,400,0
GIIXU.US,5,20211217,213000,10.46,10.46,10.46,10.46,500,0
GIIXU.US,5,20211217,213500,10.46,10.46,10.46,10.46,1978,0
GIIXU.US,5,20211217,214000,10.46,10.46,10.46,10.46,3854,0
GIIXU.US,5,20211217,214500,10.46,10.46,10.46,10.46,300,0
GIIXU.US,5,20211217,215000,10.46,10.47,10.46,10.46,17273,0
GIIXU.US,5,20211217,215500,10.46,10.46,10.46,10.46,4750,0
GIIXU.US,5,20211220,165500,10.38,10.38,10.38,10.38,200,0
GIIXU.US,5,20211220,173000,10.39,10.39,10.39,10.39,200,0
GIIXU.US,5,20211220,174000,10.38,10.38,10.38,10.38,5200,0
GIIXU.US,5,20211220,182500,10.38,10.38,10.38,10.38,100,0
GIIXU.US,5,20211220,192500,10.42,10.42,10.42,10.42,1000,0
GIIXU.US,5,20211220,193000,10.42,10.43,10.42,10.43,12868,0
GIIXU.US,5,20211220,193500,10.43,10.43,10.42,10.43,3300,0
GIIXU.US,5,20211220,194000,10.43,10.43,10.42,10.42,2700,0
GIIXU.US,5,20211220,194500,10.42,10.43,10.42,10.42,1400,0
GIIXU.US,5,20211220,195000,10.43,10.43,10.42,10.42,4100,0
GIIXU.US,5,20211220,195500,10.43,10.43,10.42,10.43,1800,0
GIIXU.US,5,20211220,200000,10.43,10.43,10.43,10.43,500,0
GIIXU.US,5,20211220,200500,10.43,10.43,10.43,10.43,600,0
GIIXU.US,5,20211220,201000,10.43,10.43,10.43,10.43,400,0
GIIXU.US,5,20211220,210000,10.46,10.49,10.46,10.48,2900,0
GIIXU.US,5,20211220,215000,10.5,10.5,10.5,10.5,1000,0
GIIXU.US,5,20211221,170500,10.46,10.46,10.46,10.46,238,0
GIIXU.US,5,20211221,201000,10.45,10.45,10.45,10.45,1000,0
GIIXU.US,5,20211221,212000,10.42,10.42,10.42,10.42,100,0
GIIXU.US,5,20211222,172000,10.41,10.41,10.399,10.41,1300,0
GIIXU.US,5,20211222,173000,10.39,10.39,10.38,10.39,9086,0
GIIXU.US,5,20211222,174000,10.385,10.385,10.385,10.385,1800,0
GIIXU.US,5,20211222,190000,10.39,10.39,10.39,10.39,204,0
GIIXU.US,5,20211222,200500,10.39,10.39,10.38,10.39,4000,0
GIIXU.US,5,20211222,205500,10.39,10.39,10.39,10.39,200,0
GIIXU.US,5,20211222,210000,10.375,10.375,10.37,10.37,2400,0
GIIXU.US,5,20211222,211000,10.39,10.39,10.39,10.39,1104,0
GIIXU.US,5,20211222,212000,10.39,10.39,10.39,10.39,676,0
GIIXU.US,5,20211223,153000,10.37,10.3936,10.37,10.3936,982,0
GIIXU.US,5,20211223,184500,10.41,10.41,10.41,10.41,200,0
GIIXU.US,5,20211223,193000,10.4343,10.4343,10.4343,10.4343,200,0
GIIXU.US,5,20211223,194000,10.4343,10.4343,10.4343,10.4343,100,0
GIIXU.US,5,20211223,200500,10.43,10.43,10.42,10.42,5860,0
GIIXU.US,5,20211223,201000,10.42,10.42,10.42,10.42,11306,0
GIIXU.US,5,20211223,203500,10.42,10.42,10.42,10.42,975,0
GIIXU.US,5,20211223,204000,10.39,10.39,10.39,10.39,463,0
GIIXU.US,5,20211223,212000,10.39,10.39,10.39,10.39,100,0
